[0, 3, 4, 6, 7, 8, 10, 14, 15, 16, 18]
[0, 1, 2, 3, 4, 6, 7, 9, 10, 11, 12, 13, 15, 16, 18]
[0, 3, 4, 5, 6, 7, 9, 13, 15, 17, 18]
[0, 1, 2, 3, 4, 5, 8, 14, 15, 17, 18]
[0, 1, 4, 10, 13, 15, 16]
[0, 3, 4, 5, 6, 11, 13, 15, 16]
[0, 1, 2, 3, 4, 10, 13, 15, 16, 17, 18]
[0, 3, 4, 5, 6, 7, 8, 11, 12, 15, 16, 17, 18]
[0, 1, 4, 6, 7, 10, 11, 15, 17]
[0, 1, 2, 3, 4, 5, 6, 7, 8, 11, 13, 15, 17]
[0, 1, 4, 5, 6, 11, 12, 15, 17]
[0, 1, 2, 3, 4, 6, 8, 10, 11, 12, 13, 15, 17]
[0, 1, 2, 3, 4, 6, 8, 10, 13, 15, 16]
[0, 1, 2, 3, 4, 5, 8, 11, 13, 15, 16]
[0, 1, 4, 5, 6, 12, 13, 15, 16]
[0, 3, 4, 5, 6, 7, 8, 12, 13, 15, 16]
[0, 1, 2, 3, 4, 10, 11, 12, 13, 15, 16]
[0, 3, 4, 7, 8, 10, 11, 12, 13, 15, 16]
[0, 1, 4, 6, 7, 10, 13, 15, 16, 17, 18]
[0, 1, 4, 10, 11, 15, 16, 17, 18]
[0, 3, 4, 7, 8, 10, 11, 15, 16, 17, 18]
[0, 3, 4, 5, 6, 12, 13, 15, 16, 17, 18]
[0, 1, 2, 3, 4, 5, 6, 7, 8, 12, 13, 15, 16, 17, 18]
[0, 1, 4, 5, 8, 11, 12, 15, 16, 17, 18]
[0, 3, 4, 5, 6, 15, 17]
[0, 3, 4, 5, 6, 7, 8, 15, 17]
[0, 1, 2, 3, 4, 6, 7, 10, 12, 15, 17]
[0, 1, 4, 6, 8, 10, 12, 15, 17]
[0, 1, 2, 3, 4, 5, 7, 8, 13, 14, 15]
[0, 3, 4, 5, 6, 8, 11, 12, 13, 14, 15]
[0, 1, 2, 3, 4, 6, 9, 10, 11, 12, 15, 16, 18]
[0, 3, 4, 6, 9, 10, 11, 12, 15, 17, 18]
[0, 1, 2, 3, 4, 6, 8, 9, 10, 11, 15, 16, 18]
[0, 3, 4, 7, 10, 11, 13, 14, 15, 16, 18]
[0, 3, 4, 6, 9, 10, 12, 13, 15, 16, 18]
[0, 1, 2, 3, 4, 5, 7, 8, 12, 14, 15, 16, 18]
[0, 1, 2, 3, 4, 6, 9, 10, 11, 13, 15, 17, 18]
[0, 3, 4, 5, 7, 8, 9, 11, 15, 17, 18]
[0, 1, 2, 3, 4, 5, 7, 12, 13, 14, 15, 17, 18]
[0, 3, 4, 5, 6, 8, 12, 14, 15, 17, 18]
[0, 1, 4, 9, 10, 12, 15, 16, 18]
[0, 1, 4, 6, 10, 11, 12, 14, 15, 16, 18]
[0, 1, 4, 5, 9, 12, 15, 17, 18]
[0, 1, 4, 5, 6, 11, 12, 14, 15, 17, 18]
[0, 1, 4, 10, 13, 15]
[0, 3, 4, 5, 9, 13, 14, 15]
[0, 3, 4, 8, 9, 10, 14, 15]
[0, 2, 4, 7, 8, 10, 11, 15]
[0, 2, 4, 5, 6, 7, 8, 9, 11, 13, 14, 15, 16, 18]
[0, 3, 4, 7, 8, 9, 10, 12, 14, 15, 16, 18]
[0, 2, 4, 6, 9, 10, 11, 12, 14, 15, 16, 18]
[0, 3, 4, 6, 7, 8, 9, 10, 14, 15, 17, 18]
[0, 3, 4, 5, 9, 11, 12, 13, 14, 15, 17, 18]
[0, 3, 4, 5, 6, 8, 9, 13, 14, 15, 16, 17]
[0, 2, 4, 6, 7, 10, 11, 15, 16, 17]
[0, 1, 2, 3, 4, 5, 9, 11, 14, 15, 16, 17]
[0, 2, 4, 5, 8, 9, 11, 13, 14, 15, 16, 17]
[0, 3, 4, 8, 9, 10, 11, 13, 14, 15, 16, 17]
[0, 3, 4, 5, 7, 12, 13, 15, 16, 17]
[0, 1, 4, 6, 9, 10, 12, 13, 14, 15, 16, 17]
[0, 2, 4, 5, 6, 8, 9, 11, 12, 13, 14, 15, 16, 17]
[0, 1, 2, 3, 4, 5, 6, 7, 8, 9, 11, 12, 14, 15, 16, 17]
[0, 3, 4, 6, 7, 9, 10, 13, 14, 15, 16]
[0, 2, 4, 5, 7, 9, 11, 13, 14, 15, 16]
[0, 2, 4, 9, 10, 12, 14, 15, 16]
[0, 1, 4, 5, 6, 9, 11, 12, 14, 15, 16]
[0, 1, 2, 3, 4, 6, 10, 15, 18]
[0, 2, 4, 5, 6, 8, 13, 15, 18]
[0, 2, 4, 5, 6, 7, 9, 13, 14, 15, 18]
[0, 1, 4, 6, 7, 8, 9, 10, 14, 15, 18]
[0, 1, 2, 3, 4, 7, 10, 12, 13, 15, 18]
[0, 1, 2, 3, 4, 5, 7, 8, 12, 15, 18]
[0, 1, 4, 7, 9, 10, 12, 13, 14, 15, 18]
[0, 1, 4, 5, 7, 8, 9, 12, 14, 15, 18]
[0, 3, 4, 6, 8, 9, 10, 13, 14, 15, 16, 17, 18]
[0, 1, 2, 3, 4, 5, 6, 7, 8, 9, 11, 13, 14, 15, 16, 17, 18]
[0, 2, 4, 9, 10, 12, 14, 15, 16, 17, 18]
[0, 2, 4, 5, 7, 9, 11, 12, 14, 15, 16, 17, 18]
[0, 2, 4, 6, 9, 10, 14, 15]
[0, 2, 4, 6, 7, 9, 10, 13, 14, 15]
[0, 2, 4, 5, 6, 7, 8, 9, 14, 15]
[0, 2, 4, 5, 6, 8, 9, 12, 14, 15, 16, 18]
[0, 1, 4, 5, 6, 7, 8, 9, 14, 15, 16, 17]
[0, 2, 4, 6, 7, 10, 12, 15, 16, 17]
[0, 1, 2, 3, 4, 5, 6, 7, 8, 12, 13, 15, 16, 17]
[0, 2, 4, 5, 6, 7, 8, 12, 13, 15, 16, 17]
[0, 1, 2, 3, 4, 7, 8, 10, 11, 12, 13, 15, 16, 17]
[0, 1, 4, 9, 10, 11, 12, 13, 14, 15, 16, 17]
[0, 1, 4, 5, 13, 15, 18]
[0, 1, 4, 8, 10, 15, 18]
[0, 1, 2, 3, 4, 5, 9, 13, 14, 15, 18]
[0, 1, 2, 3, 4, 8, 9, 10, 14, 15, 18]
[0, 2, 4, 5, 7, 9, 11, 13, 14, 15, 18]
[0, 1, 4, 7, 8, 9, 10, 11, 14, 15, 18]
[0, 2, 4, 5, 12, 15, 18]
[0, 3, 4, 8, 10, 12, 13, 15, 18]
[0, 2, 4, 5, 9, 12, 14, 15, 18]
[0, 3, 4, 8, 9, 10, 12, 13, 14, 15, 18]
[0, 2, 4, 5, 7, 9, 11, 12, 14, 15, 18]
[0, 1, 2, 3, 4, 7, 8, 9, 10, 11, 12, 13, 14, 15, 18]
[0, 1, 4, 5, 6, 9, 14, 15, 17]
[0, 1, 2, 3, 4, 5, 6, 7, 8, 9, 14, 15, 17]
[0, 1, 4, 5, 8, 9, 11, 13, 14, 15, 17]
[0, 2, 4, 7, 8, 9, 10, 11, 14, 15, 17]
[0, 2, 4, 6, 7, 9, 10, 12, 14, 15, 17]
[0, 2, 4, 6, 8, 9, 10, 12, 14, 15, 17]
[0, 1, 2, 3, 4, 5, 8, 9, 11, 12, 14, 15, 17]
[0, 2, 4, 7, 8, 9, 10, 11, 12, 13, 14, 15, 17]
[0, 1, 2, 3, 4, 5, 7, 8, 9, 13, 14, 15]
[0, 1, 4, 6, 7, 8, 9, 10, 11, 13, 14, 15, 16, 17]
[0, 2, 4, 5, 11, 15, 18]
[0, 1, 2, 3, 4, 8, 10, 11, 13, 15, 18]
[0, 2, 4, 6, 10, 12, 13, 15, 18]
[0, 1, 4, 5, 6, 8, 12, 15, 18]
[0, 1, 2, 3, 4, 5, 6, 7, 9, 12, 14, 15, 18]
[0, 2, 4, 6, 7, 8, 9, 10, 12, 13, 14, 15, 18]
[0, 2, 4, 5, 9, 11, 12, 13, 14, 15, 18]
[0, 1, 4, 8, 9, 10, 11, 12, 14, 15, 18]
[0, 2, 4, 5, 9, 11, 14, 15]
[0, 2, 4, 6, 8, 10, 12, 15]
[0, 1, 2, 3, 4, 5, 9, 12, 14, 15]
[0, 3, 4, 5, 6, 7, 9, 12, 14, 15]
[0, 2, 4, 5, 6, 8, 9, 12, 14, 15]
[0, 2, 4, 5, 6, 7, 8, 11, 12, 15]
[0, 1, 2, 3, 4, 5, 6, 7, 9, 13, 14, 15, 16, 18]
[0, 1, 2, 3, 4, 6, 7, 8, 9, 10, 14, 15, 16, 18]
[0, 2, 4, 7, 9, 10, 11, 13, 14, 15, 16, 18]
[0, 2, 4, 6, 7, 9, 10, 11, 12, 13, 14, 15, 17, 18]
[0, 2, 4, 5, 6, 9, 14, 15, 16, 17]
[0, 2, 4, 6, 9, 10, 14, 15, 16, 17]
[0, 1, 4, 5, 9, 11, 14, 15, 16, 17]
[0, 1, 4, 8, 9, 10, 11, 13, 14, 15, 16, 17]
[0, 3, 4, 6, 9, 10, 12, 13, 14, 15, 16, 17]
[0, 1, 4, 6, 9, 10, 11, 12, 14, 15, 16, 17]
[0, 2, 4, 6, 10, 15, 16]
[0, 2, 4, 5, 11, 15, 16]
[0, 2, 4, 6, 7, 8, 9, 10, 14, 15, 16, 17, 18]
[0, 2, 4, 5, 9, 11, 12, 13, 14, 15, 16, 17, 18]
[0, 1, 4, 5, 7, 9, 12, 13, 14, 15]
[0, 1, 2, 3, 4, 5, 6, 7, 9, 11, 12, 13, 14, 15]
[0, 1, 4, 8, 9, 10, 14, 15, 16, 18]
[0, 2, 4, 6, 7, 10, 11, 15, 16, 18]
[0, 2, 4, 5, 6, 7, 8, 11, 13, 15, 16, 18]
[0, 1, 2, 3, 4, 6, 8, 10, 11, 15, 16, 17]
[0, 3, 4, 6, 7, 9, 10, 11, 14, 15, 16, 17]
[0, 2, 4, 6, 7, 9, 10, 11, 14, 15, 16, 17]
[0, 1, 2, 3, 4, 5, 8, 9, 11, 13, 14, 15, 16, 17]
[0, 2, 4, 5, 6, 7, 8, 9, 11, 13, 14, 15, 16, 17]
[0, 1, 4, 6, 8, 10, 12, 15, 16, 17]
[0, 3, 4, 5, 6, 11, 12, 15, 16, 17]
[0, 2, 4, 6, 8, 9, 10, 12, 14, 15, 16]
[0, 3, 4, 5, 8, 9, 11, 12, 14, 15, 16]
[0, 2, 4, 6, 10, 11, 13, 15, 18]
[0, 2, 4, 5, 6, 8, 11, 15, 18]
[0, 1, 2, 3, 4, 5, 7, 9, 11, 13, 14, 15, 18]
[0, 3, 4, 7, 8, 9, 10, 11, 14, 15, 18]
[0, 1, 2, 3, 4, 5, 6, 9, 12, 13, 14, 15, 18]
[0, 2, 4, 5, 6, 9, 12, 13, 14, 15, 18]
[0, 3, 4, 6, 7, 9, 10, 12, 14, 15, 18]
[0, 1, 2, 3, 4, 6, 7, 9, 10, 12, 14, 15, 18]
[0, 1, 4, 6, 8, 9, 10, 12, 14, 15, 18]
[0, 3, 4, 6, 8, 9, 10, 12, 14, 15, 18]
[0, 1, 4, 5, 6, 7, 8, 9, 12, 13, 14, 15, 18]
[0, 2, 4, 5, 6, 7, 8, 9, 12, 13, 14, 15, 18]
[0, 2, 4, 5, 6, 7, 9, 11, 12, 13, 14, 15, 18]
[0, 1, 4, 5, 7, 9, 11, 12, 14, 15, 18]
[0, 2, 4, 6, 7, 8, 9, 10, 11, 12, 14, 15, 18]
[0, 3, 4, 7, 8, 9, 10, 11, 12, 13, 14, 15, 18]
[0, 3, 4, 5, 8, 9, 11, 13, 14, 15, 16, 17, 18]
[0, 2, 4, 6, 7, 9, 10, 12, 14, 15, 16, 17, 18]
[0, 3, 4, 6, 7, 8, 9, 10, 12, 13, 14, 15]
[0, 1, 4, 5, 6, 7, 9, 12, 14, 15, 16, 18]
[0, 1, 2, 3, 4, 5, 6, 9, 14, 15, 16, 17]
[0, 1, 2, 3, 4, 6, 8, 9, 10, 13, 14, 15, 16, 17]
[0, 1, 4, 5, 7, 11, 13, 15, 16, 17]
[0, 1, 4, 7, 8, 10, 11, 15, 16, 17]
[0, 3, 4, 5, 6, 7, 9, 11, 14, 15, 16, 17]
[0, 1, 2, 3, 4, 7, 9, 10, 11, 13, 14, 15, 16, 17]
[0, 3, 4, 5, 6, 8, 9, 12, 14, 15, 16, 17]
[0, 2, 4, 5, 6, 7, 8, 11, 12, 15, 16, 17]
[0, 3, 4, 6, 9, 10, 11, 12, 14, 15, 16, 17]
[0, 2, 4, 6, 7, 9, 10, 11, 12, 13, 14, 15, 16, 17]
[0, 1, 4, 5, 8, 9, 14, 15, 16]
[0, 3, 4, 6, 8, 9, 10, 11, 14, 15, 16]
[0, 1, 4, 6, 10, 12, 13, 15, 18]
[0, 2, 4, 5, 6, 8, 12, 15, 18]
[0, 2, 4, 5, 6, 7, 9, 12, 14, 15, 18]
[0, 1, 2, 3, 4, 6, 7, 8, 9, 10, 12, 13, 14, 15, 18]
[0, 1, 2, 3, 4, 5, 8, 9, 14, 15, 16, 17, 18]
[0, 3, 4, 6, 7, 9, 10, 11, 12, 13, 14, 15, 16, 17, 18]
[0, 2, 4, 5, 7, 8, 13, 15, 17]
[0, 2, 4, 5, 7, 8, 9, 13, 14, 15, 17]
[0, 2, 4, 8, 10, 12, 13, 15, 17]
[0, 2, 4, 8, 9, 10, 12, 13, 14, 15, 17]
[0, 1, 2, 3, 4, 6, 9, 10, 14, 15, 16, 17]
[0, 1, 4, 5, 7, 8, 9, 11, 14, 15, 16, 17]
[0, 2, 4, 8, 9, 10, 14, 15, 16]
[0, 1, 2, 3, 4, 5, 6, 8, 9, 11, 14, 15, 16]
[0, 2, 4, 8, 10, 15, 16, 17, 18]
[0, 1, 4, 5, 6, 7, 11, 12, 13, 15, 16, 17, 18]
[0, 2, 4, 6, 7, 10, 11, 12, 13, 15, 16, 17]
[0, 2, 4, 5, 6, 7, 8, 9, 11, 12, 14, 15, 16, 17]
[0, 1, 4, 5, 8, 15]
[0, 2, 4, 5, 7, 11, 13, 15]
[0, 2, 4, 5, 6, 7, 9, 11, 14, 15]
[0, 2, 4, 6, 7, 8, 9, 10, 11, 13, 14, 15]
[0, 2, 4, 9, 10, 11, 14, 15, 16, 17]
[0, 1, 2, 3, 4, 6, 7, 10, 12, 15, 16, 17]
[0, 1, 2, 3, 4, 6, 7, 9, 10, 11, 12, 13, 14, 15, 16, 17]
[0, 1, 4, 5, 8, 9, 11, 12, 14, 15, 16, 17]
[0, 2, 4, 5, 6, 7, 8, 9, 12, 13, 14, 15, 16]
[0, 2, 4, 7, 8, 9, 10, 11, 12, 13, 14, 15, 16]
[0, 3, 4, 7, 10, 15, 18]
[0, 2, 4, 5, 7, 8, 13, 15, 18]
[0, 3, 4, 7, 9, 10, 14, 15, 18]
[0, 2, 4, 5, 7, 8, 9, 13, 14, 15, 18]
[0, 2, 4, 7, 10, 11, 13, 15, 18]
[0, 1, 4, 5, 7, 8, 11, 15, 18]
[0, 2, 4, 7, 9, 10, 11, 12, 14, 15, 18]
[0, 1, 2, 3, 4, 5, 7, 8, 9, 11, 12, 13, 14, 15, 18]
[0, 2, 4, 7, 8, 9, 10, 11, 14, 15, 16, 17, 18]
[0, 2, 4, 5, 6, 9, 12, 13, 14, 15, 16, 17, 18]
[0, 2, 4, 5, 7, 8, 9, 11, 14, 15]
[0, 2, 4, 9, 10, 11, 12, 13, 14, 15]
[0, 1, 2, 3, 4, 5, 6, 8, 9, 13, 14, 15, 16, 17]
[0, 2, 4, 5, 8, 9, 14, 15, 16, 17]
[0, 1, 4, 7, 9, 10, 11, 13, 14, 15, 16, 17]
[0, 2, 4, 8, 9, 10, 11, 13, 14, 15, 16, 17]
[0, 2, 4, 7, 8, 10, 12, 15, 16, 17]
[0, 2, 4, 5, 7, 11, 12, 15, 16, 17]
[0, 2, 4, 5, 6, 7, 9, 12, 14, 15, 16]
[0, 2, 4, 7, 9, 10, 11, 12, 14, 15, 16]
[0, 2, 4, 7, 10, 12, 13, 15, 18]
[0, 2, 4, 5, 7, 8, 12, 15, 18]
[0, 2, 4, 7, 9, 10, 12, 13, 14, 15, 18]
[0, 2, 4, 5, 7, 8, 9, 12, 14, 15, 18]
[0, 2, 4, 7, 10, 11, 13, 15, 16, 17, 18]
[0, 2, 4, 5, 6, 8, 12, 15, 16, 17, 18]
[0, 1, 4, 7, 8, 9, 10, 12, 14, 15]
[0, 1, 2, 3, 4, 5, 6, 11, 13, 15, 16, 17]
[0, 3, 4, 5, 6, 7, 8, 9, 11, 13, 14, 15, 16, 17]
[0, 3, 4, 6, 8, 10, 11, 12, 13, 15, 16, 17]
[0, 2, 4, 5, 9, 13, 14, 15, 16]
[0, 2, 4, 5, 7, 9, 14, 15, 16]
[0, 1, 2, 3, 4, 6, 9, 10, 11, 13, 14, 15, 16]
[0, 1, 4, 6, 7, 9, 10, 11, 14, 15, 16]
[0, 2, 4, 6, 10, 15, 18]
[0, 1, 2, 3, 4, 5, 6, 8, 13, 15, 18]
[0, 1, 4, 5, 6, 7, 9, 13, 14, 15, 18]
[0, 2, 4, 6, 7, 8, 9, 10, 14, 15, 18]
[0, 2, 4, 5, 13, 15, 16, 17, 18]
[0, 2, 4, 5, 7, 9, 14, 15, 16, 17, 18]
[0, 1, 4, 6, 7, 8, 10, 11, 12, 15, 16, 17, 18]
[0, 1, 2, 3, 4, 6, 8, 9, 10, 11, 12, 13, 14, 15, 16, 17, 18]
[0, 2, 4, 5, 6, 11, 13, 15, 16, 17]
[0, 2, 4, 6, 8, 9, 10, 11, 14, 15, 16, 17]
[0, 2, 4, 5, 8, 9, 12, 13, 14, 15, 16]
[0, 1, 4, 6, 8, 9, 10, 11, 12, 13, 14, 15, 16]
[0, 1, 2, 3, 4, 6, 7, 9, 10, 11, 14, 15, 16, 17, 18]
[0, 2, 4, 5, 8, 9, 12, 13, 14, 15, 16, 17, 18]
[0, 1, 4, 5, 7, 9, 11, 13, 14, 15, 18]
[0, 2, 4, 7, 8, 9, 10, 11, 14, 15, 18]
[0, 3, 4, 9, 10, 12, 14, 15, 18]
[0, 2, 4, 5, 8, 9, 12, 13, 14, 15, 18]
[0, 1, 2, 3, 4, 5, 7, 9, 11, 12, 14, 15, 18]
[0, 2, 4, 7, 8, 9, 10, 11, 12, 13, 14, 15, 18]
[0, 2, 4, 9, 10, 12, 14, 15, 18]
[0, 3, 4, 5, 8, 9, 12, 13, 14, 15, 18]
[0, 2, 4, 6, 10, 11, 13, 15, 17]
[0, 1, 2, 3, 4, 5, 6, 9, 11, 13, 14, 15, 17]
[0, 3, 4, 5, 6, 8, 9, 11, 14, 15, 17]
[0, 1, 2, 3, 4, 6, 8, 9, 10, 11, 14, 15, 17]
[0, 3, 4, 5, 6, 7, 11, 12, 13, 15, 17]
[0, 1, 4, 6, 7, 9, 10, 11, 12, 13, 14, 15, 17]
[0, 1, 4, 5, 6, 7, 8, 9, 11, 12, 14, 15, 17]
[0, 2, 4, 6, 7, 8, 9, 10, 11, 12, 14, 15, 17]
[0, 1, 2, 3, 4, 7, 9, 10, 14, 15]
[0, 2, 4, 5, 6, 7, 9, 11, 14, 15, 16, 18]
[0, 2, 4, 5, 6, 9, 11, 12, 14, 15, 16, 18]
[0, 2, 4, 9, 10, 11, 14, 15, 17, 18]
[0, 2, 4, 5, 7, 11, 12, 15, 17, 18]
[0, 2, 4, 5, 7, 11, 13, 15, 16, 17]
[0, 1, 4, 5, 6, 7, 9, 11, 14, 15, 16, 17]
[0, 1, 2, 3, 4, 8, 9, 10, 11, 13, 14, 15, 16, 17]
[0, 2, 4, 6, 7, 8, 9, 10, 11, 13, 14, 15, 16, 17]
[0, 1, 4, 5, 6, 8, 9, 12, 14, 15, 16, 17]
[0, 2, 4, 6, 8, 10, 11, 12, 13, 15, 16, 17]
[0, 2, 4, 9, 10, 11, 12, 13, 14, 15, 16, 17]
[0, 1, 2, 3, 4, 5, 11, 15, 18]
[0, 2, 4, 8, 10, 11, 13, 15, 18]
[0, 1, 4, 5, 9, 11, 12, 13, 14, 15, 18]
[0, 2, 4, 8, 9, 10, 11, 12, 14, 15, 18]
[0, 2, 4, 7, 9, 10, 11, 13, 14, 15]
[0, 2, 4, 6, 8, 9, 10, 11, 14, 15]
[0, 2, 4, 5, 6, 8, 9, 11, 12, 13, 14, 15, 16, 18]
[0, 2, 4, 5, 6, 11, 13, 15, 17, 18]
[0, 2, 4, 9, 10, 13, 14, 15, 16, 17]
[0, 2, 4, 5, 9, 11, 14, 15, 16, 17]
[0, 2, 4, 5, 7, 12, 13, 15, 16, 17]
[0, 2, 4, 6, 9, 10, 11, 12, 14, 15, 16, 17]
[0, 2, 4, 5, 6, 12, 13, 15]
[0, 1, 2, 3, 4, 8, 9, 10, 12, 13, 14, 15]
[0, 3, 4, 5, 8, 15, 16, 18]
[0, 2, 4, 5, 8, 9, 14, 15, 16, 18]
[0, 2, 4, 7, 8, 10, 12, 15, 16, 18]
[0, 2, 4, 5, 6, 9, 14, 15, 17, 18]
[0, 2, 4, 5, 6, 8, 9, 13, 14, 15, 17, 18]
[0, 1, 4, 5, 9, 12, 14, 15, 17, 18]
[0, 1, 4, 8, 9, 10, 12, 13, 14, 15, 17, 18]
[0, 3, 4, 9, 10, 13, 14, 15, 16, 17]
[0, 2, 4, 6, 8, 9, 10, 13, 14, 15, 16, 17]
[0, 3, 4, 5, 6, 7, 8, 11, 13, 15, 16, 17]
[0, 1, 2, 3, 4, 5, 6, 7, 9, 11, 14, 15, 16, 17]
[0, 1, 2, 3, 4, 6, 7, 8, 9, 10, 11, 13, 14, 15, 16, 17]
[0, 2, 4, 6, 8, 10, 12, 15, 16, 17]
[0, 2, 4, 6, 9, 10, 12, 13, 14, 15, 16, 17]
[0, 1, 4, 5, 6, 8, 9, 11, 12, 13, 14, 15, 16, 17]
[0, 3, 4, 6, 8, 9, 10, 11, 12, 13, 14, 15, 16, 17]
[0, 3, 4, 5, 7, 9, 14, 15, 18]
[0, 2, 4, 7, 8, 9, 10, 13, 14, 15, 18]
[0, 1, 4, 9, 10, 11, 14, 15, 17]
[0, 2, 4, 5, 7, 9, 11, 13, 14, 15, 17]
[0, 1, 2, 3, 4, 9, 10, 11, 12, 13, 14, 15, 17]
[0, 2, 4, 5, 7, 9, 11, 12, 14, 15, 17]
[0, 3, 4, 7, 9, 10, 11, 12, 14, 15]
[0, 3, 4, 5, 7, 8, 9, 11, 14, 15, 16, 17]
[0, 1, 4, 9, 10, 13, 14, 15, 16]
[0, 3, 4, 5, 6, 9, 11, 13, 14, 15, 16]
[0, 1, 4, 5, 6, 9, 12, 13, 14, 15, 18]
[0, 2, 4, 6, 7, 9, 10, 12, 14, 15, 18]
[0, 2, 4, 6, 8, 9, 10, 12, 14, 15, 18]
[0, 1, 2, 3, 4, 5, 6, 7, 8, 9, 12, 13, 14, 15, 18]
[0, 1, 2, 3, 4, 9, 10, 13, 14, 15, 16, 17, 18]
[0, 3, 4, 5, 6, 7, 8, 9, 11, 12, 14, 15, 16, 17, 18]
[0, 1, 2, 3, 4, 8, 9, 10, 11, 12, 14, 15, 16, 18]
[0, 1, 4, 5, 7, 8, 9, 11, 12, 13, 14, 15, 16, 18]
[0, 1, 2, 3, 4, 5, 7, 9, 12, 13, 14, 15, 17, 18]
[0, 1, 4, 5, 6, 8, 9, 13, 14, 15, 16, 17]
[0, 1, 2, 3, 4, 6, 9, 10, 12, 13, 14, 15, 16, 17]
[0, 1, 4, 6, 7, 10, 11, 12, 13, 15, 16, 17]
[0, 2, 4, 5, 7, 8, 12, 15, 16]
[0, 1, 2, 3, 4, 6, 7, 8, 10, 11, 12, 15, 16]
[0, 2, 4, 5, 7, 9, 14, 15, 18]
[0, 3, 4, 7, 8, 9, 10, 13, 14, 15, 18]
[0, 1, 4, 6, 9, 10, 11, 13, 14, 15, 16, 17, 18]
[0, 2, 4, 5, 7, 8, 9, 12, 14, 15, 16, 17, 18]
[0, 2, 4, 7, 10, 15, 17]
[0, 2, 4, 5, 7, 9, 14, 15, 17]
[0, 2, 4, 7, 9, 10, 14, 15, 17]
[0, 2, 4, 5, 6, 8, 11, 15, 17]
[0, 3, 4, 6, 9, 10, 11, 13, 14, 15, 17]
[0, 2, 4, 5, 12, 15, 17]
[0, 2, 4, 5, 9, 12, 14, 15, 17]
[0, 2, 4, 9, 10, 12, 14, 15, 17]
[0, 3, 4, 6, 7, 8, 10, 11, 12, 15, 17]
[0, 2, 4, 5, 6, 7, 9, 11, 12, 13, 14, 15, 17]
[0, 1, 4, 5, 7, 8, 9, 13, 14, 15, 17, 18]
[0, 1, 4, 6, 7, 9, 10, 13, 14, 15, 16, 17]
[0, 1, 2, 3, 4, 5, 7, 11, 12, 15, 16, 17]
[0, 1, 2, 3, 4, 6, 9, 10, 11, 12, 14, 15, 16, 17]
[0, 1, 4, 5, 7, 9, 14, 15, 18]
[0, 1, 2, 3, 4, 5, 7, 9, 14, 15, 18]
[0, 1, 4, 7, 8, 9, 10, 13, 14, 15, 18]
[0, 1, 2, 3, 4, 7, 8, 9, 10, 13, 14, 15, 18]
[0, 3, 4, 6, 10, 11, 13, 15, 18]
[0, 3, 4, 5, 6, 8, 11, 15, 18]
[0, 3, 4, 5, 7, 9, 11, 13, 14, 15, 18]
[0, 1, 2, 3, 4, 7, 8, 9, 10, 11, 14, 15, 18]
[0, 3, 4, 5, 12, 15, 18]
[0, 2, 4, 8, 10, 12, 13, 15, 18]
[0, 3, 4, 5, 6, 9, 12, 13, 14, 15, 18]
[0, 3, 4, 5, 9, 12, 14, 15, 18]
[0, 1, 4, 9, 10, 12, 14, 15, 18]
[0, 1, 2, 3, 4, 9, 10, 12, 14, 15, 18]
[0, 1, 4, 6, 7, 9, 10, 12, 14, 15, 18]
[0, 1, 2, 3, 4, 6, 8, 9, 10, 12, 14, 15, 18]
[0, 1, 4, 5, 8, 9, 12, 13, 14, 15, 18]
[0, 1, 2, 3, 4, 5, 8, 9, 12, 13, 14, 15, 18]
[0, 2, 4, 8, 9, 10, 12, 13, 14, 15, 18]
[0, 3, 4, 5, 6, 7, 8, 9, 12, 13, 14, 15, 18]
[0, 3, 4, 5, 6, 7, 9, 11, 12, 13, 14, 15, 18]
[0, 3, 4, 5, 7, 9, 11, 12, 14, 15, 18]
[0, 3, 4, 6, 7, 8, 9, 10, 11, 12, 14, 15, 18]
[0, 1, 4, 7, 8, 9, 10, 11, 12, 13, 14, 15, 18]
[0, 2, 4, 5, 6, 8, 9, 13, 14, 15]
[0, 2, 4, 5, 8, 9, 11, 12, 14, 15]
[0, 2, 4, 9, 10, 13, 14, 15, 16, 18]
[0, 2, 4, 5, 7, 12, 13, 15, 16, 18]
[0, 2, 4, 6, 9, 10, 12, 13, 14, 15, 16, 18]
[0, 2, 4, 5, 6, 11, 12, 15, 16, 18]
[0, 3, 4, 5, 6, 7, 9, 13, 14, 15, 17, 18]
[0, 3, 4, 6, 9, 10, 14, 15, 16, 17]
[0, 2, 4, 7, 8, 10, 11, 12, 13, 15, 16, 17]
[0, 2, 4, 6, 8, 9, 10, 11, 12, 13, 14, 15, 16, 17]
[0, 2, 4, 6, 7, 9, 10, 12, 14, 15, 16]
[0, 2, 4, 5, 7, 9, 11, 12, 14, 15, 16]
[0, 2, 4, 5, 7, 9, 11, 13, 14, 15, 16, 17, 18]
[0, 2, 4, 6, 8, 9, 10, 12, 14, 15, 16, 17, 18]
[0, 1, 2, 3, 4, 6, 7, 9, 10, 13, 14, 15, 17]
[0, 1, 4, 6, 8, 9, 10, 13, 14, 15, 17]
[0, 2, 4, 7, 8, 9, 10, 13, 14, 15, 17]
[0, 2, 4, 5, 6, 9, 12, 13, 14, 15, 17]
[0, 2, 4, 5, 8, 9, 12, 13, 14, 15, 17]
[0, 2, 4, 5, 6, 7, 8, 9, 12, 13, 14, 15, 17]
[0, 2, 4, 8, 9, 10, 11, 13, 14, 15]
[0, 2, 4, 6, 7, 10, 11, 12, 13, 15]
[0, 2, 4, 6, 9, 10, 11, 12, 14, 15]
[0, 2, 4, 5, 6, 8, 9, 11, 12, 13, 14, 15]
[0, 2, 4, 5, 7, 8, 9, 11, 14, 15, 16, 18]
[0, 3, 4, 5, 7, 9, 12, 13, 14, 15, 16, 18]
[0, 2, 4, 6, 8, 10, 11, 12, 13, 15, 16, 18]
[0, 2, 4, 6, 8, 9, 10, 13, 14, 15, 17, 18]
[0, 2, 4, 6, 7, 10, 12, 15, 17, 18]
[0, 3, 4, 7, 9, 10, 12, 13, 14, 15, 17, 18]
[0, 3, 4, 5, 7, 8, 9, 12, 14, 15, 17, 18]
[0, 2, 4, 5, 6, 7, 8, 9, 11, 12, 14, 15, 17, 18]
[0, 2, 4, 5, 6, 7, 8, 9, 14, 15, 16, 17]
[0, 2, 4, 5, 6, 12, 13, 15, 16, 17]
[0, 3, 4, 7, 8, 10, 12, 15, 16, 17]
[0, 2, 4, 5, 6, 9, 11, 12, 14, 15, 16, 17]
[0, 3, 4, 5, 7, 8, 9, 11, 12, 13, 14, 15]
[0, 2, 4, 5, 9, 11, 14, 15, 16, 18]
[0, 1, 4, 7, 9, 10, 11, 12, 14, 15, 16, 18]
[0, 2, 4, 6, 8, 9, 10, 11, 12, 13, 14, 15, 16, 18]
[0, 2, 4, 7, 9, 10, 11, 13, 14, 15, 17, 18]
[0, 1, 2, 3, 4, 7, 8, 9, 10, 12, 14, 15, 17, 18]
[0, 3, 4, 7, 9, 10, 11, 13, 14, 15, 16, 17]
[0, 1, 2, 3, 4, 5, 6, 8, 9, 12, 14, 15, 16, 17]
[0, 2, 4, 5, 6, 11, 12, 15, 16, 17]
[0, 1, 4, 5, 6, 7, 8, 11, 12, 15, 16, 17]
[0, 2, 4, 8, 9, 10, 11, 13, 14, 15, 16, 18]
[0, 2, 4, 5, 8, 9, 11, 13, 14, 15, 17, 18]
[0, 2, 4, 5, 7, 8, 9, 11, 14, 15, 17, 18]
[0, 2, 4, 7, 8, 10, 11, 15, 16, 17]
[0, 1, 2, 3, 4, 7, 9, 10, 12, 13, 14, 15, 16, 18]
[0, 1, 2, 3, 4, 5, 9, 11, 12, 13, 14, 15, 16, 18]
[0, 1, 4, 5, 6, 7, 9, 11, 12, 13, 14, 15, 17, 18]
[0, 1, 4, 6, 9, 10, 14, 15, 16, 17]
[0, 1, 4, 7, 9, 10, 14, 15, 17, 18]
[0, 2, 4, 8, 9, 10, 11, 13, 14, 15, 17, 18]
[0, 3, 4, 8, 9, 10, 11, 12, 14, 15, 17, 18]
[0, 2, 4, 6, 8, 10, 11, 15, 16, 17]
[0, 2, 4, 5, 6, 9, 11, 13, 14, 15, 16, 17]
[0, 3, 4, 5, 9, 11, 14, 15, 16, 17]
[0, 2, 4, 5, 7, 8, 9, 11, 14, 15, 16, 17]
[0, 1, 2, 3, 4, 5, 6, 8, 9, 11, 12, 13, 14, 15, 16, 17]
[0, 1, 4, 7, 10, 11, 13, 15, 18]
[0, 2, 4, 5, 7, 8, 11, 15, 18]
[0, 1, 2, 3, 4, 7, 9, 10, 11, 12, 14, 15, 18]
[0, 2, 4, 5, 7, 8, 9, 11, 12, 13, 14, 15, 18]
[0, 2, 4, 5, 6, 9, 11, 13, 14, 15]
[0, 2, 4, 6, 9, 10, 12, 13, 14, 15]
[0, 3, 4, 10, 13, 15, 16, 18]
[0, 2, 4, 6, 9, 10, 14, 15, 16, 18]
[0, 2, 4, 5, 6, 8, 9, 13, 14, 15, 16, 18]
[0, 2, 4, 6, 7, 9, 10, 11, 14, 15, 16, 18]
[0, 1, 4, 6, 7, 8, 9, 10, 12, 13, 14, 15, 16, 18]
[0, 2, 4, 6, 8, 10, 11, 15, 17, 18]
[0, 2, 4, 6, 9, 10, 12, 13, 14, 15, 17, 18]
[0, 2, 4, 5, 6, 8, 9, 12, 14, 15, 17, 18]
[0, 2, 4, 5, 6, 8, 9, 13, 14, 15, 16, 17]
[0, 3, 4, 5, 8, 9, 14, 15, 16, 17]
[0, 2, 4, 5, 6, 7, 8, 11, 13, 15, 16, 17]
[0, 3, 4, 6, 7, 8, 9, 10, 11, 13, 14, 15, 16, 17]
[0, 1, 2, 3, 4, 5, 7, 8, 9, 11, 14, 15, 16, 17]
[0, 3, 4, 5, 6, 8, 9, 11, 12, 13, 14, 15, 16, 17]
[0, 3, 4, 5, 6, 7, 8, 9, 14, 15, 16]
[0, 2, 4, 7, 8, 9, 10, 13, 14, 15, 16]
[0, 1, 4, 5, 6, 7, 8, 9, 11, 13, 14, 15, 16]
[0, 2, 4, 7, 8, 9, 10, 11, 14, 15, 16]
[0, 2, 4, 5, 13, 15, 18]
[0, 2, 4, 7, 10, 15, 18]
[0, 2, 4, 8, 10, 15, 18]
[0, 3, 4, 5, 7, 8, 13, 15, 18]
[0, 2, 4, 5, 9, 13, 14, 15, 18]
[0, 2, 4, 7, 9, 10, 14, 15, 18]
[0, 2, 4, 8, 9, 10, 14, 15, 18]
[0, 3, 4, 5, 7, 8, 9, 13, 14, 15, 18]
[0, 3, 4, 5, 6, 9, 14, 15, 16, 17, 18]
[0, 2, 4, 7, 8, 9, 10, 13, 14, 15, 16, 17, 18]
[0, 1, 2, 3, 4, 5, 6, 9, 11, 12, 14, 15, 16, 17, 18]
[0, 2, 4, 7, 8, 9, 10, 11, 12, 13, 14, 15, 16, 17, 18]
[0, 1, 2, 3, 4, 6, 7, 8, 9, 10, 11, 12, 14, 15]
[0, 1, 4, 5, 9, 13, 14, 15, 16, 18]
[0, 2, 4, 6, 7, 8, 9, 10, 11, 13, 14, 15, 16, 18]
[0, 2, 4, 5, 6, 7, 9, 11, 14, 15, 16, 17]
[0, 2, 4, 5, 6, 8, 13, 15, 16]
[0, 2, 4, 8, 10, 11, 13, 15, 16]
[0, 2, 4, 5, 6, 7, 9, 13, 14, 15, 16, 17, 18]
[0, 2, 4, 8, 9, 10, 11, 12, 14, 15, 16, 17, 18]
[0, 1, 2, 3, 4, 5, 7, 8, 9, 12, 14, 15, 16, 18]
[0, 2, 4, 6, 9, 10, 14, 15, 17, 18]
[0, 2, 4, 5, 6, 7, 9, 11, 14, 15, 17, 18]
[0, 2, 4, 6, 7, 8, 9, 10, 11, 13, 14, 15, 17, 18]
[0, 1, 4, 6, 7, 8, 9, 10, 11, 12, 14, 15, 17, 18]
[0, 2, 4, 5, 6, 8, 9, 12, 14, 15, 16, 17]
[0, 1, 2, 3, 4, 10, 13, 15, 17, 18]
[0, 1, 2, 3, 4, 5, 8, 15, 17, 18]
[0, 1, 4, 5, 6, 9, 11, 13, 14, 15, 16, 17]
[0, 1, 4, 6, 8, 9, 10, 11, 14, 15, 16, 17]
[0, 2, 4, 7, 8, 10, 11, 12, 13, 15, 17, 18]
[0, 1, 2, 3, 4, 9, 10, 11, 14, 15, 16, 17]
[0, 1, 4, 5, 6, 12, 13, 15, 16, 17]
[0, 2, 4, 5, 8, 9, 11, 12, 14, 15, 16, 17]
[0, 3, 4, 6, 7, 10, 11, 15, 16, 17]
[0, 3, 4, 5, 6, 9, 11, 12, 14, 15, 16, 17]
[0, 2, 4, 7, 10, 12, 13, 15, 16]
[0, 2, 4, 5, 6, 9, 12, 13, 14, 15, 16]
[0, 1, 2, 3, 4, 5, 6, 7, 11, 12, 13, 15, 16]
[0, 3, 4, 9, 10, 11, 12, 13, 14, 15, 16]
[0, 3, 4, 9, 10, 11, 14, 15, 16, 17, 18]
[0, 1, 4, 5, 6, 8, 9, 11, 14, 15, 16, 17, 18]
[0, 2, 4, 7, 9, 10, 12, 13, 14, 15, 16, 17, 18]
[0, 2, 4, 5, 6, 7, 8, 9, 12, 13, 14, 15, 16, 17, 18]
[0, 2, 4, 5, 9, 11, 14, 15, 17, 18]
[0, 2, 4, 7, 9, 10, 11, 13, 14, 15, 16, 17]
[0, 2, 4, 6, 7, 8, 9, 10, 12, 13, 14, 15, 16]
[0, 2, 4, 5, 7, 8, 9, 11, 12, 13, 14, 15, 16]
[0, 2, 4, 5, 7, 8, 11, 15, 16, 17, 18]
[0, 2, 4, 6, 10, 12, 13, 15, 16, 17, 18]
[0, 2, 4, 5, 6, 7, 8, 12, 13, 15, 17, 18]
[0, 2, 4, 6, 7, 9, 10, 13, 14, 15, 16, 17]
[0, 2, 4, 6, 9, 10, 11, 12, 14, 15, 17, 18]
[0, 2, 4, 5, 6, 8, 9, 11, 12, 13, 14, 15, 17, 18]
[0, 2, 4, 5, 6, 7, 9, 13, 14, 15]
[0, 2, 4, 6, 7, 8, 9, 10, 12, 13, 14, 15, 16, 17]
[0, 2, 4, 7, 9, 10, 12, 13, 14, 15]
[0, 2, 4, 5, 9, 13, 14, 15, 17, 18]
[0, 2, 4, 5, 7, 8, 9, 11, 12, 13, 14, 15, 17, 18]
[0, 2, 4, 8, 9, 10, 11, 12, 14, 15, 16, 17]
[0, 1, 2, 3, 4, 7, 8, 9, 10, 12, 14, 15, 16]
[0, 2, 4, 5, 6, 7, 8, 9, 11, 12, 14, 15, 16]
[0, 1, 2, 3, 4, 9, 10, 11, 14, 15, 18]
[0, 2, 4, 5, 8, 9, 11, 13, 14, 15, 18]
[0, 1, 4, 9, 10, 11, 12, 13, 14, 15, 18]
[0, 2, 4, 5, 8, 9, 11, 12, 14, 15, 18]
[0, 2, 4, 5, 6, 9, 11, 13, 14, 15, 16, 17, 18]
[0, 1, 4, 7, 8, 9, 10, 12, 14, 15, 16, 17, 18]
[0, 1, 2, 3, 4, 6, 9, 10, 11, 13, 14, 15, 17, 18]
[0, 1, 4, 5, 7, 8, 9, 12, 14, 15, 16, 17]
[0, 2, 4, 6, 7, 8, 9, 10, 12, 13, 14, 15, 17, 18]
[0, 2, 4, 5, 6, 7, 9, 13, 14, 15, 16, 17]
[0, 1, 2, 3, 4, 6, 7, 8, 9, 10, 12, 13, 14, 15, 16, 17]
[0, 1, 4, 5, 9, 11, 12, 13, 14, 15, 16, 17]
[0, 2, 4, 5, 6, 9, 14, 15, 18]
[0, 1, 4, 6, 7, 9, 10, 13, 14, 15, 18]
[0, 1, 2, 3, 4, 6, 8, 9, 10, 13, 14, 15, 18]
[0, 2, 4, 5, 6, 7, 8, 9, 14, 15, 18]
[0, 2, 4, 5, 6, 7, 11, 12, 13, 15, 16, 17]
[0, 2, 4, 6, 7, 8, 10, 11, 12, 15, 16, 17]
[0, 2, 4, 5, 7, 9, 15, 16, 17]
[0, 2, 4, 10, 12, 14, 15, 16, 17]
[0, 2, 4, 6, 7, 8, 9, 10, 14, 15]
[0, 2, 4, 5, 9, 12, 14, 15, 16, 18]
[0, 1, 2, 3, 4, 5, 6, 8, 9, 11, 14, 15, 17, 18]
[0, 2, 4, 7, 9, 10, 14, 15, 16, 17]
[0, 2, 4, 5, 6, 7, 9, 12, 14, 15, 16, 17]
[0, 1, 4, 7, 9, 10, 12, 13, 14, 15, 16, 17]
[0, 1, 4, 6, 9, 10, 11, 13, 14, 15]
[0, 1, 2, 3, 4, 5, 9, 13, 14, 15, 16, 17]
[0, 1, 4, 5, 6, 9, 11, 13, 14, 15, 18]
[0, 1, 4, 6, 8, 9, 10, 11, 14, 15, 18]
[0, 1, 2, 3, 4, 6, 7, 9, 10, 11, 12, 13, 14, 15, 18]
[0, 1, 2, 3, 4, 5, 6, 7, 8, 9, 11, 12, 14, 15, 18]
[0, 3, 4, 6, 9, 10, 11, 13, 14, 15, 16, 18]
[0, 3, 4, 5, 6, 7, 9, 11, 12, 13, 14, 15, 16, 17]
[0, 1, 4, 6, 7, 8, 9, 10, 14, 15, 16, 17]
[0, 1, 2, 3, 4, 5, 7, 8, 9, 11, 12, 13, 14, 15, 16, 17]
[0, 2, 4, 5, 6, 7, 9, 11, 12, 13, 14, 15, 16, 17]
[0, 2, 4, 6, 7, 8, 9, 10, 11, 12, 14, 15, 16, 17]
[0, 2, 4, 5, 6, 7, 11, 14, 15, 16, 17]
[0, 2, 4, 6, 9, 10, 11, 12, 15, 16, 17]
[0, 1, 4, 5, 6, 8, 9, 11, 14, 15]
[0, 2, 4, 5, 6, 7, 9, 12, 14, 15, 17, 18]
[0, 1, 2, 3, 4, 8, 9, 10, 14, 15, 16, 17]
[0, 2, 4, 6, 7, 8, 9, 10, 14, 15, 16, 17]
[0, 1, 2, 3, 4, 5, 6, 9, 14, 15, 18]
[0, 3, 4, 9, 10, 13, 14, 15, 18]
[0, 2, 4, 6, 7, 9, 10, 13, 14, 15, 18]
[0, 2, 4, 6, 8, 9, 10, 13, 14, 15, 18]
[0, 3, 4, 5, 8, 9, 14, 15, 18]
[0, 1, 4, 5, 6, 7, 8, 9, 14, 15, 18]
[0, 2, 4, 5, 9, 11, 12, 13, 14, 15]
[0, 2, 4, 7, 9, 10, 11, 12, 14, 15, 16, 17]
[0, 2, 4, 7, 9, 10, 14, 15, 16, 18]
[0, 2, 4, 5, 9, 12, 14, 15, 16, 17]
[0, 3, 4, 5, 6, 8, 9, 11, 14, 15, 16, 18]
[0, 2, 4, 8, 9, 10, 14, 15, 16, 17]
[0, 2, 4, 5, 7, 8, 9, 12, 14, 15, 16, 17]
[0, 3, 4, 6, 7, 8, 9, 10, 11, 12, 14, 15, 16, 17]
[0, 2, 4, 5, 6, 9, 11, 13, 14, 15, 18]
[0, 2, 4, 6, 8, 9, 10, 11, 14, 15, 18]
[0, 2, 4, 6, 7, 9, 10, 11, 12, 13, 14, 15, 18]
[0, 2, 4, 5, 6, 7, 8, 9, 11, 12, 14, 15, 18]
[0, 2, 4, 8, 9, 10, 12, 13, 14, 15, 16, 18]
[0, 2, 4, 5, 7, 8, 9, 13, 14, 15, 16, 17]
[0, 2, 4, 5, 6, 9, 14, 15, 16]
[0, 2, 4, 9, 10, 11, 14, 15, 16]
[0, 1, 2, 3, 4, 5, 7, 9, 12, 13, 14, 15, 16]
[0, 2, 4, 6, 7, 9, 10, 11, 12, 13, 14, 15, 16]
[0, 2, 4, 5, 6, 7, 8, 9, 14, 15, 16, 17, 18]
[0, 2, 4, 6, 8, 9, 10, 11, 14, 15, 16, 17, 18]
[0, 1, 4, 5, 7, 9, 12, 13, 14, 15, 16, 17, 18]
[0, 2, 4, 9, 10, 11, 12, 13, 14, 15, 16, 17, 18]
[0, 2, 4, 7, 9, 10, 11, 12, 14, 15, 17, 18]
[0, 3, 4, 5, 9, 12, 14, 15, 16, 17]
[0, 3, 4, 8, 9, 10, 12, 13, 14, 15, 16, 17]
[0, 2, 4, 5, 9, 11, 12, 13, 14, 15, 16, 17]
[0, 2, 4, 5, 8, 9, 14, 15, 17]
[0, 3, 4, 7, 8, 9, 10, 12, 14, 15, 17]
[0, 2, 4, 5, 7, 8, 9, 12, 14, 15]
[0, 2, 4, 8, 9, 10, 14, 15, 17, 18]
[0, 2, 4, 5, 6, 7, 9, 11, 12, 13, 14, 15, 16, 18]
[0, 2, 4, 6, 7, 8, 9, 10, 11, 12, 14, 15, 16, 18]
[0, 1, 4, 5, 6, 7, 9, 13, 14, 15, 16, 17]
[0, 1, 2, 3, 4, 7, 9, 10, 11, 12, 14, 15, 16, 17]
