[[1], [2, 4], [3, 5], [6, 7]]
[[2,4,8,20,32,52],[0, 4, 5, 7, 50, 54]]
[[4,6,19,18,39,81],[0, 4, 5, 7, 53, 54]]
[[3,11,12,19,28,80],[0, 4, 5, 8, 53, 54]]
[[2,4,8,20,32,52],[0, 4, 34, 5, 50, 54]]
[[4,6,19,18,39,81],[0, 4, 34, 5, 53, 54]]
[[3,11,12,19,28,80],[0, 4, 5, 35, 53, 54]]
[[1,3,10,23,21,84],[0, 4, 5, 38, 50, 54]]
[[3,7,9,11,33,43],[0, 4, 5, 50, 39, 54]]
[[3,11,12,19,28,80],[0, 4, 5, 39, 53, 54]]
[[2,4,8,20,32,100],[0, 4, 5, 40, 50, 54]]
[[4,6,16,18,49,108],[0, 4, 5, 40, 53, 54]]
[[1,3,10,23,21,84],[0, 4, 5, 42, 50, 54]]
[[3,5,12,21,18,80],[0, 4, 5, 43, 53, 54]]
[[3,7,3,23,33,103],[0, 4, 5, 50, 44, 54]]
[[2,4,14,20,22,112],[0, 4, 5, 49, 50, 54]]
[[4,8,10,24,49,68],[0, 4, 5, 49, 53, 54]]
[[1,7,4,23,11,100],[0, 4, 5, 50, 52, 54]]
[[3,5,6,17,48,92],[0, 4, 5, 50, 53, 54]]
[[3,5,9,33,33,17],[0, 4, 5, 52, 51, 54]]
[[5,7,5,23,70,49],[0, 4, 7, 8, 53, 54]]
[[2,6,8,22,42,78],[0, 4, 7, 50, 9, 54]]
[[2,2,8,30,52,38],[0, 4, 34, 7, 50, 54]]
[[5,7,5,23,70,49],[0, 4, 35, 7, 53, 54]]
[[2,10,8,46,52,46],[0, 4, 7, 37, 50, 54]]
[[3,5,3,13,43,53],[0, 4, 7, 38, 50, 54]]
[[3,7,21,23,18,109],[0, 4, 7, 39, 53, 54]]
[[2,6,8,22,42,78],[0, 4, 40, 7, 50, 54]]
[[3,5,3,13,43,53],[0, 4, 7, 42, 50, 54]]
[[5,5,11,25,55,95],[0, 4, 7, 43, 53, 54]]
[[3,3,3,23,23,51],[0, 4, 7, 50, 44, 54]]
[[3,5,9,21,48,47],[0, 4, 7, 44, 53, 54]]
[[2,2,2,14,42,26],[0, 4, 7, 49, 50, 54]]
[[3,5,6,17,33,86],[0, 4, 7, 50, 51, 54]]
[[3,5,6,17,33,134],[0, 4, 7, 50, 52, 54]]
[[5,7,5,23,70,49],[0, 4, 34, 8, 53, 54]]
[[2,2,8,30,52,38],[0, 4, 35, 8, 50, 54]]
[[4,6,7,22,34,63],[0, 4, 8, 38, 53, 54]]
[[1,5,1,13,21,77],[0, 4, 40, 8, 50, 54]]
[[4,6,7,22,34,63],[0, 4, 42, 8, 53, 54]]
[[2,8,8,28,42,80],[0, 4, 8, 43, 50, 54]]
[[2,2,11,18,27,107],[0, 4, 8, 44, 53, 54]]
[[5,9,14,33,25,54],[0, 4, 49, 8, 53, 54]]
[[2,6,5,14,52,75],[0, 4, 8, 52, 53, 54]]
