[[1, 7], [2, 4], [3, 5], [6, 7]]
[[6,12,12,16,26,108],[34, 5, 35, 40, 37, 42, 49, 38, 52, 9, 51, 53]]
[[5,9,17,25,40,45],[34, 5, 35, 40, 37, 38, 43, 50, 9, 44, 53, 54]]
[[5,11,11,31,20,71],[34, 5, 35, 40, 37, 38, 43, 9, 44, 51, 53, 54]]
[[7,13,7,29,27,31],[34, 5, 35, 40, 37, 49, 38, 43, 50, 9, 51, 53]]
[[6,10,12,30,21,64],[34, 5, 35, 40, 37, 38, 43, 50, 52, 9, 51, 53]]
[[5,5,11,29,50,107],[34, 5, 35, 40, 37, 49, 38, 50, 52, 9, 44, 54]]
[[6,6,12,26,41,72],[34, 5, 35, 40, 37, 38, 50, 9, 44, 51, 53, 54]]
[[4,8,10,24,44,116],[34, 5, 35, 40, 37, 38, 52, 9, 44, 51, 53, 54]]
[[6,16,6,24,21,64],[34, 5, 35, 37, 42, 49, 38, 43, 50, 9, 44, 53]]
[[4,16,7,32,29,37],[34, 5, 35, 37, 42, 49, 38, 43, 9, 44, 51, 53]]
[[5,11,20,15,25,80],[34, 5, 35, 37, 42, 38, 43, 50, 52, 9, 44, 51]]
[[5,17,11,17,15,71],[34, 5, 35, 37, 42, 38, 43, 50, 9, 44, 51, 53]]
[[5,15,5,27,35,63],[34, 5, 35, 37, 42, 38, 43, 50, 52, 9, 44, 53]]
[[5,13,11,29,15,73],[34, 5, 35, 37, 42, 38, 43, 52, 9, 44, 51, 53]]
[[5,11,11,27,40,77],[34, 5, 35, 37, 42, 49, 38, 43, 50, 9, 51, 54]]
[[5,11,11,31,40,59],[34, 5, 35, 37, 42, 49, 38, 43, 52, 9, 53, 54]]
[[6,8,12,20,31,68],[34, 5, 35, 37, 42, 38, 43, 50, 9, 51, 53, 54]]
[[5,11,8,27,35,80],[34, 5, 35, 37, 42, 49, 38, 50, 52, 9, 44, 51]]
[[5,13,8,25,45,58],[34, 5, 35, 37, 42, 49, 38, 50, 9, 44, 51, 53]]
[[6,10,15,18,36,55],[34, 5, 35, 37, 42, 38, 50, 52, 9, 44, 51, 53]]
[[4,10,16,30,24,82],[34, 5, 35, 37, 42, 49, 38, 50, 52, 9, 51, 54]]
[[4,12,7,24,29,93],[34, 5, 35, 37, 42, 49, 38, 50, 9, 51, 53, 54]]
[[2,14,8,30,42,74],[34, 5, 35, 37, 42, 49, 38, 52, 9, 51, 53, 54]]
[[3,9,18,25,13,96],[34, 5, 35, 37, 42, 38, 50, 52, 9, 51, 53, 54]]
[[6,8,12,24,51,56],[34, 5, 35, 37, 49, 38, 43, 50, 52, 9, 44, 53]]
[[5,13,8,25,45,64],[34, 5, 35, 37, 49, 38, 43, 50, 9, 51, 53, 54]]
[[2,14,5,22,32,53],[34, 5, 35, 37, 38, 43, 50, 52, 9, 51, 53, 54]]
[[5,15,8,27,25,72],[34, 5, 35, 37, 49, 38, 50, 52, 9, 44, 51, 53]]
[[5,5,11,17,35,71],[34, 5, 35, 40, 37, 42, 49, 43, 52, 9, 39, 53]]
[[4,16,10,24,24,70],[34, 5, 35, 40, 37, 42, 43, 50, 9, 39, 51, 53]]
[[5,11,11,31,20,71],[34, 5, 35, 40, 37, 42, 49, 9, 39, 44, 53, 54]]
[[4,12,10,24,34,90],[34, 5, 35, 40, 37, 42, 52, 9, 39, 44, 53, 54]]
[[6,10,12,30,21,64],[34, 5, 35, 40, 37, 42, 49, 50, 52, 9, 39, 53]]
[[4,12,16,24,29,72],[34, 5, 35, 40, 37, 49, 43, 50, 9, 39, 44, 54]]
[[5,9,8,33,35,90],[34, 5, 35, 40, 37, 43, 50, 9, 39, 44, 53, 54]]
[[5,9,11,21,50,51],[34, 5, 35, 40, 37, 43, 9, 39, 44, 51, 53, 54]]
[[5,9,11,25,40,57],[34, 5, 35, 40, 37, 49, 50, 9, 39, 44, 51, 54]]
[[5,9,17,21,30,63],[34, 5, 35, 40, 37, 49, 52, 9, 39, 44, 51, 54]]
[[5,11,14,19,35,68],[34, 5, 35, 40, 37, 49, 52, 9, 39, 44, 53, 54]]
[[4,10,22,26,14,76],[34, 5, 35, 40, 37, 50, 52, 9, 39, 44, 53, 54]]
[[4,18,7,22,34,51],[34, 5, 35, 37, 42, 49, 43, 50, 9, 39, 44, 53]]
[[4,14,10,26,29,80],[34, 5, 35, 37, 42, 49, 43, 52, 9, 39, 44, 51]]
[[6,12,15,12,31,93],[34, 5, 35, 37, 42, 49, 43, 9, 39, 44, 51, 53]]
[[4,14,13,26,14,83],[34, 5, 35, 37, 42, 49, 43, 52, 9, 39, 44, 53]]
[[3,17,9,25,28,53],[34, 5, 35, 37, 42, 43, 50, 52, 9, 39, 44, 51]]
[[5,15,8,27,25,72],[34, 5, 35, 37, 42, 43, 50, 52, 9, 39, 44, 53]]
[[5,11,11,19,25,107],[34, 5, 35, 37, 42, 43, 52, 9, 39, 44, 51, 53]]
[[5,11,17,23,15,83],[34, 5, 35, 37, 42, 49, 43, 50, 9, 39, 51, 54]]
[[3,11,12,27,23,104],[34, 5, 35, 37, 42, 49, 43, 52, 9, 39, 53, 54]]
[[6,12,12,20,26,78],[34, 5, 35, 37, 42, 43, 50, 9, 39, 51, 53, 54]]
[[5,9,11,29,25,81],[34, 5, 35, 37, 42, 49, 50, 52, 9, 39, 44, 51]]
[[6,8,12,24,51,56],[34, 5, 35, 37, 42, 50, 52, 9, 39, 44, 51, 53]]
[[4,8,16,20,29,80],[34, 5, 35, 37, 42, 49, 50, 52, 9, 39, 51, 54]]
[[2,14,5,22,32,53],[34, 5, 35, 37, 42, 49, 50, 52, 9, 39, 53, 54]]
[[4,12,13,28,24,75],[34, 5, 35, 37, 42, 49, 52, 9, 39, 51, 53, 54]]
[[6,10,15,18,36,55],[34, 5, 35, 37, 49, 43, 50, 52, 9, 39, 44, 53]]
[[6,10,12,26,21,76],[34, 5, 35, 37, 49, 43, 52, 9, 39, 44, 51, 53]]
[[5,7,8,15,50,76],[34, 5, 35, 37, 49, 43, 50, 9, 39, 51, 53, 54]]
[[3,9,18,25,13,96],[34, 5, 35, 37, 49, 43, 50, 52, 9, 39, 53, 54]]
[[5,15,5,27,35,63],[34, 5, 35, 37, 49, 50, 52, 9, 39, 44, 51, 53]]
[[5,9,20,17,45,66],[34, 5, 35, 40, 37, 42, 49, 43, 50, 9, 44, 54]]
[[5,11,14,27,15,86],[34, 5, 35, 40, 37, 42, 49, 43, 9, 44, 53, 54]]
[[4,10,25,22,19,55],[34, 5, 35, 40, 37, 42, 43, 50, 9, 44, 51, 54]]
[[4,12,7,32,24,69],[34, 5, 35, 40, 37, 42, 43, 50, 52, 9, 44, 54]]
[[4,10,16,18,39,64],[34, 5, 35, 40, 37, 42, 43, 50, 9, 44, 53, 54]]
[[4,10,13,14,54,55],[34, 5, 35, 40, 37, 42, 43, 52, 9, 44, 51, 54]]
[[2,8,11,24,22,107],[34, 5, 35, 40, 37, 42, 43, 52, 9, 44, 53, 54]]
[[4,10,7,26,24,67],[34, 5, 35, 40, 37, 42, 49, 43, 50, 52, 9, 53]]
[[4,6,7,26,29,63],[34, 5, 35, 40, 37, 42, 49, 43, 52, 9, 51, 53]]
[[2,6,26,30,17,78],[34, 5, 35, 40, 37, 42, 49, 50, 9, 44, 51, 54]]
[[4,10,19,18,24,97],[34, 5, 35, 40, 37, 42, 49, 50, 9, 44, 53, 54]]
[[3,11,12,27,18,98],[34, 5, 35, 40, 37, 42, 50, 52, 9, 44, 51, 54]]
[[1,11,16,31,36,74],[34, 5, 35, 40, 37, 42, 50, 52, 9, 44, 53, 54]]
[[5,7,5,27,60,55],[34, 5, 35, 40, 37, 42, 49, 50, 52, 9, 51, 53]]
[[3,9,15,25,23,99],[34, 5, 35, 40, 37, 49, 43, 50, 9, 44, 53, 54]]
[[3,11,12,23,28,74],[34, 5, 35, 40, 37, 49, 43, 52, 9, 44, 51, 54]]
[[1,11,10,27,26,62],[34, 5, 35, 40, 37, 49, 43, 52, 9, 44, 53, 54]]
[[4,4,16,16,39,88],[34, 5, 35, 40, 37, 43, 50, 9, 44, 51, 53, 54]]
[[2,6,14,26,32,72],[34, 5, 35, 40, 37, 43, 50, 52, 9, 44, 53, 54]]
[[4,12,10,20,49,72],[34, 5, 35, 40, 37, 49, 50, 52, 9, 44, 51, 54]]
[[2,10,11,26,22,79],[34, 5, 35, 40, 37, 49, 50, 52, 9, 44, 53, 54]]
[[3,9,15,33,28,93],[34, 5, 35, 37, 42, 49, 43, 50, 9, 44, 51, 53]]
[[3,15,9,27,38,63],[34, 5, 35, 37, 42, 49, 43, 52, 9, 44, 51, 53]]
[[4,12,10,40,19,48],[34, 5, 35, 37, 42, 43, 50, 52, 9, 44, 51, 53]]
[[4,10,10,30,49,82],[34, 5, 35, 37, 42, 49, 43, 50, 52, 9, 51, 54]]
[[4,10,16,26,29,94],[34, 5, 35, 37, 42, 49, 43, 50, 52, 9, 53, 54]]
[[1,7,13,31,21,97],[34, 5, 35, 37, 42, 49, 50, 52, 9, 51, 53, 54]]
[[4,8,19,16,29,89],[34, 5, 35, 40, 42, 49, 38, 52, 9, 39, 44, 54]]
[[5,9,11,25,25,75],[34, 5, 35, 40, 42, 38, 50, 9, 39, 44, 51, 54]]
[[3,13,9,25,38,73],[34, 5, 35, 40, 49, 38, 43, 50, 9, 39, 44, 54]]
[[4,10,10,22,29,94],[34, 5, 35, 40, 38, 43, 50, 52, 9, 39, 44, 54]]
[[4,4,10,20,19,52],[34, 5, 35, 40, 38, 43, 52, 9, 39, 44, 51, 54]]
[[4,6,7,30,29,81],[34, 5, 35, 40, 38, 43, 9, 39, 44, 51, 53, 54]]
[[6,12,12,24,21,60],[34, 5, 35, 40, 49, 38, 50, 9, 39, 44, 51, 54]]
[[4,8,7,16,84,65],[34, 5, 35, 40, 49, 38, 52, 9, 39, 44, 53, 54]]
[[5,7,8,27,55,64],[34, 5, 35, 40, 38, 50, 52, 9, 39, 44, 51, 54]]
[[5,9,14,21,45,42],[34, 5, 35, 40, 38, 50, 52, 9, 39, 44, 53, 54]]
[[5,13,17,21,10,79],[34, 5, 35, 42, 49, 38, 43, 50, 52, 9, 39, 44]]
[[5,15,8,23,30,78],[34, 5, 35, 42, 49, 38, 43, 50, 9, 39, 44, 53]]
[[3,13,3,25,38,85],[34, 5, 35, 42, 49, 38, 43, 52, 9, 39, 44, 51]]
[[6,16,6,20,31,64],[34, 5, 35, 42, 38, 43, 50, 9, 39, 44, 51, 53]]
[[4,14,13,22,29,65],[34, 5, 35, 42, 38, 43, 50, 52, 9, 39, 44, 53]]
[[4,14,7,26,34,77],[34, 5, 35, 42, 49, 38, 43, 50, 9, 39, 51, 54]]
[[4,8,16,20,44,86],[34, 5, 35, 42, 49, 38, 43, 52, 9, 39, 53, 54]]
[[5,5,11,21,30,59],[34, 5, 35, 42, 38, 43, 50, 52, 9, 39, 51, 54]]
[[4,14,13,22,24,71],[34, 5, 35, 42, 49, 38, 50, 52, 9, 39, 44, 51]]
[[4,8,13,16,34,107],[34, 5, 35, 42, 38, 50, 52, 9, 39, 51, 53, 54]]
[[5,11,8,19,70,38],[34, 5, 35, 49, 38, 43, 50, 52, 9, 39, 44, 53]]
[[4,12,13,16,39,69],[34, 5, 35, 49, 38, 43, 50, 52, 9, 39, 51, 54]]
[[4,8,16,20,34,110],[34, 5, 35, 49, 38, 43, 52, 9, 39, 51, 53, 54]]
[[4,8,10,32,34,80],[34, 5, 35, 40, 42, 49, 38, 43, 50, 9, 44, 54]]
[[4,6,7,34,24,81],[34, 5, 35, 40, 42, 49, 38, 43, 52, 9, 44, 54]]
[[4,12,7,28,24,75],[34, 5, 35, 40, 42, 49, 38, 43, 9, 44, 53, 54]]
[[3,11,9,31,28,89],[34, 5, 35, 40, 42, 38, 43, 50, 9, 44, 51, 54]]
[[5,9,14,29,35,78],[34, 5, 35, 40, 42, 38, 43, 50, 9, 44, 53, 54]]
[[5,9,11,21,35,93],[34, 5, 35, 40, 42, 38, 43, 9, 44, 51, 53, 54]]
[[3,11,9,15,43,77],[34, 5, 35, 40, 42, 38, 43, 52, 9, 44, 53, 54]]
[[5,5,14,13,40,80],[34, 5, 35, 40, 42, 49, 38, 43, 50, 9, 51, 53]]
[[3,7,18,31,48,52],[34, 5, 35, 40, 42, 49, 38, 43, 50, 52, 9, 53]]
[[4,10,10,18,34,82],[34, 5, 35, 40, 42, 38, 43, 50, 52, 9, 51, 53]]
[[3,9,12,29,33,84],[34, 5, 35, 40, 42, 49, 38, 50, 52, 9, 44, 54]]
[[3,5,15,17,28,119],[34, 5, 35, 40, 42, 49, 38, 50, 9, 44, 53, 54]]
[[3,7,9,35,18,61],[34, 5, 35, 40, 42, 49, 38, 52, 9, 44, 51, 54]]
[[1,7,13,27,16,67],[34, 5, 35, 40, 42, 49, 38, 52, 9, 44, 53, 54]]
[[4,10,19,22,24,91],[34, 5, 35, 40, 42, 38, 50, 9, 44, 51, 53, 54]]
[[2,12,17,32,7,69],[34, 5, 35, 40, 42, 38, 50, 52, 9, 44, 53, 54]]
[[2,10,11,26,12,97],[34, 5, 35, 40, 49, 38, 43, 50, 9, 44, 51, 54]]
[[4,6,16,18,44,126],[34, 5, 35, 40, 49, 38, 43, 50, 9, 44, 53, 54]]
[[4,6,13,34,29,63],[34, 5, 35, 40, 49, 38, 43, 9, 44, 51, 53, 54]]
[[3,5,12,21,23,92],[34, 5, 35, 40, 38, 43, 50, 52, 9, 44, 51, 54]]
[[1,13,10,21,26,76],[34, 5, 35, 40, 38, 43, 50, 52, 9, 44, 53, 54]]
[[3,7,15,19,38,115],[34, 5, 35, 40, 38, 43, 52, 9, 44, 51, 53, 54]]
[[5,11,8,27,30,86],[34, 5, 35, 40, 49, 38, 43, 50, 52, 9, 51, 53]]
[[5,11,17,19,30,89],[34, 5, 35, 40, 49, 38, 50, 9, 44, 51, 53, 54]]
[[3,11,6,23,58,98],[34, 5, 35, 40, 49, 38, 52, 9, 44, 51, 53, 54]]
[[4,8,13,24,49,71],[34, 5, 35, 40, 38, 50, 52, 9, 44, 51, 53, 54]]
[[4,8,10,20,49,104],[34, 5, 35, 42, 49, 38, 43, 50, 52, 9, 44, 51]]
[[4,6,16,26,29,90],[34, 5, 35, 42, 49, 38, 43, 50, 52, 9, 44, 53]]
[[3,9,12,29,33,90],[34, 5, 35, 42, 49, 38, 43, 50, 52, 9, 53, 54]]
[[1,9,7,25,46,81],[34, 5, 35, 49, 38, 43, 50, 52, 9, 51, 53, 54]]
[[4,6,16,18,19,72],[34, 5, 35, 40, 42, 49, 43, 50, 9, 39, 44, 54]]
[[4,10,19,26,34,49],[34, 5, 35, 40, 42, 49, 43, 52, 9, 39, 44, 54]]
[[5,11,14,23,30,74],[34, 5, 35, 40, 42, 43, 50, 9, 39, 44, 51, 54]]
[[5,11,17,19,30,89],[34, 5, 35, 40, 42, 43, 50, 9, 39, 44, 53, 54]]
[[3,11,6,23,58,98],[34, 5, 35, 40, 42, 43, 52, 9, 39, 44, 53, 54]]
[[4,8,16,24,34,50],[34, 5, 35, 40, 42, 43, 50, 52, 9, 39, 51, 53]]
[[3,5,12,21,23,92],[34, 5, 35, 40, 42, 49, 50, 52, 9, 39, 44, 54]]
[[3,9,9,25,33,99],[34, 5, 35, 40, 42, 49, 9, 39, 44, 51, 53, 54]]
[[3,7,15,19,38,115],[34, 5, 35, 40, 42, 49, 52, 9, 39, 44, 53, 54]]
[[4,6,16,18,44,126],[34, 5, 35, 40, 42, 50, 9, 39, 44, 51, 53, 54]]
[[4,8,4,16,49,68],[34, 5, 35, 40, 42, 49, 50, 52, 9, 39, 51, 53]]
[[4,8,19,16,29,77],[34, 5, 35, 40, 49, 43, 50, 9, 39, 44, 51, 54]]
[[4,10,19,22,24,91],[34, 5, 35, 40, 49, 43, 50, 9, 39, 44, 53, 54]]
[[4,12,13,24,29,69],[34, 5, 35, 40, 49, 43, 9, 39, 44, 51, 53, 54]]
[[3,9,12,29,33,84],[34, 5, 35, 40, 43, 50, 52, 9, 39, 44, 51, 54]]
[[3,5,15,17,28,119],[34, 5, 35, 40, 43, 50, 9, 39, 44, 51, 53, 54]]
[[3,7,9,31,18,49],[34, 5, 35, 40, 43, 50, 52, 9, 39, 44, 53, 54]]
[[1,7,13,27,16,67],[34, 5, 35, 40, 43, 52, 9, 39, 44, 51, 53, 54]]
[[5,7,14,23,35,70],[34, 5, 35, 40, 49, 43, 50, 52, 9, 39, 51, 53]]
[[5,9,14,29,35,78],[34, 5, 35, 40, 49, 50, 9, 39, 44, 51, 53, 54]]
[[3,11,9,15,43,77],[34, 5, 35, 40, 49, 52, 9, 39, 44, 51, 53, 54]]
[[2,8,8,28,27,62],[34, 5, 35, 40, 50, 52, 9, 39, 44, 51, 53, 54]]
[[2,14,5,26,52,77],[34, 5, 35, 42, 49, 43, 50, 52, 9, 39, 44, 51]]
[[4,14,13,26,29,65],[34, 5, 35, 42, 49, 43, 50, 52, 9, 39, 44, 53]]
[[4,6,7,22,29,81],[34, 5, 35, 42, 43, 50, 52, 9, 39, 51, 53, 54]]
[[5,11,8,35,25,74],[34, 5, 35, 42, 49, 50, 52, 9, 39, 44, 51, 53]]
[[3,9,15,21,43,87],[34, 5, 35, 49, 43, 50, 52, 9, 39, 51, 53, 54]]
[[5,7,8,27,55,64],[34, 5, 35, 40, 42, 49, 43, 50, 52, 9, 44, 54]]
[[4,8,7,16,84,65],[34, 5, 35, 40, 42, 43, 52, 9, 44, 51, 53, 54]]
[[4,10,10,22,29,94],[34, 5, 35, 40, 42, 49, 50, 52, 9, 44, 51, 54]]
[[4,12,10,24,39,72],[34, 5, 35, 40, 49, 50, 52, 9, 44, 51, 53, 54]]
[[3,13,9,33,33,61],[34, 5, 40, 37, 42, 38, 43, 50, 9, 39, 44, 54]]
[[6,14,9,26,21,59],[34, 5, 40, 37, 42, 38, 43, 50, 9, 39, 51, 53]]
[[5,7,11,23,55,79],[34, 5, 40, 37, 42, 49, 38, 52, 9, 39, 44, 54]]
[[6,8,15,24,26,77],[34, 5, 40, 37, 42, 38, 50, 9, 39, 44, 51, 54]]
[[4,10,13,26,44,73],[34, 5, 40, 37, 42, 38, 52, 9, 39, 44, 53, 54]]
[[4,16,10,28,19,64],[34, 5, 40, 37, 42, 49, 38, 50, 9, 39, 51, 53]]
[[4,8,4,20,29,86],[34, 5, 40, 37, 42, 49, 38, 52, 9, 39, 51, 53]]
[[4,10,7,26,14,91],[34, 5, 40, 37, 49, 38, 43, 50, 9, 39, 44, 54]]
[[5,9,20,9,35,90],[34, 5, 40, 37, 38, 43, 50, 52, 9, 39, 44, 54]]
[[5,5,14,17,65,98],[34, 5, 40, 37, 38, 43, 52, 9, 39, 44, 51, 54]]
[[5,5,8,29,15,80],[34, 5, 40, 37, 38, 43, 9, 39, 44, 51, 53, 54]]
[[4,12,4,28,34,72],[34, 5, 40, 37, 38, 43, 50, 52, 9, 39, 51, 53]]
[[5,9,11,29,45,69],[34, 5, 40, 37, 49, 38, 50, 9, 39, 44, 51, 54]]
[[4,10,13,22,29,91],[34, 5, 40, 37, 38, 50, 52, 9, 39, 44, 51, 54]]
[[4,8,10,16,59,74],[34, 5, 40, 37, 38, 50, 9, 39, 44, 51, 53, 54]]
[[4,10,13,22,44,55],[34, 5, 40, 37, 38, 50, 52, 9, 39, 44, 53, 54]]
[[2,10,11,30,27,73],[34, 5, 40, 37, 38, 52, 9, 39, 44, 51, 53, 54]]
[[6,16,6,24,26,52],[34, 5, 37, 42, 49, 38, 43, 50, 52, 9, 39, 44]]
[[6,8,6,40,51,50],[34, 5, 37, 42, 49, 38, 43, 9, 39, 44, 51, 53]]
[[7,11,10,31,17,62],[34, 5, 37, 42, 38, 43, 50, 9, 39, 44, 51, 53]]
[[3,9,6,37,18,54],[34, 5, 37, 42, 49, 38, 43, 50, 9, 39, 51, 54]]
[[4,6,19,18,39,81],[34, 5, 37, 42, 38, 43, 50, 52, 9, 39, 51, 54]]
[[4,6,7,14,49,51],[34, 5, 37, 42, 49, 38, 52, 9, 39, 51, 53, 54]]
[[5,11,20,15,25,86],[34, 5, 37, 42, 38, 50, 52, 9, 39, 51, 53, 54]]
[[4,12,10,40,24,54],[34, 5, 37, 49, 38, 43, 50, 52, 9, 39, 44, 53]]
[[4,12,16,20,24,84],[34, 5, 37, 38, 43, 50, 52, 9, 39, 51, 53, 54]]
[[3,7,9,31,33,31],[34, 5, 40, 37, 42, 49, 38, 43, 52, 9, 44, 54]]
[[3,7,12,31,28,82],[34, 5, 40, 37, 42, 49, 38, 43, 9, 44, 53, 54]]
[[2,12,11,24,42,81],[34, 5, 40, 37, 42, 38, 43, 50, 9, 44, 51, 54]]
[[4,12,13,20,29,93],[34, 5, 40, 37, 42, 38, 43, 50, 9, 44, 53, 54]]
[[4,6,13,38,29,39],[34, 5, 40, 37, 42, 38, 43, 9, 44, 51, 53, 54]]
[[6,6,18,22,36,60],[34, 5, 40, 37, 42, 49, 38, 43, 50, 9, 51, 53]]
[[5,5,5,25,65,71],[34, 5, 40, 37, 42, 38, 43, 50, 52, 9, 51, 53]]
[[4,4,7,20,39,43],[34, 5, 40, 37, 42, 49, 38, 50, 52, 9, 44, 54]]
[[5,5,17,25,25,53],[34, 5, 40, 37, 42, 38, 50, 9, 44, 51, 53, 54]]
[[3,11,6,27,28,56],[34, 5, 40, 37, 42, 38, 52, 9, 44, 51, 53, 54]]
[[5,13,8,25,45,64],[34, 5, 40, 37, 49, 38, 43, 9, 44, 51, 53, 54]]
[[4,8,10,24,44,98],[34, 5, 40, 37, 38, 43, 52, 9, 44, 51, 53, 54]]
[[4,4,7,24,49,91],[34, 5, 40, 37, 49, 38, 43, 50, 52, 9, 51, 53]]
[[2,10,11,30,42,61],[34, 5, 40, 37, 49, 38, 50, 52, 9, 44, 53, 54]]
[[3,7,9,19,23,115],[34, 5, 40, 37, 38, 50, 52, 9, 44, 51, 53, 54]]
[[5,13,8,33,25,58],[34, 5, 37, 42, 49, 38, 43, 50, 52, 9, 44, 51]]
[[5,11,14,23,45,56],[34, 5, 37, 42, 49, 38, 43, 50, 9, 44, 51, 53]]
[[5,13,8,25,40,64],[34, 5, 37, 42, 49, 38, 43, 50, 52, 9, 44, 53]]
[[5,15,14,19,20,66],[34, 5, 37, 42, 49, 38, 43, 52, 9, 44, 51, 53]]
[[4,10,10,30,34,70],[34, 5, 37, 42, 38, 43, 50, 52, 9, 44, 51, 53]]
[[4,6,16,18,54,102],[34, 5, 37, 42, 49, 38, 43, 50, 9, 51, 53, 54]]
[[2,12,11,24,47,87],[34, 5, 37, 42, 49, 38, 43, 52, 9, 51, 53, 54]]
[[1,9,13,37,16,75],[34, 5, 37, 42, 38, 43, 50, 52, 9, 51, 53, 54]]
[[4,8,16,24,34,86],[34, 5, 37, 42, 49, 38, 50, 52, 9, 44, 51, 53]]
[[3,11,15,27,48,59],[34, 5, 37, 42, 49, 38, 50, 52, 9, 51, 53, 54]]
[[3,9,9,33,38,81],[34, 5, 37, 49, 38, 43, 50, 52, 9, 44, 51, 53]]
[[2,12,11,28,22,81],[34, 5, 37, 49, 38, 43, 50, 52, 9, 51, 53, 54]]
[[4,6,19,18,44,87],[34, 5, 40, 37, 42, 43, 50, 9, 39, 44, 51, 54]]
[[4,8,10,24,34,92],[34, 5, 40, 37, 42, 49, 50, 9, 39, 44, 51, 54]]
[[4,8,10,24,44,98],[34, 5, 40, 37, 42, 49, 52, 9, 39, 44, 53, 54]]
[[3,9,9,29,38,117],[34, 5, 40, 37, 42, 50, 52, 9, 39, 44, 53, 54]]
[[3,11,9,23,33,53],[34, 5, 40, 37, 42, 49, 50, 52, 9, 39, 51, 53]]
[[5,13,17,17,15,85],[34, 5, 40, 37, 49, 43, 50, 9, 39, 44, 51, 54]]
[[5,5,17,25,25,53],[34, 5, 40, 37, 49, 43, 50, 9, 39, 44, 53, 54]]
[[3,11,6,27,28,56],[34, 5, 40, 37, 49, 43, 52, 9, 39, 44, 53, 54]]
[[4,4,7,20,39,43],[34, 5, 40, 37, 43, 50, 52, 9, 39, 44, 51, 54]]
[[4,12,16,20,44,54],[34, 5, 40, 37, 43, 50, 52, 9, 39, 44, 53, 54]]
[[4,10,7,26,54,97],[34, 5, 40, 37, 49, 43, 50, 52, 9, 39, 51, 53]]
[[4,12,13,20,29,93],[34, 5, 40, 37, 49, 50, 9, 39, 44, 51, 53, 54]]
[[1,9,10,25,16,60],[34, 5, 40, 37, 50, 52, 9, 39, 44, 51, 53, 54]]
[[3,13,6,33,33,58],[34, 5, 37, 42, 49, 43, 50, 52, 9, 39, 44, 51]]
[[5,13,17,17,20,79],[34, 5, 37, 42, 49, 43, 50, 9, 39, 44, 51, 53]]
[[5,11,5,27,55,59],[34, 5, 37, 42, 49, 43, 50, 52, 9, 39, 44, 53]]
[[5,11,8,27,35,80],[34, 5, 37, 42, 49, 43, 52, 9, 39, 44, 51, 53]]
[[4,8,19,16,24,107],[34, 5, 37, 42, 49, 43, 50, 9, 39, 51, 53, 54]]
[[3,5,18,13,28,92],[34, 5, 37, 42, 43, 50, 52, 9, 39, 51, 53, 54]]
[[3,11,15,19,28,71],[34, 5, 37, 42, 49, 50, 52, 9, 39, 51, 53, 54]]
[[4,12,16,24,14,96],[34, 5, 40, 37, 42, 49, 43, 50, 9, 44, 51, 54]]
[[4,10,13,22,29,91],[34, 5, 40, 37, 42, 49, 43, 50, 52, 9, 44, 54]]
[[4,8,10,16,59,74],[34, 5, 40, 37, 42, 49, 43, 50, 9, 44, 53, 54]]
[[4,12,13,32,24,69],[34, 5, 40, 37, 42, 49, 43, 52, 9, 44, 51, 54]]
[[2,10,11,30,27,73],[34, 5, 40, 37, 42, 49, 43, 52, 9, 44, 53, 54]]
[[5,9,20,9,35,90],[34, 5, 40, 37, 42, 49, 50, 52, 9, 44, 51, 54]]
[[4,8,16,20,34,74],[34, 5, 40, 37, 42, 50, 52, 9, 44, 51, 53, 54]]
[[4,8,16,20,24,104],[34, 5, 40, 37, 49, 43, 50, 52, 9, 44, 53, 54]]
[[4,10,13,26,44,73],[34, 5, 40, 37, 49, 43, 52, 9, 44, 51, 53, 54]]
[[3,9,15,21,8,99],[34, 5, 37, 42, 49, 43, 50, 52, 9, 51, 53, 54]]
[[2,6,17,26,17,105],[34, 5, 40, 42, 49, 38, 43, 50, 9, 39, 44, 54]]
[[4,8,10,32,29,74],[34, 5, 40, 42, 49, 38, 43, 9, 39, 44, 53, 54]]
[[3,9,18,37,38,54],[34, 5, 40, 42, 38, 43, 50, 52, 9, 39, 44, 54]]
[[3,11,15,15,43,71],[34, 5, 40, 42, 38, 43, 9, 39, 44, 51, 53, 54]]
[[3,5,24,17,38,86],[34, 5, 40, 42, 38, 43, 52, 9, 39, 44, 53, 54]]
[[5,5,17,25,40,77],[34, 5, 40, 42, 49, 38, 50, 9, 39, 44, 51, 54]]
[[5,5,14,25,30,56],[34, 5, 40, 42, 49, 38, 50, 9, 39, 44, 53, 54]]
[[3,7,9,23,23,85],[34, 5, 40, 42, 49, 38, 52, 9, 39, 44, 53, 54]]
[[4,10,7,18,44,85],[34, 5, 40, 42, 38, 50, 52, 9, 39, 44, 51, 54]]
[[4,10,13,30,24,79],[34, 5, 40, 42, 38, 50, 52, 9, 39, 44, 53, 54]]
[[4,6,13,30,44,57],[34, 5, 40, 42, 49, 38, 50, 52, 9, 39, 51, 53]]
[[4,8,19,12,24,89],[34, 5, 40, 49, 38, 43, 50, 9, 39, 44, 51, 54]]
[[4,8,10,40,14,56],[34, 5, 40, 49, 38, 43, 52, 9, 39, 44, 51, 54]]
[[4,8,10,28,49,86],[34, 5, 40, 49, 38, 43, 52, 9, 39, 44, 53, 54]]
[[3,7,6,27,18,82],[34, 5, 40, 49, 38, 43, 50, 52, 9, 39, 51, 53]]
[[3,11,15,27,33,77],[34, 5, 40, 49, 38, 50, 9, 39, 44, 51, 53, 54]]
[[1,11,13,31,26,77],[34, 5, 40, 49, 38, 52, 9, 39, 44, 51, 53, 54]]
[[2,6,17,18,32,87],[34, 5, 40, 38, 50, 52, 9, 39, 44, 51, 53, 54]]
[[6,12,15,20,21,63],[34, 5, 42, 49, 38, 43, 50, 9, 39, 44, 51, 53]]
[[4,14,7,38,24,41],[34, 5, 42, 49, 38, 43, 50, 52, 9, 39, 44, 53]]
[[5,15,11,27,15,57],[34, 5, 42, 38, 43, 50, 52, 9, 39, 44, 51, 53]]
[[3,9,9,25,23,105],[34, 5, 42, 49, 38, 43, 50, 52, 9, 39, 51, 54]]
[[3,11,12,27,33,86],[34, 5, 42, 49, 38, 43, 52, 9, 39, 51, 53, 54]]
[[4,8,10,36,24,80],[34, 5, 42, 49, 38, 50, 52, 9, 39, 51, 53, 54]]
[[4,6,7,34,19,81],[34, 5, 49, 38, 43, 50, 52, 9, 39, 44, 51, 53]]
[[3,9,15,25,28,93],[34, 5, 49, 38, 43, 50, 52, 9, 39, 51, 53, 54]]
[[3,17,9,25,28,53],[34, 5, 40, 42, 49, 38, 43, 50, 9, 44, 51, 54]]
[[5,11,11,27,25,71],[34, 5, 40, 42, 49, 38, 43, 50, 9, 44, 53, 54]]
[[3,9,18,25,13,96],[34, 5, 40, 42, 49, 38, 43, 52, 9, 44, 53, 54]]
[[4,10,13,26,44,61],[34, 5, 40, 42, 38, 43, 50, 52, 9, 44, 51, 54]]
[[2,16,11,28,37,49],[34, 5, 40, 42, 38, 43, 50, 52, 9, 44, 53, 54]]
[[4,10,10,22,24,94],[34, 5, 40, 42, 38, 43, 52, 9, 44, 51, 53, 54]]
[[6,12,9,32,31,51],[34, 5, 40, 42, 49, 38, 43, 50, 52, 9, 51, 53]]
[[6,12,12,20,36,66],[34, 5, 40, 42, 49, 38, 50, 9, 44, 51, 53, 54]]
[[5,11,14,23,25,74],[34, 5, 40, 42, 38, 50, 52, 9, 44, 51, 53, 54]]
[[3,11,9,15,58,89],[34, 5, 40, 49, 38, 43, 50, 52, 9, 44, 53, 54]]
[[5,13,17,13,30,67],[34, 5, 40, 49, 38, 43, 52, 9, 44, 51, 53, 54]]
[[4,14,13,26,19,65],[34, 5, 40, 49, 38, 50, 52, 9, 44, 51, 53, 54]]
[[2,14,14,18,42,104],[34, 5, 42, 49, 38, 43, 50, 52, 9, 51, 53, 54]]
[[5,11,20,15,25,80],[34, 5, 40, 42, 49, 43, 50, 9, 39, 44, 51, 54]]
[[5,11,17,19,30,65],[34, 5, 40, 42, 49, 43, 50, 9, 39, 44, 53, 54]]
[[5,9,14,21,25,78],[34, 5, 40, 42, 49, 43, 9, 39, 44, 51, 53, 54]]
[[4,10,16,18,14,112],[34, 5, 40, 42, 43, 50, 52, 9, 39, 44, 51, 54]]
[[4,12,10,28,29,60],[34, 5, 40, 42, 43, 50, 9, 39, 44, 51, 53, 54]]
[[4,14,13,26,19,65],[34, 5, 40, 42, 43, 50, 52, 9, 39, 44, 53, 54]]
[[6,10,9,30,46,43],[34, 5, 40, 42, 49, 50, 9, 39, 44, 51, 53, 54]]
[[3,11,9,15,58,89],[34, 5, 40, 42, 50, 52, 9, 39, 44, 51, 53, 54]]
[[5,11,14,23,25,74],[34, 5, 40, 49, 43, 50, 52, 9, 39, 44, 53, 54]]
[[3,11,15,23,38,71],[34, 5, 40, 49, 43, 52, 9, 39, 44, 51, 53, 54]]
[[2,16,11,28,37,49],[34, 5, 40, 49, 50, 52, 9, 39, 44, 51, 53, 54]]
[[4,10,10,22,34,70],[34, 5, 42, 49, 43, 50, 52, 9, 39, 51, 53, 54]]
[[4,8,16,12,19,116],[34, 5, 40, 42, 49, 43, 50, 9, 44, 51, 53, 54]]
[[2,6,17,18,32,87],[34, 5, 40, 42, 49, 43, 50, 52, 9, 44, 53, 54]]
[[4,10,13,30,24,79],[34, 5, 40, 49, 43, 50, 52, 9, 44, 51, 53, 54]]
[[6,10,12,18,46,58],[5, 35, 40, 37, 42, 38, 43, 9, 39, 44, 53, 54]]
[[6,12,9,28,31,63],[5, 35, 40, 37, 42, 49, 38, 43, 50, 9, 39, 53]]
[[4,12,16,28,14,84],[5, 35, 40, 37, 42, 49, 38, 43, 9, 39, 51, 53]]
[[5,17,11,21,10,59],[5, 35, 40, 37, 42, 38, 43, 50, 9, 39, 51, 53]]
[[5,9,11,25,45,45],[5, 35, 40, 37, 42, 38, 43, 50, 52, 9, 39, 53]]
[[5,11,11,31,25,71],[5, 35, 40, 37, 42, 38, 43, 52, 9, 39, 51, 53]]
[[4,8,16,20,29,80],[5, 35, 40, 37, 42, 49, 38, 52, 9, 39, 44, 54]]
[[5,13,8,25,55,46],[5, 35, 40, 37, 42, 38, 50, 9, 39, 44, 51, 54]]
[[5,9,14,17,40,84],[5, 35, 40, 37, 42, 38, 50, 9, 39, 44, 53, 54]]
[[5,11,14,23,50,50],[5, 35, 40, 37, 42, 38, 9, 39, 44, 51, 53, 54]]
[[5,9,14,25,45,78],[5, 35, 40, 37, 42, 49, 38, 50, 9, 39, 51, 53]]
[[6,12,15,12,26,105],[5, 35, 40, 37, 42, 38, 50, 52, 9, 39, 51, 53]]
[[3,15,9,27,38,69],[5, 35, 40, 37, 49, 38, 43, 50, 9, 39, 44, 54]]
[[5,9,14,25,40,72],[5, 35, 40, 37, 49, 38, 43, 9, 39, 44, 53, 54]]
[[4,10,13,26,44,61],[5, 35, 40, 37, 38, 43, 50, 52, 9, 39, 44, 54]]
[[4,10,16,30,24,82],[5, 35, 40, 37, 38, 43, 52, 9, 39, 44, 51, 54]]
[[4,10,16,22,34,94],[5, 35, 40, 37, 38, 43, 9, 39, 44, 51, 53, 54]]
[[6,8,15,20,41,77],[5, 35, 40, 37, 49, 38, 43, 50, 52, 9, 39, 53]]
[[6,6,9,26,31,87],[5, 35, 40, 37, 49, 38, 43, 52, 9, 39, 51, 53]]
[[6,8,18,24,21,68],[5, 35, 40, 37, 49, 38, 50, 9, 39, 44, 53, 54]]
[[6,6,12,22,26,84],[5, 35, 40, 37, 49, 38, 9, 39, 44, 51, 53, 54]]
[[5,13,17,17,20,85],[5, 35, 40, 37, 38, 50, 52, 9, 39, 44, 53, 54]]
[[3,9,18,17,8,90],[5, 35, 40, 37, 38, 52, 9, 39, 44, 51, 53, 54]]
[[5,15,5,23,25,93],[5, 35, 40, 37, 49, 38, 50, 52, 9, 39, 51, 53]]
[[5,13,11,21,25,91],[5, 35, 37, 42, 49, 38, 43, 52, 9, 39, 44, 53]]
[[4,14,10,26,19,80],[5, 35, 37, 42, 38, 43, 50, 52, 9, 39, 44, 51]]
[[6,14,15,18,6,71],[5, 35, 37, 42, 38, 43, 50, 9, 39, 44, 51, 53]]
[[6,6,12,18,26,72],[5, 35, 37, 42, 49, 38, 43, 9, 39, 51, 53, 54]]
[[5,9,14,25,25,90],[5, 35, 37, 42, 38, 43, 52, 9, 39, 51, 53, 54]]
[[6,8,9,20,41,65],[5, 35, 37, 42, 49, 38, 52, 9, 39, 44, 51, 53]]
[[5,13,14,21,25,76],[5, 35, 37, 42, 49, 38, 50, 9, 39, 51, 53, 54]]
[[4,8,19,16,29,113],[5, 35, 37, 42, 38, 50, 52, 9, 39, 51, 53, 54]]
[[7,9,10,33,32,48],[5, 35, 37, 49, 38, 43, 50, 9, 39, 44, 51, 53]]
[[2,8,17,24,47,77],[5, 35, 37, 49, 38, 43, 50, 52, 9, 39, 53, 54]]
[[4,12,13,16,44,51],[5, 35, 37, 49, 38, 43, 52, 9, 39, 51, 53, 54]]
[[5,11,14,27,30,68],[5, 35, 37, 49, 38, 50, 52, 9, 39, 51, 53, 54]]
[[4,4,13,28,34,97],[5, 35, 40, 37, 42, 49, 38, 43, 50, 9, 44, 54]]
[[4,6,16,30,29,66],[5, 35, 40, 37, 42, 49, 38, 43, 52, 9, 44, 54]]
[[5,11,14,23,25,92],[5, 35, 40, 37, 42, 38, 43, 9, 44, 51, 53, 54]]
[[5,9,14,29,35,48],[5, 35, 40, 37, 42, 49, 38, 43, 50, 9, 51, 53]]
[[3,9,12,33,48,54],[5, 35, 40, 37, 42, 49, 38, 43, 50, 52, 9, 53]]
[[4,8,13,24,19,65],[5, 35, 40, 37, 42, 38, 43, 50, 52, 9, 51, 53]]
[[3,7,15,15,23,103],[5, 35, 40, 37, 42, 49, 38, 50, 9, 44, 51, 54]]
[[3,3,15,23,38,93],[5, 35, 40, 37, 42, 49, 38, 50, 52, 9, 44, 54]]
[[3,5,27,21,38,83],[5, 35, 40, 37, 42, 49, 38, 50, 9, 44, 53, 54]]
[[3,15,15,27,13,63],[5, 35, 40, 37, 42, 49, 38, 52, 9, 44, 51, 54]]
[[1,7,13,31,46,85],[5, 35, 40, 37, 42, 49, 38, 52, 9, 44, 53, 54]]
[[4,6,19,10,34,87],[5, 35, 40, 37, 42, 38, 50, 9, 44, 51, 53, 54]]
[[2,12,17,24,2,69],[5, 35, 40, 37, 49, 38, 43, 50, 9, 44, 51, 54]]
[[4,12,16,24,29,72],[5, 35, 40, 37, 49, 38, 43, 50, 9, 44, 53, 54]]
[[4,10,19,22,29,85],[5, 35, 40, 37, 49, 38, 43, 9, 44, 51, 53, 54]]
[[2,10,8,34,42,82],[5, 35, 40, 37, 49, 38, 43, 52, 9, 44, 53, 54]]
[[3,5,12,25,23,86],[5, 35, 40, 37, 38, 43, 50, 52, 9, 44, 51, 54]]
[[1,9,13,41,26,81],[5, 35, 40, 37, 38, 43, 50, 52, 9, 44, 53, 54]]
[[3,9,9,29,18,69],[5, 35, 40, 37, 38, 43, 52, 9, 44, 51, 53, 54]]
[[5,7,14,15,25,94],[5, 35, 40, 37, 49, 38, 43, 50, 52, 9, 51, 53]]
[[5,9,14,29,25,60],[5, 35, 40, 37, 49, 38, 50, 9, 44, 51, 53, 54]]
[[3,9,15,17,33,81],[5, 35, 40, 37, 49, 38, 52, 9, 44, 51, 53, 54]]
[[4,8,10,36,19,68],[5, 35, 40, 37, 38, 50, 52, 9, 44, 51, 53, 54]]
[[4,10,16,26,44,64],[5, 35, 37, 42, 49, 38, 43, 50, 9, 44, 51, 53]]
[[4,10,16,26,19,100],[5, 35, 37, 42, 49, 38, 43, 50, 52, 9, 44, 53]]
[[4,16,7,28,24,61],[5, 35, 37, 42, 49, 38, 43, 52, 9, 44, 51, 53]]
[[3,13,15,25,23,79],[5, 35, 37, 42, 38, 43, 50, 52, 9, 44, 51, 53]]
[[5,13,14,25,15,82],[5, 35, 37, 42, 49, 38, 43, 50, 9, 51, 53, 54]]
[[3,9,9,29,28,93],[5, 35, 37, 42, 49, 38, 43, 50, 52, 9, 53, 54]]
[[2,8,11,28,12,101],[5, 35, 37, 42, 38, 43, 50, 52, 9, 51, 53, 54]]
[[5,13,14,17,25,82],[5, 35, 37, 42, 49, 38, 50, 52, 9, 44, 51, 53]]
[[2,8,8,32,17,68],[5, 35, 37, 42, 49, 38, 50, 52, 9, 51, 53, 54]]
[[4,8,16,24,29,80],[5, 35, 37, 49, 38, 43, 50, 52, 9, 44, 51, 53]]
[[1,11,13,27,16,59],[5, 35, 37, 49, 38, 43, 50, 52, 9, 51, 53, 54]]
[[5,9,14,29,35,72],[5, 35, 40, 37, 42, 43, 50, 9, 39, 44, 51, 54]]
[[5,9,14,29,25,60],[5, 35, 40, 37, 42, 43, 50, 9, 39, 44, 53, 54]]
[[3,9,15,17,33,81],[5, 35, 40, 37, 42, 43, 52, 9, 39, 44, 53, 54]]
[[3,11,18,19,33,68],[5, 35, 40, 37, 42, 49, 43, 50, 9, 39, 51, 53]]
[[3,7,15,23,33,97],[5, 35, 40, 37, 42, 49, 43, 52, 9, 39, 51, 53]]
[[4,12,7,32,34,63],[5, 35, 40, 37, 42, 43, 50, 52, 9, 39, 51, 53]]
[[3,5,12,25,23,86],[5, 35, 40, 37, 42, 49, 50, 52, 9, 39, 44, 54]]
[[3,9,15,29,13,87],[5, 35, 40, 37, 42, 49, 9, 39, 44, 51, 53, 54]]
[[3,9,9,29,18,69],[5, 35, 40, 37, 42, 49, 52, 9, 39, 44, 53, 54]]
[[4,12,16,24,29,72],[5, 35, 40, 37, 42, 50, 9, 39, 44, 51, 53, 54]]
[[2,10,8,34,42,82],[5, 35, 40, 37, 42, 52, 9, 39, 44, 51, 53, 54]]
[[4,4,16,20,39,64],[5, 35, 40, 37, 49, 43, 50, 9, 39, 44, 51, 54]]
[[4,6,19,10,34,87],[5, 35, 40, 37, 49, 43, 50, 9, 39, 44, 53, 54]]
[[4,14,19,18,19,59],[5, 35, 40, 37, 49, 43, 9, 39, 44, 51, 53, 54]]
[[3,3,15,23,38,93],[5, 35, 40, 37, 43, 50, 52, 9, 39, 44, 51, 54]]
[[3,5,27,21,38,83],[5, 35, 40, 37, 43, 50, 9, 39, 44, 51, 53, 54]]
[[1,7,13,31,46,85],[5, 35, 40, 37, 43, 52, 9, 39, 44, 51, 53, 54]]
[[3,5,9,17,13,59],[5, 35, 40, 37, 49, 50, 52, 9, 39, 44, 53, 54]]
[[2,8,11,32,27,89],[5, 35, 37, 42, 49, 43, 50, 52, 9, 39, 44, 51]]
[[4,12,7,32,39,81],[5, 35, 37, 42, 49, 43, 50, 52, 9, 39, 44, 53]]
[[5,11,14,15,20,122],[5, 35, 37, 42, 49, 43, 50, 9, 39, 51, 53, 54]]
[[3,9,9,29,23,99],[5, 35, 37, 42, 49, 43, 52, 9, 39, 51, 53, 54]]
[[5,13,11,17,30,97],[5, 35, 37, 42, 49, 50, 52, 9, 39, 44, 51, 53]]
[[3,5,15,25,33,101],[5, 35, 37, 49, 43, 50, 52, 9, 39, 51, 53, 54]]
[[5,11,14,27,30,86],[5, 35, 40, 37, 42, 49, 43, 50, 9, 44, 51, 54]]
[[3,9,18,17,8,90],[5, 35, 40, 37, 42, 49, 43, 52, 9, 44, 53, 54]]
[[6,8,18,24,21,68],[5, 35, 40, 37, 42, 43, 50, 9, 44, 51, 53, 54]]
[[4,10,13,26,44,61],[5, 35, 40, 37, 42, 49, 50, 52, 9, 44, 51, 54]]
[[2,12,11,28,27,69],[5, 35, 40, 37, 42, 49, 50, 52, 9, 44, 53, 54]]
[[5,9,14,17,40,84],[5, 35, 40, 37, 49, 43, 50, 9, 44, 51, 53, 54]]
[[4,10,16,26,29,76],[5, 35, 40, 37, 43, 50, 52, 9, 44, 51, 53, 54]]
[[5,13,11,25,20,85],[5, 35, 37, 42, 49, 43, 50, 52, 9, 44, 51, 53]]
[[5,9,11,25,30,63],[5, 35, 40, 42, 49, 38, 43, 9, 39, 44, 53, 54]]
[[4,8,13,12,29,89],[5, 35, 40, 42, 38, 43, 50, 9, 39, 44, 51, 54]]
[[4,6,10,26,34,84],[5, 35, 40, 42, 38, 43, 52, 9, 39, 44, 51, 54]]
[[4,10,16,30,39,46],[5, 35, 40, 42, 38, 43, 52, 9, 39, 44, 53, 54]]
[[4,6,7,14,39,69],[5, 35, 40, 42, 49, 38, 43, 50, 52, 9, 39, 53]]
[[4,14,10,26,29,62],[5, 35, 40, 42, 49, 38, 43, 52, 9, 39, 51, 53]]
[[3,5,9,21,28,53],[5, 35, 40, 42, 38, 43, 50, 52, 9, 39, 51, 53]]
[[4,8,22,20,29,92],[5, 35, 40, 42, 49, 38, 50, 9, 39, 44, 51, 54]]
[[4,10,22,18,19,82],[5, 35, 40, 42, 49, 38, 50, 9, 39, 44, 53, 54]]
[[4,6,13,22,24,75],[5, 35, 40, 42, 49, 38, 9, 39, 44, 51, 53, 54]]
[[3,5,15,33,33,83],[5, 35, 40, 42, 38, 50, 52, 9, 39, 44, 51, 54]]
[[3,11,9,27,33,89],[5, 35, 40, 42, 38, 50, 52, 9, 39, 44, 53, 54]]
[[3,5,18,21,33,92],[5, 35, 40, 49, 38, 43, 50, 52, 9, 39, 44, 54]]
[[3,7,12,31,28,94],[5, 35, 40, 49, 38, 43, 52, 9, 39, 44, 51, 54]]
[[3,13,12,21,43,76],[5, 35, 40, 49, 38, 43, 9, 39, 44, 51, 53, 54]]
[[4,6,13,22,14,69],[5, 35, 40, 38, 43, 50, 9, 39, 44, 51, 53, 54]]
[[2,8,11,32,32,83],[5, 35, 40, 38, 43, 52, 9, 39, 44, 51, 53, 54]]
[[4,10,22,22,19,82],[5, 35, 40, 49, 38, 50, 52, 9, 39, 44, 51, 54]]
[[4,10,10,30,34,88],[5, 35, 40, 49, 38, 50, 52, 9, 39, 44, 53, 54]]
[[3,13,12,21,43,88],[5, 35, 42, 49, 38, 43, 50, 52, 9, 39, 44, 53]]
[[4,8,10,20,29,104],[5, 35, 42, 38, 43, 50, 52, 9, 39, 44, 51, 53]]
[[4,10,10,22,59,70],[5, 35, 42, 49, 38, 43, 50, 52, 9, 39, 51, 54]]
[[4,14,16,18,29,74],[5, 35, 42, 49, 38, 43, 52, 9, 39, 51, 53, 54]]
[[3,7,6,19,13,94],[5, 35, 42, 38, 43, 50, 52, 9, 39, 51, 53, 54]]
[[3,11,12,23,13,86],[5, 35, 42, 49, 38, 50, 52, 9, 39, 51, 53, 54]]
[[5,11,11,31,30,83],[5, 35, 49, 38, 43, 50, 52, 9, 39, 44, 51, 53]]
[[4,10,13,22,19,109],[5, 35, 40, 42, 49, 38, 43, 52, 9, 44, 53, 54]]
[[5,7,11,23,20,85],[5, 35, 40, 42, 38, 43, 50, 52, 9, 44, 51, 54]]
[[5,9,8,25,35,60],[5, 35, 40, 42, 49, 38, 43, 50, 52, 9, 51, 53]]
[[5,11,11,31,30,65],[5, 35, 40, 42, 49, 38, 50, 9, 44, 51, 53, 54]]
[[3,11,9,35,28,71],[5, 35, 40, 42, 49, 38, 50, 52, 9, 44, 53, 54]]
[[4,10,13,22,44,55],[5, 35, 40, 42, 38, 50, 52, 9, 44, 51, 53, 54]]
[[4,16,13,20,19,73],[5, 35, 40, 49, 38, 43, 50, 52, 9, 44, 51, 54]]
[[2,10,8,22,27,88],[5, 35, 40, 49, 38, 43, 50, 52, 9, 44, 53, 54]]
[[4,8,13,16,34,107],[5, 35, 40, 49, 38, 43, 52, 9, 44, 51, 53, 54]]
[[4,12,7,24,49,81],[5, 35, 42, 49, 38, 43, 50, 52, 9, 44, 51, 53]]
[[6,8,15,32,31,53],[5, 35, 40, 42, 49, 43, 50, 9, 39, 44, 51, 54]]
[[4,8,22,16,34,86],[5, 35, 40, 42, 49, 43, 52, 9, 39, 44, 53, 54]]
[[5,11,17,19,40,65],[5, 35, 40, 42, 43, 50, 52, 9, 39, 44, 51, 54]]
[[5,9,17,21,45,81],[5, 35, 40, 42, 43, 50, 9, 39, 44, 51, 53, 54]]
[[5,9,8,21,30,108],[5, 35, 40, 42, 49, 43, 50, 52, 9, 39, 51, 53]]
[[5,17,8,17,30,74],[5, 35, 40, 42, 49, 50, 9, 39, 44, 51, 53, 54]]
[[2,10,8,22,27,88],[5, 35, 40, 42, 50, 52, 9, 39, 44, 51, 53, 54]]
[[4,14,10,22,39,74],[5, 35, 40, 49, 43, 50, 52, 9, 39, 44, 51, 54]]
[[4,14,10,22,39,74],[5, 35, 40, 49, 43, 50, 9, 39, 44, 51, 53, 54]]
[[4,10,13,22,44,55],[5, 35, 40, 49, 43, 50, 52, 9, 39, 44, 53, 54]]
[[3,11,9,35,28,71],[5, 35, 40, 43, 50, 52, 9, 39, 44, 51, 53, 54]]
[[5,7,14,23,45,94],[5, 35, 42, 49, 43, 50, 52, 9, 39, 51, 53, 54]]
[[5,5,14,25,25,68],[5, 35, 40, 42, 49, 43, 50, 9, 44, 51, 53, 54]]
[[3,13,9,25,23,91],[5, 35, 40, 42, 49, 43, 52, 9, 44, 51, 53, 54]]
[[4,10,10,30,34,88],[5, 35, 40, 42, 43, 50, 52, 9, 44, 51, 53, 54]]
[[3,11,9,27,33,89],[5, 35, 40, 49, 43, 50, 52, 9, 44, 51, 53, 54]]
[[2,6,14,30,32,102],[5, 40, 37, 42, 49, 38, 43, 50, 9, 39, 44, 54]]
[[4,10,13,18,39,79],[5, 40, 37, 42, 49, 38, 43, 9, 39, 44, 53, 54]]
[[3,11,15,31,33,71],[5, 40, 37, 42, 38, 43, 50, 52, 9, 39, 44, 54]]
[[3,5,18,21,38,92],[5, 40, 37, 42, 38, 43, 9, 39, 44, 51, 53, 54]]
[[3,9,9,21,13,75],[5, 40, 37, 42, 38, 43, 52, 9, 39, 44, 53, 54]]
[[5,9,8,29,40,96],[5, 40, 37, 42, 49, 38, 43, 50, 9, 39, 51, 53]]
[[5,9,11,13,30,87],[5, 40, 37, 42, 49, 38, 43, 50, 52, 9, 39, 53]]
[[4,10,19,22,29,97],[5, 40, 37, 42, 38, 43, 50, 52, 9, 39, 51, 53]]
[[5,9,20,25,30,48],[5, 40, 37, 42, 49, 38, 50, 9, 39, 44, 53, 54]]
[[5,11,8,19,30,74],[5, 40, 37, 42, 49, 38, 9, 39, 44, 51, 53, 54]]
[[3,7,15,23,18,97],[5, 40, 37, 42, 49, 38, 52, 9, 39, 44, 53, 54]]
[[4,8,13,24,34,113],[5, 40, 37, 42, 38, 50, 52, 9, 39, 44, 51, 54]]
[[4,8,22,20,24,92],[5, 40, 37, 42, 38, 50, 9, 39, 44, 51, 53, 54]]
[[4,12,7,28,39,81],[5, 40, 37, 42, 38, 50, 52, 9, 39, 44, 53, 54]]
[[4,12,13,24,19,105],[5, 40, 37, 42, 49, 38, 50, 52, 9, 39, 51, 53]]
[[4,10,13,26,34,79],[5, 40, 37, 49, 38, 43, 50, 52, 9, 39, 44, 54]]
[[4,10,16,14,14,106],[5, 40, 37, 49, 38, 43, 52, 9, 39, 44, 51, 54]]
[[4,10,16,30,19,70],[5, 40, 37, 49, 38, 43, 9, 39, 44, 51, 53, 54]]
[[5,11,11,27,45,47],[5, 40, 37, 38, 43, 50, 9, 39, 44, 51, 53, 54]]
[[3,11,12,31,38,56],[5, 40, 37, 38, 43, 50, 52, 9, 39, 44, 53, 54]]
[[3,7,15,27,33,55],[5, 40, 37, 49, 38, 43, 50, 52, 9, 39, 51, 53]]
[[3,3,15,15,33,87],[5, 40, 37, 49, 38, 50, 52, 9, 39, 44, 51, 54]]
[[3,9,18,25,18,90],[5, 40, 37, 49, 38, 50, 9, 39, 44, 51, 53, 54]]
[[1,13,10,29,36,76],[5, 40, 37, 49, 38, 52, 9, 39, 44, 51, 53, 54]]
[[6,14,9,26,16,71],[5, 37, 42, 49, 38, 43, 50, 9, 39, 44, 51, 53]]
[[5,7,11,27,20,67],[5, 37, 42, 38, 43, 50, 52, 9, 39, 44, 51, 53]]
[[3,9,15,25,28,93],[5, 37, 42, 49, 38, 43, 50, 52, 9, 39, 51, 54]]
[[4,12,7,28,39,69],[5, 37, 42, 49, 38, 50, 52, 9, 39, 51, 53, 54]]
[[4,12,10,28,24,72],[5, 37, 49, 38, 43, 50, 52, 9, 39, 44, 51, 53]]
[[3,7,9,19,23,67],[5, 37, 49, 38, 43, 50, 52, 9, 39, 51, 53, 54]]
[[3,9,12,33,33,66],[5, 40, 37, 42, 49, 38, 43, 50, 9, 44, 51, 54]]
[[4,12,19,24,14,81],[5, 40, 37, 42, 38, 43, 50, 52, 9, 44, 51, 54]]
[[6,6,15,18,31,75],[5, 40, 37, 42, 49, 38, 43, 50, 52, 9, 51, 53]]
[[6,12,15,20,16,87],[5, 40, 37, 42, 49, 38, 50, 9, 44, 51, 53, 54]]
[[4,8,16,16,29,74],[5, 40, 37, 42, 49, 38, 52, 9, 44, 51, 53, 54]]
[[5,9,14,21,45,42],[5, 40, 37, 42, 38, 50, 52, 9, 44, 51, 53, 54]]
[[5,11,20,15,25,86],[5, 40, 37, 49, 38, 43, 52, 9, 44, 51, 53, 54]]
[[4,8,13,16,39,95],[5, 40, 37, 38, 43, 50, 52, 9, 44, 51, 53, 54]]
[[5,11,14,23,35,44],[5, 37, 42, 49, 38, 43, 50, 52, 9, 44, 51, 53]]
[[2,10,11,30,27,73],[5, 37, 42, 49, 38, 43, 50, 52, 9, 51, 53, 54]]
[[5,13,14,17,45,34],[5, 40, 37, 42, 49, 43, 50, 9, 39, 44, 51, 54]]
[[4,6,13,18,24,75],[5, 40, 37, 42, 43, 50, 52, 9, 39, 44, 51, 54]]
[[4,14,16,22,9,92],[5, 40, 37, 42, 43, 50, 9, 39, 44, 51, 53, 54]]
[[4,8,13,16,39,95],[5, 40, 37, 42, 49, 50, 52, 9, 39, 44, 53, 54]]
[[5,11,17,15,25,95],[5, 40, 37, 49, 43, 50, 52, 9, 39, 44, 51, 54]]
[[5,9,14,21,45,42],[5, 40, 37, 49, 43, 50, 52, 9, 39, 44, 53, 54]]
[[4,6,19,14,24,87],[5, 40, 37, 42, 49, 43, 50, 9, 44, 51, 53, 54]]
[[3,11,12,31,38,56],[5, 40, 37, 42, 49, 50, 52, 9, 44, 51, 53, 54]]
[[4,12,7,28,39,81],[5, 40, 37, 49, 43, 50, 52, 9, 44, 51, 53, 54]]
[[4,6,19,10,39,99],[5, 40, 42, 49, 38, 43, 52, 9, 39, 44, 53, 54]]
[[5,9,8,29,45,78],[5, 40, 42, 38, 43, 50, 9, 39, 44, 51, 53, 54]]
[[5,5,11,29,50,107],[5, 40, 42, 49, 38, 50, 52, 9, 39, 44, 51, 54]]
[[5,11,14,31,10,74],[5, 40, 42, 49, 38, 50, 52, 9, 39, 44, 53, 54]]
[[4,10,10,18,34,100],[5, 40, 49, 38, 43, 50, 52, 9, 39, 44, 53, 54]]
[[6,8,12,24,46,62],[5, 42, 49, 38, 43, 50, 52, 9, 39, 44, 51, 53]]
[[3,9,15,21,38,99],[5, 40, 42, 49, 38, 43, 50, 52, 9, 44, 51, 54]]
[[1,9,7,29,26,75],[5, 40, 42, 49, 38, 43, 50, 52, 9, 44, 53, 54]]
[[4,8,7,32,39,83],[5, 40, 42, 49, 38, 50, 52, 9, 44, 51, 53, 54]]
[[3,7,12,31,33,76],[5, 40, 42, 49, 43, 50, 52, 9, 39, 44, 51, 54]]
[[3,9,18,29,28,66],[5, 40, 42, 49, 43, 50, 52, 9, 39, 44, 53, 54]]
[[1,9,7,17,11,57],[5, 40, 42, 49, 43, 52, 9, 39, 44, 51, 53, 54]]
[[3,7,9,31,38,79],[5, 40, 49, 43, 50, 52, 9, 39, 44, 51, 53, 54]]
[[4,8,16,20,39,116],[5, 40, 42, 49, 43, 50, 52, 9, 44, 51, 53, 54]]
[[5,11,11,35,25,71],[34, 5, 35, 40, 37, 42, 38, 43, 50, 39, 44, 53]]
[[5,15,11,19,30,57],[34, 5, 35, 40, 37, 42, 38, 43, 52, 39, 44, 51]]
[[5,11,11,23,45,65],[34, 5, 35, 40, 37, 42, 38, 43, 52, 39, 44, 53]]
[[3,9,21,21,33,81],[34, 5, 35, 40, 37, 42, 49, 38, 43, 50, 39, 54]]
[[3,7,12,19,33,100],[34, 5, 35, 40, 37, 42, 49, 38, 43, 52, 39, 54]]
[[4,8,16,28,39,80],[34, 5, 35, 40, 37, 42, 38, 43, 50, 39, 51, 54]]
[[4,6,16,22,24,60],[34, 5, 35, 40, 37, 42, 38, 43, 50, 39, 53, 54]]
[[4,6,13,22,39,87],[34, 5, 35, 40, 37, 42, 38, 43, 39, 51, 53, 54]]
[[3,7,9,31,23,67],[34, 5, 35, 40, 37, 42, 49, 38, 50, 52, 39, 44]]
[[5,7,17,19,25,73],[34, 5, 35, 40, 37, 42, 49, 38, 50, 39, 44, 53]]
[[3,17,9,29,33,41],[34, 5, 35, 40, 37, 42, 49, 38, 39, 44, 51, 53]]
[[4,8,10,20,49,104],[34, 5, 35, 40, 37, 42, 38, 50, 52, 39, 44, 51]]
[[4,6,16,26,29,90],[34, 5, 35, 40, 37, 42, 38, 50, 52, 39, 44, 53]]
[[4,8,10,24,34,92],[34, 5, 35, 40, 37, 42, 49, 38, 50, 39, 51, 54]]
[[4,12,13,16,34,69],[34, 5, 35, 40, 37, 42, 49, 38, 52, 39, 51, 54]]
[[4,8,16,16,24,80],[34, 5, 35, 40, 37, 42, 49, 38, 52, 39, 53, 54]]
[[3,9,12,29,33,90],[34, 5, 35, 40, 37, 42, 38, 50, 52, 39, 53, 54]]
[[2,14,5,26,52,77],[34, 5, 35, 40, 37, 49, 38, 43, 50, 52, 39, 44]]
[[4,10,10,30,29,82],[34, 5, 35, 40, 37, 49, 38, 43, 52, 39, 44, 51]]
[[4,14,16,26,14,74],[34, 5, 35, 40, 37, 49, 38, 43, 39, 44, 51, 53]]
[[3,9,18,25,18,102],[34, 5, 35, 40, 37, 38, 43, 50, 39, 44, 51, 53]]
[[3,7,6,35,23,76],[34, 5, 35, 40, 37, 38, 43, 52, 39, 44, 51, 53]]
[[5,7,14,31,30,58],[34, 5, 35, 40, 37, 49, 38, 43, 50, 39, 51, 54]]
[[4,6,10,22,49,102],[34, 5, 35, 40, 37, 38, 43, 50, 52, 39, 51, 54]]
[[4,6,7,22,29,81],[34, 5, 35, 40, 37, 38, 43, 50, 52, 39, 53, 54]]
[[5,11,14,23,30,74],[34, 5, 35, 40, 37, 49, 38, 50, 52, 39, 44, 51]]
[[5,11,8,35,25,74],[34, 5, 35, 40, 37, 49, 38, 50, 52, 39, 44, 53]]
[[4,8,28,16,24,80],[34, 5, 35, 40, 37, 49, 38, 50, 39, 51, 53, 54]]
[[2,8,11,28,22,65],[34, 5, 35, 40, 37, 49, 38, 52, 39, 51, 53, 54]]
[[1,9,7,25,46,81],[34, 5, 35, 40, 37, 38, 50, 52, 39, 51, 53, 54]]
[[4,8,19,16,29,77],[34, 5, 35, 37, 42, 49, 38, 43, 50, 39, 44, 54]]
[[4,12,13,24,29,69],[34, 5, 35, 37, 42, 49, 38, 43, 39, 44, 53, 54]]
[[3,9,12,29,33,84],[34, 5, 35, 37, 42, 38, 43, 50, 52, 39, 44, 54]]
[[3,5,15,17,28,119],[34, 5, 35, 37, 42, 38, 43, 50, 39, 44, 53, 54]]
[[3,7,9,35,18,61],[34, 5, 35, 37, 42, 38, 43, 52, 39, 44, 51, 54]]
[[1,7,13,27,16,67],[34, 5, 35, 37, 42, 38, 43, 52, 39, 44, 53, 54]]
[[5,13,11,25,25,73],[34, 5, 35, 37, 42, 49, 38, 43, 50, 39, 51, 53]]
[[5,7,14,23,35,70],[34, 5, 35, 37, 42, 49, 38, 43, 50, 52, 39, 53]]
[[5,11,5,27,45,65],[34, 5, 35, 37, 42, 49, 38, 43, 52, 39, 51, 53]]
[[3,11,9,31,28,89],[34, 5, 35, 37, 42, 49, 38, 50, 39, 44, 51, 54]]
[[5,9,14,29,35,78],[34, 5, 35, 37, 42, 49, 38, 50, 39, 44, 53, 54]]
[[5,9,11,21,35,93],[34, 5, 35, 37, 42, 49, 38, 39, 44, 51, 53, 54]]
[[3,11,9,15,43,77],[34, 5, 35, 37, 42, 49, 38, 52, 39, 44, 53, 54]]
[[2,8,8,28,27,62],[34, 5, 35, 37, 42, 38, 50, 52, 39, 44, 53, 54]]
[[4,10,10,18,34,82],[34, 5, 35, 37, 42, 49, 38, 50, 52, 39, 51, 53]]
[[4,6,16,18,19,72],[34, 5, 35, 37, 49, 38, 43, 50, 39, 44, 51, 54]]
[[4,8,10,24,44,80],[34, 5, 35, 37, 49, 38, 43, 50, 52, 39, 44, 54]]
[[4,10,13,14,19,103],[34, 5, 35, 37, 49, 38, 43, 50, 39, 44, 53, 54]]
[[4,10,19,26,34,49],[34, 5, 35, 37, 49, 38, 43, 52, 39, 44, 51, 54]]
[[5,11,17,19,30,89],[34, 5, 35, 37, 38, 43, 50, 39, 44, 51, 53, 54]]
[[3,11,6,23,58,98],[34, 5, 35, 37, 38, 43, 52, 39, 44, 51, 53, 54]]
[[3,5,12,21,23,92],[34, 5, 35, 37, 49, 38, 50, 52, 39, 44, 51, 54]]
[[1,13,10,21,26,76],[34, 5, 35, 37, 49, 38, 50, 52, 39, 44, 53, 54]]
[[3,7,15,19,38,115],[34, 5, 35, 37, 49, 38, 52, 39, 44, 51, 53, 54]]
[[5,7,8,23,65,58],[34, 5, 35, 40, 37, 42, 49, 38, 43, 52, 44, 53]]
[[4,14,13,22,24,71],[34, 5, 35, 40, 37, 42, 38, 43, 50, 52, 44, 51]]
[[4,12,13,24,49,57],[34, 5, 35, 40, 37, 42, 49, 38, 43, 50, 52, 54]]
[[4,10,10,18,39,94],[34, 5, 35, 40, 37, 42, 49, 38, 43, 50, 53, 54]]
[[4,10,10,30,24,94],[34, 5, 35, 40, 37, 42, 49, 38, 43, 52, 51, 54]]
[[2,12,17,20,32,81],[34, 5, 35, 40, 37, 42, 49, 38, 43, 52, 53, 54]]
[[6,16,6,20,31,64],[34, 5, 35, 40, 37, 42, 49, 38, 50, 44, 51, 53]]
[[4,14,13,22,29,65],[34, 5, 35, 40, 37, 42, 49, 38, 50, 52, 44, 53]]
[[5,5,11,21,30,59],[34, 5, 35, 40, 37, 42, 49, 38, 50, 52, 51, 54]]
[[4,8,13,20,49,107],[34, 5, 35, 40, 37, 42, 38, 50, 52, 51, 53, 54]]
[[3,17,6,25,38,56],[34, 5, 35, 40, 37, 49, 38, 43, 50, 52, 44, 51]]
[[4,8,10,16,44,80],[34, 5, 35, 40, 37, 49, 38, 43, 52, 51, 53, 54]]
[[5,9,11,25,25,75],[34, 5, 35, 37, 42, 49, 38, 43, 50, 44, 51, 54]]
[[4,8,10,20,39,104],[34, 5, 35, 37, 42, 38, 43, 50, 52, 44, 51, 54]]
[[4,12,10,24,39,72],[34, 5, 35, 37, 42, 49, 38, 50, 52, 44, 53, 54]]
[[5,7,8,27,55,64],[34, 5, 35, 37, 49, 38, 43, 50, 52, 44, 51, 54]]
[[5,9,14,21,45,42],[34, 5, 35, 37, 49, 38, 43, 50, 52, 44, 53, 54]]
[[6,8,9,36,36,77],[34, 5, 35, 40, 37, 42, 43, 50, 52, 39, 44, 51]]
[[4,12,13,16,39,69],[34, 5, 35, 40, 37, 42, 49, 43, 50, 52, 39, 54]]
[[4,8,7,16,64,77],[34, 5, 35, 40, 37, 42, 49, 43, 52, 39, 51, 54]]
[[4,10,7,30,49,67],[34, 5, 35, 40, 37, 42, 49, 43, 39, 51, 53, 54]]
[[4,8,16,20,34,110],[34, 5, 35, 40, 37, 42, 49, 43, 52, 39, 53, 54]]
[[4,16,13,24,14,67],[34, 5, 35, 40, 37, 42, 49, 50, 39, 44, 51, 53]]
[[4,16,7,24,34,73],[34, 5, 35, 40, 37, 42, 49, 52, 39, 44, 51, 53]]
[[5,11,17,19,35,71],[34, 5, 35, 40, 37, 42, 49, 50, 39, 51, 53, 54]]
[[5,13,17,21,10,79],[34, 5, 35, 40, 37, 49, 43, 50, 52, 39, 44, 51]]
[[5,15,8,23,30,78],[34, 5, 35, 40, 37, 49, 43, 50, 39, 44, 51, 53]]
[[4,14,13,22,29,65],[34, 5, 35, 40, 37, 43, 50, 52, 39, 44, 51, 53]]
[[4,8,13,20,49,107],[34, 5, 35, 40, 37, 49, 43, 50, 52, 39, 53, 54]]
[[4,8,16,20,44,86],[34, 5, 35, 40, 37, 49, 43, 52, 39, 51, 53, 54]]
[[3,13,9,25,38,73],[34, 5, 35, 37, 42, 49, 43, 50, 39, 44, 51, 54]]
[[3,11,15,19,33,83],[34, 5, 35, 37, 42, 49, 43, 52, 39, 44, 53, 54]]
[[4,10,10,22,29,94],[34, 5, 35, 37, 42, 43, 50, 52, 39, 44, 51, 54]]
[[4,8,7,16,84,65],[34, 5, 35, 37, 42, 49, 52, 39, 44, 51, 53, 54]]
[[5,9,14,21,45,42],[34, 5, 35, 37, 42, 50, 52, 39, 44, 51, 53, 54]]
[[5,7,14,23,45,94],[34, 5, 35, 37, 49, 43, 52, 39, 44, 51, 53, 54]]
[[4,12,10,24,39,72],[34, 5, 35, 37, 43, 50, 52, 39, 44, 51, 53, 54]]
[[6,12,9,24,31,75],[34, 5, 35, 40, 37, 42, 49, 43, 50, 44, 51, 53]]
[[5,11,8,35,25,74],[34, 5, 35, 40, 37, 42, 43, 50, 52, 44, 51, 53]]
[[3,9,9,33,23,63],[34, 5, 35, 40, 37, 42, 49, 43, 50, 52, 51, 54]]
[[1,9,7,25,46,81],[34, 5, 35, 40, 37, 42, 49, 43, 50, 52, 53, 54]]
[[3,9,18,29,23,84],[34, 5, 35, 40, 37, 42, 49, 43, 52, 51, 53, 54]]
[[4,6,7,22,29,81],[34, 5, 35, 40, 37, 42, 49, 50, 52, 51, 53, 54]]
[[4,6,16,26,29,90],[34, 5, 35, 40, 37, 49, 43, 50, 52, 44, 51, 53]]
[[3,9,12,29,33,90],[34, 5, 35, 40, 37, 49, 43, 50, 52, 51, 53, 54]]
[[4,6,16,18,44,126],[34, 5, 35, 37, 42, 49, 43, 50, 44, 51, 53, 54]]
[[1,13,10,21,26,76],[34, 5, 35, 37, 42, 43, 50, 52, 44, 51, 53, 54]]
[[2,8,8,28,27,62],[34, 5, 35, 37, 49, 43, 50, 52, 44, 51, 53, 54]]
[[6,10,12,26,21,76],[34, 5, 35, 40, 42, 49, 38, 43, 52, 39, 44, 53]]
[[5,11,8,27,35,80],[34, 5, 35, 40, 42, 38, 43, 50, 52, 39, 44, 51]]
[[5,13,8,25,45,58],[34, 5, 35, 40, 42, 38, 43, 50, 39, 44, 51, 53]]
[[5,11,11,23,25,83],[34, 5, 35, 40, 42, 49, 38, 43, 50, 39, 51, 54]]
[[5,7,8,15,50,76],[34, 5, 35, 40, 42, 49, 38, 43, 50, 39, 53, 54]]
[[5,13,14,21,30,70],[34, 5, 35, 40, 42, 49, 38, 43, 39, 51, 53, 54]]
[[4,10,16,30,24,82],[34, 5, 35, 40, 42, 38, 43, 50, 52, 39, 51, 54]]
[[4,12,7,24,29,93],[34, 5, 35, 40, 42, 38, 43, 50, 39, 51, 53, 54]]
[[2,14,8,30,42,74],[34, 5, 35, 40, 42, 38, 43, 52, 39, 51, 53, 54]]
[[5,11,20,15,25,80],[34, 5, 35, 40, 42, 49, 38, 50, 52, 39, 44, 51]]
[[5,17,11,17,15,71],[34, 5, 35, 40, 42, 49, 38, 50, 39, 44, 51, 53]]
[[5,15,5,27,35,63],[34, 5, 35, 40, 42, 49, 38, 50, 52, 39, 44, 53]]
[[5,13,11,29,15,73],[34, 5, 35, 40, 42, 49, 38, 52, 39, 44, 51, 53]]
[[4,10,10,26,34,88],[34, 5, 35, 40, 42, 38, 50, 52, 39, 44, 51, 53]]
[[6,8,12,20,31,68],[34, 5, 35, 40, 42, 49, 38, 50, 39, 51, 53, 54]]
[[3,13,15,29,28,67],[34, 5, 35, 40, 42, 38, 50, 52, 39, 51, 53, 54]]
[[4,18,7,22,34,51],[34, 5, 35, 40, 49, 38, 43, 50, 39, 44, 51, 53]]
[[4,14,13,26,14,83],[34, 5, 35, 40, 49, 38, 43, 52, 39, 44, 51, 53]]
[[5,15,8,27,25,72],[34, 5, 35, 40, 38, 43, 50, 52, 39, 44, 51, 53]]
[[5,11,17,19,25,83],[34, 5, 35, 40, 49, 38, 43, 50, 52, 39, 53, 54]]
[[3,11,12,27,23,104],[34, 5, 35, 40, 49, 38, 43, 52, 39, 51, 53, 54]]
[[2,14,5,22,32,53],[34, 5, 35, 40, 49, 38, 50, 52, 39, 51, 53, 54]]
[[4,12,16,24,29,72],[34, 5, 35, 42, 49, 38, 43, 50, 39, 44, 51, 54]]
[[2,12,8,28,22,66],[34, 5, 35, 42, 49, 38, 43, 52, 39, 44, 53, 54]]
[[5,9,8,33,35,90],[34, 5, 35, 42, 38, 43, 50, 39, 44, 51, 53, 54]]
[[5,11,14,19,35,68],[34, 5, 35, 42, 49, 38, 52, 39, 44, 51, 53, 54]]
[[4,10,22,26,14,76],[34, 5, 35, 42, 38, 50, 52, 39, 44, 51, 53, 54]]
[[6,6,12,26,41,72],[34, 5, 35, 49, 38, 43, 50, 39, 44, 51, 53, 54]]
[[4,8,10,24,44,116],[34, 5, 35, 49, 38, 43, 52, 39, 44, 51, 53, 54]]
[[5,15,11,27,15,63],[34, 5, 35, 38, 43, 50, 52, 39, 44, 51, 53, 54]]
[[5,9,11,33,35,87],[34, 5, 35, 40, 42, 49, 38, 43, 50, 44, 51, 53]]
[[5,13,11,37,10,43],[34, 5, 35, 40, 42, 49, 38, 43, 52, 44, 51, 53]]
[[4,4,16,16,34,52],[34, 5, 35, 40, 42, 49, 38, 43, 50, 51, 53, 54]]
[[3,9,15,25,28,81],[34, 5, 35, 40, 42, 38, 43, 50, 52, 51, 53, 54]]
[[4,10,7,34,34,79],[34, 5, 35, 40, 42, 49, 38, 50, 52, 44, 51, 53]]
[[3,9,12,29,33,72],[34, 5, 35, 40, 42, 49, 38, 50, 52, 51, 53, 54]]
[[4,10,16,26,29,94],[34, 5, 35, 40, 49, 38, 43, 50, 52, 51, 53, 54]]
[[3,9,15,25,23,99],[34, 5, 35, 42, 49, 38, 43, 50, 44, 51, 53, 54]]
[[3,7,15,19,43,115],[34, 5, 35, 42, 49, 38, 43, 50, 52, 44, 53, 54]]
[[1,11,10,27,26,62],[34, 5, 35, 42, 49, 38, 43, 52, 44, 51, 53, 54]]
[[2,6,14,26,32,72],[34, 5, 35, 42, 38, 43, 50, 52, 44, 51, 53, 54]]
[[2,10,11,26,22,79],[34, 5, 35, 42, 49, 38, 50, 52, 44, 51, 53, 54]]
[[5,7,14,31,20,58],[34, 5, 35, 40, 42, 49, 43, 50, 52, 39, 44, 51]]
[[5,7,5,31,40,85],[34, 5, 35, 40, 42, 49, 43, 50, 52, 39, 44, 53]]
[[4,8,16,16,29,80],[34, 5, 35, 40, 42, 49, 43, 50, 39, 51, 53, 54]]
[[2,12,17,24,32,63],[34, 5, 35, 40, 42, 49, 43, 52, 39, 51, 53, 54]]
[[1,7,13,31,21,97],[34, 5, 35, 40, 42, 43, 50, 52, 39, 51, 53, 54]]
[[4,12,10,40,19,48],[34, 5, 35, 40, 42, 49, 50, 52, 39, 44, 51, 53]]
[[3,11,12,39,28,62],[34, 5, 35, 40, 49, 43, 50, 52, 39, 44, 51, 53]]
[[3,11,12,27,18,98],[34, 5, 35, 42, 49, 43, 50, 52, 39, 44, 51, 54]]
[[1,11,16,31,36,74],[34, 5, 35, 42, 49, 43, 50, 52, 39, 44, 53, 54]]
[[4,8,22,16,39,80],[34, 5, 35, 42, 49, 50, 52, 39, 44, 51, 53, 54]]
[[6,8,12,24,51,56],[34, 5, 35, 40, 42, 49, 43, 50, 52, 44, 51, 53]]
[[2,12,8,32,27,72],[34, 5, 35, 42, 49, 43, 50, 52, 44, 51, 53, 54]]
[[5,11,8,35,35,74],[34, 5, 40, 37, 42, 49, 38, 43, 52, 39, 44, 53]]
[[4,18,7,22,34,57],[34, 5, 40, 37, 42, 38, 43, 50, 39, 44, 51, 53]]
[[6,8,18,24,36,44],[34, 5, 40, 37, 42, 49, 38, 43, 50, 39, 51, 54]]
[[6,10,12,26,46,40],[34, 5, 40, 37, 42, 49, 38, 43, 50, 39, 53, 54]]
[[4,8,10,28,24,104],[34, 5, 40, 37, 42, 49, 38, 43, 52, 39, 53, 54]]
[[5,9,11,25,65,45],[34, 5, 40, 37, 42, 38, 43, 50, 52, 39, 51, 54]]
[[5,11,17,19,30,53],[34, 5, 40, 37, 42, 38, 43, 50, 52, 39, 53, 54]]
[[6,12,12,24,26,60],[34, 5, 40, 37, 42, 49, 38, 50, 52, 39, 44, 51]]
[[6,10,6,34,51,40],[34, 5, 40, 37, 42, 49, 38, 50, 52, 39, 44, 53]]
[[5,15,11,19,20,93],[34, 5, 40, 37, 42, 49, 38, 50, 39, 51, 53, 54]]
[[2,14,14,18,42,104],[34, 5, 40, 37, 42, 38, 50, 52, 39, 51, 53, 54]]
[[5,15,8,27,20,78],[34, 5, 40, 37, 49, 38, 43, 50, 52, 39, 44, 51]]
[[4,10,10,22,34,70],[34, 5, 40, 37, 49, 38, 43, 50, 52, 39, 53, 54]]
[[2,12,11,24,17,75],[34, 5, 40, 37, 49, 38, 43, 52, 39, 51, 53, 54]]
[[3,11,15,23,38,71],[34, 5, 37, 42, 49, 38, 43, 52, 39, 44, 53, 54]]
[[6,12,12,20,36,66],[34, 5, 37, 42, 38, 43, 50, 39, 44, 51, 53, 54]]
[[4,10,13,26,44,61],[34, 5, 37, 42, 49, 38, 50, 52, 39, 44, 51, 54]]
[[2,16,11,28,37,49],[34, 5, 37, 42, 49, 38, 50, 52, 39, 44, 53, 54]]
[[4,10,10,22,24,94],[34, 5, 37, 42, 49, 38, 52, 39, 44, 51, 53, 54]]
[[5,11,17,19,30,65],[34, 5, 37, 49, 38, 43, 50, 39, 44, 51, 53, 54]]
[[4,14,13,26,19,65],[34, 5, 37, 38, 43, 50, 52, 39, 44, 51, 53, 54]]
[[2,12,8,24,32,96],[34, 5, 40, 37, 42, 49, 38, 43, 50, 52, 44, 51]]
[[4,8,22,24,29,92],[34, 5, 40, 37, 42, 49, 38, 43, 50, 52, 44, 53]]
[[4,12,10,24,24,84],[34, 5, 40, 37, 42, 49, 38, 43, 52, 44, 51, 53]]
[[5,9,20,13,30,102],[34, 5, 40, 37, 42, 49, 38, 43, 50, 51, 53, 54]]
[[3,7,12,31,38,58],[34, 5, 40, 37, 42, 49, 38, 43, 50, 52, 53, 54]]
[[4,8,10,36,24,80],[34, 5, 40, 37, 42, 38, 43, 50, 52, 51, 53, 54]]
[[5,15,11,27,15,57],[34, 5, 40, 37, 42, 49, 38, 50, 52, 44, 51, 53]]
[[3,7,18,19,33,112],[34, 5, 40, 37, 49, 38, 43, 50, 52, 51, 53, 54]]
[[4,10,7,18,44,85],[34, 5, 37, 42, 49, 38, 43, 50, 52, 44, 51, 54]]
[[4,10,13,30,24,79],[34, 5, 37, 42, 49, 38, 43, 50, 52, 44, 53, 54]]
[[1,9,13,29,21,87],[34, 5, 37, 42, 49, 38, 50, 52, 44, 51, 53, 54]]
[[2,6,17,18,32,87],[34, 5, 37, 49, 38, 43, 50, 52, 44, 51, 53, 54]]
[[4,6,7,34,19,81],[34, 5, 40, 37, 42, 49, 43, 50, 52, 39, 44, 53]]
[[4,16,10,20,39,70],[34, 5, 40, 37, 42, 49, 43, 52, 39, 44, 51, 53]]
[[3,13,12,25,23,94],[34, 5, 40, 37, 42, 43, 50, 52, 39, 44, 51, 53]]
[[5,7,11,31,25,67],[34, 5, 40, 37, 42, 49, 43, 50, 39, 51, 53, 54]]
[[3,9,15,25,28,93],[34, 5, 40, 37, 42, 49, 43, 50, 52, 39, 53, 54]]
[[5,11,5,23,30,89],[34, 5, 40, 37, 42, 49, 50, 52, 39, 44, 51, 53]]
[[4,14,7,38,24,41],[34, 5, 40, 37, 49, 43, 50, 52, 39, 44, 51, 53]]
[[4,8,10,28,49,86],[34, 5, 37, 42, 49, 43, 52, 39, 44, 51, 53, 54]]
[[5,13,17,17,15,91],[34, 5, 40, 37, 42, 49, 43, 50, 52, 44, 51, 53]]
[[4,8,10,24,44,116],[34, 5, 40, 37, 42, 49, 43, 50, 52, 51, 53, 54]]
[[3,11,9,15,58,89],[34, 5, 37, 42, 49, 43, 50, 52, 44, 51, 53, 54]]
[[3,13,15,29,18,73],[34, 5, 40, 42, 49, 38, 43, 50, 39, 44, 51, 53]]
[[3,9,6,29,28,72],[34, 5, 40, 42, 49, 38, 43, 52, 39, 44, 51, 53]]
[[4,8,16,24,34,86],[34, 5, 40, 42, 38, 43, 50, 52, 39, 44, 51, 53]]
[[4,10,7,26,29,73],[34, 5, 40, 42, 49, 38, 43, 50, 52, 39, 51, 54]]
[[4,8,13,24,34,107],[34, 5, 40, 42, 49, 38, 43, 50, 39, 51, 53, 54]]
[[3,11,15,27,48,59],[34, 5, 40, 42, 38, 43, 50, 52, 39, 51, 53, 54]]
[[4,10,10,30,34,70],[34, 5, 40, 42, 49, 38, 50, 52, 39, 44, 51, 53]]
[[1,9,13,37,16,75],[34, 5, 40, 42, 49, 38, 50, 52, 39, 51, 53, 54]]
[[5,11,5,27,55,59],[34, 5, 40, 49, 38, 43, 50, 52, 39, 44, 51, 53]]
[[5,5,17,25,25,53],[34, 5, 42, 49, 38, 43, 50, 39, 44, 51, 53, 54]]
[[3,11,6,27,28,56],[34, 5, 42, 49, 38, 43, 52, 39, 44, 51, 53, 54]]
[[4,12,16,20,44,54],[34, 5, 42, 38, 43, 50, 52, 39, 44, 51, 53, 54]]
[[3,7,9,19,23,115],[34, 5, 49, 38, 43, 50, 52, 39, 44, 51, 53, 54]]
[[5,11,20,15,25,86],[34, 5, 40, 42, 49, 38, 43, 50, 52, 51, 53, 54]]
[[4,8,16,20,24,104],[34, 5, 42, 49, 38, 43, 50, 52, 44, 51, 53, 54]]
[[4,12,10,40,24,54],[34, 5, 40, 42, 49, 43, 50, 52, 39, 44, 51, 53]]
[[4,8,16,20,34,74],[34, 5, 42, 49, 43, 50, 52, 39, 44, 51, 53, 54]]
[[6,12,15,16,36,51],[5, 35, 40, 37, 42, 49, 38, 43, 50, 39, 44, 53]]
[[6,8,9,36,46,65],[5, 35, 40, 37, 42, 49, 38, 43, 52, 39, 44, 51]]
[[6,10,15,18,36,61],[5, 35, 40, 37, 42, 49, 38, 43, 52, 39, 44, 53]]
[[5,7,14,23,50,82],[5, 35, 40, 37, 42, 49, 38, 43, 50, 39, 51, 54]]
[[4,8,13,16,29,65],[5, 35, 40, 37, 42, 38, 43, 50, 52, 39, 51, 54]]
[[4,12,7,32,19,63],[5, 35, 40, 37, 42, 38, 43, 50, 39, 51, 53, 54]]
[[4,12,7,24,49,81],[5, 35, 40, 37, 42, 38, 50, 52, 39, 44, 51, 53]]
[[4,12,13,28,39,51],[5, 35, 40, 37, 42, 49, 38, 50, 52, 39, 53, 54]]
[[4,16,10,20,24,82],[5, 35, 40, 37, 49, 38, 43, 52, 39, 44, 51, 53]]
[[5,13,11,21,40,67],[5, 35, 40, 37, 49, 38, 43, 50, 52, 39, 51, 54]]
[[5,7,14,23,45,94],[5, 35, 40, 37, 49, 38, 43, 50, 52, 39, 53, 54]]
[[4,14,10,22,39,74],[5, 35, 37, 42, 49, 38, 43, 50, 52, 39, 44, 54]]
[[4,14,10,22,39,74],[5, 35, 37, 42, 49, 38, 43, 50, 39, 44, 53, 54]]
[[4,12,7,20,34,81],[5, 35, 37, 42, 49, 38, 43, 52, 39, 44, 51, 54]]
[[5,11,11,31,30,65],[5, 35, 37, 42, 38, 43, 50, 39, 44, 51, 53, 54]]
[[3,11,9,35,28,71],[5, 35, 37, 42, 38, 43, 50, 52, 39, 44, 53, 54]]
[[5,7,11,23,20,85],[5, 35, 37, 42, 49, 38, 50, 52, 39, 44, 51, 54]]
[[4,6,13,10,34,93],[5, 35, 37, 42, 38, 50, 52, 39, 44, 51, 53, 54]]
[[4,8,22,16,34,86],[5, 35, 37, 49, 38, 43, 52, 39, 44, 51, 53, 54]]
[[3,11,3,31,48,77],[5, 35, 40, 37, 42, 49, 38, 43, 50, 52, 44, 51]]
[[5,13,8,29,25,64],[5, 35, 40, 37, 42, 49, 38, 43, 50, 44, 51, 53]]
[[5,13,8,21,25,106],[5, 35, 40, 37, 42, 49, 38, 43, 50, 52, 44, 53]]
[[4,4,19,20,44,79],[5, 35, 40, 37, 42, 49, 38, 43, 50, 51, 53, 54]]
[[2,8,8,20,27,38],[5, 35, 40, 37, 42, 49, 38, 43, 50, 52, 53, 54]]
[[3,11,12,23,13,86],[5, 35, 40, 37, 42, 38, 43, 50, 52, 51, 53, 54]]
[[4,8,10,20,29,104],[5, 35, 40, 37, 42, 49, 38, 50, 52, 44, 51, 53]]
[[3,7,6,19,13,94],[5, 35, 40, 37, 42, 49, 38, 50, 52, 51, 53, 54]]
[[3,5,15,33,33,83],[5, 35, 37, 42, 49, 38, 43, 50, 52, 44, 51, 54]]
[[3,11,9,27,33,89],[5, 35, 37, 42, 49, 38, 43, 50, 52, 44, 53, 54]]
[[5,15,8,27,20,78],[5, 35, 40, 37, 42, 49, 43, 50, 52, 39, 44, 51]]
[[5,11,11,31,30,83],[5, 35, 40, 37, 42, 49, 43, 50, 52, 39, 44, 53]]
[[4,10,13,26,39,79],[5, 35, 40, 37, 42, 49, 43, 50, 39, 51, 53, 54]]
[[1,11,10,23,26,86],[5, 35, 40, 37, 42, 43, 50, 52, 39, 51, 53, 54]]
[[4,8,7,28,49,83],[5, 35, 40, 37, 42, 49, 50, 52, 39, 44, 51, 53]]
[[3,13,12,21,43,88],[5, 35, 40, 37, 49, 43, 50, 52, 39, 44, 51, 53]]
[[3,5,18,21,33,92],[5, 35, 37, 42, 49, 43, 50, 52, 39, 44, 51, 54]]
[[1,13,10,21,16,58],[5, 35, 37, 42, 49, 43, 50, 52, 39, 44, 53, 54]]
[[4,10,10,30,34,88],[5, 35, 37, 42, 49, 50, 52, 39, 44, 51, 53, 54]]
[[3,7,6,23,23,118],[5, 35, 37, 49, 43, 50, 52, 39, 44, 51, 53, 54]]
[[6,12,15,20,16,87],[5, 35, 40, 37, 42, 49, 43, 50, 52, 44, 51, 53]]
[[2,10,8,22,27,88],[5, 35, 37, 42, 49, 43, 50, 52, 44, 51, 53, 54]]
[[4,8,7,24,24,53],[5, 35, 40, 42, 49, 38, 43, 50, 52, 39, 44, 51]]
[[4,14,13,26,24,71],[5, 35, 40, 42, 49, 38, 43, 50, 39, 44, 51, 53]]
[[4,12,10,20,44,84],[5, 35, 40, 42, 49, 38, 43, 52, 39, 44, 51, 53]]
[[5,13,14,17,25,82],[5, 35, 40, 42, 38, 43, 50, 52, 39, 44, 51, 53]]
[[3,3,15,31,43,63],[5, 35, 40, 42, 49, 38, 43, 50, 52, 39, 51, 54]]
[[3,5,27,13,23,83],[5, 35, 40, 42, 49, 38, 43, 50, 39, 51, 53, 54]]
[[3,5,15,25,33,101],[5, 35, 40, 42, 49, 38, 43, 50, 52, 39, 53, 54]]
[[1,13,10,17,26,82],[5, 35, 40, 42, 49, 38, 43, 52, 39, 51, 53, 54]]
[[2,8,8,32,17,68],[5, 35, 40, 42, 38, 43, 50, 52, 39, 51, 53, 54]]
[[3,13,15,25,23,79],[5, 35, 40, 42, 49, 38, 50, 52, 39, 44, 51, 53]]
[[2,8,11,28,12,101],[5, 35, 40, 42, 49, 38, 50, 52, 39, 51, 53, 54]]
[[4,12,7,32,39,81],[5, 35, 40, 49, 38, 43, 50, 52, 39, 44, 51, 53]]
[[4,6,19,10,34,87],[5, 35, 42, 49, 38, 43, 50, 39, 44, 51, 53, 54]]
[[3,5,9,17,13,59],[5, 35, 42, 49, 38, 50, 52, 39, 44, 51, 53, 54]]
[[4,8,10,36,19,68],[5, 35, 49, 38, 43, 50, 52, 39, 44, 51, 53, 54]]
[[4,8,19,16,29,113],[5, 35, 40, 42, 49, 38, 43, 50, 52, 51, 53, 54]]
[[2,8,17,24,47,77],[5, 35, 40, 42, 49, 43, 50, 52, 39, 51, 53, 54]]
[[3,9,9,33,28,75],[5, 40, 37, 42, 49, 38, 43, 50, 39, 44, 51, 53]]
[[4,14,10,34,24,38],[5, 40, 37, 42, 38, 43, 50, 52, 39, 44, 51, 53]]
[[4,4,10,24,14,40],[5, 40, 37, 42, 49, 38, 43, 50, 52, 39, 51, 54]]
[[4,8,7,24,29,101],[5, 40, 37, 42, 49, 38, 43, 50, 52, 39, 53, 54]]
[[1,11,13,23,46,83],[5, 40, 37, 42, 49, 38, 50, 52, 39, 51, 53, 54]]
[[2,10,14,38,27,82],[5, 40, 37, 49, 38, 43, 50, 52, 39, 51, 53, 54]]
[[5,11,17,23,30,59],[5, 37, 42, 49, 38, 43, 50, 39, 44, 51, 53, 54]]
[[3,7,9,31,38,79],[5, 37, 42, 49, 38, 43, 50, 52, 39, 44, 53, 54]]
[[4,8,7,32,39,83],[5, 37, 42, 38, 43, 50, 52, 39, 44, 51, 53, 54]]
[[3,9,18,29,28,66],[5, 37, 49, 38, 43, 50, 52, 39, 44, 51, 53, 54]]
[[5,9,14,25,40,66],[5, 40, 37, 42, 49, 38, 43, 50, 52, 51, 53, 54]]
[[4,12,10,28,29,60],[5, 40, 37, 42, 49, 43, 50, 52, 39, 44, 51, 53]]
[[4,10,10,18,34,100],[5, 37, 42, 49, 43, 50, 52, 39, 44, 51, 53, 54]]
[[5,17,8,17,30,74],[5, 40, 42, 49, 38, 43, 50, 52, 39, 44, 51, 53]]
[[4,8,13,20,34,83],[5, 40, 42, 49, 38, 43, 50, 52, 39, 51, 53, 54]]
[[5,9,14,21,45,42],[5, 42, 49, 38, 43, 50, 52, 39, 44, 51, 53, 54]]
