[ 13, 34, 14, 35, 16, 49, 38, 50, 52, 18, 54 ],1
[ 13, 34, 14, 35, 16, 49, 38, 52, 18, 53, 54 ],1
[ 13, 34, 14, 35, 16, 38, 50, 18, 51, 53, 54 ],1
[ 13, 34, 14, 35, 40, 16, 42, 18, 39, 53, 54 ],1
[ 13, 34, 14, 35, 40, 16, 43, 18, 39, 53, 54 ],1
[ 13, 34, 14, 35, 40, 16, 49, 18, 39, 44, 53 ],1
[ 13, 34, 14, 35, 40, 16, 50, 18, 39, 44, 53 ],1
[ 13, 34, 14, 35, 40, 16, 18, 39, 44, 53, 54 ],1
[ 13, 34, 14, 35, 40, 16, 50, 18, 39, 51, 53 ],1
[ 13, 34, 14, 35, 40, 16, 18, 39, 51, 53, 54 ],1
[ 13, 34, 14, 35, 40, 16, 52, 18, 39, 53, 54 ],1
[ 13, 34, 16, 42, 49, 38, 43, 44, 53, 54 ],1
[ 13, 34, 14, 35, 16, 42, 49, 43, 18, 39, 44 ],1
[ 13, 34, 14, 35, 16, 42, 43, 18, 39, 44, 51 ],1
[ 13, 34, 14, 35, 16, 42, 49, 43, 18, 39, 51 ],1
[ 13, 34, 14, 35, 16, 42, 43, 50, 18, 39, 54 ],1
[ 13, 40, 37, 17, 38, 43, 52, 18, 39, 54 ],1
[ 13, 34, 14, 35, 16, 42, 43, 52, 18, 39, 54 ],1
[ 13, 34, 14, 42, 50, 52, 18, 44, 51, 53, 54 ],1
[ 13, 34, 14, 35, 16, 42, 49, 50, 18, 39, 44 ],1
[ 13, 34, 14, 35, 16, 42, 50, 18, 39, 44, 54 ],1
[ 13, 34, 14, 35, 16, 42, 52, 18, 39, 44, 54 ],1
[ 13, 34, 14, 16, 37, 42, 43, 18, 39, 51, 54 ],1
[ 13, 34, 14, 35, 16, 42, 49, 50, 18, 39, 51 ],1
[ 13, 34, 14, 35, 16, 42, 49, 18, 39, 51, 54 ],1
[ 13, 34, 16, 37, 49, 38, 43, 39, 53, 54 ],1
[ 13, 34, 14, 35, 16, 42, 50, 52, 18, 39, 51 ],1
[ 13, 34, 14, 35, 16, 42, 50, 18, 39, 51, 54 ],1
[ 13, 34, 14, 40, 42, 38, 43, 39, 44, 51, 53 ],1
[ 13, 34, 14, 35, 16, 42, 52, 18, 39, 51, 54 ],1
[ 10, 34, 40, 37, 42, 17, 39, 54 ],1
[ 13, 34, 14, 35, 16, 49, 43, 50, 18, 39, 44 ],1
[ 13, 34, 14, 35, 16, 42, 49, 43, 18, 53, 54 ],1
[ 13, 34, 14, 35, 16, 49, 43, 52, 18, 39, 44 ],1
[ 13, 34, 14, 35, 16, 49, 43, 18, 39, 44, 54 ],1
[ 13, 34, 14, 35, 16, 43, 50, 52, 18, 39, 44 ],1
[ 13, 34, 14, 35, 16, 43, 50, 18, 39, 44, 54 ],1
[ 13, 14, 40, 16, 37, 38, 43, 18, 39, 53, 54 ],1
[ 13, 34, 14, 35, 16, 49, 43, 50, 18, 39, 51 ],1
[ 13, 34, 14, 35, 16, 49, 43, 18, 39, 51, 54 ],1
[ 13, 34, 14, 35, 16, 43, 50, 52, 18, 39, 51 ],1
[ 13, 34, 14, 35, 16, 43, 50, 52, 18, 39, 54 ],1
[ 10, 37, 38, 44 ],1
[ 13, 34, 14, 35, 16, 49, 50, 52, 18, 39, 44 ],1
[ 13, 34, 14, 35, 16, 49, 50, 18, 39, 44, 54 ],1
[ 13, 34, 14, 35, 16, 49, 18, 39, 44, 51, 54 ],1
[ 13, 34, 14, 35, 16, 49, 52, 18, 39, 44, 54 ],1
[ 13, 34, 14, 35, 16, 50, 18, 39, 44, 51, 54 ],1
[ 13, 34, 14, 35, 16, 50, 52, 18, 39, 44, 54 ],1
[ 13, 34, 14, 35, 16, 52, 18, 39, 44, 51, 54 ],1
[ 13, 14, 35, 37, 42, 38, 43, 52, 18, 44, 53 ],1
[ 13, 34, 14, 35, 16, 49, 50, 18, 39, 51, 54 ],1
[ 13, 34, 14, 35, 16, 50, 52, 18, 39, 51, 54 ],1
[ 13, 34, 14, 35, 40, 16, 42, 49, 43, 18, 54 ],1
[ 34, 14, 35, 40, 16, 17, 38, 52, 18, 39, 44, 53, 54 ],1
[ 13, 34, 14, 35, 40, 16, 42, 43, 50, 18, 54 ],1
[ 13, 34, 14, 35, 40, 16, 42, 43, 18, 51, 54 ],1
[ 13, 34, 14, 35, 40, 16, 42, 43, 52, 18, 54 ],1
[ 13, 34, 14, 35, 40, 16, 42, 50, 52, 18, 44 ],1
[ 13, 34, 14, 40, 16, 42, 49, 43, 52, 18, 44 ],1
[ 14, 35, 40, 16, 37, 42, 17, 18, 39, 44, 51, 53, 54 ],1
[ 13, 34, 14, 35, 40, 16, 42, 18, 44, 51, 54 ],1
[ 13, 34, 14, 35, 40, 16, 49, 43, 50, 18, 44 ],1
[ 13, 34, 14, 35, 40, 16, 49, 43, 18, 44, 51 ],1
