[ 13, 14, 44, 51 ],1
[ 10, 14, 40, 43, 44 ],1
[ 10, 34, 17, 43, 44 ],1
[ 34, 17, 18, 39, 51 ],1
[ 13, 14, 40, 18, 51 ],1
[ 13, 37, 17, 43, 44 ],1
[ 13, 34, 52, 18, 51 ],1
[ 13, 43, 50, 18, 51 ],1
[ 13, 37, 42, 44, 51 ],1
[ 13, 40, 50, 51, 54 ],1
[ 13, 14, 43, 52, 51, 53 ],1
[ 10, 16, 18, 44, 51, 53 ],1
[ 10, 34, 16, 38, 43, 51 ],1
[ 10, 35, 17, 50, 18, 44 ],1
[ 10, 50, 52, 18, 44, 53 ],1
[ 13, 14, 35, 17, 43, 51 ],1
[ 13, 14, 37, 49, 18, 54 ],1
[ 13, 49, 17, 44, 51, 53 ],1
[ 13, 34, 49, 38, 51, 54 ],1
[ 10, 13, 40, 16, 49, 17, 44 ],1
[ 13, 14, 17, 50, 52, 44, 51 ],1
[ 13, 35, 37, 42, 17, 44, 53 ],1
[ 10, 13, 37, 17, 43, 18, 44, 51 ],1
