[ 10, 16, 49, 44 ],1
[ 10, 34, 35, 54 ],1
[ 10, 16, 37, 17, 38, 54 ],1
[ 10, 34, 44, 54 ],1
[ 13, 37, 52, 53, 54 ],1
[ 10, 40, 49, 50, 52, 54 ],1
[ 10, 13, 34, 40, 52, 18, 51 ],1
[ 40, 42, 49, 17, 50, 44, 54 ],1
[ 10, 13, 14, 40, 16, 49, 38, 44 ],1
[ 16, 37, 17, 54 ],1
[ 40, 37, 17, 54 ],1
[ 10, 40, 52, 18, 44 ],1
[ 13, 14, 17, 50, 53, 54 ],1
[ 10, 35, 42, 17, 43, 44, 51 ],1
[ 10, 14, 16, 52, 51 ],1
[ 10, 17, 50, 39, 54 ],1
[ 10, 14, 35, 39, 51 ],1
[ 10, 35, 40, 49, 17, 50, 18, 44 ],1
[ 10, 16, 43, 52, 51 ],1
[ 10, 40, 42, 17, 51 ],1
[ 13, 14, 52, 39, 54 ],1
[ 13, 40, 37, 18, 44 ],1
[ 14, 17, 43, 51, 53 ],1
[ 10, 13, 35, 49, 17, 54 ],1
[ 10, 34, 14, 35, 16, 44 ],1
[ 10, 13, 40, 17, 52, 44 ],1
[ 10, 13, 37, 49, 52, 51 ],1
[ 10, 13, 40, 42, 43, 44 ],1
[ 10, 34, 14, 38, 43, 44 ],1
[ 10, 34, 14, 49, 44, 51 ],1
[ 10, 35, 37, 49, 44, 54 ],1
[ 13, 14, 50, 51, 53, 54 ],1
[ 13, 16, 17, 18, 51, 53 ],1
[ 35, 17, 50, 39, 51, 54 ],1
[ 10, 13, 37, 42, 49, 52, 51 ],1
[ 13, 14, 35, 49, 50, 18, 44 ],1
