[ 10, 13, 42, 44, 54 ],1
[ 10, 14, 49, 18, 44 ],1
[ 10, 13, 34, 14, 52, 44, 54 ],1
[ 10, 16, 49, 18, 44 ],1
[ 10, 13, 40, 49, 52, 54 ],1
[ 10, 35, 16, 49, 17, 54 ],1
[ 10, 34, 40, 49, 52, 51 ],1
[ 34, 17, 43, 51, 53, 54 ],1
[ 10, 35, 39, 51, 54 ],1
[ 37, 17, 43, 44, 51, 54 ],1
[ 10, 13, 42, 49, 52, 44 ],1
[ 13, 17, 43, 18, 44, 54 ],1
[ 10, 14, 49, 17, 38, 44 ],1
[ 10, 14, 52, 18, 39, 54 ],1
[ 10, 34, 40, 16, 17, 54 ],1
[ 10, 16, 17, 44, 53, 54 ],1
[ 10, 13, 35, 40, 17, 18, 51 ],1
[ 13, 34, 16, 17, 52, 51, 54 ],1
[ 10, 13, 34, 35, 17, 39, 44, 54 ],1
