[ 35, 40, 17, 54 ],1
[ 10, 14, 37, 49, 17, 51 ],1
[ 10, 14, 42, 17, 54 ],1
[ 10, 16, 37, 51, 54 ],1
[ 13, 14, 37, 49, 38, 54 ],1
[ 10, 16, 38, 53, 54 ],1
[ 10, 34, 49, 17, 38, 54 ],1
[ 14, 42, 17, 53, 54 ],1
[ 40, 16, 17, 44, 54 ],1
[ 10, 13, 17, 51, 53, 54 ],1
[ 13, 35, 49, 17, 50, 51, 54 ],1
[ 10, 13, 37, 49, 38, 51 ],1
[ 10, 13, 42, 49, 50, 44 ],1
[ 10, 14, 35, 42, 43, 51 ],1
[ 10, 35, 16, 43, 50, 51 ],1
[ 10, 13, 35, 17, 50, 44, 51 ],1
[ 10, 14, 38, 50, 39, 51, 54 ],1
[ 10, 13, 16, 17, 43, 44, 51, 53 ],1
