[ 10, 40, 37, 44 ],1
[ 10, 14, 35, 40, 17, 51 ],1
[ 10, 34, 49, 17, 44, 54 ],1
[ 10, 49, 38, 50, 51, 54 ],1
[ 10, 13, 16, 43, 50, 53, 54 ],1
[ 10, 14, 43, 51, 53 ],1
[ 10, 35, 50, 53, 54 ],1
[ 10, 16, 50, 44, 51 ],1
[ 35, 49, 17, 51, 53, 54 ],1
[ 10, 17, 44, 53, 54 ],1
[ 10, 16, 17, 39, 44, 54 ],1
[ 10, 50, 44, 53, 54 ],1
[ 10, 35, 43, 50, 44, 54 ],1
[ 10, 14, 37, 17, 39, 44, 54 ],1
[ 10, 16, 37, 49, 17, 18, 54 ],1
[ 10, 13, 16, 50, 44, 54 ],1
[ 10, 13, 40, 18, 44, 51 ],1
[ 10, 13, 37, 39, 51, 54 ],1
[ 10, 13, 16, 50, 52, 39, 54 ],1
[ 10, 16, 37, 18, 44, 53 ],1
[ 10, 13, 14, 38, 50, 51, 54 ],1
[ 10, 13, 37, 17, 18, 51, 54 ],1
[ 10, 13, 17, 38, 50, 51, 54 ],1
[ 10, 14, 40, 17, 18, 44, 54 ],1
[ 10, 13, 14, 35, 42, 17, 50, 44, 51 ],1
