[ 17, 18, 54 ],1
[ 10, 13, 37, 18, 44 ],1
[ 10, 16, 49, 44, 54 ],1
[ 10, 40, 42, 52, 54 ],1
[ 10, 13, 14, 18, 44, 51 ],1
[ 13, 34, 42, 51, 54 ],1
[ 10, 14, 40, 17, 38, 44, 54 ],1
[ 37, 42, 17, 39, 54 ],1
[ 10, 13, 14, 17, 43, 51 ],1
[ 10, 35, 16, 49, 50, 44 ],1
[ 10, 35, 17, 50, 53, 54 ],1
[ 13, 35, 16, 37, 49, 54 ],1
[ 10, 13, 16, 42, 17, 39, 54 ],1
[ 10, 13, 35, 40, 17, 44, 51 ],1
[ 10, 34, 49, 17, 38, 51, 53 ],1
[ 10, 13, 35, 16, 39, 44, 51, 54 ],1
[ 10, 13, 17, 43, 52, 44, 51, 53 ],1
[ 13, 14, 40, 42, 17, 43, 52, 54 ],1
