[ 10, 16, 43, 54 ],1
[ 13, 38, 43, 53, 54 ],1
[ 10, 13, 49, 50, 51, 54 ],1
[ 10, 13, 14, 35, 17, 51, 53 ],1
[ 10, 37, 43, 54 ],1
[ 37, 49, 17, 54 ],1
[ 17, 39, 51, 54 ],1
[ 10, 16, 37, 17, 43, 54 ],1
[ 10, 13, 17, 53, 54 ],1
[ 10, 14, 42, 51, 53 ],1
[ 10, 14, 43, 44, 51 ],1
[ 10, 42, 50, 52, 54 ],1
[ 10, 16, 37, 39, 51 ],1
[ 13, 34, 35, 49, 17, 54 ],1
[ 10, 40, 16, 44, 51 ],1
[ 10, 49, 50, 18, 54 ],1
[ 10, 13, 40, 16, 49, 51, 54 ],1
[ 13, 34, 52, 51, 54 ],1
[ 10, 13, 35, 37, 42, 44 ],1
[ 10, 13, 40, 42, 43, 51 ],1
[ 10, 13, 34, 17, 52, 44, 54 ],1
[ 17, 18, 44, 53, 54 ],1
[ 10, 13, 16, 37, 49, 44, 51 ],1
[ 10, 13, 16, 44, 51, 53 ],1
[ 10, 13, 16, 49, 50, 51, 54 ],1
[ 13, 35, 37, 42, 17, 39, 54 ],1
