[ 13, 38, 54 ],1
[ 13, 14, 52, 51 ],1
[ 35, 17, 44, 54 ],1
[ 13, 38, 50, 51, 53 ],1
[ 37, 17, 38, 44, 54 ],1
[ 16, 17, 43, 18, 44, 51, 53 ],1
[ 10, 13, 16, 39, 51 ],1
[ 10, 14, 16, 39, 54 ],1
[ 10, 14, 42, 43, 51 ],1
[ 10, 14, 44, 51, 53 ],1
[ 10, 40, 16, 42, 51 ],1
[ 13, 34, 17, 44, 53 ],1
[ 13, 38, 50, 44, 51 ],1
[ 14, 40, 17, 18, 51 ],1
[ 34, 49, 17, 44, 54 ],1
[ 10, 13, 40, 16, 51, 54 ],1
[ 10, 16, 43, 44, 51, 53 ],1
[ 13, 40, 50, 52, 18, 54 ],1
[ 10, 34, 14, 16, 38, 44, 51 ],1
[ 10, 14, 35, 37, 43, 18, 51 ],1
[ 10, 34, 17, 43, 18, 51, 54 ],1
[ 10, 13, 14, 42, 50, 39, 44, 54 ],1
