[ 10, 13, 37, 44 ],1
[ 13, 16, 43, 51 ],1
[ 10, 13, 17, 39, 51 ],1
[ 10, 16, 42, 39, 44 ],1
[ 10, 16, 50, 39, 44 ],1
[ 10, 17, 18, 51, 54 ],1
[ 14, 42, 17, 44, 51 ],1
[ 34, 49, 17, 38, 54 ],1
[ 10, 34, 35, 49, 51 ],1
[ 10, 13, 16, 38, 39, 44 ],1
[ 10, 14, 37, 52, 44, 53 ],1
[ 13, 14, 37, 18, 54 ],1
[ 13, 34, 14, 49, 54 ],1
[ 10, 13, 14, 35, 40, 37, 17, 51 ],1
[ 13, 17, 38, 51, 54 ],1
[ 14, 17, 50, 44, 51 ],1
[ 10, 17, 18, 39, 44, 54 ],1
[ 16, 17, 43, 18, 51 ],1
[ 35, 42, 17, 39, 44 ],1
[ 10, 14, 35, 40, 16, 44 ],1
[ 10, 34, 35, 18, 44, 54 ],1
[ 13, 40, 42, 17, 50, 51 ],1
[ 34, 16, 49, 17, 53, 54 ],1
[ 10, 13, 49, 50, 52, 18, 54 ],1
[ 13, 34, 14, 16, 18, 51, 54 ],1
