[[1, 4, 5, 7], [2, 4], [3, 5], [6, 7]]
[[4,12,10,28,29,84],[34, 5, 35, 37, 38, 50, 52, 39, 44, 53]]
[[4,10,16,18,19,100],[34, 5, 35, 37, 38, 39, 44, 51, 53, 54]]
[[5,11,8,23,40,80],[34, 5, 35, 37, 38, 50, 52, 39, 51, 53]]
[[5,9,11,29,30,81],[34, 5, 35, 40, 37, 42, 38, 43, 52, 53]]
[[3,7,18,19,23,100],[34, 5, 35, 40, 37, 42, 49, 38, 52, 44]]
[[3,9,9,29,28,69],[34, 5, 35, 40, 37, 42, 49, 38, 44, 53]]
[[2,6,11,18,22,111],[34, 5, 35, 40, 37, 42, 38, 50, 44, 54]]
[[4,8,13,36,19,65],[34, 5, 35, 40, 37, 42, 38, 44, 51, 53]]
[[4,8,13,28,39,59],[34, 5, 35, 40, 37, 42, 38, 44, 53, 54]]
[[4,12,13,32,14,69],[34, 5, 35, 40, 37, 42, 49, 38, 52, 51]]
[[4,8,19,24,34,77],[34, 5, 35, 40, 37, 42, 49, 38, 52, 54]]
[[4,10,7,38,34,79],[34, 5, 35, 40, 37, 42, 49, 38, 53, 54]]
[[3,9,15,37,23,87],[34, 5, 35, 40, 37, 42, 38, 50, 51, 54]]
[[5,11,8,23,50,68],[34, 5, 35, 40, 37, 42, 38, 50, 52, 53]]
[[4,12,13,24,34,69],[34, 5, 35, 40, 37, 38, 43, 50, 52, 44]]
[[4,14,10,30,19,74],[34, 5, 35, 40, 37, 38, 43, 50, 44, 53]]
[[4,16,7,24,44,61],[34, 5, 35, 40, 37, 38, 43, 52, 44, 53]]
[[4,10,19,18,14,109],[34, 5, 35, 40, 37, 49, 38, 43, 50, 53]]
[[4,8,7,24,49,89],[34, 5, 35, 40, 37, 49, 38, 43, 52, 53]]
[[3,9,6,29,43,108],[34, 5, 35, 40, 37, 38, 43, 50, 52, 51]]
[[3,11,12,31,18,80],[34, 5, 35, 40, 37, 38, 43, 50, 51, 53]]
[[3,5,12,13,18,122],[34, 5, 35, 40, 37, 38, 43, 50, 52, 54]]
[[3,7,18,31,28,94],[34, 5, 35, 40, 37, 38, 43, 50, 53, 54]]
[[3,13,9,25,18,79],[34, 5, 35, 40, 37, 49, 38, 50, 44, 54]]
[[5,11,11,35,25,53],[34, 5, 35, 40, 37, 49, 38, 44, 53, 54]]
[[4,10,10,18,64,76],[34, 5, 35, 40, 37, 38, 50, 52, 44, 53]]
[[4,10,7,18,44,85],[34, 5, 35, 40, 37, 38, 52, 44, 51, 54]]
[[4,10,10,30,24,94],[34, 5, 35, 40, 37, 38, 44, 51, 53, 54]]
[[2,6,14,26,42,60],[34, 5, 35, 40, 37, 49, 38, 50, 51, 54]]
[[4,4,7,16,34,85],[34, 5, 35, 40, 37, 49, 38, 50, 52, 53]]
[[4,8,19,24,34,53],[34, 5, 35, 40, 37, 49, 38, 51, 53, 54]]
[[3,5,21,21,38,107],[34, 5, 35, 40, 37, 38, 50, 52, 51, 53]]
[[1,9,13,13,41,81],[34, 5, 35, 40, 37, 38, 50, 52, 53, 54]]
[[4,10,10,10,59,52],[34, 5, 35, 37, 42, 38, 43, 52, 44, 53]]
[[4,10,22,18,24,70],[34, 5, 35, 37, 42, 49, 38, 43, 52, 53]]
[[3,7,18,23,23,124],[34, 5, 35, 37, 42, 38, 43, 50, 51, 53]]
[[3,3,9,15,33,81],[34, 5, 35, 37, 42, 38, 43, 50, 52, 54]]
[[3,3,12,7,43,120],[34, 5, 35, 37, 42, 38, 43, 50, 53, 54]]
[[1,11,13,23,31,89],[34, 5, 35, 37, 42, 38, 43, 52, 53, 54]]
[[3,7,9,27,23,61],[34, 5, 35, 37, 42, 49, 38, 50, 44, 54]]
[[5,7,14,19,40,94],[34, 5, 35, 37, 42, 49, 38, 44, 53, 54]]
[[4,10,19,22,19,103],[34, 5, 35, 37, 42, 38, 52, 44, 51, 54]]
[[2,6,14,22,17,108],[34, 5, 35, 37, 42, 49, 38, 50, 51, 54]]
[[4,6,10,18,44,102],[34, 5, 35, 37, 42, 49, 38, 50, 52, 53]]
[[4,10,13,38,34,43],[34, 5, 35, 37, 42, 49, 38, 51, 53, 54]]
[[1,5,13,21,21,83],[34, 5, 35, 37, 42, 38, 50, 52, 53, 54]]
[[3,9,9,29,33,81],[34, 5, 35, 37, 49, 38, 43, 50, 52, 44]]
[[3,11,15,31,23,71],[34, 5, 35, 37, 49, 38, 43, 50, 44, 53]]
[[4,8,13,12,39,65],[34, 5, 35, 37, 38, 43, 50, 44, 51, 53]]
[[4,6,19,22,39,63],[34, 5, 35, 37, 38, 43, 50, 44, 53, 54]]
[[4,4,7,12,44,121],[34, 5, 35, 37, 38, 43, 52, 44, 51, 53]]
[[4,12,10,24,39,90],[34, 5, 35, 37, 49, 38, 43, 50, 51, 53]]
[[4,8,10,20,34,92],[34, 5, 35, 37, 49, 38, 43, 50, 52, 54]]
[[2,12,11,24,37,81],[34, 5, 35, 37, 49, 38, 43, 52, 53, 54]]
[[3,7,15,23,33,103],[34, 5, 35, 37, 49, 38, 50, 44, 51, 54]]
[[3,7,6,15,43,88],[34, 5, 35, 37, 49, 38, 50, 52, 44, 53]]
[[3,7,18,31,28,106],[34, 5, 35, 37, 49, 38, 52, 44, 51, 54]]
[[3,7,18,23,33,100],[34, 5, 35, 37, 49, 38, 44, 51, 53, 54]]
[[4,8,13,28,34,65],[34, 5, 35, 37, 38, 50, 52, 44, 51, 53]]
[[2,6,14,26,42,72],[34, 5, 35, 37, 38, 50, 52, 44, 53, 54]]
[[4,10,13,22,39,67],[34, 5, 35, 37, 49, 38, 50, 52, 51, 53]]
[[3,11,9,23,48,89],[34, 5, 35, 37, 38, 50, 52, 51, 53, 54]]
[[2,8,5,12,57,107],[34, 5, 35, 40, 37, 42, 43, 52, 39, 44]]
[[4,8,7,36,19,65],[34, 5, 35, 40, 37, 42, 49, 43, 39, 53]]
[[3,15,6,31,38,42],[34, 5, 35, 40, 37, 42, 43, 50, 39, 54]]
[[3,9,12,33,28,96],[34, 5, 35, 40, 37, 42, 43, 52, 39, 51]]
[[5,7,17,19,45,79],[34, 5, 35, 40, 37, 42, 43, 39, 53, 54]]
[[2,12,14,32,37,66],[34, 5, 35, 40, 37, 42, 50, 52, 39, 44]]
[[4,8,7,24,59,89],[34, 5, 35, 40, 37, 42, 50, 39, 44, 53]]
[[4,10,13,22,49,55],[34, 5, 35, 40, 37, 42, 52, 39, 44, 53]]
[[4,12,7,28,19,81],[34, 5, 35, 40, 37, 42, 49, 50, 39, 53]]
[[4,6,4,14,34,66],[34, 5, 35, 40, 37, 42, 49, 52, 39, 53]]
[[3,11,6,31,33,62],[34, 5, 35, 40, 37, 42, 50, 52, 39, 51]]
[[5,11,14,23,35,68],[34, 5, 35, 40, 37, 42, 50, 39, 51, 53]]
[[5,13,8,17,50,70],[34, 5, 35, 40, 37, 42, 52, 39, 51, 53]]
[[3,13,6,33,33,46],[34, 5, 35, 40, 37, 49, 43, 52, 39, 44]]
[[5,13,11,29,25,73],[34, 5, 35, 40, 37, 49, 43, 39, 44, 53]]
[[4,14,4,34,44,62],[34, 5, 35, 40, 37, 43, 39, 44, 51, 53]]
[[4,8,7,24,44,101],[34, 5, 35, 40, 37, 43, 52, 39, 44, 54]]
[[4,8,13,32,34,89],[34, 5, 35, 40, 37, 43, 39, 44, 53, 54]]
[[4,12,10,24,59,72],[34, 5, 35, 40, 37, 49, 43, 39, 51, 53]]
[[4,10,19,18,24,91],[34, 5, 35, 40, 37, 49, 43, 39, 53, 54]]
[[3,11,15,23,38,77],[34, 5, 35, 40, 37, 43, 50, 52, 39, 53]]
[[3,5,12,13,28,134],[34, 5, 35, 40, 37, 43, 52, 39, 51, 54]]
[[3,5,15,17,33,143],[34, 5, 35, 40, 37, 43, 39, 51, 53, 54]]
[[3,15,12,23,33,66],[34, 5, 35, 40, 37, 49, 50, 52, 39, 44]]
[[5,9,5,33,35,75],[34, 5, 35, 40, 37, 49, 52, 39, 44, 53]]
[[4,10,10,26,44,94],[34, 5, 35, 40, 37, 50, 39, 44, 51, 53]]
[[4,8,7,24,59,83],[34, 5, 35, 40, 37, 50, 52, 39, 44, 54]]
[[4,6,13,22,34,63],[34, 5, 35, 40, 37, 52, 39, 44, 51, 53]]
[[2,12,5,24,42,93],[34, 5, 35, 40, 37, 52, 39, 44, 53, 54]]
[[4,6,16,18,44,90],[34, 5, 35, 40, 37, 49, 50, 39, 53, 54]]
[[2,8,14,28,12,92],[34, 5, 35, 40, 37, 49, 52, 39, 53, 54]]
[[3,7,15,19,23,109],[34, 5, 35, 40, 37, 50, 52, 39, 51, 54]]
[[3,5,9,29,23,77],[34, 5, 35, 40, 37, 50, 39, 51, 53, 54]]
[[1,11,16,35,26,74],[34, 5, 35, 40, 37, 52, 39, 51, 53, 54]]
[[3,9,6,25,43,78],[34, 5, 35, 37, 42, 49, 43, 52, 39, 44]]
[[4,10,16,30,19,82],[34, 5, 35, 37, 42, 43, 39, 44, 51, 53]]
[[2,10,8,30,42,82],[34, 5, 35, 37, 42, 49, 43, 52, 39, 51]]
[[4,10,16,18,19,100],[34, 5, 35, 37, 42, 49, 43, 39, 53, 54]]
[[3,5,9,13,53,101],[34, 5, 35, 37, 42, 43, 50, 39, 51, 54]]
[[3,5,24,17,38,104],[34, 5, 35, 37, 42, 43, 50, 52, 39, 53]]
[[3,9,12,25,28,108],[34, 5, 35, 37, 42, 43, 52, 39, 51, 54]]
[[3,7,12,39,43,64],[34, 5, 35, 37, 42, 43, 39, 51, 53, 54]]
[[5,7,8,35,30,82],[34, 5, 35, 37, 42, 49, 50, 39, 44, 53]]
[[4,10,22,14,19,94],[34, 5, 35, 37, 42, 50, 39, 44, 53, 54]]
[[4,6,7,30,39,63],[34, 5, 35, 37, 42, 52, 39, 44, 51, 53]]
[[2,6,5,14,32,105],[34, 5, 35, 37, 42, 49, 50, 52, 39, 51]]
[[4,14,16,18,34,56],[34, 5, 35, 37, 42, 49, 50, 39, 51, 53]]
[[4,6,13,18,34,93],[34, 5, 35, 37, 42, 49, 50, 39, 53, 54]]
[[4,10,13,26,34,91],[34, 5, 35, 37, 42, 49, 52, 39, 51, 53]]
[[3,11,9,27,18,95],[34, 5, 35, 37, 42, 50, 52, 39, 51, 54]]
[[1,5,22,41,16,86],[34, 5, 35, 37, 42, 52, 39, 51, 53, 54]]
[[3,5,9,21,38,101],[34, 5, 35, 37, 49, 43, 39, 44, 51, 53]]
[[3,5,24,17,33,86],[34, 5, 35, 37, 49, 43, 52, 39, 44, 54]]
[[3,5,21,13,23,89],[34, 5, 35, 37, 49, 43, 39, 44, 53, 54]]
[[2,10,8,26,32,94],[34, 5, 35, 37, 43, 50, 39, 44, 51, 54]]
[[4,10,16,26,29,64],[34, 5, 35, 37, 43, 50, 52, 39, 44, 53]]
[[4,4,13,28,39,55],[34, 5, 35, 37, 43, 39, 44, 51, 53, 54]]
[[4,4,7,16,29,61],[34, 5, 35, 37, 49, 43, 50, 52, 39, 53]]
[[4,6,7,26,19,93],[34, 5, 35, 37, 49, 43, 39, 51, 53, 54]]
[[3,11,12,15,68,92],[34, 5, 35, 37, 49, 50, 39, 44, 51, 53]]
[[3,3,9,15,43,81],[34, 5, 35, 37, 49, 50, 52, 39, 44, 54]]
[[3,9,6,17,48,84],[34, 5, 35, 37, 49, 52, 39, 44, 51, 53]]
[[1,9,7,25,41,75],[34, 5, 35, 37, 49, 52, 39, 44, 53, 54]]
[[4,12,10,24,49,66],[34, 5, 35, 37, 50, 39, 44, 51, 53, 54]]
[[2,4,23,20,27,61],[34, 5, 35, 37, 52, 39, 44, 51, 53, 54]]
[[4,10,19,18,34,79],[34, 5, 35, 37, 49, 50, 52, 39, 51, 54]]
[[2,8,5,20,37,83],[34, 5, 35, 37, 49, 52, 39, 51, 53, 54]]
[[3,11,6,27,48,98],[34, 5, 35, 40, 37, 42, 49, 43, 44, 53]]
[[2,6,14,26,42,60],[34, 5, 35, 40, 37, 42, 43, 50, 44, 54]]
[[4,8,19,24,34,53],[34, 5, 35, 40, 37, 42, 43, 44, 53, 54]]
[[4,16,13,24,19,55],[34, 5, 35, 40, 37, 42, 49, 43, 51, 53]]
[[4,10,7,18,44,85],[34, 5, 35, 40, 37, 42, 49, 43, 52, 54]]
[[4,10,10,30,24,94],[34, 5, 35, 40, 37, 42, 49, 43, 53, 54]]
[[3,13,9,25,18,79],[34, 5, 35, 40, 37, 42, 43, 50, 51, 54]]
[[5,7,8,31,50,94],[34, 5, 35, 40, 37, 42, 43, 50, 52, 53]]
[[5,11,11,35,25,53],[34, 5, 35, 40, 37, 42, 43, 51, 53, 54]]
[[3,9,6,29,43,108],[34, 5, 35, 40, 37, 42, 49, 50, 52, 44]]
[[3,11,12,31,18,80],[34, 5, 35, 40, 37, 42, 49, 50, 44, 53]]
[[4,10,19,18,14,109],[34, 5, 35, 40, 37, 42, 50, 44, 51, 53]]
[[4,6,19,22,39,63],[34, 5, 35, 40, 37, 42, 50, 44, 53, 54]]
[[4,8,7,24,49,89],[34, 5, 35, 40, 37, 42, 52, 44, 51, 53]]
[[4,12,13,24,34,69],[34, 5, 35, 40, 37, 42, 49, 50, 52, 51]]
[[4,14,10,30,19,74],[34, 5, 35, 40, 37, 42, 49, 50, 51, 53]]
[[4,8,10,24,14,92],[34, 5, 35, 40, 37, 42, 49, 50, 52, 54]]
[[4,10,13,14,34,79],[34, 5, 35, 40, 37, 42, 49, 50, 53, 54]]
[[4,16,7,24,44,61],[34, 5, 35, 40, 37, 42, 49, 52, 51, 53]]
[[2,14,8,18,22,80],[34, 5, 35, 40, 37, 42, 49, 52, 53, 54]]
[[5,7,8,27,25,88],[34, 5, 35, 40, 37, 42, 50, 51, 53, 54]]
[[3,9,15,37,23,87],[34, 5, 35, 40, 37, 49, 43, 50, 44, 54]]
[[5,15,5,35,35,39],[34, 5, 35, 40, 37, 49, 43, 44, 51, 53]]
[[4,8,19,24,34,77],[34, 5, 35, 40, 37, 43, 52, 44, 51, 54]]
[[4,10,7,38,34,79],[34, 5, 35, 40, 37, 43, 44, 51, 53, 54]]
[[2,6,11,18,22,111],[34, 5, 35, 40, 37, 49, 43, 50, 51, 54]]
[[4,4,22,12,54,82],[34, 5, 35, 40, 37, 49, 43, 50, 52, 53]]
[[4,8,13,28,39,59],[34, 5, 35, 40, 37, 49, 43, 51, 53, 54]]
[[3,9,12,21,8,102],[34, 5, 35, 40, 37, 43, 50, 52, 51, 53]]
[[5,11,17,23,30,65],[34, 5, 35, 40, 37, 49, 50, 44, 53, 54]]
[[5,9,11,29,30,81],[34, 5, 35, 40, 37, 49, 52, 44, 51, 53]]
[[4,14,16,22,24,56],[34, 5, 35, 40, 37, 50, 52, 44, 51, 54]]
[[4,10,10,38,24,70],[34, 5, 35, 40, 37, 50, 44, 51, 53, 54]]
[[2,12,17,28,37,63],[34, 5, 35, 40, 37, 52, 44, 51, 53, 54]]
[[4,6,19,10,34,87],[34, 5, 35, 40, 37, 49, 50, 51, 53, 54]]
[[2,4,17,16,22,97],[34, 5, 35, 40, 37, 49, 52, 51, 53, 54]]
[[4,6,13,18,44,129],[34, 5, 35, 37, 42, 43, 50, 44, 51, 54]]
[[4,10,13,22,39,67],[34, 5, 35, 37, 42, 43, 50, 52, 44, 53]]
[[4,10,16,26,34,88],[34, 5, 35, 37, 42, 43, 44, 51, 53, 54]]
[[2,8,17,32,37,83],[34, 5, 35, 37, 42, 49, 43, 50, 51, 54]]
[[4,8,13,28,34,65],[34, 5, 35, 37, 42, 49, 43, 50, 52, 53]]
[[4,4,13,24,29,67],[34, 5, 35, 37, 42, 49, 43, 51, 53, 54]]
[[3,7,6,15,43,88],[34, 5, 35, 37, 42, 43, 50, 52, 51, 53]]
[[1,9,7,17,21,75],[34, 5, 35, 37, 42, 43, 50, 52, 53, 54]]
[[4,8,10,20,34,92],[34, 5, 35, 37, 42, 50, 52, 44, 51, 54]]
[[2,12,11,24,37,81],[34, 5, 35, 37, 42, 52, 44, 51, 53, 54]]
[[4,6,19,22,39,63],[34, 5, 35, 37, 42, 49, 50, 51, 53, 54]]
[[3,7,15,15,33,103],[34, 5, 35, 37, 49, 43, 52, 44, 51, 54]]
[[3,9,18,25,48,48],[34, 5, 35, 37, 49, 43, 44, 51, 53, 54]]
[[4,6,10,18,44,102],[34, 5, 35, 37, 43, 50, 52, 44, 51, 53]]
[[2,8,17,24,57,53],[34, 5, 35, 37, 49, 43, 50, 52, 53, 54]]
[[3,3,9,15,33,81],[34, 5, 35, 37, 49, 50, 52, 44, 51, 54]]
[[3,3,12,7,43,120],[34, 5, 35, 37, 49, 50, 44, 51, 53, 54]]
[[1,11,13,23,31,89],[34, 5, 35, 37, 49, 52, 44, 51, 53, 54]]
[[4,10,7,26,39,67],[34, 5, 35, 40, 42, 38, 43, 50, 39, 53]]
[[4,10,16,18,24,88],[34, 5, 35, 40, 42, 38, 43, 52, 39, 53]]
[[2,8,5,16,42,71],[34, 5, 35, 40, 42, 49, 38, 52, 39, 44]]
[[4,4,7,24,39,97],[34, 5, 35, 40, 42, 49, 38, 39, 44, 53]]
[[3,5,21,17,38,119],[34, 5, 35, 40, 42, 38, 52, 39, 44, 54]]
[[3,9,6,29,23,72],[34, 5, 35, 40, 42, 49, 38, 50, 39, 54]]
[[3,11,12,27,43,80],[34, 5, 35, 40, 42, 49, 38, 52, 39, 51]]
[[5,11,11,35,25,59],[34, 5, 35, 40, 42, 49, 38, 39, 51, 53]]
[[5,13,8,33,35,64],[34, 5, 35, 40, 42, 49, 38, 39, 53, 54]]
[[4,8,7,32,34,77],[34, 5, 35, 40, 42, 38, 50, 52, 39, 53]]
[[4,14,13,26,14,89],[34, 5, 35, 40, 42, 38, 52, 39, 51, 54]]
[[4,14,7,30,24,71],[34, 5, 35, 40, 42, 38, 39, 51, 53, 54]]
[[3,15,9,31,38,57],[34, 5, 35, 40, 38, 43, 50, 52, 39, 44]]
[[5,11,5,35,35,83],[34, 5, 35, 40, 38, 43, 50, 39, 44, 53]]
[[5,9,11,17,50,63],[34, 5, 35, 40, 38, 43, 52, 39, 44, 53]]
[[3,9,18,17,38,60],[34, 5, 35, 40, 49, 38, 43, 50, 39, 53]]
[[2,6,5,26,17,75],[34, 5, 35, 40, 38, 43, 50, 52, 39, 51]]
[[4,6,10,22,59,54],[34, 5, 35, 40, 38, 43, 50, 39, 51, 53]]
[[4,8,19,12,19,101],[34, 5, 35, 40, 38, 43, 50, 39, 53, 54]]
[[4,4,10,28,39,88],[34, 5, 35, 40, 38, 43, 52, 39, 51, 53]]
[[4,18,10,26,14,36],[34, 5, 35, 40, 49, 38, 50, 39, 44, 54]]
[[4,8,7,20,54,77],[34, 5, 35, 40, 49, 38, 52, 39, 44, 54]]
[[4,14,10,30,24,62],[34, 5, 35, 40, 49, 38, 39, 44, 53, 54]]
[[3,17,6,21,43,68],[34, 5, 35, 40, 38, 50, 39, 44, 51, 54]]
[[5,15,5,27,35,63],[34, 5, 35, 40, 38, 50, 52, 39, 44, 53]]
[[3,5,9,13,48,83],[34, 5, 35, 40, 49, 38, 50, 39, 51, 54]]
[[3,3,6,11,43,84],[34, 5, 35, 40, 49, 38, 50, 52, 39, 53]]
[[3,7,12,23,28,76],[34, 5, 35, 40, 49, 38, 52, 39, 51, 54]]
[[3,9,12,25,28,108],[34, 5, 35, 40, 49, 38, 39, 51, 53, 54]]
[[4,8,10,36,29,74],[34, 5, 35, 40, 38, 50, 52, 39, 51, 53]]
[[3,5,9,9,33,77],[34, 5, 35, 42, 49, 38, 43, 50, 39, 53]]
[[3,7,6,31,43,64],[34, 5, 35, 42, 49, 38, 43, 52, 39, 53]]
[[2,10,8,18,42,94],[34, 5, 35, 42, 38, 43, 50, 52, 39, 51]]
[[4,10,16,18,54,58],[34, 5, 35, 42, 38, 43, 50, 39, 53, 54]]
[[4,6,10,34,14,60],[34, 5, 35, 42, 38, 43, 52, 39, 51, 53]]
[[2,6,8,18,22,72],[34, 5, 35, 42, 38, 43, 52, 39, 53, 54]]
[[4,8,10,36,29,80],[34, 5, 35, 42, 49, 38, 39, 44, 51, 53]]
[[4,12,10,24,44,66],[34, 5, 35, 42, 49, 38, 52, 39, 44, 54]]
[[3,7,3,15,23,91],[34, 5, 35, 42, 38, 50, 39, 44, 51, 54]]
[[5,7,8,27,70,52],[34, 5, 35, 42, 38, 50, 52, 39, 44, 53]]
[[5,9,5,33,55,75],[34, 5, 35, 42, 38, 39, 44, 51, 53, 54]]
[[3,5,6,25,18,80],[34, 5, 35, 42, 49, 38, 39, 51, 53, 54]]
[[4,8,19,28,39,41],[34, 5, 35, 49, 38, 43, 50, 39, 44, 53]]
[[4,8,7,20,69,71],[34, 5, 35, 49, 38, 43, 52, 39, 44, 53]]
[[3,13,18,29,13,70],[34, 5, 35, 38, 43, 50, 39, 44, 51, 53]]
[[3,9,12,17,18,84],[34, 5, 35, 38, 43, 50, 39, 44, 53, 54]]
[[3,5,15,13,33,113],[34, 5, 35, 38, 43, 52, 39, 44, 51, 53]]
[[1,11,7,19,26,71],[34, 5, 35, 38, 43, 52, 39, 44, 53, 54]]
[[3,11,6,23,38,86],[34, 5, 35, 49, 38, 43, 50, 52, 39, 51]]
[[5,11,17,19,25,83],[34, 5, 35, 49, 38, 43, 52, 39, 51, 53]]
[[4,6,7,26,44,93],[34, 5, 35, 38, 43, 50, 52, 39, 51, 54]]
[[2,8,5,16,47,89],[34, 5, 35, 38, 43, 52, 39, 51, 53, 54]]
[[2,8,8,24,32,68],[34, 5, 35, 49, 38, 50, 39, 44, 51, 54]]
[[4,4,10,8,44,88],[34, 5, 35, 49, 38, 50, 52, 39, 44, 53]]
[[4,6,19,22,44,75],[34, 5, 35, 49, 38, 39, 44, 51, 53, 54]]
[[3,5,9,21,33,113],[34, 5, 35, 38, 50, 52, 39, 44, 51, 53]]
[[1,9,10,33,46,72],[34, 5, 35, 38, 50, 52, 39, 44, 53, 54]]
[[3,13,15,17,33,79],[34, 5, 35, 49, 38, 50, 52, 39, 53, 54]]
[[3,5,6,13,28,92],[34, 5, 35, 40, 42, 38, 43, 50, 44, 53]]
[[3,13,9,29,28,79],[34, 5, 35, 40, 42, 38, 43, 52, 44, 53]]
[[5,7,20,15,35,82],[34, 5, 35, 40, 42, 49, 38, 43, 52, 53]]
[[4,14,10,26,39,74],[34, 5, 35, 40, 42, 38, 43, 50, 51, 53]]
[[4,8,13,24,49,77],[34, 5, 35, 40, 42, 38, 43, 50, 52, 54]]
[[4,10,13,14,34,79],[34, 5, 35, 40, 42, 38, 43, 52, 51, 53]]
[[2,14,2,22,47,68],[34, 5, 35, 40, 42, 38, 43, 52, 53, 54]]
[[2,8,5,24,17,107],[34, 5, 35, 40, 42, 49, 38, 50, 44, 54]]
[[4,10,13,34,34,67],[34, 5, 35, 40, 42, 49, 38, 44, 53, 54]]
[[3,3,18,11,43,108],[34, 5, 35, 40, 42, 38, 50, 52, 44, 53]]
[[3,13,3,21,33,79],[34, 5, 35, 40, 42, 49, 38, 50, 51, 54]]
[[5,7,11,31,45,61],[34, 5, 35, 40, 42, 49, 38, 50, 52, 53]]
[[5,11,8,35,35,80],[34, 5, 35, 40, 42, 49, 38, 51, 53, 54]]
[[4,6,4,14,34,66],[34, 5, 35, 40, 42, 38, 50, 52, 51, 53]]
[[2,12,11,32,27,75],[34, 5, 35, 40, 42, 38, 50, 52, 53, 54]]
[[4,10,4,18,54,76],[34, 5, 35, 40, 49, 38, 43, 50, 52, 44]]
[[4,8,19,20,24,77],[34, 5, 35, 40, 49, 38, 43, 50, 44, 53]]
[[4,14,10,22,34,74],[34, 5, 35, 40, 49, 38, 43, 52, 44, 53]]
[[5,9,11,21,55,69],[34, 5, 35, 40, 38, 43, 50, 44, 51, 53]]
[[5,9,11,25,35,63],[34, 5, 35, 40, 38, 43, 50, 44, 53, 54]]
[[5,15,11,19,25,75],[34, 5, 35, 40, 38, 43, 52, 44, 51, 53]]
[[3,9,18,21,23,84],[34, 5, 35, 40, 49, 38, 43, 50, 52, 51]]
[[3,7,12,27,38,82],[34, 5, 35, 40, 49, 38, 43, 50, 51, 53]]
[[3,7,15,15,13,91],[34, 5, 35, 40, 49, 38, 43, 50, 53, 54]]
[[1,11,10,23,31,80],[34, 5, 35, 40, 49, 38, 43, 52, 53, 54]]
[[4,10,7,26,64,67],[34, 5, 35, 40, 38, 43, 50, 51, 53, 54]]
[[4,8,7,24,54,77],[34, 5, 35, 40, 49, 38, 50, 44, 51, 54]]
[[4,6,7,22,24,87],[34, 5, 35, 40, 49, 38, 50, 52, 44, 53]]
[[4,10,7,18,74,61],[34, 5, 35, 40, 49, 38, 52, 44, 51, 54]]
[[4,10,16,22,44,70],[34, 5, 35, 40, 49, 38, 44, 51, 53, 54]]
[[5,11,8,35,40,68],[34, 5, 35, 40, 38, 50, 52, 44, 51, 53]]
[[3,15,9,27,33,75],[34, 5, 35, 40, 38, 50, 52, 44, 53, 54]]
[[3,7,12,19,28,82],[34, 5, 35, 40, 49, 38, 50, 52, 51, 53]]
[[2,10,11,22,47,79],[34, 5, 35, 40, 38, 50, 52, 51, 53, 54]]
[[4,10,10,22,19,82],[34, 5, 35, 42, 49, 38, 43, 50, 44, 53]]
[[5,9,14,29,25,60],[34, 5, 35, 42, 38, 43, 50, 44, 53, 54]]
[[5,7,11,15,50,73],[34, 5, 35, 42, 38, 43, 52, 44, 51, 53]]
[[3,7,6,19,43,82],[34, 5, 35, 42, 49, 38, 43, 50, 51, 53]]
[[3,3,15,15,38,69],[34, 5, 35, 42, 49, 38, 43, 50, 52, 54]]
[[3,7,12,15,23,112],[34, 5, 35, 42, 49, 38, 43, 50, 53, 54]]
[[3,5,6,9,28,104],[34, 5, 35, 42, 49, 38, 43, 52, 51, 53]]
[[1,11,4,23,26,44],[34, 5, 35, 42, 49, 38, 43, 52, 53, 54]]
[[4,8,16,28,39,62],[34, 5, 35, 42, 38, 43, 50, 51, 53, 54]]
[[2,12,11,28,37,81],[34, 5, 35, 42, 38, 43, 52, 51, 53, 54]]
[[4,8,13,12,29,89],[34, 5, 35, 42, 49, 38, 50, 52, 44, 53]]
[[4,4,10,24,49,88],[34, 5, 35, 42, 49, 38, 44, 51, 53, 54]]
[[3,11,12,31,23,104],[34, 5, 35, 42, 49, 38, 50, 52, 51, 53]]
[[1,11,16,19,46,104],[34, 5, 35, 42, 49, 38, 50, 52, 53, 54]]
[[4,8,7,16,64,77],[34, 5, 35, 49, 38, 43, 50, 44, 51, 53]]
[[4,14,13,22,19,83],[34, 5, 35, 49, 38, 43, 50, 44, 53, 54]]
[[4,8,10,12,34,80],[34, 5, 35, 49, 38, 43, 52, 44, 51, 53]]
[[3,7,9,27,28,97],[34, 5, 35, 38, 43, 50, 52, 44, 51, 54]]
[[3,9,9,21,43,69],[34, 5, 35, 38, 43, 50, 44, 51, 53, 54]]
[[1,7,7,11,41,91],[34, 5, 35, 38, 43, 52, 44, 51, 53, 54]]
[[4,10,16,26,24,106],[34, 5, 35, 49, 38, 50, 52, 44, 51, 53]]
[[2,8,11,20,37,113],[34, 5, 35, 49, 38, 50, 52, 44, 53, 54]]
[[1,7,13,27,31,97],[34, 5, 35, 38, 50, 52, 44, 51, 53, 54]]
[[2,8,11,12,67,71],[34, 5, 35, 40, 42, 49, 43, 52, 39, 44]]
[[3,5,9,13,48,83],[34, 5, 35, 40, 42, 43, 50, 39, 44, 54]]
[[3,9,12,37,28,90],[34, 5, 35, 40, 42, 43, 39, 44, 51, 53]]
[[3,7,12,23,28,76],[34, 5, 35, 40, 42, 43, 52, 39, 44, 54]]
[[3,9,12,25,28,108],[34, 5, 35, 40, 42, 43, 39, 44, 53, 54]]
[[3,17,6,21,43,68],[34, 5, 35, 40, 42, 49, 43, 50, 39, 54]]
[[3,7,3,23,18,73],[34, 5, 35, 40, 42, 49, 43, 52, 39, 51]]
[[4,18,10,26,14,36],[34, 5, 35, 40, 42, 43, 50, 39, 51, 54]]
[[4,12,7,24,24,81],[34, 5, 35, 40, 42, 43, 50, 52, 39, 53]]
[[4,8,7,20,54,77],[34, 5, 35, 40, 42, 43, 52, 39, 51, 54]]
[[4,14,10,30,24,62],[34, 5, 35, 40, 42, 43, 39, 51, 53, 54]]
[[2,6,5,26,17,75],[34, 5, 35, 40, 42, 49, 50, 52, 39, 44]]
[[4,6,10,22,59,54],[34, 5, 35, 40, 42, 49, 50, 39, 44, 53]]
[[4,4,10,28,39,88],[34, 5, 35, 40, 42, 49, 52, 39, 44, 53]]
[[3,9,18,17,38,60],[34, 5, 35, 40, 42, 50, 39, 44, 51, 53]]
[[3,11,12,31,33,62],[34, 5, 35, 40, 42, 50, 52, 39, 44, 54]]
[[1,11,4,11,41,116],[34, 5, 35, 40, 42, 52, 39, 44, 53, 54]]
[[3,15,9,31,38,57],[34, 5, 35, 40, 42, 49, 50, 52, 39, 51]]
[[5,11,5,35,35,83],[34, 5, 35, 40, 42, 49, 50, 39, 51, 53]]
[[5,9,11,21,25,99],[34, 5, 35, 40, 42, 49, 50, 39, 53, 54]]
[[5,9,11,17,50,63],[34, 5, 35, 40, 42, 49, 52, 39, 51, 53]]
[[4,14,7,30,34,71],[34, 5, 35, 40, 42, 50, 52, 39, 51, 54]]
[[4,10,13,22,44,79],[34, 5, 35, 40, 42, 50, 39, 51, 53, 54]]
[[2,14,8,26,27,62],[34, 5, 35, 40, 42, 52, 39, 51, 53, 54]]
[[4,12,7,36,19,51],[34, 5, 35, 40, 49, 43, 39, 44, 51, 53]]
[[4,14,13,26,14,89],[34, 5, 35, 40, 49, 43, 52, 39, 44, 54]]
[[4,14,7,30,24,71],[34, 5, 35, 40, 49, 43, 39, 44, 53, 54]]
[[3,9,6,29,23,72],[34, 5, 35, 40, 43, 50, 39, 44, 51, 54]]
[[5,7,5,23,70,43],[34, 5, 35, 40, 43, 50, 52, 39, 44, 53]]
[[5,13,8,33,35,64],[34, 5, 35, 40, 43, 39, 44, 51, 53, 54]]
[[3,11,9,31,28,53],[34, 5, 35, 40, 49, 43, 50, 52, 39, 53]]
[[3,5,21,17,38,119],[34, 5, 35, 40, 49, 43, 52, 39, 51, 54]]
[[4,12,13,20,49,69],[34, 5, 35, 40, 43, 50, 52, 39, 51, 53]]
[[4,10,7,26,39,67],[34, 5, 35, 40, 49, 50, 39, 44, 51, 53]]
[[4,12,13,40,19,39],[34, 5, 35, 40, 49, 50, 52, 39, 44, 54]]
[[4,10,10,30,24,94],[34, 5, 35, 40, 49, 50, 39, 44, 53, 54]]
[[4,10,16,18,24,88],[34, 5, 35, 40, 49, 52, 39, 44, 51, 53]]
[[2,16,11,28,32,61],[34, 5, 35, 40, 49, 52, 39, 44, 53, 54]]
[[5,13,8,29,15,82],[34, 5, 35, 40, 50, 39, 44, 51, 53, 54]]
[[3,9,9,33,38,57],[34, 5, 35, 40, 49, 50, 52, 39, 51, 54]]
[[3,11,15,35,23,71],[34, 5, 35, 40, 49, 50, 39, 51, 53, 54]]
[[1,13,10,33,41,58],[34, 5, 35, 40, 49, 52, 39, 51, 53, 54]]
[[4,12,7,32,49,81],[34, 5, 35, 42, 49, 43, 50, 39, 44, 54]]
[[3,5,6,17,63,62],[34, 5, 35, 42, 49, 43, 50, 39, 51, 54]]
[[3,5,9,21,33,113],[34, 5, 35, 42, 49, 43, 50, 52, 39, 53]]
[[3,9,6,17,43,102],[34, 5, 35, 42, 49, 43, 52, 39, 51, 54]]
[[3,7,6,31,23,88],[34, 5, 35, 42, 49, 43, 39, 51, 53, 54]]
[[4,4,10,8,44,88],[34, 5, 35, 42, 43, 50, 52, 39, 51, 53]]
[[2,8,5,16,22,77],[34, 5, 35, 42, 43, 50, 52, 39, 53, 54]]
[[4,10,7,38,24,55],[34, 5, 35, 42, 49, 50, 39, 44, 51, 53]]
[[4,6,7,26,44,93],[34, 5, 35, 42, 49, 50, 52, 39, 44, 54]]
[[2,8,5,16,47,89],[34, 5, 35, 42, 49, 52, 39, 44, 53, 54]]
[[3,9,12,17,18,84],[34, 5, 35, 42, 49, 50, 39, 51, 53, 54]]
[[1,11,7,19,26,71],[34, 5, 35, 42, 49, 52, 39, 51, 53, 54]]
[[2,6,5,26,32,57],[34, 5, 35, 49, 43, 50, 39, 44, 51, 54]]
[[4,8,13,12,14,95],[34, 5, 35, 49, 43, 39, 44, 51, 53, 54]]
[[1,13,10,25,26,70],[34, 5, 35, 43, 50, 52, 39, 44, 53, 54]]
[[5,7,8,27,70,52],[34, 5, 35, 49, 43, 50, 52, 39, 51, 53]]
[[2,16,11,20,32,79],[34, 5, 35, 43, 50, 52, 39, 51, 53, 54]]
[[4,10,16,18,54,58],[34, 5, 35, 49, 50, 39, 44, 51, 53, 54]]
[[2,6,8,18,22,72],[34, 5, 35, 49, 52, 39, 44, 51, 53, 54]]
[[4,10,10,30,34,64],[34, 5, 35, 40, 42, 49, 43, 44, 53, 54]]
[[3,5,6,9,38,104],[34, 5, 35, 40, 42, 43, 50, 44, 51, 54]]
[[3,7,12,19,28,82],[34, 5, 35, 40, 42, 43, 50, 52, 44, 53]]
[[3,7,6,19,38,106],[34, 5, 35, 40, 42, 43, 52, 44, 51, 54]]
[[3,11,12,31,38,62],[34, 5, 35, 40, 42, 43, 44, 51, 53, 54]]
[[5,11,8,35,40,68],[34, 5, 35, 40, 42, 49, 43, 50, 52, 53]]
[[5,15,8,27,20,72],[34, 5, 35, 40, 42, 49, 43, 51, 53, 54]]
[[4,6,7,22,24,87],[34, 5, 35, 40, 42, 43, 50, 52, 51, 53]]
[[2,10,11,30,22,109],[34, 5, 35, 40, 42, 43, 50, 52, 53, 54]]
[[4,6,16,26,49,72],[34, 5, 35, 40, 42, 49, 50, 44, 51, 53]]
[[4,10,7,26,64,67],[34, 5, 35, 40, 42, 49, 50, 44, 53, 54]]
[[3,7,15,15,13,91],[34, 5, 35, 40, 42, 50, 44, 51, 53, 54]]
[[1,11,10,23,31,80],[34, 5, 35, 40, 42, 52, 44, 51, 53, 54]]
[[5,9,11,25,35,63],[34, 5, 35, 40, 42, 49, 50, 51, 53, 54]]
[[4,6,4,14,34,66],[34, 5, 35, 40, 49, 43, 50, 52, 44, 53]]
[[4,8,10,24,49,92],[34, 5, 35, 40, 49, 43, 52, 44, 51, 54]]
[[4,10,4,26,34,88],[34, 5, 35, 40, 49, 43, 44, 51, 53, 54]]
[[5,7,11,31,45,61],[34, 5, 35, 40, 43, 50, 52, 44, 51, 53]]
[[3,3,18,11,43,108],[34, 5, 35, 40, 49, 43, 50, 52, 51, 53]]
[[1,9,4,25,31,66],[34, 5, 35, 40, 49, 43, 50, 52, 53, 54]]
[[4,8,13,24,49,77],[34, 5, 35, 40, 49, 50, 52, 44, 51, 54]]
[[2,14,2,22,47,68],[34, 5, 35, 40, 49, 52, 44, 51, 53, 54]]
[[4,6,7,14,59,63],[34, 5, 35, 42, 49, 43, 52, 44, 51, 54]]
[[5,9,8,25,30,84],[34, 5, 35, 42, 43, 50, 52, 44, 51, 53]]
[[3,9,12,25,18,120],[34, 5, 35, 42, 49, 43, 50, 52, 51, 53]]
[[1,7,13,27,31,97],[34, 5, 35, 42, 49, 43, 50, 52, 53, 54]]
[[2,8,11,20,37,113],[34, 5, 35, 42, 43, 50, 52, 51, 53, 54]]
[[4,8,10,40,19,56],[34, 5, 35, 42, 49, 50, 44, 51, 53, 54]]
[[4,8,16,24,29,110],[34, 5, 35, 49, 43, 50, 52, 44, 51, 53]]
[[1,11,16,19,46,104],[34, 5, 35, 43, 50, 52, 44, 51, 53, 54]]
[[3,9,9,9,63,75],[34, 5, 40, 37, 42, 38, 43, 50, 39, 53]]
[[3,7,9,11,33,97],[34, 5, 40, 37, 42, 38, 43, 52, 39, 53]]
[[3,9,12,33,28,96],[34, 5, 40, 37, 42, 49, 38, 52, 39, 44]]
[[4,10,10,30,29,100],[34, 5, 40, 37, 42, 38, 39, 44, 51, 53]]
[[4,10,13,38,24,43],[34, 5, 40, 37, 42, 38, 52, 39, 44, 54]]
[[4,10,7,30,29,79],[34, 5, 40, 37, 42, 38, 39, 44, 53, 54]]
[[2,8,11,24,12,89],[34, 5, 40, 37, 42, 49, 38, 50, 39, 54]]
[[2,6,20,26,17,78],[34, 5, 40, 37, 42, 49, 38, 52, 39, 51]]
[[4,6,7,18,64,87],[34, 5, 40, 37, 42, 49, 38, 39, 53, 54]]
[[3,7,18,31,48,52],[34, 5, 40, 37, 42, 38, 50, 39, 51, 54]]
[[3,11,9,23,43,71],[34, 5, 40, 37, 42, 38, 50, 52, 39, 53]]
[[3,9,21,29,13,93],[34, 5, 40, 37, 42, 38, 39, 51, 53, 54]]
[[4,10,7,26,34,67],[34, 5, 40, 37, 38, 43, 52, 39, 44, 53]]
[[4,12,16,24,19,90],[34, 5, 40, 37, 49, 38, 43, 50, 39, 53]]
[[3,7,9,15,38,103],[34, 5, 40, 37, 38, 43, 50, 52, 39, 51]]
[[5,7,14,35,25,70],[34, 5, 40, 37, 38, 43, 50, 39, 53, 54]]
[[5,11,8,35,40,68],[34, 5, 40, 37, 38, 43, 52, 39, 51, 53]]
[[3,9,6,25,33,102],[34, 5, 40, 37, 49, 38, 39, 44, 51, 53]]
[[3,13,9,37,28,55],[34, 5, 40, 37, 49, 38, 52, 39, 44, 54]]
[[3,7,6,35,28,58],[34, 5, 40, 37, 49, 38, 39, 44, 53, 54]]
[[2,6,11,30,32,99],[34, 5, 40, 37, 38, 50, 39, 44, 51, 54]]
[[4,6,16,18,49,96],[34, 5, 40, 37, 38, 50, 52, 39, 44, 53]]
[[4,8,16,40,24,56],[34, 5, 40, 37, 38, 39, 44, 51, 53, 54]]
[[4,10,10,22,24,106],[34, 5, 40, 37, 49, 38, 50, 52, 39, 53]]
[[4,14,16,22,24,56],[34, 5, 40, 37, 49, 38, 52, 39, 51, 54]]
[[4,8,19,20,29,101],[34, 5, 40, 37, 49, 38, 39, 51, 53, 54]]
[[5,9,11,25,35,63],[34, 5, 40, 37, 38, 50, 52, 39, 51, 53]]
[[2,6,11,18,17,99],[34, 5, 37, 42, 38, 43, 50, 52, 39, 44]]
[[4,8,13,24,34,41],[34, 5, 37, 42, 38, 43, 50, 39, 44, 53]]
[[4,12,16,24,34,48],[34, 5, 37, 42, 38, 43, 52, 39, 44, 53]]
[[4,10,10,26,49,94],[34, 5, 37, 42, 49, 38, 43, 52, 39, 53]]
[[5,11,17,23,25,59],[34, 5, 37, 42, 38, 43, 50, 39, 51, 53]]
[[3,11,15,23,58,53],[34, 5, 37, 42, 49, 38, 50, 39, 44, 54]]
[[3,9,15,37,38,57],[34, 5, 37, 42, 49, 38, 39, 44, 51, 53]]
[[3,11,15,35,23,83],[34, 5, 37, 42, 49, 38, 52, 39, 44, 54]]
[[2,6,14,22,27,102],[34, 5, 37, 42, 38, 50, 39, 44, 51, 54]]
[[4,4,16,8,34,82],[34, 5, 37, 42, 38, 50, 52, 39, 44, 53]]
[[4,10,16,22,29,88],[34, 5, 37, 42, 38, 39, 44, 51, 53, 54]]
[[4,6,4,18,69,90],[34, 5, 37, 42, 49, 38, 52, 39, 51, 54]]
[[5,9,11,25,50,51],[34, 5, 37, 42, 38, 50, 52, 39, 51, 53]]
[[3,5,9,13,43,119],[34, 5, 37, 49, 38, 43, 50, 52, 39, 44]]
[[5,7,8,23,60,76],[34, 5, 37, 49, 38, 43, 52, 39, 44, 53]]
[[4,8,10,24,14,80],[34, 5, 37, 38, 43, 50, 39, 44, 51, 53]]
[[4,10,13,14,39,85],[34, 5, 37, 38, 43, 50, 52, 39, 44, 54]]
[[2,14,5,26,52,83],[34, 5, 37, 38, 43, 52, 39, 44, 53, 54]]
[[2,10,14,18,22,70],[34, 5, 37, 49, 38, 43, 50, 52, 39, 51]]
[[4,4,7,16,44,79],[34, 5, 37, 49, 38, 43, 50, 39, 53, 54]]
[[4,8,16,32,24,62],[34, 5, 37, 49, 38, 43, 52, 39, 51, 53]]
[[3,13,15,25,28,67],[34, 5, 37, 38, 43, 50, 52, 39, 51, 54]]
[[3,5,6,17,28,116],[34, 5, 37, 38, 43, 50, 39, 51, 53, 54]]
[[1,9,10,25,21,72],[34, 5, 37, 38, 43, 52, 39, 51, 53, 54]]
[[4,4,4,12,39,76],[34, 5, 37, 38, 50, 52, 39, 44, 51, 53]]
[[4,8,16,20,29,92],[34, 5, 37, 49, 38, 50, 52, 39, 51, 53]]
[[1,11,4,23,46,98],[34, 5, 37, 38, 50, 52, 39, 51, 53, 54]]
[[4,8,4,28,39,92],[34, 5, 40, 37, 42, 38, 43, 50, 52, 44]]
[[4,12,7,36,19,51],[34, 5, 40, 37, 42, 38, 43, 50, 44, 53]]
[[4,6,13,22,39,99],[34, 5, 40, 37, 42, 38, 43, 52, 44, 53]]
[[4,10,16,22,54,46],[34, 5, 40, 37, 42, 49, 38, 43, 50, 53]]
[[3,7,6,23,28,88],[34, 5, 40, 37, 42, 38, 43, 50, 52, 51]]
[[3,11,9,19,48,83],[34, 5, 40, 37, 42, 38, 43, 50, 51, 53]]
[[3,7,6,19,48,118],[34, 5, 40, 37, 42, 38, 43, 50, 52, 54]]
[[3,3,15,15,33,87],[34, 5, 40, 37, 42, 38, 43, 50, 53, 54]]
[[1,7,13,19,51,85],[34, 5, 40, 37, 42, 38, 43, 52, 53, 54]]
[[3,11,6,31,33,74],[34, 5, 40, 37, 42, 49, 38, 50, 44, 54]]
[[5,15,8,27,25,72],[34, 5, 40, 37, 42, 49, 38, 44, 53, 54]]
[[4,10,4,30,44,82],[34, 5, 40, 37, 42, 38, 50, 44, 51, 54]]
[[4,14,13,22,29,71],[34, 5, 40, 37, 42, 38, 50, 52, 44, 53]]
[[4,8,10,24,49,92],[34, 5, 40, 37, 42, 38, 52, 44, 51, 54]]
[[2,10,8,30,32,100],[34, 5, 40, 37, 42, 49, 38, 50, 51, 54]]
[[4,10,10,22,59,82],[34, 5, 40, 37, 42, 49, 38, 51, 53, 54]]
[[3,7,21,23,33,67],[34, 5, 40, 37, 42, 38, 50, 52, 51, 53]]
[[1,11,7,31,36,65],[34, 5, 40, 37, 42, 38, 50, 52, 53, 54]]
[[3,11,18,35,13,80],[34, 5, 40, 37, 49, 38, 43, 50, 44, 53]]
[[3,7,6,19,18,82],[34, 5, 40, 37, 49, 38, 43, 52, 44, 53]]
[[4,8,10,24,49,44],[34, 5, 40, 37, 38, 43, 50, 44, 53, 54]]
[[2,10,11,14,27,67],[34, 5, 40, 37, 38, 43, 52, 44, 53, 54]]
[[4,16,7,28,29,61],[34, 5, 40, 37, 49, 38, 43, 50, 51, 53]]
[[4,12,10,24,54,72],[34, 5, 40, 37, 49, 38, 43, 50, 52, 54]]
[[4,10,4,30,24,70],[34, 5, 40, 37, 49, 38, 43, 50, 53, 54]]
[[4,8,7,28,39,65],[34, 5, 40, 37, 49, 38, 43, 52, 51, 53]]
[[2,8,2,20,32,56],[34, 5, 40, 37, 49, 38, 43, 52, 53, 54]]
[[5,15,5,27,35,63],[34, 5, 40, 37, 38, 43, 50, 51, 53, 54]]
[[3,13,6,33,38,64],[34, 5, 40, 37, 38, 43, 52, 51, 53, 54]]
[[3,5,6,17,23,122],[34, 5, 40, 37, 49, 38, 50, 52, 44, 53]]
[[4,8,16,16,44,80],[34, 5, 40, 37, 38, 50, 52, 44, 51, 53]]
[[4,12,13,20,29,93],[34, 5, 40, 37, 49, 38, 50, 52, 51, 53]]
[[2,14,8,26,27,62],[34, 5, 40, 37, 49, 38, 50, 52, 53, 54]]
[[3,7,9,15,48,109],[34, 5, 37, 42, 49, 38, 43, 50, 52, 44]]
[[3,11,15,19,48,71],[34, 5, 37, 42, 49, 38, 43, 50, 44, 53]]
[[3,7,6,27,28,94],[34, 5, 37, 42, 49, 38, 43, 52, 44, 53]]
[[4,8,13,16,54,77],[34, 5, 37, 42, 38, 43, 50, 44, 51, 53]]
[[4,10,13,18,59,67],[34, 5, 37, 42, 38, 43, 50, 44, 53, 54]]
[[4,4,7,16,59,115],[34, 5, 37, 42, 38, 43, 52, 44, 51, 53]]
[[4,6,7,26,29,75],[34, 5, 37, 42, 49, 38, 43, 50, 51, 53]]
[[4,8,19,24,24,89],[34, 5, 37, 42, 49, 38, 43, 50, 52, 54]]
[[2,10,5,18,42,79],[34, 5, 37, 42, 49, 38, 43, 52, 53, 54]]
[[5,15,8,31,25,42],[34, 5, 37, 42, 38, 43, 50, 51, 53, 54]]
[[3,7,21,15,23,91],[34, 5, 37, 42, 49, 38, 50, 44, 51, 54]]
[[3,5,9,17,33,131],[34, 5, 37, 42, 49, 38, 44, 51, 53, 54]]
[[4,6,16,18,29,66],[34, 5, 37, 42, 38, 50, 52, 44, 51, 53]]
[[2,12,11,24,32,81],[34, 5, 37, 42, 38, 50, 52, 44, 53, 54]]
[[4,6,4,18,69,84],[34, 5, 37, 42, 49, 38, 50, 52, 51, 53]]
[[3,7,3,15,43,79],[34, 5, 37, 42, 38, 50, 52, 51, 53, 54]]
[[3,11,12,27,38,62],[34, 5, 37, 49, 38, 43, 52, 44, 53, 54]]
[[4,8,4,20,49,80],[34, 5, 37, 38, 43, 50, 44, 51, 53, 54]]
[[4,10,19,18,24,85],[34, 5, 37, 49, 38, 43, 50, 51, 53, 54]]
[[2,6,5,14,32,87],[34, 5, 37, 49, 38, 43, 52, 51, 53, 54]]
[[5,9,17,17,35,81],[34, 5, 37, 49, 38, 50, 52, 44, 51, 53]]
[[2,10,5,18,32,91],[34, 5, 37, 38, 50, 52, 44, 51, 53, 54]]
[[3,11,6,23,53,86],[34, 5, 40, 37, 42, 49, 43, 52, 39, 44]]
[[5,13,8,25,40,64],[34, 5, 40, 37, 42, 49, 43, 39, 44, 53]]
[[4,14,16,22,24,56],[34, 5, 40, 37, 42, 43, 52, 39, 44, 54]]
[[4,8,19,20,29,101],[34, 5, 40, 37, 42, 43, 39, 44, 53, 54]]
[[2,6,11,30,32,99],[34, 5, 40, 37, 42, 49, 43, 50, 39, 54]]
[[2,8,11,24,37,89],[34, 5, 40, 37, 42, 49, 43, 52, 39, 51]]
[[4,6,19,22,39,99],[34, 5, 40, 37, 42, 49, 43, 39, 51, 53]]
[[4,8,16,40,24,56],[34, 5, 40, 37, 42, 49, 43, 39, 53, 54]]
[[3,5,15,13,28,107],[34, 5, 40, 37, 42, 43, 50, 52, 39, 53]]
[[3,13,9,37,28,55],[34, 5, 40, 37, 42, 43, 52, 39, 51, 54]]
[[3,7,6,35,28,58],[34, 5, 40, 37, 42, 43, 39, 51, 53, 54]]
[[3,7,9,15,38,103],[34, 5, 40, 37, 42, 49, 50, 52, 39, 44]]
[[5,11,8,35,40,68],[34, 5, 40, 37, 42, 49, 52, 39, 44, 53]]
[[4,12,16,24,19,90],[34, 5, 40, 37, 42, 50, 39, 44, 51, 53]]
[[4,8,7,24,59,83],[34, 5, 40, 37, 42, 50, 52, 39, 44, 54]]
[[4,12,13,20,19,93],[34, 5, 40, 37, 42, 50, 39, 44, 53, 54]]
[[2,18,11,22,37,57],[34, 5, 40, 37, 42, 52, 39, 44, 53, 54]]
[[4,10,13,26,44,91],[34, 5, 40, 37, 42, 49, 50, 39, 53, 54]]
[[4,10,7,26,34,67],[34, 5, 40, 37, 42, 49, 52, 39, 51, 53]]
[[2,8,8,16,37,92],[34, 5, 40, 37, 42, 49, 52, 39, 53, 54]]
[[3,5,18,13,23,104],[34, 5, 40, 37, 42, 50, 52, 39, 51, 54]]
[[3,13,12,25,23,82],[34, 5, 40, 37, 42, 50, 39, 51, 53, 54]]
[[1,7,10,23,26,100],[34, 5, 40, 37, 42, 52, 39, 51, 53, 54]]
[[3,7,18,31,48,52],[34, 5, 40, 37, 49, 43, 50, 39, 44, 54]]
[[3,9,12,33,23,66],[34, 5, 40, 37, 49, 43, 39, 44, 51, 53]]
[[3,9,21,29,13,93],[34, 5, 40, 37, 49, 43, 39, 44, 53, 54]]
[[2,8,11,24,12,89],[34, 5, 40, 37, 43, 50, 39, 44, 51, 54]]
[[4,8,16,28,24,98],[34, 5, 40, 37, 43, 50, 52, 39, 44, 53]]
[[4,6,7,18,64,87],[34, 5, 40, 37, 43, 39, 44, 51, 53, 54]]
[[4,8,7,24,34,77],[34, 5, 40, 37, 49, 43, 50, 52, 39, 53]]
[[4,10,13,38,24,43],[34, 5, 40, 37, 49, 43, 52, 39, 51, 54]]
[[4,10,7,30,29,79],[34, 5, 40, 37, 49, 43, 39, 51, 53, 54]]
[[5,11,8,19,25,98],[34, 5, 40, 37, 43, 50, 52, 39, 51, 53]]
[[3,9,6,17,53,78],[34, 5, 40, 37, 43, 50, 52, 39, 53, 54]]
[[3,9,9,9,63,75],[34, 5, 40, 37, 49, 50, 39, 44, 51, 53]]
[[3,5,12,21,38,104],[34, 5, 40, 37, 49, 50, 52, 39, 44, 54]]
[[3,7,9,23,33,127],[34, 5, 40, 37, 49, 50, 39, 44, 53, 54]]
[[3,7,9,11,33,97],[34, 5, 40, 37, 49, 52, 39, 44, 51, 53]]
[[1,11,7,39,56,53],[34, 5, 40, 37, 49, 52, 39, 44, 53, 54]]
[[4,8,10,20,29,92],[34, 5, 40, 37, 50, 39, 44, 51, 53, 54]]
[[4,12,10,20,44,66],[34, 5, 40, 37, 49, 50, 52, 39, 51, 54]]
[[2,10,11,34,37,85],[34, 5, 40, 37, 49, 52, 39, 51, 53, 54]]
[[3,11,9,27,33,95],[34, 5, 37, 42, 49, 43, 39, 44, 51, 53]]
[[3,5,9,13,23,119],[34, 5, 37, 42, 49, 43, 52, 39, 44, 54]]
[[3,15,9,27,33,63],[34, 5, 37, 42, 49, 43, 39, 44, 53, 54]]
[[4,8,16,20,29,92],[34, 5, 37, 42, 43, 50, 52, 39, 44, 53]]
[[4,4,4,12,39,76],[34, 5, 37, 42, 49, 43, 50, 52, 39, 53]]
[[4,10,7,30,49,67],[34, 5, 37, 42, 49, 43, 39, 51, 53, 54]]
[[3,11,15,15,43,77],[34, 5, 37, 42, 49, 50, 39, 44, 51, 53]]
[[3,13,15,25,28,67],[34, 5, 37, 42, 49, 50, 52, 39, 44, 54]]
[[3,5,6,17,28,116],[34, 5, 37, 42, 49, 50, 39, 44, 53, 54]]
[[1,9,10,25,21,72],[34, 5, 37, 42, 49, 52, 39, 44, 53, 54]]
[[4,4,7,16,44,79],[34, 5, 37, 42, 50, 39, 44, 51, 53, 54]]
[[4,10,13,14,39,85],[34, 5, 37, 42, 49, 50, 52, 39, 51, 54]]
[[2,14,5,26,52,83],[34, 5, 37, 42, 49, 52, 39, 51, 53, 54]]
[[3,7,6,19,28,82],[34, 5, 37, 49, 43, 50, 39, 44, 51, 54]]
[[5,9,11,25,50,51],[34, 5, 37, 49, 43, 50, 52, 39, 44, 53]]
[[5,11,11,27,25,77],[34, 5, 37, 49, 43, 39, 44, 51, 53, 54]]
[[2,8,5,28,32,71],[34, 5, 37, 43, 50, 52, 39, 44, 53, 54]]
[[4,4,16,8,34,82],[34, 5, 37, 49, 43, 50, 52, 39, 51, 53]]
[[1,9,7,21,11,63],[34, 5, 37, 43, 50, 52, 39, 51, 53, 54]]
[[3,13,6,37,43,58],[34, 5, 40, 37, 42, 49, 43, 50, 44, 54]]
[[5,9,11,21,25,99],[34, 5, 40, 37, 42, 49, 43, 44, 53, 54]]
[[4,12,13,20,29,93],[34, 5, 40, 37, 42, 43, 50, 52, 44, 53]]
[[4,12,10,28,24,72],[34, 5, 40, 37, 42, 43, 52, 44, 51, 54]]
[[2,12,11,32,32,63],[34, 5, 40, 37, 42, 49, 43, 50, 51, 54]]
[[4,8,16,16,44,80],[34, 5, 40, 37, 42, 49, 43, 50, 52, 53]]
[[4,12,16,28,19,78],[34, 5, 40, 37, 42, 49, 43, 51, 53, 54]]
[[3,5,6,17,23,122],[34, 5, 40, 37, 42, 43, 50, 52, 51, 53]]
[[5,15,5,27,35,63],[34, 5, 40, 37, 42, 49, 50, 44, 53, 54]]
[[5,13,5,29,45,61],[34, 5, 40, 37, 42, 49, 52, 44, 51, 53]]
[[3,13,6,33,38,64],[34, 5, 40, 37, 42, 49, 52, 44, 53, 54]]
[[4,12,10,24,54,72],[34, 5, 40, 37, 42, 50, 52, 44, 51, 54]]
[[4,10,4,30,24,70],[34, 5, 40, 37, 42, 50, 44, 51, 53, 54]]
[[2,8,2,20,32,56],[34, 5, 40, 37, 42, 52, 44, 51, 53, 54]]
[[4,8,10,24,49,44],[34, 5, 40, 37, 42, 49, 50, 51, 53, 54]]
[[2,10,11,14,27,67],[34, 5, 40, 37, 42, 49, 52, 51, 53, 54]]
[[3,7,6,11,53,64],[34, 5, 40, 37, 49, 43, 50, 44, 51, 54]]
[[3,7,21,23,33,67],[34, 5, 40, 37, 49, 43, 50, 52, 44, 53]]
[[3,5,12,13,28,74],[34, 5, 40, 37, 49, 43, 52, 44, 51, 54]]
[[3,3,15,11,23,57],[34, 5, 40, 37, 49, 43, 44, 51, 53, 54]]
[[2,14,8,26,37,80],[34, 5, 40, 37, 43, 50, 52, 44, 53, 54]]
[[4,14,13,22,29,71],[34, 5, 40, 37, 49, 43, 50, 52, 51, 53]]
[[2,14,5,30,42,41],[34, 5, 40, 37, 49, 43, 50, 52, 53, 54]]
[[3,11,12,27,28,86],[34, 5, 40, 37, 43, 50, 52, 51, 53, 54]]
[[3,7,6,19,48,118],[34, 5, 40, 37, 49, 50, 52, 44, 51, 54]]
[[3,3,15,15,33,87],[34, 5, 40, 37, 49, 50, 44, 51, 53, 54]]
[[1,7,13,19,51,85],[34, 5, 40, 37, 49, 52, 44, 51, 53, 54]]
[[3,5,12,17,48,104],[34, 5, 37, 42, 49, 43, 50, 52, 44, 53]]
[[3,9,6,29,28,102],[34, 5, 37, 42, 49, 43, 52, 44, 51, 54]]
[[4,10,13,26,19,103],[34, 5, 37, 42, 43, 50, 52, 44, 51, 53]]
[[2,10,5,18,32,91],[34, 5, 37, 42, 49, 43, 50, 52, 53, 54]]
[[3,7,9,15,63,79],[34, 5, 37, 42, 49, 50, 52, 44, 51, 54]]
[[3,9,12,25,43,90],[34, 5, 37, 42, 49, 50, 44, 51, 53, 54]]
[[1,5,19,29,31,65],[34, 5, 37, 42, 49, 52, 44, 51, 53, 54]]
[[3,7,3,15,43,79],[34, 5, 37, 49, 43, 50, 52, 44, 53, 54]]
[[2,12,11,24,32,81],[34, 5, 37, 49, 43, 50, 52, 51, 53, 54]]
[[3,15,9,31,38,57],[34, 5, 40, 42, 38, 43, 50, 52, 39, 44]]
[[5,13,11,25,35,61],[34, 5, 40, 42, 38, 43, 50, 39, 44, 53]]
[[5,11,8,31,50,56],[34, 5, 40, 42, 38, 43, 52, 39, 44, 53]]
[[3,5,12,9,38,104],[34, 5, 40, 42, 49, 38, 43, 50, 39, 53]]
[[3,7,12,11,48,70],[34, 5, 40, 42, 49, 38, 43, 52, 39, 53]]
[[2,8,8,20,27,68],[34, 5, 40, 42, 38, 43, 50, 52, 39, 51]]
[[4,10,16,14,49,58],[34, 5, 40, 42, 38, 43, 50, 39, 51, 53]]
[[4,8,25,16,29,77],[34, 5, 40, 42, 38, 43, 50, 39, 53, 54]]
[[4,8,10,20,14,104],[34, 5, 40, 42, 49, 38, 50, 39, 44, 54]]
[[4,10,10,42,24,58],[34, 5, 40, 42, 49, 38, 39, 44, 51, 53]]
[[4,10,13,22,39,79],[34, 5, 40, 42, 49, 38, 52, 39, 44, 54]]
[[4,10,16,22,34,70],[34, 5, 40, 42, 49, 38, 39, 44, 53, 54]]
[[3,11,18,27,18,86],[34, 5, 40, 42, 38, 50, 39, 44, 51, 54]]
[[5,11,17,23,15,83],[34, 5, 40, 42, 38, 50, 52, 39, 44, 53]]
[[5,9,11,29,30,81],[34, 5, 40, 42, 38, 39, 44, 51, 53, 54]]
[[3,9,24,29,13,78],[34, 5, 40, 42, 49, 38, 50, 39, 51, 54]]
[[3,5,9,25,43,101],[34, 5, 40, 42, 49, 38, 50, 52, 39, 53]]
[[3,7,15,23,33,103],[34, 5, 40, 42, 49, 38, 52, 39, 51, 54]]
[[3,3,12,23,48,54],[34, 5, 40, 42, 49, 38, 39, 51, 53, 54]]
[[4,10,7,22,54,67],[34, 5, 40, 42, 38, 50, 52, 39, 51, 53]]
[[2,4,20,28,37,106],[34, 5, 40, 42, 38, 50, 52, 39, 53, 54]]
[[2,10,8,26,32,76],[34, 5, 40, 49, 38, 43, 50, 52, 39, 44]]
[[4,10,10,30,34,82],[34, 5, 40, 49, 38, 43, 52, 39, 44, 53]]
[[3,5,9,9,28,83],[34, 5, 40, 38, 43, 50, 39, 44, 51, 53]]
[[3,9,21,25,13,93],[34, 5, 40, 38, 43, 50, 39, 44, 53, 54]]
[[3,5,9,17,28,89],[34, 5, 40, 38, 43, 52, 39, 44, 51, 53]]
[[1,7,19,23,31,43],[34, 5, 40, 38, 43, 52, 39, 44, 53, 54]]
[[3,9,6,25,38,90],[34, 5, 40, 49, 38, 43, 50, 52, 39, 51]]
[[5,9,11,25,50,81],[34, 5, 40, 49, 38, 43, 50, 39, 53, 54]]
[[5,13,8,29,15,82],[34, 5, 40, 49, 38, 43, 52, 39, 51, 53]]
[[3,11,12,27,28,86],[34, 5, 40, 49, 38, 43, 52, 39, 53, 54]]
[[4,10,16,22,39,76],[34, 5, 40, 38, 43, 50, 52, 39, 51, 54]]
[[2,12,11,28,22,75],[34, 5, 40, 38, 43, 52, 39, 51, 53, 54]]
[[2,4,11,12,22,91],[34, 5, 40, 49, 38, 50, 39, 44, 51, 54]]
[[4,8,10,28,39,116],[34, 5, 40, 49, 38, 50, 52, 39, 44, 53]]
[[4,6,13,42,24,45],[34, 5, 40, 49, 38, 39, 44, 51, 53, 54]]
[[3,7,12,23,53,52],[34, 5, 40, 38, 50, 52, 39, 44, 51, 53]]
[[1,7,7,7,31,85],[34, 5, 40, 38, 50, 52, 39, 44, 53, 54]]
[[2,10,14,30,37,82],[34, 5, 40, 38, 50, 52, 39, 51, 53, 54]]
[[2,10,11,30,32,91],[34, 5, 42, 49, 38, 43, 50, 52, 39, 44]]
[[4,8,10,16,54,80],[34, 5, 42, 49, 38, 43, 50, 39, 44, 53]]
[[4,8,10,32,29,62],[34, 5, 42, 49, 38, 43, 52, 39, 44, 53]]
[[3,3,18,15,33,72],[34, 5, 42, 38, 43, 50, 52, 39, 44, 54]]
[[3,5,15,9,23,101],[34, 5, 42, 38, 43, 50, 39, 44, 53, 54]]
[[3,5,12,25,48,80],[34, 5, 42, 38, 43, 52, 39, 44, 51, 53]]
[[1,11,10,23,36,104],[34, 5, 42, 38, 43, 52, 39, 44, 53, 54]]
[[5,5,8,25,25,80],[34, 5, 42, 49, 38, 43, 50, 39, 53, 54]]
[[5,13,11,21,45,55],[34, 5, 42, 49, 38, 43, 52, 39, 51, 53]]
[[2,10,14,18,62,82],[34, 5, 42, 38, 43, 52, 39, 51, 53, 54]]
[[2,4,17,16,17,85],[34, 5, 42, 49, 38, 50, 39, 44, 51, 54]]
[[4,6,10,22,29,102],[34, 5, 42, 49, 38, 50, 52, 39, 44, 53]]
[[4,8,13,36,39,47],[34, 5, 42, 49, 38, 39, 44, 51, 53, 54]]
[[3,7,15,19,33,103],[34, 5, 42, 38, 50, 52, 39, 44, 51, 53]]
[[1,11,10,19,41,92],[34, 5, 42, 38, 50, 52, 39, 44, 53, 54]]
[[3,9,12,13,53,90],[34, 5, 42, 49, 38, 50, 52, 39, 53, 54]]
[[4,8,7,28,9,47],[34, 5, 49, 38, 43, 50, 39, 44, 53, 54]]
[[4,12,13,32,29,45],[34, 5, 49, 38, 43, 52, 39, 44, 51, 53]]
[[3,13,12,25,33,70],[34, 5, 38, 43, 52, 39, 44, 51, 53, 54]]
[[3,9,21,29,23,75],[34, 5, 49, 38, 43, 50, 52, 39, 51, 54]]
[[1,5,10,21,16,68],[34, 5, 49, 38, 43, 52, 39, 51, 53, 54]]
[[2,10,14,34,22,82],[34, 5, 49, 38, 50, 52, 39, 44, 53, 54]]
[[1,5,10,17,46,68],[34, 5, 49, 38, 50, 52, 39, 51, 53, 54]]
[[4,12,10,36,24,48],[34, 5, 40, 42, 49, 38, 43, 50, 44, 53]]
[[4,10,10,14,74,58],[34, 5, 40, 42, 49, 38, 43, 52, 44, 53]]
[[5,13,14,17,20,100],[34, 5, 40, 42, 38, 43, 50, 44, 51, 53]]
[[5,11,11,23,35,77],[34, 5, 40, 42, 38, 43, 52, 44, 51, 53]]
[[3,5,6,13,43,110],[34, 5, 40, 42, 49, 38, 43, 50, 52, 51]]
[[3,9,15,21,28,105],[34, 5, 40, 42, 49, 38, 43, 50, 52, 54]]
[[3,11,6,39,38,62],[34, 5, 40, 42, 49, 38, 43, 52, 51, 53]]
[[1,9,7,25,21,69],[34, 5, 40, 42, 49, 38, 43, 52, 53, 54]]
[[4,8,13,12,29,101],[34, 5, 40, 42, 38, 43, 50, 51, 53, 54]]
[[4,12,13,28,19,75],[34, 5, 40, 42, 49, 38, 50, 44, 51, 54]]
[[4,12,10,24,34,72],[34, 5, 40, 42, 49, 38, 50, 52, 44, 53]]
[[4,10,7,18,74,61],[34, 5, 40, 42, 49, 38, 52, 44, 51, 54]]
[[4,12,7,36,19,57],[34, 5, 40, 42, 49, 38, 44, 51, 53, 54]]
[[5,9,5,33,35,75],[34, 5, 40, 42, 38, 50, 52, 44, 51, 53]]
[[3,9,9,25,43,105],[34, 5, 40, 42, 38, 50, 52, 44, 53, 54]]
[[3,11,9,31,28,65],[34, 5, 40, 42, 49, 38, 50, 52, 51, 53]]
[[1,11,10,23,16,62],[34, 5, 40, 42, 49, 38, 50, 52, 53, 54]]
[[2,10,14,38,17,82],[34, 5, 40, 42, 38, 50, 52, 51, 53, 54]]
[[4,10,16,26,24,106],[34, 5, 40, 49, 38, 43, 50, 44, 53, 54]]
[[4,4,13,8,29,73],[34, 5, 40, 49, 38, 43, 52, 44, 51, 53]]
[[2,8,11,20,37,95],[34, 5, 40, 49, 38, 43, 52, 44, 53, 54]]
[[3,9,15,29,43,75],[34, 5, 40, 38, 43, 50, 52, 44, 51, 54]]
[[1,9,16,21,41,72],[34, 5, 40, 38, 43, 52, 44, 51, 53, 54]]
[[5,7,17,19,45,79],[34, 5, 40, 49, 38, 43, 50, 51, 53, 54]]
[[3,9,6,17,53,78],[34, 5, 40, 49, 38, 43, 52, 51, 53, 54]]
[[4,12,16,20,24,90],[34, 5, 40, 49, 38, 50, 52, 44, 51, 53]]
[[1,7,13,31,11,73],[34, 5, 40, 38, 50, 52, 44, 51, 53, 54]]
[[4,6,13,22,34,99],[34, 5, 42, 49, 38, 43, 50, 44, 51, 53]]
[[4,8,19,20,39,89],[34, 5, 42, 49, 38, 43, 50, 44, 53, 54]]
[[4,6,10,18,44,114],[34, 5, 42, 49, 38, 43, 52, 44, 51, 53]]
[[3,11,12,39,28,74],[34, 5, 42, 38, 43, 50, 52, 44, 51, 54]]
[[3,7,9,19,13,67],[34, 5, 42, 38, 43, 50, 44, 51, 53, 54]]
[[1,9,13,29,26,81],[34, 5, 42, 38, 43, 52, 44, 51, 53, 54]]
[[2,8,8,16,32,104],[34, 5, 42, 49, 38, 50, 52, 44, 53, 54]]
[[1,11,16,31,51,80],[34, 5, 42, 38, 50, 52, 44, 51, 53, 54]]
[[4,6,13,18,49,99],[34, 5, 49, 38, 43, 50, 52, 44, 51, 54]]
[[2,8,8,16,42,98],[34, 5, 49, 38, 43, 52, 44, 51, 53, 54]]
[[4,14,10,30,19,74],[34, 5, 40, 42, 49, 43, 39, 44, 51, 53]]
[[4,14,13,26,14,89],[34, 5, 40, 42, 49, 43, 52, 39, 44, 54]]
[[3,9,6,29,23,72],[34, 5, 40, 42, 43, 50, 39, 44, 51, 54]]
[[5,11,14,31,20,62],[34, 5, 40, 42, 43, 39, 44, 51, 53, 54]]
[[3,7,12,23,53,52],[34, 5, 40, 42, 49, 43, 50, 52, 39, 53]]
[[3,7,12,23,23,76],[34, 5, 40, 42, 49, 43, 52, 39, 51, 54]]
[[3,9,12,29,23,90],[34, 5, 40, 42, 49, 43, 39, 51, 53, 54]]
[[4,8,10,28,39,116],[34, 5, 40, 42, 43, 50, 52, 39, 51, 53]]
[[4,10,7,34,19,61],[34, 5, 40, 42, 49, 50, 39, 44, 51, 53]]
[[4,10,16,22,39,76],[34, 5, 40, 42, 49, 50, 52, 39, 44, 54]]
[[4,10,13,30,39,67],[34, 5, 40, 42, 49, 52, 39, 44, 51, 53]]
[[2,12,11,28,22,75],[34, 5, 40, 42, 49, 52, 39, 44, 53, 54]]
[[5,9,11,25,50,81],[34, 5, 40, 42, 50, 39, 44, 51, 53, 54]]
[[3,11,12,27,28,86],[34, 5, 40, 42, 52, 39, 44, 51, 53, 54]]
[[3,9,21,25,13,93],[34, 5, 40, 42, 49, 50, 39, 51, 53, 54]]
[[1,7,19,23,31,43],[34, 5, 40, 42, 49, 52, 39, 51, 53, 54]]
[[2,6,14,30,17,96],[34, 5, 40, 49, 43, 50, 39, 44, 51, 54]]
[[4,10,7,22,54,67],[34, 5, 40, 49, 43, 50, 52, 39, 44, 53]]
[[4,4,13,20,49,91],[34, 5, 40, 49, 43, 39, 44, 51, 53, 54]]
[[3,5,9,25,43,101],[34, 5, 40, 43, 50, 52, 39, 44, 51, 53]]
[[5,11,17,23,15,83],[34, 5, 40, 49, 43, 50, 52, 39, 51, 53]]
[[3,13,12,25,38,76],[34, 5, 40, 49, 43, 50, 52, 39, 53, 54]]
[[2,14,17,14,37,95],[34, 5, 40, 43, 50, 52, 39, 51, 53, 54]]
[[4,8,25,16,29,77],[34, 5, 40, 49, 50, 39, 44, 51, 53, 54]]
[[2,8,14,28,47,56],[34, 5, 42, 49, 43, 50, 39, 44, 51, 54]]
[[4,10,13,18,59,73],[34, 5, 42, 49, 43, 50, 52, 39, 44, 53]]
[[4,8,13,36,39,53],[34, 5, 42, 49, 43, 39, 44, 51, 53, 54]]
[[3,7,6,19,48,106],[34, 5, 42, 43, 50, 52, 39, 44, 51, 53]]
[[1,5,10,17,46,68],[34, 5, 42, 43, 50, 52, 39, 44, 53, 54]]
[[2,10,14,34,22,82],[34, 5, 42, 43, 50, 52, 39, 51, 53, 54]]
[[4,8,19,20,29,101],[34, 5, 42, 49, 50, 39, 44, 51, 53, 54]]
[[2,8,11,16,42,89],[34, 5, 42, 49, 52, 39, 44, 51, 53, 54]]
[[4,8,7,28,39,107],[34, 5, 49, 43, 50, 52, 39, 44, 51, 53]]
[[3,9,12,13,53,90],[34, 5, 43, 50, 52, 39, 44, 51, 53, 54]]
[[1,11,10,19,41,92],[34, 5, 49, 43, 50, 52, 39, 51, 53, 54]]
[[4,6,10,22,39,78],[34, 5, 40, 42, 49, 43, 52, 44, 51, 54]]
[[4,10,7,30,39,91],[34, 5, 40, 42, 49, 43, 44, 51, 53, 54]]
[[5,11,8,23,45,56],[34, 5, 40, 42, 43, 50, 52, 44, 51, 53]]
[[3,9,9,33,23,93],[34, 5, 40, 42, 49, 43, 50, 52, 51, 53]]
[[1,7,13,31,11,73],[34, 5, 40, 42, 49, 43, 50, 52, 53, 54]]
[[4,6,13,22,39,99],[34, 5, 40, 42, 49, 50, 44, 51, 53, 54]]
[[2,8,11,28,32,113],[34, 5, 40, 42, 49, 52, 44, 51, 53, 54]]
[[4,10,16,26,19,88],[34, 5, 40, 49, 43, 50, 52, 44, 51, 53]]
[[2,10,14,38,17,82],[34, 5, 40, 49, 43, 50, 52, 44, 53, 54]]
[[1,11,10,23,16,62],[34, 5, 40, 43, 50, 52, 44, 51, 53, 54]]
[[3,9,9,25,43,105],[34, 5, 40, 49, 43, 50, 52, 51, 53, 54]]
[[4,6,13,18,24,81],[34, 5, 42, 49, 43, 50, 52, 44, 51, 53]]
[[1,5,7,17,21,83],[34, 5, 42, 43, 50, 52, 44, 51, 53, 54]]
[[2,10,8,26,32,70],[34, 5, 49, 43, 50, 52, 44, 51, 53, 54]]
[[4,18,10,18,24,66],[5, 35, 40, 37, 42, 38, 43, 50, 39, 53]]
[[4,10,7,38,34,79],[5, 35, 40, 37, 42, 38, 43, 52, 39, 53]]
[[2,6,11,26,37,45],[5, 35, 40, 37, 42, 49, 38, 52, 39, 44]]
[[4,6,10,42,19,60],[5, 35, 40, 37, 42, 49, 38, 39, 44, 53]]
[[3,9,15,33,43,57],[5, 35, 40, 37, 42, 38, 39, 44, 51, 53]]
[[3,7,12,39,43,40],[5, 35, 40, 37, 42, 38, 52, 39, 44, 54]]
[[3,7,12,27,43,100],[5, 35, 40, 37, 42, 38, 39, 44, 53, 54]]
[[3,11,6,23,53,86],[5, 35, 40, 37, 42, 49, 38, 50, 39, 54]]
[[5,9,11,21,55,69],[5, 35, 40, 37, 42, 49, 38, 39, 51, 53]]
[[5,11,11,31,25,65],[5, 35, 40, 37, 42, 49, 38, 39, 53, 54]]
[[4,14,10,22,34,74],[5, 35, 40, 37, 42, 38, 50, 52, 39, 53]]
[[4,12,10,24,54,72],[5, 35, 40, 37, 42, 38, 52, 39, 51, 54]]
[[3,11,9,31,38,95],[5, 35, 40, 37, 38, 43, 50, 52, 39, 44]]
[[3,13,15,29,13,85],[5, 35, 40, 37, 49, 38, 43, 50, 39, 53]]
[[3,7,9,27,28,85],[5, 35, 40, 37, 49, 38, 43, 52, 39, 53]]
[[2,6,8,10,42,84],[5, 35, 40, 37, 38, 43, 50, 52, 39, 51]]
[[4,10,16,18,24,100],[5, 35, 40, 37, 38, 43, 50, 39, 51, 53]]
[[4,8,19,24,34,101],[5, 35, 40, 37, 38, 43, 52, 39, 51, 53]]
[[4,8,7,32,24,77],[5, 35, 40, 37, 49, 38, 50, 39, 44, 54]]
[[4,16,7,24,34,73],[5, 35, 40, 37, 49, 38, 39, 44, 51, 53]]
[[4,10,13,38,24,43],[5, 35, 40, 37, 49, 38, 52, 39, 44, 54]]
[[4,8,7,32,34,77],[5, 35, 40, 37, 49, 38, 39, 44, 53, 54]]
[[3,7,3,27,38,97],[5, 35, 40, 37, 38, 50, 39, 44, 51, 54]]
[[5,9,14,17,35,102],[5, 35, 40, 37, 38, 50, 52, 39, 44, 53]]
[[5,11,5,39,35,71],[5, 35, 40, 37, 38, 39, 44, 51, 53, 54]]
[[3,7,9,31,38,85],[5, 35, 40, 37, 49, 38, 50, 39, 51, 54]]
[[3,9,6,17,53,78],[5, 35, 40, 37, 49, 38, 50, 52, 39, 53]]
[[3,5,12,17,43,74],[5, 35, 40, 37, 49, 38, 52, 39, 51, 54]]
[[4,6,13,14,39,87],[5, 35, 40, 37, 38, 50, 52, 39, 51, 53]]
[[2,8,8,24,32,92],[5, 35, 40, 37, 38, 50, 52, 39, 53, 54]]
[[3,11,21,27,13,77],[5, 35, 37, 42, 38, 43, 50, 52, 39, 44]]
[[5,11,14,27,30,50],[5, 35, 37, 42, 38, 43, 52, 39, 44, 53]]
[[3,7,12,23,48,64],[5, 35, 37, 42, 49, 38, 43, 50, 39, 53]]
[[3,9,6,17,38,72],[5, 35, 37, 42, 49, 38, 43, 52, 39, 53]]
[[2,4,11,16,42,67],[5, 35, 37, 42, 38, 43, 50, 52, 39, 51]]
[[4,4,10,32,19,58],[5, 35, 37, 42, 38, 43, 50, 39, 53, 54]]
[[2,8,5,36,27,65],[5, 35, 37, 42, 38, 43, 52, 39, 53, 54]]
[[4,12,13,24,44,69],[5, 35, 37, 42, 49, 38, 39, 44, 53, 54]]
[[3,7,12,31,43,40],[5, 35, 37, 42, 49, 38, 50, 52, 39, 53]]
[[3,5,9,37,33,65],[5, 35, 37, 42, 49, 38, 39, 51, 53, 54]]
[[4,10,10,26,44,76],[5, 35, 37, 42, 38, 50, 52, 39, 51, 53]]
[[2,10,14,18,62,70],[5, 35, 37, 49, 38, 43, 50, 52, 39, 44]]
[[4,6,16,34,34,60],[5, 35, 37, 49, 38, 43, 50, 39, 44, 53]]
[[4,6,13,22,44,105],[5, 35, 37, 49, 38, 43, 52, 39, 44, 53]]
[[3,11,12,19,48,74],[5, 35, 37, 38, 43, 50, 39, 44, 51, 53]]
[[3,3,12,11,33,102],[5, 35, 37, 38, 43, 50, 52, 39, 44, 54]]
[[3,7,18,23,23,88],[5, 35, 37, 38, 43, 50, 39, 44, 53, 54]]
[[3,11,12,23,43,68],[5, 35, 37, 38, 43, 52, 39, 44, 51, 53]]
[[1,9,10,21,51,90],[5, 35, 37, 38, 43, 52, 39, 44, 53, 54]]
[[5,9,20,21,25,84],[5, 35, 37, 49, 38, 43, 50, 39, 51, 53]]
[[4,4,7,20,54,97],[5, 35, 37, 38, 43, 50, 39, 51, 53, 54]]
[[2,8,11,20,32,53],[5, 35, 37, 49, 38, 50, 39, 44, 51, 54]]
[[4,4,16,8,29,52],[5, 35, 37, 49, 38, 50, 52, 39, 44, 53]]
[[4,6,10,38,24,66],[5, 35, 37, 49, 38, 39, 44, 51, 53, 54]]
[[3,5,6,9,58,104],[5, 35, 37, 38, 50, 52, 39, 44, 51, 53]]
[[1,9,7,29,26,87],[5, 35, 37, 38, 50, 52, 39, 44, 53, 54]]
[[2,8,2,24,37,62],[5, 35, 37, 38, 50, 52, 39, 51, 53, 54]]
[[3,3,9,23,33,99],[5, 35, 40, 37, 42, 38, 43, 52, 44, 53]]
[[5,13,11,37,10,49],[5, 35, 40, 37, 42, 49, 38, 43, 52, 53]]
[[4,12,16,20,39,60],[5, 35, 40, 37, 42, 38, 43, 50, 51, 53]]
[[4,6,7,38,19,81],[5, 35, 40, 37, 42, 38, 43, 50, 52, 54]]
[[4,14,10,30,24,62],[5, 35, 40, 37, 42, 38, 43, 50, 53, 54]]
[[4,8,7,16,54,41],[5, 35, 40, 37, 42, 38, 43, 52, 51, 53]]
[[2,12,5,28,37,51],[5, 35, 40, 37, 42, 38, 43, 52, 53, 54]]
[[4,6,10,38,34,78],[5, 35, 40, 37, 42, 49, 38, 44, 51, 53]]
[[3,7,18,31,43,64],[5, 35, 40, 37, 42, 38, 50, 52, 44, 53]]
[[3,9,18,25,13,114],[5, 35, 40, 37, 42, 38, 52, 44, 51, 54]]
[[3,3,12,23,43,36],[5, 35, 40, 37, 42, 38, 44, 51, 53, 54]]
[[3,13,6,37,43,58],[5, 35, 40, 37, 42, 49, 38, 50, 51, 54]]
[[5,11,8,31,50,56],[5, 35, 40, 37, 42, 49, 38, 50, 52, 53]]
[[5,7,8,39,25,88],[5, 35, 40, 37, 42, 49, 38, 51, 53, 54]]
[[2,8,8,40,37,62],[5, 35, 40, 37, 42, 38, 50, 52, 53, 54]]
[[4,8,7,32,24,77],[5, 35, 40, 37, 49, 38, 43, 50, 52, 44]]
[[4,10,16,26,29,88],[5, 35, 40, 37, 49, 38, 43, 50, 44, 53]]
[[5,11,11,35,25,59],[5, 35, 40, 37, 38, 43, 50, 44, 51, 53]]
[[5,11,14,31,20,62],[5, 35, 40, 37, 38, 43, 50, 44, 53, 54]]
[[5,9,11,21,50,75],[5, 35, 40, 37, 38, 43, 52, 44, 51, 53]]
[[3,7,12,31,28,94],[5, 35, 40, 37, 49, 38, 43, 50, 52, 51]]
[[3,3,12,11,23,102],[5, 35, 40, 37, 49, 38, 43, 50, 52, 54]]
[[3,9,15,37,38,51],[5, 35, 40, 37, 49, 38, 43, 50, 53, 54]]
[[3,7,18,19,33,88],[5, 35, 40, 37, 49, 38, 43, 52, 51, 53]]
[[1,5,13,21,46,71],[5, 35, 40, 37, 49, 38, 43, 52, 53, 54]]
[[4,12,10,40,19,42],[5, 35, 40, 37, 38, 43, 50, 51, 53, 54]]
[[4,10,16,18,24,88],[5, 35, 40, 37, 49, 38, 50, 52, 44, 53]]
[[4,6,10,22,39,78],[5, 35, 40, 37, 49, 38, 52, 44, 51, 54]]
[[4,6,10,30,44,102],[5, 35, 40, 37, 49, 38, 44, 51, 53, 54]]
[[5,15,8,27,25,72],[5, 35, 40, 37, 38, 50, 52, 44, 51, 53]]
[[3,11,6,31,33,68],[5, 35, 40, 37, 38, 50, 52, 44, 53, 54]]
[[3,11,15,27,28,89],[5, 35, 40, 37, 49, 38, 50, 52, 51, 53]]
[[1,11,10,35,36,74],[5, 35, 40, 37, 49, 38, 50, 52, 53, 54]]
[[2,6,11,26,22,81],[5, 35, 40, 37, 38, 50, 52, 51, 53, 54]]
[[4,4,10,16,39,52],[5, 35, 37, 42, 49, 38, 43, 52, 44, 53]]
[[3,9,3,17,43,75],[5, 35, 37, 42, 38, 43, 52, 44, 53, 54]]
[[3,11,12,23,38,86],[5, 35, 37, 42, 49, 38, 43, 50, 51, 53]]
[[3,11,12,35,28,68],[5, 35, 37, 42, 49, 38, 43, 50, 52, 54]]
[[3,3,6,15,23,72],[5, 35, 37, 42, 49, 38, 43, 50, 53, 54]]
[[3,9,21,21,23,69],[5, 35, 37, 42, 49, 38, 43, 52, 51, 53]]
[[1,7,7,31,21,85],[5, 35, 37, 42, 49, 38, 43, 52, 53, 54]]
[[4,4,7,32,14,85],[5, 35, 37, 42, 38, 43, 50, 51, 53, 54]]
[[2,8,11,24,42,101],[5, 35, 37, 42, 38, 43, 52, 51, 53, 54]]
[[5,13,11,29,30,67],[5, 35, 37, 42, 38, 50, 52, 44, 51, 53]]
[[1,13,13,37,41,55],[5, 35, 37, 42, 49, 38, 50, 52, 53, 54]]
[[4,12,13,28,39,57],[5, 35, 37, 49, 38, 43, 50, 44, 51, 53]]
[[4,10,13,26,29,109],[5, 35, 37, 49, 38, 43, 50, 44, 53, 54]]
[[4,12,13,24,29,81],[5, 35, 37, 49, 38, 43, 52, 44, 51, 53]]
[[3,5,6,41,28,80],[5, 35, 37, 38, 43, 50, 44, 51, 53, 54]]
[[1,11,7,23,46,101],[5, 35, 37, 38, 43, 52, 44, 51, 53, 54]]
[[5,7,20,23,30,64],[5, 35, 37, 49, 38, 43, 50, 51, 53, 54]]
[[4,8,13,32,34,89],[5, 35, 37, 49, 38, 50, 52, 44, 51, 53]]
[[1,5,7,21,56,59],[5, 35, 37, 38, 50, 52, 44, 51, 53, 54]]
[[3,9,9,33,28,69],[5, 35, 37, 49, 38, 50, 52, 51, 53, 54]]
[[3,7,9,31,38,85],[5, 35, 40, 37, 42, 43, 50, 39, 44, 54]]
[[3,7,9,31,38,109],[5, 35, 40, 37, 42, 43, 39, 44, 51, 53]]
[[3,5,12,17,43,74],[5, 35, 40, 37, 42, 43, 52, 39, 44, 54]]
[[3,7,3,27,38,97],[5, 35, 40, 37, 42, 49, 43, 50, 39, 54]]
[[3,13,15,21,23,85],[5, 35, 40, 37, 42, 49, 43, 52, 39, 51]]
[[5,11,5,39,35,71],[5, 35, 40, 37, 42, 49, 43, 39, 53, 54]]
[[4,8,7,32,24,77],[5, 35, 40, 37, 42, 43, 50, 39, 51, 54]]
[[4,14,7,30,44,71],[5, 35, 40, 37, 42, 43, 50, 52, 39, 53]]
[[4,10,13,38,24,43],[5, 35, 40, 37, 42, 43, 52, 39, 51, 54]]
[[4,8,7,32,34,77],[5, 35, 40, 37, 42, 43, 39, 51, 53, 54]]
[[2,6,8,10,42,84],[5, 35, 40, 37, 42, 49, 50, 52, 39, 44]]
[[4,10,16,18,24,100],[5, 35, 40, 37, 42, 49, 50, 39, 44, 53]]
[[4,8,19,24,34,101],[5, 35, 40, 37, 42, 49, 52, 39, 44, 53]]
[[3,13,15,29,13,85],[5, 35, 40, 37, 42, 50, 39, 44, 51, 53]]
[[3,3,12,23,28,66],[5, 35, 40, 37, 42, 50, 39, 44, 53, 54]]
[[3,7,9,27,28,85],[5, 35, 40, 37, 42, 52, 39, 44, 51, 53]]
[[1,7,10,19,26,46],[5, 35, 40, 37, 42, 52, 39, 44, 53, 54]]
[[3,11,9,31,38,95],[5, 35, 40, 37, 42, 49, 50, 52, 39, 51]]
[[5,9,11,21,65,57],[5, 35, 40, 37, 42, 49, 50, 39, 53, 54]]
[[4,6,7,26,39,99],[5, 35, 40, 37, 42, 50, 52, 39, 51, 54]]
[[4,10,4,26,34,88],[5, 35, 40, 37, 42, 50, 39, 51, 53, 54]]
[[2,14,5,30,42,41],[5, 35, 40, 37, 42, 52, 39, 51, 53, 54]]
[[4,10,10,42,24,58],[5, 35, 40, 37, 49, 43, 39, 44, 51, 53]]
[[4,12,10,24,54,72],[5, 35, 40, 37, 49, 43, 52, 39, 44, 54]]
[[3,11,6,23,53,86],[5, 35, 40, 37, 43, 50, 39, 44, 51, 54]]
[[5,11,11,31,25,65],[5, 35, 40, 37, 43, 39, 44, 51, 53, 54]]
[[3,5,12,13,43,104],[5, 35, 40, 37, 49, 43, 50, 52, 39, 53]]
[[3,7,12,39,43,40],[5, 35, 40, 37, 49, 43, 52, 39, 51, 54]]
[[3,7,12,27,43,100],[5, 35, 40, 37, 49, 43, 39, 51, 53, 54]]
[[4,6,13,18,34,87],[5, 35, 40, 37, 43, 50, 52, 39, 51, 53]]
[[4,18,10,18,24,66],[5, 35, 40, 37, 49, 50, 39, 44, 51, 53]]
[[4,12,10,28,44,78],[5, 35, 40, 37, 49, 50, 52, 39, 44, 54]]
[[4,10,7,38,34,79],[5, 35, 40, 37, 49, 52, 39, 44, 51, 53]]
[[5,13,11,29,25,55],[5, 35, 40, 37, 50, 39, 44, 51, 53, 54]]
[[3,11,3,35,53,83],[5, 35, 40, 37, 52, 39, 44, 51, 53, 54]]
[[3,5,6,17,43,62],[5, 35, 40, 37, 49, 50, 52, 39, 51, 54]]
[[3,7,9,23,33,79],[5, 35, 40, 37, 49, 50, 39, 51, 53, 54]]
[[1,9,7,37,36,69],[5, 35, 40, 37, 49, 52, 39, 51, 53, 54]]
[[4,8,7,28,39,107],[5, 35, 37, 42, 49, 43, 52, 39, 44, 54]]
[[3,9,9,33,38,81],[5, 35, 37, 42, 43, 50, 39, 44, 51, 54]]
[[5,7,11,23,50,73],[5, 35, 37, 42, 43, 39, 44, 51, 53, 54]]
[[3,5,9,21,23,77],[5, 35, 37, 42, 49, 43, 50, 39, 51, 54]]
[[3,5,6,9,58,104],[5, 35, 37, 42, 49, 43, 50, 52, 39, 53]]
[[3,5,9,29,33,53],[5, 35, 37, 42, 49, 43, 52, 39, 51, 54]]
[[4,4,16,8,29,52],[5, 35, 37, 42, 43, 50, 52, 39, 51, 53]]
[[2,8,11,20,37,65],[5, 35, 37, 42, 43, 50, 52, 39, 53, 54]]
[[4,4,7,20,54,97],[5, 35, 37, 42, 49, 50, 39, 44, 53, 54]]
[[4,12,10,24,34,60],[5, 35, 37, 42, 49, 52, 39, 44, 51, 53]]
[[3,3,12,11,33,102],[5, 35, 37, 42, 49, 50, 52, 39, 51, 54]]
[[3,7,18,23,23,88],[5, 35, 37, 42, 49, 50, 39, 51, 53, 54]]
[[1,9,10,21,51,90],[5, 35, 37, 42, 49, 52, 39, 51, 53, 54]]
[[2,6,11,26,17,111],[5, 35, 37, 49, 43, 50, 39, 44, 51, 54]]
[[4,10,10,26,44,76],[5, 35, 37, 49, 43, 50, 52, 39, 44, 53]]
[[4,8,13,20,39,107],[5, 35, 37, 49, 43, 39, 44, 51, 53, 54]]
[[3,7,12,31,43,40],[5, 35, 37, 43, 50, 52, 39, 44, 51, 53]]
[[1,5,10,33,56,92],[5, 35, 37, 43, 50, 52, 39, 44, 53, 54]]
[[4,4,10,32,19,58],[5, 35, 37, 49, 50, 39, 44, 51, 53, 54]]
[[2,8,5,36,27,65],[5, 35, 37, 49, 52, 39, 44, 51, 53, 54]]
[[2,8,8,24,47,74],[5, 35, 40, 37, 42, 49, 43, 50, 44, 54]]
[[4,6,13,30,19,63],[5, 35, 40, 37, 42, 49, 43, 44, 53, 54]]
[[3,5,9,45,38,59],[5, 35, 40, 37, 42, 43, 50, 44, 51, 54]]
[[3,11,15,27,28,89],[5, 35, 40, 37, 42, 43, 50, 52, 44, 53]]
[[3,11,15,27,43,77],[5, 35, 40, 37, 42, 43, 52, 44, 51, 54]]
[[3,7,6,19,28,82],[5, 35, 40, 37, 42, 43, 44, 51, 53, 54]]
[[3,9,6,25,38,90],[5, 35, 40, 37, 42, 49, 43, 50, 51, 54]]
[[5,15,8,27,25,72],[5, 35, 40, 37, 42, 49, 43, 50, 52, 53]]
[[5,11,11,23,40,83],[5, 35, 40, 37, 42, 49, 43, 51, 53, 54]]
[[4,10,16,18,24,88],[5, 35, 40, 37, 42, 43, 50, 52, 51, 53]]
[[2,14,5,30,47,59],[5, 35, 40, 37, 42, 43, 50, 52, 53, 54]]
[[4,8,7,24,59,89],[5, 35, 40, 37, 42, 49, 50, 44, 51, 53]]
[[4,12,10,40,19,42],[5, 35, 40, 37, 42, 49, 50, 44, 53, 54]]
[[4,10,10,18,49,64],[5, 35, 40, 37, 42, 49, 52, 44, 51, 53]]
[[3,3,12,11,23,102],[5, 35, 40, 37, 42, 50, 52, 44, 51, 54]]
[[3,9,15,37,38,51],[5, 35, 40, 37, 42, 50, 44, 51, 53, 54]]
[[1,5,13,21,46,71],[5, 35, 40, 37, 42, 52, 44, 51, 53, 54]]
[[5,11,14,31,20,62],[5, 35, 40, 37, 42, 49, 50, 51, 53, 54]]
[[4,12,10,28,24,72],[5, 35, 40, 37, 49, 43, 52, 44, 51, 54]]
[[4,6,13,22,34,63],[5, 35, 40, 37, 49, 43, 44, 51, 53, 54]]
[[5,11,8,31,50,56],[5, 35, 40, 37, 43, 50, 52, 44, 51, 53]]
[[3,7,18,31,43,64],[5, 35, 40, 37, 49, 43, 50, 52, 51, 53]]
[[1,13,16,21,26,88],[5, 35, 40, 37, 49, 43, 50, 52, 53, 54]]
[[4,6,7,38,19,81],[5, 35, 40, 37, 49, 50, 52, 44, 51, 54]]
[[4,14,10,30,24,62],[5, 35, 40, 37, 49, 50, 44, 51, 53, 54]]
[[2,12,5,28,37,51],[5, 35, 40, 37, 49, 52, 44, 51, 53, 54]]
[[4,8,7,32,29,77],[5, 35, 37, 42, 49, 43, 50, 44, 51, 54]]
[[4,8,10,12,39,44],[5, 35, 37, 42, 49, 43, 50, 52, 44, 53]]
[[4,4,7,28,24,85],[5, 35, 37, 42, 49, 43, 44, 51, 53, 54]]
[[3,9,9,33,28,69],[5, 35, 37, 42, 43, 50, 52, 44, 53, 54]]
[[1,5,7,21,56,59],[5, 35, 37, 42, 49, 43, 50, 52, 53, 54]]
[[4,10,13,22,44,85],[5, 35, 37, 42, 49, 50, 52, 44, 51, 54]]
[[2,10,2,26,47,100],[5, 35, 37, 42, 49, 52, 44, 51, 53, 54]]
[[4,10,16,18,34,70],[5, 35, 37, 49, 43, 50, 52, 44, 51, 53]]
[[1,13,13,37,41,55],[5, 35, 37, 43, 50, 52, 44, 51, 53, 54]]
[[2,4,11,20,42,85],[5, 35, 40, 42, 38, 43, 50, 52, 39, 44]]
[[4,6,13,26,24,63],[5, 35, 40, 42, 38, 43, 52, 39, 44, 53]]
[[4,14,7,22,24,101],[5, 35, 40, 42, 49, 38, 43, 50, 39, 53]]
[[4,10,10,18,64,76],[5, 35, 40, 42, 49, 38, 43, 52, 39, 53]]
[[3,11,9,39,38,47],[5, 35, 40, 42, 38, 43, 50, 52, 39, 51]]
[[5,9,14,25,25,84],[5, 35, 40, 42, 38, 43, 50, 39, 53, 54]]
[[5,9,11,25,50,81],[5, 35, 40, 42, 38, 43, 52, 39, 51, 53]]
[[3,11,6,31,33,68],[5, 35, 40, 42, 38, 43, 52, 39, 53, 54]]
[[3,9,15,25,33,87],[5, 35, 40, 42, 49, 38, 39, 44, 51, 53]]
[[3,7,9,35,28,79],[5, 35, 40, 42, 49, 38, 52, 39, 44, 54]]
[[3,7,15,35,48,49],[5, 35, 40, 42, 49, 38, 39, 44, 53, 54]]
[[2,8,5,24,12,89],[5, 35, 40, 42, 38, 50, 39, 44, 51, 54]]
[[4,10,22,18,24,70],[5, 35, 40, 42, 38, 50, 52, 39, 44, 53]]
[[4,8,10,20,39,104],[5, 35, 40, 42, 38, 39, 44, 51, 53, 54]]
[[4,8,13,32,24,77],[5, 35, 40, 42, 49, 38, 50, 52, 39, 53]]
[[4,6,4,18,49,84],[5, 35, 40, 42, 49, 38, 52, 39, 51, 54]]
[[4,14,7,30,44,71],[5, 35, 40, 42, 49, 38, 39, 51, 53, 54]]
[[5,11,11,27,35,65],[5, 35, 40, 42, 38, 50, 52, 39, 51, 53]]
[[3,7,12,15,23,64],[5, 35, 40, 49, 38, 43, 50, 52, 39, 44]]
[[5,11,23,11,15,95],[5, 35, 40, 49, 38, 43, 50, 39, 44, 53]]
[[5,13,11,17,45,61],[5, 35, 40, 49, 38, 43, 52, 39, 44, 53]]
[[4,8,7,24,64,83],[5, 35, 40, 38, 43, 50, 39, 44, 51, 53]]
[[4,6,10,18,34,108],[5, 35, 40, 38, 43, 50, 52, 39, 44, 54]]
[[4,6,7,22,24,87],[5, 35, 40, 38, 43, 50, 39, 44, 53, 54]]
[[2,14,2,26,62,86],[5, 35, 40, 38, 43, 52, 39, 44, 53, 54]]
[[2,4,17,16,17,73],[5, 35, 40, 49, 38, 43, 50, 52, 39, 51]]
[[4,12,19,20,24,81],[5, 35, 40, 49, 38, 43, 50, 39, 51, 53]]
[[4,6,10,22,49,114],[5, 35, 40, 49, 38, 43, 52, 39, 51, 53]]
[[3,9,15,21,38,87],[5, 35, 40, 38, 43, 50, 52, 39, 51, 54]]
[[3,9,9,25,38,105],[5, 35, 40, 38, 43, 50, 39, 51, 53, 54]]
[[1,9,7,33,31,75],[5, 35, 40, 38, 43, 52, 39, 51, 53, 54]]
[[3,9,9,25,28,117],[5, 35, 40, 49, 38, 50, 39, 44, 51, 54]]
[[5,7,17,27,30,73],[5, 35, 40, 49, 38, 50, 52, 39, 44, 53]]
[[5,13,5,29,45,61],[5, 35, 40, 49, 38, 39, 44, 51, 53, 54]]
[[4,8,7,16,54,41],[5, 35, 40, 38, 50, 52, 39, 44, 51, 53]]
[[2,10,2,26,27,52],[5, 35, 40, 38, 50, 52, 39, 44, 53, 54]]
[[4,10,19,22,19,103],[5, 35, 40, 49, 38, 50, 52, 39, 51, 53]]
[[2,8,17,32,12,89],[5, 35, 40, 49, 38, 50, 52, 39, 53, 54]]
[[1,7,10,31,16,100],[5, 35, 40, 38, 50, 52, 39, 51, 53, 54]]
[[4,6,4,18,69,72],[5, 35, 42, 38, 43, 52, 39, 44, 51, 53]]
[[2,6,17,22,12,81],[5, 35, 42, 49, 38, 43, 50, 52, 39, 51]]
[[4,6,16,14,49,108],[5, 35, 42, 49, 38, 43, 50, 39, 53, 54]]
[[4,10,16,22,39,94],[5, 35, 42, 49, 38, 43, 52, 39, 51, 53]]
[[2,14,8,34,42,44],[5, 35, 42, 49, 38, 43, 52, 39, 53, 54]]
[[3,5,15,17,28,95],[5, 35, 42, 38, 43, 50, 52, 39, 51, 54]]
[[3,7,6,15,33,64],[5, 35, 42, 38, 43, 50, 39, 51, 53, 54]]
[[1,15,7,27,46,45],[5, 35, 42, 38, 43, 52, 39, 51, 53, 54]]
[[5,5,14,9,50,80],[5, 35, 42, 49, 38, 50, 52, 39, 44, 53]]
[[5,11,11,31,30,65],[5, 35, 42, 49, 38, 39, 44, 51, 53, 54]]
[[2,10,2,18,27,52],[5, 35, 42, 38, 50, 52, 39, 44, 53, 54]]
[[4,6,13,38,34,57],[5, 35, 42, 49, 38, 50, 52, 39, 51, 53]]
[[1,5,16,21,21,62],[5, 35, 42, 38, 50, 52, 39, 51, 53, 54]]
[[3,5,12,13,28,116],[5, 35, 49, 38, 43, 50, 39, 44, 51, 53]]
[[3,9,18,25,23,102],[5, 35, 49, 38, 43, 50, 52, 39, 44, 54]]
[[3,9,12,17,28,96],[5, 35, 49, 38, 43, 50, 39, 44, 53, 54]]
[[3,9,15,29,33,93],[5, 35, 49, 38, 43, 52, 39, 44, 51, 53]]
[[1,7,13,35,11,73],[5, 35, 49, 38, 43, 52, 39, 44, 53, 54]]
[[4,12,10,20,19,102],[5, 35, 38, 43, 50, 39, 44, 51, 53, 54]]
[[4,4,7,16,44,67],[5, 35, 49, 38, 43, 50, 52, 39, 51, 54]]
[[2,10,11,26,32,85],[5, 35, 49, 38, 43, 52, 39, 51, 53, 54]]
[[3,5,9,13,43,89],[5, 35, 49, 38, 50, 52, 39, 44, 51, 53]]
[[1,9,10,33,31,78],[5, 35, 49, 38, 50, 52, 39, 44, 53, 54]]
[[3,7,12,31,48,70],[5, 35, 40, 42, 49, 38, 43, 50, 44, 53]]
[[3,3,12,15,38,78],[5, 35, 40, 42, 49, 38, 43, 52, 44, 53]]
[[4,8,19,32,29,77],[5, 35, 40, 42, 38, 43, 50, 44, 53, 54]]
[[4,10,10,30,29,100],[5, 35, 40, 42, 49, 38, 43, 50, 51, 53]]
[[4,16,7,24,44,61],[5, 35, 40, 42, 49, 38, 43, 50, 53, 54]]
[[4,10,13,30,34,79],[5, 35, 40, 42, 49, 38, 43, 52, 51, 53]]
[[2,10,2,26,32,70],[5, 35, 40, 42, 49, 38, 43, 52, 53, 54]]
[[3,7,9,19,53,67],[5, 35, 40, 42, 38, 43, 52, 51, 53, 54]]
[[3,9,15,25,23,87],[5, 35, 40, 42, 49, 38, 44, 51, 53, 54]]
[[4,10,16,30,34,58],[5, 35, 40, 42, 49, 38, 50, 52, 51, 53]]
[[2,12,11,28,22,75],[5, 35, 40, 42, 49, 38, 50, 52, 53, 54]]
[[5,13,11,29,25,73],[5, 35, 40, 49, 38, 43, 50, 44, 51, 53]]
[[5,13,11,25,20,85],[5, 35, 40, 49, 38, 43, 50, 44, 53, 54]]
[[5,7,11,27,25,55],[5, 35, 40, 49, 38, 43, 52, 44, 51, 53]]
[[4,10,13,22,39,79],[5, 35, 40, 38, 43, 50, 52, 44, 51, 54]]
[[2,16,8,28,42,52],[5, 35, 40, 38, 43, 52, 44, 51, 53, 54]]
[[4,12,16,32,14,72],[5, 35, 40, 49, 38, 43, 50, 51, 53, 54]]
[[5,11,14,19,25,110],[5, 35, 40, 49, 38, 50, 52, 44, 51, 53]]
[[3,15,15,35,13,39],[5, 35, 40, 49, 38, 50, 52, 44, 53, 54]]
[[2,18,11,22,37,57],[5, 35, 40, 38, 50, 52, 44, 51, 53, 54]]
[[5,7,14,39,15,82],[5, 35, 42, 49, 38, 43, 50, 44, 53, 54]]
[[5,9,11,25,55,63],[5, 35, 42, 49, 38, 43, 52, 44, 51, 53]]
[[4,12,13,24,44,57],[5, 35, 42, 38, 43, 50, 52, 44, 51, 54]]
[[2,12,8,20,27,72],[5, 35, 42, 38, 43, 52, 44, 51, 53, 54]]
[[4,8,16,16,49,86],[5, 35, 42, 49, 38, 43, 50, 51, 53, 54]]
[[2,8,11,28,17,89],[5, 35, 42, 49, 38, 43, 52, 51, 53, 54]]
[[3,7,12,23,38,106],[5, 35, 49, 38, 43, 50, 52, 44, 51, 54]]
[[1,11,13,19,31,83],[5, 35, 49, 38, 43, 52, 44, 51, 53, 54]]
[[1,11,7,19,36,107],[5, 35, 49, 38, 50, 52, 44, 51, 53, 54]]
[[3,7,6,23,23,52],[5, 35, 40, 42, 49, 43, 39, 44, 51, 53]]
[[3,5,12,17,33,134],[5, 35, 40, 42, 49, 43, 52, 39, 44, 54]]
[[3,7,9,35,33,67],[5, 35, 40, 42, 49, 43, 39, 44, 53, 54]]
[[4,10,19,22,19,103],[5, 35, 40, 42, 43, 50, 52, 39, 44, 53]]
[[4,8,7,16,54,41],[5, 35, 40, 42, 49, 43, 50, 52, 39, 53]]
[[4,12,10,28,39,72],[5, 35, 40, 42, 49, 43, 52, 39, 51, 54]]
[[4,10,10,38,24,70],[5, 35, 40, 42, 49, 43, 39, 51, 53, 54]]
[[5,7,17,27,30,73],[5, 35, 40, 42, 43, 50, 52, 39, 51, 53]]
[[3,9,15,21,38,87],[5, 35, 40, 42, 49, 50, 52, 39, 44, 54]]
[[3,9,9,25,38,105],[5, 35, 40, 42, 49, 50, 39, 44, 53, 54]]
[[3,9,15,21,48,87],[5, 35, 40, 42, 49, 52, 39, 44, 51, 53]]
[[1,9,7,33,31,75],[5, 35, 40, 42, 49, 52, 39, 44, 53, 54]]
[[4,6,10,18,34,108],[5, 35, 40, 42, 49, 50, 52, 39, 51, 54]]
[[4,6,7,22,24,87],[5, 35, 40, 42, 49, 50, 39, 51, 53, 54]]
[[2,14,2,26,62,86],[5, 35, 40, 42, 49, 52, 39, 51, 53, 54]]
[[5,11,11,27,35,65],[5, 35, 40, 49, 43, 50, 52, 39, 44, 53]]
[[5,13,8,29,35,70],[5, 35, 40, 49, 43, 39, 44, 51, 53, 54]]
[[4,8,13,32,24,77],[5, 35, 40, 43, 50, 52, 39, 44, 51, 53]]
[[2,12,11,32,27,63],[5, 35, 40, 43, 50, 52, 39, 44, 53, 54]]
[[4,10,22,18,24,70],[5, 35, 40, 49, 43, 50, 52, 39, 51, 53]]
[[1,9,10,33,21,72],[5, 35, 40, 43, 50, 52, 39, 51, 53, 54]]
[[5,9,14,25,25,84],[5, 35, 40, 49, 50, 39, 44, 51, 53, 54]]
[[3,11,6,31,33,68],[5, 35, 40, 49, 52, 39, 44, 51, 53, 54]]
[[4,10,13,34,29,61],[5, 35, 42, 43, 50, 52, 39, 44, 51, 53]]
[[4,8,10,16,39,104],[5, 35, 42, 49, 43, 50, 52, 39, 51, 53]]
[[1,9,10,33,31,78],[5, 35, 42, 43, 50, 52, 39, 51, 53, 54]]
[[3,7,6,15,43,64],[5, 35, 49, 43, 50, 52, 39, 44, 51, 53]]
[[1,5,16,21,21,62],[5, 35, 49, 43, 50, 52, 39, 44, 53, 54]]
[[2,10,2,18,27,52],[5, 35, 49, 43, 50, 52, 39, 51, 53, 54]]
[[3,11,9,35,33,71],[5, 35, 40, 42, 49, 43, 50, 44, 51, 54]]
[[3,5,12,21,23,92],[5, 35, 40, 42, 49, 43, 50, 52, 44, 53]]
[[3,5,12,29,33,68],[5, 35, 40, 42, 49, 43, 44, 51, 53, 54]]
[[4,8,13,28,39,113],[5, 35, 40, 42, 43, 50, 52, 44, 51, 53]]
[[4,10,13,22,44,79],[5, 35, 40, 42, 49, 43, 50, 52, 51, 53]]
[[2,18,11,22,37,57],[5, 35, 40, 42, 49, 43, 50, 52, 53, 54]]
[[3,15,15,35,13,39],[5, 35, 40, 42, 43, 50, 52, 51, 53, 54]]
[[5,15,11,27,15,57],[5, 35, 40, 49, 43, 50, 52, 44, 51, 53]]
[[2,12,11,28,22,75],[5, 35, 40, 43, 50, 52, 44, 51, 53, 54]]
[[2,4,5,20,17,109],[5, 35, 42, 49, 43, 50, 52, 51, 53, 54]]
[[1,11,4,31,46,68],[5, 35, 49, 43, 50, 52, 44, 51, 53, 54]]
[[3,9,12,29,33,66],[5, 40, 37, 42, 38, 43, 50, 52, 39, 44]]
[[3,7,9,23,48,73],[5, 40, 37, 42, 49, 38, 43, 50, 39, 53]]
[[3,5,12,29,43,50],[5, 40, 37, 42, 49, 38, 43, 52, 39, 53]]
[[2,10,14,14,32,64],[5, 40, 37, 42, 38, 43, 50, 52, 39, 51]]
[[4,8,16,16,19,92],[5, 40, 37, 42, 38, 43, 50, 39, 51, 53]]
[[4,10,16,26,39,52],[5, 40, 37, 42, 38, 43, 52, 39, 51, 53]]
[[4,8,4,28,39,92],[5, 40, 37, 42, 49, 38, 50, 39, 44, 54]]
[[4,14,10,26,39,74],[5, 40, 37, 42, 49, 38, 39, 44, 51, 53]]
[[4,10,10,22,34,70],[5, 40, 37, 42, 49, 38, 52, 39, 44, 54]]
[[3,15,6,31,38,42],[5, 40, 37, 42, 38, 50, 39, 44, 51, 54]]
[[5,7,20,15,35,82],[5, 40, 37, 42, 38, 50, 52, 39, 44, 53]]
[[3,9,9,33,33,93],[5, 40, 37, 42, 49, 38, 50, 39, 51, 54]]
[[3,5,9,13,43,113],[5, 40, 37, 42, 49, 38, 50, 52, 39, 53]]
[[3,7,18,19,28,82],[5, 40, 37, 42, 49, 38, 52, 39, 51, 54]]
[[3,3,9,31,33,39],[5, 40, 37, 42, 49, 38, 39, 51, 53, 54]]
[[4,6,22,18,39,84],[5, 40, 37, 42, 38, 50, 52, 39, 51, 53]]
[[2,8,17,16,47,77],[5, 40, 37, 49, 38, 43, 50, 52, 39, 44]]
[[4,8,16,16,34,104],[5, 40, 37, 49, 38, 43, 52, 39, 44, 53]]
[[3,3,15,23,43,75],[5, 40, 37, 38, 43, 50, 39, 44, 53, 54]]
[[3,7,12,19,33,52],[5, 40, 37, 38, 43, 52, 39, 44, 51, 53]]
[[1,5,4,17,31,74],[5, 40, 37, 38, 43, 52, 39, 44, 53, 54]]
[[3,15,12,23,33,66],[5, 40, 37, 49, 38, 43, 50, 52, 39, 51]]
[[5,15,8,27,20,72],[5, 40, 37, 49, 38, 43, 50, 39, 53, 54]]
[[5,11,14,19,25,110],[5, 40, 37, 49, 38, 43, 52, 39, 51, 53]]
[[4,12,10,28,44,78],[5, 40, 37, 38, 43, 50, 52, 39, 51, 54]]
[[4,12,13,20,29,93],[5, 40, 37, 38, 43, 50, 39, 51, 53, 54]]
[[2,10,11,30,22,109],[5, 40, 37, 38, 43, 52, 39, 51, 53, 54]]
[[4,4,10,24,39,88],[5, 40, 37, 49, 38, 50, 52, 39, 44, 53]]
[[3,7,9,23,48,73],[5, 40, 37, 38, 50, 52, 39, 44, 51, 53]]
[[1,11,10,19,41,92],[5, 40, 37, 38, 50, 52, 39, 44, 53, 54]]
[[5,13,11,25,20,85],[5, 40, 37, 49, 38, 50, 52, 39, 51, 53]]
[[2,14,8,26,42,68],[5, 40, 37, 38, 50, 52, 39, 51, 53, 54]]
[[2,10,14,30,57,64],[5, 37, 42, 49, 38, 43, 50, 52, 39, 44]]
[[4,8,13,24,54,77],[5, 37, 42, 49, 38, 43, 50, 39, 44, 53]]
[[4,4,10,28,44,76],[5, 37, 42, 49, 38, 43, 52, 39, 44, 53]]
[[3,9,9,21,38,69],[5, 37, 42, 38, 43, 50, 39, 44, 51, 53]]
[[3,7,12,31,48,52],[5, 37, 42, 38, 43, 50, 52, 39, 44, 54]]
[[3,5,9,29,33,113],[5, 37, 42, 38, 43, 50, 39, 44, 53, 54]]
[[3,5,9,17,33,83],[5, 37, 42, 38, 43, 52, 39, 44, 51, 53]]
[[1,7,7,23,21,79],[5, 37, 42, 38, 43, 52, 39, 44, 53, 54]]
[[5,9,14,37,20,66],[5, 37, 42, 49, 38, 43, 50, 39, 51, 53]]
[[4,8,10,32,29,56],[5, 37, 42, 38, 43, 50, 39, 51, 53, 54]]
[[2,14,17,30,17,59],[5, 37, 42, 49, 38, 50, 39, 44, 51, 54]]
[[4,12,10,36,29,54],[5, 37, 42, 49, 38, 50, 52, 39, 44, 53]]
[[3,9,18,25,33,78],[5, 37, 42, 38, 50, 52, 39, 44, 51, 53]]
[[1,9,19,25,51,69],[5, 37, 42, 38, 50, 52, 39, 44, 53, 54]]
[[5,11,14,15,20,122],[5, 37, 42, 49, 38, 50, 52, 39, 51, 53]]
[[2,10,11,26,42,61],[5, 37, 42, 38, 50, 52, 39, 51, 53, 54]]
[[4,10,7,26,64,79],[5, 37, 49, 38, 43, 50, 39, 44, 51, 53]]
[[4,8,4,28,44,74],[5, 37, 49, 38, 43, 50, 52, 39, 44, 54]]
[[2,12,14,32,22,84],[5, 37, 49, 38, 43, 52, 39, 44, 53, 54]]
[[5,13,11,33,15,61],[5, 37, 38, 43, 50, 39, 44, 51, 53, 54]]
[[3,5,12,33,38,62],[5, 37, 49, 38, 43, 50, 52, 39, 51, 54]]
[[3,5,18,25,28,92],[5, 37, 49, 38, 43, 50, 39, 51, 53, 54]]
[[1,9,10,17,36,102],[5, 37, 49, 38, 43, 52, 39, 51, 53, 54]]
[[4,14,13,18,44,65],[5, 37, 49, 38, 50, 52, 39, 44, 51, 53]]
[[1,7,4,31,31,64],[5, 37, 49, 38, 50, 52, 39, 51, 53, 54]]
[[4,12,13,32,24,51],[5, 40, 37, 42, 49, 38, 43, 50, 44, 53]]
[[4,6,7,22,49,63],[5, 40, 37, 42, 49, 38, 43, 52, 44, 53]]
[[5,9,14,25,35,54],[5, 40, 37, 42, 38, 43, 50, 44, 51, 53]]
[[5,13,8,33,35,64],[5, 40, 37, 42, 38, 43, 50, 44, 53, 54]]
[[5,11,11,27,35,65],[5, 40, 37, 42, 38, 43, 52, 44, 51, 53]]
[[3,5,15,17,43,113],[5, 40, 37, 42, 49, 38, 43, 50, 52, 51]]
[[3,9,12,37,33,60],[5, 40, 37, 42, 49, 38, 43, 50, 51, 53]]
[[1,13,10,25,31,82],[5, 40, 37, 42, 49, 38, 43, 52, 53, 54]]
[[4,4,10,20,49,88],[5, 40, 37, 42, 38, 43, 50, 51, 53, 54]]
[[4,10,4,30,44,82],[5, 40, 37, 42, 49, 38, 50, 44, 51, 54]]
[[4,10,13,30,39,67],[5, 40, 37, 42, 49, 38, 50, 52, 44, 53]]
[[5,11,11,23,40,83],[5, 40, 37, 42, 38, 50, 52, 44, 51, 53]]
[[3,7,6,35,28,94],[5, 40, 37, 42, 38, 50, 52, 44, 53, 54]]
[[3,5,12,29,38,50],[5, 40, 37, 42, 49, 38, 50, 52, 51, 53]]
[[1,9,7,25,41,75],[5, 40, 37, 42, 49, 38, 50, 52, 53, 54]]
[[2,4,14,24,27,112],[5, 40, 37, 42, 38, 50, 52, 51, 53, 54]]
[[4,6,10,34,19,60],[5, 40, 37, 49, 38, 43, 50, 44, 53, 54]]
[[4,8,22,8,24,92],[5, 40, 37, 49, 38, 43, 52, 44, 51, 53]]
[[2,8,8,32,42,80],[5, 40, 37, 49, 38, 43, 52, 44, 53, 54]]
[[3,7,21,23,28,109],[5, 40, 37, 38, 43, 50, 44, 51, 53, 54]]
[[1,13,10,25,41,94],[5, 40, 37, 38, 43, 52, 44, 51, 53, 54]]
[[5,7,17,27,30,73],[5, 40, 37, 49, 38, 43, 50, 51, 53, 54]]
[[3,13,12,25,38,76],[5, 40, 37, 49, 38, 43, 52, 51, 53, 54]]
[[4,6,7,18,24,63],[5, 40, 37, 49, 38, 50, 52, 44, 51, 53]]
[[1,9,7,25,31,69],[5, 40, 37, 38, 50, 52, 44, 51, 53, 54]]
[[4,6,19,22,44,93],[5, 37, 42, 49, 38, 43, 50, 44, 53, 54]]
[[4,12,13,20,29,75],[5, 37, 42, 49, 38, 43, 52, 44, 51, 53]]
[[3,9,9,17,58,105],[5, 37, 42, 38, 43, 50, 52, 44, 51, 54]]
[[3,9,6,25,53,114],[5, 37, 42, 38, 43, 50, 44, 51, 53, 54]]
[[5,9,11,25,35,99],[5, 37, 42, 49, 38, 43, 50, 51, 53, 54]]
[[4,10,10,22,29,88],[5, 37, 42, 49, 38, 50, 52, 44, 51, 53]]
[[3,9,6,37,38,90],[5, 37, 42, 49, 38, 50, 52, 51, 53, 54]]
[[4,6,13,34,34,81],[5, 37, 49, 38, 43, 50, 44, 51, 53, 54]]
[[2,12,8,24,42,84],[5, 37, 49, 38, 50, 52, 44, 51, 53, 54]]
[[4,10,7,38,34,79],[5, 40, 37, 42, 49, 43, 39, 44, 51, 53]]
[[4,6,7,38,19,81],[5, 40, 37, 42, 49, 43, 52, 39, 44, 54]]
[[4,8,7,28,29,65],[5, 40, 37, 42, 49, 43, 39, 44, 53, 54]]
[[5,13,11,25,20,85],[5, 40, 37, 42, 43, 50, 52, 39, 44, 53]]
[[5,15,11,19,25,75],[5, 40, 37, 42, 43, 39, 44, 51, 53, 54]]
[[3,7,9,23,48,73],[5, 40, 37, 42, 49, 43, 50, 52, 39, 53]]
[[3,7,6,23,18,94],[5, 40, 37, 42, 49, 43, 52, 39, 51, 54]]
[[3,9,12,33,43,66],[5, 40, 37, 42, 49, 43, 39, 51, 53, 54]]
[[4,4,10,24,39,88],[5, 40, 37, 42, 43, 50, 52, 39, 51, 53]]
[[4,8,10,24,44,50],[5, 40, 37, 42, 49, 50, 39, 44, 51, 53]]
[[4,12,10,28,44,78],[5, 40, 37, 42, 49, 50, 52, 39, 44, 54]]
[[4,12,13,20,29,93],[5, 40, 37, 42, 49, 50, 39, 44, 53, 54]]
[[2,10,11,30,22,109],[5, 40, 37, 42, 49, 52, 39, 44, 53, 54]]
[[5,15,8,27,20,72],[5, 40, 37, 42, 50, 39, 44, 51, 53, 54]]
[[3,3,15,23,43,75],[5, 40, 37, 42, 49, 50, 39, 51, 53, 54]]
[[1,5,4,17,31,74],[5, 40, 37, 42, 49, 52, 39, 51, 53, 54]]
[[2,10,5,22,47,91],[5, 40, 37, 49, 43, 50, 39, 44, 51, 54]]
[[4,6,22,18,39,84],[5, 40, 37, 49, 43, 50, 52, 39, 44, 53]]
[[3,5,9,13,43,113],[5, 40, 37, 43, 50, 52, 39, 44, 51, 53]]
[[1,11,7,19,31,95],[5, 40, 37, 43, 50, 52, 39, 44, 53, 54]]
[[5,7,20,15,35,82],[5, 40, 37, 49, 43, 50, 52, 39, 51, 53]]
[[3,13,12,25,23,82],[5, 40, 37, 49, 43, 50, 52, 39, 53, 54]]
[[2,10,2,26,32,70],[5, 40, 37, 43, 50, 52, 39, 51, 53, 54]]
[[2,6,5,22,27,87],[5, 37, 42, 49, 43, 50, 39, 44, 51, 54]]
[[4,4,16,12,24,52],[5, 37, 42, 49, 43, 50, 52, 39, 44, 53]]
[[4,10,13,22,34,103],[5, 37, 42, 49, 43, 39, 44, 51, 53, 54]]
[[3,5,6,9,33,74],[5, 37, 42, 43, 50, 52, 39, 44, 51, 53]]
[[1,7,4,31,31,64],[5, 37, 42, 43, 50, 52, 39, 44, 53, 54]]
[[4,12,13,32,29,51],[5, 37, 42, 49, 50, 39, 44, 51, 53, 54]]
[[2,10,11,26,42,61],[5, 37, 49, 43, 50, 52, 39, 44, 53, 54]]
[[1,9,19,25,51,69],[5, 37, 49, 43, 50, 52, 39, 51, 53, 54]]
[[4,12,13,20,19,93],[5, 40, 37, 42, 49, 43, 50, 52, 44, 53]]
[[4,8,19,24,34,77],[5, 40, 37, 42, 49, 43, 52, 44, 51, 54]]
[[5,9,11,17,50,63],[5, 40, 37, 42, 43, 50, 52, 44, 51, 53]]
[[3,7,9,15,43,79],[5, 40, 37, 42, 49, 43, 50, 52, 51, 53]]
[[1,9,7,25,31,69],[5, 40, 37, 42, 49, 43, 50, 52, 53, 54]]
[[4,8,7,24,44,101],[5, 40, 37, 42, 49, 50, 52, 44, 51, 54]]
[[4,10,16,22,34,70],[5, 40, 37, 42, 49, 50, 44, 51, 53, 54]]
[[2,16,8,28,42,52],[5, 40, 37, 42, 49, 52, 44, 51, 53, 54]]
[[2,4,14,24,27,112],[5, 40, 37, 49, 43, 50, 52, 44, 53, 54]]
[[1,9,7,25,41,75],[5, 40, 37, 43, 50, 52, 44, 51, 53, 54]]
[[3,7,6,35,28,94],[5, 40, 37, 49, 43, 50, 52, 51, 53, 54]]
[[4,6,13,18,44,123],[5, 37, 42, 49, 43, 50, 52, 44, 51, 53]]
[[1,13,10,21,41,94],[5, 37, 42, 43, 50, 52, 44, 51, 53, 54]]
[[3,7,12,15,23,64],[5, 40, 42, 49, 38, 43, 50, 52, 39, 44]]
[[5,13,11,25,35,61],[5, 40, 42, 49, 38, 43, 50, 39, 44, 53]]
[[5,11,8,23,50,68],[5, 40, 42, 49, 38, 43, 52, 39, 44, 53]]
[[4,14,7,30,34,71],[5, 40, 42, 38, 43, 50, 52, 39, 44, 54]]
[[4,8,16,24,24,104],[5, 40, 42, 38, 43, 50, 39, 44, 53, 54]]
[[4,12,7,36,19,57],[5, 40, 42, 38, 43, 52, 39, 44, 51, 53]]
[[2,8,8,40,37,62],[5, 40, 42, 38, 43, 52, 39, 44, 53, 54]]
[[4,4,16,12,49,112],[5, 40, 42, 49, 38, 43, 50, 39, 51, 53]]
[[4,10,10,30,24,100],[5, 40, 42, 49, 38, 43, 50, 39, 53, 54]]
[[4,10,16,34,34,34],[5, 40, 42, 49, 38, 43, 52, 39, 51, 53]]
[[3,7,15,23,18,121],[5, 40, 42, 38, 43, 50, 52, 39, 51, 54]]
[[3,9,6,29,43,96],[5, 40, 42, 38, 43, 50, 39, 51, 53, 54]]
[[1,9,7,21,11,63],[5, 40, 42, 38, 43, 52, 39, 51, 53, 54]]
[[3,7,3,23,18,73],[5, 40, 42, 49, 38, 50, 39, 44, 51, 54]]
[[5,11,17,23,30,65],[5, 40, 42, 49, 38, 50, 52, 39, 44, 53]]
[[5,13,11,37,10,49],[5, 40, 42, 49, 38, 39, 44, 51, 53, 54]]
[[4,8,7,20,59,77],[5, 40, 42, 38, 50, 52, 39, 44, 51, 53]]
[[2,10,5,38,42,55],[5, 40, 42, 38, 50, 52, 39, 44, 53, 54]]
[[2,10,5,26,32,79],[5, 40, 42, 49, 38, 50, 52, 39, 53, 54]]
[[1,9,10,25,16,60],[5, 40, 42, 38, 50, 52, 39, 51, 53, 54]]
[[3,11,15,27,18,83],[5, 40, 49, 38, 43, 50, 39, 44, 51, 53]]
[[3,3,12,15,38,120],[5, 40, 49, 38, 43, 50, 39, 44, 53, 54]]
[[3,11,18,27,38,62],[5, 40, 49, 38, 43, 52, 39, 44, 51, 53]]
[[4,8,16,16,34,62],[5, 40, 38, 43, 50, 39, 44, 51, 53, 54]]
[[2,10,14,38,27,82],[5, 40, 38, 43, 52, 39, 44, 51, 53, 54]]
[[4,6,7,26,39,99],[5, 40, 49, 38, 43, 50, 52, 39, 51, 54]]
[[2,12,11,32,27,75],[5, 40, 49, 38, 43, 52, 39, 51, 53, 54]]
[[3,5,6,21,28,98],[5, 40, 49, 38, 50, 52, 39, 44, 51, 53]]
[[2,14,8,18,22,80],[5, 40, 49, 38, 50, 52, 39, 51, 53, 54]]
[[3,13,9,33,33,67],[5, 42, 49, 38, 43, 50, 39, 44, 51, 53]]
[[3,9,15,33,43,45],[5, 42, 49, 38, 43, 50, 39, 44, 53, 54]]
[[3,5,12,17,28,104],[5, 42, 49, 38, 43, 52, 39, 44, 51, 53]]
[[1,7,4,23,6,88],[5, 42, 49, 38, 43, 52, 39, 44, 53, 54]]
[[4,12,7,40,24,45],[5, 42, 38, 43, 50, 39, 44, 51, 53, 54]]
[[4,8,16,20,49,92],[5, 42, 49, 38, 43, 50, 52, 39, 51, 54]]
[[3,15,15,27,23,63],[5, 42, 49, 38, 50, 52, 39, 44, 51, 53]]
[[1,7,10,27,16,82],[5, 42, 49, 38, 50, 52, 39, 44, 53, 54]]
[[2,6,23,30,12,99],[5, 42, 38, 50, 52, 39, 44, 51, 53, 54]]
[[3,7,9,19,28,109],[5, 49, 38, 43, 52, 39, 44, 51, 53, 54]]
[[5,13,8,25,40,64],[5, 40, 42, 49, 38, 43, 50, 44, 51, 53]]
[[5,9,5,25,55,51],[5, 40, 42, 49, 38, 43, 50, 44, 53, 54]]
[[5,11,11,31,25,65],[5, 40, 42, 49, 38, 43, 52, 44, 51, 53]]
[[4,12,10,28,39,72],[5, 40, 42, 38, 43, 50, 52, 44, 51, 54]]
[[4,8,7,28,29,65],[5, 40, 42, 38, 43, 50, 44, 51, 53, 54]]
[[2,12,17,28,37,63],[5, 40, 42, 38, 43, 52, 44, 51, 53, 54]]
[[4,6,13,14,34,123],[5, 40, 42, 49, 38, 43, 50, 51, 53, 54]]
[[5,13,11,25,25,67],[5, 40, 42, 49, 38, 50, 52, 44, 51, 53]]
[[3,9,9,25,43,105],[5, 40, 42, 49, 38, 50, 52, 44, 53, 54]]
[[2,12,5,24,42,93],[5, 40, 42, 38, 50, 52, 44, 51, 53, 54]]
[[2,8,14,28,17,104],[5, 40, 42, 49, 38, 50, 52, 51, 53, 54]]
[[3,7,18,23,43,70],[5, 40, 49, 38, 43, 50, 52, 44, 51, 54]]
[[3,9,12,21,28,102],[5, 40, 49, 38, 43, 50, 44, 51, 53, 54]]
[[1,11,7,23,41,101],[5, 40, 49, 38, 43, 52, 44, 51, 53, 54]]
[[1,5,7,21,11,83],[5, 40, 49, 38, 50, 52, 44, 51, 53, 54]]
[[3,3,15,19,38,105],[5, 42, 49, 38, 43, 50, 52, 44, 51, 54]]
[[3,7,9,27,43,67],[5, 42, 49, 38, 43, 50, 44, 51, 53, 54]]
[[1,9,7,29,16,81],[5, 42, 49, 38, 43, 52, 44, 51, 53, 54]]
[[5,9,11,21,50,75],[5, 40, 42, 49, 43, 50, 52, 39, 44, 53]]
[[5,7,8,27,25,88],[5, 40, 42, 49, 43, 39, 44, 51, 53, 54]]
[[2,14,8,18,22,80],[5, 40, 42, 43, 50, 52, 39, 44, 53, 54]]
[[4,6,16,10,24,66],[5, 40, 42, 49, 43, 50, 52, 39, 51, 53]]
[[5,13,17,21,10,79],[5, 40, 42, 49, 50, 39, 44, 51, 53, 54]]
[[3,7,6,35,28,94],[5, 40, 42, 49, 52, 39, 44, 51, 53, 54]]
[[3,11,15,27,33,77],[5, 40, 49, 43, 50, 52, 39, 44, 51, 53]]
[[1,9,10,25,16,60],[5, 40, 49, 43, 50, 52, 39, 44, 53, 54]]
[[2,10,5,26,32,79],[5, 40, 43, 50, 52, 39, 44, 51, 53, 54]]
[[2,10,5,38,42,55],[5, 40, 49, 43, 50, 52, 39, 51, 53, 54]]
[[3,11,12,27,38,98],[5, 42, 49, 43, 50, 52, 39, 44, 51, 53]]
[[1,13,10,29,36,70],[5, 42, 49, 43, 50, 52, 39, 44, 53, 54]]
[[2,8,2,20,27,80],[5, 42, 49, 43, 50, 52, 39, 51, 53, 54]]
[[5,11,8,35,35,80],[5, 40, 42, 49, 43, 50, 52, 44, 51, 53]]
[[2,8,5,32,27,53],[5, 40, 42, 43, 50, 52, 44, 51, 53, 54]]
[[1,5,22,37,16,68],[5, 40, 49, 43, 50, 52, 44, 51, 53, 54]]
[[1,9,7,21,31,105],[5, 42, 49, 43, 50, 52, 44, 51, 53, 54]]
