[[0, 4, 8], [2, 4], [3, 5], [6, 7]]
[[4,10,4,22,49,82],[34, 35, 16, 37, 17, 38, 18, 39, 44]]
[[5,11,11,31,40,47],[34, 35, 16, 37, 17, 38, 18, 39, 51]]
[[2,2,14,26,47,98],[34, 35, 40, 16, 37, 17, 38, 18, 51]]
[[1,5,13,25,6,59],[34, 35, 40, 16, 37, 17, 38, 18, 54]]
[[3,7,18,15,28,82],[34, 35, 16, 37, 42, 17, 38, 18, 44]]
[[1,1,7,17,41,73],[34, 35, 16, 37, 42, 17, 38, 18, 54]]
[[2,8,2,24,27,110],[34, 35, 16, 37, 17, 38, 43, 18, 51]]
[[1,1,1,9,31,31],[34, 35, 16, 37, 17, 38, 43, 18, 54]]
[[2,6,8,22,32,102],[34, 35, 16, 37, 49, 17, 38, 18, 44]]
[[3,9,6,25,58,90],[34, 35, 16, 37, 17, 38, 50, 18, 44]]
[[3,7,6,11,53,76],[34, 35, 16, 37, 17, 38, 18, 44, 51]]
[[4,8,10,20,39,116],[34, 35, 16, 37, 17, 38, 18, 44, 53]]
[[2,8,14,20,32,80],[34, 35, 16, 37, 17, 38, 18, 44, 54]]
[[3,3,3,7,28,99],[34, 35, 16, 37, 49, 17, 38, 18, 51]]
[[2,4,2,8,42,58],[34, 35, 16, 37, 49, 17, 38, 18, 54]]
[[2,4,11,16,22,85],[34, 35, 16, 37, 17, 38, 50, 18, 51]]
[[1,1,7,9,11,67],[34, 35, 16, 37, 17, 38, 50, 18, 54]]
[[2,4,11,24,22,121],[34, 35, 16, 37, 17, 38, 52, 18, 51]]
[[3,9,12,37,43,60],[34, 35, 16, 37, 17, 38, 18, 51, 53]]
[[3,7,12,23,48,88],[34, 35, 16, 37, 17, 38, 18, 51, 54]]
[[1,1,7,13,51,43],[34, 35, 16, 37, 17, 38, 52, 18, 54]]
[[2,6,11,22,12,69],[34, 35, 16, 37, 17, 38, 18, 53, 54]]
[[3,7,12,23,48,88],[34, 35, 40, 16, 37, 17, 18, 39, 54]]
[[3,9,15,29,43,75],[34, 35, 16, 37, 42, 17, 18, 39, 44]]
[[4,6,13,18,44,129],[34, 35, 16, 37, 17, 43, 18, 39, 51]]
[[3,7,21,19,23,103],[34, 35, 16, 37, 17, 50, 18, 39, 44]]
[[2,6,11,34,67,45],[34, 35, 16, 37, 17, 18, 39, 44, 53]]
[[2,4,11,36,37,97],[34, 35, 16, 37, 17, 18, 39, 44, 54]]
[[2,2,5,2,22,71],[34, 35, 16, 37, 49, 17, 18, 39, 54]]
[[4,6,16,14,39,120],[34, 35, 16, 37, 17, 50, 18, 39, 51]]
[[3,5,12,17,38,122],[34, 35, 16, 37, 17, 50, 18, 39, 54]]
[[3,3,12,15,38,96],[34, 35, 16, 37, 17, 18, 39, 51, 53]]
[[1,3,13,27,51,87],[34, 35, 16, 37, 17, 18, 39, 51, 54]]
[[3,7,6,15,58,100],[34, 35, 16, 37, 17, 52, 18, 39, 54]]
[[2,6,8,30,52,42],[34, 35, 16, 37, 17, 18, 39, 53, 54]]
[[4,6,7,22,64,75],[34, 35, 40, 16, 37, 42, 17, 18, 44]]
[[3,5,9,21,33,77],[34, 35, 40, 16, 37, 42, 17, 18, 51]]
[[2,6,11,10,52,63],[34, 35, 40, 16, 37, 42, 17, 18, 54]]
[[3,7,9,19,48,43],[34, 35, 40, 16, 37, 17, 43, 18, 51]]
[[2,8,14,12,47,38],[34, 35, 40, 16, 37, 17, 43, 18, 54]]
[[3,7,9,19,38,67],[34, 35, 40, 16, 37, 49, 17, 18, 44]]
[[4,6,13,26,34,87],[34, 35, 40, 16, 37, 17, 52, 18, 44]]
[[3,5,15,13,33,95],[34, 35, 40, 16, 37, 17, 18, 44, 54]]
[[4,6,7,18,49,69],[34, 35, 40, 16, 37, 49, 17, 18, 51]]
[[3,3,6,19,38,90],[34, 35, 40, 16, 37, 17, 52, 18, 51]]
[[4,10,16,18,24,106],[34, 35, 16, 37, 42, 17, 43, 18, 44]]
[[2,2,5,10,32,47],[34, 35, 16, 37, 42, 17, 43, 18, 54]]
[[3,5,3,17,38,95],[34, 35, 16, 37, 42, 49, 17, 18, 44]]
[[4,6,16,14,39,84],[34, 35, 16, 37, 42, 17, 52, 18, 44]]
[[5,11,11,27,30,65],[34, 35, 16, 37, 42, 17, 18, 44, 53]]
[[3,9,6,25,48,84],[34, 35, 16, 37, 42, 17, 18, 44, 54]]
[[3,5,18,21,43,62],[34, 35, 16, 37, 42, 49, 17, 18, 54]]
[[3,5,6,21,48,62],[34, 35, 16, 37, 42, 17, 50, 18, 51]]
[[2,4,14,28,52,64],[34, 35, 16, 37, 42, 17, 50, 18, 54]]
[[3,5,18,17,33,110],[34, 35, 16, 37, 42, 17, 52, 18, 51]]
[[4,8,7,28,49,77],[34, 35, 16, 37, 42, 17, 18, 51, 53]]
[[2,8,8,20,17,98],[34, 35, 16, 37, 42, 17, 52, 18, 54]]
[[3,7,9,39,43,67],[34, 35, 16, 37, 42, 17, 18, 53, 54]]
[[4,8,7,16,79,65],[34, 35, 16, 37, 17, 43, 18, 44, 51]]
[[4,6,19,22,39,69],[34, 35, 16, 37, 49, 17, 43, 18, 51]]
[[3,9,12,21,43,78],[34, 35, 16, 37, 49, 17, 43, 18, 54]]
[[3,7,15,23,33,73],[34, 35, 16, 37, 17, 43, 50, 18, 51]]
[[3,5,9,37,48,59],[34, 35, 16, 37, 17, 43, 52, 18, 51]]
[[4,8,7,20,69,77],[34, 35, 16, 37, 17, 43, 18, 51, 53]]
[[2,4,8,12,37,70],[34, 35, 16, 37, 17, 43, 52, 18, 54]]
[[3,5,12,17,48,116],[34, 35, 16, 37, 49, 17, 50, 18, 44]]
[[3,5,6,25,28,122],[34, 35, 16, 37, 49, 17, 52, 18, 44]]
[[4,6,4,18,54,102],[34, 35, 16, 37, 49, 17, 18, 44, 54]]
[[4,4,4,12,59,88],[34, 35, 16, 37, 17, 50, 18, 44, 51]]
[[5,5,8,25,55,92],[34, 35, 16, 37, 17, 50, 18, 44, 53]]
[[3,3,15,15,38,93],[34, 35, 16, 37, 17, 18, 44, 51, 53]]
[[3,11,12,15,28,68],[34, 35, 16, 37, 17, 52, 18, 44, 54]]
[[2,6,11,30,57,63],[34, 35, 16, 37, 17, 18, 44, 53, 54]]
[[3,7,18,19,23,82],[34, 35, 16, 37, 49, 17, 50, 18, 54]]
[[4,8,13,20,54,65],[34, 35, 16, 37, 49, 17, 52, 18, 51]]
[[3,5,15,9,23,95],[34, 35, 16, 37, 49, 17, 18, 51, 54]]
[[2,4,2,24,37,46],[34, 35, 16, 37, 17, 50, 52, 18, 54]]
[[4,8,7,24,39,89],[34, 35, 16, 37, 17, 52, 18, 51, 54]]
[[3,5,6,29,33,50],[34, 35, 16, 37, 17, 18, 51, 53, 54]]
[[4,8,10,20,39,116],[34, 35, 40, 16, 17, 38, 18, 39, 44]]
[[3,9,12,37,43,60],[34, 35, 40, 16, 17, 38, 18, 39, 51]]
[[2,6,11,22,12,69],[34, 35, 40, 16, 17, 38, 18, 39, 54]]
[[3,5,18,25,33,74],[34, 35, 16, 42, 17, 38, 18, 39, 51]]
[[4,8,10,28,49,110],[34, 35, 16, 17, 38, 43, 18, 39, 44]]
[[3,3,12,19,33,66],[34, 35, 16, 17, 38, 43, 18, 39, 51]]
[[2,6,11,22,12,99],[34, 35, 16, 17, 38, 43, 18, 39, 54]]
[[3,5,6,37,13,56],[34, 35, 16, 49, 17, 38, 18, 39, 44]]
[[2,4,11,20,37,43],[34, 35, 16, 17, 38, 18, 39, 44, 51]]
[[4,4,10,16,59,112],[34, 35, 16, 17, 38, 52, 18, 39, 44]]
[[1,3,4,11,41,48],[34, 35, 16, 17, 38, 18, 39, 44, 54]]
[[4,8,4,28,54,80],[34, 35, 16, 49, 17, 38, 18, 39, 51]]
[[3,3,6,19,33,66],[34, 35, 16, 49, 17, 38, 18, 39, 54]]
[[2,4,14,20,37,52],[34, 35, 16, 17, 38, 50, 18, 39, 54]]
[[3,5,9,13,23,101],[34, 35, 16, 17, 38, 52, 18, 39, 51]]
[[2,2,14,26,47,98],[34, 35, 16, 17, 38, 18, 39, 51, 53]]
[[2,4,5,20,47,55],[34, 35, 16, 17, 38, 18, 39, 51, 54]]
[[2,4,11,8,42,91],[34, 35, 16, 17, 38, 52, 18, 39, 54]]
[[1,5,13,25,6,59],[34, 35, 16, 17, 38, 18, 39, 53, 54]]
[[3,5,6,25,33,92],[34, 35, 40, 16, 42, 17, 38, 18, 44]]
[[3,7,18,27,28,106],[34, 35, 40, 16, 42, 17, 38, 18, 54]]
[[4,6,7,22,54,81],[34, 35, 40, 16, 17, 38, 43, 18, 51]]
[[3,7,6,11,58,76],[34, 35, 40, 16, 17, 38, 43, 18, 54]]
[[4,4,10,20,34,106],[34, 35, 40, 16, 49, 17, 38, 18, 44]]
[[3,3,12,15,33,114],[34, 35, 40, 16, 17, 38, 50, 18, 44]]
[[4,10,4,22,49,82],[34, 35, 40, 16, 17, 38, 18, 44, 53]]
[[4,6,10,14,39,90],[34, 35, 40, 16, 17, 38, 18, 44, 54]]
[[3,5,15,17,38,65],[34, 35, 40, 16, 49, 17, 38, 18, 51]]
[[3,11,9,35,28,65],[34, 35, 40, 16, 17, 38, 50, 18, 54]]
[[4,6,16,26,39,54],[34, 35, 40, 16, 17, 38, 52, 18, 51]]
[[5,11,11,31,40,47],[34, 35, 40, 16, 17, 38, 18, 51, 53]]
[[3,9,9,25,43,81],[34, 35, 40, 16, 17, 38, 18, 51, 54]]
[[3,7,6,39,28,52],[34, 35, 16, 42, 17, 38, 43, 18, 44]]
[[3,5,6,9,38,68],[34, 35, 16, 42, 17, 38, 43, 18, 54]]
[[4,10,4,22,49,82],[34, 35, 16, 42, 49, 17, 38, 18, 44]]
[[3,3,21,15,43,81],[34, 35, 16, 42, 17, 38, 52, 18, 44]]
[[4,6,10,22,59,84],[34, 35, 16, 42, 17, 38, 18, 44, 53]]
[[3,5,12,21,28,110],[34, 35, 16, 42, 49, 17, 38, 18, 51]]
[[2,8,5,16,32,89],[34, 35, 16, 42, 49, 17, 38, 18, 54]]
[[4,6,19,22,29,75],[34, 35, 16, 42, 17, 38, 50, 18, 51]]
[[5,9,11,25,40,69],[34, 35, 16, 42, 17, 38, 18, 51, 53]]
[[3,7,9,15,43,103],[34, 35, 16, 42, 17, 38, 52, 18, 54]]
[[3,5,3,21,23,101],[34, 35, 16, 17, 38, 43, 50, 18, 44]]
[[3,7,12,19,38,112],[34, 35, 16, 49, 17, 38, 43, 18, 51]]
[[2,6,11,14,57,69],[34, 35, 16, 49, 17, 38, 43, 18, 54]]
[[4,6,10,14,39,102],[34, 35, 16, 17, 38, 43, 50, 18, 51]]
[[3,5,6,21,53,80],[34, 35, 16, 17, 38, 43, 50, 18, 54]]
[[4,6,4,18,74,78],[34, 35, 16, 17, 38, 43, 52, 18, 51]]
[[5,7,11,19,45,103],[34, 35, 16, 17, 38, 43, 18, 51, 53]]
[[3,7,9,23,38,121],[34, 35, 16, 17, 38, 43, 18, 51, 54]]
[[3,9,9,13,48,81],[34, 35, 16, 17, 38, 43, 52, 18, 54]]
[[4,6,13,14,34,105],[34, 35, 16, 17, 38, 43, 18, 53, 54]]
[[4,6,7,18,64,87],[34, 35, 16, 49, 17, 38, 18, 44, 51]]
[[3,5,3,21,43,101],[34, 35, 16, 49, 17, 38, 18, 44, 54]]
[[3,5,9,41,38,47],[34, 35, 16, 17, 38, 50, 52, 18, 44]]
[[4,4,16,16,49,106],[34, 35, 16, 17, 38, 18, 44, 51, 53]]
[[2,4,8,8,42,64],[34, 35, 16, 17, 38, 18, 44, 51, 54]]
[[4,8,10,16,39,92],[34, 35, 16, 17, 38, 52, 18, 44, 53]]
[[4,10,10,14,64,52],[34, 35, 16, 17, 38, 52, 18, 44, 54]]
[[2,2,5,18,37,53],[34, 35, 16, 49, 17, 38, 50, 18, 54]]
[[3,9,6,21,48,96],[34, 35, 16, 49, 17, 38, 52, 18, 51]]
[[4,4,4,16,64,76],[34, 35, 16, 49, 17, 38, 18, 51, 53]]
[[4,6,13,18,49,111],[34, 35, 16, 49, 17, 38, 18, 51, 54]]
[[3,3,6,15,43,72],[34, 35, 16, 17, 38, 50, 52, 18, 54]]
[[4,8,19,32,29,71],[34, 35, 16, 17, 38, 50, 18, 53, 54]]
[[5,5,8,25,55,92],[34, 35, 16, 17, 38, 52, 18, 51, 53]]
[[3,5,6,21,53,68],[34, 35, 16, 17, 38, 52, 18, 51, 54]]
[[2,4,11,20,32,91],[34, 35, 16, 17, 38, 18, 51, 53, 54]]
[[5,11,11,27,30,65],[34, 35, 40, 16, 42, 17, 18, 39, 44]]
[[4,8,7,28,49,77],[34, 35, 40, 16, 42, 17, 18, 39, 51]]
[[3,7,9,39,43,67],[34, 35, 40, 16, 42, 17, 18, 39, 54]]
[[4,8,7,20,69,77],[34, 35, 40, 16, 17, 43, 18, 39, 51]]
[[5,5,8,25,55,92],[34, 35, 40, 16, 17, 50, 18, 39, 44]]
[[3,3,15,15,38,93],[34, 35, 40, 16, 17, 18, 39, 44, 51]]
[[4,4,13,16,54,115],[34, 35, 40, 16, 17, 18, 39, 44, 53]]
[[2,6,11,30,57,63],[34, 35, 40, 16, 17, 18, 39, 44, 54]]
[[3,13,9,37,33,61],[34, 35, 40, 16, 17, 18, 39, 51, 53]]
[[3,5,6,29,33,50],[34, 35, 40, 16, 17, 18, 39, 51, 54]]
[[5,11,8,27,50,62],[34, 35, 16, 42, 17, 43, 18, 39, 44]]
[[3,7,15,19,38,109],[34, 35, 16, 42, 17, 43, 18, 39, 54]]
[[4,8,13,24,29,77],[34, 35, 16, 42, 49, 17, 18, 39, 44]]
[[5,5,17,17,65,95],[34, 35, 16, 42, 17, 52, 18, 39, 44]]
[[4,6,7,22,64,75],[34, 35, 16, 42, 17, 18, 39, 44, 53]]
[[2,4,2,12,17,100],[34, 35, 16, 42, 17, 18, 39, 44, 54]]
[[5,7,17,27,30,61],[34, 35, 16, 42, 49, 17, 18, 39, 51]]
[[4,6,13,18,44,129],[34, 35, 16, 42, 17, 52, 18, 39, 51]]
[[3,5,9,21,33,77],[34, 35, 16, 42, 17, 18, 39, 51, 53]]
[[3,5,15,9,23,95],[34, 35, 16, 42, 17, 18, 39, 51, 54]]
[[3,7,3,31,23,79],[34, 35, 16, 42, 17, 52, 18, 39, 54]]
[[2,6,11,10,52,63],[34, 35, 16, 42, 17, 18, 39, 53, 54]]
[[5,5,8,29,50,80],[34, 35, 16, 17, 43, 50, 18, 39, 44]]
[[3,7,9,11,58,79],[34, 35, 16, 17, 43, 18, 39, 44, 51]]
[[5,9,26,13,30,66],[34, 35, 16, 49, 17, 43, 18, 39, 51]]
[[4,6,10,30,29,96],[34, 35, 16, 17, 43, 50, 18, 39, 51]]
[[3,3,18,23,43,78],[34, 35, 16, 17, 43, 50, 18, 39, 54]]
[[4,4,4,16,39,70],[34, 35, 16, 17, 43, 52, 18, 39, 51]]
[[3,7,9,19,48,43],[34, 35, 16, 17, 43, 18, 39, 51, 53]]
[[3,9,15,29,43,75],[34, 35, 16, 17, 43, 18, 39, 51, 54]]
[[2,8,14,12,47,38],[34, 35, 16, 17, 43, 18, 39, 53, 54]]
[[4,12,13,16,34,87],[34, 35, 16, 49, 17, 50, 18, 39, 44]]
[[4,8,19,16,19,95],[34, 35, 16, 49, 17, 18, 39, 44, 51]]
[[3,7,9,19,38,67],[34, 35, 16, 49, 17, 18, 39, 44, 53]]
[[3,5,15,17,28,107],[34, 35, 16, 17, 50, 18, 39, 44, 51]]
[[5,11,11,31,40,47],[34, 35, 16, 17, 50, 52, 18, 39, 44]]
[[2,2,5,14,32,59],[34, 35, 16, 17, 50, 18, 39, 44, 54]]
[[3,5,3,29,38,83],[34, 35, 16, 17, 52, 18, 39, 44, 51]]
[[4,6,7,18,54,93],[34, 35, 16, 17, 18, 39, 44, 51, 54]]
[[4,6,13,26,34,87],[34, 35, 16, 17, 52, 18, 39, 44, 53]]
[[2,6,5,22,37,75],[34, 35, 16, 17, 52, 18, 39, 44, 54]]
[[3,5,15,13,33,95],[34, 35, 16, 17, 18, 39, 44, 53, 54]]
[[4,6,13,14,44,87],[34, 35, 16, 49, 17, 50, 18, 39, 54]]
[[4,6,7,18,49,69],[34, 35, 16, 49, 17, 18, 39, 51, 53]]
[[2,10,2,22,32,88],[34, 35, 16, 49, 17, 18, 39, 51, 54]]
[[3,3,6,19,38,90],[34, 35, 16, 17, 52, 18, 39, 51, 53]]
[[3,5,9,13,28,101],[34, 35, 16, 17, 52, 18, 39, 51, 54]]
[[2,4,5,24,27,97],[34, 35, 40, 16, 42, 17, 43, 18, 44]]
[[3,5,12,29,38,86],[34, 35, 40, 16, 42, 17, 43, 18, 51]]
[[3,7,12,11,38,58],[34, 35, 40, 16, 42, 49, 17, 18, 44]]
[[2,4,8,12,47,34],[34, 35, 40, 16, 42, 17, 50, 18, 44]]
[[2,8,8,20,42,80],[34, 35, 40, 16, 42, 17, 52, 18, 44]]
[[3,9,15,29,43,75],[34, 35, 40, 16, 42, 17, 18, 44, 53]]
[[3,7,3,23,38,109],[34, 35, 40, 16, 42, 17, 18, 44, 54]]
[[2,4,8,12,47,64],[34, 35, 40, 16, 42, 49, 17, 18, 51]]
[[1,3,1,35,46,81],[34, 35, 40, 16, 42, 49, 17, 18, 54]]
[[2,2,17,14,27,107],[34, 35, 40, 16, 42, 17, 50, 18, 54]]
[[3,3,12,19,38,90],[34, 35, 40, 16, 42, 17, 52, 18, 51]]
[[2,10,5,42,47,49],[34, 35, 40, 16, 42, 17, 18, 51, 54]]
[[2,6,8,18,62,66],[34, 35, 40, 16, 17, 43, 50, 18, 44]]
[[4,10,13,18,34,103],[34, 35, 40, 16, 17, 43, 18, 44, 51]]
[[2,4,5,4,42,73],[34, 35, 40, 16, 17, 43, 52, 18, 44]]
[[2,4,14,28,42,94],[34, 35, 40, 16, 49, 17, 43, 18, 51]]
[[3,5,12,21,33,128],[34, 35, 40, 16, 17, 43, 50, 18, 51]]
[[3,7,6,15,38,52],[34, 35, 40, 16, 17, 43, 52, 18, 51]]
[[4,6,13,18,44,129],[34, 35, 40, 16, 17, 43, 18, 51, 53]]
[[2,6,8,18,47,36],[34, 35, 40, 16, 17, 43, 52, 18, 54]]
[[2,6,11,22,32,93],[34, 35, 40, 16, 17, 50, 52, 18, 44]]
[[3,7,21,19,23,103],[34, 35, 40, 16, 17, 50, 18, 44, 53]]
[[3,5,6,17,28,104],[34, 35, 40, 16, 17, 50, 18, 44, 54]]
[[1,7,4,39,46,82],[34, 35, 40, 16, 17, 18, 44, 51, 54]]
[[2,4,11,36,37,97],[34, 35, 40, 16, 17, 18, 44, 53, 54]]
[[2,6,14,22,7,78],[34, 35, 40, 16, 49, 17, 50, 18, 51]]
[[1,5,10,17,51,56],[34, 35, 40, 16, 49, 17, 50, 18, 54]]
[[2,6,5,38,37,63],[34, 35, 40, 16, 49, 17, 52, 18, 51]]
[[1,5,1,21,41,65],[34, 35, 40, 16, 49, 17, 52, 18, 54]]
[[2,2,5,2,22,71],[34, 35, 40, 16, 49, 17, 18, 53, 54]]
[[3,3,9,23,28,87],[34, 35, 40, 16, 17, 50, 52, 18, 51]]
[[4,6,16,14,39,120],[34, 35, 40, 16, 17, 50, 18, 51, 53]]
[[2,2,8,14,42,56],[34, 35, 40, 16, 17, 50, 18, 51, 54]]
[[2,6,11,22,32,117],[34, 35, 40, 16, 17, 50, 52, 18, 54]]
[[3,5,12,17,38,122],[34, 35, 40, 16, 17, 50, 18, 53, 54]]
[[2,6,8,18,52,66],[34, 35, 40, 16, 17, 52, 18, 51, 54]]
[[1,3,13,27,51,87],[34, 35, 40, 16, 17, 18, 51, 53, 54]]
[[3,7,6,15,58,100],[34, 35, 40, 16, 17, 52, 18, 53, 54]]
[[3,7,9,11,38,61],[34, 35, 16, 42, 49, 17, 43, 18, 44]]
[[2,6,14,18,47,78],[34, 35, 16, 42, 17, 43, 50, 18, 44]]
[[4,6,19,18,44,117],[34, 35, 16, 42, 17, 43, 18, 44, 51]]
[[2,6,2,14,32,66],[34, 35, 16, 42, 17, 43, 52, 18, 44]]
[[3,3,12,7,28,114],[34, 35, 16, 42, 17, 43, 18, 44, 53]]
[[3,7,6,19,48,94],[34, 35, 16, 42, 17, 43, 18, 44, 54]]
[[2,2,11,10,32,89],[34, 35, 16, 42, 49, 17, 43, 18, 51]]
[[1,3,7,15,61,51],[34, 35, 16, 42, 49, 17, 43, 18, 54]]
[[2,4,8,40,52,76],[34, 35, 16, 42, 17, 43, 50, 18, 54]]
[[3,7,9,11,48,61],[34, 35, 16, 42, 17, 43, 52, 18, 51]]
[[3,7,6,15,38,100],[34, 35, 16, 42, 17, 43, 18, 53, 54]]
[[3,3,3,11,33,93],[34, 35, 16, 42, 49, 17, 50, 18, 44]]
[[3,5,12,13,38,74],[34, 35, 16, 42, 49, 17, 18, 44, 51]]
[[3,5,9,9,53,107],[34, 35, 16, 42, 49, 17, 52, 18, 44]]
[[4,4,7,12,49,73],[34, 35, 16, 42, 49, 17, 18, 44, 53]]
[[2,2,5,22,47,23],[34, 35, 16, 42, 49, 17, 18, 44, 54]]
[[4,6,10,18,59,90],[34, 35, 16, 42, 17, 50, 18, 44, 51]]
[[2,4,8,12,47,58],[34, 35, 16, 42, 17, 50, 52, 18, 44]]
[[4,4,7,12,34,73],[34, 35, 16, 42, 17, 52, 18, 44, 51]]
[[3,3,9,35,38,81],[34, 35, 16, 42, 17, 18, 44, 51, 53]]
[[3,5,6,5,48,74],[34, 35, 16, 42, 17, 52, 18, 44, 53]]
[[3,5,18,21,28,98],[34, 35, 16, 42, 17, 52, 18, 44, 54]]
[[2,8,5,12,47,89],[34, 35, 16, 42, 17, 18, 44, 53, 54]]
[[2,8,5,20,37,83],[34, 35, 16, 42, 49, 17, 50, 18, 51]]
[[1,5,13,13,41,53],[34, 35, 16, 42, 49, 17, 50, 18, 54]]
[[2,6,17,26,27,93],[34, 35, 16, 42, 49, 17, 52, 18, 51]]
[[3,7,6,15,38,64],[34, 35, 16, 42, 49, 17, 18, 51, 53]]
[[3,3,12,11,38,102],[34, 35, 16, 42, 49, 17, 18, 51, 54]]
[[1,7,7,27,46,73],[34, 35, 16, 42, 49, 17, 52, 18, 54]]
[[4,10,13,30,34,55],[34, 35, 16, 42, 17, 50, 18, 51, 53]]
[[2,4,11,32,32,85],[34, 35, 16, 42, 17, 50, 52, 18, 54]]
[[2,4,20,28,27,100],[34, 35, 16, 42, 17, 52, 18, 51, 54]]
[[1,5,10,21,31,74],[34, 35, 16, 42, 17, 18, 51, 53, 54]]
[[3,3,3,11,43,69],[34, 35, 16, 42, 17, 52, 18, 53, 54]]
[[3,7,18,15,33,70],[34, 35, 16, 49, 17, 43, 50, 18, 44]]
[[3,5,12,13,43,116],[34, 35, 16, 49, 17, 43, 18, 44, 51]]
[[4,6,22,14,49,102],[34, 35, 16, 49, 17, 43, 18, 44, 53]]
[[2,4,8,28,47,46],[34, 35, 16, 17, 43, 50, 52, 18, 44]]
[[3,5,6,17,48,104],[34, 35, 16, 17, 43, 50, 18, 44, 53]]
[[4,4,16,12,59,118],[34, 35, 16, 17, 43, 52, 18, 44, 51]]
[[1,7,7,15,26,79],[34, 35, 16, 17, 43, 18, 44, 51, 54]]
[[3,7,12,19,38,106],[34, 35, 16, 17, 43, 52, 18, 44, 53]]
[[2,4,8,24,17,88],[34, 35, 16, 49, 17, 43, 50, 18, 51]]
[[1,1,10,17,36,64],[34, 35, 16, 49, 17, 43, 50, 18, 54]]
[[2,4,11,8,32,79],[34, 35, 16, 49, 17, 43, 52, 18, 51]]
[[3,5,21,29,38,83],[34, 35, 16, 49, 17, 43, 18, 51, 53]]
[[1,1,7,17,61,55],[34, 35, 16, 49, 17, 43, 52, 18, 54]]
[[3,7,12,39,38,58],[34, 35, 16, 17, 43, 50, 52, 18, 51]]
[[4,6,13,26,34,93],[34, 35, 16, 17, 43, 50, 18, 51, 53]]
[[2,4,14,20,17,76],[34, 35, 16, 17, 43, 50, 18, 51, 54]]
[[3,3,6,11,33,54],[34, 35, 16, 17, 43, 50, 18, 53, 54]]
[[4,8,7,28,49,77],[34, 35, 16, 17, 43, 52, 18, 51, 53]]
[[3,5,3,13,38,47],[34, 35, 16, 49, 17, 50, 18, 44, 51]]
[[3,5,15,17,38,125],[34, 35, 16, 49, 17, 50, 52, 18, 44]]
[[2,6,8,26,52,78],[34, 35, 16, 49, 17, 50, 18, 44, 54]]
[[2,6,5,22,47,81],[34, 35, 16, 49, 17, 18, 44, 51, 54]]
[[2,4,14,28,52,64],[34, 35, 16, 49, 17, 52, 18, 44, 54]]
[[1,5,10,17,76,56],[34, 35, 16, 49, 17, 18, 44, 53, 54]]
[[3,5,6,25,43,62],[34, 35, 16, 17, 50, 18, 44, 51, 53]]
[[1,3,7,15,56,57],[34, 35, 16, 17, 50, 18, 44, 51, 54]]
[[3,7,15,27,23,79],[34, 35, 16, 17, 50, 52, 18, 44, 53]]
[[3,7,12,19,48,82],[34, 35, 16, 17, 50, 52, 18, 44, 54]]
[[1,1,13,13,26,67],[34, 35, 16, 17, 52, 18, 44, 51, 54]]
[[2,6,8,14,47,90],[34, 35, 16, 17, 18, 44, 51, 53, 54]]
[[2,2,14,14,22,110],[34, 35, 16, 17, 52, 18, 44, 53, 54]]
[[2,4,8,40,57,70],[34, 35, 16, 49, 17, 50, 52, 18, 51]]
[[3,5,15,25,43,89],[34, 35, 16, 49, 17, 50, 18, 51, 53]]
[[3,5,18,17,23,104],[34, 35, 16, 49, 17, 50, 18, 51, 54]]
[[1,5,7,25,61,65],[34, 35, 16, 49, 17, 50, 52, 18, 54]]
[[2,6,8,10,47,66],[34, 35, 16, 49, 17, 50, 18, 53, 54]]
[[3,7,12,23,38,112],[34, 35, 16, 49, 17, 52, 18, 51, 54]]
[[2,6,17,22,32,87],[34, 35, 16, 49, 17, 18, 51, 53, 54]]
[[2,6,5,10,42,87],[34, 35, 16, 49, 17, 52, 18, 53, 54]]
[[4,10,10,26,39,88],[34, 35, 16, 17, 50, 52, 18, 51, 53]]
[[2,12,8,24,42,96],[34, 35, 16, 17, 50, 52, 18, 51, 54]]
[[1,5,4,17,11,80],[34, 35, 16, 17, 50, 18, 51, 53, 54]]
[[1,5,1,21,41,71],[34, 35, 16, 17, 52, 18, 51, 53, 54]]
[[3,9,9,13,48,81],[34, 40, 16, 37, 17, 38, 18, 39, 44]]
[[4,6,7,18,49,117],[34, 40, 16, 37, 17, 38, 18, 39, 51]]
[[3,5,6,29,33,50],[34, 16, 37, 42, 17, 38, 18, 39, 44]]
[[4,8,16,12,29,92],[34, 16, 37, 42, 17, 38, 18, 39, 51]]
[[3,3,15,7,38,117],[34, 16, 37, 42, 17, 38, 18, 39, 54]]
[[4,6,19,18,44,87],[34, 16, 37, 49, 17, 38, 18, 39, 44]]
[[3,3,15,11,43,123],[34, 16, 37, 17, 38, 18, 39, 44, 51]]
[[3,7,6,11,58,76],[34, 16, 37, 17, 38, 52, 18, 39, 44]]
[[2,8,8,24,52,80],[34, 16, 37, 17, 38, 18, 39, 44, 53]]
[[2,6,20,26,27,102],[34, 16, 37, 17, 38, 18, 39, 44, 54]]
[[3,5,9,13,48,101],[34, 16, 37, 49, 17, 38, 18, 39, 51]]
[[3,3,15,23,43,99],[34, 16, 37, 17, 38, 50, 18, 39, 54]]
[[1,3,7,15,51,57],[34, 16, 37, 17, 38, 18, 39, 51, 54]]
[[2,2,2,14,12,86],[34, 16, 37, 17, 38, 18, 39, 53, 54]]
[[3,7,9,23,43,43],[34, 40, 16, 37, 42, 17, 38, 18, 51]]
[[2,4,11,36,52,85],[34, 40, 16, 37, 42, 17, 38, 18, 54]]
[[3,9,12,25,48,60],[34, 40, 16, 37, 17, 38, 43, 18, 51]]
[[2,2,11,14,37,71],[34, 40, 16, 37, 17, 38, 43, 18, 54]]
[[3,7,27,27,23,79],[34, 40, 16, 37, 49, 17, 38, 18, 44]]
[[4,8,16,24,29,92],[34, 40, 16, 37, 17, 38, 50, 18, 44]]
[[4,8,10,20,69,80],[34, 40, 16, 37, 17, 38, 52, 18, 44]]
[[4,4,7,20,39,97],[34, 40, 16, 37, 49, 17, 38, 18, 51]]
[[2,4,11,12,27,55],[34, 40, 16, 37, 17, 38, 50, 18, 54]]
[[3,7,12,31,33,64],[34, 40, 16, 37, 17, 38, 52, 18, 51]]
[[4,10,19,22,34,61],[34, 40, 16, 37, 17, 38, 18, 51, 53]]
[[3,7,9,19,23,67],[34, 16, 37, 42, 49, 17, 38, 18, 44]]
[[5,7,11,27,50,49],[34, 16, 37, 42, 17, 38, 18, 44, 53]]
[[4,6,13,14,44,75],[34, 16, 37, 42, 49, 17, 38, 18, 51]]
[[3,5,9,17,48,53],[34, 16, 37, 42, 49, 17, 38, 18, 54]]
[[3,5,9,9,38,65],[34, 16, 37, 42, 17, 38, 50, 18, 51]]
[[2,8,8,20,32,104],[34, 16, 37, 42, 17, 38, 50, 18, 54]]
[[3,7,15,19,18,109],[34, 16, 37, 42, 17, 38, 52, 18, 51]]
[[4,6,10,18,59,90],[34, 16, 37, 42, 17, 38, 18, 51, 53]]
[[4,10,10,22,39,46],[34, 16, 37, 42, 17, 38, 18, 51, 54]]
[[2,6,11,30,52,81],[34, 16, 37, 42, 17, 38, 52, 18, 54]]
[[3,9,12,21,43,102],[34, 16, 37, 42, 17, 38, 18, 53, 54]]
[[4,6,10,18,54,96],[34, 16, 37, 17, 38, 43, 50, 18, 44]]
[[4,6,22,10,44,102],[34, 16, 37, 49, 17, 38, 43, 18, 51]]
[[3,3,9,19,33,81],[34, 16, 37, 17, 38, 43, 50, 18, 51]]
[[2,2,11,26,37,101],[34, 16, 37, 17, 38, 43, 50, 18, 54]]
[[3,3,12,27,48,66],[34, 16, 37, 17, 38, 43, 52, 18, 51]]
[[4,12,7,20,59,75],[34, 16, 37, 17, 38, 43, 18, 51, 54]]
[[2,2,11,6,27,83],[34, 16, 37, 17, 38, 43, 52, 18, 54]]
[[3,7,15,27,33,121],[34, 16, 37, 49, 17, 38, 50, 18, 44]]
[[5,7,5,27,65,61],[34, 16, 37, 49, 17, 38, 18, 44, 51]]
[[3,9,9,29,33,39],[34, 16, 37, 49, 17, 38, 52, 18, 44]]
[[4,8,10,24,44,62],[34, 16, 37, 17, 38, 50, 52, 18, 44]]
[[5,5,17,13,65,95],[34, 16, 37, 17, 38, 50, 18, 44, 53]]
[[4,6,10,18,44,84],[34, 16, 37, 17, 38, 52, 18, 44, 51]]
[[3,5,12,37,38,62],[34, 16, 37, 17, 38, 18, 44, 51, 53]]
[[2,4,14,16,27,88],[34, 16, 37, 17, 38, 18, 44, 53, 54]]
[[3,7,15,35,33,85],[34, 16, 37, 49, 17, 38, 50, 18, 54]]
[[4,6,13,22,44,51],[34, 16, 37, 49, 17, 38, 52, 18, 51]]
[[2,6,8,26,42,54],[34, 16, 37, 17, 38, 50, 52, 18, 54]]
[[3,5,18,25,43,86],[34, 16, 37, 17, 38, 50, 18, 53, 54]]
[[4,6,7,26,44,99],[34, 16, 37, 17, 38, 52, 18, 51, 53]]
[[4,8,10,20,69,80],[34, 40, 16, 37, 42, 17, 18, 39, 54]]
[[4,10,19,22,34,61],[34, 40, 16, 37, 17, 43, 18, 39, 54]]
[[4,6,19,18,44,117],[34, 40, 16, 37, 17, 50, 18, 39, 44]]
[[4,4,19,4,49,103],[34, 40, 16, 37, 17, 52, 18, 39, 44]]
[[3,7,9,35,43,85],[34, 40, 16, 37, 17, 18, 39, 44, 53]]
[[3,7,6,7,58,64],[34, 40, 16, 37, 17, 18, 39, 44, 54]]
[[4,8,16,32,34,56],[34, 40, 16, 37, 49, 17, 18, 39, 51]]
[[4,8,13,28,34,77],[34, 40, 16, 37, 17, 18, 39, 51, 53]]
[[2,6,11,30,37,75],[34, 40, 16, 37, 17, 18, 39, 51, 54]]
[[4,8,7,20,44,95],[34, 16, 37, 42, 17, 43, 18, 39, 44]]
[[3,3,12,7,33,120],[34, 16, 37, 42, 17, 18, 39, 44, 53]]
[[3,11,6,31,48,98],[34, 16, 37, 42, 17, 18, 39, 44, 54]]
[[3,9,6,17,68,108],[34, 16, 37, 42, 49, 17, 18, 39, 54]]
[[5,9,11,25,50,51],[34, 16, 37, 42, 17, 50, 18, 39, 51]]
[[4,10,13,18,24,103],[34, 16, 37, 42, 17, 18, 39, 51, 53]]
[[2,4,14,20,37,52],[34, 16, 37, 42, 17, 18, 39, 51, 54]]
[[4,6,7,14,69,81],[34, 16, 37, 42, 17, 52, 18, 39, 54]]
[[3,3,6,19,53,54],[34, 16, 37, 42, 17, 18, 39, 53, 54]]
[[4,4,10,28,44,70],[34, 16, 37, 17, 43, 18, 39, 44, 51]]
[[4,8,7,20,54,71],[34, 16, 37, 49, 17, 43, 18, 39, 51]]
[[3,5,12,21,33,74],[34, 16, 37, 49, 17, 43, 18, 39, 54]]
[[4,6,16,14,44,96],[34, 16, 37, 17, 43, 18, 39, 51, 53]]
[[2,6,5,14,27,69],[34, 16, 37, 17, 43, 18, 39, 51, 54]]
[[4,6,7,26,44,99],[34, 16, 37, 17, 43, 52, 18, 39, 54]]
[[5,5,8,25,55,86],[34, 16, 37, 49, 17, 50, 18, 39, 44]]
[[3,5,12,17,43,122],[34, 16, 37, 49, 17, 18, 39, 44, 51]]
[[5,9,11,25,55,69],[34, 16, 37, 49, 17, 52, 18, 39, 44]]
[[4,6,10,26,44,120],[34, 16, 37, 49, 17, 18, 39, 44, 53]]
[[2,2,5,26,42,59],[34, 16, 37, 49, 17, 18, 39, 44, 54]]
[[4,8,13,20,49,77],[34, 16, 37, 17, 50, 18, 39, 44, 51]]
[[4,6,13,14,44,75],[34, 16, 37, 17, 50, 52, 18, 39, 44]]
[[3,9,6,25,43,66],[34, 16, 37, 17, 50, 18, 39, 44, 53]]
[[3,5,12,29,43,56],[34, 16, 37, 17, 50, 18, 39, 44, 54]]
[[4,8,13,40,24,53],[34, 16, 37, 17, 52, 18, 39, 44, 51]]
[[5,5,17,17,65,95],[34, 16, 37, 17, 18, 39, 44, 51, 53]]
[[3,5,6,9,53,74],[34, 16, 37, 17, 18, 39, 44, 51, 54]]
[[4,6,10,18,44,84],[34, 16, 37, 17, 18, 39, 44, 53, 54]]
[[4,10,10,30,34,82],[34, 16, 37, 49, 17, 52, 18, 39, 51]]
[[3,5,6,17,33,110],[34, 16, 37, 49, 17, 18, 39, 51, 53]]
[[3,7,6,27,38,112],[34, 16, 37, 17, 50, 18, 39, 53, 54]]
[[4,4,13,12,59,121],[34, 16, 37, 17, 52, 18, 39, 51, 53]]
[[2,4,5,16,42,49],[34, 16, 37, 17, 52, 18, 39, 51, 54]]
[[3,7,12,35,38,94],[34, 16, 37, 17, 18, 39, 51, 53, 54]]
[[3,7,12,27,38,64],[34, 40, 16, 37, 42, 17, 43, 18, 44]]
[[2,8,11,24,17,77],[34, 40, 16, 37, 42, 17, 43, 18, 51]]
[[1,3,13,31,51,105],[34, 40, 16, 37, 42, 17, 43, 18, 54]]
[[2,2,11,14,27,59],[34, 40, 16, 37, 42, 49, 17, 18, 44]]
[[3,9,12,29,33,72],[34, 40, 16, 37, 42, 17, 52, 18, 44]]
[[2,4,8,12,37,46],[34, 40, 16, 37, 42, 17, 18, 44, 54]]
[[2,6,8,34,42,72],[34, 40, 16, 37, 42, 49, 17, 18, 54]]
[[2,4,8,8,27,76],[34, 40, 16, 37, 42, 17, 50, 18, 51]]
[[1,7,13,27,26,61],[34, 40, 16, 37, 42, 17, 52, 18, 54]]
[[2,4,5,32,42,49],[34, 40, 16, 37, 42, 17, 18, 53, 54]]
[[3,5,6,9,43,86],[34, 40, 16, 37, 17, 43, 50, 18, 44]]
[[3,9,6,9,83,90],[34, 40, 16, 37, 17, 43, 18, 44, 51]]
[[3,3,12,15,38,120],[34, 40, 16, 37, 17, 43, 52, 18, 44]]
[[4,6,16,42,34,48],[34, 40, 16, 37, 17, 43, 18, 44, 53]]
[[2,8,11,28,47,59],[34, 40, 16, 37, 17, 43, 18, 44, 54]]
[[2,8,11,12,47,53],[34, 40, 16, 37, 49, 17, 43, 18, 54]]
[[2,4,20,20,32,58],[34, 40, 16, 37, 17, 43, 50, 18, 51]]
[[2,6,5,22,27,87],[34, 40, 16, 37, 17, 43, 52, 18, 51]]
[[1,5,10,9,36,56],[34, 40, 16, 37, 17, 43, 52, 18, 54]]
[[2,2,14,22,42,86],[34, 40, 16, 37, 17, 43, 18, 53, 54]]
[[2,2,11,6,12,107],[34, 40, 16, 37, 49, 17, 50, 18, 44]]
[[2,2,23,18,37,83],[34, 40, 16, 37, 49, 17, 52, 18, 44]]
[[3,3,27,19,53,69],[34, 40, 16, 37, 49, 17, 18, 44, 53]]
[[3,7,12,15,53,94],[34, 40, 16, 37, 49, 17, 18, 44, 54]]
[[3,3,3,27,18,75],[34, 40, 16, 37, 17, 50, 18, 44, 51]]
[[3,3,6,15,33,72],[34, 40, 16, 37, 17, 50, 52, 18, 44]]
[[3,3,9,23,33,75],[34, 40, 16, 37, 17, 52, 18, 44, 51]]
[[2,4,8,8,47,70],[34, 40, 16, 37, 17, 18, 44, 51, 53]]
[[2,8,8,24,22,86],[34, 40, 16, 37, 17, 18, 44, 51, 54]]
[[4,4,10,8,39,82],[34, 40, 16, 37, 17, 52, 18, 44, 53]]
[[2,6,11,26,22,99],[34, 40, 16, 37, 17, 52, 18, 44, 54]]
[[1,7,7,23,36,79],[34, 40, 16, 37, 17, 18, 44, 53, 54]]
[[3,9,12,45,33,54],[34, 40, 16, 37, 49, 17, 50, 18, 51]]
[[4,4,19,12,54,103],[34, 40, 16, 37, 49, 17, 18, 51, 53]]
[[2,2,20,18,32,86],[34, 40, 16, 37, 49, 17, 18, 51, 54]]
[[2,8,11,16,42,47],[34, 40, 16, 37, 49, 17, 52, 18, 54]]
[[2,8,5,20,27,83],[34, 40, 16, 37, 17, 50, 52, 18, 51]]
[[3,5,15,25,38,71],[34, 40, 16, 37, 17, 50, 18, 51, 53]]
[[1,3,10,15,41,60],[34, 40, 16, 37, 17, 50, 52, 18, 54]]
[[3,7,6,19,38,82],[34, 40, 16, 37, 17, 52, 18, 51, 53]]
[[2,6,14,22,27,96],[34, 40, 16, 37, 17, 18, 51, 53, 54]]
[[2,2,8,18,37,80],[34, 40, 16, 37, 17, 52, 18, 53, 54]]
[[2,2,8,6,17,98],[34, 16, 37, 42, 49, 17, 43, 18, 44]]
[[3,11,12,35,43,44],[34, 16, 37, 42, 17, 43, 18, 44, 51]]
[[3,3,6,23,33,66],[34, 16, 37, 42, 17, 43, 52, 18, 44]]
[[3,5,12,9,28,56],[34, 16, 37, 42, 49, 17, 43, 18, 51]]
[[2,6,8,26,32,66],[34, 16, 37, 42, 49, 17, 43, 18, 54]]
[[2,4,5,28,32,73],[34, 16, 37, 42, 17, 43, 50, 18, 51]]
[[1,9,13,33,36,81],[34, 16, 37, 42, 17, 43, 50, 18, 54]]
[[2,4,14,16,22,124],[34, 16, 37, 42, 17, 43, 52, 18, 51]]
[[1,5,7,9,31,59],[34, 16, 37, 42, 17, 43, 52, 18, 54]]
[[2,4,17,32,52,85],[34, 16, 37, 42, 49, 17, 50, 18, 44]]
[[2,6,5,18,7,87],[34, 16, 37, 42, 49, 17, 52, 18, 44]]
[[3,11,12,39,33,44],[34, 16, 37, 42, 49, 17, 18, 44, 54]]
[[3,5,15,17,33,65],[34, 16, 37, 42, 17, 50, 18, 44, 51]]
[[4,6,25,10,39,93],[34, 16, 37, 42, 17, 50, 18, 44, 53]]
[[2,6,8,6,52,90],[34, 16, 37, 42, 17, 50, 18, 44, 54]]
[[2,8,11,20,37,107],[34, 16, 37, 42, 17, 18, 44, 51, 53]]
[[2,4,8,24,37,88],[34, 16, 37, 42, 17, 52, 18, 44, 54]]
[[1,1,4,17,46,52],[34, 16, 37, 42, 17, 18, 44, 53, 54]]
[[3,9,12,37,33,60],[34, 16, 37, 42, 49, 17, 50, 18, 51]]
[[2,6,14,18,47,72],[34, 16, 37, 42, 49, 17, 50, 18, 54]]
[[3,7,12,27,58,58],[34, 16, 37, 42, 49, 17, 52, 18, 51]]
[[2,4,8,16,12,100],[34, 16, 37, 42, 49, 17, 52, 18, 54]]
[[3,7,6,15,18,76],[34, 16, 37, 42, 49, 17, 18, 53, 54]]
[[2,6,8,18,22,72],[34, 16, 37, 42, 17, 50, 52, 18, 51]]
[[3,5,9,9,53,107],[34, 16, 37, 42, 17, 50, 18, 51, 54]]
[[1,7,4,43,61,76],[34, 16, 37, 42, 17, 50, 52, 18, 54]]
[[2,4,11,16,22,109],[34, 16, 37, 42, 17, 50, 18, 53, 54]]
[[3,3,9,19,33,81],[34, 16, 37, 42, 17, 52, 18, 51, 54]]
[[2,4,8,20,27,82],[34, 16, 37, 42, 17, 52, 18, 53, 54]]
[[2,10,11,18,32,73],[34, 16, 37, 49, 17, 43, 50, 18, 44]]
[[4,4,7,32,34,85],[34, 16, 37, 49, 17, 43, 18, 44, 51]]
[[2,6,5,34,42,75],[34, 16, 37, 49, 17, 43, 52, 18, 44]]
[[3,5,9,17,43,113],[34, 16, 37, 49, 17, 43, 18, 44, 54]]
[[3,5,12,21,48,62],[34, 16, 37, 17, 43, 50, 52, 18, 44]]
[[2,6,11,22,27,39],[34, 16, 37, 17, 43, 50, 18, 44, 54]]
[[3,5,12,33,33,98],[34, 16, 37, 17, 43, 52, 18, 44, 51]]
[[2,6,5,22,47,75],[34, 16, 37, 17, 43, 18, 44, 51, 53]]
[[4,6,4,18,54,48],[34, 16, 37, 17, 43, 52, 18, 44, 53]]
[[2,6,8,22,32,78],[34, 16, 37, 17, 43, 52, 18, 44, 54]]
[[1,3,7,19,21,81],[34, 16, 37, 17, 43, 18, 44, 53, 54]]
[[3,7,9,15,63,61],[34, 16, 37, 49, 17, 43, 50, 18, 51]]
[[4,6,25,18,44,69],[34, 16, 37, 49, 17, 43, 18, 51, 53]]
[[2,6,8,14,32,78],[34, 16, 37, 49, 17, 43, 18, 51, 54]]
[[2,8,5,28,27,95],[34, 16, 37, 17, 43, 50, 52, 18, 51]]
[[3,5,6,13,53,86],[34, 16, 37, 17, 43, 50, 18, 51, 54]]
[[1,5,4,13,46,62],[34, 16, 37, 17, 43, 50, 52, 18, 54]]
[[2,2,8,26,62,50],[34, 16, 37, 17, 43, 50, 18, 53, 54]]
[[3,7,9,15,33,67],[34, 16, 37, 17, 43, 52, 18, 51, 53]]
[[2,4,8,12,27,112],[34, 16, 37, 17, 43, 18, 51, 53, 54]]
[[4,10,4,22,49,82],[34, 16, 37, 49, 17, 50, 18, 44, 51]]
[[3,11,12,15,28,68],[34, 16, 37, 49, 17, 50, 18, 44, 53]]
[[4,12,10,32,34,84],[34, 16, 37, 49, 17, 52, 18, 44, 51]]
[[3,7,12,35,28,76],[34, 16, 37, 49, 17, 18, 44, 51, 53]]
[[1,3,13,15,41,45],[34, 16, 37, 49, 17, 18, 44, 51, 54]]
[[3,5,15,25,43,53],[34, 16, 37, 49, 17, 52, 18, 44, 54]]
[[2,4,8,8,42,52],[34, 16, 37, 49, 17, 18, 44, 53, 54]]
[[3,9,12,21,48,96],[34, 16, 37, 17, 50, 52, 18, 44, 51]]
[[2,6,8,6,32,78],[34, 16, 37, 17, 50, 18, 44, 51, 53]]
[[2,10,14,14,42,88],[34, 16, 37, 17, 50, 18, 44, 51, 54]]
[[4,8,16,20,39,104],[34, 16, 37, 17, 50, 52, 18, 44, 53]]
[[1,3,4,11,26,60],[34, 16, 37, 17, 50, 18, 44, 53, 54]]
[[2,4,8,20,37,70],[34, 16, 37, 17, 52, 18, 44, 51, 54]]
[[3,7,6,7,43,34],[34, 16, 37, 17, 18, 44, 51, 53, 54]]
[[1,3,19,27,26,81],[34, 16, 37, 17, 52, 18, 44, 53, 54]]
[[3,5,9,21,43,77],[34, 16, 37, 49, 17, 50, 52, 18, 51]]
[[4,8,13,36,19,65],[34, 16, 37, 49, 17, 52, 18, 51, 53]]
[[2,8,5,40,37,71],[34, 16, 37, 49, 17, 52, 18, 51, 54]]
[[1,5,10,29,76,80],[34, 16, 37, 49, 17, 18, 51, 53, 54]]
[[3,3,6,15,28,84],[34, 16, 37, 17, 50, 52, 18, 51, 53]]
[[2,6,14,22,22,90],[34, 16, 37, 17, 52, 18, 51, 53, 54]]
[[5,7,11,27,50,49],[34, 40, 16, 42, 17, 38, 18, 39, 44]]
[[4,6,10,18,59,90],[34, 40, 16, 42, 17, 38, 18, 39, 51]]
[[3,9,12,21,43,102],[34, 40, 16, 42, 17, 38, 18, 39, 54]]
[[5,5,17,13,65,95],[34, 40, 16, 17, 38, 50, 18, 39, 44]]
[[3,5,12,37,38,62],[34, 40, 16, 17, 38, 18, 39, 44, 51]]
[[4,6,7,14,69,81],[34, 40, 16, 17, 38, 18, 39, 44, 53]]
[[2,4,14,16,27,88],[34, 40, 16, 17, 38, 18, 39, 44, 54]]
[[3,5,18,25,43,86],[34, 40, 16, 17, 38, 50, 18, 39, 54]]
[[4,6,7,26,44,99],[34, 40, 16, 17, 38, 52, 18, 39, 51]]
[[3,5,9,13,33,125],[34, 40, 16, 17, 38, 18, 39, 51, 53]]
[[5,9,11,25,50,51],[34, 16, 42, 17, 38, 43, 18, 39, 44]]
[[3,7,12,31,38,94],[34, 16, 42, 17, 38, 43, 18, 39, 54]]
[[4,6,16,26,44,102],[34, 16, 42, 49, 17, 38, 18, 39, 44]]
[[5,9,20,17,40,90],[34, 16, 42, 17, 38, 52, 18, 39, 44]]
[[2,12,8,32,52,78],[34, 16, 42, 17, 38, 18, 39, 44, 54]]
[[4,4,10,8,39,82],[34, 16, 42, 49, 17, 38, 18, 39, 54]]
[[3,3,9,15,28,117],[34, 16, 42, 17, 38, 50, 18, 39, 54]]
[[4,8,10,16,44,98],[34, 16, 42, 17, 38, 52, 18, 39, 51]]
[[3,7,9,23,43,43],[34, 16, 42, 17, 38, 18, 39, 51, 53]]
[[3,7,6,15,63,94],[34, 16, 42, 17, 38, 18, 39, 51, 54]]
[[3,5,6,33,23,86],[34, 16, 42, 17, 38, 52, 18, 39, 54]]
[[2,4,11,36,52,85],[34, 16, 42, 17, 38, 18, 39, 53, 54]]
[[5,7,8,27,60,70],[34, 16, 17, 38, 43, 50, 18, 39, 44]]
[[3,3,9,27,38,57],[34, 16, 17, 38, 43, 18, 39, 44, 51]]
[[4,10,16,22,34,70],[34, 16, 49, 17, 38, 43, 18, 39, 54]]
[[4,10,10,30,49,58],[34, 16, 17, 38, 43, 50, 18, 39, 51]]
[[3,7,9,43,33,67],[34, 16, 17, 38, 43, 50, 18, 39, 54]]
[[3,9,12,25,48,60],[34, 16, 17, 38, 43, 18, 39, 51, 53]]
[[3,3,18,15,43,108],[34, 16, 17, 38, 43, 52, 18, 39, 54]]
[[2,2,11,14,37,71],[34, 16, 17, 38, 43, 18, 39, 53, 54]]
[[4,6,22,14,44,102],[34, 16, 49, 17, 38, 50, 18, 39, 44]]
[[4,8,7,28,44,77],[34, 16, 49, 17, 38, 18, 39, 44, 51]]
[[4,8,16,24,39,80],[34, 16, 49, 17, 38, 52, 18, 39, 44]]
[[3,7,27,27,23,79],[34, 16, 49, 17, 38, 18, 39, 44, 53]]
[[3,5,15,33,38,101],[34, 16, 49, 17, 38, 18, 39, 44, 54]]
[[3,5,9,25,33,65],[34, 16, 17, 38, 50, 18, 39, 44, 51]]
[[5,7,11,19,45,103],[34, 16, 17, 38, 50, 52, 18, 39, 44]]
[[4,8,16,24,29,92],[34, 16, 17, 38, 50, 18, 39, 44, 53]]
[[2,6,14,18,27,48],[34, 16, 17, 38, 50, 18, 39, 44, 54]]
[[4,8,10,20,69,80],[34, 16, 17, 38, 52, 18, 39, 44, 53]]
[[4,4,7,20,39,97],[34, 16, 49, 17, 38, 18, 39, 51, 53]]
[[2,4,14,28,47,94],[34, 16, 49, 17, 38, 18, 39, 51, 54]]
[[3,5,15,17,38,125],[34, 16, 17, 38, 50, 52, 18, 39, 54]]
[[2,4,11,12,27,55],[34, 16, 17, 38, 50, 18, 39, 53, 54]]
[[3,7,12,31,33,64],[34, 16, 17, 38, 52, 18, 39, 51, 53]]
[[2,2,5,18,27,65],[34, 40, 16, 42, 17, 38, 43, 18, 44]]
[[3,13,9,33,28,49],[34, 40, 16, 42, 17, 38, 43, 18, 51]]
[[2,4,5,16,37,67],[34, 40, 16, 42, 17, 38, 43, 18, 54]]
[[3,5,6,33,38,92],[34, 40, 16, 42, 49, 17, 38, 18, 44]]
[[2,6,8,10,37,90],[34, 40, 16, 42, 17, 38, 50, 18, 44]]
[[2,4,14,16,22,94],[34, 40, 16, 42, 17, 38, 52, 18, 44]]
[[3,5,6,29,33,50],[34, 40, 16, 42, 17, 38, 18, 44, 53]]
[[3,7,12,35,28,76],[34, 40, 16, 42, 17, 38, 18, 44, 54]]
[[2,4,8,20,42,34],[34, 40, 16, 42, 49, 17, 38, 18, 51]]
[[1,7,7,15,26,97],[34, 40, 16, 42, 49, 17, 38, 18, 54]]
[[3,7,15,27,33,121],[34, 40, 16, 42, 17, 38, 50, 18, 51]]
[[2,6,11,26,17,81],[34, 40, 16, 42, 17, 38, 50, 18, 54]]
[[3,5,15,29,38,65],[34, 40, 16, 42, 17, 38, 52, 18, 51]]
[[4,8,16,12,29,92],[34, 40, 16, 42, 17, 38, 18, 51, 53]]
[[2,4,8,16,37,70],[34, 40, 16, 42, 17, 38, 18, 51, 54]]
[[2,4,11,24,37,85],[34, 40, 16, 42, 17, 38, 52, 18, 54]]
[[3,3,15,7,38,117],[34, 40, 16, 42, 17, 38, 18, 53, 54]]
[[3,5,3,9,58,65],[34, 40, 16, 49, 17, 38, 43, 18, 44]]
[[2,4,8,12,47,40],[34, 40, 16, 17, 38, 43, 50, 18, 44]]
[[3,9,9,17,38,81],[34, 40, 16, 17, 38, 43, 18, 44, 54]]
[[2,4,5,16,27,67],[34, 40, 16, 49, 17, 38, 43, 18, 51]]
[[1,3,4,11,11,72],[34, 40, 16, 49, 17, 38, 43, 18, 54]]
[[3,5,15,25,43,95],[34, 40, 16, 17, 38, 43, 50, 18, 51]]
[[2,6,14,18,27,66],[34, 40, 16, 17, 38, 43, 18, 51, 54]]
[[2,8,2,16,27,80],[34, 40, 16, 17, 38, 43, 52, 18, 54]]
[[3,5,24,17,33,80],[34, 40, 16, 49, 17, 38, 50, 18, 44]]
[[3,9,9,25,48,99],[34, 40, 16, 49, 17, 38, 18, 44, 51]]
[[3,3,9,11,38,81],[34, 40, 16, 49, 17, 38, 52, 18, 44]]
[[4,6,19,18,44,87],[34, 40, 16, 49, 17, 38, 18, 44, 53]]
[[3,5,15,25,38,59],[34, 40, 16, 17, 38, 50, 18, 44, 54]]
[[4,4,4,20,49,70],[34, 40, 16, 17, 38, 52, 18, 44, 51]]
[[3,3,15,11,43,123],[34, 40, 16, 17, 38, 18, 44, 51, 53]]
[[1,5,4,21,46,68],[34, 40, 16, 17, 38, 18, 44, 51, 54]]
[[3,7,6,11,58,76],[34, 40, 16, 17, 38, 52, 18, 44, 53]]
[[2,6,20,26,27,102],[34, 40, 16, 17, 38, 18, 44, 53, 54]]
[[2,6,17,22,27,87],[34, 40, 16, 49, 17, 38, 50, 18, 51]]
[[1,1,4,21,41,64],[34, 40, 16, 49, 17, 38, 50, 18, 54]]
[[2,8,8,32,42,92],[34, 40, 16, 49, 17, 38, 52, 18, 51]]
[[3,5,9,13,48,101],[34, 40, 16, 49, 17, 38, 18, 51, 53]]
[[1,3,10,15,41,60],[34, 40, 16, 49, 17, 38, 52, 18, 54]]
[[3,9,6,21,63,96],[34, 40, 16, 17, 38, 50, 52, 18, 51]]
[[3,3,15,23,43,99],[34, 40, 16, 17, 38, 50, 18, 53, 54]]
[[1,3,7,15,51,57],[34, 40, 16, 17, 38, 18, 51, 53, 54]]
[[3,7,6,7,43,34],[34, 16, 42, 49, 17, 38, 43, 18, 44]]
[[2,2,2,6,22,62],[34, 16, 42, 17, 38, 43, 50, 18, 44]]
[[2,4,11,16,17,79],[34, 16, 42, 17, 38, 43, 52, 18, 44]]
[[3,9,12,29,43,60],[34, 16, 42, 17, 38, 43, 18, 44, 53]]
[[3,5,15,21,43,71],[34, 16, 42, 17, 38, 43, 18, 44, 54]]
[[2,4,11,32,52,67],[34, 16, 42, 49, 17, 38, 43, 18, 51]]
[[1,5,1,25,41,65],[34, 16, 42, 49, 17, 38, 43, 18, 54]]
[[3,5,12,17,48,116],[34, 16, 42, 17, 38, 43, 50, 18, 51]]
[[2,6,5,46,47,57],[34, 16, 42, 17, 38, 43, 50, 18, 54]]
[[3,3,6,19,43,60],[34, 16, 42, 17, 38, 43, 52, 18, 51]]
[[4,6,10,34,29,60],[34, 16, 42, 17, 38, 43, 18, 51, 53]]
[[2,4,11,20,22,121],[34, 16, 42, 17, 38, 43, 52, 18, 54]]
[[3,7,9,31,28,115],[34, 16, 42, 17, 38, 43, 18, 53, 54]]
[[3,3,9,15,43,75],[34, 16, 42, 49, 17, 38, 18, 44, 51]]
[[3,7,6,15,63,76],[34, 16, 42, 49, 17, 38, 52, 18, 44]]
[[2,4,8,28,52,52],[34, 16, 42, 49, 17, 38, 18, 44, 54]]
[[2,6,8,18,57,42],[34, 16, 42, 17, 38, 50, 52, 18, 44]]
[[3,7,12,39,43,64],[34, 16, 42, 17, 38, 18, 44, 51, 53]]
[[1,5,10,13,26,86],[34, 16, 42, 17, 38, 18, 44, 51, 54]]
[[3,5,9,13,28,101],[34, 16, 42, 17, 38, 52, 18, 44, 53]]
[[3,5,6,13,53,86],[34, 16, 42, 17, 38, 52, 18, 44, 54]]
[[2,6,5,18,32,105],[34, 16, 42, 49, 17, 38, 50, 18, 51]]
[[1,7,10,23,61,76],[34, 16, 42, 49, 17, 38, 50, 18, 54]]
[[2,6,11,22,27,105],[34, 16, 42, 49, 17, 38, 52, 18, 51]]
[[3,7,6,11,53,88],[34, 16, 42, 49, 17, 38, 18, 51, 53]]
[[3,7,15,31,33,109],[34, 16, 42, 49, 17, 38, 18, 51, 54]]
[[2,4,5,16,17,109],[34, 16, 42, 49, 17, 38, 18, 53, 54]]
[[3,7,9,27,38,61],[34, 16, 42, 17, 38, 50, 52, 18, 51]]
[[2,6,8,18,52,66],[34, 16, 42, 17, 38, 50, 18, 51, 54]]
[[2,4,8,20,32,88],[34, 16, 42, 17, 38, 50, 52, 18, 54]]
[[3,3,21,11,38,81],[34, 16, 42, 17, 38, 50, 18, 53, 54]]
[[4,4,4,16,39,76],[34, 16, 42, 17, 38, 52, 18, 51, 53]]
[[2,2,17,18,42,95],[34, 16, 42, 17, 38, 52, 18, 51, 54]]
[[1,7,7,7,46,73],[34, 16, 42, 17, 38, 18, 51, 53, 54]]
[[3,7,12,23,48,88],[34, 16, 49, 17, 38, 43, 50, 18, 44]]
[[3,9,9,17,38,81],[34, 16, 49, 17, 38, 43, 52, 18, 44]]
[[4,10,4,18,64,70],[34, 16, 17, 38, 43, 50, 18, 44, 51]]
[[2,6,23,30,27,81],[34, 16, 17, 38, 43, 50, 52, 18, 44]]
[[3,7,15,15,38,103],[34, 16, 17, 38, 43, 50, 18, 44, 53]]
[[3,11,6,35,28,68],[34, 16, 17, 38, 43, 50, 18, 44, 54]]
[[1,3,13,27,26,105],[34, 16, 17, 38, 43, 18, 44, 51, 54]]
[[3,5,3,9,58,65],[34, 16, 17, 38, 43, 52, 18, 44, 54]]
[[2,4,11,24,42,79],[34, 16, 17, 38, 43, 18, 44, 53, 54]]
[[2,6,11,18,27,111],[34, 16, 49, 17, 38, 43, 50, 18, 51]]
[[1,3,4,11,46,42],[34, 16, 49, 17, 38, 43, 50, 18, 54]]
[[2,8,11,28,37,71],[34, 16, 49, 17, 38, 43, 52, 18, 51]]
[[1,5,13,9,41,71],[34, 16, 49, 17, 38, 43, 52, 18, 54]]
[[2,2,11,14,37,71],[34, 16, 49, 17, 38, 43, 18, 53, 54]]
[[3,7,9,31,48,49],[34, 16, 17, 38, 43, 50, 52, 18, 51]]
[[2,4,2,28,37,40],[34, 16, 17, 38, 43, 50, 18, 51, 54]]
[[3,7,9,31,33,61],[34, 16, 17, 38, 43, 50, 18, 53, 54]]
[[2,2,2,14,37,44],[34, 16, 17, 38, 43, 52, 18, 51, 54]]
[[3,3,3,7,43,63],[34, 16, 49, 17, 38, 50, 52, 18, 44]]
[[4,10,10,26,34,64],[34, 16, 49, 17, 38, 50, 18, 44, 53]]
[[2,8,8,20,37,74],[34, 16, 49, 17, 38, 50, 18, 44, 54]]
[[3,7,6,27,48,70],[34, 16, 49, 17, 38, 52, 18, 44, 51]]
[[2,4,8,16,57,28],[34, 16, 49, 17, 38, 18, 44, 51, 53]]
[[4,8,7,20,64,83],[34, 16, 49, 17, 38, 52, 18, 44, 53]]
[[1,5,10,17,46,50],[34, 16, 49, 17, 38, 18, 44, 53, 54]]
[[3,5,15,17,43,113],[34, 16, 17, 38, 50, 18, 44, 51, 53]]
[[1,3,4,15,51,48],[34, 16, 17, 38, 50, 18, 44, 51, 54]]
[[3,7,15,19,43,85],[34, 16, 17, 38, 50, 52, 18, 44, 53]]
[[3,3,12,15,33,60],[34, 16, 17, 38, 50, 52, 18, 44, 54]]
[[1,3,7,15,41,63],[34, 16, 17, 38, 52, 18, 44, 51, 54]]
[[2,4,8,12,22,118],[34, 16, 17, 38, 52, 18, 44, 53, 54]]
[[2,8,11,28,42,95],[34, 16, 49, 17, 38, 50, 52, 18, 51]]
[[3,9,6,41,28,54],[34, 16, 49, 17, 38, 50, 18, 51, 54]]
[[2,6,17,26,37,93],[34, 16, 49, 17, 38, 50, 18, 53, 54]]
[[3,7,15,31,33,61],[34, 16, 49, 17, 38, 52, 18, 51, 53]]
[[2,6,17,26,7,111],[34, 16, 17, 38, 50, 52, 18, 51, 54]]
[[1,3,4,11,36,54],[34, 16, 17, 38, 50, 18, 51, 53, 54]]
[[3,9,12,21,48,102],[34, 16, 17, 38, 50, 52, 18, 53, 54]]
[[1,9,7,29,36,93],[34, 16, 17, 38, 52, 18, 51, 53, 54]]
[[4,6,25,10,39,93],[34, 40, 16, 42, 17, 50, 18, 39, 44]]
[[2,8,11,20,37,107],[34, 40, 16, 42, 17, 18, 39, 44, 51]]
[[3,5,6,25,38,38],[34, 40, 16, 42, 17, 18, 39, 44, 53]]
[[1,1,4,17,46,52],[34, 40, 16, 42, 17, 18, 39, 44, 54]]
[[3,7,6,15,18,76],[34, 40, 16, 42, 49, 17, 18, 39, 54]]
[[2,4,11,16,22,109],[34, 40, 16, 42, 17, 50, 18, 39, 54]]
[[2,4,2,20,37,34],[34, 40, 16, 42, 17, 18, 39, 51, 53]]
[[2,4,8,20,27,82],[34, 40, 16, 42, 17, 52, 18, 39, 54]]
[[1,5,4,25,41,74],[34, 40, 16, 42, 17, 18, 39, 53, 54]]
[[2,6,5,22,47,75],[34, 40, 16, 17, 43, 18, 39, 44, 51]]
[[4,6,4,18,54,48],[34, 40, 16, 17, 43, 52, 18, 39, 44]]
[[1,3,7,19,21,81],[34, 40, 16, 17, 43, 18, 39, 44, 54]]
[[4,6,25,18,44,69],[34, 40, 16, 49, 17, 43, 18, 39, 51]]
[[2,2,8,26,62,50],[34, 40, 16, 17, 43, 50, 18, 39, 54]]
[[3,7,9,15,33,67],[34, 40, 16, 17, 43, 52, 18, 39, 51]]
[[2,4,5,32,42,73],[34, 40, 16, 17, 43, 18, 39, 51, 53]]
[[2,4,8,12,27,112],[34, 40, 16, 17, 43, 18, 39, 51, 54]]
[[3,11,12,15,28,68],[34, 40, 16, 49, 17, 50, 18, 39, 44]]
[[3,7,12,35,28,76],[34, 40, 16, 49, 17, 18, 39, 44, 51]]
[[2,4,5,28,27,79],[34, 40, 16, 49, 17, 18, 39, 44, 53]]
[[2,4,8,8,42,52],[34, 40, 16, 49, 17, 18, 39, 44, 54]]
[[2,6,8,6,32,78],[34, 40, 16, 17, 50, 18, 39, 44, 51]]
[[4,8,16,20,39,104],[34, 40, 16, 17, 50, 52, 18, 39, 44]]
[[1,3,4,11,26,60],[34, 40, 16, 17, 50, 18, 39, 44, 54]]
[[3,7,9,19,43,79],[34, 40, 16, 17, 18, 39, 44, 51, 53]]
[[3,7,6,7,43,34],[34, 40, 16, 17, 18, 39, 44, 51, 54]]
[[3,5,9,25,38,107],[34, 40, 16, 17, 52, 18, 39, 44, 53]]
[[1,3,19,27,26,81],[34, 40, 16, 17, 52, 18, 39, 44, 54]]
[[2,4,11,12,32,103],[34, 40, 16, 17, 18, 39, 44, 53, 54]]
[[4,8,13,36,19,65],[34, 40, 16, 49, 17, 52, 18, 39, 51]]
[[1,5,10,29,76,80],[34, 40, 16, 49, 17, 18, 39, 51, 54]]
[[2,4,11,12,22,79],[34, 40, 16, 49, 17, 18, 39, 53, 54]]
[[3,3,6,15,28,84],[34, 40, 16, 17, 50, 52, 18, 39, 51]]
[[2,4,2,8,22,88],[34, 40, 16, 17, 50, 18, 39, 51, 53]]
[[1,5,7,5,51,53],[34, 40, 16, 17, 50, 18, 39, 53, 54]]
[[2,2,23,18,32,83],[34, 40, 16, 17, 52, 18, 39, 51, 53]]
[[2,6,14,22,22,90],[34, 40, 16, 17, 52, 18, 39, 51, 54]]
[[1,3,7,19,16,75],[34, 40, 16, 17, 52, 18, 39, 53, 54]]
[[3,3,18,15,43,108],[34, 16, 42, 49, 17, 43, 18, 39, 44]]
[[4,8,7,24,34,71],[34, 16, 42, 17, 43, 50, 18, 39, 44]]
[[2,2,8,26,47,68],[34, 16, 42, 17, 43, 18, 39, 44, 51]]
[[3,7,12,27,38,64],[34, 16, 42, 17, 43, 18, 39, 44, 53]]
[[1,5,16,33,26,92],[34, 16, 42, 17, 43, 18, 39, 44, 54]]
[[4,4,19,4,49,103],[34, 16, 42, 49, 17, 43, 18, 39, 51]]
[[3,7,3,19,43,61],[34, 16, 42, 17, 43, 50, 18, 39, 51]]
[[2,6,8,34,32,54],[34, 16, 42, 17, 43, 50, 18, 39, 54]]
[[3,3,3,31,23,63],[34, 16, 42, 17, 43, 52, 18, 39, 51]]
[[2,8,11,24,17,77],[34, 16, 42, 17, 43, 18, 39, 51, 53]]
[[2,4,5,36,47,67],[34, 16, 42, 17, 43, 18, 39, 51, 54]]
[[1,3,13,31,51,105],[34, 16, 42, 17, 43, 18, 39, 53, 54]]
[[3,7,15,23,18,109],[34, 16, 42, 49, 17, 50, 18, 39, 44]]
[[3,3,24,11,48,96],[34, 16, 42, 49, 17, 18, 39, 44, 51]]
[[2,2,11,14,27,59],[34, 16, 42, 49, 17, 18, 39, 44, 53]]
[[2,2,11,14,37,59],[34, 16, 42, 17, 50, 18, 39, 44, 51]]
[[4,10,10,34,24,58],[34, 16, 42, 17, 50, 52, 18, 39, 44]]
[[1,1,4,21,56,64],[34, 16, 42, 17, 50, 18, 39, 44, 54]]
[[2,4,11,28,52,49],[34, 16, 42, 17, 52, 18, 39, 44, 51]]
[[3,5,9,25,33,65],[34, 16, 42, 17, 18, 39, 44, 51, 54]]
[[3,9,12,29,33,72],[34, 16, 42, 17, 52, 18, 39, 44, 53]]
[[2,4,8,12,37,46],[34, 16, 42, 17, 18, 39, 44, 53, 54]]
[[4,10,10,30,49,82],[34, 16, 42, 49, 17, 50, 18, 39, 51]]
[[3,9,12,25,23,102],[34, 16, 42, 49, 17, 50, 18, 39, 54]]
[[1,5,10,9,26,80],[34, 16, 42, 49, 17, 18, 39, 51, 54]]
[[3,3,9,15,33,87],[34, 16, 42, 49, 17, 52, 18, 39, 54]]
[[2,6,8,34,42,72],[34, 16, 42, 49, 17, 18, 39, 53, 54]]
[[3,7,18,23,33,112],[34, 16, 42, 17, 50, 52, 18, 39, 51]]
[[2,4,8,8,27,76],[34, 16, 42, 17, 50, 18, 39, 51, 53]]
[[2,10,11,18,22,61],[34, 16, 42, 17, 50, 18, 39, 51, 54]]
[[2,2,5,18,32,71],[34, 16, 42, 17, 50, 52, 18, 39, 54]]
[[2,8,11,12,47,65],[34, 16, 42, 17, 52, 18, 39, 51, 54]]
[[1,7,13,27,26,61],[34, 16, 42, 17, 52, 18, 39, 53, 54]]
[[3,7,12,19,33,112],[34, 16, 49, 17, 43, 18, 39, 44, 51]]
[[3,7,9,19,43,97],[34, 16, 49, 17, 43, 52, 18, 39, 44]]
[[2,6,14,26,12,84],[34, 16, 49, 17, 43, 18, 39, 44, 54]]
[[2,4,2,12,42,46],[34, 16, 17, 43, 50, 18, 39, 44, 51]]
[[3,5,6,9,43,86],[34, 16, 17, 43, 50, 18, 39, 44, 53]]
[[1,7,10,11,26,58],[34, 16, 17, 43, 50, 18, 39, 44, 54]]
[[2,4,8,8,37,76],[34, 16, 17, 43, 52, 18, 39, 44, 51]]
[[3,9,6,9,83,90],[34, 16, 17, 43, 18, 39, 44, 51, 53]]
[[3,7,9,11,38,61],[34, 16, 17, 43, 18, 39, 44, 51, 54]]
[[3,3,12,15,38,120],[34, 16, 17, 43, 52, 18, 39, 44, 53]]
[[2,8,11,28,47,59],[34, 16, 17, 43, 18, 39, 44, 53, 54]]
[[3,5,6,13,53,38],[34, 16, 49, 17, 43, 50, 18, 39, 54]]
[[4,6,7,26,49,129],[34, 16, 49, 17, 43, 52, 18, 39, 51]]
[[1,5,7,13,46,71],[34, 16, 49, 17, 43, 18, 39, 51, 54]]
[[2,8,11,12,47,53],[34, 16, 49, 17, 43, 18, 39, 53, 54]]
[[2,4,20,20,32,58],[34, 16, 17, 43, 50, 18, 39, 51, 53]]
[[2,6,11,22,52,81],[34, 16, 17, 43, 50, 52, 18, 39, 54]]
[[2,6,5,22,27,87],[34, 16, 17, 43, 52, 18, 39, 51, 53]]
[[1,5,10,9,36,56],[34, 16, 17, 43, 52, 18, 39, 53, 54]]
[[3,5,15,13,33,95],[34, 16, 49, 17, 50, 52, 18, 39, 44]]
[[2,2,11,6,12,107],[34, 16, 49, 17, 50, 18, 39, 44, 53]]
[[2,4,8,20,17,118],[34, 16, 49, 17, 18, 39, 44, 51, 54]]
[[2,2,23,18,37,83],[34, 16, 49, 17, 52, 18, 39, 44, 53]]
[[2,4,8,28,47,46],[34, 16, 49, 17, 52, 18, 39, 44, 54]]
[[3,7,12,15,53,94],[34, 16, 49, 17, 18, 39, 44, 53, 54]]
[[2,2,8,22,42,62],[34, 16, 17, 50, 52, 18, 39, 44, 51]]
[[3,3,3,27,18,75],[34, 16, 17, 50, 18, 39, 44, 51, 53]]
[[3,3,6,15,33,72],[34, 16, 17, 50, 52, 18, 39, 44, 53]]
[[1,5,7,25,51,65],[34, 16, 17, 50, 52, 18, 39, 44, 54]]
[[3,3,9,23,33,75],[34, 16, 17, 52, 18, 39, 44, 51, 53]]
[[3,5,9,13,38,83],[34, 16, 17, 52, 18, 39, 44, 51, 54]]
[[2,8,8,24,22,86],[34, 16, 17, 18, 39, 44, 51, 53, 54]]
[[2,6,11,26,22,99],[34, 16, 17, 52, 18, 39, 44, 53, 54]]
[[3,9,12,45,33,54],[34, 16, 49, 17, 50, 18, 39, 51, 53]]
[[1,3,1,19,36,63],[34, 16, 49, 17, 50, 18, 39, 51, 54]]
[[1,1,4,13,51,40],[34, 16, 49, 17, 52, 18, 39, 51, 54]]
[[2,2,20,18,32,86],[34, 16, 49, 17, 18, 39, 51, 53, 54]]
[[2,8,11,16,42,47],[34, 16, 49, 17, 52, 18, 39, 53, 54]]
[[2,8,5,20,27,83],[34, 16, 17, 50, 52, 18, 39, 51, 53]]
[[1,3,10,15,41,60],[34, 16, 17, 50, 52, 18, 39, 53, 54]]
[[3,9,12,21,23,78],[34, 40, 16, 42, 17, 43, 50, 18, 44]]
[[5,9,14,25,45,72],[34, 40, 16, 42, 17, 43, 18, 44, 51]]
[[3,5,6,25,18,80],[34, 40, 16, 42, 17, 43, 52, 18, 44]]
[[4,8,7,20,44,95],[34, 40, 16, 42, 17, 43, 18, 44, 53]]
[[2,4,5,16,42,49],[34, 40, 16, 42, 49, 17, 43, 18, 54]]
[[4,6,22,18,49,84],[34, 40, 16, 42, 17, 43, 50, 18, 51]]
[[3,3,15,23,43,111],[34, 40, 16, 42, 17, 43, 52, 18, 54]]
[[3,5,12,25,48,92],[34, 40, 16, 42, 49, 17, 18, 44, 54]]
[[3,11,6,31,48,98],[34, 40, 16, 42, 17, 18, 44, 53, 54]]
[[2,4,8,12,7,112],[34, 40, 16, 42, 49, 17, 50, 18, 54]]
[[2,6,20,34,22,96],[34, 40, 16, 42, 49, 17, 52, 18, 54]]
[[3,9,6,17,68,108],[34, 40, 16, 42, 49, 17, 18, 53, 54]]
[[5,9,11,25,50,51],[34, 40, 16, 42, 17, 50, 18, 51, 53]]
[[3,3,12,11,38,138],[34, 40, 16, 42, 17, 50, 18, 51, 54]]
[[3,9,15,25,23,111],[34, 40, 16, 42, 17, 50, 52, 18, 54]]
[[2,4,14,20,37,52],[34, 40, 16, 42, 17, 18, 51, 53, 54]]
[[4,6,7,14,69,81],[34, 40, 16, 42, 17, 52, 18, 53, 54]]
[[4,8,7,20,39,59],[34, 40, 16, 49, 17, 43, 50, 18, 44]]
[[4,6,7,22,59,57],[34, 40, 16, 49, 17, 43, 18, 44, 51]]
[[4,4,13,16,54,115],[34, 40, 16, 17, 43, 50, 18, 44, 54]]
[[5,7,11,27,50,49],[34, 40, 16, 17, 43, 52, 18, 44, 51]]
[[4,4,10,28,44,70],[34, 40, 16, 17, 43, 18, 44, 51, 53]]
[[2,6,5,10,47,87],[34, 40, 16, 17, 43, 18, 44, 51, 54]]
[[3,9,6,41,33,60],[34, 40, 16, 49, 17, 43, 50, 18, 51]]
[[2,6,5,26,37,69],[34, 40, 16, 49, 17, 43, 50, 18, 54]]
[[3,5,6,13,38,74],[34, 40, 16, 49, 17, 43, 52, 18, 51]]
[[4,8,7,20,54,71],[34, 40, 16, 49, 17, 43, 18, 51, 53]]
[[4,4,7,20,49,91],[34, 40, 16, 49, 17, 43, 18, 51, 54]]
[[2,2,8,18,47,56],[34, 40, 16, 49, 17, 43, 52, 18, 54]]
[[3,5,12,21,33,74],[34, 40, 16, 49, 17, 43, 18, 53, 54]]
[[3,7,6,11,58,76],[34, 40, 16, 17, 43, 50, 18, 51, 54]]
[[3,3,18,11,43,96],[34, 40, 16, 17, 43, 50, 52, 18, 54]]
[[3,7,12,19,33,124],[34, 40, 16, 17, 43, 52, 18, 51, 54]]
[[2,6,5,14,27,69],[34, 40, 16, 17, 43, 18, 51, 53, 54]]
[[4,6,7,26,44,99],[34, 40, 16, 17, 43, 52, 18, 53, 54]]
[[4,4,4,20,59,88],[34, 40, 16, 49, 17, 50, 18, 44, 51]]
[[4,8,13,24,44,77],[34, 40, 16, 49, 17, 50, 52, 18, 44]]
[[5,5,8,25,55,86],[34, 40, 16, 49, 17, 50, 18, 44, 53]]
[[4,6,10,26,39,120],[34, 40, 16, 49, 17, 52, 18, 44, 51]]
[[3,5,12,17,43,122],[34, 40, 16, 49, 17, 18, 44, 51, 53]]
[[3,5,12,17,43,62],[34, 40, 16, 49, 17, 18, 44, 51, 54]]
[[5,9,11,25,55,69],[34, 40, 16, 49, 17, 52, 18, 44, 53]]
[[3,7,9,27,43,61],[34, 40, 16, 49, 17, 52, 18, 44, 54]]
[[2,2,5,26,42,59],[34, 40, 16, 49, 17, 18, 44, 53, 54]]
[[5,7,17,31,40,43],[34, 40, 16, 17, 50, 52, 18, 44, 51]]
[[4,8,13,20,49,77],[34, 40, 16, 17, 50, 18, 44, 51, 53]]
[[2,4,8,24,37,88],[34, 40, 16, 17, 50, 18, 44, 51, 54]]
[[4,6,13,14,44,75],[34, 40, 16, 17, 50, 52, 18, 44, 53]]
[[3,5,12,29,43,56],[34, 40, 16, 17, 50, 18, 44, 53, 54]]
[[4,8,13,40,24,53],[34, 40, 16, 17, 52, 18, 44, 51, 53]]
[[2,2,23,14,27,95],[34, 40, 16, 17, 52, 18, 44, 51, 54]]
[[3,5,6,9,53,74],[34, 40, 16, 17, 18, 44, 51, 53, 54]]
[[2,4,8,12,32,58],[34, 40, 16, 49, 17, 50, 52, 18, 54]]
[[4,10,10,30,34,82],[34, 40, 16, 49, 17, 52, 18, 51, 53]]
[[4,10,10,26,39,88],[34, 40, 16, 49, 17, 52, 18, 51, 54]]
[[2,4,5,16,42,49],[34, 40, 16, 17, 52, 18, 51, 53, 54]]
[[4,8,13,24,24,95],[34, 16, 42, 49, 17, 43, 50, 18, 44]]
[[4,6,10,18,49,78],[34, 16, 42, 49, 17, 43, 18, 44, 51]]
[[5,7,5,27,75,43],[34, 16, 42, 49, 17, 43, 18, 44, 53]]
[[4,8,13,24,44,77],[34, 16, 42, 17, 43, 50, 18, 44, 53]]
[[4,6,7,18,64,57],[34, 16, 42, 17, 43, 50, 18, 44, 54]]
[[5,5,14,17,60,104],[34, 16, 42, 17, 43, 52, 18, 44, 51]]
[[2,8,14,24,52,62],[34, 16, 42, 17, 43, 18, 44, 51, 54]]
[[4,4,7,24,44,85],[34, 16, 42, 17, 43, 52, 18, 44, 53]]
[[3,5,15,21,43,107],[34, 16, 42, 17, 43, 18, 44, 53, 54]]
[[3,3,3,3,43,87],[34, 16, 42, 49, 17, 43, 50, 18, 51]]
[[2,8,8,28,37,74],[34, 16, 42, 49, 17, 43, 52, 18, 54]]
[[4,6,7,30,49,87],[34, 16, 42, 17, 43, 50, 52, 18, 51]]
[[5,11,8,27,50,62],[34, 16, 42, 17, 43, 50, 18, 51, 53]]
[[3,7,12,19,53,52],[34, 16, 42, 17, 43, 50, 18, 51, 54]]
[[4,8,13,32,34,71],[34, 16, 42, 49, 17, 50, 18, 44, 51]]
[[3,3,6,39,23,72],[34, 16, 42, 49, 17, 52, 18, 44, 54]]
[[2,2,14,10,32,86],[34, 16, 42, 49, 17, 18, 44, 53, 54]]
[[4,10,10,42,24,58],[34, 16, 42, 17, 50, 18, 44, 51, 53]]
[[2,6,8,22,22,84],[34, 16, 42, 17, 50, 18, 44, 51, 54]]
[[3,3,6,11,38,78],[34, 16, 42, 49, 17, 50, 52, 18, 51]]
[[4,6,7,18,39,93],[34, 16, 42, 49, 17, 50, 18, 51, 53]]
[[2,2,11,30,57,77],[34, 16, 42, 49, 17, 50, 52, 18, 54]]
[[3,9,9,41,38,69],[34, 16, 42, 49, 17, 50, 18, 53, 54]]
[[4,12,10,24,54,72],[34, 16, 42, 49, 17, 52, 18, 51, 54]]
[[3,7,12,31,33,58],[34, 16, 42, 49, 17, 52, 18, 53, 54]]
[[5,7,11,23,40,91],[34, 16, 42, 17, 50, 52, 18, 51, 53]]
[[2,2,11,18,37,71],[34, 16, 42, 17, 50, 18, 51, 53, 54]]
[[4,10,13,18,49,61],[34, 16, 42, 17, 50, 52, 18, 53, 54]]
[[2,4,17,20,42,85],[34, 16, 42, 17, 52, 18, 51, 53, 54]]
[[4,6,7,22,49,105],[34, 16, 49, 17, 43, 50, 52, 18, 44]]
[[3,5,6,29,43,68],[34, 16, 49, 17, 43, 50, 18, 44, 54]]
[[4,8,7,28,59,89],[34, 16, 49, 17, 43, 52, 18, 44, 51]]
[[3,7,9,11,48,55],[34, 16, 49, 17, 43, 18, 44, 51, 53]]
[[3,5,6,13,33,86],[34, 16, 49, 17, 43, 18, 44, 51, 54]]
[[4,6,13,26,34,87],[34, 16, 17, 43, 50, 52, 18, 44, 54]]
[[4,8,10,32,39,50],[34, 16, 17, 43, 52, 18, 44, 51, 53]]
[[2,4,11,8,27,61],[34, 16, 17, 43, 52, 18, 44, 51, 54]]
[[3,7,3,23,28,115],[34, 16, 49, 17, 43, 50, 52, 18, 51]]
[[2,2,14,6,12,86],[34, 16, 49, 17, 43, 50, 52, 18, 54]]
[[4,6,16,46,29,48],[34, 16, 49, 17, 43, 52, 18, 51, 53]]
[[4,8,7,20,64,65],[34, 16, 49, 17, 43, 52, 18, 51, 54]]
[[3,9,12,33,38,66],[34, 16, 49, 17, 43, 52, 18, 53, 54]]
[[3,9,9,13,48,81],[34, 16, 17, 43, 50, 52, 18, 51, 54]]
[[2,4,5,32,42,49],[34, 16, 17, 43, 50, 18, 51, 53, 54]]
[[2,4,8,12,27,106],[34, 16, 17, 43, 52, 18, 51, 53, 54]]
[[4,8,16,16,39,98],[34, 16, 49, 17, 50, 52, 18, 44, 51]]
[[3,7,15,15,38,85],[34, 16, 49, 17, 50, 18, 44, 51, 54]]
[[5,9,14,29,30,66],[34, 16, 49, 17, 50, 52, 18, 44, 53]]
[[2,6,5,14,37,63],[34, 16, 49, 17, 50, 18, 44, 53, 54]]
[[3,7,18,27,33,88],[34, 16, 49, 17, 52, 18, 44, 51, 54]]
[[4,4,7,16,54,109],[34, 16, 49, 17, 18, 44, 51, 53, 54]]
[[4,10,16,22,34,70],[34, 16, 17, 50, 52, 18, 44, 51, 53]]
[[2,4,8,12,37,46],[34, 16, 17, 50, 52, 18, 44, 51, 54]]
[[3,9,12,17,38,84],[34, 16, 17, 50, 52, 18, 44, 53, 54]]
[[3,7,12,19,38,112],[35, 40, 16, 37, 17, 38, 18, 39, 51]]
[[2,6,11,14,62,75],[35, 40, 16, 37, 17, 38, 18, 39, 54]]
[[4,6,16,10,44,108],[35, 16, 37, 42, 17, 38, 18, 39, 44]]
[[3,11,12,23,18,92],[35, 16, 37, 42, 17, 38, 18, 39, 51]]
[[3,7,9,23,43,97],[35, 16, 37, 17, 38, 43, 18, 39, 51]]
[[2,4,5,16,42,67],[35, 16, 37, 17, 38, 43, 18, 39, 54]]
[[3,3,12,31,43,78],[35, 16, 37, 49, 17, 38, 18, 39, 44]]
[[3,11,12,19,58,80],[35, 16, 37, 17, 38, 18, 39, 44, 53]]
[[1,5,13,29,26,95],[35, 16, 37, 17, 38, 18, 39, 44, 54]]
[[4,4,7,24,39,121],[35, 16, 37, 49, 17, 38, 18, 39, 51]]
[[2,4,8,12,37,70],[35, 16, 37, 17, 38, 50, 18, 39, 54]]
[[3,5,21,13,28,77],[35, 16, 37, 17, 38, 52, 18, 39, 51]]
[[2,4,8,20,27,94],[35, 16, 37, 17, 38, 18, 39, 51, 53]]
[[2,4,8,28,47,46],[35, 16, 37, 17, 38, 18, 39, 51, 54]]
[[2,6,11,22,22,87],[35, 16, 37, 17, 38, 52, 18, 39, 54]]
[[1,1,13,13,31,73],[35, 16, 37, 17, 38, 18, 39, 53, 54]]
[[3,7,6,19,43,64],[35, 40, 16, 37, 42, 17, 38, 18, 44]]
[[3,5,12,17,48,92],[35, 40, 16, 37, 17, 38, 43, 18, 44]]
[[4,12,13,16,34,87],[35, 40, 16, 37, 17, 38, 43, 18, 51]]
[[3,5,12,37,43,62],[35, 40, 16, 37, 17, 38, 50, 18, 44]]
[[5,7,14,23,40,64],[35, 40, 16, 37, 17, 38, 18, 44, 51]]
[[3,7,15,27,48,73],[35, 40, 16, 37, 49, 17, 38, 18, 51]]
[[2,6,14,22,17,120],[35, 40, 16, 37, 49, 17, 38, 18, 54]]
[[4,10,10,22,34,94],[35, 40, 16, 37, 17, 38, 50, 18, 51]]
[[3,5,15,21,43,89],[35, 40, 16, 37, 17, 38, 50, 18, 54]]
[[4,8,7,12,59,59],[35, 40, 16, 37, 17, 38, 52, 18, 51]]
[[5,11,14,31,20,68],[35, 40, 16, 37, 17, 38, 18, 51, 53]]
[[3,3,6,19,38,90],[35, 40, 16, 37, 17, 38, 18, 51, 54]]
[[3,3,6,19,43,54],[35, 40, 16, 37, 17, 38, 52, 18, 54]]
[[4,6,19,18,44,87],[35, 40, 16, 37, 17, 38, 18, 53, 54]]
[[3,7,9,23,48,79],[35, 16, 37, 42, 17, 38, 43, 18, 44]]
[[4,4,10,28,34,88],[35, 16, 37, 42, 17, 38, 43, 18, 51]]
[[4,6,13,26,34,93],[35, 16, 37, 42, 49, 17, 38, 18, 44]]
[[3,3,3,31,28,87],[35, 16, 37, 42, 17, 38, 50, 18, 44]]
[[5,13,11,25,30,73],[35, 16, 37, 42, 17, 38, 18, 44, 51]]
[[3,3,18,19,48,90],[35, 16, 37, 42, 17, 38, 52, 18, 44]]
[[2,4,8,16,52,52],[35, 16, 37, 42, 49, 17, 38, 18, 54]]
[[3,5,6,29,43,68],[35, 16, 37, 17, 38, 43, 50, 18, 44]]
[[3,7,3,15,68,97],[35, 16, 37, 17, 38, 43, 52, 18, 44]]
[[4,8,10,24,44,62],[35, 16, 37, 17, 38, 43, 18, 44, 53]]
[[3,7,18,19,33,112],[35, 16, 37, 49, 17, 38, 43, 18, 51]]
[[3,5,3,13,53,83],[35, 16, 37, 17, 38, 43, 50, 18, 54]]
[[4,6,7,22,54,57],[35, 16, 37, 17, 38, 43, 52, 18, 51]]
[[5,5,14,17,60,92],[35, 16, 37, 17, 38, 43, 18, 51, 53]]
[[3,7,15,19,23,85],[35, 16, 37, 17, 38, 43, 18, 51, 54]]
[[4,10,4,18,64,70],[35, 16, 37, 49, 17, 38, 50, 18, 44]]
[[4,6,13,26,44,117],[35, 16, 37, 49, 17, 38, 18, 44, 51]]
[[3,5,18,29,48,62],[35, 16, 37, 17, 38, 50, 52, 18, 44]]
[[4,4,4,20,29,100],[35, 16, 37, 17, 38, 50, 18, 44, 54]]
[[5,11,11,35,30,47],[35, 16, 37, 17, 38, 52, 18, 44, 51]]
[[2,4,5,28,37,79],[35, 16, 37, 17, 38, 18, 44, 51, 54]]
[[3,5,12,33,38,68],[35, 16, 37, 49, 17, 38, 50, 18, 51]]
[[2,10,8,18,37,52],[35, 16, 37, 49, 17, 38, 50, 18, 54]]
[[3,5,3,13,38,41],[35, 16, 37, 49, 17, 38, 52, 18, 51]]
[[4,6,7,18,59,63],[35, 16, 37, 49, 17, 38, 18, 51, 53]]
[[4,10,13,18,39,61],[35, 16, 37, 49, 17, 38, 18, 51, 54]]
[[2,6,14,18,47,78],[35, 16, 37, 49, 17, 38, 52, 18, 54]]
[[3,3,6,15,28,84],[35, 16, 37, 49, 17, 38, 18, 53, 54]]
[[4,6,10,26,54,72],[35, 16, 37, 17, 38, 50, 52, 18, 51]]
[[3,5,9,17,28,137],[35, 16, 37, 17, 38, 50, 18, 51, 54]]
[[3,7,9,15,73,67],[35, 16, 37, 17, 38, 50, 52, 18, 54]]
[[4,6,16,30,49,54],[35, 16, 37, 17, 38, 50, 18, 53, 54]]
[[5,7,17,23,45,61],[35, 16, 37, 17, 38, 52, 18, 51, 53]]
[[3,5,12,13,23,110],[35, 16, 37, 17, 38, 52, 18, 51, 54]]
[[2,6,14,18,17,60],[35, 16, 37, 17, 38, 18, 51, 53, 54]]
[[4,8,7,20,64,83],[35, 16, 37, 17, 38, 52, 18, 53, 54]]
[[5,9,5,29,65,51],[35, 40, 16, 37, 42, 17, 18, 39, 44]]
[[3,5,12,17,33,146],[35, 40, 16, 37, 42, 17, 18, 39, 54]]
[[4,6,10,22,54,78],[35, 40, 16, 37, 17, 43, 18, 39, 51]]
[[3,9,9,13,38,75],[35, 40, 16, 37, 17, 18, 39, 44, 51]]
[[4,4,7,12,59,91],[35, 40, 16, 37, 49, 17, 18, 39, 54]]
[[4,8,13,20,39,83],[35, 40, 16, 37, 17, 50, 18, 39, 51]]
[[3,5,12,21,28,110],[35, 40, 16, 37, 17, 18, 39, 51, 53]]
[[3,7,9,23,58,49],[35, 40, 16, 37, 17, 18, 39, 51, 54]]
[[5,7,8,31,65,58],[35, 16, 37, 42, 17, 43, 18, 39, 44]]
[[4,8,16,24,24,80],[35, 16, 37, 42, 17, 43, 18, 39, 51]]
[[3,3,12,11,28,102],[35, 16, 37, 42, 17, 43, 18, 39, 54]]
[[4,8,13,28,49,77],[35, 16, 37, 42, 49, 17, 18, 39, 44]]
[[5,9,26,13,30,66],[35, 16, 37, 42, 17, 52, 18, 39, 44]]
[[4,4,13,20,44,97],[35, 16, 37, 42, 17, 18, 39, 44, 53]]
[[2,8,5,20,27,101],[35, 16, 37, 42, 17, 18, 39, 44, 54]]
[[4,6,7,22,64,63],[35, 16, 37, 42, 17, 50, 18, 39, 51]]
[[3,7,9,19,53,109],[35, 16, 37, 42, 17, 52, 18, 39, 54]]
[[2,4,11,12,42,73],[35, 16, 37, 42, 17, 18, 39, 53, 54]]
[[4,8,16,20,39,104],[35, 16, 37, 49, 17, 43, 18, 39, 44]]
[[3,3,15,15,38,93],[35, 16, 37, 17, 43, 18, 39, 44, 51]]
[[5,13,11,25,30,73],[35, 16, 37, 17, 43, 52, 18, 39, 44]]
[[5,9,20,29,20,54],[35, 16, 37, 49, 17, 43, 18, 39, 51]]
[[3,3,9,15,28,75],[35, 16, 37, 17, 43, 50, 18, 39, 54]]
[[4,4,4,16,44,52],[35, 16, 37, 17, 43, 52, 18, 39, 51]]
[[3,5,9,21,43,47],[35, 16, 37, 17, 43, 18, 39, 51, 53]]
[[3,9,12,41,38,60],[35, 16, 37, 17, 43, 18, 39, 51, 54]]
[[4,4,7,20,39,85],[35, 16, 37, 49, 17, 50, 18, 39, 44]]
[[4,6,7,26,39,111],[35, 16, 37, 17, 50, 18, 39, 44, 53]]
[[2,2,5,22,42,59],[35, 16, 37, 17, 50, 18, 39, 44, 54]]
[[3,5,6,45,23,68],[35, 16, 37, 17, 52, 18, 39, 44, 51]]
[[5,7,17,31,40,43],[35, 16, 37, 49, 17, 50, 18, 39, 51]]
[[4,6,16,22,39,72],[35, 16, 37, 49, 17, 50, 18, 39, 54]]
[[4,8,13,28,49,77],[35, 16, 37, 49, 17, 18, 39, 51, 53]]
[[2,6,5,18,22,117],[35, 16, 37, 49, 17, 18, 39, 51, 54]]
[[3,3,6,23,33,48],[35, 16, 37, 49, 17, 18, 39, 53, 54]]
[[4,8,13,40,29,53],[35, 16, 37, 17, 50, 52, 18, 39, 51]]
[[3,9,12,29,28,108],[35, 16, 37, 17, 50, 18, 39, 51, 53]]
[[3,7,18,23,43,70],[35, 16, 37, 17, 50, 18, 39, 51, 54]]
[[3,3,12,19,33,90],[35, 16, 37, 17, 50, 52, 18, 39, 54]]
[[2,4,14,20,42,82],[35, 16, 37, 17, 50, 18, 39, 53, 54]]
[[3,5,9,21,43,95],[35, 16, 37, 17, 52, 18, 39, 51, 53]]
[[3,5,9,17,38,35],[35, 16, 37, 17, 52, 18, 39, 51, 54]]
[[4,8,16,24,39,62],[35, 16, 37, 17, 18, 39, 51, 53, 54]]
[[2,10,14,26,52,70],[35, 40, 16, 37, 42, 17, 43, 18, 44]]
[[2,6,11,10,42,75],[35, 40, 16, 37, 42, 17, 43, 18, 54]]
[[2,4,5,16,42,73],[35, 40, 16, 37, 42, 17, 50, 18, 44]]
[[2,6,8,14,42,102],[35, 40, 16, 37, 42, 17, 52, 18, 44]]
[[3,5,12,17,43,62],[35, 40, 16, 37, 42, 17, 18, 44, 53]]
[[3,5,6,17,53,80],[35, 40, 16, 37, 42, 17, 18, 44, 54]]
[[2,8,11,16,42,77],[35, 40, 16, 37, 42, 49, 17, 18, 51]]
[[1,5,4,17,41,74],[35, 40, 16, 37, 42, 49, 17, 18, 54]]
[[3,5,18,21,28,74],[35, 40, 16, 37, 42, 17, 50, 18, 51]]
[[4,8,7,32,29,89],[35, 40, 16, 37, 42, 17, 18, 51, 53]]
[[2,6,5,22,37,63],[35, 40, 16, 37, 42, 17, 18, 51, 54]]
[[2,4,8,16,42,64],[35, 40, 16, 37, 42, 17, 52, 18, 54]]
[[3,7,12,19,33,124],[35, 40, 16, 37, 49, 17, 43, 18, 44]]
[[2,4,5,20,27,61],[35, 40, 16, 37, 17, 43, 50, 18, 44]]
[[2,4,11,8,32,109],[35, 40, 16, 37, 17, 43, 52, 18, 44]]
[[3,3,12,7,43,108],[35, 40, 16, 37, 17, 43, 18, 44, 53]]
[[2,2,11,18,47,71],[35, 40, 16, 37, 49, 17, 43, 18, 51]]
[[1,3,7,11,41,45],[35, 40, 16, 37, 49, 17, 43, 18, 54]]
[[3,5,21,17,38,107],[35, 40, 16, 37, 17, 43, 50, 18, 51]]
[[2,2,8,22,47,44],[35, 40, 16, 37, 17, 43, 50, 18, 54]]
[[3,9,9,33,33,87],[35, 40, 16, 37, 17, 43, 52, 18, 51]]
[[4,10,16,18,24,106],[35, 40, 16, 37, 17, 43, 18, 51, 53]]
[[2,6,14,26,47,66],[35, 40, 16, 37, 17, 43, 52, 18, 54]]
[[3,7,15,19,33,73],[35, 40, 16, 37, 49, 17, 52, 18, 44]]
[[2,4,2,16,42,46],[35, 40, 16, 37, 49, 17, 18, 44, 54]]
[[3,7,12,23,18,94],[35, 40, 16, 37, 17, 50, 18, 44, 53]]
[[3,5,6,21,28,80],[35, 40, 16, 37, 17, 18, 44, 51, 53]]
[[1,5,10,29,61,80],[35, 40, 16, 37, 17, 18, 44, 51, 54]]
[[3,5,15,29,38,53],[35, 40, 16, 37, 17, 52, 18, 44, 54]]
[[2,6,20,22,37,78],[35, 40, 16, 37, 49, 17, 50, 18, 51]]
[[1,3,13,23,56,75],[35, 40, 16, 37, 49, 17, 50, 18, 54]]
[[1,9,10,17,31,102],[35, 40, 16, 37, 49, 17, 52, 18, 54]]
[[3,7,6,19,43,64],[35, 40, 16, 37, 17, 50, 52, 18, 51]]
[[4,8,7,16,69,65],[35, 40, 16, 37, 17, 50, 18, 51, 53]]
[[2,6,2,18,22,84],[35, 40, 16, 37, 17, 50, 18, 51, 54]]
[[2,4,11,16,27,115],[35, 40, 16, 37, 17, 50, 52, 18, 54]]
[[1,3,4,23,21,78],[35, 40, 16, 37, 17, 18, 51, 53, 54]]
[[3,5,12,21,28,110],[35, 40, 16, 37, 17, 52, 18, 53, 54]]
[[2,4,2,16,22,88],[35, 16, 37, 42, 17, 43, 50, 18, 44]]
[[4,8,10,16,59,74],[35, 16, 37, 42, 17, 43, 18, 44, 51]]
[[2,2,5,30,37,83],[35, 16, 37, 42, 17, 43, 52, 18, 44]]
[[3,5,6,21,33,140],[35, 16, 37, 42, 17, 43, 18, 44, 53]]
[[2,4,8,20,27,106],[35, 16, 37, 42, 49, 17, 43, 18, 51]]
[[3,7,18,31,53,40],[35, 16, 37, 42, 17, 43, 50, 18, 51]]
[[4,10,13,18,39,61],[35, 16, 37, 42, 17, 43, 18, 51, 53]]
[[2,6,11,26,52,63],[35, 16, 37, 42, 17, 43, 18, 51, 54]]
[[3,9,12,25,23,102],[35, 16, 37, 42, 49, 17, 50, 18, 44]]
[[3,3,18,7,38,114],[35, 16, 37, 42, 49, 17, 18, 44, 51]]
[[3,9,12,21,23,78],[35, 16, 37, 42, 49, 17, 52, 18, 44]]
[[4,6,7,18,64,105],[35, 16, 37, 42, 49, 17, 18, 44, 53]]
[[2,6,2,26,37,72],[35, 16, 37, 42, 49, 17, 18, 44, 54]]
[[4,6,16,14,39,84],[35, 16, 37, 42, 17, 50, 18, 44, 51]]
[[2,10,11,26,52,67],[35, 16, 37, 42, 17, 50, 52, 18, 44]]
[[3,5,6,29,33,86],[35, 16, 37, 42, 17, 50, 18, 44, 53]]
[[4,10,7,34,44,85],[35, 16, 37, 42, 17, 52, 18, 44, 51]]
[[3,11,15,39,23,65],[35, 16, 37, 42, 17, 18, 44, 51, 53]]
[[1,3,7,11,46,57],[35, 16, 37, 42, 17, 18, 44, 51, 54]]
[[3,7,18,27,33,88],[35, 16, 37, 42, 17, 52, 18, 44, 53]]
[[3,5,15,21,53,77],[35, 16, 37, 42, 17, 52, 18, 44, 54]]
[[2,2,14,22,37,98],[35, 16, 37, 42, 17, 18, 44, 53, 54]]
[[2,4,8,8,32,64],[35, 16, 37, 42, 49, 17, 52, 18, 51]]
[[3,7,3,7,63,67],[35, 16, 37, 42, 49, 17, 18, 51, 53]]
[[1,3,10,11,36,54],[35, 16, 37, 42, 49, 17, 52, 18, 54]]
[[3,3,9,15,38,81],[35, 16, 37, 42, 17, 50, 52, 18, 51]]
[[4,6,7,14,54,87],[35, 16, 37, 42, 17, 52, 18, 51, 53]]
[[2,6,8,14,32,66],[35, 16, 37, 42, 17, 52, 18, 51, 54]]
[[1,5,13,21,46,83],[35, 16, 37, 42, 17, 18, 51, 53, 54]]
[[3,5,6,17,28,104],[35, 16, 37, 49, 17, 43, 18, 44, 51]]
[[3,9,12,21,38,90],[35, 16, 37, 49, 17, 43, 52, 18, 44]]
[[4,6,19,22,39,99],[35, 16, 37, 17, 43, 50, 18, 44, 51]]
[[3,3,6,19,38,36],[35, 16, 37, 17, 43, 50, 18, 44, 53]]
[[3,9,6,25,28,108],[35, 16, 37, 17, 43, 18, 44, 51, 53]]
[[2,2,2,30,32,44],[35, 16, 37, 49, 17, 43, 50, 18, 51]]
[[1,5,4,21,21,86],[35, 16, 37, 49, 17, 43, 50, 18, 54]]
[[2,4,8,24,37,52],[35, 16, 37, 49, 17, 43, 52, 18, 51]]
[[3,7,6,23,38,76],[35, 16, 37, 49, 17, 43, 18, 51, 53]]
[[1,3,7,27,41,93],[35, 16, 37, 49, 17, 43, 52, 18, 54]]
[[3,9,9,21,63,93],[35, 16, 37, 17, 43, 50, 52, 18, 51]]
[[4,6,22,18,44,96],[35, 16, 37, 17, 43, 50, 18, 51, 53]]
[[2,6,11,18,32,99],[35, 16, 37, 17, 43, 50, 18, 51, 54]]
[[3,5,9,9,48,107],[35, 16, 37, 17, 43, 50, 18, 53, 54]]
[[4,6,7,30,49,75],[35, 16, 37, 17, 43, 52, 18, 51, 53]]
[[3,7,9,15,48,97],[35, 16, 37, 49, 17, 50, 18, 44, 51]]
[[4,10,10,34,29,76],[35, 16, 37, 49, 17, 50, 18, 44, 53]]
[[2,6,14,22,32,90],[35, 16, 37, 49, 17, 50, 18, 44, 54]]
[[2,6,11,26,67,45],[35, 16, 37, 49, 17, 18, 44, 51, 53]]
[[2,2,2,10,7,98],[35, 16, 37, 49, 17, 52, 18, 44, 54]]
[[1,5,4,25,51,62],[35, 16, 37, 49, 17, 18, 44, 53, 54]]
[[4,8,10,20,49,104],[35, 16, 37, 17, 50, 52, 18, 44, 51]]
[[1,9,7,25,31,99],[35, 16, 37, 17, 50, 18, 44, 51, 54]]
[[3,5,15,33,48,77],[35, 16, 37, 17, 50, 52, 18, 44, 53]]
[[2,4,8,28,42,82],[35, 16, 37, 17, 50, 18, 44, 53, 54]]
[[3,3,6,7,23,114],[35, 16, 37, 17, 52, 18, 44, 51, 53]]
[[1,5,1,33,36,65],[35, 16, 37, 17, 52, 18, 44, 51, 54]]
[[2,8,5,32,32,95],[35, 16, 37, 17, 18, 44, 51, 53, 54]]
[[2,6,8,14,32,78],[35, 16, 37, 49, 17, 50, 52, 18, 51]]
[[3,5,15,17,43,95],[35, 16, 37, 49, 17, 50, 18, 51, 53]]
[[3,7,18,15,28,82],[35, 16, 37, 49, 17, 50, 18, 51, 54]]
[[2,4,11,20,27,109],[35, 16, 37, 49, 17, 50, 18, 53, 54]]
[[3,7,9,15,33,79],[35, 16, 37, 49, 17, 52, 18, 51, 54]]
[[2,4,11,8,27,103],[35, 16, 37, 49, 17, 18, 51, 53, 54]]
[[2,6,17,34,27,117],[35, 16, 37, 49, 17, 52, 18, 53, 54]]
[[4,6,16,14,39,90],[35, 16, 37, 17, 50, 52, 18, 51, 53]]
[[2,6,14,26,17,120],[35, 16, 37, 17, 50, 52, 18, 51, 54]]
[[1,1,7,5,16,55],[35, 16, 37, 17, 50, 18, 51, 53, 54]]
[[3,5,15,29,43,77],[35, 16, 37, 17, 50, 52, 18, 53, 54]]
[[1,3,13,23,21,93],[35, 16, 37, 17, 52, 18, 51, 53, 54]]
[[4,8,10,24,44,62],[35, 40, 16, 17, 38, 43, 18, 39, 44]]
[[5,5,14,17,60,92],[35, 40, 16, 17, 38, 43, 18, 39, 51]]
[[4,6,7,18,59,63],[35, 40, 16, 49, 17, 38, 18, 39, 51]]
[[3,3,6,15,28,84],[35, 40, 16, 49, 17, 38, 18, 39, 54]]
[[4,6,16,30,49,54],[35, 40, 16, 17, 38, 50, 18, 39, 54]]
[[5,7,17,23,45,61],[35, 40, 16, 17, 38, 52, 18, 39, 51]]
[[4,6,22,14,44,102],[35, 40, 16, 17, 38, 18, 39, 51, 53]]
[[2,6,14,18,17,60],[35, 40, 16, 17, 38, 18, 39, 51, 54]]
[[4,8,7,20,64,83],[35, 40, 16, 17, 38, 52, 18, 39, 54]]
[[3,11,12,23,38,56],[35, 40, 16, 17, 38, 18, 39, 53, 54]]
[[4,6,7,22,59,87],[35, 16, 42, 17, 38, 43, 18, 39, 54]]
[[5,9,11,25,55,69],[35, 16, 42, 49, 17, 38, 18, 39, 44]]
[[4,10,16,18,24,106],[35, 16, 42, 17, 38, 50, 18, 39, 44]]
[[4,6,7,22,59,87],[35, 16, 42, 17, 38, 18, 39, 44, 51]]
[[4,10,13,18,24,103],[35, 16, 42, 17, 38, 52, 18, 39, 44]]
[[3,7,6,19,43,64],[35, 16, 42, 17, 38, 18, 39, 44, 53]]
[[5,7,8,27,65,82],[35, 16, 49, 17, 38, 43, 18, 39, 44]]
[[4,6,10,14,39,102],[35, 16, 17, 38, 43, 50, 18, 39, 44]]
[[4,8,16,24,29,92],[35, 16, 17, 38, 43, 52, 18, 39, 44]]
[[3,5,12,17,48,92],[35, 16, 17, 38, 43, 18, 39, 44, 53]]
[[3,9,9,25,48,57],[35, 16, 17, 38, 43, 18, 39, 44, 54]]
[[4,6,22,22,44,90],[35, 16, 49, 17, 38, 43, 18, 39, 51]]
[[5,9,11,37,30,69],[35, 16, 17, 38, 43, 52, 18, 39, 51]]
[[4,12,13,16,34,87],[35, 16, 17, 38, 43, 18, 39, 51, 53]]
[[2,10,8,14,37,64],[35, 16, 17, 38, 43, 18, 39, 51, 54]]
[[3,7,9,23,38,103],[35, 16, 49, 17, 38, 18, 39, 44, 51]]
[[3,5,12,37,43,62],[35, 16, 17, 38, 50, 18, 39, 44, 53]]
[[5,7,14,23,40,64],[35, 16, 17, 38, 18, 39, 44, 51, 53]]
[[3,9,9,25,43,81],[35, 16, 17, 38, 18, 39, 44, 51, 54]]
[[4,6,10,22,39,84],[35, 16, 49, 17, 38, 52, 18, 39, 51]]
[[3,7,15,27,48,73],[35, 16, 49, 17, 38, 18, 39, 51, 53]]
[[3,7,9,19,48,85],[35, 16, 49, 17, 38, 18, 39, 51, 54]]
[[3,5,15,25,38,71],[35, 16, 49, 17, 38, 52, 18, 39, 54]]
[[2,6,14,22,17,120],[35, 16, 49, 17, 38, 18, 39, 53, 54]]
[[4,10,10,22,34,94],[35, 16, 17, 38, 50, 18, 39, 51, 53]]
[[2,2,5,2,32,53],[35, 16, 17, 38, 50, 18, 39, 51, 54]]
[[4,6,13,30,39,111],[35, 16, 17, 38, 50, 52, 18, 39, 54]]
[[3,5,15,21,43,89],[35, 16, 17, 38, 50, 18, 39, 53, 54]]
[[4,8,7,12,59,59],[35, 16, 17, 38, 52, 18, 39, 51, 53]]
[[2,2,5,38,47,71],[35, 16, 17, 38, 52, 18, 39, 51, 54]]
[[3,3,6,19,38,90],[35, 16, 17, 38, 18, 39, 51, 53, 54]]
[[3,3,6,19,43,54],[35, 16, 17, 38, 52, 18, 39, 53, 54]]
[[1,3,13,11,31,51],[35, 40, 16, 42, 17, 38, 43, 18, 54]]
[[2,4,2,16,22,70],[35, 40, 16, 42, 49, 17, 38, 18, 44]]
[[3,5,15,29,43,77],[35, 40, 16, 42, 17, 38, 50, 18, 44]]
[[3,7,9,39,33,79],[35, 40, 16, 42, 17, 38, 18, 44, 51]]
[[3,5,12,17,48,92],[35, 40, 16, 42, 17, 38, 52, 18, 44]]
[[4,6,16,10,44,108],[35, 40, 16, 42, 17, 38, 18, 44, 53]]
[[2,6,8,22,22,102],[35, 40, 16, 42, 49, 17, 38, 18, 54]]
[[2,4,11,24,37,79],[35, 40, 16, 42, 17, 38, 50, 18, 51]]
[[1,1,16,25,31,106],[35, 40, 16, 42, 17, 38, 50, 18, 54]]
[[2,4,5,32,22,61],[35, 40, 16, 42, 17, 38, 52, 18, 51]]
[[3,11,12,23,18,92],[35, 40, 16, 42, 17, 38, 18, 51, 53]]
[[1,1,7,5,21,49],[35, 40, 16, 42, 17, 38, 52, 18, 54]]
[[2,4,11,24,37,85],[35, 40, 16, 49, 17, 38, 43, 18, 44]]
[[3,5,9,13,38,101],[35, 40, 16, 17, 38, 43, 18, 44, 51]]
[[3,5,9,9,33,95],[35, 40, 16, 17, 38, 43, 52, 18, 44]]
[[2,6,8,18,17,108],[35, 40, 16, 17, 38, 43, 18, 44, 54]]
[[3,5,18,17,23,98],[35, 40, 16, 49, 17, 38, 43, 18, 51]]
[[2,2,11,10,27,83],[35, 40, 16, 49, 17, 38, 43, 18, 54]]
[[2,6,14,22,42,96],[35, 40, 16, 17, 38, 43, 50, 18, 51]]
[[1,3,7,15,36,69],[35, 40, 16, 17, 38, 43, 50, 18, 54]]
[[2,4,5,28,52,49],[35, 40, 16, 17, 38, 43, 52, 18, 51]]
[[3,7,9,23,43,97],[35, 40, 16, 17, 38, 43, 18, 51, 53]]
[[3,5,21,21,38,113],[35, 40, 16, 17, 38, 43, 18, 51, 54]]
[[1,5,1,33,51,65],[35, 40, 16, 17, 38, 43, 52, 18, 54]]
[[2,4,5,16,42,67],[35, 40, 16, 17, 38, 43, 18, 53, 54]]
[[2,8,11,36,32,71],[35, 40, 16, 49, 17, 38, 50, 18, 44]]
[[2,4,2,24,32,76],[35, 40, 16, 49, 17, 38, 52, 18, 44]]
[[3,3,12,31,43,78],[35, 40, 16, 49, 17, 38, 18, 44, 53]]
[[2,2,8,10,12,98],[35, 40, 16, 17, 38, 50, 18, 44, 54]]
[[3,5,9,9,23,77],[35, 40, 16, 17, 38, 52, 18, 44, 51]]
[[2,6,8,26,57,66],[35, 40, 16, 17, 38, 52, 18, 44, 54]]
[[1,5,13,29,26,95],[35, 40, 16, 17, 38, 18, 44, 53, 54]]
[[3,7,18,27,28,106],[35, 40, 16, 49, 17, 38, 50, 18, 51]]
[[2,4,5,20,32,61],[35, 40, 16, 49, 17, 38, 50, 18, 54]]
[[3,7,12,23,33,112],[35, 40, 16, 49, 17, 38, 52, 18, 51]]
[[4,4,7,24,39,121],[35, 40, 16, 49, 17, 38, 18, 51, 53]]
[[2,4,14,28,22,100],[35, 40, 16, 49, 17, 38, 18, 51, 54]]
[[2,4,11,8,32,109],[35, 40, 16, 49, 17, 38, 52, 18, 54]]
[[2,4,8,16,32,76],[35, 40, 16, 17, 38, 50, 52, 18, 51]]
[[3,7,21,31,33,79],[35, 40, 16, 17, 38, 50, 18, 51, 54]]
[[1,1,7,17,26,73],[35, 40, 16, 17, 38, 50, 52, 18, 54]]
[[2,4,8,12,37,70],[35, 40, 16, 17, 38, 50, 18, 53, 54]]
[[3,5,21,13,28,77],[35, 40, 16, 17, 38, 52, 18, 51, 53]]
[[3,11,6,31,38,68],[35, 40, 16, 17, 38, 52, 18, 51, 54]]
[[2,4,8,28,47,46],[35, 40, 16, 17, 38, 18, 51, 53, 54]]
[[2,6,11,22,22,87],[35, 40, 16, 17, 38, 52, 18, 53, 54]]
[[2,4,5,36,47,67],[35, 16, 42, 49, 17, 38, 43, 18, 44]]
[[3,7,12,15,38,100],[35, 16, 42, 17, 38, 43, 52, 18, 44]]
[[2,4,17,28,37,91],[35, 16, 42, 17, 38, 43, 18, 44, 54]]
[[2,2,5,10,32,53],[35, 16, 42, 49, 17, 38, 43, 18, 54]]
[[2,4,5,20,42,49],[35, 16, 42, 17, 38, 43, 50, 18, 51]]
[[1,3,4,23,46,60],[35, 16, 42, 17, 38, 43, 50, 18, 54]]
[[2,4,8,24,32,100],[35, 16, 42, 17, 38, 43, 52, 18, 51]]
[[1,3,22,35,21,96],[35, 16, 42, 17, 38, 43, 52, 18, 54]]
[[2,6,5,18,22,75],[35, 16, 42, 17, 38, 43, 18, 53, 54]]
[[4,4,7,16,44,97],[35, 16, 42, 49, 17, 38, 18, 44, 51]]
[[2,10,14,14,42,88],[35, 16, 42, 49, 17, 38, 52, 18, 44]]
[[3,5,3,13,48,77],[35, 16, 42, 49, 17, 38, 18, 44, 53]]
[[3,5,12,17,38,98],[35, 16, 42, 17, 38, 50, 18, 44, 51]]
[[4,6,7,14,69,81],[35, 16, 42, 17, 38, 50, 18, 44, 53]]
[[3,3,12,11,38,102],[35, 16, 42, 17, 38, 52, 18, 44, 51]]
[[2,6,8,18,37,96],[35, 16, 42, 17, 38, 18, 44, 51, 53]]
[[2,4,8,12,37,46],[35, 16, 42, 17, 38, 18, 44, 51, 54]]
[[4,6,16,18,49,126],[35, 16, 42, 17, 38, 52, 18, 44, 53]]
[[1,1,4,17,61,34],[35, 16, 42, 17, 38, 18, 44, 53, 54]]
[[3,5,9,13,48,89],[35, 16, 42, 49, 17, 38, 50, 18, 51]]
[[2,6,11,14,37,75],[35, 16, 42, 49, 17, 38, 52, 18, 54]]
[[2,4,17,20,42,85],[35, 16, 42, 17, 38, 50, 52, 18, 51]]
[[1,3,1,31,31,87],[35, 16, 42, 17, 38, 50, 52, 18, 54]]
[[2,6,11,26,32,81],[35, 16, 42, 17, 38, 50, 18, 53, 54]]
[[3,3,12,7,33,132],[35, 16, 42, 17, 38, 52, 18, 51, 53]]
[[2,8,11,16,52,77],[35, 16, 49, 17, 38, 43, 50, 18, 44]]
