[[0, 4, 8], [2, 4], [3, 5], [6, 7]]
[[1,5,10,29,61,80],[35, 16, 42, 49, 17, 38, 43, 44, 51, 53, 54]]
[[3,5,15,29,38,53],[35, 16, 42, 49, 17, 38, 43, 52, 44, 53, 54]]
[[2,4,8,20,47,40],[35, 16, 42, 17, 38, 43, 50, 44, 51, 53, 54]]
[[2,2,8,30,52,62],[35, 16, 42, 17, 38, 43, 50, 52, 44, 53, 54]]
[[3,7,6,19,43,64],[35, 16, 42, 49, 17, 38, 43, 50, 52, 51, 53]]
[[1,3,13,23,46,69],[35, 16, 42, 49, 17, 38, 43, 50, 52, 51, 54]]
[[2,6,2,18,22,84],[35, 16, 42, 49, 17, 38, 43, 50, 51, 53, 54]]
[[2,4,11,16,27,115],[35, 16, 42, 49, 17, 38, 43, 50, 52, 53, 54]]
[[3,7,6,31,33,52],[35, 16, 42, 17, 38, 43, 50, 52, 51, 53, 54]]
[[4,4,13,16,44,109],[35, 16, 42, 49, 17, 38, 50, 52, 44, 51, 53]]
[[2,4,8,12,17,100],[35, 16, 42, 49, 17, 38, 50, 52, 44, 51, 54]]
[[1,3,4,27,56,66],[35, 16, 42, 49, 17, 38, 50, 44, 51, 53, 54]]
[[1,7,4,23,46,70],[35, 16, 42, 49, 17, 38, 52, 44, 51, 53, 54]]
[[2,6,8,14,52,54],[35, 16, 42, 17, 38, 50, 52, 44, 51, 53, 54]]
[[2,2,17,14,32,95],[35, 16, 42, 49, 17, 38, 50, 52, 51, 53, 54]]
[[4,6,7,22,64,75],[35, 16, 49, 17, 38, 43, 50, 52, 44, 51, 53]]
[[1,3,7,23,56,63],[35, 16, 49, 17, 38, 43, 50, 44, 51, 53, 54]]
[[2,6,8,14,42,102],[35, 16, 17, 38, 43, 50, 52, 44, 51, 53, 54]]
[[1,5,10,25,76,68],[35, 16, 49, 17, 38, 50, 52, 44, 51, 53, 54]]
[[2,2,8,10,12,98],[35, 40, 16, 42, 49, 17, 43, 50, 39, 44, 54]]
[[3,5,9,9,23,77],[35, 40, 16, 42, 49, 17, 43, 52, 39, 44, 51]]
[[2,6,8,26,57,66],[35, 40, 16, 42, 49, 17, 43, 52, 39, 44, 54]]
[[1,5,13,29,26,95],[35, 40, 16, 42, 49, 17, 43, 39, 44, 53, 54]]
[[1,7,4,31,36,88],[35, 40, 16, 42, 17, 43, 50, 39, 44, 51, 54]]
[[1,7,7,15,41,79],[35, 40, 16, 42, 17, 43, 52, 39, 44, 51, 54]]
[[2,6,8,22,47,60],[35, 40, 16, 42, 17, 43, 39, 44, 51, 53, 54]]
[[2,4,8,16,32,76],[35, 40, 16, 42, 49, 17, 43, 50, 52, 39, 51]]
[[3,7,21,31,33,79],[35, 40, 16, 42, 49, 17, 43, 50, 39, 51, 54]]
[[1,1,7,17,26,73],[35, 40, 16, 42, 49, 17, 43, 50, 52, 39, 54]]
[[2,4,8,12,37,70],[35, 40, 16, 42, 49, 17, 43, 50, 39, 53, 54]]
[[3,5,21,13,28,77],[35, 40, 16, 42, 49, 17, 43, 52, 39, 51, 53]]
[[3,11,6,31,38,68],[35, 40, 16, 42, 49, 17, 43, 52, 39, 51, 54]]
[[2,4,8,28,47,46],[35, 40, 16, 42, 49, 17, 43, 39, 51, 53, 54]]
[[2,6,11,22,22,87],[35, 40, 16, 42, 49, 17, 43, 52, 39, 53, 54]]
[[2,4,11,16,22,61],[35, 40, 16, 42, 17, 43, 50, 52, 39, 51, 54]]
[[1,3,10,11,21,72],[35, 40, 16, 42, 17, 43, 50, 39, 51, 53, 54]]
[[3,7,6,31,38,76],[35, 40, 16, 42, 17, 43, 50, 52, 39, 53, 54]]
[[1,1,4,13,11,76],[35, 40, 16, 42, 17, 43, 52, 39, 51, 53, 54]]
[[3,3,15,11,38,129],[35, 40, 16, 42, 49, 17, 50, 52, 39, 44, 51]]
[[2,6,11,14,37,27],[35, 40, 16, 42, 49, 17, 50, 39, 44, 51, 53]]
[[2,6,8,14,47,30],[35, 40, 16, 42, 49, 17, 50, 39, 44, 51, 54]]
[[4,6,22,18,44,84],[35, 40, 16, 42, 49, 17, 50, 52, 39, 44, 53]]
[[2,2,17,14,27,107],[35, 40, 16, 42, 49, 17, 52, 39, 44, 51, 53]]
[[3,5,6,9,58,92],[35, 40, 16, 42, 49, 17, 39, 44, 51, 53, 54]]
[[1,3,22,31,21,84],[35, 40, 16, 42, 49, 17, 52, 39, 44, 53, 54]]
[[2,4,8,12,37,82],[35, 40, 16, 42, 17, 50, 52, 39, 44, 53, 54]]
[[2,8,5,16,22,83],[35, 40, 16, 42, 17, 52, 39, 44, 51, 53, 54]]
[[3,11,12,39,23,68],[35, 40, 16, 42, 49, 17, 50, 52, 39, 51, 53]]
[[2,8,8,28,32,104],[35, 40, 16, 42, 49, 17, 50, 39, 51, 53, 54]]
[[2,4,8,12,47,40],[35, 40, 16, 42, 49, 17, 52, 39, 51, 53, 54]]
[[1,3,13,15,36,69],[35, 40, 16, 42, 17, 50, 52, 39, 51, 53, 54]]
[[3,3,15,15,38,81],[35, 40, 16, 49, 17, 43, 50, 52, 39, 44, 51]]
[[2,2,20,26,42,104],[35, 40, 16, 49, 17, 43, 50, 39, 44, 51, 53]]
[[2,4,11,16,47,43],[35, 40, 16, 49, 17, 43, 50, 39, 44, 51, 54]]
[[4,8,10,20,69,80],[35, 40, 16, 49, 17, 43, 50, 52, 39, 44, 53]]
[[1,7,4,31,36,58],[35, 40, 16, 49, 17, 43, 50, 39, 44, 53, 54]]
[[2,4,11,20,37,85],[35, 40, 16, 49, 17, 43, 52, 39, 44, 51, 53]]
[[2,8,5,44,47,59],[35, 40, 16, 49, 17, 43, 52, 39, 44, 51, 54]]
[[1,5,16,25,46,62],[35, 40, 16, 49, 17, 43, 52, 39, 44, 53, 54]]
[[1,7,7,31,56,79],[35, 40, 16, 17, 43, 50, 52, 39, 44, 51, 54]]
[[2,8,8,24,57,80],[35, 40, 16, 17, 43, 50, 52, 39, 44, 53, 54]]
[[3,3,9,31,53,51],[35, 40, 16, 49, 17, 43, 50, 52, 39, 51, 54]]
[[2,2,14,14,37,74],[35, 40, 16, 49, 17, 43, 50, 52, 39, 53, 54]]
[[2,2,8,14,37,68],[35, 40, 16, 49, 17, 43, 52, 39, 51, 53, 54]]
[[2,8,11,12,32,65],[35, 40, 16, 49, 17, 50, 52, 39, 44, 51, 53]]
[[2,6,11,22,32,93],[35, 40, 16, 49, 17, 50, 52, 39, 44, 51, 54]]
[[3,3,9,7,33,111],[35, 40, 16, 49, 17, 50, 39, 44, 51, 53, 54]]
[[3,3,3,31,28,87],[35, 40, 16, 49, 17, 52, 39, 44, 51, 53, 54]]
[[2,4,5,4,27,103],[35, 40, 16, 17, 50, 52, 39, 44, 51, 53, 54]]
[[2,4,17,20,37,73],[35, 16, 42, 49, 17, 43, 50, 39, 44, 51, 53]]
[[2,6,8,22,52,60],[35, 16, 42, 49, 17, 43, 50, 39, 44, 51, 54]]
[[2,4,8,12,22,94],[35, 16, 42, 49, 17, 43, 50, 52, 39, 44, 54]]
[[1,3,10,23,56,66],[35, 16, 42, 49, 17, 43, 50, 39, 44, 53, 54]]
[[2,4,8,12,27,94],[35, 16, 42, 49, 17, 43, 52, 39, 44, 51, 53]]
[[3,5,12,9,28,74],[35, 16, 42, 49, 17, 43, 39, 44, 51, 53, 54]]
[[1,3,10,11,31,60],[35, 16, 42, 49, 17, 43, 52, 39, 44, 53, 54]]
[[1,3,7,23,61,69],[35, 16, 42, 17, 43, 50, 52, 39, 44, 51, 54]]
[[2,2,11,30,57,77],[35, 16, 42, 17, 43, 50, 39, 44, 51, 53, 54]]
[[2,6,11,18,62,69],[35, 16, 42, 17, 43, 50, 52, 39, 44, 53, 54]]
[[2,2,5,22,52,29],[35, 16, 42, 17, 43, 52, 39, 44, 51, 53, 54]]
[[3,9,9,45,33,45],[35, 16, 42, 49, 17, 43, 50, 52, 39, 51, 54]]
[[2,2,2,10,17,80],[35, 16, 42, 49, 17, 43, 50, 39, 51, 53, 54]]
[[2,10,8,26,42,106],[35, 16, 42, 49, 17, 43, 50, 52, 39, 53, 54]]
[[2,6,8,18,62,66],[35, 16, 42, 49, 17, 43, 52, 39, 51, 53, 54]]
[[1,3,4,23,61,48],[35, 16, 42, 17, 43, 50, 52, 39, 51, 53, 54]]
[[2,2,23,18,32,77],[35, 16, 42, 49, 17, 50, 52, 39, 44, 51, 54]]
[[1,3,7,11,36,51],[35, 16, 42, 49, 17, 50, 52, 39, 44, 53, 54]]
[[3,5,9,13,33,77],[35, 16, 42, 49, 17, 52, 39, 44, 51, 53, 54]]
[[2,4,8,16,62,40],[35, 16, 42, 49, 17, 50, 52, 39, 51, 53, 54]]
[[2,6,2,14,37,72],[35, 16, 49, 17, 43, 50, 52, 39, 44, 51, 53]]
[[3,7,12,11,38,88],[35, 16, 49, 17, 43, 50, 39, 44, 51, 53, 54]]
[[1,1,10,9,31,52],[35, 16, 49, 17, 43, 50, 52, 39, 44, 53, 54]]
[[2,2,5,18,37,59],[35, 16, 17, 43, 50, 52, 39, 44, 51, 53, 54]]
[[3,7,9,15,18,109],[35, 16, 49, 17, 50, 52, 39, 44, 51, 53, 54]]
[[3,5,18,29,48,62],[35, 40, 16, 42, 49, 17, 43, 50, 52, 44, 53]]
[[4,4,4,20,29,100],[35, 40, 16, 42, 49, 17, 43, 50, 44, 53, 54]]
[[5,11,11,35,30,47],[35, 40, 16, 42, 49, 17, 43, 52, 44, 51, 53]]
[[3,7,12,23,48,76],[35, 40, 16, 42, 49, 17, 43, 52, 44, 51, 54]]
[[2,4,5,28,37,79],[35, 40, 16, 42, 49, 17, 43, 44, 51, 53, 54]]
[[3,3,3,19,23,69],[35, 40, 16, 42, 17, 43, 50, 52, 44, 53, 54]]
[[3,5,12,13,38,74],[35, 40, 16, 42, 17, 43, 52, 44, 51, 53, 54]]
[[4,6,10,26,54,72],[35, 40, 16, 42, 49, 17, 43, 50, 52, 51, 53]]
[[3,5,9,17,28,137],[35, 40, 16, 42, 49, 17, 43, 50, 51, 53, 54]]
[[3,7,9,15,73,67],[35, 40, 16, 42, 49, 17, 43, 50, 52, 53, 54]]
[[3,5,12,13,23,110],[35, 40, 16, 42, 49, 17, 43, 52, 51, 53, 54]]
[[4,6,13,14,44,75],[35, 40, 16, 42, 17, 43, 50, 52, 51, 53, 54]]
[[2,8,11,40,42,71],[35, 40, 16, 42, 49, 17, 50, 44, 51, 53, 54]]
[[2,6,14,18,12,84],[35, 40, 16, 42, 49, 17, 52, 44, 51, 53, 54]]
[[5,9,14,21,50,78],[35, 40, 16, 49, 17, 43, 50, 52, 44, 51, 53]]
[[3,5,12,17,33,86],[35, 40, 16, 49, 17, 43, 50, 52, 44, 51, 54]]
[[2,2,11,6,17,95],[35, 40, 16, 49, 17, 43, 50, 44, 51, 53, 54]]
[[4,6,22,14,49,102],[35, 40, 16, 49, 17, 43, 50, 52, 44, 53, 54]]
[[2,2,2,10,7,98],[35, 40, 16, 49, 17, 43, 52, 44, 51, 53, 54]]
[[3,5,6,21,53,62],[35, 40, 16, 17, 43, 50, 52, 44, 51, 53, 54]]
[[2,4,14,32,42,100],[35, 40, 16, 49, 17, 50, 52, 44, 51, 53, 54]]
[[4,16,4,28,44,58],[35, 16, 42, 49, 17, 43, 50, 52, 44, 53, 54]]
[[2,4,8,12,52,46],[35, 16, 42, 49, 17, 43, 52, 44, 51, 53, 54]]
[[3,5,3,13,33,89],[35, 16, 42, 49, 17, 43, 50, 52, 51, 53, 54]]
[[2,6,2,10,47,84],[35, 16, 42, 49, 17, 50, 52, 44, 51, 53, 54]]
[[5,7,14,15,55,82],[40, 16, 37, 42, 49, 17, 38, 43, 39, 44, 51]]
[[5,13,11,25,30,73],[40, 16, 37, 42, 17, 38, 43, 50, 39, 44, 53]]
[[4,8,7,24,39,71],[40, 16, 37, 42, 17, 38, 43, 52, 39, 44, 51]]
[[3,5,9,17,33,89],[40, 16, 37, 42, 17, 38, 43, 39, 44, 51, 53]]
[[3,7,12,11,23,88],[40, 16, 37, 42, 17, 38, 43, 39, 44, 51, 54]]
[[4,6,25,14,39,87],[40, 16, 37, 42, 49, 17, 38, 43, 50, 39, 51]]
[[5,9,14,33,25,84],[40, 16, 37, 42, 49, 17, 38, 43, 39, 51, 53]]
[[3,5,9,25,28,95],[40, 16, 37, 42, 49, 17, 38, 43, 39, 51, 54]]
[[3,5,15,29,48,41],[40, 16, 37, 42, 49, 17, 38, 43, 52, 39, 54]]
[[3,3,9,15,33,87],[40, 16, 37, 42, 17, 38, 43, 50, 52, 39, 51]]
[[4,8,7,20,64,83],[40, 16, 37, 42, 17, 38, 43, 50, 39, 51, 53]]
[[2,2,14,22,32,110],[40, 16, 37, 42, 17, 38, 43, 50, 52, 39, 54]]
[[4,6,16,18,34,84],[40, 16, 37, 42, 17, 38, 43, 52, 39, 51, 53]]
[[3,7,18,23,28,112],[40, 16, 37, 42, 17, 38, 43, 39, 51, 53, 54]]
[[3,5,18,21,48,86],[40, 16, 37, 42, 17, 38, 43, 52, 39, 53, 54]]
[[3,9,15,21,23,81],[40, 16, 37, 42, 49, 17, 38, 50, 52, 39, 44]]
[[4,6,10,26,54,72],[40, 16, 37, 42, 49, 17, 38, 50, 39, 44, 54]]
[[5,5,8,25,55,74],[40, 16, 37, 42, 49, 17, 38, 52, 39, 44, 51]]
[[4,8,13,24,29,77],[40, 16, 37, 42, 49, 17, 38, 39, 44, 51, 53]]
[[4,6,10,18,54,96],[40, 16, 37, 42, 49, 17, 38, 52, 39, 44, 53]]
[[4,4,7,12,49,91],[40, 16, 37, 42, 49, 17, 38, 52, 39, 44, 54]]
[[3,3,9,27,43,69],[40, 16, 37, 42, 49, 17, 38, 39, 44, 53, 54]]
[[3,7,18,35,28,88],[40, 16, 37, 42, 17, 38, 50, 39, 44, 51, 53]]
[[3,3,18,15,43,108],[40, 16, 37, 42, 17, 38, 50, 39, 44, 51, 54]]
[[3,5,9,41,43,59],[40, 16, 37, 42, 17, 38, 50, 52, 39, 44, 54]]
[[2,2,11,6,27,95],[40, 16, 37, 42, 17, 38, 50, 39, 44, 53, 54]]
[[3,11,3,39,38,53],[40, 16, 37, 42, 17, 38, 52, 39, 44, 51, 53]]
[[3,5,6,17,43,98],[40, 16, 37, 42, 17, 38, 52, 39, 44, 51, 54]]
[[4,4,4,20,44,76],[40, 16, 37, 42, 17, 38, 39, 44, 51, 53, 54]]
[[2,6,8,34,42,72],[40, 16, 37, 42, 17, 38, 52, 39, 44, 53, 54]]
[[4,8,7,24,34,107],[40, 16, 37, 42, 49, 17, 38, 50, 39, 53, 54]]
[[5,5,11,25,55,107],[40, 16, 37, 42, 49, 17, 38, 52, 39, 51, 53]]
[[3,5,9,13,53,89],[40, 16, 37, 42, 49, 17, 38, 52, 39, 51, 54]]
[[2,6,5,22,37,87],[40, 16, 37, 42, 49, 17, 38, 39, 51, 53, 54]]
[[3,7,9,19,38,115],[40, 16, 37, 42, 17, 38, 50, 52, 39, 53, 54]]
[[3,11,15,27,23,83],[40, 16, 37, 42, 17, 38, 52, 39, 51, 53, 54]]
[[5,9,17,25,40,63],[40, 16, 37, 49, 17, 38, 43, 50, 39, 44, 51]]
[[3,9,9,45,33,45],[40, 16, 37, 49, 17, 38, 43, 50, 52, 39, 44]]
[[4,6,7,22,64,75],[40, 16, 37, 49, 17, 38, 43, 50, 39, 44, 53]]
[[4,16,4,28,44,58],[40, 16, 37, 49, 17, 38, 43, 39, 44, 51, 53]]
[[2,6,5,30,37,87],[40, 16, 37, 49, 17, 38, 43, 39, 44, 51, 54]]
[[4,4,13,24,34,67],[40, 16, 37, 49, 17, 38, 43, 52, 39, 44, 54]]
[[4,8,16,16,29,98],[40, 16, 37, 17, 38, 43, 50, 52, 39, 44, 51]]
[[3,7,3,11,53,85],[40, 16, 37, 17, 38, 43, 50, 39, 44, 51, 54]]
[[5,7,8,31,65,58],[40, 16, 37, 17, 38, 43, 50, 52, 39, 44, 53]]
[[3,7,15,31,23,79],[40, 16, 37, 17, 38, 43, 50, 52, 39, 44, 54]]
[[2,4,11,28,42,91],[40, 16, 37, 17, 38, 43, 50, 39, 44, 53, 54]]
[[3,7,9,39,33,67],[40, 16, 37, 17, 38, 43, 52, 39, 44, 51, 53]]
[[4,6,10,38,29,84],[40, 16, 37, 17, 38, 43, 39, 44, 51, 53, 54]]
[[4,6,10,14,49,90],[40, 16, 37, 49, 17, 38, 43, 50, 52, 39, 51]]
[[5,5,8,25,60,80],[40, 16, 37, 49, 17, 38, 43, 50, 39, 51, 53]]
[[3,5,3,13,43,53],[40, 16, 37, 49, 17, 38, 43, 50, 39, 51, 54]]
[[4,10,10,42,19,46],[40, 16, 37, 49, 17, 38, 43, 52, 39, 53, 54]]
[[4,8,19,28,44,41],[40, 16, 37, 17, 38, 43, 50, 52, 39, 51, 53]]
[[4,10,13,22,44,67],[40, 16, 37, 17, 38, 43, 50, 52, 39, 51, 54]]
[[3,5,15,17,33,143],[40, 16, 37, 17, 38, 43, 50, 39, 51, 53, 54]]
[[5,11,8,27,60,56],[40, 16, 37, 49, 17, 38, 50, 52, 39, 44, 51]]
[[2,6,5,18,37,69],[40, 16, 37, 49, 17, 38, 50, 39, 44, 51, 54]]
[[3,3,6,19,33,90],[40, 16, 37, 17, 38, 50, 52, 39, 44, 51, 53]]
[[3,5,6,17,28,128],[40, 16, 37, 17, 38, 50, 52, 39, 44, 51, 54]]
[[5,9,20,21,25,78],[40, 16, 37, 49, 17, 38, 50, 52, 39, 51, 53]]
[[3,9,12,25,53,54],[40, 16, 37, 49, 17, 38, 50, 52, 39, 51, 54]]
[[2,2,8,10,37,62],[40, 16, 37, 49, 17, 38, 50, 39, 51, 53, 54]]
[[4,12,10,24,44,66],[40, 16, 37, 49, 17, 38, 50, 52, 39, 53, 54]]
[[2,6,14,30,32,102],[40, 16, 37, 49, 17, 38, 52, 39, 51, 53, 54]]
[[3,5,3,9,53,41],[40, 16, 37, 17, 38, 50, 52, 39, 51, 53, 54]]
[[3,7,6,23,43,88],[16, 37, 42, 49, 17, 38, 43, 50, 52, 39, 44]]
[[4,4,4,16,59,94],[16, 37, 42, 49, 17, 38, 43, 50, 39, 44, 53]]
[[5,7,8,27,65,82],[16, 37, 42, 49, 17, 38, 43, 52, 39, 44, 51]]
[[4,6,16,26,44,102],[16, 37, 42, 49, 17, 38, 43, 39, 44, 51, 53]]
[[2,4,5,8,47,61],[16, 37, 42, 49, 17, 38, 43, 39, 44, 51, 54]]
[[2,4,14,28,52,70],[16, 37, 42, 17, 38, 43, 50, 39, 44, 53, 54]]
[[3,7,6,19,48,106],[16, 37, 42, 17, 38, 43, 52, 39, 44, 51, 53]]
[[4,6,16,22,54,84],[16, 37, 42, 17, 38, 43, 39, 44, 51, 53, 54]]
[[4,10,10,42,19,46],[16, 37, 42, 49, 17, 38, 43, 50, 52, 39, 51]]
[[5,9,14,25,20,84],[16, 37, 42, 49, 17, 38, 43, 52, 39, 51, 53]]
[[3,7,15,23,28,103],[16, 37, 42, 49, 17, 38, 43, 52, 39, 51, 54]]
[[2,4,5,32,32,79],[16, 37, 42, 49, 17, 38, 43, 39, 51, 53, 54]]
[[4,6,19,18,44,87],[16, 37, 42, 17, 38, 43, 50, 52, 39, 51, 53]]
[[3,3,6,23,33,36],[16, 37, 42, 17, 38, 43, 52, 39, 51, 53, 54]]
[[4,4,13,24,34,67],[16, 37, 42, 49, 17, 38, 50, 39, 44, 51, 53]]
[[2,4,11,12,17,73],[16, 37, 42, 49, 17, 38, 50, 39, 44, 51, 54]]
[[4,10,10,22,34,94],[16, 37, 42, 49, 17, 38, 50, 52, 39, 44, 54]]
[[3,9,9,13,73,93],[16, 37, 42, 49, 17, 38, 50, 39, 44, 53, 54]]
[[4,6,16,22,44,90],[16, 37, 42, 49, 17, 38, 52, 39, 44, 51, 53]]
[[3,9,6,29,23,84],[16, 37, 42, 49, 17, 38, 39, 44, 51, 53, 54]]
[[3,11,12,39,33,44],[16, 37, 42, 17, 38, 50, 52, 39, 44, 51, 53]]
[[4,8,7,20,44,95],[16, 37, 42, 17, 38, 50, 39, 44, 51, 53, 54]]
[[2,8,8,32,22,68],[16, 37, 42, 17, 38, 50, 52, 39, 44, 53, 54]]
[[4,6,7,18,64,105],[16, 37, 42, 17, 38, 52, 39, 44, 51, 53, 54]]
[[4,4,22,12,59,94],[16, 37, 42, 49, 17, 38, 50, 52, 39, 53, 54]]
[[5,5,8,21,50,56],[16, 37, 49, 17, 38, 43, 50, 52, 39, 44, 51]]
[[2,6,2,30,42,72],[16, 37, 49, 17, 38, 43, 50, 39, 44, 51, 54]]
[[4,6,16,14,39,84],[16, 37, 49, 17, 38, 43, 50, 52, 39, 44, 53]]
[[3,9,6,25,38,90],[16, 37, 49, 17, 38, 43, 50, 39, 44, 53, 54]]
[[4,4,4,20,29,100],[16, 37, 49, 17, 38, 43, 52, 39, 44, 51, 53]]
[[3,5,6,21,38,128],[16, 37, 49, 17, 38, 43, 39, 44, 51, 53, 54]]
[[3,3,21,23,53,87],[16, 37, 17, 38, 43, 50, 52, 39, 44, 51, 53]]
[[3,7,12,23,28,64],[16, 37, 17, 38, 43, 50, 52, 39, 44, 51, 54]]
[[2,4,14,20,42,88],[16, 37, 17, 38, 43, 50, 52, 39, 44, 53, 54]]
[[4,10,10,22,34,58],[16, 37, 17, 38, 43, 52, 39, 44, 51, 53, 54]]
[[3,7,6,15,68,82],[16, 37, 49, 17, 38, 43, 50, 52, 39, 51, 54]]
[[2,8,11,28,37,89],[16, 37, 49, 17, 38, 43, 50, 39, 51, 53, 54]]
[[2,6,14,18,57,66],[16, 37, 49, 17, 38, 50, 52, 39, 44, 51, 54]]
[[3,7,9,15,43,85],[16, 37, 49, 17, 38, 50, 39, 44, 51, 53, 54]]
[[2,2,14,22,32,86],[40, 16, 37, 42, 49, 17, 38, 43, 50, 44, 51]]
[[4,6,10,26,39,96],[40, 16, 37, 42, 49, 17, 38, 43, 50, 52, 44]]
[[3,7,21,31,33,79],[40, 16, 37, 42, 49, 17, 38, 43, 50, 44, 53]]
[[1,1,13,13,16,67],[40, 16, 37, 42, 49, 17, 38, 43, 50, 44, 54]]
[[2,4,5,24,32,61],[40, 16, 37, 42, 49, 17, 38, 43, 52, 44, 51]]
[[3,3,24,15,43,72],[40, 16, 37, 42, 49, 17, 38, 43, 44, 51, 53]]
[[3,9,6,25,33,90],[40, 16, 37, 42, 49, 17, 38, 43, 44, 51, 54]]
[[1,3,16,23,26,72],[40, 16, 37, 42, 49, 17, 38, 43, 52, 44, 54]]
[[2,6,14,18,32,60],[40, 16, 37, 42, 49, 17, 38, 43, 44, 53, 54]]
[[3,3,12,7,33,120],[40, 16, 37, 42, 17, 38, 43, 50, 52, 44, 51]]
[[4,8,13,40,29,53],[40, 16, 37, 42, 17, 38, 43, 50, 44, 51, 53]]
[[2,2,5,22,47,35],[40, 16, 37, 42, 17, 38, 43, 50, 52, 44, 53]]
[[2,2,8,6,22,98],[40, 16, 37, 42, 17, 38, 43, 50, 52, 44, 54]]
[[4,4,16,36,34,64],[40, 16, 37, 42, 17, 38, 43, 52, 44, 51, 53]]
[[1,3,7,23,36,69],[40, 16, 37, 42, 17, 38, 43, 44, 51, 53, 54]]
[[3,7,15,11,33,85],[40, 16, 37, 42, 17, 38, 43, 52, 44, 53, 54]]
[[3,7,9,15,18,91],[40, 16, 37, 42, 49, 17, 38, 43, 50, 52, 51]]
[[2,6,11,14,27,99],[40, 16, 37, 42, 49, 17, 38, 43, 50, 51, 53]]
[[2,6,11,22,52,57],[40, 16, 37, 42, 49, 17, 38, 43, 50, 51, 54]]
[[1,1,16,13,16,76],[40, 16, 37, 42, 49, 17, 38, 43, 50, 53, 54]]
[[2,6,14,14,32,42],[40, 16, 37, 42, 49, 17, 38, 43, 52, 51, 53]]
[[3,5,6,13,33,80],[40, 16, 37, 42, 49, 17, 38, 43, 51, 53, 54]]
[[1,5,1,29,31,65],[40, 16, 37, 42, 49, 17, 38, 43, 52, 53, 54]]
[[1,1,4,21,46,64],[40, 16, 37, 42, 17, 38, 43, 50, 52, 51, 54]]
[[2,6,5,14,27,105],[40, 16, 37, 42, 17, 38, 43, 50, 52, 53, 54]]
[[2,4,5,8,42,37],[40, 16, 37, 42, 17, 38, 43, 52, 51, 53, 54]]
[[2,4,8,36,57,52],[40, 16, 37, 42, 49, 17, 38, 50, 52, 44, 51]]
[[3,7,3,15,68,97],[40, 16, 37, 42, 49, 17, 38, 50, 44, 51, 54]]
[[3,5,6,13,38,68],[40, 16, 37, 42, 49, 17, 38, 50, 52, 44, 53]]
[[1,3,4,23,31,72],[40, 16, 37, 42, 49, 17, 38, 50, 52, 44, 54]]
[[3,5,6,25,48,68],[40, 16, 37, 42, 49, 17, 38, 52, 44, 51, 53]]
[[3,3,6,15,38,72],[40, 16, 37, 42, 49, 17, 38, 52, 44, 51, 54]]
[[2,4,11,16,17,79],[40, 16, 37, 42, 49, 17, 38, 44, 51, 53, 54]]
[[2,4,5,12,47,43],[40, 16, 37, 42, 49, 17, 38, 52, 44, 53, 54]]
[[2,4,14,28,42,70],[40, 16, 37, 42, 17, 38, 50, 52, 44, 51, 54]]
[[3,5,6,25,28,122],[40, 16, 37, 42, 17, 38, 50, 52, 44, 53, 54]]
[[1,9,16,21,51,84],[40, 16, 37, 42, 17, 38, 52, 44, 51, 53, 54]]
[[2,6,8,30,47,84],[40, 16, 37, 42, 49, 17, 38, 50, 52, 51, 53]]
[[2,6,17,26,52,75],[40, 16, 37, 42, 49, 17, 38, 50, 52, 51, 54]]
[[1,5,4,17,46,44],[40, 16, 37, 42, 49, 17, 38, 50, 52, 53, 54]]
[[3,5,6,25,43,62],[40, 16, 37, 42, 49, 17, 38, 52, 51, 53, 54]]
[[2,4,5,16,47,19],[40, 16, 37, 42, 17, 38, 50, 52, 51, 53, 54]]
[[2,2,5,6,27,65],[40, 16, 37, 49, 17, 38, 43, 50, 52, 44, 51]]
[[3,5,12,37,48,68],[40, 16, 37, 49, 17, 38, 43, 50, 44, 51, 53]]
[[3,5,9,9,48,107],[40, 16, 37, 49, 17, 38, 43, 50, 52, 44, 53]]
[[1,5,1,25,36,65],[40, 16, 37, 49, 17, 38, 43, 50, 52, 44, 54]]
[[2,4,8,24,57,34],[40, 16, 37, 49, 17, 38, 43, 50, 44, 53, 54]]
[[2,6,11,22,32,87],[40, 16, 37, 49, 17, 38, 43, 44, 51, 53, 54]]
[[2,4,5,12,47,49],[40, 16, 37, 49, 17, 38, 43, 52, 44, 53, 54]]
[[2,4,20,24,37,100],[40, 16, 37, 17, 38, 43, 50, 52, 44, 51, 54]]
[[1,3,10,23,71,66],[40, 16, 37, 17, 38, 43, 50, 44, 51, 53, 54]]
[[3,7,12,11,33,82],[40, 16, 37, 17, 38, 43, 50, 52, 44, 53, 54]]
[[1,3,7,23,36,81],[40, 16, 37, 17, 38, 43, 52, 44, 51, 53, 54]]
[[2,4,14,16,22,94],[40, 16, 37, 49, 17, 38, 43, 50, 52, 51, 54]]
[[1,5,4,29,46,80],[40, 16, 37, 49, 17, 38, 43, 50, 52, 53, 54]]
[[2,6,11,22,57,39],[40, 16, 37, 17, 38, 43, 50, 52, 51, 53, 54]]
[[3,7,12,27,28,118],[40, 16, 37, 49, 17, 38, 50, 52, 44, 51, 53]]
[[3,9,12,29,28,102],[40, 16, 37, 49, 17, 38, 50, 52, 44, 51, 54]]
[[2,14,8,30,42,68],[40, 16, 37, 49, 17, 38, 50, 52, 44, 53, 54]]
[[2,4,5,8,32,97],[40, 16, 37, 49, 17, 38, 52, 44, 51, 53, 54]]
[[3,5,6,13,48,98],[40, 16, 37, 49, 17, 38, 50, 52, 51, 53, 54]]
[[2,8,11,12,37,77],[16, 37, 42, 49, 17, 38, 43, 50, 52, 44, 51]]
[[3,7,6,19,33,112],[16, 37, 42, 49, 17, 38, 43, 50, 44, 51, 53]]
[[3,9,9,45,33,45],[16, 37, 42, 49, 17, 38, 43, 50, 52, 44, 53]]
[[1,5,7,25,21,83],[16, 37, 42, 49, 17, 38, 43, 50, 52, 44, 54]]
[[3,9,6,21,53,72],[16, 37, 42, 49, 17, 38, 43, 52, 44, 51, 53]]
[[2,6,2,14,32,66],[16, 37, 42, 49, 17, 38, 43, 44, 51, 53, 54]]
[[2,2,8,18,42,56],[16, 37, 42, 49, 17, 38, 43, 52, 44, 53, 54]]
[[4,8,13,20,39,83],[16, 37, 42, 17, 38, 43, 50, 52, 44, 51, 53]]
[[1,3,10,15,46,42],[16, 37, 42, 17, 38, 43, 50, 44, 51, 53, 54]]
[[1,1,13,13,21,73],[16, 37, 42, 17, 38, 43, 52, 44, 51, 53, 54]]
[[2,4,8,16,32,76],[16, 37, 42, 49, 17, 38, 43, 50, 52, 51, 53]]
[[2,10,8,30,22,76],[16, 37, 42, 49, 17, 38, 43, 50, 52, 51, 54]]
[[1,9,7,21,36,81],[16, 37, 42, 49, 17, 38, 43, 50, 52, 53, 54]]
[[3,5,12,13,38,62],[16, 37, 42, 49, 17, 38, 43, 52, 51, 53, 54]]
[[3,5,12,17,48,92],[16, 37, 42, 49, 17, 38, 50, 52, 44, 51, 54]]
[[2,2,8,6,32,74],[16, 37, 42, 49, 17, 38, 50, 44, 51, 53, 54]]
[[2,4,11,12,32,85],[16, 37, 42, 49, 17, 38, 50, 52, 44, 53, 54]]
[[2,2,5,18,27,65],[16, 37, 42, 49, 17, 38, 52, 44, 51, 53, 54]]
[[1,3,1,15,31,51],[16, 37, 42, 17, 38, 50, 52, 44, 51, 53, 54]]
[[3,7,15,27,53,61],[16, 37, 49, 17, 38, 43, 50, 52, 44, 51, 53]]
[[3,11,9,19,53,77],[16, 37, 49, 17, 38, 43, 50, 52, 44, 51, 54]]
[[2,4,11,20,52,31],[16, 37, 49, 17, 38, 43, 50, 52, 44, 53, 54]]
[[2,6,11,18,52,57],[16, 37, 49, 17, 38, 43, 52, 44, 51, 53, 54]]
[[1,1,7,1,11,49],[16, 37, 17, 38, 43, 50, 52, 44, 51, 53, 54]]
[[4,6,13,10,29,93],[40, 16, 37, 42, 49, 17, 43, 50, 39, 44, 51]]
[[2,4,11,16,22,127],[40, 16, 37, 42, 49, 17, 43, 50, 52, 39, 44]]
[[3,7,12,27,63,40],[40, 16, 37, 42, 49, 17, 43, 50, 39, 44, 53]]
[[3,3,12,11,43,96],[40, 16, 37, 42, 49, 17, 43, 50, 39, 44, 54]]
[[3,5,15,33,38,101],[40, 16, 37, 42, 49, 17, 43, 52, 39, 44, 53]]
[[2,4,14,24,27,88],[40, 16, 37, 42, 49, 17, 43, 39, 44, 53, 54]]
[[3,7,6,35,38,82],[40, 16, 37, 42, 17, 43, 50, 52, 39, 44, 51]]
[[2,6,5,22,17,111],[40, 16, 37, 42, 17, 43, 50, 39, 44, 51, 53]]
[[2,2,11,26,37,101],[40, 16, 37, 42, 17, 43, 50, 39, 44, 51, 54]]
[[4,10,13,18,39,61],[40, 16, 37, 42, 17, 43, 50, 52, 39, 44, 53]]
[[2,4,5,4,32,85],[40, 16, 37, 42, 17, 43, 50, 52, 39, 44, 54]]
[[1,3,4,7,41,48],[40, 16, 37, 42, 17, 43, 50, 39, 44, 53, 54]]
[[2,4,8,12,27,112],[40, 16, 37, 42, 17, 43, 52, 39, 44, 51, 53]]
[[1,1,1,17,26,61],[40, 16, 37, 42, 17, 43, 52, 39, 44, 53, 54]]
[[4,6,10,10,44,90],[40, 16, 37, 42, 49, 17, 43, 50, 39, 51, 53]]
[[2,4,17,20,32,85],[40, 16, 37, 42, 49, 17, 43, 50, 39, 51, 54]]
[[2,6,5,26,22,99],[40, 16, 37, 42, 49, 17, 43, 50, 52, 39, 54]]
[[1,7,4,35,41,82],[40, 16, 37, 42, 49, 17, 43, 39, 51, 53, 54]]
[[3,7,12,27,43,100],[40, 16, 37, 42, 17, 43, 50, 52, 39, 51, 53]]
[[2,8,17,20,57,65],[40, 16, 37, 42, 17, 43, 50, 39, 51, 53, 54]]
[[2,8,11,12,42,89],[40, 16, 37, 42, 17, 43, 50, 52, 39, 53, 54]]
[[4,10,13,18,59,49],[40, 16, 37, 42, 49, 17, 50, 52, 39, 44, 51]]
[[3,7,6,23,43,88],[40, 16, 37, 42, 49, 17, 50, 39, 44, 51, 53]]
[[1,5,10,21,76,62],[40, 16, 37, 42, 49, 17, 50, 39, 44, 51, 54]]
[[3,7,12,19,28,112],[40, 16, 37, 42, 49, 17, 50, 52, 39, 44, 53]]
[[3,7,9,19,33,109],[40, 16, 37, 42, 49, 17, 50, 52, 39, 44, 54]]
[[2,4,11,20,37,73],[40, 16, 37, 42, 49, 17, 50, 39, 44, 53, 54]]
[[3,3,15,19,48,99],[40, 16, 37, 42, 49, 17, 52, 39, 44, 51, 53]]
[[1,3,10,27,31,96],[40, 16, 37, 42, 49, 17, 52, 39, 44, 51, 54]]
[[2,6,8,18,27,114],[40, 16, 37, 42, 49, 17, 39, 44, 51, 53, 54]]
[[2,4,5,4,42,73],[40, 16, 37, 42, 49, 17, 52, 39, 44, 53, 54]]
[[2,2,11,22,32,83],[40, 16, 37, 42, 17, 50, 52, 39, 44, 51, 53]]
[[2,2,14,14,37,80],[40, 16, 37, 42, 17, 50, 52, 39, 44, 51, 54]]
[[1,3,1,19,46,51],[40, 16, 37, 42, 17, 50, 52, 39, 44, 53, 54]]
[[3,7,6,15,43,94],[40, 16, 37, 42, 17, 52, 39, 44, 51, 53, 54]]
[[4,8,25,16,34,83],[40, 16, 37, 42, 49, 17, 50, 52, 39, 51, 53]]
[[1,1,4,21,61,58],[40, 16, 37, 42, 49, 17, 50, 39, 51, 53, 54]]
[[1,1,13,17,31,73],[40, 16, 37, 42, 49, 17, 52, 39, 51, 53, 54]]
[[2,6,11,14,37,81],[40, 16, 37, 42, 17, 50, 52, 39, 51, 53, 54]]
[[1,1,25,33,41,97],[40, 16, 37, 49, 17, 43, 50, 39, 44, 51, 54]]
[[3,5,12,21,53,68],[40, 16, 37, 49, 17, 43, 50, 52, 39, 44, 54]]
[[1,5,7,25,26,95],[40, 16, 37, 49, 17, 43, 52, 39, 44, 51, 54]]
[[2,4,11,20,57,55],[40, 16, 37, 49, 17, 43, 39, 44, 51, 53, 54]]
[[2,4,8,20,62,22],[40, 16, 37, 49, 17, 43, 52, 39, 44, 53, 54]]
[[2,4,5,24,42,61],[40, 16, 37, 17, 43, 50, 52, 39, 44, 51, 53]]
[[1,5,10,17,51,62],[40, 16, 37, 17, 43, 50, 52, 39, 44, 53, 54]]
[[2,4,2,16,32,58],[40, 16, 37, 49, 17, 43, 50, 52, 39, 51, 54]]
[[1,3,10,15,11,84],[40, 16, 37, 49, 17, 43, 50, 39, 51, 53, 54]]
[[1,5,7,25,36,83],[40, 16, 37, 49, 17, 43, 52, 39, 51, 53, 54]]
[[3,9,6,17,48,90],[40, 16, 37, 49, 17, 50, 52, 39, 44, 51, 53]]
[[1,1,19,21,16,73],[40, 16, 37, 49, 17, 50, 52, 39, 44, 51, 54]]
[[2,4,11,28,72,37],[40, 16, 37, 49, 17, 52, 39, 44, 51, 53, 54]]
[[3,5,18,29,48,62],[16, 37, 42, 49, 17, 43, 50, 39, 44, 51, 53]]
[[1,5,4,9,26,68],[16, 37, 42, 49, 17, 43, 50, 39, 44, 51, 54]]
[[3,5,6,21,58,68],[16, 37, 42, 49, 17, 43, 50, 52, 39, 44, 53]]
[[3,11,12,19,58,80],[16, 37, 42, 49, 17, 43, 50, 52, 39, 44, 54]]
[[2,8,2,20,42,98],[16, 37, 42, 49, 17, 43, 50, 39, 44, 53, 54]]
[[1,3,7,19,51,57],[16, 37, 42, 49, 17, 43, 52, 39, 44, 51, 54]]
[[2,6,11,14,52,33],[16, 37, 42, 17, 43, 50, 52, 39, 44, 51, 53]]
[[3,9,6,25,58,90],[16, 37, 42, 17, 43, 50, 39, 44, 51, 53, 54]]
[[1,1,16,17,26,82],[16, 37, 42, 17, 43, 50, 52, 39, 44, 53, 54]]
[[4,8,7,24,54,83],[16, 37, 42, 49, 17, 43, 50, 52, 39, 51, 53]]
[[2,4,8,16,42,64],[16, 37, 42, 49, 17, 43, 50, 52, 39, 51, 54]]
[[1,3,10,31,51,102],[16, 37, 42, 49, 17, 43, 50, 39, 51, 53, 54]]
[[1,3,4,15,36,60],[16, 37, 42, 49, 17, 43, 52, 39, 51, 53, 54]]
[[2,2,14,22,47,62],[16, 37, 42, 17, 43, 50, 52, 39, 51, 53, 54]]
[[1,3,13,23,41,87],[16, 37, 42, 49, 17, 50, 52, 39, 44, 51, 54]]
[[2,2,5,22,52,35],[16, 37, 42, 49, 17, 50, 39, 44, 51, 53, 54]]
[[2,6,5,18,32,51],[16, 37, 42, 49, 17, 50, 52, 39, 44, 53, 54]]
[[2,4,8,16,27,100],[16, 37, 42, 49, 17, 52, 39, 44, 51, 53, 54]]
[[3,3,6,15,33,72],[16, 37, 42, 17, 50, 52, 39, 44, 51, 53, 54]]
[[3,7,3,15,38,85],[16, 37, 49, 17, 43, 50, 52, 39, 44, 51, 53]]
[[1,9,1,33,41,57],[16, 37, 49, 17, 43, 50, 52, 39, 44, 51, 54]]
[[2,4,8,28,47,64],[16, 37, 49, 17, 43, 50, 39, 44, 51, 53, 54]]
[[2,4,14,24,52,64],[16, 37, 49, 17, 43, 52, 39, 44, 51, 53, 54]]
[[3,5,12,25,43,74],[16, 37, 17, 43, 50, 52, 39, 44, 51, 53, 54]]
[[1,7,4,39,61,76],[16, 37, 49, 17, 43, 50, 52, 39, 51, 53, 54]]
[[4,8,7,16,49,77],[40, 16, 37, 42, 49, 17, 43, 50, 52, 44, 53]]
[[3,3,6,15,43,66],[40, 16, 37, 42, 49, 17, 43, 50, 44, 53, 54]]
[[4,6,10,30,49,60],[40, 16, 37, 42, 49, 17, 43, 52, 44, 51, 53]]
[[3,7,9,15,53,49],[40, 16, 37, 42, 49, 17, 43, 44, 51, 53, 54]]
[[4,8,16,12,39,92],[40, 16, 37, 42, 17, 43, 50, 52, 44, 53, 54]]
[[2,10,17,14,42,61],[40, 16, 37, 42, 17, 43, 52, 44, 51, 53, 54]]
[[3,5,15,29,33,101],[40, 16, 37, 42, 49, 17, 43, 50, 52, 51, 53]]
[[2,2,5,18,32,65],[40, 16, 37, 42, 49, 17, 43, 50, 52, 53, 54]]
[[3,7,6,27,48,70],[40, 16, 37, 42, 17, 43, 50, 52, 51, 53, 54]]
[[4,6,13,26,29,99],[40, 16, 37, 42, 49, 17, 50, 52, 44, 51, 53]]
[[4,10,16,26,24,106],[40, 16, 37, 42, 49, 17, 50, 52, 44, 51, 54]]
[[3,5,6,21,38,128],[40, 16, 37, 42, 49, 17, 50, 44, 51, 53, 54]]
[[3,7,9,19,8,103],[40, 16, 37, 42, 49, 17, 50, 52, 44, 53, 54]]
[[3,7,12,23,18,82],[40, 16, 37, 42, 49, 17, 52, 44, 51, 53, 54]]
[[3,5,21,13,23,89],[40, 16, 37, 49, 17, 43, 50, 44, 51, 53, 54]]
[[3,9,12,21,43,78],[40, 16, 37, 49, 17, 43, 50, 52, 44, 53, 54]]
[[2,6,5,42,37,69],[40, 16, 37, 17, 43, 50, 52, 44, 51, 53, 54]]
[[4,4,10,20,34,106],[40, 16, 37, 49, 17, 43, 50, 52, 51, 53, 54]]
[[3,5,6,25,23,110],[40, 16, 37, 49, 17, 50, 52, 44, 51, 53, 54]]
[[3,5,15,17,38,101],[16, 37, 42, 49, 17, 43, 50, 52, 44, 53, 54]]
[[3,5,6,21,28,110],[16, 37, 42, 49, 17, 43, 52, 44, 51, 53, 54]]
[[4,6,10,30,49,60],[16, 37, 42, 49, 17, 43, 50, 52, 51, 53, 54]]
[[3,5,24,21,33,104],[16, 37, 42, 49, 17, 50, 52, 44, 51, 53, 54]]
[[3,7,12,31,38,64],[16, 37, 49, 17, 43, 50, 52, 44, 51, 53, 54]]
[[3,7,6,19,33,112],[40, 16, 42, 49, 17, 38, 43, 50, 39, 44, 51]]
[[3,9,9,45,33,45],[40, 16, 42, 49, 17, 38, 43, 50, 52, 39, 44]]
[[4,10,10,22,39,46],[40, 16, 42, 49, 17, 38, 43, 50, 39, 44, 53]]
[[3,9,6,21,53,72],[40, 16, 42, 49, 17, 38, 43, 52, 39, 44, 51]]
[[2,6,2,14,32,66],[40, 16, 42, 49, 17, 38, 43, 39, 44, 51, 54]]
[[4,6,10,14,44,78],[40, 16, 42, 49, 17, 38, 43, 52, 39, 44, 53]]
[[2,2,8,18,42,56],[40, 16, 42, 49, 17, 38, 43, 52, 39, 44, 54]]
[[4,8,13,20,39,83],[40, 16, 42, 17, 38, 43, 50, 52, 39, 44, 51]]
[[1,3,10,15,46,42],[40, 16, 42, 17, 38, 43, 50, 39, 44, 51, 54]]
[[3,5,3,13,33,89],[40, 16, 42, 17, 38, 43, 50, 52, 39, 44, 53]]
[[2,6,14,26,52,72],[40, 16, 42, 17, 38, 43, 50, 39, 44, 53, 54]]
[[1,1,13,13,21,73],[40, 16, 42, 17, 38, 43, 52, 39, 44, 51, 54]]
[[2,4,11,16,32,85],[40, 16, 42, 17, 38, 43, 39, 44, 51, 53, 54]]
[[2,4,8,16,32,76],[40, 16, 42, 49, 17, 38, 43, 50, 52, 39, 51]]
[[3,3,6,19,28,108],[40, 16, 42, 49, 17, 38, 43, 50, 39, 51, 53]]
[[1,9,7,21,36,81],[40, 16, 42, 49, 17, 38, 43, 50, 52, 39, 54]]
[[3,3,6,19,38,90],[40, 16, 42, 49, 17, 38, 43, 52, 39, 51, 53]]
[[3,5,12,13,38,62],[40, 16, 42, 49, 17, 38, 43, 52, 39, 51, 54]]
[[2,4,5,20,37,49],[40, 16, 42, 49, 17, 38, 43, 52, 39, 53, 54]]
[[4,8,10,28,39,86],[40, 16, 42, 17, 38, 43, 50, 52, 39, 51, 53]]
[[1,5,7,17,31,89],[40, 16, 42, 17, 38, 43, 50, 39, 51, 53, 54]]
[[1,5,16,17,41,50],[40, 16, 42, 17, 38, 43, 52, 39, 51, 53, 54]]
[[2,6,14,18,37,96],[40, 16, 42, 49, 17, 38, 50, 39, 44, 51, 53]]
[[2,2,8,6,32,74],[40, 16, 42, 49, 17, 38, 50, 39, 44, 51, 54]]
[[2,4,11,12,32,85],[40, 16, 42, 49, 17, 38, 50, 52, 39, 44, 54]]
[[2,2,5,18,27,65],[40, 16, 42, 49, 17, 38, 52, 39, 44, 51, 54]]
[[3,7,12,19,18,112],[40, 16, 42, 49, 17, 38, 39, 44, 51, 53, 54]]
[[1,1,7,13,36,61],[40, 16, 42, 49, 17, 38, 52, 39, 44, 53, 54]]
[[3,5,6,25,33,92],[40, 16, 42, 17, 38, 50, 52, 39, 44, 51, 53]]
[[1,3,1,15,31,51],[40, 16, 42, 17, 38, 50, 52, 39, 44, 51, 54]]
[[2,6,8,26,52,66],[40, 16, 42, 17, 38, 50, 39, 44, 51, 53, 54]]
[[2,4,5,28,37,67],[40, 16, 42, 17, 38, 52, 39, 44, 51, 53, 54]]
[[2,2,2,22,42,38],[40, 16, 42, 49, 17, 38, 50, 39, 51, 53, 54]]
[[1,7,16,19,76,58],[40, 16, 42, 17, 38, 50, 52, 39, 51, 53, 54]]
[[3,7,15,27,53,61],[40, 16, 49, 17, 38, 43, 50, 52, 39, 44, 51]]
[[2,6,8,30,47,66],[40, 16, 49, 17, 38, 43, 50, 39, 44, 51, 53]]
[[2,4,11,20,52,31],[40, 16, 49, 17, 38, 43, 50, 52, 39, 44, 54]]
[[1,3,10,27,46,90],[40, 16, 49, 17, 38, 43, 50, 39, 44, 53, 54]]
[[2,2,5,18,27,77],[40, 16, 49, 17, 38, 43, 52, 39, 44, 51, 53]]
[[2,6,11,18,52,57],[40, 16, 49, 17, 38, 43, 52, 39, 44, 51, 54]]
[[1,3,7,15,36,69],[40, 16, 49, 17, 38, 43, 52, 39, 44, 53, 54]]
[[3,5,15,33,38,101],[40, 16, 17, 38, 43, 50, 52, 39, 44, 51, 53]]
[[1,1,7,1,11,49],[40, 16, 17, 38, 43, 50, 52, 39, 44, 51, 54]]
[[2,4,11,8,32,43],[40, 16, 17, 38, 43, 50, 39, 44, 51, 53, 54]]
[[2,8,11,24,42,101],[40, 16, 17, 38, 43, 52, 39, 44, 51, 53, 54]]
[[3,3,9,7,43,117],[40, 16, 49, 17, 38, 43, 50, 52, 39, 51, 53]]
[[2,6,5,26,42,63],[40, 16, 49, 17, 38, 43, 50, 39, 51, 53, 54]]
[[2,2,14,10,22,104],[40, 16, 49, 17, 38, 43, 52, 39, 51, 53, 54]]
[[1,3,7,31,71,87],[40, 16, 17, 38, 43, 50, 52, 39, 51, 53, 54]]
[[2,6,5,14,27,99],[40, 16, 49, 17, 38, 50, 52, 39, 44, 51, 53]]
[[3,5,9,25,38,53],[40, 16, 49, 17, 38, 50, 39, 44, 51, 53, 54]]
[[1,3,13,23,21,87],[40, 16, 49, 17, 38, 50, 52, 39, 44, 53, 54]]
[[2,4,8,16,37,40],[40, 16, 17, 38, 50, 52, 39, 44, 51, 53, 54]]
[[2,8,8,20,42,80],[40, 16, 49, 17, 38, 50, 52, 39, 51, 53, 54]]
[[3,3,12,31,38,84],[16, 42, 49, 17, 38, 43, 50, 52, 39, 44, 51]]
[[2,2,14,22,32,86],[16, 42, 49, 17, 38, 43, 50, 39, 44, 51, 53]]
[[2,4,17,20,37,73],[16, 42, 49, 17, 38, 43, 50, 39, 44, 51, 54]]
[[4,6,10,26,39,96],[16, 42, 49, 17, 38, 43, 50, 52, 39, 44, 53]]
[[1,1,13,13,16,67],[16, 42, 49, 17, 38, 43, 50, 39, 44, 53, 54]]
[[2,4,5,24,32,61],[16, 42, 49, 17, 38, 43, 52, 39, 44, 51, 53]]
[[2,4,5,24,27,97],[16, 42, 49, 17, 38, 43, 52, 39, 44, 51, 54]]
[[3,9,6,25,33,90],[16, 42, 49, 17, 38, 43, 39, 44, 51, 53, 54]]
[[1,3,16,23,26,72],[16, 42, 49, 17, 38, 43, 52, 39, 44, 53, 54]]
[[3,3,12,7,33,120],[16, 42, 17, 38, 43, 50, 52, 39, 44, 51, 53]]
[[1,3,10,3,21,54],[16, 42, 17, 38, 43, 50, 52, 39, 44, 51, 54]]
[[2,2,8,6,22,98],[16, 42, 17, 38, 43, 50, 52, 39, 44, 53, 54]]
[[3,7,9,15,18,91],[16, 42, 49, 17, 38, 43, 50, 52, 39, 51, 53]]
[[2,6,11,22,52,57],[16, 42, 49, 17, 38, 43, 50, 39, 51, 53, 54]]
[[1,1,4,21,46,64],[16, 42, 17, 38, 43, 50, 52, 39, 51, 53, 54]]
[[2,4,8,36,57,52],[16, 42, 49, 17, 38, 50, 52, 39, 44, 51, 53]]
[[2,6,8,22,42,90],[16, 42, 49, 17, 38, 50, 52, 39, 44, 51, 54]]
[[3,7,3,15,68,97],[16, 42, 49, 17, 38, 50, 39, 44, 51, 53, 54]]
[[1,3,4,23,31,72],[16, 42, 49, 17, 38, 50, 52, 39, 44, 53, 54]]
[[3,3,6,15,38,72],[16, 42, 49, 17, 38, 52, 39, 44, 51, 53, 54]]
[[2,4,14,28,42,70],[16, 42, 17, 38, 50, 52, 39, 44, 51, 53, 54]]
[[2,6,17,26,52,75],[16, 42, 49, 17, 38, 50, 52, 39, 51, 53, 54]]
[[2,2,5,6,27,65],[16, 49, 17, 38, 43, 50, 52, 39, 44, 51, 53]]
[[1,5,1,25,36,65],[16, 49, 17, 38, 43, 50, 52, 39, 44, 53, 54]]
[[2,4,20,24,37,100],[16, 17, 38, 43, 50, 52, 39, 44, 51, 53, 54]]
[[2,4,14,16,22,94],[16, 49, 17, 38, 43, 50, 52, 39, 51, 53, 54]]
[[3,9,12,29,28,102],[16, 49, 17, 38, 50, 52, 39, 44, 51, 53, 54]]
[[3,7,6,23,43,88],[40, 16, 42, 49, 17, 38, 43, 50, 52, 44, 53]]
[[5,7,8,27,65,82],[40, 16, 42, 49, 17, 38, 43, 52, 44, 51, 53]]
[[2,4,5,8,47,61],[40, 16, 42, 49, 17, 38, 43, 44, 51, 53, 54]]
[[4,10,10,42,19,46],[40, 16, 42, 49, 17, 38, 43, 50, 52, 51, 53]]
[[2,4,20,28,37,94],[40, 16, 42, 49, 17, 38, 43, 50, 52, 51, 54]]
[[3,7,15,23,28,103],[40, 16, 42, 49, 17, 38, 43, 52, 51, 53, 54]]
[[3,7,12,35,48,70],[40, 16, 42, 49, 17, 38, 50, 52, 44, 51, 54]]
[[2,4,11,12,17,73],[40, 16, 42, 49, 17, 38, 50, 44, 51, 53, 54]]
[[4,10,10,22,34,94],[40, 16, 42, 49, 17, 38, 50, 52, 44, 53, 54]]
[[5,5,8,21,50,56],[40, 16, 49, 17, 38, 43, 50, 52, 44, 51, 53]]
[[3,5,12,9,23,98],[40, 16, 49, 17, 38, 43, 50, 52, 44, 51, 54]]
[[2,6,2,30,42,72],[40, 16, 49, 17, 38, 43, 50, 44, 51, 53, 54]]
[[3,7,12,23,28,64],[40, 16, 17, 38, 43, 50, 52, 44, 51, 53, 54]]
[[3,7,6,15,68,82],[40, 16, 49, 17, 38, 43, 50, 52, 51, 53, 54]]
[[2,6,14,18,57,66],[40, 16, 49, 17, 38, 50, 52, 44, 51, 53, 54]]
[[2,8,11,28,42,65],[16, 42, 49, 17, 38, 43, 52, 44, 51, 53, 54]]
[[2,6,8,14,42,90],[16, 42, 49, 17, 38, 50, 52, 44, 51, 53, 54]]
[[2,2,17,14,27,89],[16, 49, 17, 38, 43, 50, 52, 44, 51, 53, 54]]
[[5,7,5,27,65,61],[40, 16, 42, 49, 17, 43, 50, 52, 39, 44, 53]]
[[3,5,15,17,38,101],[40, 16, 42, 49, 17, 43, 50, 52, 39, 44, 54]]
[[2,6,8,18,22,48],[40, 16, 42, 49, 17, 43, 50, 39, 44, 53, 54]]
[[3,7,12,19,43,112],[40, 16, 42, 49, 17, 43, 52, 39, 44, 51, 53]]
[[3,5,6,21,28,110],[40, 16, 42, 49, 17, 43, 52, 39, 44, 51, 54]]
[[4,6,7,22,29,99],[40, 16, 42, 49, 17, 43, 50, 52, 39, 51, 53]]
[[4,6,10,30,49,60],[40, 16, 42, 49, 17, 43, 50, 52, 39, 51, 54]]
[[3,9,6,13,48,66],[40, 16, 42, 49, 17, 43, 50, 52, 39, 53, 54]]
[[3,5,6,17,28,92],[40, 16, 42, 49, 17, 43, 52, 39, 51, 53, 54]]
[[3,9,15,21,28,81],[40, 16, 42, 49, 17, 50, 52, 39, 44, 51, 53]]
[[3,5,24,21,33,104],[40, 16, 42, 49, 17, 50, 52, 39, 44, 51, 54]]
[[4,4,7,12,49,91],[40, 16, 42, 49, 17, 50, 39, 44, 51, 53, 54]]
[[4,10,10,26,34,64],[40, 16, 42, 49, 17, 52, 39, 44, 51, 53, 54]]
[[3,5,9,13,48,101],[40, 16, 42, 17, 50, 52, 39, 44, 51, 53, 54]]
[[3,9,6,29,33,102],[40, 16, 49, 17, 43, 50, 52, 39, 44, 51, 53]]
[[3,7,12,31,38,64],[40, 16, 49, 17, 43, 50, 52, 39, 44, 51, 54]]
[[2,4,8,12,37,70],[40, 16, 49, 17, 43, 50, 52, 39, 44, 53, 54]]
[[4,6,7,22,64,63],[40, 16, 49, 17, 43, 52, 39, 44, 51, 53, 54]]
[[3,3,6,19,43,54],[40, 16, 17, 43, 50, 52, 39, 44, 51, 53, 54]]
[[3,9,9,17,58,105],[40, 16, 49, 17, 43, 50, 52, 39, 51, 53, 54]]
[[4,10,16,26,24,106],[16, 42, 49, 17, 50, 52, 39, 44, 51, 53, 54]]
[[2,6,5,26,17,81],[40, 16, 42, 49, 17, 43, 50, 52, 44, 51, 54]]
[[1,5,4,9,26,68],[40, 16, 42, 49, 17, 43, 50, 44, 51, 53, 54]]
[[3,11,12,19,58,80],[40, 16, 42, 49, 17, 43, 50, 52, 44, 53, 54]]
[[1,3,7,19,51,57],[40, 16, 42, 49, 17, 43, 52, 44, 51, 53, 54]]
[[2,4,8,16,42,64],[40, 16, 42, 49, 17, 43, 50, 52, 51, 53, 54]]
[[1,3,13,23,41,87],[40, 16, 42, 49, 17, 50, 52, 44, 51, 53, 54]]
[[1,9,1,33,41,57],[40, 16, 49, 17, 43, 50, 52, 44, 51, 53, 54]]
[[1,3,10,19,46,54],[16, 42, 49, 17, 43, 50, 52, 44, 51, 53, 54]]
[[4,4,7,24,44,85],[34, 35, 40, 37, 42, 17, 38, 43, 18, 39, 44]]
[[3,7,12,31,33,58],[34, 35, 40, 37, 42, 49, 17, 38, 18, 39, 54]]
[[5,7,11,23,40,91],[34, 35, 40, 37, 42, 17, 38, 50, 18, 39, 51]]
[[4,10,13,18,49,61],[34, 35, 40, 37, 42, 17, 38, 50, 18, 39, 54]]
[[2,4,17,20,42,85],[34, 35, 40, 37, 42, 17, 38, 18, 39, 51, 54]]
[[4,8,10,20,69,80],[34, 35, 40, 37, 42, 17, 38, 52, 18, 39, 54]]
[[3,7,21,23,38,79],[34, 35, 40, 37, 42, 17, 38, 18, 39, 53, 54]]
[[4,8,10,32,39,50],[34, 35, 40, 37, 17, 38, 43, 18, 39, 44, 51]]
[[4,6,16,46,29,48],[34, 35, 40, 37, 49, 17, 38, 43, 18, 39, 51]]
[[3,9,12,33,38,66],[34, 35, 40, 37, 49, 17, 38, 43, 18, 39, 54]]
[[4,6,10,30,29,78],[34, 35, 40, 37, 17, 38, 43, 18, 39, 51, 53]]
[[2,4,8,12,27,106],[34, 35, 40, 37, 17, 38, 43, 18, 39, 51, 54]]
[[4,10,19,22,34,61],[34, 35, 40, 37, 17, 38, 43, 52, 18, 39, 54]]
[[5,9,14,29,30,66],[34, 35, 40, 37, 49, 17, 38, 50, 18, 39, 44]]
[[4,10,10,26,34,64],[34, 35, 40, 37, 49, 17, 38, 18, 39, 44, 53]]
[[4,10,16,22,34,70],[34, 35, 40, 37, 17, 38, 50, 18, 39, 44, 51]]
[[4,6,19,18,44,117],[34, 35, 40, 37, 17, 38, 50, 52, 18, 39, 44]]
[[3,7,18,27,28,106],[34, 35, 40, 37, 17, 38, 50, 18, 39, 44, 53]]
[[3,9,12,17,38,84],[34, 35, 40, 37, 17, 38, 50, 18, 39, 44, 54]]
[[5,11,11,27,30,65],[34, 35, 40, 37, 17, 38, 18, 39, 44, 51, 53]]
[[3,7,9,35,43,85],[34, 35, 40, 37, 17, 38, 52, 18, 39, 44, 53]]
[[3,7,6,7,58,64],[34, 35, 40, 37, 17, 38, 52, 18, 39, 44, 54]]
[[4,8,16,32,34,56],[34, 35, 40, 37, 49, 17, 38, 52, 18, 39, 51]]
[[3,5,12,17,28,92],[34, 35, 40, 37, 49, 17, 38, 18, 39, 51, 53]]
[[3,7,9,19,43,85],[34, 35, 40, 37, 17, 38, 50, 18, 39, 53, 54]]
[[4,8,13,28,34,77],[34, 35, 40, 37, 17, 38, 52, 18, 39, 51, 53]]
[[2,6,11,30,37,75],[34, 35, 40, 37, 17, 38, 52, 18, 39, 51, 54]]
[[3,3,6,11,43,60],[34, 35, 40, 37, 17, 38, 18, 39, 51, 53, 54]]
[[5,7,17,31,40,43],[34, 35, 37, 42, 49, 17, 38, 43, 18, 39, 44]]
[[4,6,10,14,54,90],[34, 35, 37, 42, 17, 38, 43, 50, 18, 39, 44]]
[[4,8,7,20,44,95],[34, 35, 37, 42, 17, 38, 43, 52, 18, 39, 44]]
[[3,5,6,25,18,80],[34, 35, 37, 42, 17, 38, 43, 18, 39, 44, 53]]
[[3,5,3,9,48,65],[34, 35, 37, 42, 17, 38, 43, 18, 39, 44, 54]]
[[5,9,17,25,35,63],[34, 35, 37, 42, 17, 38, 43, 50, 18, 39, 51]]
[[3,3,15,23,43,111],[34, 35, 37, 42, 17, 38, 43, 18, 39, 53, 54]]
[[2,6,2,6,42,84],[34, 35, 37, 42, 49, 17, 38, 18, 39, 44, 54]]
[[4,6,7,18,64,69],[34, 35, 37, 42, 17, 38, 50, 18, 39, 44, 51]]
[[3,3,12,7,33,120],[34, 35, 37, 42, 17, 38, 52, 18, 39, 44, 53]]
[[3,11,6,31,48,98],[34, 35, 37, 42, 17, 38, 52, 18, 39, 44, 54]]
[[4,8,10,24,59,68],[34, 35, 37, 42, 49, 17, 38, 50, 18, 39, 51]]
[[3,5,6,13,28,110],[34, 35, 37, 42, 49, 17, 38, 50, 18, 39, 54]]
[[3,5,6,13,38,74],[34, 35, 37, 42, 49, 17, 38, 18, 39, 51, 54]]
[[3,9,6,17,68,108],[34, 35, 37, 42, 49, 17, 38, 52, 18, 39, 54]]
[[2,6,20,34,22,96],[34, 35, 37, 42, 49, 17, 38, 18, 39, 53, 54]]
[[5,9,11,25,50,51],[34, 35, 37, 42, 17, 38, 50, 52, 18, 39, 51]]
[[2,4,14,16,47,82],[34, 35, 37, 42, 17, 38, 50, 18, 39, 51, 54]]
[[3,9,15,25,23,111],[34, 35, 37, 42, 17, 38, 50, 18, 39, 53, 54]]
[[4,10,13,18,24,103],[34, 35, 37, 42, 17, 38, 52, 18, 39, 51, 53]]
[[2,4,14,20,37,52],[34, 35, 37, 42, 17, 38, 52, 18, 39, 51, 54]]
[[3,3,6,19,53,54],[34, 35, 37, 42, 17, 38, 52, 18, 39, 53, 54]]
[[3,7,15,31,58,31],[34, 35, 37, 49, 17, 38, 43, 18, 39, 44, 51]]
[[3,7,6,15,63,88],[34, 35, 37, 17, 38, 43, 50, 18, 39, 44, 54]]
[[4,4,10,28,44,70],[34, 35, 37, 17, 38, 43, 52, 18, 39, 44, 51]]
[[5,7,11,27,50,49],[34, 35, 37, 17, 38, 43, 18, 39, 44, 51, 53]]
[[3,7,9,11,38,73],[34, 35, 37, 17, 38, 43, 18, 39, 44, 51, 54]]
[[3,3,6,23,33,48],[34, 35, 37, 49, 17, 38, 43, 50, 18, 39, 54]]
[[4,8,7,20,54,71],[34, 35, 37, 49, 17, 38, 43, 52, 18, 39, 51]]
[[3,5,6,13,38,74],[34, 35, 37, 49, 17, 38, 43, 18, 39, 51, 53]]
[[3,5,12,21,33,74],[34, 35, 37, 49, 17, 38, 43, 52, 18, 39, 54]]
[[2,2,8,18,47,56],[34, 35, 37, 49, 17, 38, 43, 18, 39, 53, 54]]
[[2,4,8,20,27,82],[34, 35, 37, 17, 38, 43, 50, 18, 39, 51, 54]]
[[3,3,18,11,43,96],[34, 35, 37, 17, 38, 43, 50, 18, 39, 53, 54]]
[[4,6,16,14,44,96],[34, 35, 37, 17, 38, 43, 52, 18, 39, 51, 53]]
[[2,6,5,14,27,69],[34, 35, 37, 17, 38, 43, 52, 18, 39, 51, 54]]
[[3,7,12,19,33,124],[34, 35, 37, 17, 38, 43, 18, 39, 51, 53, 54]]
[[3,5,12,25,48,56],[34, 35, 37, 49, 17, 38, 50, 18, 39, 44, 51]]
[[5,5,8,25,55,86],[34, 35, 37, 49, 17, 38, 50, 52, 18, 39, 44]]
[[4,8,13,24,44,77],[34, 35, 37, 49, 17, 38, 50, 18, 39, 44, 53]]
[[2,2,5,10,27,65],[34, 35, 37, 49, 17, 38, 50, 18, 39, 44, 54]]
[[3,5,12,17,43,122],[34, 35, 37, 49, 17, 38, 52, 18, 39, 44, 51]]
[[4,6,10,26,39,120],[34, 35, 37, 49, 17, 38, 18, 39, 44, 51, 53]]
[[4,6,10,26,44,120],[34, 35, 37, 49, 17, 38, 52, 18, 39, 44, 53]]
[[2,2,5,26,42,59],[34, 35, 37, 49, 17, 38, 52, 18, 39, 44, 54]]
[[3,7,9,27,43,61],[34, 35, 37, 49, 17, 38, 18, 39, 44, 53, 54]]
[[4,8,13,20,49,77],[34, 35, 37, 17, 38, 50, 52, 18, 39, 44, 51]]
[[5,7,17,31,40,43],[34, 35, 37, 17, 38, 50, 18, 39, 44, 51, 53]]
[[3,9,6,25,43,66],[34, 35, 37, 17, 38, 50, 52, 18, 39, 44, 53]]
[[3,5,12,29,43,56],[34, 35, 37, 17, 38, 50, 52, 18, 39, 44, 54]]
[[5,5,17,17,65,95],[34, 35, 37, 17, 38, 52, 18, 39, 44, 51, 53]]
[[3,5,6,9,53,74],[34, 35, 37, 17, 38, 52, 18, 39, 44, 51, 54]]
[[2,2,23,14,27,95],[34, 35, 37, 17, 38, 18, 39, 44, 51, 53, 54]]
[[4,6,10,18,44,84],[34, 35, 37, 17, 38, 52, 18, 39, 44, 53, 54]]
[[2,4,8,12,32,58],[34, 35, 37, 49, 17, 38, 50, 18, 39, 53, 54]]
[[3,5,6,17,33,110],[34, 35, 37, 49, 17, 38, 52, 18, 39, 51, 53]]
[[4,10,10,26,39,88],[34, 35, 37, 49, 17, 38, 18, 39, 51, 53, 54]]
[[3,7,6,27,38,112],[34, 35, 37, 17, 38, 50, 52, 18, 39, 53, 54]]
[[3,7,12,35,38,94],[34, 35, 37, 17, 38, 52, 18, 39, 51, 53, 54]]
[[3,5,18,21,48,86],[34, 35, 40, 37, 42, 17, 38, 43, 18, 44, 51]]
[[3,7,12,27,38,64],[34, 35, 40, 37, 42, 17, 38, 43, 52, 18, 44]]
[[3,9,9,21,53,93],[34, 35, 40, 37, 42, 49, 17, 38, 43, 18, 51]]
[[2,4,11,8,17,85],[34, 35, 40, 37, 42, 49, 17, 38, 43, 18, 54]]
[[2,6,8,22,27,102],[34, 35, 40, 37, 42, 17, 38, 43, 50, 18, 51]]
[[1,1,4,21,36,70],[34, 35, 40, 37, 42, 17, 38, 43, 50, 18, 54]]
[[2,8,11,24,17,77],[34, 35, 40, 37, 42, 17, 38, 43, 52, 18, 51]]
[[3,3,3,31,23,63],[34, 35, 40, 37, 42, 17, 38, 43, 18, 51, 53]]
[[1,3,13,31,51,105],[34, 35, 40, 37, 42, 17, 38, 43, 52, 18, 54]]
[[2,2,8,14,32,62],[34, 35, 40, 37, 42, 49, 17, 38, 50, 18, 44]]
[[2,2,11,14,27,59],[34, 35, 40, 37, 42, 49, 17, 38, 52, 18, 44]]
[[3,7,18,35,28,88],[34, 35, 40, 37, 42, 49, 17, 38, 18, 44, 54]]
[[3,5,6,13,53,62],[34, 35, 40, 37, 42, 17, 38, 50, 18, 44, 51]]
[[4,10,10,34,24,58],[34, 35, 40, 37, 42, 17, 38, 50, 18, 44, 53]]
[[2,4,11,16,42,85],[34, 35, 40, 37, 42, 17, 38, 50, 18, 44, 54]]
[[2,4,11,28,52,49],[34, 35, 40, 37, 42, 17, 38, 18, 44, 51, 53]]
[[2,4,8,12,37,46],[34, 35, 40, 37, 42, 17, 38, 52, 18, 44, 54]]
[[3,3,15,15,33,63],[34, 35, 40, 37, 42, 49, 17, 38, 50, 18, 51]]
[[2,4,14,20,37,94],[34, 35, 40, 37, 42, 49, 17, 38, 18, 51, 54]]
[[2,6,8,34,42,72],[34, 35, 40, 37, 42, 49, 17, 38, 52, 18, 54]]
[[3,3,9,15,33,87],[34, 35, 40, 37, 42, 49, 17, 38, 18, 53, 54]]
[[2,4,8,8,27,76],[34, 35, 40, 37, 42, 17, 38, 50, 52, 18, 51]]
[[3,7,18,23,33,112],[34, 35, 40, 37, 42, 17, 38, 50, 18, 51, 53]]
[[3,7,12,11,38,58],[34, 35, 40, 37, 42, 17, 38, 50, 18, 51, 54]]
[[2,2,5,18,32,71],[34, 35, 40, 37, 42, 17, 38, 50, 18, 53, 54]]
[[2,8,11,12,47,65],[34, 35, 40, 37, 42, 17, 38, 18, 51, 53, 54]]
[[2,4,5,32,42,49],[34, 35, 40, 37, 42, 17, 38, 52, 18, 53, 54]]
[[2,2,23,14,22,83],[34, 35, 40, 37, 49, 17, 38, 43, 50, 18, 44]]
[[3,7,9,19,43,97],[34, 35, 40, 37, 49, 17, 38, 43, 18, 44, 53]]
[[3,5,6,9,43,86],[34, 35, 40, 37, 17, 38, 43, 50, 52, 18, 44]]
[[2,10,11,34,37,85],[34, 35, 40, 37, 17, 38, 43, 50, 18, 44, 54]]
[[3,9,6,9,83,90],[34, 35, 40, 37, 17, 38, 43, 52, 18, 44, 51]]
[[2,4,8,8,37,76],[34, 35, 40, 37, 17, 38, 43, 18, 44, 51, 53]]
[[2,4,5,8,22,109],[34, 35, 40, 37, 17, 38, 43, 18, 44, 51, 54]]
[[4,6,16,42,34,48],[34, 35, 40, 37, 17, 38, 43, 52, 18, 44, 53]]
[[2,8,11,28,47,59],[34, 35, 40, 37, 17, 38, 43, 52, 18, 44, 54]]
[[3,3,12,27,43,66],[34, 35, 40, 37, 49, 17, 38, 43, 50, 18, 51]]
[[4,6,7,26,49,129],[34, 35, 40, 37, 49, 17, 38, 43, 18, 51, 53]]
[[2,4,14,16,22,76],[34, 35, 40, 37, 49, 17, 38, 43, 18, 51, 54]]
[[2,8,11,12,47,53],[34, 35, 40, 37, 49, 17, 38, 43, 52, 18, 54]]
[[2,4,20,20,32,58],[34, 35, 40, 37, 17, 38, 43, 50, 52, 18, 51]]
[[3,5,15,17,28,107],[34, 35, 40, 37, 17, 38, 43, 50, 18, 51, 54]]
[[2,6,11,22,52,81],[34, 35, 40, 37, 17, 38, 43, 50, 18, 53, 54]]
[[2,2,14,22,42,86],[34, 35, 40, 37, 17, 38, 43, 52, 18, 53, 54]]
[[4,8,10,16,39,92],[34, 35, 40, 37, 49, 17, 38, 50, 18, 44, 51]]
[[2,2,11,6,12,107],[34, 35, 40, 37, 49, 17, 38, 50, 52, 18, 44]]
[[3,5,15,13,33,95],[34, 35, 40, 37, 49, 17, 38, 50, 18, 44, 53]]
[[1,3,7,11,31,69],[34, 35, 40, 37, 49, 17, 38, 18, 44, 51, 54]]
[[3,3,27,19,53,69],[34, 35, 40, 37, 49, 17, 38, 52, 18, 44, 53]]
[[3,7,12,15,53,94],[34, 35, 40, 37, 49, 17, 38, 52, 18, 44, 54]]
[[2,4,8,28,47,46],[34, 35, 40, 37, 49, 17, 38, 18, 44, 53, 54]]
[[3,3,3,27,18,75],[34, 35, 40, 37, 17, 38, 50, 52, 18, 44, 51]]
[[2,2,8,22,42,62],[34, 35, 40, 37, 17, 38, 50, 18, 44, 51, 53]]
[[2,4,2,16,22,70],[34, 35, 40, 37, 17, 38, 50, 18, 44, 51, 54]]
[[1,5,7,25,51,65],[34, 35, 40, 37, 17, 38, 50, 18, 44, 53, 54]]
[[2,4,8,8,47,70],[34, 35, 40, 37, 17, 38, 52, 18, 44, 51, 53]]
[[2,8,8,24,22,86],[34, 35, 40, 37, 17, 38, 52, 18, 44, 51, 54]]
[[3,5,9,13,38,83],[34, 35, 40, 37, 17, 38, 18, 44, 51, 53, 54]]
[[1,7,7,23,36,79],[34, 35, 40, 37, 17, 38, 52, 18, 44, 53, 54]]
[[3,9,12,45,33,54],[34, 35, 40, 37, 49, 17, 38, 50, 52, 18, 51]]
[[4,4,19,12,54,103],[34, 35, 40, 37, 49, 17, 38, 52, 18, 51, 53]]
[[2,2,20,18,32,86],[34, 35, 40, 37, 49, 17, 38, 52, 18, 51, 54]]
[[1,1,4,13,51,40],[34, 35, 40, 37, 49, 17, 38, 18, 51, 53, 54]]
[[3,5,15,25,38,71],[34, 35, 40, 37, 17, 38, 50, 52, 18, 51, 53]]
[[2,6,14,22,27,96],[34, 35, 40, 37, 17, 38, 52, 18, 51, 53, 54]]
[[2,6,8,34,42,72],[34, 35, 37, 42, 49, 17, 38, 43, 50, 18, 44]]
[[2,2,8,6,17,98],[34, 35, 37, 42, 49, 17, 38, 43, 52, 18, 44]]
[[3,11,6,15,68,98],[34, 35, 37, 42, 17, 38, 43, 50, 18, 44, 51]]
[[4,8,10,36,19,62],[34, 35, 37, 42, 17, 38, 43, 50, 18, 44, 53]]
[[2,4,8,16,32,88],[34, 35, 37, 42, 17, 38, 43, 50, 18, 44, 54]]
[[3,11,12,35,43,44],[34, 35, 37, 42, 17, 38, 43, 52, 18, 44, 51]]
[[2,6,8,14,47,90],[34, 35, 37, 42, 17, 38, 43, 18, 44, 51, 53]]
[[1,3,4,23,51,60],[34, 35, 37, 42, 17, 38, 43, 18, 44, 53, 54]]
[[3,9,12,25,28,102],[34, 35, 37, 42, 49, 17, 38, 43, 50, 18, 51]]
[[2,6,5,34,47,57],[34, 35, 37, 42, 49, 17, 38, 43, 50, 18, 54]]
[[3,5,12,9,28,56],[34, 35, 37, 42, 49, 17, 38, 43, 52, 18, 51]]
[[4,6,16,14,34,114],[34, 35, 37, 42, 49, 17, 38, 43, 18, 51, 53]]
[[2,6,8,26,32,66],[34, 35, 37, 42, 49, 17, 38, 43, 52, 18, 54]]
[[2,4,5,28,32,73],[34, 35, 37, 42, 17, 38, 43, 50, 52, 18, 51]]
[[3,3,6,7,38,108],[34, 35, 37, 42, 17, 38, 43, 50, 18, 51, 53]]
[[3,5,6,33,38,92],[34, 35, 37, 42, 17, 38, 43, 50, 18, 51, 54]]
[[1,9,13,33,36,81],[34, 35, 37, 42, 17, 38, 43, 50, 52, 18, 54]]
[[2,8,5,16,37,101],[34, 35, 37, 42, 17, 38, 43, 50, 18, 53, 54]]
[[2,6,8,22,52,66],[34, 35, 37, 42, 17, 38, 43, 18, 51, 53, 54]]
[[4,8,10,24,54,110],[34, 35, 37, 42, 49, 17, 38, 50, 18, 44, 51]]
[[2,4,17,32,52,85],[34, 35, 37, 42, 49, 17, 38, 50, 52, 18, 44]]
[[3,3,18,19,43,78],[34, 35, 37, 42, 49, 17, 38, 50, 18, 44, 53]]
[[3,7,18,19,43,88],[34, 35, 37, 42, 49, 17, 38, 18, 44, 51, 53]]
[[1,1,7,21,61,61],[34, 35, 37, 42, 49, 17, 38, 18, 44, 51, 54]]
[[3,11,12,39,33,44],[34, 35, 37, 42, 49, 17, 38, 52, 18, 44, 54]]
[[3,5,15,17,33,65],[34, 35, 37, 42, 17, 38, 50, 52, 18, 44, 51]]
[[2,8,8,16,52,92],[34, 35, 37, 42, 17, 38, 50, 18, 44, 51, 53]]
[[2,6,11,22,32,57],[34, 35, 37, 42, 17, 38, 50, 18, 44, 51, 54]]
[[4,6,25,10,39,93],[34, 35, 37, 42, 17, 38, 50, 52, 18, 44, 53]]
[[2,6,8,6,52,90],[34, 35, 37, 42, 17, 38, 50, 52, 18, 44, 54]]
[[1,5,1,9,36,65],[34, 35, 37, 42, 17, 38, 50, 18, 44, 53, 54]]
[[2,8,11,20,37,107],[34, 35, 37, 42, 17, 38, 52, 18, 44, 51, 53]]
[[3,9,9,17,58,69],[34, 35, 37, 42, 17, 38, 18, 44, 51, 53, 54]]
[[1,1,4,17,46,52],[34, 35, 37, 42, 17, 38, 52, 18, 44, 53, 54]]
[[3,9,12,37,33,60],[34, 35, 37, 42, 49, 17, 38, 50, 52, 18, 51]]
[[4,6,7,26,49,81],[34, 35, 37, 42, 49, 17, 38, 50, 18, 51, 53]]
[[2,2,17,18,37,77],[34, 35, 37, 42, 49, 17, 38, 50, 18, 51, 54]]
[[2,6,14,18,47,72],[34, 35, 37, 42, 49, 17, 38, 50, 52, 18, 54]]
[[3,3,9,19,33,81],[34, 35, 37, 42, 49, 17, 38, 50, 18, 53, 54]]
[[3,7,6,15,18,76],[34, 35, 37, 42, 49, 17, 38, 52, 18, 53, 54]]
[[3,5,9,9,53,107],[34, 35, 37, 42, 17, 38, 50, 52, 18, 51, 54]]
[[2,6,8,14,32,90],[34, 35, 37, 42, 17, 38, 50, 18, 51, 53, 54]]
[[2,4,11,16,22,109],[34, 35, 37, 42, 17, 38, 50, 52, 18, 53, 54]]
[[2,10,11,18,32,73],[34, 35, 37, 49, 17, 38, 43, 50, 52, 18, 44]]
[[3,5,12,33,38,68],[34, 35, 37, 49, 17, 38, 43, 50, 18, 44, 54]]
[[4,4,7,32,34,85],[34, 35, 37, 49, 17, 38, 43, 52, 18, 44, 51]]
[[3,5,12,41,33,62],[34, 35, 37, 49, 17, 38, 43, 18, 44, 51, 53]]
[[1,1,4,17,41,58],[34, 35, 37, 49, 17, 38, 43, 18, 44, 51, 54]]
[[3,5,9,17,43,113],[34, 35, 37, 49, 17, 38, 43, 52, 18, 44, 54]]
[[2,4,8,16,32,76],[34, 35, 37, 17, 38, 43, 50, 18, 44, 51, 53]]
[[2,4,11,12,27,97],[34, 35, 37, 17, 38, 43, 50, 18, 44, 51, 54]]
[[2,6,11,22,27,39],[34, 35, 37, 17, 38, 43, 50, 52, 18, 44, 54]]
[[1,1,4,9,41,34],[34, 35, 37, 17, 38, 43, 50, 18, 44, 53, 54]]
[[2,6,5,22,47,75],[34, 35, 37, 17, 38, 43, 52, 18, 44, 51, 53]]
[[3,9,9,17,63,87],[34, 35, 37, 17, 38, 43, 18, 44, 51, 53, 54]]
[[1,3,7,19,21,81],[34, 35, 37, 17, 38, 43, 52, 18, 44, 53, 54]]
[[3,7,9,15,63,61],[34, 35, 37, 49, 17, 38, 43, 50, 52, 18, 51]]
[[2,6,17,30,57,69],[34, 35, 37, 49, 17, 38, 43, 50, 18, 51, 54]]
[[3,5,21,21,33,95],[34, 35, 37, 49, 17, 38, 43, 50, 18, 53, 54]]
[[4,6,25,18,44,69],[34, 35, 37, 49, 17, 38, 43, 52, 18, 51, 53]]
[[2,6,8,14,32,78],[34, 35, 37, 49, 17, 38, 43, 52, 18, 51, 54]]
[[3,5,6,13,53,86],[34, 35, 37, 17, 38, 43, 50, 52, 18, 51, 54]]
[[2,2,8,26,62,50],[34, 35, 37, 17, 38, 43, 50, 52, 18, 53, 54]]
[[2,4,8,12,27,112],[34, 35, 37, 17, 38, 43, 52, 18, 51, 53, 54]]
[[4,10,4,22,49,82],[34, 35, 37, 49, 17, 38, 50, 52, 18, 44, 51]]
[[3,3,9,23,43,51],[34, 35, 37, 49, 17, 38, 50, 18, 44, 51, 53]]
[[1,1,10,5,11,64],[34, 35, 37, 49, 17, 38, 50, 18, 44, 51, 54]]
[[3,11,12,15,28,68],[34, 35, 37, 49, 17, 38, 50, 52, 18, 44, 53]]
[[2,4,8,32,42,52],[34, 35, 37, 49, 17, 38, 50, 18, 44, 53, 54]]
[[3,7,12,35,28,76],[34, 35, 37, 49, 17, 38, 52, 18, 44, 51, 53]]
[[1,3,13,15,41,45],[34, 35, 37, 49, 17, 38, 52, 18, 44, 51, 54]]
[[2,6,8,22,52,66],[34, 35, 37, 49, 17, 38, 18, 44, 51, 53, 54]]
[[2,4,8,8,42,52],[34, 35, 37, 49, 17, 38, 52, 18, 44, 53, 54]]
[[2,6,8,6,32,78],[34, 35, 37, 17, 38, 50, 52, 18, 44, 51, 53]]
[[2,10,14,14,42,88],[34, 35, 37, 17, 38, 50, 52, 18, 44, 51, 54]]
[[1,3,4,11,26,60],[34, 35, 37, 17, 38, 50, 52, 18, 44, 53, 54]]
[[3,7,6,7,43,34],[34, 35, 37, 17, 38, 52, 18, 44, 51, 53, 54]]
[[1,5,4,21,11,74],[34, 35, 37, 49, 17, 38, 50, 18, 51, 53, 54]]
[[1,5,10,29,76,80],[34, 35, 37, 49, 17, 38, 52, 18, 51, 53, 54]]
[[3,9,15,25,23,111],[34, 35, 40, 37, 42, 17, 43, 50, 18, 39, 44]]
[[3,5,9,21,23,83],[34, 35, 40, 37, 42, 17, 43, 18, 39, 44, 51]]
[[3,9,12,29,43,60],[34, 35, 40, 37, 42, 17, 43, 52, 18, 39, 44]]
[[2,4,11,16,17,79],[34, 35, 40, 37, 42, 17, 43, 18, 39, 44, 53]]
[[3,3,12,27,48,78],[34, 35, 40, 37, 42, 49, 17, 43, 18, 39, 51]]
[[2,4,8,20,12,112],[34, 35, 40, 37, 42, 49, 17, 43, 18, 39, 54]]
[[4,6,10,30,29,96],[34, 35, 40, 37, 42, 17, 43, 50, 18, 39, 51]]
[[4,6,10,34,29,60],[34, 35, 40, 37, 42, 17, 43, 52, 18, 39, 51]]
[[3,3,6,19,43,60],[34, 35, 40, 37, 42, 17, 43, 18, 39, 51, 53]]
[[1,3,7,31,71,87],[34, 35, 40, 37, 42, 17, 43, 18, 39, 51, 54]]
[[3,7,9,31,28,115],[34, 35, 40, 37, 42, 17, 43, 52, 18, 39, 54]]
[[2,4,11,20,22,121],[34, 35, 40, 37, 42, 17, 43, 18, 39, 53, 54]]
[[3,7,6,15,63,76],[34, 35, 40, 37, 42, 49, 17, 18, 39, 44, 53]]
[[1,3,7,11,41,57],[34, 35, 40, 37, 42, 49, 17, 18, 39, 44, 54]]
[[2,6,8,18,57,42],[34, 35, 40, 37, 42, 17, 50, 18, 39, 44, 53]]
[[2,2,8,18,47,38],[34, 35, 40, 37, 42, 17, 50, 18, 39, 44, 54]]
[[3,7,12,39,43,64],[34, 35, 40, 37, 42, 17, 52, 18, 39, 44, 51]]
[[2,6,5,26,42,63],[34, 35, 40, 37, 42, 17, 52, 18, 39, 44, 53]]
[[3,5,6,13,53,86],[34, 35, 40, 37, 42, 17, 18, 39, 44, 53, 54]]
[[2,6,5,22,37,75],[34, 35, 40, 37, 42, 49, 17, 50, 18, 39, 54]]
[[3,7,6,11,53,88],[34, 35, 40, 37, 42, 49, 17, 52, 18, 39, 51]]
[[2,6,11,22,27,105],[34, 35, 40, 37, 42, 49, 17, 18, 39, 51, 53]]
[[2,8,11,32,37,89],[34, 35, 40, 37, 42, 49, 17, 18, 39, 51, 54]]
[[2,4,5,16,17,109],[34, 35, 40, 37, 42, 49, 17, 52, 18, 39, 54]]
[[3,7,9,27,38,61],[34, 35, 40, 37, 42, 17, 50, 18, 39, 51, 53]]
[[1,5,13,17,56,65],[34, 35, 40, 37, 42, 17, 50, 18, 39, 51, 54]]
[[3,3,21,11,38,81],[34, 35, 40, 37, 42, 17, 50, 52, 18, 39, 54]]
[[2,4,8,20,32,88],[34, 35, 40, 37, 42, 17, 50, 18, 39, 53, 54]]
[[3,7,9,19,53,49],[34, 35, 40, 37, 42, 17, 52, 18, 39, 51, 53]]
[[1,7,7,7,46,73],[34, 35, 40, 37, 42, 17, 52, 18, 39, 51, 54]]
[[2,2,17,18,42,95],[34, 35, 40, 37, 42, 17, 18, 39, 51, 53, 54]]
[[4,4,10,20,34,106],[34, 35, 40, 37, 49, 17, 43, 50, 18, 39, 44]]
[[2,6,14,26,62,36],[34, 35, 40, 37, 49, 17, 43, 18, 39, 44, 51]]
[[3,9,9,17,38,81],[34, 35, 40, 37, 49, 17, 43, 18, 39, 44, 53]]
[[1,7,16,27,26,76],[34, 35, 40, 37, 49, 17, 43, 18, 39, 44, 54]]
[[3,7,9,15,53,109],[34, 35, 40, 37, 17, 43, 50, 18, 39, 44, 51]]
[[3,7,15,15,38,103],[34, 35, 40, 37, 17, 43, 50, 52, 18, 39, 44]]
[[2,6,23,30,27,81],[34, 35, 40, 37, 17, 43, 50, 18, 39, 44, 53]]
[[2,4,2,24,32,76],[34, 35, 40, 37, 17, 43, 50, 18, 39, 44, 54]]
[[2,6,8,34,42,72],[34, 35, 40, 37, 17, 43, 18, 39, 44, 51, 54]]
[[2,4,14,24,27,88],[34, 35, 40, 37, 17, 43, 52, 18, 39, 44, 53]]
[[2,4,11,24,42,79],[34, 35, 40, 37, 17, 43, 52, 18, 39, 44, 54]]
[[3,5,3,9,58,65],[34, 35, 40, 37, 17, 43, 18, 39, 44, 53, 54]]
[[3,5,6,25,43,62],[34, 35, 40, 37, 49, 17, 43, 50, 18, 39, 51]]
[[2,2,14,14,37,92],[34, 35, 40, 37, 49, 17, 43, 50, 18, 39, 54]]
[[2,8,11,28,37,71],[34, 35, 40, 37, 49, 17, 43, 18, 39, 51, 53]]
[[2,2,11,14,37,71],[34, 35, 40, 37, 49, 17, 43, 52, 18, 39, 54]]
[[1,5,13,9,41,71],[34, 35, 40, 37, 49, 17, 43, 18, 39, 53, 54]]
[[3,7,9,31,48,49],[34, 35, 40, 37, 17, 43, 50, 18, 39, 51, 53]]
[[1,3,1,11,36,45],[34, 35, 40, 37, 17, 43, 50, 18, 39, 51, 54]]
[[3,7,9,31,33,61],[34, 35, 40, 37, 17, 43, 50, 52, 18, 39, 54]]
[[2,2,2,14,37,44],[34, 35, 40, 37, 17, 43, 18, 39, 51, 53, 54]]
[[2,6,8,18,27,72],[34, 35, 40, 37, 17, 43, 52, 18, 39, 53, 54]]
[[2,2,5,14,37,47],[34, 35, 40, 37, 49, 17, 50, 18, 39, 44, 51]]
[[4,10,10,26,34,64],[34, 35, 40, 37, 49, 17, 50, 52, 18, 39, 44]]
[[3,3,3,7,43,63],[34, 35, 40, 37, 49, 17, 50, 18, 39, 44, 53]]
[[2,4,8,16,57,28],[34, 35, 40, 37, 49, 17, 52, 18, 39, 44, 51]]
[[3,7,6,27,48,70],[34, 35, 40, 37, 49, 17, 18, 39, 44, 51, 53]]
[[3,3,21,11,38,81],[34, 35, 40, 37, 49, 17, 52, 18, 39, 44, 53]]
[[1,5,10,17,46,50],[34, 35, 40, 37, 49, 17, 52, 18, 39, 44, 54]]
[[3,5,15,17,43,113],[34, 35, 40, 37, 17, 50, 52, 18, 39, 44, 51]]
[[2,2,2,18,27,50],[34, 35, 40, 37, 17, 50, 18, 39, 44, 51, 54]]
[[2,4,11,16,47,43],[34, 35, 40, 37, 17, 50, 52, 18, 39, 44, 53]]
[[3,3,12,15,33,60],[34, 35, 40, 37, 17, 50, 18, 39, 44, 53, 54]]
[[4,10,10,30,49,58],[34, 35, 40, 37, 17, 52, 18, 39, 44, 51, 53]]
[[1,3,7,15,41,63],[34, 35, 40, 37, 17, 18, 39, 44, 51, 53, 54]]
[[2,8,11,28,42,95],[34, 35, 40, 37, 49, 17, 50, 18, 39, 51, 53]]
[[2,6,17,26,37,93],[34, 35, 40, 37, 49, 17, 50, 52, 18, 39, 54]]
[[2,4,8,48,52,88],[34, 35, 40, 37, 49, 17, 52, 18, 39, 51, 53]]
[[1,5,10,17,26,68],[34, 35, 40, 37, 49, 17, 52, 18, 39, 53, 54]]
[[3,3,3,23,28,75],[34, 35, 40, 37, 17, 50, 52, 18, 39, 51, 53]]
[[1,3,4,11,36,54],[34, 35, 40, 37, 17, 50, 52, 18, 39, 51, 54]]
[[2,6,17,26,7,111],[34, 35, 40, 37, 17, 50, 18, 39, 51, 53, 54]]
[[4,6,13,10,34,105],[34, 35, 37, 42, 49, 17, 43, 50, 18, 39, 44]]
[[2,4,14,24,57,70],[34, 35, 37, 42, 49, 17, 43, 18, 39, 44, 51]]
[[3,5,9,13,38,83],[34, 35, 37, 42, 49, 17, 43, 18, 39, 44, 53]]
[[1,3,7,19,31,87],[34, 35, 37, 42, 49, 17, 43, 18, 39, 44, 54]]
[[3,3,3,15,43,57],[34, 35, 37, 42, 17, 43, 50, 52, 18, 39, 44]]
[[2,2,8,14,42,50],[34, 35, 37, 42, 17, 43, 50, 18, 39, 44, 53]]
[[2,8,2,20,42,110],[34, 35, 37, 42, 17, 43, 50, 18, 39, 44, 54]]
[[3,3,6,11,38,108],[34, 35, 37, 42, 17, 43, 52, 18, 39, 44, 51]]
[[2,6,5,30,37,45],[34, 35, 37, 42, 17, 43, 18, 39, 44, 51, 54]]
[[2,2,5,18,27,65],[34, 35, 37, 42, 17, 43, 52, 18, 39, 44, 53]]
[[3,11,6,39,38,50],[34, 35, 37, 42, 17, 43, 18, 39, 44, 53, 54]]
[[3,5,12,21,43,68],[34, 35, 37, 42, 49, 17, 43, 50, 18, 39, 51]]
[[3,3,6,31,33,72],[34, 35, 37, 42, 49, 17, 43, 52, 18, 39, 51]]
[[2,6,11,26,52,75],[34, 35, 37, 42, 49, 17, 43, 18, 39, 51, 53]]
[[2,2,23,14,22,83],[34, 35, 37, 42, 49, 17, 43, 18, 39, 51, 54]]
[[2,6,8,30,37,60],[34, 35, 37, 42, 49, 17, 43, 52, 18, 39, 54]]
[[4,8,10,24,59,68],[34, 35, 37, 42, 17, 43, 50, 52, 18, 39, 51]]
[[3,9,12,25,18,108],[34, 35, 37, 42, 17, 43, 50, 18, 39, 51, 53]]
[[1,1,19,21,16,79],[34, 35, 37, 42, 17, 43, 50, 18, 39, 51, 54]]
[[2,4,11,8,32,103],[34, 35, 37, 42, 17, 43, 50, 18, 39, 53, 54]]
[[3,13,9,33,28,49],[34, 35, 37, 42, 17, 43, 52, 18, 39, 51, 53]]
[[1,3,7,11,16,81],[34, 35, 37, 42, 17, 43, 52, 18, 39, 51, 54]]
[[2,6,8,38,52,54],[34, 35, 37, 42, 17, 43, 18, 39, 51, 53, 54]]
[[2,4,5,16,37,67],[34, 35, 37, 42, 17, 43, 52, 18, 39, 53, 54]]
[[2,8,11,32,47,71],[34, 35, 37, 42, 49, 17, 50, 18, 39, 44, 51]]
[[1,3,7,7,21,69],[34, 35, 37, 42, 49, 17, 50, 18, 39, 44, 54]]
[[2,4,14,12,27,88],[34, 35, 37, 42, 49, 17, 52, 18, 39, 44, 51]]
[[3,7,15,31,48,61],[34, 35, 37, 42, 49, 17, 18, 39, 44, 51, 54]]
[[3,5,6,33,38,92],[34, 35, 37, 42, 49, 17, 52, 18, 39, 44, 53]]
[[1,3,4,19,41,66],[34, 35, 37, 42, 49, 17, 52, 18, 39, 44, 54]]
[[2,10,11,38,42,67],[34, 35, 37, 42, 49, 17, 18, 39, 44, 53, 54]]
[[2,6,14,18,47,78],[34, 35, 37, 42, 17, 50, 18, 39, 44, 51, 54]]
[[2,6,8,10,37,90],[34, 35, 37, 42, 17, 50, 52, 18, 39, 44, 53]]
[[2,8,8,44,52,50],[34, 35, 37, 42, 17, 50, 52, 18, 39, 44, 54]]
[[2,6,8,18,32,96],[34, 35, 37, 42, 17, 52, 18, 39, 44, 51, 54]]
[[3,7,12,35,28,76],[34, 35, 37, 42, 17, 52, 18, 39, 44, 53, 54]]
[[2,2,5,18,37,59],[34, 35, 37, 42, 49, 17, 50, 18, 39, 51, 53]]
[[2,6,11,30,57,63],[34, 35, 37, 42, 49, 17, 50, 52, 18, 39, 54]]
[[1,5,10,21,56,74],[34, 35, 37, 42, 49, 17, 50, 18, 39, 53, 54]]
[[2,4,8,20,42,34],[34, 35, 37, 42, 49, 17, 52, 18, 39, 51, 53]]
[[3,5,9,17,28,131],[34, 35, 37, 42, 49, 17, 18, 39, 51, 53, 54]]
[[1,7,7,15,26,97],[34, 35, 37, 42, 49, 17, 52, 18, 39, 53, 54]]
[[3,7,15,27,33,121],[34, 35, 37, 42, 17, 50, 52, 18, 39, 51, 53]]
[[1,7,7,19,56,85],[34, 35, 37, 42, 17, 50, 52, 18, 39, 51, 54]]
[[2,2,8,10,37,44],[34, 35, 37, 42, 17, 50, 18, 39, 51, 53, 54]]
[[2,6,11,26,17,81],[34, 35, 37, 42, 17, 50, 52, 18, 39, 53, 54]]
[[2,4,8,16,37,70],[34, 35, 37, 42, 17, 52, 18, 39, 51, 53, 54]]
[[2,4,5,20,47,31],[34, 35, 37, 49, 17, 43, 50, 18, 39, 44, 51]]
[[3,5,12,41,33,86],[34, 35, 37, 49, 17, 43, 50, 18, 39, 44, 53]]
[[1,3,7,19,46,63],[34, 35, 37, 49, 17, 43, 50, 18, 39, 44, 54]]
[[2,2,8,26,62,32],[34, 35, 37, 49, 17, 43, 52, 18, 39, 44, 51]]
[[3,5,3,9,58,65],[34, 35, 37, 49, 17, 43, 52, 18, 39, 44, 53]]
[[1,1,10,5,21,52],[34, 35, 37, 49, 17, 43, 52, 18, 39, 44, 54]]
[[2,4,14,16,27,88],[34, 35, 37, 49, 17, 43, 18, 39, 44, 53, 54]]
[[3,5,9,21,48,77],[34, 35, 37, 17, 43, 50, 52, 18, 39, 44, 51]]
[[4,6,4,18,59,84],[34, 35, 37, 17, 43, 50, 18, 39, 44, 51, 53]]
[[2,4,11,20,27,91],[34, 35, 37, 17, 43, 50, 18, 39, 44, 51, 54]]
[[2,4,8,12,47,40],[34, 35, 37, 17, 43, 50, 52, 18, 39, 44, 53]]
[[2,4,20,24,17,94],[34, 35, 37, 17, 43, 50, 52, 18, 39, 44, 54]]
[[3,5,12,13,23,56],[34, 35, 37, 17, 43, 50, 18, 39, 44, 53, 54]]
[[2,6,14,26,22,84],[34, 35, 37, 17, 43, 52, 18, 39, 44, 51, 54]]
[[1,1,7,17,26,85],[34, 35, 37, 17, 43, 18, 39, 44, 51, 53, 54]]
[[3,9,9,17,38,81],[34, 35, 37, 17, 43, 52, 18, 39, 44, 53, 54]]
[[3,5,9,25,28,65],[34, 35, 37, 49, 17, 43, 50, 52, 18, 39, 51]]
[[2,4,8,16,42,58],[34, 35, 37, 49, 17, 43, 50, 18, 39, 51, 53]]
[[2,4,11,16,42,31],[34, 35, 37, 49, 17, 43, 50, 52, 18, 39, 54]]
[[1,7,13,19,66,73],[34, 35, 37, 49, 17, 43, 50, 18, 39, 53, 54]]
[[2,4,5,16,27,67],[34, 35, 37, 49, 17, 43, 52, 18, 39, 51, 53]]
[[1,3,4,11,11,72],[34, 35, 37, 49, 17, 43, 52, 18, 39, 53, 54]]
[[3,5,15,25,43,95],[34, 35, 37, 17, 43, 50, 52, 18, 39, 51, 53]]
[[1,7,4,19,46,82],[34, 35, 37, 17, 43, 50, 52, 18, 39, 51, 54]]
[[2,6,5,22,32,87],[34, 35, 37, 17, 43, 50, 18, 39, 51, 53, 54]]
[[2,6,14,18,27,66],[34, 35, 37, 17, 43, 52, 18, 39, 51, 53, 54]]
[[2,4,5,28,42,37],[34, 35, 37, 49, 17, 50, 52, 18, 39, 44, 51]]
[[3,3,6,15,33,120],[34, 35, 37, 49, 17, 50, 18, 39, 44, 51, 53]]
[[3,7,15,27,28,97],[34, 35, 37, 49, 17, 50, 18, 39, 44, 51, 54]]
[[3,5,24,17,33,80],[34, 35, 37, 49, 17, 50, 52, 18, 39, 44, 53]]
[[1,7,13,27,51,73],[34, 35, 37, 49, 17, 50, 52, 18, 39, 44, 54]]
[[2,6,8,18,37,72],[34, 35, 37, 49, 17, 50, 18, 39, 44, 53, 54]]
[[3,9,9,25,48,99],[34, 35, 37, 49, 17, 52, 18, 39, 44, 51, 53]]
[[2,8,17,20,47,59],[34, 35, 37, 49, 17, 18, 39, 44, 51, 53, 54]]
[[2,8,8,24,27,110],[34, 35, 37, 17, 50, 52, 18, 39, 44, 51, 54]]
[[1,7,4,15,31,76],[34, 35, 37, 17, 50, 18, 39, 44, 51, 53, 54]]
[[3,5,15,25,38,59],[34, 35, 37, 17, 50, 52, 18, 39, 44, 53, 54]]
[[1,5,4,21,46,68],[34, 35, 37, 17, 52, 18, 39, 44, 51, 53, 54]]
[[2,6,17,22,27,87],[34, 35, 37, 49, 17, 50, 52, 18, 39, 51, 53]]
[[3,3,3,11,43,75],[34, 35, 37, 49, 17, 50, 18, 39, 51, 53, 54]]
[[1,1,4,21,41,64],[34, 35, 37, 49, 17, 50, 52, 18, 39, 53, 54]]
[[3,5,9,25,38,107],[34, 35, 40, 37, 42, 49, 17, 43, 50, 18, 44]]
[[5,5,14,9,55,86],[34, 35, 40, 37, 42, 49, 17, 43, 18, 44, 51]]
[[3,7,6,15,38,52],[34, 35, 40, 37, 42, 49, 17, 43, 52, 18, 44]]
[[4,4,13,12,59,121],[34, 35, 40, 37, 42, 49, 17, 43, 18, 44, 53]]
[[4,6,13,14,34,105],[34, 35, 40, 37, 42, 17, 43, 50, 18, 44, 51]]
[[4,10,7,22,49,85],[34, 35, 40, 37, 42, 17, 43, 50, 52, 18, 44]]
[[3,5,3,9,58,65],[34, 35, 40, 37, 42, 17, 43, 18, 44, 51, 53]]
[[3,3,9,7,38,117],[34, 35, 40, 37, 42, 17, 43, 18, 44, 51, 54]]
[[5,9,11,25,50,51],[34, 35, 40, 37, 42, 17, 43, 52, 18, 44, 53]]
[[3,5,12,17,48,74],[34, 35, 40, 37, 42, 17, 43, 52, 18, 44, 54]]
[[2,2,8,10,32,62],[34, 35, 40, 37, 42, 17, 43, 18, 44, 53, 54]]
[[3,5,6,17,48,44],[34, 35, 40, 37, 42, 49, 17, 43, 52, 18, 54]]
[[4,8,10,20,39,116],[34, 35, 40, 37, 42, 49, 17, 43, 18, 53, 54]]
[[3,5,12,45,38,62],[34, 35, 40, 37, 42, 17, 43, 50, 52, 18, 51]]
[[4,10,10,14,64,52],[34, 35, 40, 37, 42, 17, 43, 50, 18, 51, 53]]
[[3,7,12,31,38,94],[34, 35, 40, 37, 42, 17, 43, 52, 18, 53, 54]]
[[4,6,16,26,44,102],[34, 35, 40, 37, 42, 49, 17, 52, 18, 44, 53]]
[[3,7,15,19,23,85],[34, 35, 40, 37, 42, 49, 17, 18, 44, 53, 54]]
[[3,5,6,25,43,86],[34, 35, 40, 37, 42, 17, 50, 18, 44, 51, 53]]
[[2,12,8,32,52,78],[34, 35, 40, 37, 42, 17, 52, 18, 44, 53, 54]]
[[4,6,7,14,59,69],[34, 35, 40, 37, 42, 49, 17, 50, 52, 18, 51]]
[[3,7,15,31,33,85],[34, 35, 40, 37, 42, 49, 17, 50, 18, 51, 54]]
[[3,3,12,7,43,108],[34, 35, 40, 37, 42, 49, 17, 50, 52, 18, 54]]
[[4,6,10,14,39,102],[34, 35, 40, 37, 42, 49, 17, 50, 18, 53, 54]]
[[3,3,18,11,38,114],[34, 35, 40, 37, 42, 49, 17, 52, 18, 51, 54]]
[[2,4,11,20,27,73],[34, 35, 40, 37, 42, 49, 17, 18, 51, 53, 54]]
[[4,4,10,8,39,82],[34, 35, 40, 37, 42, 49, 17, 52, 18, 53, 54]]
[[4,6,10,26,44,66],[34, 35, 40, 37, 42, 17, 50, 52, 18, 51, 54]]
[[3,5,6,17,48,104],[34, 35, 40, 37, 42, 17, 50, 18, 51, 53, 54]]
[[3,3,9,15,28,117],[34, 35, 40, 37, 42, 17, 50, 52, 18, 53, 54]]
[[3,7,6,15,63,94],[34, 35, 40, 37, 42, 17, 52, 18, 51, 53, 54]]
[[3,3,9,19,23,93],[34, 35, 40, 37, 49, 17, 43, 50, 52, 18, 44]]
[[4,4,10,8,49,94],[34, 35, 40, 37, 49, 17, 43, 50, 18, 44, 53]]
[[4,6,4,18,54,48],[34, 35, 40, 37, 49, 17, 43, 50, 18, 44, 54]]
[[4,10,7,18,74,61],[34, 35, 40, 37, 49, 17, 43, 18, 44, 51, 53]]
[[5,7,8,27,60,70],[34, 35, 40, 37, 17, 43, 50, 52, 18, 44, 53]]
[[2,8,11,20,17,71],[34, 35, 40, 37, 17, 43, 50, 18, 44, 53, 54]]
[[3,3,9,27,38,57],[34, 35, 40, 37, 17, 43, 52, 18, 44, 51, 53]]
[[3,7,21,19,23,103],[34, 35, 40, 37, 17, 43, 52, 18, 44, 51, 54]]
[[4,6,10,18,19,84],[34, 35, 40, 37, 17, 43, 18, 44, 51, 53, 54]]
[[5,9,11,25,40,69],[34, 35, 40, 37, 49, 17, 43, 50, 18, 51, 53]]
[[3,3,6,11,38,54],[34, 35, 40, 37, 49, 17, 43, 52, 18, 51, 54]]
[[2,4,14,16,12,76],[34, 35, 40, 37, 49, 17, 43, 18, 51, 53, 54]]
[[4,10,16,22,34,70],[34, 35, 40, 37, 49, 17, 43, 52, 18, 53, 54]]
[[4,10,10,30,49,58],[34, 35, 40, 37, 17, 43, 50, 52, 18, 51, 53]]
[[3,7,9,43,33,67],[34, 35, 40, 37, 17, 43, 50, 52, 18, 53, 54]]
[[5,11,8,35,40,62],[34, 35, 40, 37, 49, 17, 50, 52, 18, 44, 51]]
[[4,10,10,22,34,58],[34, 35, 40, 37, 49, 17, 50, 18, 44, 51, 53]]
[[2,6,11,18,27,81],[34, 35, 40, 37, 49, 17, 50, 18, 44, 51, 54]]
[[4,6,22,14,44,102],[34, 35, 40, 37, 49, 17, 50, 52, 18, 44, 53]]
[[4,8,10,28,49,110],[34, 35, 40, 37, 49, 17, 50, 52, 18, 44, 54]]
[[3,3,3,15,43,39],[34, 35, 40, 37, 49, 17, 50, 18, 44, 53, 54]]
[[4,8,7,28,44,77],[34, 35, 40, 37, 49, 17, 52, 18, 44, 51, 53]]
[[3,5,15,33,38,101],[34, 35, 40, 37, 49, 17, 52, 18, 44, 53, 54]]
[[3,5,9,25,33,65],[34, 35, 40, 37, 17, 50, 52, 18, 44, 51, 53]]
[[3,3,6,11,38,54],[34, 35, 40, 37, 17, 50, 52, 18, 44, 51, 54]]
[[4,6,10,18,49,78],[34, 35, 40, 37, 17, 50, 18, 44, 51, 53, 54]]
[[2,6,14,18,27,48],[34, 35, 40, 37, 17, 50, 52, 18, 44, 53, 54]]
[[2,4,14,28,47,94],[34, 35, 40, 37, 49, 17, 52, 18, 51, 53, 54]]
[[3,7,6,31,38,76],[34, 35, 37, 42, 49, 17, 43, 50, 52, 18, 44]]
[[2,4,11,24,32,85],[34, 35, 37, 42, 49, 17, 43, 18, 44, 51, 54]]
[[4,6,10,22,44,126],[34, 35, 37, 42, 49, 17, 43, 52, 18, 44, 53]]
[[3,9,9,37,33,81],[34, 35, 37, 42, 49, 17, 43, 18, 44, 53, 54]]
[[4,6,13,18,54,111],[34, 35, 37, 42, 17, 43, 50, 52, 18, 44, 51]]
[[3,7,6,19,38,82],[34, 35, 37, 42, 17, 43, 50, 18, 44, 51, 53]]
[[2,6,11,26,22,99],[34, 35, 37, 42, 17, 43, 50, 18, 44, 53, 54]]
[[3,9,12,33,23,66],[34, 35, 37, 42, 17, 43, 52, 18, 44, 51, 53]]
[[2,4,5,8,57,43],[34, 35, 37, 42, 17, 43, 52, 18, 44, 53, 54]]
[[4,8,13,20,44,65],[34, 35, 37, 42, 49, 17, 43, 50, 52, 18, 51]]
[[5,11,14,27,30,74],[34, 35, 37, 42, 49, 17, 43, 50, 18, 51, 53]]
[[4,4,10,16,59,112],[34, 35, 37, 42, 49, 17, 43, 52, 18, 53, 54]]
[[4,6,10,14,39,90],[34, 35, 37, 42, 17, 43, 50, 52, 18, 51, 53]]
[[3,7,15,15,38,103],[34, 35, 37, 42, 17, 43, 50, 18, 51, 53, 54]]
[[2,2,5,34,32,95],[34, 35, 37, 42, 49, 17, 50, 18, 44, 51, 54]]
[[3,9,12,17,63,54],[34, 35, 37, 42, 49, 17, 50, 52, 18, 51, 54]]
[[2,2,17,22,37,107],[34, 35, 37, 42, 49, 17, 52, 18, 51, 53, 54]]
[[3,5,6,9,48,56],[34, 35, 37, 42, 17, 50, 52, 18, 51, 53, 54]]
[[4,10,10,22,49,94],[34, 35, 37, 49, 17, 43, 50, 52, 18, 44, 53]]
[[4,6,16,42,34,48],[34, 35, 37, 49, 17, 43, 50, 52, 18, 44, 54]]
[[3,9,12,37,38,60],[34, 35, 37, 49, 17, 43, 50, 18, 44, 53, 54]]
[[4,8,13,24,39,47],[34, 35, 37, 49, 17, 43, 52, 18, 44, 51, 53]]
[[2,4,2,24,27,76],[34, 35, 37, 49, 17, 43, 52, 18, 44, 51, 54]]
[[3,5,9,29,43,71],[34, 35, 37, 49, 17, 43, 18, 44, 51, 53, 54]]
[[2,2,17,10,22,101],[34, 35, 37, 17, 43, 50, 52, 18, 44, 53, 54]]
[[4,8,10,32,19,86],[34, 35, 37, 17, 43, 52, 18, 44, 51, 53, 54]]
[[5,7,14,19,50,88],[34, 35, 37, 49, 17, 43, 50, 52, 18, 51, 53]]
[[2,6,8,18,27,114],[34, 35, 37, 49, 17, 43, 50, 18, 51, 53, 54]]
[[2,4,8,16,32,88],[34, 35, 37, 49, 17, 43, 52, 18, 51, 53, 54]]
[[3,5,9,29,43,71],[34, 35, 37, 17, 43, 50, 52, 18, 51, 53, 54]]
[[4,6,10,38,29,84],[34, 35, 37, 49, 17, 50, 52, 18, 44, 51, 53]]
[[3,5,3,21,28,53],[34, 35, 37, 49, 17, 50, 18, 44, 51, 53, 54]]
[[3,5,15,41,63,29],[34, 35, 37, 49, 17, 50, 52, 18, 44, 53, 54]]
[[4,6,22,18,44,84],[34, 35, 37, 17, 50, 52, 18, 44, 51, 53, 54]]
[[4,8,10,36,19,62],[34, 35, 40, 42, 17, 38, 43, 50, 18, 39, 44]]
[[2,6,8,14,47,90],[34, 35, 40, 42, 17, 38, 43, 18, 39, 44, 51]]
[[3,3,6,23,33,66],[34, 35, 40, 42, 17, 38, 43, 18, 39, 44, 53]]
[[1,3,4,23,51,60],[34, 35, 40, 42, 17, 38, 43, 18, 39, 44, 54]]
[[4,6,16,14,34,114],[34, 35, 40, 42, 49, 17, 38, 43, 18, 39, 51]]
[[3,3,6,7,38,108],[34, 35, 40, 42, 17, 38, 43, 50, 18, 39, 51]]
[[2,8,5,16,37,101],[34, 35, 40, 42, 17, 38, 43, 50, 18, 39, 54]]
[[2,4,14,16,22,124],[34, 35, 40, 42, 17, 38, 43, 18, 39, 51, 53]]
[[2,6,8,22,52,66],[34, 35, 40, 42, 17, 38, 43, 18, 39, 51, 54]]
[[1,5,7,9,31,59],[34, 35, 40, 42, 17, 38, 43, 18, 39, 53, 54]]
[[3,3,18,19,43,78],[34, 35, 40, 42, 49, 17, 38, 50, 18, 39, 44]]
[[3,7,18,19,43,88],[34, 35, 40, 42, 49, 17, 38, 18, 39, 44, 51]]
[[2,6,5,18,7,87],[34, 35, 40, 42, 49, 17, 38, 18, 39, 44, 53]]
[[2,8,8,16,52,92],[34, 35, 40, 42, 17, 38, 50, 18, 39, 44, 51]]
[[4,6,25,10,39,93],[34, 35, 40, 42, 17, 38, 50, 52, 18, 39, 44]]
[[1,5,1,9,36,65],[34, 35, 40, 42, 17, 38, 50, 18, 39, 44, 54]]
[[2,8,11,20,37,107],[34, 35, 40, 42, 17, 38, 52, 18, 39, 44, 51]]
[[3,9,9,17,58,69],[34, 35, 40, 42, 17, 38, 18, 39, 44, 51, 54]]
[[3,5,6,25,38,38],[34, 35, 40, 42, 17, 38, 52, 18, 39, 44, 53]]
[[1,1,4,17,46,52],[34, 35, 40, 42, 17, 38, 52, 18, 39, 44, 54]]
[[2,4,8,24,37,88],[34, 35, 40, 42, 17, 38, 18, 39, 44, 53, 54]]
[[4,6,7,26,49,81],[34, 35, 40, 42, 49, 17, 38, 50, 18, 39, 51]]
[[3,3,9,19,33,81],[34, 35, 40, 42, 49, 17, 38, 50, 18, 39, 54]]
[[3,7,12,27,58,58],[34, 35, 40, 42, 49, 17, 38, 18, 39, 51, 53]]
[[3,7,6,15,18,76],[34, 35, 40, 42, 49, 17, 38, 52, 18, 39, 54]]
[[2,4,8,16,12,100],[34, 35, 40, 42, 49, 17, 38, 18, 39, 53, 54]]
[[2,6,8,18,22,72],[34, 35, 40, 42, 17, 38, 50, 18, 39, 51, 53]]
[[2,6,8,14,32,90],[34, 35, 40, 42, 17, 38, 50, 18, 39, 51, 54]]
[[2,4,11,16,22,109],[34, 35, 40, 42, 17, 38, 50, 52, 18, 39, 54]]
[[1,7,4,43,61,76],[34, 35, 40, 42, 17, 38, 50, 18, 39, 53, 54]]
[[2,4,2,20,37,34],[34, 35, 40, 42, 17, 38, 52, 18, 39, 51, 53]]
[[3,3,9,19,33,81],[34, 35, 40, 42, 17, 38, 18, 39, 51, 53, 54]]
[[1,5,4,25,41,74],[34, 35, 40, 42, 17, 38, 52, 18, 39, 53, 54]]
[[3,5,12,41,33,62],[34, 35, 40, 49, 17, 38, 43, 18, 39, 44, 51]]
[[2,6,5,34,42,75],[34, 35, 40, 49, 17, 38, 43, 18, 39, 44, 53]]
[[2,4,8,16,32,76],[34, 35, 40, 17, 38, 43, 50, 18, 39, 44, 51]]
[[3,5,12,21,48,62],[34, 35, 40, 17, 38, 43, 50, 18, 39, 44, 53]]
[[1,1,4,9,41,34],[34, 35, 40, 17, 38, 43, 50, 18, 39, 44, 54]]
[[2,6,5,22,47,75],[34, 35, 40, 17, 38, 43, 52, 18, 39, 44, 51]]
[[3,5,12,33,33,98],[34, 35, 40, 17, 38, 43, 18, 39, 44, 51, 53]]
[[3,9,9,17,63,87],[34, 35, 40, 17, 38, 43, 18, 39, 44, 51, 54]]
[[1,3,7,19,21,81],[34, 35, 40, 17, 38, 43, 52, 18, 39, 44, 54]]
[[2,6,8,22,32,78],[34, 35, 40, 17, 38, 43, 18, 39, 44, 53, 54]]
[[3,5,21,21,33,95],[34, 35, 40, 49, 17, 38, 43, 50, 18, 39, 54]]
[[4,6,25,18,44,69],[34, 35, 40, 49, 17, 38, 43, 52, 18, 39, 51]]
[[2,8,5,28,27,95],[34, 35, 40, 17, 38, 43, 50, 18, 39, 51, 53]]
[[2,2,8,26,62,50],[34, 35, 40, 17, 38, 43, 50, 52, 18, 39, 54]]
[[1,5,4,13,46,62],[34, 35, 40, 17, 38, 43, 50, 18, 39, 53, 54]]
[[2,4,5,32,42,73],[34, 35, 40, 17, 38, 43, 52, 18, 39, 51, 53]]
[[2,4,8,12,27,112],[34, 35, 40, 17, 38, 43, 52, 18, 39, 51, 54]]
[[3,3,9,23,43,51],[34, 35, 40, 49, 17, 38, 50, 18, 39, 44, 51]]
[[3,11,12,15,28,68],[34, 35, 40, 49, 17, 38, 50, 52, 18, 39, 44]]
[[2,4,8,32,42,52],[34, 35, 40, 49, 17, 38, 50, 18, 39, 44, 54]]
[[3,7,12,35,28,76],[34, 35, 40, 49, 17, 38, 52, 18, 39, 44, 51]]
[[4,12,10,32,34,84],[34, 35, 40, 49, 17, 38, 18, 39, 44, 51, 53]]
[[2,6,8,22,52,66],[34, 35, 40, 49, 17, 38, 18, 39, 44, 51, 54]]
[[2,4,5,28,27,79],[34, 35, 40, 49, 17, 38, 52, 18, 39, 44, 53]]
[[2,4,8,8,42,52],[34, 35, 40, 49, 17, 38, 52, 18, 39, 44, 54]]
[[3,5,15,25,43,53],[34, 35, 40, 49, 17, 38, 18, 39, 44, 53, 54]]
[[2,6,8,6,32,78],[34, 35, 40, 17, 38, 50, 52, 18, 39, 44, 51]]
[[3,9,12,21,48,96],[34, 35, 40, 17, 38, 50, 18, 39, 44, 51, 53]]
[[1,3,4,11,26,60],[34, 35, 40, 17, 38, 50, 52, 18, 39, 44, 54]]
[[3,7,9,19,43,79],[34, 35, 40, 17, 38, 52, 18, 39, 44, 51, 53]]
[[3,7,6,7,43,34],[34, 35, 40, 17, 38, 52, 18, 39, 44, 51, 54]]
[[2,4,8,20,37,70],[34, 35, 40, 17, 38, 18, 39, 44, 51, 53, 54]]
[[2,4,11,12,32,103],[34, 35, 40, 17, 38, 52, 18, 39, 44, 53, 54]]
[[3,5,9,21,43,77],[34, 35, 40, 49, 17, 38, 50, 18, 39, 51, 53]]
[[1,5,4,21,11,74],[34, 35, 40, 49, 17, 38, 50, 18, 39, 51, 54]]
[[1,5,10,29,76,80],[34, 35, 40, 49, 17, 38, 52, 18, 39, 51, 54]]
[[2,8,5,40,37,71],[34, 35, 40, 49, 17, 38, 18, 39, 51, 53, 54]]
[[2,4,11,12,22,79],[34, 35, 40, 49, 17, 38, 52, 18, 39, 53, 54]]
[[2,4,2,8,22,88],[34, 35, 40, 17, 38, 50, 52, 18, 39, 51, 53]]
[[1,5,7,5,51,53],[34, 35, 40, 17, 38, 50, 52, 18, 39, 53, 54]]
[[3,7,3,15,63,85],[34, 35, 42, 49, 17, 38, 43, 50, 18, 39, 44]]
[[3,7,12,15,38,82],[34, 35, 42, 49, 17, 38, 43, 18, 39, 44, 51]]
[[3,3,18,15,43,108],[34, 35, 42, 49, 17, 38, 43, 52, 18, 39, 44]]
[[2,6,8,10,47,78],[34, 35, 42, 17, 38, 43, 50, 18, 39, 44, 51]]
[[4,8,7,24,34,71],[34, 35, 42, 17, 38, 43, 50, 52, 18, 39, 44]]
[[1,5,4,13,41,74],[34, 35, 42, 17, 38, 43, 50, 18, 39, 44, 54]]
[[2,2,8,26,47,68],[34, 35, 42, 17, 38, 43, 52, 18, 39, 44, 51]]
[[3,5,18,21,48,86],[34, 35, 42, 17, 38, 43, 18, 39, 44, 51, 53]]
[[3,7,12,27,38,64],[34, 35, 42, 17, 38, 43, 52, 18, 39, 44, 53]]
[[1,5,16,33,26,92],[34, 35, 42, 17, 38, 43, 52, 18, 39, 44, 54]]
[[3,3,6,23,43,78],[34, 35, 42, 49, 17, 38, 43, 50, 18, 39, 54]]
[[4,4,19,4,49,103],[34, 35, 42, 49, 17, 38, 43, 52, 18, 39, 51]]
[[3,9,9,21,53,93],[34, 35, 42, 49, 17, 38, 43, 18, 39, 51, 53]]
[[2,4,11,8,17,85],[34, 35, 42, 49, 17, 38, 43, 18, 39, 53, 54]]
[[3,7,3,19,43,61],[34, 35, 42, 17, 38, 43, 50, 52, 18, 39, 51]]
[[2,6,8,22,27,102],[34, 35, 42, 17, 38, 43, 50, 18, 39, 51, 53]]
[[2,4,2,12,37,58],[34, 35, 42, 17, 38, 43, 50, 18, 39, 51, 54]]
[[2,6,8,34,32,54],[34, 35, 42, 17, 38, 43, 50, 52, 18, 39, 54]]
[[1,1,4,21,36,70],[34, 35, 42, 17, 38, 43, 50, 18, 39, 53, 54]]
[[2,8,11,24,17,77],[34, 35, 42, 17, 38, 43, 52, 18, 39, 51, 53]]
[[2,4,5,36,47,67],[34, 35, 42, 17, 38, 43, 52, 18, 39, 51, 54]]
