[ 0, 5, 40, 42, 8, 9, 39, 53 ],1
[ 0, 5, 40, 8, 50, 9, 39, 53 ],1
[ 0, 5, 40, 8, 50, 9, 39, 54 ],1
[ 0, 5, 42, 8, 52, 9, 39, 53 ],1
[ 0, 5, 42, 8, 52, 9, 39, 54 ],1
[ 0, 4, 37, 43, 50, 9, 39, 51, 53, 54 ],1
[ 0, 5, 42, 8, 9, 39, 53, 54 ],1
[ 0, 5, 49, 8, 43, 9, 39, 53 ],1
[ 0, 5, 8, 50, 9, 39, 44, 54 ],1
[ 0, 5, 49, 8, 52, 9, 39, 53 ],1
[ 0, 5, 49, 8, 52, 9, 39, 54 ],1
[ 0, 5, 8, 50, 52, 9, 39, 53 ],1
[ 0, 5, 8, 50, 9, 39, 53, 54 ],1
[ 0, 5, 8, 52, 9, 39, 51, 53 ],1
[ 0, 5, 40, 42, 8, 43, 9, 53 ],1
[ 0, 5, 40, 42, 8, 52, 9, 53 ],1
[ 0, 5, 40, 42, 8, 9, 53, 54 ],1
[ 0, 5, 40, 8, 43, 50, 9, 53 ],1
[ 0, 5, 40, 8, 43, 50, 9, 54 ],1
[ 0, 5, 40, 8, 43, 9, 51, 53 ],1
[ 5, 7, 8, 38, 50, 52, 44, 53, 54 ],1
[ 0, 4, 34, 40, 37, 49, 52, 9, 51, 53 ],1
[ 0, 5, 35, 40, 7, 49, 43, 50, 52, 51, 53 ],1
[ 0, 5, 40, 49, 8, 9, 44, 53 ],1
[ 0, 5, 40, 8, 50, 52, 9, 44 ],1
[ 34, 5, 7, 37, 52, 9, 39, 53, 54 ],1
[ 0, 5, 40, 8, 50, 9, 44, 53 ],1
[ 0, 5, 40, 8, 50, 9, 44, 54 ],1
[ 0, 5, 40, 49, 8, 9, 53, 54 ],1
[ 34, 5, 40, 7, 42, 38, 43, 9, 53 ],1
[ 0, 5, 42, 8, 43, 52, 9, 54 ],1
[ 0, 5, 42, 8, 43, 9, 53, 54 ],1
[ 0, 5, 49, 8, 43, 9, 44, 53 ],1
[ 0, 5, 8, 43, 50, 52, 9, 44 ],1
[ 0, 5, 8, 43, 50, 9, 44, 54 ],1
[ 0, 5, 8, 43, 50, 52, 9, 53 ],1
[ 0, 5, 8, 43, 50, 52, 9, 54 ],1
[ 4, 34, 40, 7, 49, 8, 43, 39, 53 ],1
[ 0, 5, 8, 43, 50, 9, 53, 54 ],1
[ 0, 5, 8, 50, 52, 9, 44, 54 ],1
[ 4, 5, 40, 7, 37, 43, 52, 9, 39, 51 ],1
[ 0, 7, 37, 42, 8, 9, 44, 51, 53 ],1
[ 0, 5, 8, 50, 9, 44, 53, 54 ],1
[ 0, 5, 49, 8, 52, 9, 53, 54 ],1
[ 0, 5, 8, 50, 52, 9, 53, 54 ],1
[ 0, 34, 5, 35, 40, 37, 8, 53 ],1
[ 0, 34, 5, 35, 40, 8, 50, 53 ],1
[ 0, 34, 5, 35, 49, 8, 43, 53 ],1
[ 0, 34, 5, 37, 8, 38, 39, 53 ],1
[ 0, 34, 5, 37, 8, 38, 44, 53 ],1
[ 0, 34, 5, 37, 8, 38, 52, 53 ],1
[ 0, 34, 5, 37, 8, 38, 52, 54 ],1
[ 0, 34, 5, 37, 8, 38, 53, 54 ],1
[ 0, 34, 5, 37, 8, 39, 44, 53 ],1
[ 0, 5, 35, 7, 37, 42, 38, 50, 44, 53, 54 ],1
[ 0, 34, 5, 37, 8, 39, 53, 54 ],1
[ 0, 34, 5, 40, 37, 8, 52, 44 ],1
[ 0, 34, 5, 40, 37, 8, 52, 53 ],1
[ 0, 34, 5, 37, 42, 8, 50, 53 ],1
[ 0, 34, 5, 37, 42, 8, 50, 54 ],1
[ 0, 4, 34, 35, 40, 37, 38, 52, 39, 44 ],1
