[[2, 8], [3, 8], [4, 8], [5, 8]]
[[5,13,11,21,20,109],[0, 1, 6, 7, 16, 54]]
[[7,11,10,23,32,68],[0, 1, 6, 7, 49, 48]]
[[6,10,6,18,36,88],[0, 1, 6, 16, 8, 54]]
[[6,10,6,18,36,88],[0, 1, 6, 49, 8, 48]]
[[7,11,10,23,32,68],[0, 1, 6, 16, 9, 54]]
[[5,13,11,21,20,109],[0, 1, 6, 49, 9, 48]]
[[7,11,13,15,37,59],[0, 1, 10, 6, 49, 48]]
[[7,11,13,15,37,59],[0, 1, 10, 6, 48, 51]]
[[7,11,13,15,37,59],[0, 1, 6, 45, 16, 51]]
[[7,11,13,15,37,59],[0, 1, 6, 45, 16, 54]]
[[7,11,13,15,37,59],[0, 1, 6, 16, 49, 54]]
[[6,10,9,34,36,55],[0, 1, 6, 16, 50, 54]]
[[7,11,13,15,37,59],[0, 1, 6, 16, 51, 54]]
[[7,11,13,15,37,59],[0, 1, 6, 49, 48, 51]]
[[6,10,9,34,36,55],[0, 1, 6, 49, 48, 53]]
[[7,11,13,15,37,59],[0, 1, 6, 49, 48, 54]]
[[6,10,9,14,51,61],[0, 1, 7, 49, 8, 48]]
[[5,13,11,21,20,109],[0, 1, 10, 45, 7, 51]]
[[7,11,7,23,37,77],[0, 1, 15, 7, 49, 48]]
[[7,11,10,23,27,80],[0, 1, 45, 7, 16, 51]]
[[7,11,7,27,17,107],[0, 1, 7, 16, 49, 48]]
[[6,10,12,14,36,106],[0, 1, 7, 49, 17, 48]]
[[7,9,13,17,32,81],[0, 1, 7, 49, 48, 51]]
[[7,9,13,17,32,81],[0, 1, 7, 49, 48, 54]]
[[6,10,12,26,16,88],[0, 1, 10, 49, 8, 48]]
[[6,10,12,14,36,106],[0, 1, 15, 49, 8, 48]]
[[6,10,12,18,36,88],[0, 1, 16, 49, 8, 48]]
[[6,12,6,20,31,108],[0, 1, 16, 8, 48, 51]]
[[8,8,14,20,33,56],[0, 1, 16, 8, 48, 54]]
[[7,11,7,23,37,77],[0, 1, 49, 8, 17, 48]]
[[6,8,9,12,26,101],[0, 1, 49, 8, 18, 48]]
[[7,9,13,17,32,81],[0, 1, 49, 8, 48, 53]]
[[8,8,8,16,53,74],[0, 1, 49, 8, 48, 54]]
