[0, 1, 2, 3, 5, 6, 7, 9, 10]
[0, 2, 4, 6, 8, 9, 10, 18, 19]
[0, 5, 6, 8, 9, 10, 18, 19]
[0, 2, 5, 6, 8, 9, 10]
[3, 4, 6, 7, 9, 10, 14, 18, 19]
[3, 4, 6, 8, 9, 10, 14, 18, 19]
[0, 1, 3, 4, 6, 7, 9, 10, 12, 14, 18, 19]
[0, 1, 2, 3, 5, 6, 7, 9, 10, 12, 14, 18, 19]
[0, 1, 3, 6, 8, 9, 10, 12, 14, 18, 19]
[0, 2, 4, 6, 8, 9, 10, 12, 14]
[0, 1, 2, 3, 6, 8, 9, 10, 15]
[2, 3, 6, 7, 9, 10, 12, 15]
[3, 5, 6, 7, 9, 10, 12, 15]
[3, 4, 5, 6, 7, 9, 10, 12, 15]
[2, 3, 4, 5, 6, 7, 9, 10, 12, 15, 18, 19]
[2, 3, 6, 8, 9, 10, 12, 15]
[3, 4, 5, 6, 8, 9, 10, 12, 15]
[2, 3, 6, 7, 9, 10, 14, 15, 18, 19]
[2, 3, 6, 8, 9, 10, 14, 15, 18, 19]
[0, 2, 4, 5, 6, 7, 9, 10, 12, 14, 15]
[0, 4, 6, 8, 9, 10, 12, 17, 19]
[2, 3, 4, 5, 6, 7, 9, 10, 12, 14, 17, 18]
[0, 1, 3, 6, 8, 9, 10, 14, 15, 17, 19]
[3, 5, 6, 7, 9, 10, 12, 14, 15, 17, 18]
[0, 2, 6, 7, 9, 12, 16, 17, 18, 19]
[0, 1, 2, 3, 4, 6, 7, 9, 12, 16, 17, 18, 19]
[0, 4, 5, 6, 7, 9, 12, 16, 17, 18, 19]
[0, 6, 8, 9, 12, 16, 17]
[3, 6, 8, 9, 14, 16, 17]
[0, 1, 2, 3, 4, 6, 8, 9, 14, 16, 17]
[0, 1, 3, 5, 6, 8, 9, 14, 16, 17]
[0, 1, 3, 4, 5, 6, 8, 9, 14, 16, 17]
[0, 4, 5, 6, 8, 9, 14, 16, 17]
[0, 1, 2, 3, 4, 5, 6, 7, 9, 12, 15, 16, 17, 18, 19]
[0, 4, 6, 8, 9, 14, 15, 16, 17]
[3, 5, 6, 8, 9, 14, 15, 16, 17]
[0, 1, 3, 4, 6, 7, 9, 12, 16, 18]
[0, 1, 3, 5, 6, 7, 9, 12, 16, 19]
[0, 1, 2, 3, 5, 6, 7, 9, 12, 16, 18]
[0, 2, 4, 5, 6, 7, 9, 12, 16, 18]
[0, 2, 6, 7, 9, 14, 16, 18]
[3, 4, 6, 7, 9, 14, 16, 18]
[0, 1, 2, 3, 6, 8, 9, 14, 16, 18]
[0, 2, 4, 6, 8, 9, 14, 16, 18]
[0, 5, 6, 8, 9, 14, 16, 18]
[0, 2, 4, 5, 6, 7, 9, 12, 15, 16, 19]
[3, 4, 6, 7, 9, 14, 15, 16, 19]
[0, 1, 2, 3, 6, 8, 9, 14, 15, 16, 19]
[1, 2, 5, 6, 7, 9, 10, 18, 19]
[1, 2, 5, 6, 8, 9, 10, 14, 18, 19]
[1, 4, 5, 6, 8, 9, 10, 14]
[1, 4, 6, 7, 9, 10, 12, 14]
[0, 2, 5, 6, 7, 9, 10, 15, 18, 19]
[1, 4, 5, 6, 8, 9, 10, 15, 18, 19]
[0, 1, 3, 6, 7, 9, 10, 12, 14, 15]
[1, 4, 5, 6, 8, 9, 10, 12, 14, 15]
[1, 5, 6, 8, 9, 10, 11, 13, 17, 18]
[0, 1, 3, 4, 5, 6, 7, 9, 10, 11, 13, 14, 17, 19]
[0, 1, 2, 3, 5, 6, 7, 9, 10, 11, 13, 14, 15, 17, 19]
[3, 4, 5, 6, 8, 9, 10, 11, 12, 13, 14, 15, 17, 18]
[0, 6, 8, 9, 16, 17, 18, 19]
[0, 1, 2, 3, 5, 6, 8, 9, 16, 17, 18, 19]
[0, 2, 4, 6, 8, 9, 11, 13, 16, 17]
[0, 2, 4, 5, 6, 8, 9, 11, 13, 15, 16, 17]
[0, 2, 4, 6, 7, 9, 12, 15, 16, 17]
[0, 1, 2, 3, 5, 6, 7, 9, 14, 15, 16, 17]
[0, 1, 2, 3, 6, 7, 9, 12, 14, 15, 16, 17]
[0, 2, 4, 6, 7, 9, 12, 14, 15, 16, 17]
[0, 4, 5, 6, 7, 9, 11, 13, 16, 18]
[0, 4, 5, 6, 7, 9, 11, 13, 15, 16, 19]
[0, 1, 2, 3, 4, 6, 8, 9, 12, 15, 16, 18]
[0, 4, 5, 6, 8, 9, 14, 15, 16, 19]
[0, 4, 5, 6, 7, 9, 10, 18, 19]
[0, 1, 2, 3, 4, 6, 7, 9, 10, 12, 14]
[3, 5, 6, 8, 9, 10, 12, 15]
[2, 3, 4, 5, 6, 8, 9, 10, 12, 15, 18, 19]
[0, 2, 4, 6, 7, 9, 12, 16, 17, 18, 19]
[0, 1, 2, 3, 5, 6, 7, 9, 14, 16, 17, 18, 19]
[0, 1, 2, 3, 4, 5, 6, 8, 9, 12, 16, 18]
[0, 4, 6, 8, 9, 14, 16, 19]
[3, 4, 5, 6, 7, 9, 10]
[1, 5, 6, 8, 9, 10]
[3, 4, 5, 6, 8, 9, 10, 11, 12, 13, 18, 19]
[1, 5, 6, 8, 9, 10, 11, 13, 14]
[3, 4, 6, 7, 9, 10, 11, 12, 13, 14]
[1, 2, 4, 6, 7, 9, 10, 11, 12, 13, 14, 18, 19]
[3, 4, 5, 6, 7, 9, 10, 15, 18, 19]
[1, 2, 4, 6, 8, 9, 10, 15, 18, 19]
[1, 6, 8, 9, 10, 11, 13, 15]
[3, 4, 5, 6, 8, 9, 10, 11, 13, 15, 18, 19]
[0, 1, 3, 4, 6, 7, 9, 10, 11, 12, 13, 14, 15]
[0, 1, 3, 4, 5, 6, 7, 9, 10, 11, 12, 13, 14, 15, 18, 19]
[0, 4, 5, 6, 7, 9, 16, 17]
[0, 1, 2, 3, 4, 6, 8, 9, 16, 17]
[3, 6, 8, 9, 11, 13, 16, 17]
[1, 2, 6, 8, 9, 11, 12, 13, 14, 16, 17]
[0, 1, 2, 3, 4, 6, 7, 9, 12, 14, 15, 16, 17]
[0, 2, 6, 8, 9, 12, 14, 15, 16, 17]
[1, 6, 7, 9, 11, 13, 16, 18]
[3, 4, 6, 7, 9, 11, 12, 13, 16, 19]
[1, 2, 4, 6, 7, 9, 11, 12, 13, 16, 18]
[3, 4, 6, 7, 9, 11, 12, 13, 14, 16, 19]
[1, 6, 8, 9, 11, 13, 14, 15, 16, 19]
[3, 4, 5, 6, 8, 9, 11, 13, 14, 15, 16, 18]
[0, 1, 3, 4, 5, 6, 7, 9, 10, 18, 19]
[0, 6, 8, 9, 10, 12, 14, 18, 19]
[1, 5, 6, 7, 9, 10, 12, 15]
[1, 5, 6, 8, 9, 10, 12, 15]
[0, 1, 2, 3, 4, 6, 8, 9, 12, 16, 17, 18, 19]
[0, 4, 5, 6, 7, 9, 14, 16, 17]
[0, 2, 4, 5, 6, 8, 9, 12, 16, 18]
[0, 1, 2, 3, 6, 7, 9, 14, 16, 18]
[0, 1, 2, 3, 4, 5, 6, 7, 9, 10]
[0, 2, 5, 6, 7, 9, 10, 12, 14, 18, 19]
[1, 4, 6, 8, 9, 10, 12, 15, 18, 19]
[1, 4, 5, 6, 8, 9, 10, 12, 15]
[0, 1, 3, 4, 6, 7, 9, 12, 16, 17]
[0, 2, 4, 6, 7, 9, 14, 16, 17]
[0, 4, 5, 6, 8, 9, 12, 16, 19]
[0, 1, 3, 5, 6, 8, 9, 14, 16, 18]
[1, 2, 4, 5, 6, 7, 9, 10, 18, 19]
[2, 3, 5, 6, 8, 9, 10, 18, 19]
[1, 6, 7, 9, 10, 15]
[2, 3, 5, 6, 8, 9, 10, 15]
[0, 1, 3, 6, 7, 9, 16, 17, 18, 19]
[0, 2, 5, 6, 8, 9, 16, 17, 18, 19]
[0, 4, 6, 7, 9, 12, 14, 15, 16, 17, 18, 19]
[0, 1, 3, 6, 8, 9, 12, 14, 15, 16, 17, 18, 19]
[0, 6, 8, 9, 10]
[0, 1, 2, 3, 4, 5, 6, 7, 9, 10, 11, 13]
[0, 1, 3, 6, 8, 9, 10, 11, 13]
[1, 4, 6, 8, 9, 10, 11, 13, 18, 19]
[0, 1, 2, 3, 4, 5, 6, 8, 9, 10, 11, 12, 13, 18, 19]
[0, 1, 3, 5, 6, 7, 9, 10, 11, 13, 14, 18, 19]
[0, 1, 2, 3, 6, 7, 9, 10, 12, 14]
[1, 4, 5, 6, 7, 9, 10, 11, 12, 13, 14, 18, 19]
[3, 4, 5, 6, 8, 9, 10, 11, 12, 13, 14, 18, 19]
[1, 2, 4, 5, 6, 8, 9, 10, 11, 12, 13, 14]
[3, 4, 6, 7, 9, 10, 11, 13, 15]
[1, 5, 6, 7, 9, 10, 11, 13, 15, 18, 19]
[2, 3, 4, 5, 6, 7, 9, 10, 11, 13, 15]
[1, 4, 6, 8, 9, 10, 11, 12, 13, 15, 18, 19]
[0, 1, 2, 3, 4, 5, 6, 8, 9, 10, 11, 12, 13, 15]
[1, 2, 4, 6, 7, 9, 10, 14, 15, 18, 19]
[1, 5, 6, 8, 9, 10, 14, 15, 18, 19]
[2, 3, 4, 6, 7, 9, 10, 11, 13, 14, 15, 18, 19]
[0, 1, 2, 3, 4, 6, 7, 9, 10, 11, 13, 14, 15]
[3, 5, 6, 8, 9, 10, 11, 12, 13, 14, 15]
[0, 1, 2, 3, 6, 8, 9, 10, 11, 13, 14, 17, 19]
[2, 3, 5, 6, 7, 9, 10, 11, 12, 13, 14, 17, 18]
[1, 2, 4, 5, 6, 7, 9, 10, 11, 13, 15, 17, 18]
[0, 1, 3, 4, 6, 8, 9, 10, 11, 13, 14, 15, 17, 19]
[0, 4, 5, 6, 8, 9, 12, 16, 17, 18, 19]
[2, 3, 5, 6, 7, 9, 11, 12, 13, 16, 17, 18, 19]
[1, 5, 6, 8, 9, 11, 12, 13, 16, 17]
[0, 1, 3, 5, 6, 7, 9, 14, 16, 17]
[0, 1, 2, 3, 6, 7, 9, 11, 12, 13, 14, 16, 17, 18, 19]
[1, 6, 7, 9, 11, 13, 15, 16, 17, 18, 19]
[1, 2, 4, 5, 6, 7, 9, 11, 13, 14, 15, 16, 17, 18, 19]
[2, 3, 6, 8, 9, 11, 13, 14, 15, 16, 17]
[0, 1, 2, 3, 5, 6, 7, 9, 11, 12, 13, 14, 15, 16, 17, 18, 19]
[3, 4, 6, 8, 9, 11, 12, 13, 14, 15, 16, 17]
[0, 1, 3, 4, 6, 8, 9, 12, 16, 18]
[1, 2, 5, 6, 7, 9, 11, 12, 13, 16, 19]
[3, 5, 6, 8, 9, 11, 12, 13, 16, 18]
[3, 4, 5, 6, 8, 9, 11, 12, 13, 16, 18]
[1, 2, 4, 5, 6, 8, 9, 11, 12, 13, 16, 19]
[0, 2, 4, 6, 7, 9, 14, 16, 18]
[0, 1, 2, 3, 4, 5, 6, 8, 9, 11, 12, 13, 14, 16, 18]
[3, 5, 6, 7, 9, 11, 13, 15, 16, 18]
[3, 4, 6, 7, 9, 11, 13, 14, 15, 16, 19]
[1, 5, 6, 7, 9, 11, 13, 14, 15, 16, 18]
[3, 5, 6, 7, 9, 11, 13, 14, 15, 16, 18]
[1, 4, 6, 8, 9, 11, 13, 14, 15, 16, 19]
[1, 2, 5, 6, 8, 9, 11, 12, 13, 14, 15, 16, 18]
[0, 1, 2, 3, 4, 5, 6, 8, 9, 11, 12, 13, 14, 15, 16, 19]
[3, 6, 8, 9, 10, 18, 19]
[2, 3, 6, 8, 9, 10]
[0, 1, 3, 4, 6, 8, 9, 10, 12, 18, 19]
[0, 1, 2, 3, 6, 7, 9, 10, 14, 18, 19]
[2, 3, 5, 6, 7, 9, 10, 12, 14]
[2, 3, 4, 5, 6, 8, 9, 10, 12, 14]
[3, 5, 6, 7, 9, 10, 15, 18, 19]
[2, 3, 6, 8, 9, 10, 15, 18, 19]
[0, 2, 4, 5, 6, 7, 9, 10, 12, 15]
[0, 2, 4, 6, 8, 9, 10, 14, 15]
[3, 4, 6, 7, 9, 10, 12, 14, 15, 18, 19]
[3, 5, 6, 7, 9, 10, 12, 14, 15]
[0, 1, 3, 4, 6, 7, 9, 16, 17, 18, 19]
[0, 2, 4, 5, 6, 7, 9, 16, 17, 18, 19]
[0, 2, 6, 7, 9, 12, 14, 16, 17, 18, 19]
[0, 1, 2, 3, 4, 5, 6, 8, 9, 12, 14, 16, 17]
[0, 1, 2, 3, 4, 6, 7, 9, 15, 16, 17, 18, 19]
[0, 4, 6, 8, 9, 15, 16, 17]
[0, 5, 6, 8, 9, 12, 14, 15, 16, 17]
[0, 1, 3, 4, 5, 6, 8, 9, 12, 14, 15, 16, 17]
[0, 2, 4, 5, 6, 7, 9, 12, 14, 16, 18]
[0, 1, 2, 3, 6, 8, 9, 12, 14, 16, 19]
[0, 1, 2, 3, 6, 7, 9, 15, 16, 19]
[0, 6, 8, 9, 15, 16, 18]
[0, 1, 2, 3, 6, 8, 9, 10, 18, 19]
[0, 1, 2, 3, 6, 7, 9, 10, 12]
[0, 1, 3, 4, 6, 8, 9, 10, 14]
[0, 2, 4, 5, 6, 7, 9, 10, 12, 14, 18, 19]
[0, 5, 6, 8, 9, 10, 12, 15, 18, 19]
[0, 6, 7, 9, 10, 14, 15, 18, 19]
[2, 3, 5, 6, 7, 9, 10, 14, 15]
[2, 3, 5, 6, 8, 9, 10, 14, 15]
[0, 1, 3, 6, 7, 9, 10, 17, 18]
[0, 1, 2, 3, 4, 5, 6, 7, 9, 10, 17, 18]
[0, 4, 6, 8, 9, 10, 12, 14, 17, 19]
[0, 2, 5, 6, 8, 9, 10, 12, 14, 17, 19]
[0, 1, 2, 3, 6, 7, 9, 10, 15, 17, 18]
[0, 1, 3, 4, 6, 8, 9, 10, 15, 17, 19]
[2, 3, 4, 6, 7, 9, 10, 12, 15, 17, 18]
[3, 5, 6, 7, 9, 10, 12, 15, 17, 18]
[3, 6, 8, 9, 10, 12, 15, 17, 19]
[2, 3, 4, 5, 6, 8, 9, 10, 12, 15, 17, 19]
[0, 2, 4, 5, 6, 7, 9, 10, 12, 14, 15, 17, 18]
[0, 5, 6, 8, 9, 10, 12, 14, 15, 17, 19]
[0, 1, 2, 3, 4, 5, 6, 8, 9, 12, 16, 17]
[0, 4, 6, 7, 9, 14, 16, 17, 18, 19]
[2, 3, 4, 6, 7, 9, 12, 14, 15, 16, 17, 18, 19]
[3, 5, 6, 7, 9, 12, 14, 15, 16, 17, 18, 19]
[3, 6, 8, 9, 12, 14, 15, 16, 17]
[2, 3, 4, 5, 6, 8, 9, 12, 14, 15, 16, 17]
[0, 2, 4, 6, 8, 9, 12, 16, 19]
[0, 1, 2, 3, 5, 6, 7, 9, 14, 16, 19]
[0, 1, 3, 4, 6, 7, 9, 12, 14, 16, 18]
[3, 5, 6, 7, 9, 12, 14, 16, 18]
[2, 3, 4, 5, 6, 7, 9, 12, 14, 16, 19]
[3, 5, 6, 8, 9, 12, 14, 16, 18]
[0, 5, 6, 8, 9, 12, 14, 16, 19]
[2, 3, 4, 5, 6, 8, 9, 12, 14, 16, 19]
[0, 2, 4, 6, 7, 9, 15, 16, 19]
[0, 1, 3, 4, 6, 8, 9, 15, 16, 18]
[3, 4, 6, 7, 9, 12, 14, 15, 16, 18]
[2, 3, 5, 6, 7, 9, 12, 14, 15, 16, 18]
[3, 4, 6, 8, 9, 12, 14, 15, 16, 18]
[2, 3, 5, 6, 8, 9, 12, 14, 15, 16, 18]
[0, 4, 6, 8, 9, 10]
[0, 4, 6, 7, 9, 10, 14]
[0, 1, 3, 5, 6, 7, 9, 10, 14, 18, 19]
[0, 1, 2, 3, 4, 5, 6, 8, 9, 10, 12, 14, 18, 19]
[3, 6, 7, 9, 10, 12, 15, 18, 19]
[2, 3, 4, 6, 7, 9, 10, 12, 15]
[0, 4, 5, 6, 8, 9, 10, 12, 15, 18, 19]
[0, 1, 2, 3, 4, 5, 6, 8, 9, 10, 12, 15]
[0, 1, 3, 4, 6, 7, 9, 10, 17, 18]
[0, 1, 3, 4, 5, 6, 8, 9, 10, 17, 19]
[0, 5, 6, 7, 9, 10, 12, 14, 17, 18]
[0, 6, 8, 9, 10, 12, 14, 17, 19]
[0, 2, 4, 5, 6, 8, 9, 12, 16, 17]
[0, 1, 2, 3, 6, 8, 9, 14, 16, 17]
[0, 1, 2, 3, 4, 6, 7, 9, 12, 16, 19]
[0, 4, 5, 6, 7, 9, 14, 16, 18]
[0, 2, 6, 7, 9, 12, 14, 16, 19]
[0, 1, 2, 3, 4, 5, 6, 7, 9, 12, 14, 16, 18]
[0, 4, 6, 8, 9, 15, 16, 18]
[0, 1, 2, 3, 4, 6, 8, 9, 15, 16, 19]
[3, 5, 6, 7, 9, 12, 14, 15, 16, 19]
[2, 3, 4, 5, 6, 7, 9, 12, 14, 15, 16, 18]
[3, 6, 8, 9, 12, 14, 15, 16, 18]
[2, 3, 4, 6, 8, 9, 12, 14, 15, 16, 19]
[0, 1, 3, 4, 6, 8, 9, 10]
[1, 2, 6, 8, 9, 10, 14]
[1, 4, 6, 8, 9, 10, 14, 18, 19]
[0, 5, 6, 7, 9, 10, 12, 14]
[0, 4, 6, 7, 9, 10, 15, 18, 19]
[1, 6, 7, 9, 10, 12, 15, 18, 19]
[1, 6, 8, 9, 10, 12, 15, 18, 19]
[0, 1, 2, 3, 4, 5, 6, 7, 9, 10, 12, 14, 15]
[0, 1, 2, 3, 4, 5, 6, 7, 9, 12, 16, 17]
[0, 4, 6, 8, 9, 14, 16, 17, 18, 19]
[0, 5, 6, 7, 9, 12, 15, 16, 17]
[0, 1, 3, 4, 6, 7, 9, 14, 15, 16, 17]
[0, 2, 4, 6, 7, 9, 12, 16, 19]
[0, 1, 2, 3, 5, 6, 8, 9, 14, 16, 19]
[0, 1, 3, 5, 6, 8, 9, 12, 15, 16, 18]
[0, 2, 6, 8, 9, 14, 15, 16, 19]
[1, 4, 6, 8, 9, 10, 18, 19]
[2, 3, 4, 6, 8, 9, 10]
[1, 5, 6, 7, 9, 10, 12, 18, 19]
[0, 1, 2, 3, 5, 6, 7, 9, 10, 12, 18, 19]
[0, 4, 5, 6, 7, 9, 10, 12]
[0, 6, 8, 9, 10, 12, 18, 19]
[1, 5, 6, 8, 9, 10, 12, 18, 19]
[2, 3, 4, 6, 7, 9, 10, 14]
[0, 4, 5, 6, 7, 9, 10, 14, 18, 19]
[2, 3, 4, 5, 6, 7, 9, 10, 14, 18, 19]
[0, 1, 2, 3, 6, 7, 9, 10, 15]
[1, 2, 6, 7, 9, 10, 15, 18, 19]
[2, 3, 4, 5, 6, 7, 9, 10, 15]
[0, 1, 2, 3, 4, 5, 6, 8, 9, 10, 15, 18, 19]
[0, 1, 2, 3, 4, 6, 8, 9, 10, 12, 15, 18, 19]
[0, 5, 6, 7, 9, 10, 14, 15]
[0, 1, 3, 5, 6, 8, 9, 10, 14, 15]
[0, 1, 3, 4, 5, 6, 8, 9, 10, 14, 15]
[0, 2, 5, 6, 8, 9, 10, 12, 14, 15]
[0, 2, 4, 5, 6, 8, 9, 10, 12, 14, 15]
[0, 1, 3, 5, 6, 7, 9, 10, 15, 17, 18]
[0, 1, 3, 6, 8, 9, 10, 15, 17, 19]
[2, 3, 6, 7, 9, 10, 12, 15, 17, 18]
[3, 4, 6, 7, 9, 10, 12, 15, 17, 19]
[2, 3, 5, 6, 7, 9, 10, 12, 15, 17, 19]
[3, 4, 5, 6, 7, 9, 10, 12, 15, 17, 18]
[2, 3, 6, 8, 9, 10, 12, 15, 17, 18]
[3, 4, 5, 6, 8, 9, 10, 12, 15, 17, 18]
[1, 2, 4, 6, 8, 9, 10, 14, 15, 17, 19]
[1, 5, 6, 8, 9, 10, 14, 15, 17, 19]
[0, 4, 6, 7, 9, 10, 12, 14, 15, 17, 18]
[0, 4, 5, 6, 8, 9, 10, 12, 14, 15, 17, 19]
[0, 1, 3, 4, 6, 7, 9, 12, 14, 16, 17]
[0, 5, 6, 7, 9, 12, 14, 16, 17, 18, 19]
[1, 6, 7, 9, 15, 16, 17, 18, 19]
[1, 2, 4, 5, 6, 7, 9, 15, 16, 17, 18, 19]
[0, 1, 3, 4, 6, 8, 9, 15, 16, 17]
[1, 2, 4, 6, 8, 9, 15, 16, 17]
[0, 2, 4, 6, 8, 9, 15, 16, 17, 18, 19]
[1, 5, 6, 8, 9, 15, 16, 17]
[0, 1, 3, 5, 6, 7, 9, 12, 15, 16, 17]
[0, 1, 2, 3, 6, 8, 9, 12, 15, 16, 17]
[0, 6, 8, 9, 14, 15, 16, 17]
[0, 2, 6, 8, 9, 14, 15, 16, 17, 18, 19]
[3, 4, 6, 7, 9, 12, 14, 15, 16, 17]
[2, 3, 5, 6, 7, 9, 12, 14, 15, 16, 17]
[3, 4, 6, 8, 9, 12, 14, 15, 16, 17]
[2, 3, 5, 6, 8, 9, 12, 14, 15, 16, 17]
[0, 1, 3, 6, 7, 9, 16, 19]
[0, 6, 7, 9, 16, 19]
[0, 2, 5, 6, 7, 9, 16, 19]
[0, 1, 2, 3, 5, 6, 8, 9, 16, 19]
[2, 3, 6, 7, 9, 12, 14, 16, 18]
[3, 4, 6, 7, 9, 12, 14, 16, 19]
[2, 3, 5, 6, 8, 9, 12, 14, 16, 19]
[3, 4, 5, 6, 8, 9, 12, 14, 16, 18]
[0, 2, 6, 7, 9, 12, 15, 16, 18]
[0, 5, 6, 7, 9, 12, 15, 16, 18]
[0, 1, 2, 3, 4, 6, 7, 9, 14, 15, 16, 19]
[0, 1, 3, 4, 6, 8, 9, 14, 15, 16, 18]
[0, 1, 2, 3, 6, 7, 9, 12, 14, 15, 16, 18]
[0, 1, 3, 6, 8, 9, 12, 14, 15, 16, 19]
[0, 4, 6, 8, 9, 12, 14, 15, 16, 19]
[0, 2, 4, 6, 8, 9, 12, 14, 15, 16, 18]
[0, 1, 2, 3, 5, 6, 8, 9, 10]
[3, 5, 6, 7, 9, 10, 11, 12, 13, 18, 19]
[1, 4, 6, 8, 9, 10, 11, 13, 14, 18, 19]
[0, 2, 4, 6, 7, 9, 10, 12, 14]
[1, 2, 4, 5, 6, 7, 9, 10, 12, 15, 18, 19]
[1, 2, 4, 5, 6, 8, 9, 10, 12, 15, 18, 19]
[0, 1, 2, 3, 4, 5, 6, 7, 9, 10, 11, 12, 13, 14, 15]
[0, 1, 2, 3, 4, 5, 6, 8, 9, 10, 11, 12, 13, 14, 15]
[0, 2, 4, 6, 7, 9, 10, 17, 19]
[0, 6, 8, 9, 10, 17, 18]
[0, 1, 3, 4, 6, 7, 9, 10, 12, 14, 17, 19]
[0, 1, 2, 3, 6, 8, 9, 10, 12, 14, 17, 18]
[3, 4, 6, 8, 9, 11, 13, 16, 17]
[0, 1, 3, 6, 7, 9, 12, 16, 17]
[0, 2, 5, 6, 8, 9, 14, 16, 17, 18, 19]
[1, 2, 4, 5, 6, 7, 9, 11, 12, 13, 14, 16, 17, 18, 19]
[1, 4, 6, 8, 9, 11, 13, 16, 18]
[0, 5, 6, 7, 9, 12, 16, 19]
[0, 1, 3, 4, 6, 8, 9, 14, 16, 19]
[3, 5, 6, 7, 9, 11, 12, 13, 14, 16, 18]
[1, 2, 6, 7, 9, 12, 14, 15, 16, 19]
[1, 2, 5, 6, 7, 9, 12, 14, 15, 16, 18]
[1, 4, 6, 8, 9, 12, 14, 15, 16, 18]
[1, 4, 5, 6, 8, 9, 12, 14, 15, 16, 19]
[3, 4, 5, 6, 8, 9, 10]
[0, 1, 3, 4, 5, 6, 7, 9, 10, 12]
[0, 1, 2, 3, 5, 6, 8, 9, 10, 14]
[3, 4, 6, 7, 9, 10, 12, 14]
[3, 4, 5, 6, 8, 9, 10, 15, 18, 19]
[0, 2, 4, 6, 8, 9, 10, 12, 15, 18, 19]
[0, 2, 4, 5, 6, 7, 9, 10, 14, 15, 18, 19]
[2, 3, 5, 6, 7, 9, 10, 12, 14, 15, 18, 19]
[1, 2, 6, 7, 9, 10, 17, 18]
[3, 4, 6, 7, 9, 10, 17, 19]
[0, 1, 2, 3, 6, 8, 9, 10, 12, 17, 18]
[0, 1, 2, 3, 5, 6, 7, 9, 10, 14, 17, 18]
[0, 1, 3, 5, 6, 8, 9, 10, 14, 17, 19]
[0, 1, 3, 4, 6, 7, 9, 10, 11, 13, 14, 17, 18]
[2, 3, 6, 8, 9, 10, 12, 14, 17, 19]
[3, 4, 5, 6, 8, 9, 10, 11, 12, 13, 14, 17, 19]
[1, 4, 6, 7, 9, 10, 15, 17, 18]
[3, 4, 6, 8, 9, 10, 15, 17, 18]
[1, 5, 6, 8, 9, 10, 11, 13, 15, 17, 19]
[0, 2, 4, 6, 8, 9, 10, 12, 15, 17, 19]
[0, 4, 5, 6, 8, 9, 10, 12, 15, 17, 19]
[0, 6, 7, 9, 10, 14, 15, 17, 19]
[0, 1, 2, 3, 6, 7, 9, 10, 11, 13, 14, 15, 17, 18]
[3, 4, 5, 6, 7, 9, 10, 12, 14, 15, 17, 18]
[1, 2, 4, 6, 7, 9, 14, 16, 17, 18, 19]
[2, 3, 4, 6, 8, 9, 14, 16, 17, 18, 19]
[2, 3, 5, 6, 8, 9, 14, 16, 17]
[0, 4, 5, 6, 7, 9, 12, 14, 16, 17, 18, 19]
[0, 1, 3, 6, 8, 9, 12, 14, 16, 17]
[0, 1, 3, 4, 6, 8, 9, 11, 12, 13, 14, 16, 17]
[0, 1, 3, 5, 6, 7, 9, 15, 16, 17, 18, 19]
[0, 2, 5, 6, 8, 9, 15, 16, 17]
[2, 3, 5, 6, 7, 9, 14, 15, 16, 17, 18, 19]
[1, 5, 6, 8, 9, 14, 15, 16, 17]
[2, 3, 4, 5, 6, 8, 9, 14, 15, 16, 17, 18, 19]
[0, 1, 3, 4, 5, 6, 8, 9, 11, 12, 13, 14, 15, 16, 17]
[1, 2, 6, 7, 9, 14, 16, 19]
[2, 3, 6, 7, 9, 14, 16, 19]
[2, 3, 4, 5, 6, 8, 9, 14, 16, 18]
[0, 1, 2, 3, 5, 6, 7, 9, 12, 14, 16, 18]
[0, 2, 4, 6, 8, 9, 12, 14, 16, 19]
[0, 1, 3, 5, 6, 7, 9, 11, 12, 13, 14, 16, 19]
[0, 5, 6, 7, 9, 15, 16, 19]
[0, 1, 2, 3, 5, 6, 8, 9, 15, 16, 18]
[2, 3, 6, 7, 9, 14, 15, 16, 18]
[2, 3, 4, 6, 7, 9, 14, 15, 16, 18]
[1, 4, 6, 8, 9, 14, 15, 16, 19]
[0, 1, 3, 5, 6, 7, 9, 11, 12, 13, 14, 15, 16, 18]
[0, 1, 3, 4, 5, 6, 8, 9, 10, 18, 19]
[0, 6, 7, 9, 10, 12, 14, 18, 19]
[3, 4, 6, 7, 9, 10, 14, 15]
[3, 4, 6, 8, 9, 10, 14, 15]
[0, 1, 3, 6, 8, 9, 12, 16, 17]
[0, 2, 5, 6, 7, 9, 14, 16, 17, 18, 19]
[0, 5, 6, 8, 9, 12, 16, 19]
[0, 1, 3, 4, 6, 7, 9, 14, 16, 19]
[1, 4, 5, 6, 8, 9, 10]
[1, 2, 6, 8, 9, 10, 12, 14, 18, 19]
[1, 2, 5, 6, 7, 9, 10, 15]
[1, 2, 5, 6, 7, 9, 10, 12, 14, 15, 18, 19]
[0, 2, 4, 6, 7, 9, 16, 17]
[0, 1, 3, 4, 5, 6, 7, 9, 16, 17]
[0, 6, 8, 9, 12, 14, 15, 16, 17, 18, 19]
[0, 1, 3, 4, 6, 8, 9, 12, 14, 15, 16, 17, 18, 19]
[0, 1, 2, 3, 4, 5, 6, 8, 9, 10]
[3, 5, 6, 7, 9, 10, 12, 18, 19]
[2, 3, 4, 5, 6, 7, 9, 10, 12]
[0, 2, 6, 8, 9, 10, 12]
[0, 1, 2, 3, 4, 5, 6, 8, 9, 10, 12, 18, 19]
[0, 2, 5, 6, 8, 9, 10, 12, 14, 18, 19]
[0, 4, 6, 8, 9, 10, 15, 18, 19]
[3, 6, 7, 9, 10, 14, 15]
[0, 4, 6, 7, 9, 10, 14, 15, 18, 19]
[0, 1, 2, 3, 4, 6, 7, 9, 10, 14, 15]
[3, 5, 6, 7, 9, 10, 14, 15, 18, 19]
[0, 1, 2, 3, 4, 5, 6, 8, 9, 10, 12, 14, 15]
[0, 1, 2, 3, 5, 6, 8, 9, 12, 16, 17]
[0, 5, 6, 8, 9, 14, 16, 17]
[0, 5, 6, 8, 9, 12, 15, 16, 17]
[0, 1, 3, 4, 6, 8, 9, 14, 15, 16, 17]
[0, 2, 6, 7, 9, 12, 16, 19]
[0, 1, 2, 3, 4, 6, 7, 9, 14, 16, 18]
[0, 2, 6, 8, 9, 12, 14, 16, 19]
[0, 1, 2, 3, 4, 5, 6, 8, 9, 12, 14, 16, 18]
[0, 4, 6, 7, 9, 15, 16, 18]
[0, 1, 2, 3, 4, 6, 7, 9, 15, 16, 19]
[0, 1, 3, 5, 6, 7, 9, 12, 15, 16, 18]
[0, 2, 6, 7, 9, 14, 15, 16, 19]
[1, 2, 4, 5, 6, 8, 9, 10, 18, 19]
[0, 2, 4, 5, 6, 8, 9, 10, 11, 12, 13, 18, 19]
[0, 4, 5, 6, 7, 9, 10, 11, 13, 14, 18, 19]
[0, 1, 2, 3, 4, 6, 8, 9, 10, 11, 13, 14, 18, 19]
[0, 2, 4, 5, 6, 8, 9, 10, 11, 13, 14]
[1, 2, 4, 6, 7, 9, 10, 12, 14, 18, 19]
[1, 6, 8, 9, 10, 15]
[0, 5, 6, 7, 9, 10, 11, 12, 13, 15, 18, 19]
[0, 2, 4, 6, 7, 9, 10, 11, 13, 14, 15]
[0, 4, 5, 6, 7, 9, 10, 11, 13, 14, 15]
[0, 1, 3, 5, 6, 8, 9, 10, 11, 13, 14, 15]
[1, 2, 4, 6, 7, 9, 10, 12, 14, 15]
[0, 2, 5, 6, 8, 9, 10, 11, 13, 17, 18]
[1, 6, 7, 9, 10, 12, 17, 18]
[1, 5, 6, 7, 9, 10, 12, 17, 19]
[1, 2, 5, 6, 7, 9, 10, 12, 17, 18]
[1, 2, 6, 8, 9, 10, 12, 17, 19]
[1, 2, 4, 5, 6, 8, 9, 10, 12, 17, 18]
[3, 4, 6, 8, 9, 10, 11, 12, 13, 17, 18]
[2, 3, 5, 6, 8, 9, 10, 14, 17, 19]
[1, 6, 7, 9, 10, 11, 13, 14, 17, 19]
[0, 1, 2, 3, 4, 5, 6, 7, 9, 10, 11, 12, 13, 14, 17, 19]
[3, 6, 7, 9, 16, 17]
[3, 4, 5, 6, 7, 9, 16, 17, 18, 19]
[3, 5, 6, 8, 9, 16, 17, 18, 19]
[3, 4, 5, 6, 8, 9, 16, 17, 18, 19]
[3, 6, 7, 9, 11, 13, 14, 16, 17]
[0, 2, 6, 7, 9, 11, 13, 14, 16, 17]
[1, 4, 6, 7, 9, 11, 13, 14, 16, 17]
[3, 4, 5, 6, 7, 9, 11, 13, 14, 16, 17, 18, 19]
[1, 5, 6, 8, 9, 11, 13, 14, 16, 17, 18, 19]
[0, 4, 5, 6, 8, 9, 11, 13, 14, 16, 17]
[0, 1, 3, 6, 7, 9, 12, 14, 16, 17]
[1, 5, 6, 7, 9, 12, 14, 16, 17]
[0, 4, 5, 6, 8, 9, 12, 14, 16, 17, 18, 19]
[1, 2, 4, 5, 6, 8, 9, 12, 14, 16, 17, 18, 19]
[0, 2, 5, 6, 7, 9, 15, 16, 17]
[0, 1, 3, 5, 6, 8, 9, 15, 16, 17, 18, 19]
[1, 2, 4, 6, 7, 9, 11, 12, 13, 15, 16, 17, 18, 19]
[1, 2, 6, 8, 9, 11, 12, 13, 15, 16, 17, 18, 19]
[3, 5, 6, 8, 9, 11, 12, 13, 15, 16, 17, 18, 19]
[3, 4, 5, 6, 8, 9, 11, 12, 13, 15, 16, 17, 18, 19]
[0, 2, 5, 6, 7, 9, 11, 12, 13, 15, 16, 19]
[0, 4, 6, 8, 9, 11, 12, 13, 15, 16, 19]
[0, 6, 7, 9, 10, 11, 13]
[0, 5, 6, 7, 9, 10, 11, 13, 18, 19]
[1, 4, 6, 7, 9, 10, 12]
[1, 4, 5, 6, 7, 9, 10, 12, 18, 19]
[0, 6, 7, 9, 10, 11, 12, 13, 14, 18, 19]
[0, 2, 4, 6, 7, 9, 10, 11, 12, 13, 14]
[0, 1, 3, 5, 6, 8, 9, 10, 15]
[2, 3, 5, 6, 8, 9, 10, 11, 12, 13, 15, 18, 19]
[1, 2, 4, 5, 6, 8, 9, 10, 11, 12, 13, 15, 18, 19]
[3, 4, 6, 8, 9, 10, 11, 13, 14, 15]
[1, 2, 4, 5, 6, 8, 9, 10, 11, 13, 14, 15]
[0, 4, 5, 6, 8, 9, 10, 12, 14, 15, 18, 19]
[0, 1, 3, 6, 7, 9, 10, 11, 13, 17, 18]
[0, 1, 2, 3, 4, 5, 6, 7, 9, 10, 11, 13, 17, 18]
[0, 4, 6, 8, 9, 10, 11, 12, 13, 14, 17, 19]
[0, 2, 5, 6, 8, 9, 10, 11, 12, 13, 14, 17, 19]
[0, 6, 7, 9, 10, 15, 17, 19]
[0, 1, 3, 4, 5, 6, 7, 9, 10, 15, 17, 18]
[0, 2, 4, 6, 8, 9, 10, 15, 17, 18]
[0, 1, 2, 3, 5, 6, 8, 9, 10, 15, 17, 19]
[0, 6, 7, 9, 10, 12, 14, 15, 17, 18]
[0, 1, 2, 3, 6, 7, 9, 10, 12, 14, 15, 17, 19]
[0, 1, 3, 4, 6, 8, 9, 10, 12, 14, 15, 17, 18]
[0, 2, 4, 6, 8, 9, 10, 12, 14, 15, 17, 19]
[0, 1, 2, 3, 4, 6, 7, 9, 11, 13, 14, 16, 17]
[0, 1, 3, 5, 6, 7, 9, 11, 13, 14, 16, 17]
[0, 1, 2, 3, 4, 6, 8, 9, 11, 13, 14, 16, 17]
[0, 1, 3, 5, 6, 8, 9, 11, 13, 14, 16, 17]
[3, 6, 8, 9, 11, 13, 15, 16, 17, 18, 19]
[1, 4, 6, 8, 9, 11, 13, 15, 16, 17, 18, 19]
[0, 1, 2, 3, 5, 6, 8, 9, 12, 15, 16, 17, 18, 19]
[0, 5, 6, 8, 9, 14, 15, 16, 17, 18, 19]
[1, 2, 6, 8, 9, 11, 12, 13, 14, 15, 16, 17, 18, 19]
[3, 5, 6, 8, 9, 11, 12, 13, 14, 15, 16, 17, 18, 19]
[3, 6, 7, 9, 12, 14, 16, 19]
[1, 2, 6, 7, 9, 12, 14, 16, 18]
[2, 3, 4, 6, 7, 9, 12, 14, 16, 18]
[1, 2, 5, 6, 7, 9, 12, 14, 16, 19]
[3, 6, 8, 9, 12, 14, 16, 19]
[1, 4, 6, 8, 9, 12, 14, 16, 19]
[2, 3, 4, 6, 8, 9, 12, 14, 16, 18]
[1, 4, 5, 6, 8, 9, 12, 14, 16, 18]
[1, 5, 6, 7, 9, 11, 13, 15, 16, 18]
[3, 4, 5, 6, 7, 9, 11, 13, 15, 16, 18]
[0, 2, 5, 6, 7, 9, 12, 15, 16, 19]
[0, 1, 2, 3, 4, 5, 6, 7, 9, 14, 15, 16, 18]
[1, 2, 4, 6, 7, 9, 11, 12, 13, 14, 15, 16, 19]
[3, 4, 5, 6, 7, 9, 11, 12, 13, 14, 15, 16, 19]
[3, 6, 7, 9, 10, 11, 13, 18, 19]
[2, 3, 4, 6, 7, 9, 10, 11, 13]
[1, 2, 6, 8, 9, 10, 11, 13]
[0, 1, 2, 3, 4, 6, 7, 9, 10, 12]
[0, 2, 5, 6, 7, 9, 10, 12, 18, 19]
[0, 1, 2, 3, 4, 6, 8, 9, 10, 12]
[0, 1, 2, 3, 6, 8, 9, 10, 11, 12, 13]
[3, 6, 8, 9, 10, 14, 18, 19]
[0, 1, 2, 3, 4, 6, 8, 9, 10, 14, 18, 19]
[3, 5, 6, 8, 9, 10, 14]
[0, 1, 2, 3, 6, 8, 9, 10, 11, 13, 14, 18, 19]
[3, 5, 6, 7, 9, 10, 11, 12, 13, 14, 18, 19]
[3, 5, 6, 8, 9, 10, 11, 12, 13, 14, 18, 19]
[1, 4, 5, 6, 8, 9, 10, 11, 12, 13, 14, 18, 19]
[0, 1, 3, 5, 6, 7, 9, 10, 15]
[1, 4, 6, 7, 9, 10, 11, 13, 15]
[1, 4, 6, 8, 9, 10, 11, 13, 15]
[2, 3, 4, 5, 6, 8, 9, 10, 11, 13, 15]
[0, 2, 6, 7, 9, 10, 12, 15, 18, 19]
[0, 1, 2, 3, 5, 6, 7, 9, 10, 11, 12, 13, 15]
[0, 4, 5, 6, 7, 9, 10, 14, 15]
[0, 4, 5, 6, 8, 9, 10, 14, 15]
[0, 1, 2, 3, 4, 5, 6, 8, 9, 10, 14, 15, 18, 19]
[0, 1, 3, 4, 6, 7, 9, 10, 11, 13, 14, 15, 18, 19]
[0, 4, 5, 6, 7, 9, 10, 12, 14, 15, 18, 19]
[1, 2, 6, 7, 9, 10, 11, 12, 13, 14, 15]
[1, 4, 6, 7, 9, 10, 11, 12, 13, 14, 15, 18, 19]
[2, 3, 4, 5, 6, 8, 9, 10, 11, 12, 13, 14, 15, 18, 19]
[0, 2, 6, 7, 9, 10, 17, 19]
[0, 4, 5, 6, 7, 9, 10, 17, 19]
[1, 4, 6, 8, 9, 10, 11, 13, 17, 19]
[0, 1, 2, 3, 6, 7, 9, 10, 12, 17, 18]
[0, 4, 5, 6, 7, 9, 10, 12, 17, 18]
[0, 2, 6, 8, 9, 10, 14, 17, 19]
[0, 1, 2, 3, 4, 5, 6, 7, 9, 10, 11, 13, 14, 17, 18]
[1, 2, 5, 6, 7, 9, 10, 12, 14, 17, 18]
[2, 3, 4, 6, 8, 9, 10, 12, 14, 17, 19]
[0, 1, 2, 3, 4, 6, 8, 9, 10, 12, 14, 17, 18]
[0, 1, 3, 5, 6, 8, 9, 10, 12, 14, 17, 18]
[1, 5, 6, 8, 9, 10, 12, 14, 17, 19]
[0, 1, 3, 5, 6, 8, 9, 10, 12, 15, 17, 19]
[0, 1, 3, 5, 6, 7, 9, 10, 14, 15, 17, 18]
[0, 6, 8, 9, 10, 14, 15, 17, 19]
[0, 1, 3, 6, 8, 9, 10, 11, 13, 14, 15, 17, 19]
[1, 2, 6, 7, 9, 10, 12, 14, 15, 17, 18]
[1, 5, 6, 7, 9, 10, 12, 14, 15, 17, 18]
[3, 6, 8, 9, 10, 12, 14, 15, 17, 19]
[3, 5, 6, 7, 9, 10, 11, 12, 13, 14, 15, 17, 18]
[2, 3, 5, 6, 8, 9, 12, 16, 17, 18, 19]
[2, 3, 4, 5, 6, 8, 9, 12, 16, 17, 18, 19]
[3, 5, 6, 7, 9, 14, 16, 17, 18, 19]
[1, 2, 6, 7, 9, 11, 13, 14, 16, 17, 18, 19]
[2, 3, 4, 6, 7, 9, 11, 13, 14, 16, 17, 18, 19]
[0, 1, 3, 5, 6, 7, 9, 11, 12, 13, 14, 16, 17, 18, 19]
[0, 1, 3, 4, 6, 7, 9, 12, 15, 16, 17, 18, 19]
[3, 4, 6, 7, 9, 12, 15, 16, 17]
[3, 5, 6, 8, 9, 12, 15, 16, 17, 18, 19]
[1, 4, 6, 8, 9, 11, 12, 13, 15, 16, 17]
[2, 3, 4, 5, 6, 8, 9, 11, 12, 13, 15, 16, 17]
[3, 6, 7, 9, 14, 15, 16, 17, 18, 19]
[0, 2, 4, 6, 7, 9, 14, 15, 16, 17, 18, 19]
[0, 1, 3, 5, 6, 8, 9, 11, 12, 13, 14, 15, 16, 17]
[0, 1, 3, 6, 8, 9, 16, 19]
[0, 2, 5, 6, 8, 9, 16, 19]
[3, 4, 5, 6, 7, 9, 12, 16, 18]
[3, 5, 6, 8, 9, 12, 16, 18]
[1, 4, 5, 6, 7, 9, 11, 12, 13, 16, 18]
[2, 3, 4, 5, 6, 8, 9, 11, 12, 13, 16, 19]
[3, 4, 5, 6, 8, 9, 14, 16, 19]
[1, 2, 6, 7, 9, 11, 13, 14, 16, 19]
[2, 3, 4, 6, 7, 9, 11, 13, 14, 16, 19]
[1, 2, 6, 8, 9, 11, 13, 14, 16, 19]
[2, 3, 4, 6, 8, 9, 11, 13, 14, 16, 19]
[0, 1, 2, 3, 4, 6, 7, 9, 12, 14, 16, 19]
[0, 2, 5, 6, 7, 9, 12, 14, 16, 18]
[0, 1, 3, 4, 6, 7, 9, 11, 12, 13, 14, 16, 18]
[0, 4, 5, 6, 8, 9, 15, 16, 19]
[0, 1, 2, 3, 4, 5, 6, 8, 9, 15, 16, 18]
[2, 3, 6, 7, 9, 12, 15, 16, 19]
[2, 3, 4, 5, 6, 7, 9, 12, 15, 16, 18]
[0, 4, 6, 8, 9, 12, 15, 16, 19]
[1, 4, 6, 7, 9, 11, 12, 13, 15, 16, 18]
[2, 3, 4, 5, 6, 7, 9, 11, 12, 13, 15, 16, 18]
[1, 4, 6, 8, 9, 11, 12, 13, 15, 16, 18]
[2, 3, 4, 5, 6, 8, 9, 11, 12, 13, 15, 16, 18]
[0, 1, 3, 6, 8, 9, 14, 15, 16, 18]
[3, 4, 5, 6, 8, 9, 14, 15, 16, 18]
[2, 3, 4, 5, 6, 7, 9, 11, 13, 14, 15, 16, 19]
[1, 2, 6, 8, 9, 11, 13, 14, 15, 16, 18]
[0, 1, 3, 6, 7, 9, 12, 14, 15, 16, 19]
[0, 4, 6, 7, 9, 12, 14, 15, 16, 19]
[1, 2, 4, 6, 7, 9, 12, 14, 15, 16, 19]
[1, 5, 6, 7, 9, 12, 14, 15, 16, 19]
[1, 2, 4, 6, 8, 9, 12, 14, 15, 16, 19]
[1, 5, 6, 8, 9, 12, 14, 15, 16, 19]
[0, 1, 3, 4, 5, 6, 8, 9, 11, 12, 13, 14, 15, 16, 18]
[0, 4, 6, 7, 9, 10, 11, 13]
[0, 2, 4, 6, 7, 9, 10, 11, 13, 18, 19]
[0, 2, 4, 5, 6, 7, 9, 10, 11, 13]
[0, 4, 6, 8, 9, 10, 11, 13]
[1, 2, 4, 6, 7, 9, 10, 14]
[1, 5, 6, 8, 9, 10, 14]
[0, 2, 4, 5, 6, 8, 9, 10, 15, 18, 19]
[3, 6, 7, 9, 10, 11, 12, 13, 15, 18, 19]
[3, 4, 6, 8, 9, 10, 11, 12, 13, 15, 18, 19]
[1, 6, 8, 9, 10, 11, 13, 14, 15]
[1, 4, 5, 6, 8, 9, 10, 11, 13, 14, 15, 18, 19]
[0, 1, 3, 4, 5, 6, 7, 9, 10, 12, 14, 15, 18, 19]
[2, 3, 5, 6, 7, 9, 10, 17, 19]
[3, 4, 6, 8, 9, 10, 11, 13, 17, 19]
[1, 2, 4, 6, 8, 9, 10, 11, 13, 17, 18]
[0, 1, 3, 4, 5, 6, 8, 9, 10, 12, 17, 18]
[0, 1, 2, 3, 6, 7, 9, 10, 11, 13, 14, 17, 19]
[0, 2, 4, 5, 6, 7, 9, 10, 11, 13, 14, 17, 18]
[0, 1, 2, 3, 4, 5, 6, 8, 9, 10, 11, 13, 14, 17, 18]
[3, 5, 6, 7, 9, 10, 11, 12, 13, 14, 17, 19]
[0, 2, 4, 5, 6, 7, 9, 10, 15, 17, 19]
[0, 5, 6, 8, 9, 10, 15, 17, 18]
[2, 3, 5, 6, 8, 9, 10, 15, 17, 18]
[0, 1, 2, 3, 6, 7, 9, 10, 11, 13, 15, 17, 18]
[0, 1, 3, 4, 6, 8, 9, 10, 11, 13, 15, 17, 19]
[1, 4, 6, 8, 9, 10, 11, 13, 15, 17, 18]
[1, 4, 6, 7, 9, 10, 14, 15, 17, 18]
[1, 2, 5, 6, 7, 9, 10, 14, 15, 17, 18]
[0, 2, 4, 5, 6, 7, 9, 10, 14, 15, 17, 19]
[1, 2, 6, 8, 9, 10, 14, 15, 17, 19]
[1, 4, 5, 6, 8, 9, 10, 14, 15, 17, 19]
[0, 1, 3, 6, 7, 9, 10, 11, 13, 14, 15, 17, 19]
[0, 1, 3, 4, 6, 7, 9, 10, 11, 13, 14, 15, 17, 19]
[0, 2, 4, 6, 7, 9, 10, 11, 13, 14, 15, 17, 18]
[0, 1, 3, 4, 5, 6, 7, 9, 10, 12, 14, 15, 17, 19]
[0, 1, 2, 3, 5, 6, 8, 9, 10, 12, 14, 15, 17, 18]
[0, 2, 4, 5, 6, 7, 9, 10, 11, 12, 13, 14, 15, 17, 18]
[2, 3, 6, 8, 9, 10, 11, 12, 13, 14, 15, 17, 18]
[0, 5, 6, 8, 9, 10, 11, 12, 13, 14, 15, 17, 19]
[1, 2, 4, 5, 6, 8, 9, 10, 11, 12, 13, 14, 15, 17, 19]
[0, 2, 6, 8, 9, 11, 13, 16, 17]
[0, 1, 3, 4, 6, 8, 9, 11, 13, 16, 17, 18, 19]
[0, 5, 6, 8, 9, 11, 13, 16, 17]
[1, 5, 6, 7, 9, 14, 16, 17, 18, 19]
[0, 2, 6, 7, 9, 11, 13, 15, 16, 17, 18, 19]
[0, 6, 8, 9, 11, 13, 15, 16, 17]
[0, 1, 2, 3, 6, 8, 9, 11, 13, 15, 16, 17, 18, 19]
[2, 3, 5, 6, 8, 9, 11, 13, 15, 16, 17, 18, 19]
[2, 3, 4, 5, 6, 8, 9, 11, 13, 15, 16, 17, 18, 19]
[0, 4, 5, 6, 7, 9, 12, 15, 16, 17]
[1, 2, 4, 6, 8, 9, 14, 15, 16, 17]
[0, 1, 3, 5, 6, 8, 9, 14, 15, 16, 17, 18, 19]
[0, 1, 2, 3, 6, 7, 9, 11, 13, 14, 15, 16, 17, 18, 19]
[0, 1, 3, 4, 6, 7, 9, 11, 13, 14, 15, 16, 17]
[0, 1, 2, 3, 6, 8, 9, 11, 13, 14, 15, 16, 17, 18, 19]
[0, 1, 3, 4, 6, 8, 9, 11, 13, 14, 15, 16, 17]
[3, 6, 7, 9, 12, 14, 15, 16, 17]
[2, 3, 4, 5, 6, 7, 9, 12, 14, 15, 16, 17]
[2, 3, 4, 6, 8, 9, 12, 14, 15, 16, 17, 18, 19]
[3, 5, 6, 8, 9, 12, 14, 15, 16, 17, 18, 19]
[1, 6, 7, 9, 11, 12, 13, 14, 15, 16, 17]
[1, 4, 5, 6, 8, 9, 11, 12, 13, 14, 15, 16, 17, 18, 19]
[0, 2, 6, 7, 9, 11, 13, 16, 18]
[0, 1, 2, 3, 4, 5, 6, 7, 9, 11, 13, 16, 19]
[0, 5, 6, 8, 9, 11, 13, 16, 18]
[1, 4, 5, 6, 7, 9, 14, 16, 19]
[1, 4, 6, 7, 9, 12, 14, 16, 19]
[1, 4, 5, 6, 7, 9, 12, 14, 16, 18]
[1, 2, 6, 8, 9, 12, 14, 16, 18]
[1, 2, 5, 6, 8, 9, 12, 14, 16, 19]
[0, 1, 3, 6, 7, 9, 11, 13, 15, 16, 18]
[0, 6, 7, 9, 11, 13, 15, 16, 18]
[0, 2, 6, 7, 9, 11, 13, 15, 16, 19]
[1, 2, 4, 6, 7, 9, 11, 13, 15, 16, 18]
[1, 2, 6, 8, 9, 11, 13, 15, 16, 18]
[0, 1, 3, 4, 5, 6, 7, 9, 12, 15, 16, 18]
[1, 2, 5, 6, 8, 9, 14, 15, 16, 19]
[0, 2, 4, 5, 6, 8, 9, 14, 15, 16, 18]
[2, 3, 6, 7, 9, 11, 12, 13, 14, 15, 16, 19]
[2, 3, 4, 5, 6, 7, 9, 11, 12, 13, 14, 15, 16, 18]
[0, 1, 2, 3, 4, 6, 7, 9, 10, 11, 13, 18, 19]
[0, 1, 3, 5, 6, 8, 9, 10, 11, 13, 18, 19]
[0, 1, 3, 6, 8, 9, 10, 12, 18, 19]
[0, 4, 5, 6, 8, 9, 10, 12]
[1, 2, 6, 7, 9, 10, 11, 12, 13, 15]
[0, 1, 3, 5, 6, 7, 9, 10, 14, 15]
[0, 2, 5, 6, 7, 9, 10, 14, 15, 18, 19]
[3, 6, 8, 9, 10, 11, 13, 14, 15]
[3, 5, 6, 7, 9, 10, 17, 18]
[0, 1, 3, 6, 8, 9, 10, 12, 17, 19]
[0, 1, 3, 5, 6, 7, 9, 10, 11, 12, 13, 14, 17, 18]
[0, 1, 3, 6, 8, 9, 10, 11, 12, 13, 14, 17, 19]
[3, 6, 7, 9, 10, 15, 17, 18]
[3, 5, 6, 7, 9, 10, 11, 12, 13, 15, 17, 18]
[3, 6, 8, 9, 10, 11, 12, 13, 15, 17, 19]
[0, 2, 5, 6, 8, 9, 10, 14, 15, 17, 19]
[1, 4, 6, 7, 9, 10, 11, 13, 14, 15, 17, 18]
[1, 4, 5, 6, 8, 9, 10, 11, 13, 14, 15, 17, 19]
[2, 3, 4, 6, 8, 9, 12, 16, 17]
[0, 1, 3, 5, 6, 7, 9, 11, 12, 13, 16, 17, 18, 19]
[0, 1, 3, 6, 8, 9, 11, 12, 13, 16, 17]
[1, 2, 4, 6, 8, 9, 11, 13, 15, 16, 17]
[3, 6, 8, 9, 12, 15, 16, 17]
[2, 3, 6, 7, 9, 11, 12, 13, 14, 15, 16, 17, 18, 19]
[3, 4, 6, 7, 9, 12, 16, 19]
[0, 1, 2, 3, 6, 7, 9, 11, 13, 14, 16, 18]
[0, 1, 3, 4, 6, 7, 9, 11, 13, 14, 16, 19]
[0, 1, 2, 3, 5, 6, 8, 9, 11, 13, 14, 16, 19]
[0, 1, 3, 4, 5, 6, 8, 9, 11, 13, 14, 16, 18]
[0, 1, 3, 6, 8, 9, 12, 14, 16, 18]
[0, 4, 5, 6, 8, 9, 12, 14, 16, 19]
[0, 1, 3, 5, 6, 7, 9, 15, 16, 19]
[0, 2, 5, 6, 7, 9, 15, 16, 18]
[2, 3, 4, 5, 6, 8, 9, 11, 13, 15, 16, 19]
[2, 3, 5, 6, 7, 9, 12, 15, 16, 18]
[1, 4, 5, 6, 7, 9, 11, 12, 13, 14, 15, 16, 19]
[3, 5, 6, 7, 9, 10, 11, 13]
[1, 4, 5, 6, 8, 9, 10, 11, 13]
[1, 5, 6, 7, 9, 10, 11, 12, 13, 18, 19]
[0, 1, 2, 3, 5, 6, 7, 9, 10, 11, 12, 13, 18, 19]
[1, 4, 6, 8, 9, 10, 11, 12, 13]
[2, 3, 6, 7, 9, 10, 11, 13, 14]
[2, 3, 4, 6, 7, 9, 10, 11, 13, 14]
[0, 1, 2, 3, 5, 6, 7, 9, 10, 11, 13, 14]
[2, 3, 4, 6, 7, 9, 10, 11, 12, 13, 14, 18, 19]
[1, 2, 6, 8, 9, 10, 11, 12, 13, 14, 18, 19]
[0, 1, 3, 6, 7, 9, 10, 11, 13, 15, 18, 19]
[1, 2, 5, 6, 7, 9, 10, 11, 13, 15]
[3, 6, 8, 9, 10, 11, 13, 15]
[0, 1, 2, 3, 4, 5, 6, 8, 9, 10, 11, 13, 15, 18, 19]
[0, 1, 2, 3, 6, 8, 9, 10, 11, 12, 13, 15, 18, 19]
[0, 1, 3, 4, 5, 6, 8, 9, 10, 11, 13, 14, 15]
[1, 2, 5, 6, 7, 9, 10, 11, 12, 13, 14, 15, 18, 19]
[3, 6, 8, 9, 10, 11, 12, 13, 14, 15, 18, 19]
[0, 5, 6, 8, 9, 10, 11, 12, 13, 14, 15, 18, 19]
[0, 2, 4, 5, 6, 8, 9, 10, 11, 12, 13, 14, 15]
[3, 5, 6, 8, 9, 10, 17, 18]
[1, 5, 6, 7, 9, 10, 11, 12, 13, 17, 19]
[1, 2, 4, 5, 6, 8, 9, 10, 11, 12, 13, 17, 18]
[0, 1, 2, 3, 4, 6, 7, 9, 10, 14, 17, 19]
[0, 4, 5, 6, 7, 9, 10, 14, 17, 19]
[3, 4, 6, 7, 9, 10, 11, 13, 14, 17, 19]
[2, 3, 6, 8, 9, 10, 11, 13, 14, 17, 18]
[3, 6, 8, 9, 10, 12, 14, 17, 18]
[3, 6, 8, 9, 10, 15, 17, 18]
[0, 2, 6, 7, 9, 10, 12, 15, 17, 19]
[0, 1, 2, 3, 4, 6, 7, 9, 10, 12, 15, 17, 19]
[2, 3, 4, 6, 8, 9, 10, 12, 14, 15, 17, 18]
[1, 4, 6, 7, 9, 11, 13, 16, 17]
[1, 2, 4, 5, 6, 8, 9, 11, 13, 16, 17]
[1, 4, 6, 7, 9, 12, 16, 17, 18, 19]
[1, 4, 5, 6, 7, 9, 14, 16, 17, 18, 19]
[1, 2, 5, 6, 8, 9, 11, 13, 14, 16, 17]
[2, 3, 4, 5, 6, 8, 9, 11, 13, 14, 16, 17]
[3, 5, 6, 7, 9, 11, 12, 13, 14, 16, 17]
[2, 3, 5, 6, 7, 9, 11, 12, 13, 14, 16, 17, 18, 19]
[1, 4, 5, 6, 7, 9, 12, 15, 16, 17, 18, 19]
[2, 3, 4, 6, 7, 9, 11, 12, 13, 15, 16, 17, 18, 19]
[1, 4, 5, 6, 7, 9, 11, 12, 13, 15, 16, 17, 18, 19]
[1, 2, 5, 6, 7, 9, 14, 15, 16, 17, 18, 19]
[3, 4, 6, 8, 9, 11, 13, 16, 18]
[2, 3, 4, 5, 6, 8, 9, 11, 13, 16, 18]
[1, 2, 4, 6, 8, 9, 12, 16, 18]
[1, 5, 6, 8, 9, 14, 16, 19]
[3, 5, 6, 7, 9, 11, 13, 14, 16, 19]
[1, 4, 5, 6, 7, 9, 11, 13, 14, 16, 19]
[3, 5, 6, 8, 9, 11, 13, 14, 16, 19]
[1, 4, 5, 6, 8, 9, 11, 13, 14, 16, 19]
[1, 4, 5, 6, 7, 9, 11, 12, 13, 14, 16, 18]
[1, 2, 4, 5, 6, 8, 9, 11, 12, 13, 14, 16, 19]
[1, 2, 4, 6, 8, 9, 12, 15, 16, 19]
[3, 6, 7, 9, 11, 12, 13, 15, 16, 18]
[1, 2, 5, 6, 7, 9, 11, 12, 13, 15, 16, 18]
[3, 6, 8, 9, 11, 12, 13, 15, 16, 18]
[1, 2, 5, 6, 8, 9, 11, 12, 13, 15, 16, 18]
[1, 2, 4, 6, 8, 9, 14, 15, 16, 18]
[0, 2, 6, 7, 9, 11, 13, 14, 15, 16, 19]
[0, 4, 6, 7, 9, 11, 13, 14, 15, 16, 18]
[0, 2, 6, 8, 9, 11, 13, 14, 15, 16, 19]
[0, 4, 6, 8, 9, 11, 13, 14, 15, 16, 18]
[0, 1, 3, 5, 6, 7, 9, 10, 11, 13, 18, 19]
[2, 3, 4, 6, 8, 9, 10, 11, 13]
[0, 1, 2, 3, 4, 6, 8, 9, 10, 11, 13, 18, 19]
[1, 2, 6, 7, 9, 10, 14]
[1, 4, 6, 7, 9, 10, 14, 18, 19]
[2, 3, 4, 5, 6, 7, 9, 10, 11, 12, 13, 14]
[0, 2, 6, 8, 9, 10, 15]
[1, 2, 6, 7, 9, 10, 11, 13, 15, 18, 19]
[1, 4, 5, 6, 7, 9, 10, 11, 12, 13, 15]
[2, 3, 4, 5, 6, 8, 9, 10, 11, 13, 14, 15]
[0, 1, 3, 5, 6, 8, 9, 10, 12, 14, 15, 18, 19]
[1, 4, 6, 8, 9, 10, 11, 12, 13, 14, 15, 18, 19]
[2, 3, 6, 7, 9, 10, 11, 12, 13, 15, 17, 18]
[3, 4, 5, 6, 7, 9, 10, 11, 12, 13, 15, 17, 18]
[1, 2, 4, 6, 8, 9, 10, 11, 13, 14, 15, 17, 19]
[1, 5, 6, 8, 9, 10, 11, 13, 14, 15, 17, 19]
[1, 5, 6, 8, 9, 11, 13, 15, 16, 17]
[0, 2, 4, 5, 6, 8, 9, 12, 15, 16, 17, 18, 19]
[0, 1, 2, 3, 6, 8, 9, 14, 15, 16, 17, 18, 19]
[3, 4, 5, 6, 7, 9, 11, 12, 13, 14, 15, 16, 17, 18, 19]
[3, 5, 6, 7, 9, 11, 12, 13, 16, 18]
[1, 2, 5, 6, 8, 9, 11, 12, 13, 16, 19]
[0, 1, 2, 3, 4, 6, 7, 9, 11, 13, 14, 16, 18]
[0, 1, 3, 5, 6, 7, 9, 11, 13, 14, 16, 18]
[0, 1, 2, 3, 4, 6, 8, 9, 11, 13, 14, 16, 18]
[0, 1, 3, 5, 6, 8, 9, 11, 13, 14, 16, 18]
[3, 6, 8, 9, 11, 13, 15, 16, 19]
[0, 1, 2, 3, 4, 5, 6, 7, 9, 12, 15, 16, 19]
[0, 4, 6, 7, 9, 14, 15, 16, 18]
[1, 4, 6, 7, 9, 11, 13, 14, 15, 16, 19]
[3, 5, 6, 8, 9, 11, 13, 14, 15, 16, 18]
[1, 2, 6, 7, 9, 11, 12, 13, 14, 15, 16, 19]
[1, 5, 6, 7, 9, 10, 11, 13]
[2, 3, 5, 6, 7, 9, 10, 11, 13, 18, 19]
[0, 6, 8, 9, 10, 11, 12, 13, 14, 18, 19]
[0, 2, 4, 6, 8, 9, 10, 11, 12, 13, 14]
[1, 5, 6, 7, 9, 10, 11, 12, 13, 15]
[2, 3, 6, 7, 9, 10, 11, 13, 14, 15, 18, 19]
[1, 6, 8, 9, 10, 11, 12, 13, 14, 15, 18, 19]
[3, 4, 5, 6, 8, 9, 10, 11, 12, 13, 14, 15]
[0, 1, 3, 5, 6, 7, 9, 10, 11, 13, 14, 17, 19]
[2, 3, 4, 5, 6, 8, 9, 10, 11, 12, 13, 14, 17, 18]
[1, 2, 6, 7, 9, 10, 11, 13, 15, 17, 19]
[0, 1, 2, 3, 4, 6, 8, 9, 10, 11, 13, 14, 15, 17, 18]
[0, 4, 6, 7, 9, 11, 13, 16, 17, 18, 19]
[1, 2, 6, 7, 9, 11, 13, 15, 16, 17]
[0, 4, 6, 8, 9, 11, 13, 15, 16, 17]
[2, 3, 4, 5, 6, 7, 9, 11, 12, 13, 14, 15, 16, 17]
[0, 2, 4, 5, 6, 7, 9, 11, 13, 16, 19]
[1, 6, 7, 9, 11, 12, 13, 16, 19]
[2, 3, 6, 7, 9, 11, 12, 13, 16, 18]
[0, 2, 4, 6, 8, 9, 11, 13, 15, 16, 19]
[2, 3, 5, 6, 8, 9, 11, 13, 15, 16, 19]
[1, 2, 4, 6, 8, 9, 11, 13, 14, 15, 16, 18]
[2, 3, 5, 6, 8, 9, 11, 13, 14, 15, 16, 19]
[1, 6, 8, 9, 11, 12, 13, 14, 15, 16, 18]
[0, 2, 5, 6, 7, 9, 10, 11, 13]
[0, 2, 5, 6, 8, 9, 10, 11, 13]
[3, 5, 6, 8, 9, 10, 11, 12, 13, 18, 19]
[1, 4, 6, 7, 9, 10, 11, 13, 14, 18, 19]
[0, 2, 6, 7, 9, 10, 11, 13, 15]
[0, 2, 6, 8, 9, 10, 11, 13, 15]
[2, 3, 4, 5, 6, 7, 9, 10, 11, 12, 13, 15, 18, 19]
[1, 2, 6, 8, 9, 10, 11, 13, 14, 15, 18, 19]
[3, 5, 6, 7, 9, 10, 11, 13, 17, 18]
[3, 5, 6, 7, 9, 10, 11, 12, 13, 17, 19]
[0, 1, 3, 6, 8, 9, 10, 11, 12, 13, 17, 19]
[2, 3, 4, 5, 6, 8, 9, 10, 11, 12, 13, 17, 18]
[0, 5, 6, 7, 9, 10, 14, 17, 19]
[1, 4, 6, 7, 9, 10, 11, 13, 14, 17, 19]
[1, 2, 6, 8, 9, 10, 11, 13, 14, 17, 18]
[1, 2, 4, 5, 6, 8, 9, 10, 12, 14, 17, 18]
[0, 1, 2, 3, 5, 6, 8, 9, 10, 12, 15, 17, 18]
[0, 1, 3, 6, 7, 9, 10, 11, 12, 13, 15, 17, 18]
[1, 2, 4, 5, 6, 7, 9, 10, 12, 14, 15, 17, 19]
[1, 2, 5, 6, 8, 9, 10, 11, 12, 13, 14, 15, 17, 19]
[2, 3, 6, 8, 9, 11, 13, 16, 17, 18, 19]
[0, 1, 2, 3, 4, 6, 8, 9, 11, 13, 16, 17]
[1, 2, 4, 6, 8, 9, 14, 16, 17, 18, 19]
[1, 5, 6, 7, 9, 11, 12, 13, 14, 16, 17]
[0, 1, 3, 5, 6, 7, 9, 11, 13, 15, 16, 17, 18, 19]
[3, 4, 6, 8, 9, 11, 13, 15, 16, 17, 18, 19]
[1, 5, 6, 7, 9, 14, 15, 16, 17]
[1, 2, 4, 5, 6, 7, 9, 11, 12, 13, 14, 15, 16, 17]
[1, 2, 6, 8, 9, 11, 13, 16, 19]
[0, 1, 3, 4, 5, 6, 8, 9, 11, 13, 16, 18]
[1, 2, 6, 8, 9, 14, 16, 19]
[2, 3, 4, 5, 6, 7, 9, 11, 12, 13, 14, 16, 19]
[0, 1, 2, 3, 5, 6, 7, 9, 11, 13, 15, 16, 18]
[1, 4, 5, 6, 8, 9, 11, 13, 15, 16, 18]
[0, 5, 6, 7, 9, 11, 12, 13, 15, 16, 18]
[0, 2, 4, 5, 6, 7, 9, 11, 12, 13, 15, 16, 19]
[0, 5, 6, 8, 9, 11, 12, 13, 15, 16, 18]
[0, 2, 4, 5, 6, 8, 9, 11, 12, 13, 15, 16, 19]
[1, 4, 6, 7, 9, 14, 15, 16, 19]
[3, 6, 7, 9, 11, 12, 13, 14, 15, 16, 18]
[1, 2, 5, 6, 7, 9, 10, 11, 13, 18, 19]
[1, 4, 5, 6, 7, 9, 10, 11, 13]
[3, 4, 5, 6, 8, 9, 10, 11, 13]
[2, 3, 4, 5, 6, 8, 9, 10, 11, 13, 18, 19]
[1, 2, 4, 5, 6, 8, 9, 10, 11, 13, 18, 19]
[1, 6, 7, 9, 10, 14, 18, 19]
[2, 3, 5, 6, 7, 9, 10, 14, 18, 19]
[2, 3, 5, 6, 8, 9, 10, 14, 18, 19]
[1, 2, 4, 5, 6, 8, 9, 10, 14, 18, 19]
[0, 1, 3, 4, 6, 8, 9, 10, 11, 13, 14]
[0, 5, 6, 8, 9, 10, 11, 13, 14, 18, 19]
[1, 4, 6, 8, 9, 10, 11, 12, 13, 14]
[0, 2, 4, 6, 7, 9, 10, 15]
[0, 1, 3, 4, 5, 6, 8, 9, 10, 15]
[2, 3, 4, 6, 8, 9, 10, 11, 13, 15, 18, 19]
[0, 6, 7, 9, 10, 11, 13, 14, 15, 18, 19]
[0, 1, 2, 3, 6, 7, 9, 10, 11, 13, 14, 15]
[0, 6, 7, 9, 10, 12, 14, 15]
[0, 1, 3, 4, 6, 8, 9, 10, 12, 14, 15]
[3, 6, 7, 9, 10, 11, 12, 13, 14, 15, 18, 19]
[2, 3, 4, 6, 7, 9, 10, 11, 12, 13, 14, 15]
[1, 2, 4, 6, 7, 9, 10, 11, 12, 13, 14, 15]
[2, 3, 5, 6, 7, 9, 10, 11, 12, 13, 14, 15, 18, 19]
[1, 4, 5, 6, 8, 9, 10, 11, 12, 13, 14, 15]
[0, 1, 3, 4, 6, 7, 9, 10, 11, 13, 15, 17, 19]
[0, 1, 2, 3, 6, 8, 9, 10, 11, 13, 15, 17, 18]
[3, 5, 6, 7, 9, 11, 12, 13, 16, 17]
[1, 2, 5, 6, 7, 9, 11, 12, 13, 16, 17, 18, 19]
[0, 1, 3, 6, 7, 9, 12, 15, 16, 17, 18, 19]
[0, 4, 6, 8, 9, 12, 15, 16, 17, 18, 19]
[0, 2, 4, 5, 6, 7, 9, 11, 12, 13, 15, 16, 17, 18, 19]
[0, 5, 6, 8, 9, 11, 12, 13, 15, 16, 17]
[0, 1, 3, 6, 7, 9, 14, 15, 16, 17]
[0, 2, 5, 6, 8, 9, 14, 15, 16, 17]
[1, 4, 6, 8, 9, 11, 13, 14, 15, 16, 17, 18, 19]
[3, 5, 6, 8, 9, 11, 13, 14, 15, 16, 17]
[3, 6, 7, 9, 11, 12, 13, 16, 19]
[1, 2, 6, 8, 9, 11, 12, 13, 16, 18]
[3, 4, 6, 8, 9, 11, 12, 13, 16, 19]
[1, 2, 4, 6, 8, 9, 11, 12, 13, 16, 18]
[1, 2, 5, 6, 7, 9, 11, 13, 14, 16, 18]
[2, 3, 4, 5, 6, 8, 9, 11, 13, 14, 16, 18]
[0, 6, 7, 9, 12, 15, 16, 19]
[0, 1, 3, 4, 6, 8, 9, 12, 15, 16, 19]
[2, 3, 4, 6, 7, 9, 11, 12, 13, 15, 16, 19]
[1, 4, 5, 6, 8, 9, 11, 12, 13, 15, 16, 19]
[0, 2, 4, 6, 7, 9, 14, 15, 16, 19]
[0, 1, 3, 4, 5, 6, 8, 9, 14, 15, 16, 19]
[1, 6, 7, 9, 11, 13, 14, 15, 16, 19]
[1, 4, 5, 6, 7, 9, 11, 13, 14, 15, 16, 18]
[3, 4, 5, 6, 7, 9, 11, 13, 14, 15, 16, 18]
[3, 6, 8, 9, 11, 13, 14, 15, 16, 19]
[0, 4, 5, 6, 7, 9, 10, 11, 13, 18, 19]
[0, 4, 5, 6, 8, 9, 10, 11, 13, 18, 19]
[1, 4, 5, 6, 7, 9, 10, 11, 12, 13, 18, 19]
[0, 2, 6, 7, 9, 10, 11, 13, 14, 18, 19]
[0, 1, 3, 5, 6, 8, 9, 10, 11, 13, 14, 18, 19]
[2, 3, 4, 5, 6, 8, 9, 10, 11, 13, 14, 18, 19]
[0, 1, 2, 3, 4, 6, 7, 9, 10, 11, 13, 15]
[0, 1, 3, 5, 6, 8, 9, 10, 11, 13, 15]
[3, 5, 6, 8, 9, 10, 11, 12, 13, 15]
[0, 2, 6, 7, 9, 10, 11, 13, 14, 15]
[1, 4, 6, 7, 9, 10, 11, 13, 14, 15]
[0, 1, 2, 3, 4, 6, 8, 9, 10, 11, 13, 14, 15]
[1, 2, 4, 6, 7, 9, 11, 13, 16, 17, 18, 19]
[2, 3, 6, 7, 9, 11, 13, 14, 16, 17, 18, 19]
[1, 2, 4, 6, 8, 9, 11, 13, 14, 16, 17, 18, 19]
[2, 3, 6, 8, 9, 11, 12, 13, 14, 16, 17]
[2, 3, 6, 7, 9, 11, 13, 15, 16, 17]
[1, 5, 6, 7, 9, 11, 12, 13, 15, 16, 17, 18, 19]
[2, 3, 6, 8, 9, 11, 12, 13, 15, 16, 17, 18, 19]
[1, 5, 6, 8, 9, 11, 12, 13, 14, 15, 16, 17, 18, 19]
[2, 3, 4, 6, 7, 9, 11, 13, 16, 19]
[1, 4, 6, 8, 9, 11, 12, 13, 14, 16, 19]
[1, 2, 5, 6, 7, 9, 11, 13, 15, 16, 19]
[2, 3, 4, 6, 8, 9, 11, 12, 13, 14, 15, 16, 19]
[3, 4, 5, 6, 7, 9, 10, 11, 13]
[1, 2, 4, 5, 6, 7, 9, 10, 11, 13, 18, 19]
[2, 3, 5, 6, 8, 9, 10, 11, 13, 18, 19]
[3, 6, 7, 9, 10, 12]
[2, 3, 4, 6, 7, 9, 10, 12, 18, 19]
[1, 2, 6, 8, 9, 10, 12, 18, 19]
[1, 2, 5, 6, 8, 9, 10, 12]
[0, 1, 2, 3, 4, 6, 7, 9, 10, 11, 12, 13]
[2, 3, 4, 5, 6, 7, 9, 10, 11, 12, 13]
[0, 1, 3, 6, 8, 9, 10, 11, 13, 14]
[1, 2, 6, 8, 9, 10, 11, 13, 14]
[1, 4, 6, 8, 9, 10, 12, 14]
[2, 3, 4, 6, 8, 9, 10, 12, 14, 18, 19]
[1, 6, 7, 9, 10, 11, 12, 13, 14]
[2, 3, 6, 7, 9, 10, 11, 12, 13, 14, 18, 19]
[0, 4, 6, 7, 9, 10, 11, 12, 13, 14, 18, 19]
[1, 4, 6, 7, 9, 10, 11, 12, 13, 14]
[3, 6, 8, 9, 10, 11, 12, 13, 14]
[3, 4, 6, 8, 9, 10, 11, 12, 13, 14]
[0, 2, 5, 6, 8, 9, 10, 11, 12, 13, 14, 18, 19]
[0, 1, 2, 3, 4, 5, 6, 7, 9, 10, 15, 18, 19]
[0, 2, 5, 6, 8, 9, 10, 15, 18, 19]
[1, 6, 7, 9, 10, 11, 13, 15]
[0, 4, 6, 7, 9, 10, 11, 13, 15, 18, 19]
[2, 3, 4, 6, 7, 9, 10, 11, 13, 15, 18, 19]
[0, 4, 6, 8, 9, 10, 11, 13, 15, 18, 19]
[1, 2, 4, 6, 8, 9, 10, 11, 13, 15, 18, 19]
[2, 3, 5, 6, 8, 9, 10, 11, 13, 15]
[1, 4, 5, 6, 8, 9, 10, 11, 13, 15, 18, 19]
[0, 1, 2, 3, 4, 6, 7, 9, 10, 11, 12, 13, 15, 18, 19]
[1, 2, 6, 8, 9, 10, 11, 12, 13, 15]
[3, 6, 7, 9, 10, 11, 13, 14, 15]
[0, 1, 2, 3, 4, 5, 6, 8, 9, 10, 11, 13, 14, 15, 18, 19]
[3, 6, 7, 9, 10, 12, 14, 15, 18, 19]
[0, 2, 5, 6, 7, 9, 10, 12, 14, 15]
[1, 4, 5, 6, 7, 9, 10, 12, 14, 15]
[0, 1, 3, 6, 8, 9, 10, 12, 14, 15]
[1, 6, 7, 9, 10, 11, 12, 13, 14, 15, 18, 19]
[1, 2, 4, 6, 8, 9, 10, 11, 12, 13, 14, 15]
[2, 3, 5, 6, 8, 9, 10, 11, 12, 13, 14, 15, 18, 19]
[3, 4, 6, 7, 9, 10, 11, 13, 17, 19]
[0, 6, 7, 9, 10, 12, 17, 19]
[2, 3, 5, 6, 7, 9, 10, 11, 12, 13, 17, 18]
[2, 3, 6, 8, 9, 10, 11, 12, 13, 17, 19]
[0, 1, 2, 3, 6, 8, 9, 10, 11, 12, 13, 17, 18]
[1, 2, 4, 6, 7, 9, 10, 11, 13, 14, 17, 18]
[1, 2, 4, 5, 6, 8, 9, 10, 11, 13, 14, 17, 19]
[3, 4, 6, 8, 9, 10, 12, 14, 17, 18]
[0, 2, 5, 6, 8, 9, 10, 15, 17, 19]
[1, 5, 6, 7, 9, 10, 12, 15, 17, 18]
[1, 6, 8, 9, 10, 12, 15, 17, 19]
[1, 5, 6, 8, 9, 10, 12, 15, 17, 18]
[1, 4, 6, 7, 9, 10, 11, 12, 13, 15, 17, 19]
[1, 2, 6, 8, 9, 10, 11, 12, 13, 15, 17, 18]
[0, 1, 2, 3, 5, 6, 8, 9, 10, 11, 12, 13, 15, 17, 18]
[3, 4, 5, 6, 7, 9, 10, 14, 15, 17, 19]
[0, 1, 3, 4, 5, 6, 8, 9, 10, 14, 15, 17, 18]
[2, 3, 4, 6, 7, 9, 10, 11, 13, 14, 15, 17, 19]
[3, 6, 8, 9, 10, 11, 13, 14, 15, 17, 18]
[0, 1, 3, 6, 7, 9, 10, 12, 14, 15, 17, 18]
[2, 3, 5, 6, 7, 9, 10, 12, 14, 15, 17, 19]
[0, 1, 2, 3, 5, 6, 7, 9, 10, 11, 12, 13, 14, 15, 17, 18]
[1, 2, 4, 5, 6, 7, 9, 10, 11, 12, 13, 14, 15, 17, 19]
[0, 1, 2, 3, 6, 8, 9, 10, 11, 12, 13, 14, 15, 17, 19]
[3, 4, 6, 7, 9, 11, 13, 16, 17]
[1, 2, 4, 6, 8, 9, 12, 16, 17]
[1, 6, 7, 9, 11, 12, 13, 16, 17, 18, 19]
[2, 3, 6, 8, 9, 11, 12, 13, 16, 17]
[0, 6, 7, 9, 12, 14, 16, 17]
[0, 1, 3, 4, 5, 6, 7, 9, 12, 14, 16, 17, 18, 19]
[0, 5, 6, 7, 9, 11, 12, 13, 14, 16, 17, 18, 19]
[1, 2, 4, 5, 6, 8, 9, 11, 12, 13, 14, 16, 17, 18, 19]
[2, 3, 6, 7, 9, 15, 16, 17]
[2, 3, 5, 6, 8, 9, 15, 16, 17, 18, 19]
[0, 1, 3, 4, 5, 6, 8, 9, 15, 16, 17, 18, 19]
[0, 2, 4, 5, 6, 8, 9, 15, 16, 17]
[1, 2, 4, 5, 6, 8, 9, 11, 13, 15, 16, 17, 18, 19]
[1, 2, 4, 6, 7, 9, 12, 15, 16, 17, 18, 19]
[0, 1, 3, 4, 5, 6, 7, 9, 12, 15, 16, 17]
[0, 2, 4, 6, 8, 9, 12, 15, 16, 17]
[0, 1, 2, 3, 5, 6, 7, 9, 11, 12, 13, 15, 16, 17, 18, 19]
[0, 1, 2, 3, 6, 8, 9, 11, 12, 13, 15, 16, 17]
[0, 2, 4, 5, 6, 7, 9, 14, 15, 16, 17]
[0, 1, 2, 3, 5, 6, 8, 9, 14, 15, 16, 17]
[2, 3, 5, 6, 7, 9, 11, 13, 14, 15, 16, 17, 18, 19]
[1, 2, 4, 6, 8, 9, 11, 13, 14, 15, 16, 17]
[1, 6, 7, 9, 12, 14, 15, 16, 17]
[1, 2, 4, 5, 6, 8, 9, 12, 14, 15, 16, 17]
[2, 3, 5, 6, 7, 9, 11, 12, 13, 14, 15, 16, 17]
[0, 2, 4, 5, 6, 7, 9, 11, 12, 13, 14, 15, 16, 17, 18, 19]
[2, 3, 5, 6, 7, 9, 16, 18]
[2, 3, 5, 6, 8, 9, 16, 18]
[1, 4, 6, 7, 9, 11, 13, 16, 18]
[1, 4, 6, 8, 9, 12, 16, 19]
[0, 6, 7, 9, 11, 13, 14, 16, 19]
[1, 5, 6, 7, 9, 11, 13, 14, 16, 19]
[0, 5, 6, 7, 9, 11, 13, 14, 16, 18]
[2, 3, 5, 6, 7, 9, 11, 13, 14, 16, 18]
[3, 4, 5, 6, 7, 9, 11, 13, 14, 16, 19]
[1, 2, 4, 5, 6, 7, 9, 11, 13, 14, 16, 18]
[2, 3, 4, 5, 6, 7, 9, 11, 13, 14, 16, 18]
[0, 2, 4, 6, 8, 9, 11, 13, 14, 16, 18]
[1, 5, 6, 8, 9, 11, 13, 14, 16, 19]
[1, 2, 5, 6, 8, 9, 11, 13, 14, 16, 18]
[3, 4, 5, 6, 8, 9, 11, 13, 14, 16, 19]
[0, 2, 4, 5, 6, 8, 9, 11, 13, 14, 16, 19]
[0, 4, 6, 8, 9, 11, 12, 13, 14, 16, 18]
[3, 5, 6, 8, 9, 11, 12, 13, 14, 16, 18]
[2, 3, 4, 6, 8, 9, 11, 13, 15, 16, 18]
[0, 1, 2, 3, 4, 6, 7, 9, 12, 15, 16, 18]
[1, 4, 5, 6, 7, 9, 12, 15, 16, 19]
[0, 4, 5, 6, 8, 9, 12, 15, 16, 18]
[1, 2, 4, 6, 7, 9, 11, 12, 13, 15, 16, 19]
[1, 4, 5, 6, 7, 9, 11, 12, 13, 15, 16, 19]
[3, 4, 5, 6, 7, 9, 11, 12, 13, 15, 16, 19]
[1, 6, 8, 9, 11, 12, 13, 15, 16, 18]
[1, 2, 4, 6, 8, 9, 11, 12, 13, 15, 16, 19]
[2, 3, 4, 6, 8, 9, 11, 12, 13, 15, 16, 19]
[2, 3, 5, 6, 8, 9, 11, 12, 13, 15, 16, 18]
[3, 4, 5, 6, 8, 9, 11, 12, 13, 15, 16, 19]
[0, 4, 5, 6, 7, 9, 14, 15, 16, 19]
[0, 1, 3, 5, 6, 8, 9, 14, 15, 16, 19]
[0, 1, 3, 6, 7, 9, 11, 13, 14, 15, 16, 18]
[0, 1, 2, 3, 4, 6, 7, 9, 11, 13, 14, 15, 16, 19]
[0, 1, 3, 5, 6, 8, 9, 11, 13, 14, 15, 16, 19]
[0, 1, 2, 3, 4, 5, 6, 8, 9, 11, 13, 14, 15, 16, 18]
[1, 4, 6, 7, 9, 11, 12, 13, 14, 15, 16, 18]
[0, 2, 5, 6, 8, 9, 11, 12, 13, 14, 15, 16, 19]
[2, 3, 4, 5, 6, 7, 9, 10, 11, 13, 18, 19]
[0, 1, 3, 6, 8, 9, 10, 11, 12, 13, 18, 19]
[0, 1, 2, 3, 4, 6, 7, 9, 10, 11, 13, 14, 18, 19]
[2, 3, 4, 6, 8, 9, 10, 11, 12, 13, 14, 18, 19]
[1, 2, 5, 6, 8, 9, 10, 11, 13, 15]
[0, 1, 3, 6, 8, 9, 10, 11, 12, 13, 15]
[0, 1, 3, 5, 6, 7, 9, 10, 11, 13, 14, 15]
[1, 4, 5, 6, 7, 9, 10, 11, 12, 13, 14, 15]
[3, 4, 6, 7, 9, 11, 12, 13, 16, 17, 18, 19]
[1, 2, 4, 6, 8, 9, 11, 12, 13, 16, 17]
[1, 6, 7, 9, 11, 13, 14, 15, 16, 17, 18, 19]
[3, 4, 5, 6, 8, 9, 11, 13, 14, 15, 16, 17]
[1, 2, 6, 7, 9, 11, 12, 13, 16, 18]
[3, 6, 8, 9, 11, 12, 13, 16, 19]
[3, 6, 7, 9, 11, 13, 14, 15, 16, 19]
[1, 4, 5, 6, 8, 9, 11, 13, 14, 15, 16, 18]
[0, 6, 8, 9, 10, 11, 13]
[0, 5, 6, 8, 9, 10, 11, 13, 18, 19]
[2, 3, 5, 6, 7, 9, 10, 11, 12, 13]
[1, 2, 4, 5, 6, 7, 9, 10, 11, 13, 14, 18, 19]
[2, 3, 6, 7, 9, 10, 11, 12, 13, 15]
[1, 2, 4, 6, 7, 9, 10, 11, 13, 14, 15, 18, 19]
[0, 1, 2, 3, 6, 8, 9, 10, 11, 12, 13, 14, 15, 18, 19]
[0, 1, 2, 3, 5, 6, 8, 9, 10, 11, 12, 13, 14, 15]
[2, 3, 4, 5, 6, 7, 9, 10, 17, 19]
[0, 2, 5, 6, 8, 9, 10, 14, 17, 18]
[2, 3, 4, 6, 7, 9, 10, 15, 17, 19]
[0, 1, 3, 6, 8, 9, 10, 12, 15, 17, 18]
[1, 2, 4, 6, 8, 9, 10, 11, 12, 13, 15, 17, 18]
[1, 5, 6, 8, 9, 10, 11, 12, 13, 15, 17, 18]
[2, 3, 6, 7, 9, 10, 11, 13, 14, 15, 17, 19]
[3, 4, 5, 6, 7, 9, 10, 11, 13, 14, 15, 17, 19]
[2, 3, 4, 6, 7, 9, 11, 13, 16, 17, 18, 19]
[1, 2, 5, 6, 8, 9, 14, 16, 17]
[1, 4, 6, 7, 9, 11, 12, 13, 14, 16, 17, 18, 19]
[3, 5, 6, 7, 9, 11, 13, 15, 16, 17]
[1, 4, 5, 6, 8, 9, 14, 15, 16, 17]
[1, 2, 5, 6, 7, 9, 11, 12, 13, 14, 15, 16, 17]
[1, 2, 4, 6, 8, 9, 11, 13, 16, 19]
[1, 2, 4, 5, 6, 7, 9, 14, 16, 18]
[0, 2, 6, 7, 9, 11, 13, 14, 16, 18]
[0, 4, 5, 6, 7, 9, 11, 13, 14, 16, 18]
[0, 2, 6, 8, 9, 11, 13, 14, 16, 18]
[0, 4, 5, 6, 8, 9, 11, 13, 14, 16, 18]
[2, 3, 6, 8, 9, 11, 12, 13, 14, 16, 18]
[1, 6, 8, 9, 11, 13, 15, 16, 19]
[1, 6, 7, 9, 14, 15, 16, 19]
[3, 4, 6, 8, 9, 11, 12, 13, 14, 15, 16, 18]
[0, 2, 4, 6, 8, 9, 10, 11, 13, 18, 19]
[0, 2, 4, 5, 6, 8, 9, 10, 11, 13]
[1, 2, 6, 7, 9, 10, 11, 12, 13, 18, 19]
[0, 1, 2, 3, 4, 5, 6, 7, 9, 10, 11, 12, 13, 18, 19]
[0, 4, 6, 8, 9, 10, 11, 12, 13, 18, 19]
[0, 1, 3, 4, 6, 8, 9, 10, 11, 12, 13, 18, 19]
[0, 5, 6, 8, 9, 10, 11, 12, 13]
[3, 6, 8, 9, 10, 11, 13, 14, 18, 19]
[0, 1, 3, 5, 6, 7, 9, 10, 11, 13, 15]
[0, 1, 2, 3, 4, 6, 8, 9, 10, 11, 13, 15]
[3, 4, 5, 6, 7, 9, 10, 11, 12, 13, 15]
[0, 1, 3, 4, 5, 6, 7, 9, 10, 11, 12, 13, 15, 18, 19]
[0, 2, 4, 5, 6, 7, 9, 10, 11, 12, 13, 15]
[0, 1, 2, 3, 4, 5, 6, 7, 9, 10, 11, 12, 13, 15]
[0, 2, 5, 6, 8, 9, 10, 11, 12, 13, 15]
[1, 5, 6, 7, 9, 10, 11, 13, 14, 15, 18, 19]
[1, 5, 6, 7, 9, 10, 17, 18]
[1, 2, 5, 6, 8, 9, 10, 17, 19]
[0, 6, 8, 9, 10, 12, 17, 19]
[0, 1, 3, 5, 6, 8, 9, 10, 12, 17, 18]
[0, 1, 3, 5, 6, 8, 9, 10, 11, 12, 13, 17, 18]
[0, 1, 3, 6, 7, 9, 10, 14, 17, 18]
[0, 1, 3, 6, 8, 9, 10, 14, 17, 18]
[0, 2, 6, 8, 9, 10, 11, 13, 14, 17, 19]
[2, 3, 4, 6, 7, 9, 10, 12, 14, 17, 19]
[1, 4, 5, 6, 7, 9, 10, 12, 14, 17, 19]
[1, 2, 5, 6, 7, 9, 10, 11, 12, 13, 14, 17, 18]
[1, 4, 5, 6, 7, 9, 10, 11, 12, 13, 14, 17, 19]
[1, 2, 4, 6, 8, 9, 10, 15, 17, 19]
[1, 4, 5, 6, 8, 9, 10, 15, 17, 19]
[3, 5, 6, 8, 9, 10, 11, 13, 15, 17, 19]
[2, 3, 4, 5, 6, 8, 9, 10, 11, 13, 15, 17, 18]
[3, 6, 7, 9, 10, 12, 15, 17, 19]
[0, 4, 6, 7, 9, 10, 12, 15, 17, 18]
[2, 3, 4, 5, 6, 7, 9, 10, 12, 15, 17, 19]
[0, 4, 6, 8, 9, 10, 12, 15, 17, 18]
[2, 3, 4, 6, 8, 9, 10, 12, 15, 17, 18]
[1, 2, 4, 6, 8, 9, 10, 12, 15, 17, 18]
[3, 5, 6, 8, 9, 10, 12, 15, 17, 18]
[0, 1, 3, 5, 6, 7, 9, 10, 11, 12, 13, 15, 17, 19]
[2, 3, 6, 7, 9, 10, 14, 15, 17, 19]
[1, 2, 6, 7, 9, 10, 14, 15, 17, 19]
[0, 1, 3, 4, 5, 6, 7, 9, 10, 14, 15, 17, 18]
[1, 4, 5, 6, 7, 9, 10, 14, 15, 17, 19]
[0, 2, 6, 8, 9, 10, 14, 15, 17, 18]
[1, 4, 6, 8, 9, 10, 14, 15, 17, 18]
[1, 2, 5, 6, 8, 9, 10, 14, 15, 17, 18]
[0, 2, 6, 7, 9, 10, 11, 13, 14, 15, 17, 18]
[3, 6, 7, 9, 10, 12, 14, 15, 17, 19]
[1, 4, 6, 7, 9, 10, 12, 14, 15, 17, 19]
[1, 5, 6, 7, 9, 11, 13, 16, 17, 18, 19]
[0, 1, 2, 3, 4, 5, 6, 8, 9, 11, 13, 16, 17, 18, 19]
[1, 2, 6, 8, 9, 12, 16, 17]
[1, 4, 5, 6, 7, 9, 11, 12, 13, 16, 17]
[2, 3, 4, 5, 6, 7, 9, 11, 12, 13, 16, 17, 18, 19]
[2, 3, 5, 6, 7, 9, 14, 16, 17]
[2, 3, 4, 5, 6, 7, 9, 14, 16, 17]
[1, 2, 6, 8, 9, 14, 16, 17, 18, 19]
[3, 4, 6, 7, 9, 11, 13, 14, 16, 17]
[1, 6, 8, 9, 11, 13, 14, 16, 17]
[0, 4, 6, 8, 9, 11, 12, 13, 14, 16, 17]
[3, 4, 5, 6, 8, 9, 11, 12, 13, 14, 16, 17]
[1, 2, 6, 7, 9, 15, 16, 17]
[1, 4, 6, 7, 9, 15, 16, 17, 18, 19]
[1, 2, 5, 6, 7, 9, 15, 16, 17, 18, 19]
[1, 4, 5, 6, 7, 9, 15, 16, 17]
[1, 2, 6, 8, 9, 15, 16, 17]
[1, 4, 6, 8, 9, 15, 16, 17, 18, 19]
[1, 2, 5, 6, 8, 9, 15, 16, 17, 18, 19]
[1, 4, 5, 6, 8, 9, 15, 16, 17]
[0, 1, 3, 6, 7, 9, 11, 13, 15, 16, 17]
[2, 3, 4, 6, 7, 9, 11, 13, 15, 16, 17]
[1, 2, 5, 6, 8, 9, 12, 15, 16, 17]
[1, 2, 4, 5, 6, 7, 9, 11, 12, 13, 15, 16, 17]
[3, 4, 6, 8, 9, 11, 12, 13, 15, 16, 17]
[2, 3, 4, 6, 7, 9, 14, 15, 16, 17]
[1, 4, 6, 8, 9, 14, 15, 16, 17, 18, 19]
[2, 3, 5, 6, 8, 9, 14, 15, 16, 17, 18, 19]
[1, 2, 6, 8, 9, 11, 13, 14, 15, 16, 17]
[2, 3, 4, 5, 6, 8, 9, 11, 13, 14, 15, 16, 17, 18, 19]
[1, 2, 4, 5, 6, 7, 9, 12, 14, 15, 16, 17]
[1, 6, 8, 9, 12, 14, 15, 16, 17]
[1, 4, 6, 7, 9, 11, 12, 13, 14, 15, 16, 17]
[0, 2, 5, 6, 7, 9, 11, 12, 13, 14, 15, 16, 17, 18, 19]
[3, 5, 6, 7, 9, 11, 13, 16, 19]
[0, 1, 3, 4, 6, 8, 9, 11, 13, 16, 19]
[1, 6, 7, 9, 12, 16, 19]
[1, 2, 4, 6, 7, 9, 14, 16, 19]
[2, 3, 4, 5, 6, 7, 9, 14, 16, 18]
[2, 3, 5, 6, 8, 9, 14, 16, 18]
[0, 5, 6, 8, 9, 11, 12, 13, 14, 16, 19]
[1, 2, 5, 6, 8, 9, 11, 12, 13, 14, 16, 19]
[0, 1, 2, 3, 6, 7, 9, 11, 13, 15, 16, 19]
[1, 2, 4, 5, 6, 8, 9, 11, 13, 15, 16, 19]
[1, 6, 7, 9, 12, 15, 16, 18]
[1, 5, 6, 7, 9, 14, 15, 16, 18]
[2, 3, 4, 6, 8, 9, 14, 15, 16, 18]
[2, 3, 5, 6, 8, 9, 14, 15, 16, 19]
[0, 2, 4, 5, 6, 7, 9, 11, 12, 13, 14, 15, 16, 19]
[2, 3, 5, 6, 8, 9, 11, 12, 13, 14, 15, 16, 18]
[3, 5, 6, 8, 9, 10, 11, 13]
[3, 4, 6, 7, 9, 10, 11, 12, 13]
[1, 6, 7, 9, 10, 11, 13, 14, 18, 19]
[0, 1, 2, 3, 6, 7, 9, 10, 11, 13, 14, 18, 19]
[0, 2, 4, 5, 6, 7, 9, 10, 11, 13, 14]
[3, 6, 7, 9, 10, 11, 12, 13, 14]
[1, 4, 5, 6, 7, 9, 10, 11, 13, 15, 18, 19]
[0, 1, 3, 4, 6, 8, 9, 10, 11, 13, 14, 15, 18, 19]
[0, 2, 4, 6, 8, 9, 10, 11, 13, 14, 15]
[0, 1, 3, 4, 6, 8, 9, 10, 11, 12, 13, 14, 15]
[1, 2, 5, 6, 8, 9, 10, 11, 12, 13, 14, 15, 18, 19]
[0, 1, 3, 4, 5, 6, 8, 9, 10, 11, 12, 13, 14, 15, 18, 19]
[2, 3, 6, 8, 9, 10, 11, 13, 17, 18]
[0, 2, 4, 6, 8, 9, 10, 12, 17, 18]
[0, 1, 3, 4, 6, 7, 9, 10, 11, 12, 13, 17, 19]
[0, 1, 3, 4, 5, 6, 7, 9, 10, 11, 12, 13, 17, 18]
[2, 3, 6, 7, 9, 10, 12, 14, 17, 19]
[1, 2, 4, 6, 8, 9, 10, 11, 12, 13, 14, 17, 19]
[3, 4, 5, 6, 8, 9, 10, 11, 13, 15, 17, 19]
[0, 1, 3, 4, 6, 7, 9, 10, 11, 12, 13, 15, 17, 18]
[1, 2, 5, 6, 7, 9, 10, 11, 12, 13, 15, 17, 19]
[0, 1, 3, 4, 5, 6, 7, 9, 10, 11, 12, 13, 15, 17, 19]
[1, 4, 5, 6, 8, 9, 10, 11, 12, 13, 15, 17, 18]
[0, 1, 2, 3, 5, 6, 7, 9, 10, 14, 15, 17, 19]
[3, 5, 6, 7, 9, 10, 11, 13, 14, 15, 17, 19]
[2, 3, 4, 5, 6, 8, 9, 10, 11, 13, 14, 15, 17, 18]
[3, 4, 5, 6, 8, 9, 10, 12, 14, 15, 17, 18]
[1, 5, 6, 8, 9, 10, 11, 12, 13, 14, 15, 17, 18]
[3, 5, 6, 7, 9, 11, 13, 16, 17, 18, 19]
[0, 1, 3, 4, 5, 6, 8, 9, 11, 13, 16, 17]
[1, 6, 7, 9, 12, 16, 17, 18, 19]
[1, 4, 5, 6, 8, 9, 11, 12, 13, 16, 17]
[2, 3, 4, 5, 6, 8, 9, 11, 12, 13, 16, 17, 18, 19]
[1, 2, 5, 6, 7, 9, 11, 12, 13, 14, 16, 17, 18, 19]
[0, 2, 4, 5, 6, 8, 9, 11, 12, 13, 14, 16, 17]
[0, 1, 2, 3, 5, 6, 8, 9, 11, 13, 15, 16, 17]
[1, 6, 8, 9, 12, 15, 16, 17]
[1, 2, 6, 7, 9, 11, 13, 14, 15, 16, 17]
[2, 3, 4, 5, 6, 7, 9, 11, 13, 14, 15, 16, 17, 18, 19]
[0, 5, 6, 8, 9, 11, 12, 13, 14, 15, 16, 17]
[0, 1, 2, 3, 4, 6, 7, 9, 11, 13, 16, 18]
[1, 5, 6, 8, 9, 11, 13, 16, 19]
[1, 2, 6, 7, 9, 12, 16, 18]
[2, 3, 4, 6, 7, 9, 11, 12, 13, 16, 18]
[1, 4, 6, 8, 9, 11, 12, 13, 16, 19]
[0, 2, 4, 6, 7, 9, 11, 13, 14, 16, 18]
[0, 2, 4, 5, 6, 7, 9, 11, 13, 14, 16, 19]
[0, 6, 8, 9, 11, 13, 14, 16, 19]
[0, 5, 6, 8, 9, 11, 13, 14, 16, 18]
[0, 2, 6, 7, 9, 11, 12, 13, 14, 16, 19]
[3, 4, 5, 6, 8, 9, 11, 12, 13, 14, 16, 18]
[0, 1, 3, 5, 6, 7, 9, 11, 13, 15, 16, 19]
[1, 2, 5, 6, 8, 9, 12, 15, 16, 18]
[1, 2, 5, 6, 7, 9, 11, 13, 14, 15, 16, 19]
[2, 3, 4, 6, 8, 9, 11, 13, 14, 15, 16, 18]
[0, 4, 5, 6, 7, 9, 11, 12, 13, 14, 15, 16, 18]
[1, 5, 6, 8, 9, 10, 11, 13]
[1, 2, 4, 5, 6, 8, 9, 10, 11, 12, 13]
[3, 4, 6, 8, 9, 10, 11, 13, 14, 18, 19]
[1, 2, 4, 6, 8, 9, 10, 11, 12, 13, 14, 18, 19]
[3, 4, 5, 6, 7, 9, 10, 11, 13, 15, 18, 19]
[0, 5, 6, 7, 9, 10, 11, 12, 13, 14, 15, 18, 19]
[3, 4, 5, 6, 7, 9, 10, 11, 12, 13, 14, 15]
[0, 2, 4, 5, 6, 7, 9, 10, 11, 12, 13, 14, 15]
[2, 3, 4, 5, 6, 8, 9, 10, 11, 13, 17, 19]
[0, 1, 2, 3, 4, 6, 7, 9, 10, 11, 12, 13, 17, 18]
[0, 1, 3, 4, 6, 7, 9, 10, 11, 12, 13, 14, 17, 19]
[0, 1, 2, 3, 5, 6, 7, 9, 10, 11, 12, 13, 14, 17, 19]
[0, 1, 2, 3, 6, 8, 9, 10, 11, 12, 13, 14, 17, 18]
[0, 1, 3, 4, 5, 6, 8, 9, 10, 11, 12, 13, 14, 17, 18]
[0, 1, 2, 3, 4, 6, 8, 9, 10, 11, 12, 13, 15, 17, 19]
[1, 4, 5, 6, 7, 9, 10, 11, 12, 13, 14, 15, 17, 18]
[0, 1, 3, 6, 7, 9, 11, 13, 16, 17, 18, 19]
[1, 2, 6, 8, 9, 11, 13, 16, 17, 18, 19]
[0, 6, 7, 9, 11, 13, 14, 16, 17, 18, 19]
[0, 2, 4, 5, 6, 7, 9, 11, 13, 14, 16, 17, 18, 19]
[0, 2, 4, 6, 8, 9, 11, 13, 14, 16, 17]
[0, 5, 6, 8, 9, 11, 13, 14, 16, 17]
[2, 3, 4, 5, 6, 8, 9, 11, 12, 13, 14, 16, 17, 18, 19]
[0, 1, 2, 3, 4, 5, 6, 8, 9, 11, 13, 15, 16, 17]
[2, 3, 6, 7, 9, 11, 13, 16, 19]
[0, 1, 2, 3, 5, 6, 7, 9, 11, 13, 16, 19]
[2, 3, 5, 6, 8, 9, 11, 13, 14, 16, 18]
[1, 2, 4, 5, 6, 8, 9, 11, 13, 14, 16, 18]
[1, 5, 6, 7, 9, 11, 12, 13, 14, 16, 18]
[0, 1, 3, 4, 5, 6, 8, 9, 11, 13, 15, 16, 19]
[1, 6, 7, 9, 11, 12, 13, 15, 16, 18]
[2, 3, 5, 6, 7, 9, 11, 12, 13, 15, 16, 18]
[0, 1, 3, 6, 7, 9, 10, 12, 18, 19]
[2, 3, 5, 6, 7, 9, 10, 12]
[3, 4, 6, 8, 9, 10, 12]
[0, 1, 3, 6, 7, 9, 10, 14]
[1, 2, 5, 6, 7, 9, 10, 11, 12, 13, 14]
[2, 3, 4, 5, 6, 8, 9, 10, 11, 12, 13, 14]
[0, 6, 7, 9, 10, 15, 18, 19]
[3, 5, 6, 7, 9, 10, 11, 13, 15, 18, 19]
[1, 2, 6, 8, 9, 10, 11, 13, 15, 18, 19]
[0, 4, 6, 8, 9, 10, 12, 15]
[0, 2, 5, 6, 8, 9, 10, 14, 15, 18, 19]
[0, 1, 2, 3, 6, 8, 9, 10, 12, 14, 15, 18, 19]
[0, 2, 5, 6, 7, 9, 12, 15, 16, 17, 18, 19]
[0, 1, 2, 3, 4, 5, 6, 8, 9, 14, 15, 16, 17]
[0, 1, 2, 3, 4, 6, 7, 9, 16, 18]
[0, 4, 5, 6, 7, 9, 16, 18]
[3, 6, 7, 9, 11, 13, 14, 16, 18]
[1, 4, 6, 8, 9, 11, 13, 14, 16, 18]
[0, 1, 2, 3, 5, 6, 7, 9, 12, 15, 16, 19]
[1, 2, 6, 7, 9, 11, 12, 13, 15, 16, 19]
[3, 5, 6, 8, 9, 11, 12, 13, 15, 16, 19]
[0, 5, 6, 8, 9, 14, 15, 16, 19]
[0, 2, 6, 8, 9, 12, 14, 15, 16, 18]
[0, 1, 2, 3, 4, 6, 8, 9, 12, 14, 15, 16, 18]
[1, 6, 7, 9, 10, 12]
[1, 6, 8, 9, 10, 12]
[0, 1, 3, 6, 7, 9, 10, 11, 13, 14]
[0, 2, 5, 6, 8, 9, 10, 11, 13, 14]
[0, 1, 2, 3, 5, 6, 8, 9, 10, 15, 18, 19]
[0, 1, 2, 3, 4, 5, 6, 7, 9, 10, 11, 13, 14, 15, 18, 19]
[0, 2, 5, 6, 8, 9, 10, 11, 13, 14, 15, 18, 19]
[0, 2, 4, 6, 7, 9, 10, 12, 14, 15, 18, 19]
[0, 1, 2, 3, 6, 7, 9, 10, 11, 13, 17, 19]
[0, 1, 3, 4, 6, 8, 9, 10, 11, 13, 17, 18]
[1, 4, 5, 6, 7, 9, 10, 12, 17, 19]
[1, 4, 6, 8, 9, 10, 12, 17, 18]
[0, 5, 6, 8, 9, 10, 11, 12, 13, 17, 18]
[3, 6, 7, 9, 10, 14, 17, 19]
[3, 5, 6, 8, 9, 10, 14, 17, 18]
[0, 6, 7, 9, 10, 11, 12, 13, 14, 17, 19]
[3, 4, 5, 6, 7, 9, 10, 11, 12, 13, 14, 17, 19]
[0, 2, 4, 6, 8, 9, 10, 11, 12, 13, 14, 17, 18]
[1, 5, 6, 7, 9, 10, 11, 13, 15, 17, 19]
[0, 2, 4, 5, 6, 8, 9, 10, 11, 12, 13, 15, 17, 18]
[0, 5, 6, 7, 9, 11, 13, 16, 17]
[0, 2, 4, 6, 7, 9, 11, 12, 13, 16, 17, 18, 19]
[0, 2, 4, 5, 6, 7, 9, 11, 12, 13, 16, 17]
[0, 6, 8, 9, 11, 12, 13, 16, 17]
[0, 5, 6, 8, 9, 11, 12, 13, 16, 17, 18, 19]
[1, 2, 4, 5, 6, 7, 9, 11, 13, 14, 16, 17]
[2, 3, 5, 6, 8, 9, 11, 13, 14, 16, 17]
[1, 2, 5, 6, 7, 9, 12, 14, 16, 17, 18, 19]
[1, 4, 5, 6, 7, 9, 12, 14, 16, 17]
[1, 2, 6, 8, 9, 12, 14, 16, 17]
[1, 4, 6, 8, 9, 12, 14, 16, 17, 18, 19]
[0, 6, 7, 9, 11, 13, 15, 16, 17]
[0, 1, 3, 6, 8, 9, 12, 15, 16, 17, 18, 19]
[2, 3, 5, 6, 7, 9, 11, 12, 13, 15, 16, 17]
[1, 6, 8, 9, 11, 12, 13, 15, 16, 17]
[0, 2, 5, 6, 7, 9, 14, 15, 16, 17]
[0, 2, 6, 8, 9, 11, 13, 16, 18]
[0, 2, 6, 8, 9, 11, 13, 15, 16, 19]
[0, 6, 8, 9, 12, 15, 16, 19]
[0, 1, 3, 4, 5, 6, 7, 9, 14, 15, 16, 19]
[0, 1, 3, 4, 6, 7, 9, 10, 12, 18, 19]
[0, 2, 4, 5, 6, 8, 9, 10, 12, 18, 19]
[0, 2, 4, 6, 7, 9, 10, 14, 15]
[0, 1, 2, 3, 6, 8, 9, 10, 14, 15]
[0, 2, 4, 5, 6, 7, 9, 16, 19]
[0, 1, 3, 4, 6, 8, 9, 16, 19]
[0, 1, 3, 4, 5, 6, 7, 9, 12, 14, 15, 16, 18]
[0, 5, 6, 8, 9, 12, 14, 15, 16, 18]
[1, 2, 4, 5, 6, 7, 9, 10, 12]
[1, 2, 4, 5, 6, 8, 9, 10, 12]
[1, 2, 4, 5, 6, 7, 9, 10, 12, 14]
[2, 3, 5, 6, 8, 9, 10, 12, 14]
[0, 1, 3, 6, 7, 9, 10, 11, 12, 13, 14, 18, 19]
[0, 1, 3, 6, 8, 9, 10, 11, 12, 13, 14, 18, 19]
[0, 1, 3, 4, 6, 8, 9, 10, 15, 18, 19]
[3, 5, 6, 7, 9, 10, 11, 12, 13, 15]
[1, 4, 6, 8, 9, 10, 11, 13, 14, 15]
[0, 5, 6, 7, 9, 10, 12, 14, 15, 18, 19]
[1, 2, 4, 5, 6, 7, 9, 10, 12, 14, 15, 18, 19]
[3, 4, 6, 8, 9, 10, 12, 14, 15, 18, 19]
[0, 4, 6, 7, 9, 16, 17, 18, 19]
[0, 1, 2, 3, 4, 5, 6, 8, 9, 16, 17, 18, 19]
[3, 4, 6, 7, 9, 11, 13, 15, 16, 17, 18, 19]
[0, 1, 2, 3, 4, 5, 6, 8, 9, 12, 15, 16, 17, 18, 19]
[0, 4, 6, 7, 9, 14, 15, 16, 17]
[0, 1, 2, 3, 4, 5, 6, 7, 9, 12, 14, 15, 16, 17, 18, 19]
[0, 2, 5, 6, 8, 9, 12, 14, 15, 16, 17, 18, 19]
[1, 2, 4, 5, 6, 8, 9, 11, 12, 13, 14, 15, 16, 17]
[1, 4, 5, 6, 7, 9, 11, 13, 15, 16, 18]
[0, 2, 4, 5, 6, 8, 9, 12, 15, 16, 19]
[0, 1, 2, 3, 6, 7, 9, 14, 15, 16, 19]
[3, 6, 8, 9, 11, 12, 13, 14, 15, 16, 18]
[3, 6, 8, 9, 10, 12]
[2, 3, 4, 6, 8, 9, 10, 12, 18, 19]
[2, 3, 6, 8, 9, 10, 11, 12, 13, 18, 19]
[1, 2, 4, 6, 8, 9, 10, 11, 13, 14]
[0, 5, 6, 7, 9, 10, 11, 12, 13, 14]
[0, 2, 4, 5, 6, 7, 9, 10, 11, 12, 13, 14, 18, 19]
[0, 4, 5, 6, 7, 9, 10, 15]
[1, 6, 8, 9, 10, 11, 12, 13, 15, 18, 19]
[2, 3, 5, 6, 8, 9, 10, 11, 13, 14, 15]
[0, 1, 2, 3, 4, 6, 7, 9, 10, 12, 14, 15, 18, 19]
[0, 1, 2, 3, 6, 7, 9, 10, 11, 12, 13, 14, 15, 18, 19]
[0, 1, 2, 3, 5, 6, 7, 9, 10, 11, 12, 13, 14, 15]
[1, 6, 7, 9, 10, 11, 13, 17, 19]
[0, 1, 2, 3, 5, 6, 7, 9, 10, 11, 13, 14, 17, 18]
[0, 1, 3, 4, 6, 8, 9, 10, 11, 13, 14, 17, 18]
[2, 3, 6, 8, 9, 10, 11, 12, 13, 14, 17, 19]
[0, 1, 2, 3, 4, 6, 7, 9, 10, 11, 13, 15, 17, 18]
[0, 1, 3, 5, 6, 7, 9, 10, 11, 13, 15, 17, 18]
[0, 1, 3, 6, 8, 9, 10, 11, 13, 15, 17, 19]
[1, 2, 4, 6, 8, 9, 10, 11, 13, 15, 17, 19]
[0, 1, 2, 3, 4, 5, 6, 8, 9, 10, 11, 13, 15, 17, 19]
[3, 4, 6, 7, 9, 10, 11, 12, 13, 15, 17, 19]
[2, 3, 4, 5, 6, 7, 9, 10, 11, 12, 13, 15, 17, 19]
[2, 3, 6, 8, 9, 10, 11, 12, 13, 15, 17, 18]
[2, 3, 4, 6, 8, 9, 10, 11, 12, 13, 15, 17, 18]
[1, 2, 6, 7, 9, 10, 11, 13, 14, 15, 17, 19]
[1, 2, 4, 6, 7, 9, 10, 11, 13, 14, 15, 17, 19]
[0, 1, 3, 4, 5, 6, 7, 9, 10, 11, 13, 14, 15, 17, 18]
[1, 6, 8, 9, 10, 11, 13, 14, 15, 17, 18]
[0, 1, 2, 3, 6, 8, 9, 10, 11, 13, 14, 15, 17, 18]
[1, 2, 5, 6, 8, 9, 10, 11, 13, 14, 15, 17, 18]
[3, 4, 6, 7, 9, 10, 11, 12, 13, 14, 15, 17, 19]
[0, 2, 4, 5, 6, 7, 9, 11, 13, 16, 17, 18, 19]
[2, 3, 4, 5, 6, 8, 9, 11, 13, 16, 17]
[0, 1, 2, 3, 5, 6, 8, 9, 11, 12, 13, 14, 16, 17]
[1, 4, 5, 6, 8, 9, 11, 12, 13, 14, 16, 17]
[0, 2, 4, 6, 7, 9, 11, 13, 15, 16, 17, 18, 19]
[1, 2, 5, 6, 8, 9, 11, 13, 15, 16, 17, 18, 19]
[0, 6, 7, 9, 12, 15, 16, 17, 18, 19]
[0, 1, 3, 4, 5, 6, 7, 9, 14, 15, 16, 17, 18, 19]
[0, 1, 2, 3, 4, 6, 7, 9, 11, 13, 14, 15, 16, 17, 18, 19]
[0, 1, 3, 5, 6, 7, 9, 11, 13, 14, 15, 16, 17, 18, 19]
[0, 1, 3, 6, 8, 9, 11, 13, 14, 15, 16, 17]
[0, 1, 2, 3, 4, 5, 6, 8, 9, 11, 13, 14, 15, 16, 17]
[0, 1, 2, 3, 6, 8, 9, 11, 12, 13, 14, 15, 16, 17]
[2, 3, 4, 6, 8, 9, 11, 12, 13, 14, 15, 16, 17, 18, 19]
[1, 2, 4, 5, 6, 7, 9, 11, 13, 16, 18]
[0, 4, 6, 8, 9, 11, 13, 16, 19]
[0, 2, 6, 7, 9, 11, 12, 13, 16, 19]
[0, 5, 6, 7, 9, 11, 12, 13, 16, 19]
[0, 2, 5, 6, 7, 9, 11, 12, 13, 16, 18]
[0, 2, 4, 5, 6, 7, 9, 11, 12, 13, 16, 18]
[0, 6, 8, 9, 11, 12, 13, 16, 18]
[0, 4, 6, 8, 9, 11, 12, 13, 16, 18]
[0, 2, 4, 6, 8, 9, 11, 12, 13, 16, 19]
[0, 4, 5, 6, 8, 9, 11, 12, 13, 16, 19]
[0, 1, 2, 3, 4, 6, 7, 9, 11, 12, 13, 14, 16, 19]
[2, 3, 5, 6, 7, 9, 11, 12, 13, 14, 16, 19]
[2, 3, 6, 7, 9, 11, 13, 15, 16, 18]
[0, 4, 6, 8, 9, 11, 13, 15, 16, 18]
[0, 1, 3, 6, 8, 9, 12, 15, 16, 19]
[0, 2, 5, 6, 8, 9, 14, 15, 16, 18]
[0, 1, 2, 3, 4, 6, 7, 9, 11, 12, 13, 14, 15, 16, 18]
[1, 5, 6, 7, 9, 11, 12, 13, 14, 15, 16, 19]
[0, 4, 6, 8, 9, 10, 12, 18, 19]
[0, 4, 6, 8, 9, 10, 14]
[0, 1, 2, 3, 4, 5, 6, 7, 9, 10, 12, 15]
[0, 1, 3, 6, 7, 9, 10, 14, 15, 18, 19]
[0, 2, 6, 8, 9, 16, 18]
[0, 1, 3, 5, 6, 8, 9, 16, 18]
[0, 1, 3, 5, 6, 7, 9, 12, 14, 15, 16, 18]
[0, 4, 5, 6, 7, 9, 12, 14, 15, 16, 18]
[1, 4, 6, 8, 9, 10, 12]
[1, 4, 5, 6, 8, 9, 10, 12, 18, 19]
[0, 1, 2, 3, 6, 7, 9, 10, 11, 12, 13]
[0, 2, 4, 5, 6, 7, 9, 10, 11, 12, 13, 18, 19]
[0, 5, 6, 8, 9, 10, 11, 12, 13, 14]
[0, 2, 4, 5, 6, 8, 9, 10, 11, 12, 13, 14, 18, 19]
[0, 1, 3, 6, 7, 9, 10, 15, 18, 19]
[1, 2, 4, 6, 7, 9, 10, 11, 12, 13, 15]
[0, 5, 6, 8, 9, 10, 11, 12, 13, 15, 18, 19]
[0, 1, 2, 3, 5, 6, 8, 9, 10, 11, 12, 13, 15]
[3, 4, 5, 6, 7, 9, 10, 11, 13, 14, 15, 18, 19]
[0, 4, 6, 7, 9, 10, 12, 14, 15]
[1, 4, 6, 7, 9, 10, 17, 19]
[0, 2, 6, 8, 9, 10, 12, 17, 18]
[0, 2, 6, 7, 9, 10, 11, 12, 13, 17, 18]
[3, 5, 6, 8, 9, 10, 11, 12, 13, 14, 17, 19]
[1, 2, 6, 7, 9, 10, 15, 17, 19]
[1, 4, 6, 7, 9, 10, 11, 13, 15, 17, 18]
[0, 4, 5, 6, 8, 9, 10, 11, 12, 13, 15, 17, 19]
[0, 1, 2, 3, 4, 6, 8, 9, 10, 14, 15, 17, 18]
[0, 1, 3, 4, 6, 7, 9, 10, 11, 12, 13, 14, 15, 17, 18]
[0, 1, 3, 4, 5, 6, 8, 9, 10, 11, 12, 13, 14, 15, 17, 19]
[1, 2, 5, 6, 8, 9, 12, 16, 17, 18, 19]
[3, 5, 6, 8, 9, 11, 12, 13, 16, 17]
[1, 2, 5, 6, 8, 9, 11, 12, 13, 16, 17, 18, 19]
[0, 1, 2, 3, 4, 5, 6, 7, 9, 11, 12, 13, 14, 16, 17]
[1, 4, 5, 6, 7, 9, 11, 13, 15, 16, 17]
[0, 1, 2, 3, 6, 7, 9, 12, 15, 16, 17]
[1, 2, 6, 8, 9, 12, 15, 16, 17, 18, 19]
[0, 1, 3, 4, 6, 7, 9, 11, 12, 13, 15, 16, 17, 18, 19]
[0, 1, 3, 4, 5, 6, 8, 9, 11, 12, 13, 15, 16, 17]
[0, 6, 7, 9, 14, 15, 16, 17]
[1, 4, 6, 7, 9, 11, 13, 14, 15, 16, 17, 18, 19]
[3, 5, 6, 7, 9, 11, 13, 14, 15, 16, 17]
[3, 6, 7, 9, 11, 12, 13, 14, 15, 16, 17]
[0, 1, 2, 3, 4, 5, 6, 8, 9, 11, 12, 13, 14, 15, 16, 17, 18, 19]
[1, 5, 6, 7, 9, 12, 16, 18]
[0, 1, 2, 3, 6, 7, 9, 11, 12, 13, 14, 16, 19]
[3, 4, 6, 8, 9, 11, 13, 15, 16, 19]
[1, 5, 6, 7, 9, 12, 15, 16, 19]
[0, 2, 6, 8, 9, 12, 15, 16, 18]
[0, 1, 2, 3, 4, 6, 8, 9, 14, 15, 16, 19]
[0, 1, 2, 3, 5, 6, 8, 9, 11, 12, 13, 14, 15, 16, 19]
[1, 2, 4, 5, 6, 8, 9, 11, 12, 13, 14, 15, 16, 18]
[0, 2, 4, 6, 8, 9, 10, 12]
[0, 6, 7, 9, 10, 14]
[0, 1, 2, 3, 4, 5, 6, 7, 9, 10, 11, 12, 13, 14, 18, 19]
[0, 1, 2, 3, 4, 5, 6, 8, 9, 10, 11, 12, 13, 14, 18, 19]
[0, 1, 2, 3, 6, 7, 9, 10, 12, 15, 18, 19]
[2, 3, 4, 6, 7, 9, 10, 11, 12, 13, 15]
[0, 1, 2, 3, 5, 6, 8, 9, 10, 14, 15, 18, 19]
[1, 2, 5, 6, 8, 9, 10, 11, 13, 14, 15]
[2, 3, 5, 6, 7, 9, 11, 13, 15, 16, 17, 18, 19]
[1, 6, 8, 9, 11, 12, 13, 14, 15, 16, 17]
[0, 1, 3, 4, 5, 6, 7, 9, 12, 14, 16, 19]
[0, 6, 8, 9, 12, 14, 16, 18]
[0, 2, 4, 5, 6, 7, 9, 15, 16, 18]
[0, 1, 3, 4, 5, 6, 8, 9, 15, 16, 19]
[1, 2, 6, 7, 9, 11, 13, 15, 16, 18]
[2, 3, 4, 5, 6, 8, 9, 11, 12, 13, 14, 15, 16, 18]
[3, 5, 6, 8, 9, 10, 12, 18, 19]
[0, 1, 3, 5, 6, 8, 9, 10, 12]
[2, 3, 4, 5, 6, 8, 9, 10, 12]
[0, 1, 3, 5, 6, 8, 9, 10, 14, 18, 19]
[0, 2, 6, 7, 9, 10, 15]
[0, 4, 5, 6, 7, 9, 10, 12, 15, 18, 19]
[0, 2, 6, 7, 9, 10, 14, 15]
[0, 1, 3, 5, 6, 7, 9, 10, 12, 14, 15, 18, 19]
[0, 2, 4, 5, 6, 7, 9, 12, 15, 16, 17, 18, 19]
[0, 1, 2, 3, 6, 7, 9, 14, 15, 16, 17, 18, 19]
[0, 4, 6, 8, 9, 16, 19]
[0, 1, 2, 3, 4, 5, 6, 8, 9, 16, 19]
[0, 1, 2, 3, 4, 5, 6, 8, 9, 12, 15, 16, 19]
[0, 4, 6, 8, 9, 14, 15, 16, 18]
[0, 2, 5, 6, 7, 9, 12, 14, 15, 16, 19]
[0, 1, 2, 3, 4, 5, 6, 7, 9, 12, 14, 15, 16, 19]
[0, 1, 2, 3, 5, 6, 8, 9, 10, 12, 18, 19]
[0, 1, 3, 4, 6, 7, 9, 10, 11, 12, 13, 18, 19]
[0, 1, 3, 4, 5, 6, 7, 9, 10, 14, 18, 19]
[0, 1, 3, 4, 6, 7, 9, 10, 11, 13, 14]
[0, 1, 3, 4, 6, 7, 9, 10, 11, 12, 13, 14, 18, 19]
[0, 1, 3, 4, 5, 6, 7, 9, 10, 11, 12, 13, 14]
[0, 6, 7, 9, 10, 12, 15]
[2, 3, 6, 8, 9, 10, 11, 12, 13, 15]
[0, 1, 3, 4, 5, 6, 8, 9, 10, 11, 12, 13, 15, 18, 19]
[0, 5, 6, 8, 9, 10, 14, 15]
[0, 1, 2, 3, 6, 8, 9, 10, 11, 13, 14, 15]
[1, 2, 4, 6, 8, 9, 10, 11, 13, 14, 15, 18, 19]
[3, 6, 8, 9, 11, 13, 14, 16, 17]
[1, 4, 6, 8, 9, 11, 13, 14, 16, 17]
[2, 3, 4, 6, 8, 9, 11, 13, 15, 16, 17]
[1, 2, 6, 7, 9, 11, 12, 13, 15, 16, 17, 18, 19]
[3, 5, 6, 7, 9, 11, 12, 13, 15, 16, 17, 18, 19]
[1, 4, 6, 8, 9, 11, 12, 13, 14, 15, 16, 17]
[0, 6, 7, 9, 12, 14, 16, 18]
[0, 1, 3, 4, 5, 6, 8, 9, 12, 14, 16, 19]
[0, 1, 3, 4, 5, 6, 7, 9, 15, 16, 19]
[0, 2, 4, 5, 6, 8, 9, 15, 16, 18]
[1, 2, 4, 5, 6, 7, 9, 11, 13, 15, 16, 19]
[2, 3, 5, 6, 7, 9, 11, 12, 13, 14, 15, 16, 18]
[0, 6, 7, 9, 10, 11, 12, 13, 18, 19]
[0, 1, 3, 6, 7, 9, 10, 11, 12, 13, 18, 19]
[0, 1, 3, 4, 5, 6, 7, 9, 10, 11, 12, 13]
[0, 2, 5, 6, 8, 9, 10, 11, 12, 13, 18, 19]
[0, 1, 3, 6, 7, 9, 10, 11, 12, 13, 15]
[0, 4, 6, 8, 9, 10, 11, 12, 13, 15]
[0, 1, 3, 4, 6, 8, 9, 10, 11, 12, 13, 15]
[0, 2, 4, 6, 8, 9, 10, 11, 12, 13, 15, 18, 19]
[0, 4, 6, 8, 9, 10, 11, 13, 17, 18]
[0, 1, 3, 6, 7, 9, 10, 11, 12, 13, 14, 17, 19]
[1, 4, 6, 8, 9, 11, 12, 13, 16, 17, 18, 19]
[2, 3, 4, 6, 8, 9, 11, 12, 13, 16, 17]
[2, 3, 5, 6, 7, 9, 11, 13, 14, 16, 17]
[0, 4, 5, 6, 7, 9, 11, 13, 14, 16, 17]
[0, 2, 6, 8, 9, 11, 13, 14, 16, 17]
[1, 2, 4, 5, 6, 8, 9, 11, 13, 14, 16, 17]
[1, 6, 7, 9, 11, 12, 13, 15, 16, 17]
[2, 3, 5, 6, 8, 9, 11, 12, 13, 15, 16, 17]
[2, 3, 4, 6, 7, 9, 11, 13, 14, 15, 16, 17]
[1, 2, 5, 6, 7, 9, 11, 13, 14, 15, 16, 17, 18, 19]
[3, 6, 7, 9, 10, 11, 12, 13]
[1, 4, 5, 6, 8, 9, 10, 11, 13, 14]
[0, 2, 5, 6, 7, 9, 10, 11, 13, 15, 18, 19]
[0, 2, 5, 6, 8, 9, 10, 11, 13, 15, 18, 19]
[0, 5, 6, 7, 9, 10, 11, 13, 15, 17, 18]
[0, 6, 8, 9, 10, 11, 13, 15, 17, 19]
[2, 3, 5, 6, 7, 9, 11, 13, 16, 17]
[1, 6, 8, 9, 11, 12, 13, 14, 16, 17, 18, 19]
[0, 1, 2, 3, 6, 7, 9, 11, 12, 13, 15, 16, 17]
[0, 1, 2, 3, 5, 6, 8, 9, 11, 12, 13, 15, 16, 17, 18, 19]
[1, 2, 5, 6, 7, 9, 11, 13, 16, 18]
[2, 3, 4, 6, 8, 9, 11, 12, 13, 14, 16, 18]
[1, 6, 7, 9, 10, 11, 12, 13]
[2, 3, 5, 6, 7, 9, 10, 11, 13, 14, 18, 19]
[0, 1, 2, 3, 5, 6, 8, 9, 10, 11, 13, 15, 18, 19]
[0, 1, 3, 4, 5, 6, 8, 9, 10, 11, 13, 15]
[1, 4, 5, 6, 7, 9, 11, 13, 16, 17, 18, 19]
[3, 6, 7, 9, 11, 12, 13, 14, 16, 17, 18, 19]
[3, 4, 5, 6, 8, 9, 11, 13, 16, 19]
[1, 2, 4, 6, 8, 9, 11, 12, 13, 14, 16, 18]
[0, 2, 6, 7, 9, 10, 11, 12, 13]
[0, 1, 3, 5, 6, 8, 9, 10, 11, 12, 13]
[3, 4, 5, 6, 7, 9, 10, 14]
[3, 4, 5, 6, 8, 9, 10, 14]
[0, 2, 6, 7, 9, 10, 11, 12, 13, 14]
[0, 4, 5, 6, 8, 9, 10, 11, 12, 13, 14]
[0, 1, 2, 3, 5, 6, 7, 9, 10, 15, 18, 19]
[1, 2, 5, 6, 7, 9, 10, 11, 12, 13, 15, 18, 19]
[0, 4, 5, 6, 7, 9, 10, 11, 12, 13, 15, 18, 19]
[0, 1, 3, 5, 6, 8, 9, 10, 11, 12, 13, 15, 18, 19]
[3, 5, 6, 8, 9, 10, 11, 13, 14, 15, 18, 19]
[0, 2, 4, 6, 8, 9, 10, 12, 14, 15, 18, 19]
[1, 4, 5, 6, 7, 9, 10, 17, 18]
[0, 6, 7, 9, 10, 11, 13, 17, 18]
[0, 1, 2, 3, 4, 6, 7, 9, 10, 11, 13, 17, 19]
[0, 1, 3, 5, 6, 7, 9, 10, 11, 13, 17, 19]
[0, 2, 4, 5, 6, 7, 9, 10, 11, 13, 17, 18]
[0, 1, 3, 6, 8, 9, 10, 11, 13, 17, 18]
[0, 2, 4, 6, 8, 9, 10, 11, 13, 17, 19]
[0, 1, 2, 3, 4, 6, 8, 9, 10, 11, 13, 17, 19]
[0, 5, 6, 8, 9, 10, 11, 13, 17, 19]
[0, 1, 3, 5, 6, 8, 9, 10, 11, 13, 17, 19]
[1, 2, 5, 6, 8, 9, 10, 11, 13, 17, 19]
[0, 1, 2, 3, 4, 5, 6, 8, 9, 10, 11, 13, 17, 18]
[0, 1, 2, 3, 4, 5, 6, 7, 9, 10, 12, 17, 19]
[1, 2, 5, 6, 7, 9, 10, 11, 12, 13, 17, 18]
[0, 1, 2, 3, 4, 5, 6, 7, 9, 10, 11, 12, 13, 17, 19]
[1, 2, 6, 8, 9, 10, 11, 12, 13, 17, 19]
[0, 1, 2, 3, 4, 6, 8, 9, 10, 14, 17, 19]
[0, 1, 3, 6, 7, 9, 10, 11, 13, 14, 17, 18]
[3, 5, 6, 7, 9, 10, 11, 13, 14, 17, 18]
[3, 6, 8, 9, 10, 11, 13, 14, 17, 19]
[0, 1, 3, 4, 5, 6, 8, 9, 10, 11, 13, 14, 17, 19]
[1, 2, 5, 6, 8, 9, 10, 12, 14, 17, 18]
[0, 2, 6, 7, 9, 10, 11, 12, 13, 14, 17, 18]
[0, 1, 2, 3, 6, 7, 9, 10, 11, 12, 13, 14, 17, 18]
[3, 4, 6, 7, 9, 10, 11, 12, 13, 14, 17, 18]
[0, 4, 5, 6, 7, 9, 10, 11, 12, 13, 14, 17, 18]
[0, 1, 3, 4, 5, 6, 7, 9, 10, 11, 12, 13, 14, 17, 18]
[0, 1, 3, 4, 6, 8, 9, 10, 11, 12, 13, 14, 17, 19]
[0, 1, 2, 3, 5, 6, 8, 9, 10, 11, 12, 13, 14, 17, 19]
[1, 2, 5, 6, 8, 9, 10, 11, 12, 13, 14, 17, 18]
[1, 2, 5, 6, 7, 9, 10, 15, 17, 18]
[1, 6, 7, 9, 10, 11, 13, 15, 17, 18]
[3, 5, 6, 7, 9, 10, 11, 13, 15, 17, 19]
[0, 2, 6, 8, 9, 10, 12, 15, 17, 19]
[3, 6, 7, 9, 10, 11, 12, 13, 15, 17, 19]
[2, 3, 5, 6, 7, 9, 10, 11, 12, 13, 15, 17, 19]
[3, 5, 6, 8, 9, 10, 11, 12, 13, 15, 17, 18]
[3, 4, 5, 6, 8, 9, 10, 11, 12, 13, 15, 17, 18]
[0, 1, 2, 3, 4, 5, 6, 8, 9, 10, 11, 12, 13, 15, 17, 18]
[0, 4, 6, 7, 9, 10, 14, 15, 17, 19]
[1, 5, 6, 7, 9, 10, 11, 13, 14, 15, 17, 19]
[1, 4, 5, 6, 7, 9, 10, 11, 13, 14, 15, 17, 19]
[1, 4, 6, 8, 9, 10, 11, 13, 14, 15, 17, 18]
[0, 1, 2, 3, 5, 6, 8, 9, 10, 11, 13, 14, 15, 17, 19]
[0, 1, 2, 3, 4, 5, 6, 8, 9, 10, 11, 13, 14, 15, 17, 19]
[1, 2, 4, 5, 6, 8, 9, 10, 11, 13, 14, 15, 17, 18]
[1, 2, 6, 8, 9, 10, 12, 14, 15, 17, 18]
[2, 3, 4, 6, 7, 9, 10, 11, 12, 13, 14, 15, 17, 18]
[0, 1, 2, 3, 6, 7, 9, 11, 12, 13, 16, 17, 18, 19]
[0, 2, 6, 7, 9, 11, 12, 13, 16, 17, 18, 19]
[0, 1, 3, 4, 6, 7, 9, 11, 12, 13, 16, 17]
[0, 1, 2, 3, 5, 6, 7, 9, 11, 12, 13, 16, 17]
[0, 1, 3, 4, 5, 6, 7, 9, 11, 12, 13, 16, 17, 18, 19]
[0, 4, 5, 6, 7, 9, 11, 12, 13, 16, 17, 18, 19]
[0, 1, 2, 3, 6, 8, 9, 11, 12, 13, 16, 17, 18, 19]
[0, 1, 3, 4, 6, 8, 9, 11, 12, 13, 16, 17]
[0, 4, 6, 8, 9, 11, 12, 13, 16, 17]
[0, 1, 2, 3, 5, 6, 8, 9, 11, 12, 13, 16, 17]
[0, 2, 5, 6, 8, 9, 11, 12, 13, 16, 17]
[0, 1, 3, 4, 5, 6, 8, 9, 11, 12, 13, 16, 17, 18, 19]
[1, 4, 6, 7, 9, 14, 16, 17]
[3, 5, 6, 8, 9, 14, 16, 17, 18, 19]
[0, 1, 3, 6, 7, 9, 11, 13, 14, 16, 17, 18, 19]
[1, 2, 4, 6, 7, 9, 11, 13, 14, 16, 17, 18, 19]
[0, 1, 2, 3, 4, 5, 6, 7, 9, 11, 13, 14, 16, 17, 18, 19]
[0, 1, 3, 6, 8, 9, 11, 13, 14, 16, 17, 18, 19]
[2, 3, 6, 8, 9, 11, 13, 14, 16, 17, 18, 19]
[0, 1, 2, 3, 4, 5, 6, 8, 9, 11, 13, 14, 16, 17, 18, 19]
[0, 2, 6, 7, 9, 11, 12, 13, 14, 16, 17, 18, 19]
[0, 1, 2, 3, 4, 6, 7, 9, 11, 12, 13, 14, 16, 17, 18, 19]
[0, 1, 3, 4, 5, 6, 7, 9, 11, 12, 13, 14, 16, 17, 18, 19]
[1, 2, 4, 6, 7, 9, 11, 13, 15, 16, 17]
[0, 1, 2, 3, 4, 6, 8, 9, 12, 15, 16, 17]
[2, 3, 6, 7, 9, 11, 12, 13, 15, 16, 17, 18, 19]
[1, 5, 6, 8, 9, 11, 12, 13, 15, 16, 17, 18, 19]
[1, 2, 6, 7, 9, 14, 15, 16, 17]
[0, 4, 5, 6, 7, 9, 14, 15, 16, 17, 18, 19]
[3, 6, 8, 9, 14, 15, 16, 17, 18, 19]
[0, 1, 3, 4, 6, 7, 9, 11, 12, 13, 14, 15, 16, 17, 18, 19]
[2, 3, 6, 8, 9, 11, 12, 13, 14, 15, 16, 17, 18, 19]
[0, 1, 2, 3, 4, 6, 8, 9, 11, 12, 13, 14, 15, 16, 17]
[0, 4, 5, 6, 8, 9, 11, 12, 13, 14, 15, 16, 17]
[0, 6, 7, 9, 11, 12, 13, 16, 18]
[0, 4, 6, 7, 9, 11, 12, 13, 16, 18]
[0, 2, 4, 6, 7, 9, 11, 12, 13, 16, 19]
[0, 4, 5, 6, 7, 9, 11, 12, 13, 16, 19]
[0, 2, 6, 8, 9, 11, 12, 13, 16, 19]
[0, 5, 6, 8, 9, 11, 12, 13, 16, 19]
[0, 2, 5, 6, 8, 9, 11, 12, 13, 16, 18]
[0, 2, 4, 5, 6, 8, 9, 11, 12, 13, 16, 18]
[3, 4, 5, 6, 7, 9, 14, 16, 19]
[1, 6, 8, 9, 14, 16, 18]
[0, 1, 2, 3, 5, 6, 7, 9, 11, 12, 13, 14, 16, 18]
[0, 2, 4, 5, 6, 7, 9, 11, 12, 13, 14, 16, 18]
[0, 1, 3, 6, 8, 9, 11, 12, 13, 14, 16, 18]
[2, 3, 4, 5, 6, 7, 9, 11, 13, 15, 16, 19]
[0, 2, 4, 6, 8, 9, 12, 15, 16, 18]
[0, 1, 3, 4, 6, 7, 9, 11, 12, 13, 15, 16, 19]
[0, 1, 3, 4, 5, 6, 7, 9, 11, 12, 13, 15, 16, 18]
[0, 1, 3, 4, 6, 8, 9, 11, 12, 13, 15, 16, 19]
[0, 1, 3, 4, 5, 6, 8, 9, 11, 12, 13, 15, 16, 18]
[0, 1, 2, 3, 5, 6, 7, 9, 14, 15, 16, 18]
[3, 4, 5, 6, 7, 9, 14, 15, 16, 18]
[1, 2, 4, 5, 6, 8, 9, 14, 15, 16, 19]
[0, 1, 3, 6, 8, 9, 11, 12, 13, 14, 15, 16, 19]
[0, 1, 2, 3, 6, 8, 9, 11, 12, 13, 14, 15, 16, 18]
[0, 5, 6, 8, 9, 11, 12, 13, 14, 15, 16, 18]
[1, 4, 5, 6, 8, 9, 11, 12, 13, 14, 15, 16, 19]
[2, 3, 6, 7, 9, 10, 11, 12, 13, 18, 19]
[1, 2, 4, 6, 7, 9, 10, 11, 13, 14]
[0, 2, 4, 6, 8, 9, 10, 11, 13, 15]
[0, 2, 4, 5, 6, 8, 9, 10, 11, 13, 15, 18, 19]
[3, 6, 7, 9, 11, 13, 16, 17]
[1, 2, 6, 7, 9, 11, 12, 13, 14, 16, 17]
[1, 6, 8, 9, 11, 13, 16, 18]
[3, 4, 6, 8, 9, 11, 12, 13, 14, 16, 19]
[0, 4, 6, 7, 9, 10, 11, 12, 13, 18, 19]
[0, 2, 6, 8, 9, 10, 11, 13, 14, 18, 19]
[0, 2, 5, 6, 7, 9, 10, 11, 12, 13, 15]
[0, 2, 6, 8, 9, 10, 11, 13, 14, 15]
[1, 5, 6, 8, 9, 10, 17, 18]
[2, 3, 5, 6, 7, 9, 10, 14, 17, 19]
[0, 1, 3, 4, 5, 6, 7, 9, 10, 14, 17, 19]
[3, 4, 5, 6, 8, 9, 10, 14, 17, 18]
[1, 2, 4, 6, 7, 9, 10, 15, 17, 19]
[0, 6, 8, 9, 10, 12, 15, 17, 18]
[1, 6, 8, 9, 12, 16, 17, 18, 19]
[3, 4, 5, 6, 7, 9, 11, 12, 13, 16, 17]
[1, 2, 4, 5, 6, 8, 9, 11, 12, 13, 16, 17, 18, 19]
[1, 6, 7, 9, 12, 14, 16, 17, 18, 19]
[1, 2, 4, 6, 8, 9, 12, 14, 16, 17]
[1, 6, 7, 9, 12, 15, 16, 17]
[1, 5, 6, 7, 9, 11, 13, 14, 15, 16, 17]
[3, 4, 6, 8, 9, 11, 13, 14, 15, 16, 17, 18, 19]
[1, 2, 6, 8, 9, 12, 16, 18]
[1, 2, 5, 6, 7, 9, 12, 15, 16, 18]
[1, 4, 6, 7, 9, 10, 11, 12, 13]
[0, 5, 6, 7, 9, 10, 11, 12, 13]
[3, 6, 8, 9, 10, 11, 12, 13]
[1, 2, 4, 6, 8, 9, 10, 11, 12, 13, 18, 19]
[0, 5, 6, 7, 9, 10, 11, 13, 14, 18, 19]
[1, 4, 5, 6, 7, 9, 10, 11, 13, 14]
[2, 3, 4, 6, 8, 9, 10, 11, 13, 14]
[3, 4, 5, 6, 8, 9, 10, 11, 13, 14]
[0, 1, 2, 3, 5, 6, 7, 9, 10, 11, 13, 15, 18, 19]
[0, 1, 3, 4, 5, 6, 7, 9, 10, 11, 13, 15]
[0, 2, 4, 5, 6, 8, 9, 10, 11, 12, 13, 15]
[0, 6, 8, 9, 10, 11, 13, 14, 15, 18, 19]
[0, 2, 6, 7, 9, 10, 11, 12, 13, 14, 15, 18, 19]
[0, 1, 2, 3, 4, 6, 7, 9, 10, 11, 12, 13, 14, 15, 18, 19]
[0, 1, 2, 3, 4, 6, 8, 9, 10, 11, 12, 13, 14, 15, 18, 19]
[0, 4, 5, 6, 8, 9, 10, 11, 12, 13, 14, 15, 18, 19]
[0, 4, 6, 7, 9, 10, 11, 13, 17, 18]
[2, 3, 5, 6, 7, 9, 10, 11, 13, 17, 19]
[0, 4, 5, 6, 8, 9, 10, 11, 13, 17, 19]
[1, 2, 4, 5, 6, 8, 9, 10, 11, 13, 17, 19]
[1, 6, 7, 9, 10, 11, 12, 13, 17, 18]
[0, 2, 4, 6, 7, 9, 10, 11, 12, 13, 17, 18]
[0, 1, 3, 4, 5, 6, 8, 9, 10, 11, 12, 13, 17, 18]
[2, 3, 5, 6, 8, 9, 10, 11, 13, 14, 17, 19]
[0, 2, 4, 5, 6, 8, 9, 10, 11, 13, 14, 17, 18]
[0, 2, 4, 6, 7, 9, 10, 11, 12, 13, 14, 17, 18]
[0, 5, 6, 7, 9, 10, 11, 12, 13, 14, 17, 18]
[1, 5, 6, 7, 9, 10, 11, 12, 13, 14, 17, 19]
[0, 6, 8, 9, 10, 11, 12, 13, 14, 17, 19]
[0, 2, 4, 5, 6, 8, 9, 10, 11, 12, 13, 14, 17, 19]
[2, 3, 6, 7, 9, 10, 11, 13, 15, 17, 19]
[0, 6, 7, 9, 10, 11, 12, 13, 15, 17, 18]
[0, 1, 3, 4, 6, 8, 9, 10, 11, 12, 13, 15, 17, 18]
[1, 2, 4, 6, 7, 9, 10, 14, 15, 17, 19]
[1, 5, 6, 7, 9, 10, 14, 15, 17, 19]
[1, 6, 8, 9, 10, 14, 15, 17, 18]
[1, 2, 4, 5, 6, 8, 9, 10, 14, 15, 17, 18]
[0, 2, 4, 6, 8, 9, 10, 11, 13, 14, 15, 17, 18]
[1, 6, 7, 9, 10, 11, 12, 13, 14, 15, 17, 19]
[2, 3, 5, 6, 8, 9, 10, 11, 12, 13, 14, 15, 17, 19]
[3, 4, 5, 6, 7, 9, 11, 13, 16, 17, 18, 19]
[1, 2, 4, 6, 8, 9, 11, 13, 16, 17, 18, 19]
[1, 2, 5, 6, 8, 9, 11, 13, 16, 17]
[0, 1, 2, 3, 4, 5, 6, 7, 9, 11, 12, 13, 16, 17]
[0, 1, 2, 3, 4, 6, 8, 9, 11, 12, 13, 16, 17, 18, 19]
[0, 1, 2, 3, 6, 7, 9, 11, 13, 14, 16, 17]
[0, 1, 3, 4, 5, 6, 7, 9, 11, 13, 14, 16, 17]
[1, 2, 6, 8, 9, 11, 13, 14, 16, 17, 18, 19]
[0, 1, 3, 4, 6, 8, 9, 11, 13, 14, 16, 17, 18, 19]
[2, 3, 4, 6, 8, 9, 11, 13, 14, 16, 17, 18, 19]
[0, 1, 2, 3, 5, 6, 8, 9, 11, 13, 14, 16, 17, 18, 19]
[2, 3, 6, 7, 9, 11, 12, 13, 14, 16, 17]
[0, 2, 4, 6, 7, 9, 11, 12, 13, 14, 16, 17, 18, 19]
[0, 2, 4, 5, 6, 7, 9, 11, 12, 13, 14, 16, 17]
[1, 2, 4, 6, 8, 9, 11, 12, 13, 14, 16, 17]
[2, 3, 4, 6, 8, 9, 11, 12, 13, 14, 16, 17]
[0, 1, 3, 4, 5, 6, 8, 9, 11, 12, 13, 14, 16, 17, 18, 19]
[1, 2, 4, 6, 7, 9, 15, 16, 17]
[1, 5, 6, 7, 9, 15, 16, 17]
[1, 6, 8, 9, 15, 16, 17, 18, 19]
[1, 2, 4, 5, 6, 8, 9, 15, 16, 17, 18, 19]
[1, 4, 6, 7, 9, 11, 12, 13, 15, 16, 17]
[2, 3, 4, 5, 6, 7, 9, 11, 12, 13, 15, 16, 17]
[0, 6, 7, 9, 11, 12, 13, 14, 15, 16, 17, 18, 19]
[0, 5, 6, 7, 9, 11, 12, 13, 14, 15, 16, 17]
[0, 1, 3, 4, 6, 8, 9, 11, 12, 13, 14, 15, 16, 17, 18, 19]
[2, 3, 5, 6, 7, 9, 11, 13, 16, 18]
[1, 4, 5, 6, 7, 9, 11, 13, 16, 19]
[2, 3, 4, 6, 8, 9, 11, 13, 16, 19]
[1, 6, 7, 9, 11, 12, 13, 14, 16, 19]
[0, 1, 3, 6, 7, 9, 11, 12, 13, 14, 16, 18]
[1, 4, 6, 7, 9, 11, 12, 13, 14, 16, 19]
[3, 6, 8, 9, 11, 12, 13, 14, 16, 19]
[0, 2, 6, 8, 9, 11, 12, 13, 14, 16, 19]
[0, 2, 5, 6, 8, 9, 11, 12, 13, 14, 16, 18]
[0, 1, 3, 6, 7, 9, 11, 12, 13, 15, 16, 19]
[0, 1, 3, 6, 8, 9, 11, 12, 13, 15, 16, 19]
[0, 1, 3, 6, 7, 9, 11, 12, 13, 14, 15, 16, 19]
[0, 4, 6, 8, 9, 11, 12, 13, 14, 15, 16, 19]
[0, 4, 5, 6, 8, 9, 11, 12, 13, 14, 15, 16, 18]
[0, 2, 4, 6, 7, 9, 10, 11, 12, 13]
[0, 2, 4, 6, 7, 9, 10, 11, 13, 14, 18, 19]
[0, 6, 8, 9, 10, 11, 12, 13, 15]
[0, 2, 4, 5, 6, 8, 9, 10, 11, 13, 14, 15, 18, 19]
[3, 5, 6, 8, 9, 11, 13, 14, 16, 17, 18, 19]
[1, 4, 5, 6, 8, 9, 11, 13, 14, 16, 17, 18, 19]
[3, 6, 7, 9, 11, 12, 13, 15, 16, 17]
[1, 2, 5, 6, 7, 9, 11, 12, 13, 15, 16, 17]
[1, 2, 4, 6, 7, 9, 10, 11, 12, 13, 18, 19]
[2, 3, 4, 6, 8, 9, 10, 11, 12, 13, 18, 19]
[1, 2, 5, 6, 7, 9, 10, 11, 13, 14, 18, 19]
[3, 4, 5, 6, 7, 9, 10, 11, 13, 14]
[0, 4, 5, 6, 7, 9, 10, 11, 13, 15]
[0, 4, 5, 6, 8, 9, 10, 11, 13, 15]
[0, 6, 8, 9, 10, 11, 12, 13, 14, 15]
[0, 2, 4, 6, 8, 9, 10, 11, 12, 13, 14, 15, 18, 19]
[1, 2, 5, 6, 7, 9, 11, 13, 16, 17]
[3, 4, 5, 6, 8, 9, 11, 13, 16, 17, 18, 19]
[1, 2, 4, 6, 7, 9, 11, 12, 13, 14, 16, 17]
[2, 3, 4, 6, 7, 9, 11, 12, 13, 14, 16, 17]
[2, 3, 5, 6, 8, 9, 11, 13, 16, 18]
[1, 4, 5, 6, 8, 9, 11, 13, 16, 19]
[3, 6, 7, 9, 11, 12, 13, 14, 16, 19]
[1, 6, 8, 9, 11, 12, 13, 14, 16, 19]
[0, 2, 5, 6, 7, 9, 10, 11, 12, 13, 18, 19]
[0, 4, 5, 6, 8, 9, 10, 11, 13, 14, 18, 19]
[0, 4, 6, 7, 9, 10, 11, 12, 13, 15]
[0, 4, 5, 6, 8, 9, 10, 11, 13, 14, 15]
[2, 3, 6, 7, 9, 11, 12, 13, 16, 17]
[1, 6, 8, 9, 11, 12, 13, 16, 17, 18, 19]
[1, 2, 4, 6, 7, 9, 11, 13, 14, 15, 16, 17]
[2, 3, 5, 6, 8, 9, 11, 13, 14, 15, 16, 17, 18, 19]
[1, 2, 5, 6, 7, 9, 10, 11, 12, 13]
[3, 4, 6, 8, 9, 10, 11, 12, 13]
[1, 2, 5, 6, 7, 9, 10, 14, 18, 19]
[1, 4, 5, 6, 7, 9, 10, 14]
[1, 6, 8, 9, 10, 11, 13, 14, 18, 19]
[3, 5, 6, 8, 9, 10, 11, 13, 14]
[0, 4, 5, 6, 8, 9, 10, 15]
[0, 6, 7, 9, 10, 11, 13, 15, 18, 19]
[0, 5, 6, 7, 9, 10, 11, 13, 15]
[0, 1, 2, 3, 4, 6, 8, 9, 10, 12, 14, 15, 18, 19]
[0, 4, 5, 6, 7, 9, 10, 11, 12, 13, 14, 15, 18, 19]
[0, 2, 6, 8, 9, 10, 11, 12, 13, 14, 15, 18, 19]
[1, 2, 6, 8, 9, 10, 11, 13, 17, 18]
[3, 4, 6, 8, 9, 10, 12, 17, 18]
[2, 3, 5, 6, 8, 9, 10, 12, 17, 18]
[0, 4, 6, 7, 9, 10, 11, 12, 13, 17, 19]
[1, 6, 7, 9, 10, 14, 17, 19]
[1, 2, 4, 5, 6, 7, 9, 10, 14, 17, 19]
[0, 2, 5, 6, 8, 9, 10, 11, 12, 13, 15, 17, 18]
[2, 3, 4, 5, 6, 7, 9, 10, 11, 12, 13, 14, 15, 17, 19]
[1, 2, 4, 6, 7, 9, 16, 17, 18, 19]
[1, 5, 6, 7, 9, 16, 17, 18, 19]
[1, 2, 4, 6, 8, 9, 16, 17, 18, 19]
[1, 5, 6, 8, 9, 16, 17, 18, 19]
[0, 2, 6, 7, 9, 11, 13, 16, 17]
[2, 3, 4, 6, 8, 9, 11, 13, 16, 17, 18, 19]
[1, 5, 6, 8, 9, 11, 13, 16, 17, 18, 19]
[3, 4, 5, 6, 7, 9, 11, 12, 13, 14, 16, 17]
[1, 4, 6, 8, 9, 11, 12, 13, 14, 16, 17, 18, 19]
[0, 2, 6, 8, 9, 11, 13, 15, 16, 17, 18, 19]
[0, 6, 8, 9, 12, 15, 16, 17, 18, 19]
[0, 1, 3, 4, 5, 6, 8, 9, 14, 15, 16, 17, 18, 19]
[1, 2, 4, 6, 7, 9, 11, 13, 16, 19]
[0, 5, 6, 7, 9, 11, 13, 16, 18]
[3, 5, 6, 8, 9, 11, 13, 16, 19]
[2, 3, 6, 7, 9, 11, 12, 13, 14, 16, 18]
[1, 2, 5, 6, 7, 9, 11, 12, 13, 14, 16, 19]
[0, 6, 8, 9, 11, 13, 15, 16, 18]
[0, 1, 3, 6, 7, 9, 12, 15, 16, 19]
[0, 2, 5, 6, 7, 9, 14, 15, 16, 18]
[0, 4, 5, 6, 7, 9, 10, 11, 12, 13]
[0, 2, 6, 8, 9, 10, 11, 12, 13]
[0, 1, 2, 3, 4, 6, 8, 9, 10, 11, 12, 13]
[0, 4, 6, 7, 9, 10, 11, 13, 14]
[0, 2, 6, 7, 9, 10, 11, 12, 13, 15, 18, 19]
[0, 1, 2, 3, 4, 6, 8, 9, 10, 11, 12, 13, 15, 18, 19]
[0, 4, 5, 6, 8, 9, 10, 11, 12, 13, 15, 18, 19]
[0, 4, 6, 7, 9, 10, 11, 13, 14, 15, 18, 19]
[0, 2, 4, 5, 6, 7, 9, 10, 11, 12, 13, 17, 19]
[2, 3, 5, 6, 8, 9, 10, 11, 12, 13, 14, 17, 18]
[1, 2, 4, 5, 6, 8, 9, 10, 11, 13, 15, 17, 18]
[0, 5, 6, 7, 9, 10, 11, 12, 13, 15, 17, 19]
[0, 2, 4, 5, 6, 8, 9, 11, 13, 16, 17, 18, 19]
[1, 5, 6, 7, 9, 11, 12, 13, 16, 17]
[2, 3, 5, 6, 8, 9, 11, 12, 13, 16, 17, 18, 19]
[1, 5, 6, 7, 9, 11, 13, 14, 16, 17, 18, 19]
[3, 4, 5, 6, 8, 9, 11, 13, 14, 16, 17, 18, 19]
[0, 2, 4, 6, 8, 9, 11, 13, 15, 16, 17, 18, 19]
[3, 4, 5, 6, 7, 9, 11, 12, 13, 15, 16, 17, 18, 19]
[1, 2, 4, 6, 8, 9, 11, 12, 13, 15, 16, 17, 18, 19]
[2, 3, 6, 7, 9, 11, 13, 14, 15, 16, 17]
[1, 2, 4, 5, 6, 8, 9, 11, 13, 14, 15, 16, 17, 18, 19]
[0, 4, 6, 7, 9, 11, 13, 16, 19]
[0, 4, 6, 7, 9, 11, 13, 15, 16, 18]
[3, 4, 5, 6, 7, 9, 10, 11, 12, 13, 18, 19]
[1, 5, 6, 7, 9, 10, 11, 13, 14]
[0, 6, 8, 9, 10, 11, 13, 15, 18, 19]
[0, 5, 6, 8, 9, 10, 11, 13, 15]
[1, 4, 6, 7, 9, 10, 11, 13, 17, 19]
[3, 4, 5, 6, 7, 9, 10, 11, 13, 17, 18]
[0, 1, 3, 4, 5, 6, 7, 9, 10, 11, 13, 17, 19]
[0, 1, 2, 3, 5, 6, 8, 9, 10, 11, 13, 17, 18]
[3, 6, 7, 9, 10, 11, 12, 13, 17, 18]
[0, 2, 6, 8, 9, 10, 11, 12, 13, 17, 18]
[2, 3, 4, 6, 8, 9, 10, 11, 12, 13, 17, 19]
[0, 2, 5, 6, 8, 9, 10, 11, 12, 13, 17, 19]
[1, 4, 5, 6, 7, 9, 10, 11, 13, 14, 17, 18]
[0, 2, 4, 6, 8, 9, 10, 11, 13, 14, 17, 19]
[1, 2, 5, 6, 8, 9, 10, 11, 13, 14, 17, 19]
[3, 6, 7, 9, 10, 11, 12, 13, 14, 17, 18]
[0, 2, 4, 5, 6, 7, 9, 10, 11, 12, 13, 14, 17, 19]
[0, 5, 6, 8, 9, 10, 11, 12, 13, 14, 17, 18]
[1, 4, 5, 6, 8, 9, 10, 11, 13, 15, 17, 19]
[0, 4, 6, 7, 9, 10, 11, 12, 13, 15, 17, 18]
[0, 4, 5, 6, 7, 9, 10, 11, 12, 13, 15, 17, 19]
[0, 2, 4, 5, 6, 8, 9, 10, 11, 13, 14, 15, 17, 19]
[1, 2, 4, 6, 7, 9, 10, 11, 12, 13, 14, 15, 17, 18]
[3, 5, 6, 8, 9, 10, 11, 12, 13, 14, 15, 17, 18]
[0, 1, 3, 4, 5, 6, 7, 9, 11, 13, 16, 17]
[2, 3, 4, 5, 6, 7, 9, 11, 13, 16, 17]
[0, 4, 6, 8, 9, 11, 13, 16, 17, 18, 19]
[0, 6, 7, 9, 11, 12, 13, 16, 17]
[0, 5, 6, 7, 9, 11, 12, 13, 16, 17, 18, 19]
[0, 2, 4, 6, 8, 9, 11, 12, 13, 16, 17, 18, 19]
[0, 2, 4, 5, 6, 8, 9, 11, 12, 13, 16, 17]
[1, 4, 5, 6, 7, 9, 11, 12, 13, 14, 16, 17]
[0, 1, 2, 3, 4, 6, 8, 9, 11, 12, 13, 14, 16, 17, 18, 19]
[0, 4, 6, 7, 9, 11, 13, 15, 16, 17]
[0, 1, 2, 3, 5, 6, 7, 9, 11, 13, 15, 16, 17]
[0, 1, 2, 3, 4, 6, 7, 9, 11, 12, 13, 14, 15, 16, 17]
[0, 1, 2, 3, 4, 6, 8, 9, 11, 13, 16, 18]
[1, 2, 4, 5, 6, 8, 9, 11, 13, 16, 18]
[0, 2, 4, 5, 6, 8, 9, 11, 13, 16, 19]
[0, 1, 2, 3, 5, 6, 8, 9, 11, 12, 13, 14, 16, 18]
[2, 3, 5, 6, 8, 9, 11, 12, 13, 14, 16, 19]
[0, 2, 4, 6, 7, 9, 11, 13, 15, 16, 19]
[0, 1, 3, 5, 6, 8, 9, 11, 13, 15, 16, 19]
[0, 1, 2, 3, 5, 6, 7, 9, 11, 13, 14, 15, 16, 18]
[0, 1, 3, 4, 5, 6, 7, 9, 11, 13, 14, 15, 16, 19]
[0, 1, 2, 3, 5, 6, 8, 9, 11, 13, 14, 15, 16, 18]
[0, 1, 3, 4, 5, 6, 8, 9, 11, 13, 14, 15, 16, 19]
[0, 1, 2, 3, 6, 7, 9, 11, 12, 13, 14, 15, 16, 18]
[0, 6, 8, 9, 10, 11, 12, 13, 18, 19]
[0, 6, 8, 9, 10, 11, 13, 14]
[0, 2, 4, 6, 7, 9, 10, 11, 12, 13, 15, 18, 19]
[0, 5, 6, 7, 9, 10, 11, 13, 14, 15]
[0, 2, 4, 6, 7, 9, 10, 11, 13, 15, 17, 18]
[0, 2, 4, 5, 6, 8, 9, 10, 11, 13, 15, 17, 19]
[0, 1, 2, 3, 4, 6, 7, 9, 10, 11, 12, 13, 14, 15, 17, 19]
[0, 1, 3, 6, 8, 9, 10, 11, 12, 13, 14, 15, 17, 18]
[1, 2, 5, 6, 7, 9, 11, 13, 14, 16, 17]
[2, 3, 4, 5, 6, 7, 9, 11, 13, 14, 16, 17]
[0, 1, 3, 4, 5, 6, 7, 9, 11, 12, 13, 15, 16, 17]
[0, 1, 3, 4, 6, 8, 9, 11, 12, 13, 15, 16, 17, 18, 19]
[2, 3, 4, 6, 8, 9, 11, 12, 13, 15, 16, 17, 18, 19]
[1, 4, 5, 6, 8, 9, 11, 12, 13, 15, 16, 17, 18, 19]
[0, 4, 5, 6, 7, 9, 11, 13, 14, 15, 16, 17, 18, 19]
[0, 2, 5, 6, 8, 9, 11, 13, 14, 15, 16, 17]
[1, 6, 8, 9, 10, 11, 12, 13]
[2, 3, 5, 6, 8, 9, 10, 11, 13, 14, 18, 19]
[0, 6, 7, 9, 10, 11, 12, 13, 14, 15]
[0, 2, 4, 6, 7, 9, 10, 11, 12, 13, 14, 15, 18, 19]
[1, 4, 5, 6, 8, 9, 11, 13, 16, 17, 18, 19]
[3, 6, 8, 9, 11, 12, 13, 14, 16, 17, 18, 19]
[3, 4, 5, 6, 7, 9, 11, 13, 16, 19]
[1, 2, 4, 6, 7, 9, 11, 12, 13, 14, 16, 18]
[1, 2, 6, 8, 9, 10, 11, 12, 13, 18, 19]
[3, 6, 7, 9, 10, 11, 13, 14, 18, 19]
[0, 2, 5, 6, 7, 9, 10, 11, 12, 13, 14, 15]
[0, 4, 6, 8, 9, 10, 11, 12, 13, 14, 15]
[2, 3, 4, 6, 8, 9, 10, 11, 13, 17, 18]
[1, 2, 6, 7, 9, 10, 12, 17, 19]
[1, 2, 5, 6, 8, 9, 10, 12, 17, 18]
[2, 3, 4, 5, 6, 7, 9, 10, 14, 17, 19]
[2, 3, 4, 6, 8, 9, 10, 14, 17, 18]
[0, 2, 6, 7, 9, 10, 11, 13, 14, 17, 19]
[0, 2, 6, 8, 9, 10, 11, 13, 14, 15, 17, 18]
[1, 4, 6, 7, 9, 10, 11, 12, 13, 14, 15, 17, 19]
[1, 6, 7, 9, 11, 13, 16, 17]
[1, 2, 6, 7, 9, 12, 14, 16, 17]
[1, 4, 6, 7, 9, 12, 14, 16, 17, 18, 19]
[1, 2, 5, 6, 8, 9, 12, 14, 16, 17, 18, 19]
[1, 4, 5, 6, 8, 9, 12, 14, 16, 17]
[0, 4, 6, 7, 9, 11, 12, 13, 14, 16, 17]
[3, 4, 6, 8, 9, 11, 12, 13, 14, 16, 17, 18, 19]
[0, 2, 5, 6, 8, 9, 11, 12, 13, 14, 15, 16, 17, 18, 19]
[3, 6, 7, 9, 11, 13, 16, 18]
[0, 5, 6, 7, 9, 11, 12, 13, 14, 16, 19]
[1, 2, 6, 8, 9, 11, 12, 13, 14, 16, 18]
[0, 2, 4, 5, 6, 8, 9, 11, 12, 13, 14, 15, 16, 19]
[0, 2, 4, 6, 8, 9, 10, 11, 12, 13]
[0, 1, 2, 3, 5, 6, 8, 9, 10, 11, 12, 13, 18, 19]
[0, 6, 7, 9, 10, 11, 12, 13, 15]
[0, 1, 2, 3, 6, 7, 9, 10, 11, 12, 13, 15, 18, 19]
[3, 6, 7, 9, 11, 12, 13, 16, 17, 18, 19]
[1, 2, 6, 7, 9, 11, 12, 13, 16, 17]
[3, 6, 8, 9, 11, 13, 14, 15, 16, 17, 18, 19]
[1, 4, 5, 6, 8, 9, 11, 13, 14, 15, 16, 17]
[2, 3, 5, 6, 8, 9, 10, 11, 12, 13]
[1, 2, 4, 5, 6, 8, 9, 10, 11, 13, 14, 18, 19]
[0, 2, 4, 6, 7, 9, 10, 11, 13, 15]
[0, 2, 4, 5, 6, 7, 9, 10, 11, 13, 15, 18, 19]
[3, 5, 6, 8, 9, 11, 13, 16, 17, 18, 19]
[1, 2, 5, 6, 8, 9, 11, 12, 13, 14, 16, 17, 18, 19]
[1, 5, 6, 7, 9, 11, 13, 16, 19]
[3, 4, 5, 6, 7, 9, 11, 12, 13, 14, 16, 18]
[0, 4, 5, 6, 8, 9, 10, 11, 12, 13]
[0, 2, 5, 6, 7, 9, 10, 11, 13, 14]
[0, 2, 6, 8, 9, 10, 11, 12, 13, 15, 18, 19]
[0, 2, 5, 6, 7, 9, 10, 11, 13, 14, 15, 18, 19]
[1, 2, 4, 6, 7, 9, 11, 12, 13, 16, 17]
[3, 4, 6, 8, 9, 11, 12, 13, 16, 17, 18, 19]
[3, 4, 5, 6, 7, 9, 11, 13, 14, 15, 16, 17]
[1, 6, 8, 9, 11, 13, 14, 15, 16, 17, 18, 19]
[1, 4, 5, 6, 8, 9, 10, 11, 12, 13, 18, 19]
[2, 3, 4, 5, 6, 7, 9, 10, 11, 13, 14, 18, 19]
[0, 4, 6, 7, 9, 10, 11, 12, 13, 14, 15]
[0, 2, 5, 6, 8, 9, 10, 11, 12, 13, 14, 15]
[3, 6, 7, 9, 10, 12, 17, 18]
[2, 3, 4, 6, 8, 9, 10, 12, 17, 19]
[1, 4, 5, 6, 7, 9, 10, 14, 17, 18]
[1, 2, 5, 6, 8, 9, 10, 14, 17, 19]
[1, 2, 4, 5, 6, 7, 9, 11, 13, 16, 17]
[3, 6, 7, 9, 12, 14, 16, 17, 18, 19]
[2, 3, 4, 6, 7, 9, 12, 14, 16, 17]
[3, 6, 8, 9, 12, 14, 16, 17, 18, 19]
[2, 3, 4, 6, 8, 9, 12, 14, 16, 17]
[2, 3, 5, 6, 8, 9, 11, 12, 13, 14, 16, 17, 18, 19]
[2, 3, 4, 5, 6, 7, 9, 11, 13, 16, 18]
[1, 4, 5, 6, 8, 9, 11, 12, 13, 14, 16, 18]
[0, 5, 6, 7, 9, 10, 14, 18, 19]
[0, 1, 2, 3, 6, 8, 9, 10, 14, 18, 19]
[0, 1, 2, 3, 5, 6, 7, 9, 10, 12, 15]
[0, 2, 4, 5, 6, 8, 9, 10, 12, 15]
[0, 5, 6, 7, 9, 16, 18]
[0, 1, 2, 3, 6, 8, 9, 16, 18]
[0, 1, 2, 3, 5, 6, 7, 9, 12, 14, 15, 16, 19]
[0, 2, 4, 5, 6, 8, 9, 12, 14, 15, 16, 19]
