[ 0, 1, 40, 7, 49, 8, 17, 43, 52, 53, 54 ]
[ 10, 5, 14, 16, 8, 17, 9, 18, 53 ]
[ 0, 1, 10, 14, 7, 42, 17, 9, 18, 51, 53 ]
[ 10, 5, 40, 7, 16, 42, 49, 43, 50, 9, 44, 53 ]
[ 0, 1, 14, 7, 16, 8, 17, 43, 52, 18, 53 ]
[ 0, 1, 14, 40, 7, 8, 17, 43, 18, 44, 54 ]
[ 0, 1, 10, 40, 7, 17, 43, 52, 9, 18, 51, 53, 54 ]
[ 0, 1, 10, 40, 7, 42, 17, 50, 9, 18, 53 ]
[ 0, 1, 5, 16, 42, 49, 8, 17, 52, 9, 53 ]
[ 10, 5, 16, 49, 8, 43, 50, 18, 53 ]
[ 10, 5, 42, 49, 8, 9, 18, 53, 54 ]
[ 0, 1, 10, 5, 14, 40, 7, 43, 18, 51, 53, 54 ]
[ 0, 1, 7, 16, 8, 17, 43, 52, 44, 53, 54 ]
[ 10, 5, 40, 42, 49, 8, 17, 9, 54 ]
[ 10, 5, 14, 8, 17, 9, 18, 51, 54 ]
[ 10, 5, 14, 40, 7, 8, 17, 43, 52, 18, 44, 53 ]
[ 10, 5, 40, 16, 49, 8, 43, 9, 53 ]
[ 10, 5, 7, 16, 42, 49, 8, 17, 43, 50, 18, 54 ]
[ 10, 5, 14, 40, 8, 50, 52, 9, 53 ]
[ 10, 5, 14, 16, 8, 43, 52, 44, 53 ]
[ 0, 5, 14, 40, 7, 16, 42, 8, 17, 18, 51, 54 ]
[ 0, 1, 14, 40, 7, 49, 8, 43, 52, 51, 53 ]
