[[1, 4, 5], [2, 4], [3, 5], [6, 7]]
[[2,6,5,18,27,57],[0, 7, 49, 53, 54]]
[[2,4,11,28,32,61],[0, 7, 50, 52, 51]]
[[1,3,4,19,26,66],[0, 7, 50, 51, 54]]
[[3,9,12,21,58,78],[0, 7, 50, 52, 53]]
[[2,6,5,18,27,57],[0, 7, 50, 53, 54]]
[[2,6,2,26,27,66],[0, 7, 52, 51, 53]]
[[1,3,4,19,26,66],[0, 7, 52, 51, 54]]
[[3,9,15,17,53,21],[0, 7, 51, 53, 54]]
[[4,12,10,32,29,84],[0, 35, 8, 9, 53]]
[[3,11,18,31,8,98],[0, 37, 8, 9, 53]]
[[3,11,18,31,23,68],[0, 8, 38, 9, 53]]
[[4,8,19,16,34,89],[0, 8, 9, 39, 53]]
[[3,9,12,13,38,54],[0, 8, 43, 9, 53]]
[[4,12,13,20,49,57],[0, 8, 9, 44, 53]]
[[2,10,8,14,52,94],[0, 8, 50, 9, 53]]
[[1,5,4,29,41,68],[0, 8, 50, 9, 54]]
[[1,7,7,27,21,103],[0, 8, 52, 9, 51]]
[[2,6,5,30,22,99],[0, 8, 52, 9, 53]]
[[4,8,7,24,34,77],[0, 34, 35, 8, 53]]
[[3,9,15,13,28,75],[0, 34, 8, 38, 53]]
[[5,13,5,29,30,67],[0, 34, 40, 8, 53]]
[[5,9,11,25,40,105],[0, 34, 42, 8, 53]]
[[4,6,10,22,54,78],[0, 34, 8, 44, 53]]
[[4,6,16,30,29,78],[0, 34, 49, 8, 53]]
[[4,6,10,22,44,90],[0, 34, 8, 50, 53]]
[[3,7,9,19,38,121],[0, 34, 8, 52, 51]]
[[3,7,15,23,33,79],[0, 34, 8, 51, 53]]
[[4,12,19,20,29,57],[0, 34, 8, 52, 53]]
[[3,3,12,27,28,54],[0, 34, 8, 53, 54]]
[[4,8,10,16,49,92],[0, 35, 37, 8, 53]]
[[3,7,15,11,28,67],[0, 35, 8, 39, 53]]
[[4,8,16,24,34,98],[0, 35, 8, 43, 53]]
[[3,3,6,27,23,42],[0, 35, 8, 44, 53]]
[[3,7,6,31,33,52],[0, 37, 8, 38, 53]]
[[5,11,11,31,15,71],[0, 37, 42, 8, 53]]
[[5,9,8,21,30,78],[0, 37, 8, 43, 53]]
[[4,12,13,28,29,81],[0, 37, 8, 44, 53]]
[[4,12,7,28,29,93],[0, 37, 8, 50, 53]]
[[2,4,2,36,37,52],[0, 8, 38, 39, 53]]
[[5,11,8,31,20,74],[0, 8, 38, 43, 53]]
[[4,6,7,18,34,105],[0, 8, 38, 44, 53]]
[[3,9,12,25,48,84],[0, 8, 38, 52, 51]]
[[4,6,7,18,34,105],[0, 42, 8, 39, 53]]
[[3,7,9,27,23,43],[0, 8, 50, 39, 53]]
[[2,4,5,28,27,61],[0, 8, 52, 39, 51]]
[[3,11,12,19,48,86],[0, 40, 42, 8, 53]]
[[2,8,5,20,27,89],[0, 40, 8, 44, 53]]
[[4,8,7,28,44,65],[0, 40, 49, 8, 53]]
[[4,12,19,20,29,57],[0, 40, 8, 50, 53]]
[[3,9,12,17,48,96],[0, 40, 8, 50, 54]]
[[3,5,9,37,18,59],[0, 40, 8, 52, 51]]
[[4,6,10,22,44,90],[0, 40, 8, 52, 53]]
[[3,9,18,29,13,96],[0, 40, 8, 53, 54]]
[[2,4,2,36,37,52],[0, 42, 8, 44, 53]]
[[4,8,10,16,34,68],[0, 42, 49, 8, 53]]
[[4,12,7,28,29,93],[0, 42, 8, 52, 53]]
[[3,11,9,27,18,77],[0, 42, 8, 53, 54]]
[[2,8,8,24,52,68],[0, 8, 43, 44, 53]]
[[3,7,3,11,33,79],[0, 8, 43, 53, 54]]
[[3,7,6,15,33,76],[0, 49, 8, 44, 53]]
[[3,7,12,23,23,112],[0, 8, 52, 44, 53]]
[[2,4,5,28,37,37],[0, 49, 8, 50, 54]]
[[2,8,5,28,32,113],[0, 49, 8, 52, 51]]
[[2,6,5,34,42,69],[0, 49, 8, 53, 54]]
[[2,8,5,28,32,113],[0, 8, 50, 52, 51]]
[[1,1,7,25,46,97],[0, 8, 50, 51, 54]]
[[3,7,9,27,38,97],[0, 8, 50, 52, 53]]
[[2,4,5,28,37,37],[0, 8, 50, 52, 54]]
[[2,6,5,34,42,69],[0, 8, 50, 53, 54]]
[[1,1,7,25,46,97],[0, 8, 52, 51, 54]]
[[3,5,12,21,53,68],[0, 34, 35, 9, 53]]
[[2,8,14,24,32,104],[0, 34, 37, 9, 53]]
[[2,14,8,26,32,68],[0, 34, 38, 9, 53]]
[[4,8,10,24,29,44],[0, 34, 43, 9, 53]]
[[3,5,9,29,43,41],[0, 34, 49, 9, 53]]
[[3,3,9,19,43,63],[0, 34, 50, 9, 53]]
[[2,2,8,26,47,68],[0, 34, 50, 9, 54]]
[[4,10,19,26,14,91],[0, 34, 9, 51, 53]]
[[3,9,15,29,33,93],[0, 34, 52, 9, 53]]
[[3,5,18,29,33,80],[0, 35, 38, 9, 53]]
[[3,3,3,31,28,69],[0, 35, 40, 9, 53]]
[[3,11,18,31,8,98],[0, 35, 42, 9, 53]]
[[3,7,12,19,38,106],[0, 35, 43, 9, 53]]
[[4,8,13,36,34,77],[0, 35, 9, 44, 53]]
[[4,12,7,24,39,81],[0, 35, 49, 9, 53]]
[[5,7,14,31,40,82],[0, 35, 9, 53, 54]]
[[4,12,10,32,29,84],[0, 37, 42, 9, 53]]
[[3,3,12,35,28,66],[0, 37, 49, 9, 53]]
[[2,10,17,30,17,91],[0, 37, 50, 9, 54]]
[[3,9,9,29,43,81],[0, 37, 52, 9, 53]]
[[4,10,19,22,29,91],[0, 37, 9, 53, 54]]
[[3,7,9,19,13,109],[0, 38, 9, 39, 53]]
[[4,8,13,28,44,41],[0, 40, 38, 9, 53]]
[[4,10,10,18,49,52],[0, 42, 38, 9, 53]]
[[5,15,8,19,30,84],[0, 38, 9, 44, 53]]
[[3,3,12,27,48,54],[0, 49, 38, 9, 53]]
[[2,4,5,28,27,61],[0, 38, 50, 9, 54]]
[[4,6,13,38,29,63],[0, 38, 9, 51, 53]]
[[3,9,15,13,43,69],[0, 38, 52, 9, 53]]
[[4,10,13,30,39,67],[0, 38, 9, 53, 54]]
[[5,9,5,17,45,63],[0, 40, 9, 39, 53]]
[[5,15,8,19,30,84],[0, 42, 9, 39, 53]]
[[4,10,10,18,49,52],[0, 9, 39, 44, 53]]
[[3,5,6,29,18,26],[0, 50, 9, 39, 54]]
[[4,8,10,16,19,116],[0, 52, 9, 39, 53]]
[[3,7,9,23,18,61],[0, 40, 9, 44, 53]]
[[3,7,15,23,23,103],[0, 40, 49, 9, 53]]
[[4,10,16,22,24,82],[0, 40, 9, 51, 53]]
[[3,7,9,15,43,91],[0, 40, 52, 9, 53]]
[[2,8,5,20,52,83],[0, 42, 43, 9, 53]]
[[3,7,9,19,13,109],[0, 42, 9, 44, 53]]
[[3,3,9,23,33,39],[0, 42, 49, 9, 53]]
[[4,8,7,24,34,77],[0, 42, 9, 53, 54]]
[[3,7,6,19,43,76],[0, 43, 52, 9, 53]]
[[4,6,13,18,44,81],[0, 49, 9, 44, 53]]
[[4,8,13,20,19,101],[0, 52, 9, 44, 53]]
[[3,11,6,15,38,74],[0, 9, 44, 53, 54]]
[[1,9,13,33,31,87],[0, 49, 50, 9, 54]]
[[1,3,7,27,61,75],[0, 49, 52, 9, 51]]
[[3,5,9,33,43,53],[0, 49, 9, 51, 53]]
[[1,1,10,17,26,76],[0, 50, 52, 9, 51]]
[[3,7,12,27,43,76],[0, 50, 9, 51, 53]]
[[1,3,4,27,31,84],[0, 50, 52, 9, 54]]
[[3,5,3,33,33,95],[0, 50, 9, 53, 54]]
[[3,7,15,19,13,97],[0, 52, 9, 51, 53]]
[[2,8,5,36,37,47],[0, 9, 51, 53, 54]]
[[5,9,11,25,40,105],[0, 34, 35, 37, 53]]
[[3,9,12,21,58,78],[0, 34, 35, 40, 53]]
[[4,6,13,26,49,81],[0, 34, 35, 49, 53]]
[[4,10,19,26,19,85],[0, 34, 35, 50, 53]]
[[3,7,21,27,23,97],[0, 34, 35, 51, 53]]
[[4,8,7,24,44,113],[0, 34, 35, 52, 53]]
[[3,9,12,21,48,78],[0, 34, 35, 53, 54]]
[[4,6,7,30,9,75],[0, 34, 37, 38, 53]]
[[3,7,9,27,23,55],[0, 34, 37, 39, 53]]
[[4,8,7,24,34,77],[0, 34, 37, 42, 53]]
[[3,5,6,13,43,116],[0, 34, 37, 44, 53]]
[[3,9,12,33,38,84],[0, 34, 37, 50, 53]]
[[2,4,5,20,27,97],[0, 34, 37, 50, 54]]
[[2,8,14,32,32,80],[0, 34, 37, 51, 53]]
[[3,9,12,29,38,78],[0, 34, 38, 39, 53]]
[[4,8,13,20,44,77],[0, 34, 40, 38, 53]]
[[3,7,9,27,18,61],[0, 34, 49, 38, 53]]
[[2,8,17,28,22,101],[0, 34, 38, 50, 54]]
[[2,6,5,14,27,87],[0, 34, 38, 52, 51]]
[[2,8,8,20,27,62],[0, 34, 38, 51, 53]]
[[3,11,12,31,33,80],[0, 34, 38, 52, 53]]
[[2,10,8,34,42,52],[0, 34, 38, 53, 54]]
[[2,6,17,22,22,87],[0, 34, 49, 39, 53]]
[[2,2,5,34,37,77],[0, 34, 50, 39, 53]]
[[1,9,16,33,21,66],[0, 34, 50, 39, 54]]
[[1,9,10,29,46,90],[0, 34, 52, 39, 51]]
[[3,5,15,21,33,89],[0, 34, 39, 51, 53]]
[[4,6,16,18,39,72],[0, 34, 40, 42, 53]]
[[3,7,18,23,33,100],[0, 34, 40, 44, 53]]
[[4,8,10,32,24,56],[0, 34, 40, 50, 54]]
[[3,9,12,29,38,78],[0, 34, 42, 44, 53]]
[[4,10,22,18,29,64],[0, 34, 42, 50, 54]]
[[4,12,7,36,39,57],[0, 34, 42, 52, 51]]
[[5,11,11,27,55,35],[0, 34, 42, 52, 53]]
[[4,8,10,24,39,68],[0, 34, 42, 53, 54]]
[[5,13,14,21,20,82],[0, 34, 43, 50, 53]]
[[4,10,7,22,59,79],[0, 34, 43, 50, 54]]
[[4,10,13,22,29,79],[0, 34, 43, 51, 53]]
[[4,10,7,30,14,79],[0, 34, 43, 53, 54]]
[[4,10,13,18,29,85],[0, 34, 49, 44, 53]]
[[4,14,7,30,39,59],[0, 34, 50, 44, 53]]
[[3,11,12,27,33,86],[0, 34, 50, 44, 54]]
[[3,11,18,19,43,56],[0, 34, 52, 44, 51]]
[[5,11,20,11,20,98],[0, 34, 44, 51, 53]]
[[4,10,13,18,49,73],[0, 34, 52, 44, 53]]
[[3,7,6,19,48,106],[0, 34, 49, 50, 54]]
[[4,6,10,30,44,90],[0, 34, 49, 52, 53]]
[[3,9,12,41,33,66],[0, 34, 49, 53, 54]]
[[3,7,9,27,38,97],[0, 34, 50, 52, 51]]
[[2,2,8,26,42,44],[0, 34, 50, 51, 54]]
[[3,7,6,11,38,94],[0, 34, 50, 52, 54]]
[[4,6,7,18,34,105],[0, 35, 37, 39, 53]]
[[3,11,12,19,48,86],[0, 35, 40, 37, 53]]
[[3,7,9,27,38,97],[0, 35, 37, 42, 53]]
[[2,4,2,36,37,52],[0, 35, 37, 44, 53]]
[[4,8,10,16,34,68],[0, 35, 37, 49, 53]]
[[4,12,7,28,29,93],[0, 35, 37, 52, 53]]
[[3,11,9,27,18,77],[0, 35, 37, 53, 54]]
[[4,12,13,28,29,81],[0, 35, 38, 39, 53]]
[[3,7,6,31,33,52],[0, 35, 42, 38, 53]]
[[3,7,12,23,33,112],[0, 35, 38, 43, 53]]
[[3,9,9,13,58,75],[0, 35, 38, 50, 54]]
[[3,9,15,29,33,57],[0, 35, 38, 51, 53]]
[[2,8,17,24,22,89],[0, 35, 43, 39, 53]]
[[3,7,6,31,33,52],[0, 35, 39, 44, 53]]
[[3,7,12,7,23,64],[0, 35, 50, 39, 53]]
[[2,10,14,34,42,76],[0, 35, 50, 39, 54]]
[[2,2,8,26,42,44],[0, 35, 52, 39, 51]]
[[4,6,10,34,34,72],[0, 35, 39, 51, 53]]
[[4,8,7,24,44,113],[0, 35, 40, 50, 53]]
[[3,7,9,27,28,61],[0, 35, 40, 52, 51]]
[[3,11,9,19,23,89],[0, 35, 40, 51, 53]]
[[4,10,19,26,19,85],[0, 35, 40, 52, 53]]
[[3,3,9,47,33,75],[0, 35, 40, 53, 54]]
[[5,9,8,21,30,78],[0, 35, 42, 43, 53]]
[[4,12,13,28,29,81],[0, 35, 42, 44, 53]]
[[4,12,7,28,29,93],[0, 35, 42, 50, 53]]
[[4,14,10,22,34,86],[0, 35, 43, 44, 53]]
[[4,8,19,20,39,89],[0, 35, 49, 43, 53]]
[[3,7,6,27,28,106],[0, 35, 43, 50, 54]]
[[3,7,9,35,28,97],[0, 35, 43, 51, 53]]
[[3,5,12,17,48,92],[0, 35, 43, 53, 54]]
[[3,7,12,23,23,112],[0, 35, 50, 44, 53]]
[[2,8,2,20,17,80],[0, 35, 52, 44, 51]]
[[5,9,14,21,40,78],[0, 35, 49, 50, 53]]
[[4,10,4,34,39,82],[0, 35, 49, 51, 53]]
[[5,9,14,21,40,78],[0, 35, 49, 52, 53]]
[[3,9,9,41,28,57],[0, 35, 50, 51, 54]]
[[5,11,11,31,15,71],[0, 35, 50, 52, 53]]
[[4,10,4,34,39,82],[0, 35, 52, 51, 53]]
[[3,9,9,41,28,57],[0, 35, 52, 51, 54]]
[[5,13,5,33,25,73],[0, 35, 51, 53, 54]]
[[3,3,6,27,23,42],[0, 37, 38, 39, 53]]
[[4,8,4,24,54,92],[0, 40, 37, 38, 53]]
[[4,10,13,22,44,61],[0, 37, 38, 43, 53]]
[[3,7,15,11,28,67],[0, 37, 38, 44, 53]]
[[3,11,9,35,28,77],[0, 37, 49, 38, 53]]
[[2,12,5,24,32,57],[0, 37, 38, 51, 53]]
[[3,9,6,29,38,114],[0, 37, 38, 52, 53]]
[[2,10,8,26,32,88],[0, 37, 38, 53, 54]]
[[3,7,15,11,28,67],[0, 37, 42, 39, 53]]
[[3,7,15,23,23,103],[0, 37, 43, 39, 53]]
[[2,12,8,20,22,60],[0, 37, 50, 39, 53]]
[[1,11,16,23,41,80],[0, 37, 50, 39, 54]]
[[1,11,10,27,31,80],[0, 37, 52, 39, 51]]
[[5,11,11,27,55,35],[0, 40, 37, 50, 53]]
[[4,12,10,32,19,72],[0, 40, 37, 50, 54]]
[[4,8,13,20,39,83],[0, 40, 37, 51, 53]]
[[4,10,10,30,34,106],[0, 40, 37, 53, 54]]
[[4,8,16,24,34,98],[0, 37, 42, 43, 53]]
[[3,3,6,27,23,42],[0, 37, 42, 44, 53]]
[[3,9,21,25,33,63],[0, 37, 43, 44, 53]]
[[5,9,5,17,45,63],[0, 37, 49, 43, 53]]
[[4,10,4,26,9,64],[0, 37, 43, 53, 54]]
[[3,11,9,31,43,83],[0, 37, 49, 51, 53]]
[[3,7,18,27,43,52],[0, 37, 50, 51, 53]]
[[2,10,14,42,37,64],[0, 37, 50, 51, 54]]
[[4,8,10,16,49,92],[0, 37, 50, 52, 53]]
[[3,9,12,33,38,48],[0, 37, 50, 52, 54]]
[[3,11,12,27,33,68],[0, 37, 50, 53, 54]]
[[3,5,9,21,33,89],[0, 37, 52, 51, 53]]
[[4,6,10,14,44,66],[0, 37, 51, 53, 54]]
[[3,9,15,17,48,81],[0, 38, 43, 39, 53]]
[[4,8,10,16,49,92],[0, 38, 39, 44, 53]]
[[2,10,17,26,27,73],[0, 49, 38, 39, 53]]
[[2,8,14,36,22,92],[0, 38, 50, 39, 53]]
[[1,7,13,31,21,79],[0, 38, 52, 39, 51]]
[[2,8,14,36,22,92],[0, 38, 52, 39, 53]]
[[3,9,6,29,28,78],[0, 38, 39, 53, 54]]
[[4,10,13,26,29,97],[0, 40, 38, 43, 53]]
[[5,13,5,25,40,73],[0, 40, 49, 38, 53]]
[[4,8,10,16,44,92],[0, 40, 38, 50, 54]]
[[4,12,13,28,34,57],[0, 40, 38, 52, 51]]
[[5,13,14,21,20,82],[0, 40, 38, 52, 53]]
[[4,12,7,28,34,93],[0, 40, 38, 53, 54]]
[[4,8,13,16,34,89],[0, 42, 38, 52, 51]]
[[4,6,10,22,34,114],[0, 38, 43, 51, 53]]
[[4,10,7,18,19,85],[0, 38, 50, 44, 53]]
[[3,11,9,19,58,89],[0, 38, 52, 44, 51]]
[[3,9,9,25,48,69],[0, 49, 38, 50, 54]]
[[3,9,18,25,33,78],[0, 49, 38, 52, 51]]
[[3,5,15,21,33,101],[0, 49, 38, 51, 53]]
[[4,6,13,18,49,117],[0, 49, 38, 52, 53]]
[[3,7,9,35,28,61],[0, 49, 38, 53, 54]]
[[3,5,15,25,38,77],[0, 38, 50, 51, 53]]
[[2,6,11,26,57,57],[0, 38, 50, 51, 54]]
[[3,7,9,19,48,97],[0, 38, 50, 52, 54]]
[[3,11,18,19,18,86],[0, 38, 52, 51, 53]]
[[2,12,8,16,52,108],[0, 38, 52, 51, 54]]
[[3,3,12,35,28,66],[0, 40, 43, 39, 53]]
[[4,12,10,28,34,84],[0, 40, 50, 39, 53]]
[[3,9,9,33,48,69],[0, 40, 50, 39, 54]]
[[3,7,6,7,53,40],[0, 40, 52, 39, 51]]
[[5,13,8,29,45,46],[0, 40, 39, 51, 53]]
[[4,8,13,20,49,65],[0, 40, 52, 39, 53]]
[[4,10,7,18,19,85],[0, 42, 50, 39, 53]]
[[3,11,9,19,58,89],[0, 42, 52, 39, 51]]
[[3,5,6,25,23,74],[0, 43, 50, 39, 54]]
[[4,8,13,16,34,89],[0, 52, 39, 44, 51]]
[[3,9,6,13,38,90],[0, 49, 50, 39, 53]]
[[2,4,17,20,42,85],[0, 49, 50, 39, 54]]
[[2,6,17,22,37,99],[0, 50, 52, 39, 51]]
[[4,8,13,28,24,77],[0, 50, 39, 51, 53]]
[[3,7,12,35,38,82],[0, 50, 39, 51, 54]]
[[3,9,15,17,48,81],[0, 50, 52, 39, 53]]
[[2,6,8,26,32,48],[0, 50, 52, 39, 54]]
[[4,8,19,20,34,89],[0, 50, 39, 53, 54]]
[[4,10,19,22,19,91],[0, 52, 39, 51, 53]]
[[3,11,12,35,28,86],[0, 39, 51, 53, 54]]
[[2,6,8,34,27,72],[0, 40, 42, 52, 51]]
[[2,2,5,22,37,59],[0, 40, 42, 51, 53]]
[[3,9,12,33,38,84],[0, 40, 42, 52, 53]]
[[2,2,2,42,27,56],[0, 40, 42, 53, 54]]
[[3,11,12,31,33,80],[0, 40, 43, 50, 53]]
[[2,6,8,10,42,84],[0, 40, 43, 50, 54]]
[[2,6,8,34,57,54],[0, 40, 43, 51, 53]]
[[2,4,8,28,32,88],[0, 40, 49, 44, 53]]
[[2,8,11,20,32,89],[0, 40, 50, 44, 53]]
[[1,7,7,27,51,61],[0, 40, 50, 44, 54]]
[[1,5,1,33,31,59],[0, 40, 52, 44, 51]]
[[3,7,15,19,23,109],[0, 40, 44, 51, 53]]
[[2,8,8,20,32,80],[0, 40, 52, 44, 53]]
[[4,6,10,30,44,90],[0, 40, 49, 50, 53]]
[[3,7,6,11,38,94],[0, 40, 49, 50, 54]]
[[3,7,9,27,38,97],[0, 40, 49, 52, 51]]
[[4,8,10,24,34,116],[0, 40, 50, 52, 53]]
[[3,7,6,19,48,106],[0, 40, 50, 52, 54]]
[[3,9,12,41,33,66],[0, 40, 50, 53, 54]]
[[2,2,8,26,42,44],[0, 40, 52, 51, 54]]
[[3,9,15,17,48,81],[0, 42, 43, 44, 53]]
[[3,9,6,29,38,114],[0, 42, 43, 50, 53]]
[[2,8,5,20,22,77],[0, 42, 43, 52, 51]]
[[2,8,11,16,42,65],[0, 42, 43, 51, 53]]
[[2,10,17,26,27,73],[0, 42, 49, 44, 53]]
[[2,8,14,36,22,92],[0, 42, 50, 44, 53]]
[[1,7,13,31,21,79],[0, 42, 52, 44, 51]]
[[2,8,14,36,22,92],[0, 42, 52, 44, 53]]
[[3,9,6,29,28,78],[0, 42, 44, 53, 54]]
[[3,9,12,33,38,48],[0, 42, 49, 50, 54]]
[[3,5,9,21,33,89],[0, 42, 49, 51, 53]]
[[3,11,12,27,33,68],[0, 42, 49, 53, 54]]
[[3,11,9,31,43,83],[0, 42, 52, 51, 53]]
[[2,10,14,42,37,64],[0, 42, 52, 51, 54]]
[[4,6,10,14,44,66],[0, 42, 51, 53, 54]]
[[2,10,11,26,27,97],[0, 49, 43, 44, 53]]
[[1,7,4,15,31,64],[0, 43, 50, 44, 54]]
[[2,12,8,20,22,60],[0, 43, 52, 44, 53]]
[[3,9,12,13,48,66],[0, 43, 44, 53, 54]]
[[4,6,13,18,49,117],[0, 49, 43, 50, 53]]
[[3,7,9,19,48,97],[0, 49, 43, 50, 54]]
[[3,11,18,19,18,86],[0, 49, 43, 51, 53]]
[[3,9,18,25,33,78],[0, 43, 50, 52, 51]]
[[3,7,15,19,8,85],[0, 43, 50, 51, 53]]
[[2,12,8,16,52,108],[0, 43, 50, 51, 54]]
[[3,9,9,25,48,69],[0, 43, 50, 52, 54]]
[[3,7,9,35,28,61],[0, 43, 50, 53, 54]]
[[3,5,15,21,33,101],[0, 43, 52, 51, 53]]
[[2,6,11,26,57,57],[0, 43, 52, 51, 54]]
[[3,3,9,35,28,33],[0, 49, 50, 44, 53]]
[[2,4,17,20,27,115],[0, 49, 50, 44, 54]]
[[2,6,8,18,47,84],[0, 49, 52, 44, 51]]
[[4,8,16,20,39,86],[0, 49, 44, 51, 53]]
[[3,5,12,29,38,74],[0, 49, 52, 44, 53]]
[[2,6,5,42,42,63],[0, 50, 52, 44, 51]]
[[4,8,10,44,19,62],[0, 50, 44, 51, 53]]
[[3,5,15,17,33,113],[0, 50, 44, 51, 54]]
[[3,3,6,27,23,42],[0, 50, 52, 44, 53]]
[[2,6,5,34,32,63],[0, 50, 52, 44, 54]]
[[4,8,13,24,49,35],[0, 50, 44, 53, 54]]
[[4,10,13,30,39,67],[0, 52, 44, 51, 53]]
[[2,8,11,12,22,65],[0, 49, 50, 52, 51]]
[[1,9,13,25,46,81],[0, 49, 50, 51, 54]]
[[3,11,12,27,38,86],[0, 49, 50, 52, 53]]
[[2,12,8,16,32,84],[0, 49, 50, 52, 54]]
[[2,10,5,30,47,79],[0, 49, 50, 53, 54]]
[[1,9,13,25,46,81],[0, 49, 52, 51, 54]]
[[6,12,15,24,11,63],[4, 5, 7, 8, 53]]
[[5,13,14,21,20,94],[4, 5, 7, 9, 53]]
[[5,7,14,31,40,82],[4, 34, 5, 7, 53]]
[[4,12,10,32,29,78],[4, 5, 35, 7, 53]]
[[5,11,5,31,55,59],[4, 5, 7, 38, 53]]
[[5,7,14,19,60,82],[4, 5, 7, 42, 53]]
[[4,12,16,28,14,96],[4, 5, 7, 44, 53]]
[[4,10,19,22,19,97],[4, 5, 35, 8, 53]]
[[5,9,14,29,35,60],[4, 5, 37, 8, 53]]
[[4,10,19,18,9,115],[4, 5, 8, 39, 53]]
[[5,7,8,27,40,58],[4, 5, 40, 8, 53]]
[[5,7,8,15,25,82],[4, 5, 8, 43, 53]]
[[4,8,16,24,34,122],[4, 5, 8, 44, 53]]
[[3,11,3,31,53,83],[4, 5, 35, 9, 53]]
[[4,6,10,38,24,72],[4, 5, 37, 9, 53]]
[[4,10,16,18,24,94],[4, 5, 38, 9, 53]]
[[5,11,8,19,50,68],[4, 5, 9, 39, 53]]
[[4,6,13,26,44,75],[4, 5, 42, 9, 53]]
[[4,8,10,8,24,86],[4, 5, 43, 9, 53]]
[[5,15,11,23,20,75],[4, 5, 9, 44, 53]]
[[4,12,10,32,29,78],[4, 34, 5, 40, 53]]
[[3,7,18,27,23,112],[4, 34, 5, 44, 53]]
[[5,9,8,25,50,66],[4, 34, 5, 49, 53]]
[[5,9,8,33,35,78],[4, 34, 5, 50, 53]]
[[4,10,7,22,74,73],[4, 34, 5, 52, 51]]
[[4,10,13,22,19,115],[4, 34, 5, 51, 53]]
[[5,15,8,31,20,54],[4, 34, 5, 52, 53]]
[[4,4,13,32,29,55],[4, 34, 5, 53, 54]]
[[5,7,14,31,40,82],[4, 5, 35, 40, 53]]
[[5,9,14,29,35,60],[4, 5, 35, 42, 53]]
[[4,12,10,36,19,60],[4, 5, 35, 49, 53]]
[[4,10,13,22,34,91],[4, 5, 35, 50, 53]]
[[3,7,21,23,23,115],[4, 5, 35, 50, 54]]
[[3,7,9,15,48,73],[4, 5, 35, 52, 51]]
[[4,10,13,22,34,91],[4, 5, 35, 52, 53]]
[[3,3,3,31,28,69],[4, 5, 35, 53, 54]]
[[6,10,12,22,31,64],[4, 5, 37, 38, 53]]
[[5,11,8,31,30,92],[4, 5, 37, 39, 53]]
[[4,10,19,22,29,91],[4, 5, 40, 37, 53]]
[[4,10,19,22,19,97],[4, 5, 37, 42, 53]]
[[4,8,4,20,59,62],[4, 5, 37, 43, 53]]
[[3,11,9,35,38,83],[4, 5, 37, 44, 53]]
[[4,10,7,26,34,109],[4, 5, 37, 50, 54]]
[[4,10,7,30,24,55],[4, 5, 37, 52, 51]]
[[4,4,4,28,34,88],[4, 5, 37, 51, 53]]
[[5,7,14,27,35,46],[4, 5, 38, 39, 53]]
[[4,12,4,24,29,78],[4, 5, 42, 38, 53]]
[[4,10,7,18,39,67],[4, 5, 38, 43, 53]]
[[3,9,3,17,23,57],[4, 5, 38, 44, 53]]
[[4,6,10,22,54,78],[4, 5, 38, 53, 54]]
[[3,9,3,17,23,57],[4, 5, 42, 39, 53]]
[[3,7,15,23,23,133],[4, 5, 43, 39, 53]]
[[4,12,4,24,29,78],[4, 5, 39, 44, 53]]
[[4,10,4,26,9,64],[4, 5, 49, 39, 53]]
[[5,9,5,17,45,63],[4, 5, 39, 53, 54]]
[[5,11,8,31,55,50],[4, 5, 40, 49, 53]]
[[5,15,8,31,20,54],[4, 5, 40, 50, 53]]
[[4,8,16,20,34,110],[4, 5, 40, 52, 51]]
[[4,10,13,38,19,55],[4, 5, 40, 51, 53]]
[[5,9,8,33,35,78],[4, 5, 40, 52, 53]]
[[4,10,4,26,24,94],[4, 5, 40, 53, 54]]
[[5,7,14,27,35,46],[4, 5, 42, 44, 53]]
[[4,8,19,12,14,113],[4, 5, 42, 50, 54]]
[[4,10,13,22,19,91],[4, 5, 42, 51, 53]]
[[4,10,13,22,34,91],[4, 5, 42, 53, 54]]
[[5,7,14,27,45,82],[4, 5, 43, 44, 53]]
[[4,6,10,22,19,66],[4, 5, 43, 52, 51]]
[[4,8,16,24,19,80],[4, 5, 49, 44, 53]]
[[3,9,18,13,28,66],[4, 5, 50, 44, 54]]
[[5,11,11,23,35,95],[4, 5, 44, 51, 53]]
[[4,8,7,32,34,89],[4, 5, 52, 44, 53]]
[[5,9,11,9,35,99],[4, 5, 44, 53, 54]]
[[6,8,18,24,26,68],[4, 5, 49, 50, 53]]
[[5,11,11,31,35,53],[4, 5, 49, 52, 51]]
[[5,5,14,13,45,74],[4, 5, 49, 51, 53]]
[[6,8,18,24,26,68],[4, 5, 49, 52, 53]]
[[5,15,5,19,40,87],[4, 5, 49, 53, 54]]
[[5,11,11,31,35,53],[4, 5, 50, 52, 51]]
[[5,9,8,21,30,78],[4, 5, 50, 51, 53]]
[[4,6,10,34,44,66],[4, 5, 50, 51, 54]]
[[6,10,9,34,31,67],[4, 5, 50, 52, 53]]
[[5,15,5,19,40,87],[4, 5, 50, 53, 54]]
[[5,5,14,13,45,74],[4, 5, 52, 51, 53]]
[[4,6,10,34,44,66],[4, 5, 52, 51, 54]]
[[6,16,6,24,16,76],[4, 5, 51, 53, 54]]
[[4,6,28,10,39,72],[4, 7, 37, 8, 53]]
[[4,10,19,18,24,85],[4, 7, 8, 38, 53]]
[[3,9,15,29,33,63],[4, 7, 8, 39, 53]]
[[6,8,18,20,31,62],[4, 7, 42, 8, 53]]
[[5,9,8,21,45,72],[4, 7, 8, 50, 53]]
[[4,10,10,22,44,64],[4, 7, 8, 50, 54]]
[[4,8,16,28,34,68],[4, 7, 8, 51, 53]]
[[4,14,10,22,34,74],[4, 7, 8, 53, 54]]
[[3,3,9,27,33,45],[4, 34, 7, 9, 53]]
[[4,8,10,24,44,86],[4, 35, 7, 9, 53]]
[[3,9,6,21,53,90],[4, 7, 38, 9, 53]]
[[4,10,10,18,49,70],[4, 7, 49, 9, 53]]
[[3,9,9,45,28,45],[4, 7, 50, 9, 54]]
[[4,14,7,30,39,71],[4, 7, 52, 9, 53]]
[[5,13,8,29,35,58],[4, 7, 9, 53, 54]]
[[6,10,12,26,26,76],[4, 34, 35, 7, 53]]
[[5,11,11,19,25,89],[4, 34, 7, 37, 53]]
[[5,13,14,21,30,70],[4, 34, 7, 38, 53]]
[[4,12,7,32,39,75],[4, 34, 7, 39, 53]]
[[5,9,14,13,30,114],[4, 34, 7, 42, 53]]
[[5,9,11,37,20,81],[4, 34, 7, 43, 53]]
[[4,8,13,44,19,47],[4, 34, 7, 44, 53]]
[[4,6,19,14,49,99],[4, 34, 7, 50, 53]]
[[3,7,15,27,33,109],[4, 34, 7, 50, 54]]
[[3,9,21,25,23,81],[4, 34, 7, 51, 53]]
[[3,7,12,27,23,88],[4, 34, 7, 53, 54]]
[[6,8,18,20,31,62],[4, 35, 7, 37, 53]]
[[6,10,9,30,36,73],[4, 35, 7, 38, 53]]
[[5,13,11,21,25,91],[4, 35, 7, 39, 53]]
[[4,8,22,20,39,80],[4, 35, 40, 7, 53]]
[[4,6,28,10,39,72],[4, 35, 7, 42, 53]]
[[4,10,25,18,19,79],[4, 35, 7, 43, 53]]
[[3,9,12,41,28,60],[4, 35, 7, 44, 53]]
[[5,9,20,13,35,96],[4, 35, 7, 49, 53]]
[[5,7,11,31,15,79],[4, 35, 7, 52, 53]]
[[4,8,10,32,34,68],[4, 35, 7, 53, 54]]
[[5,9,14,25,45,84],[4, 7, 37, 38, 53]]
[[4,8,16,16,29,92],[4, 7, 37, 44, 53]]
[[4,10,22,18,19,82],[4, 7, 37, 49, 53]]
[[4,14,16,18,19,80],[4, 7, 37, 50, 53]]
[[3,7,12,19,38,112],[4, 7, 37, 50, 54]]
[[3,11,15,23,53,59],[4, 7, 37, 51, 53]]
[[4,6,13,22,19,75],[4, 7, 37, 52, 53]]
[[3,9,12,21,43,90],[4, 7, 37, 53, 54]]
[[4,8,13,36,19,59],[4, 7, 38, 39, 53]]
[[5,7,8,27,15,76],[4, 40, 7, 38, 53]]
[[5,11,8,23,35,98],[4, 7, 38, 43, 53]]
[[4,6,13,26,19,69],[4, 7, 38, 44, 53]]
[[4,6,19,26,39,81],[4, 7, 49, 38, 53]]
[[4,6,16,10,39,96],[4, 7, 38, 50, 53]]
[[3,5,9,21,33,89],[4, 7, 38, 51, 53]]
[[4,10,19,22,24,91],[4, 7, 38, 52, 53]]
[[3,5,15,25,43,59],[4, 7, 38, 53, 54]]
[[4,10,7,30,49,85],[4, 40, 7, 39, 53]]
[[4,6,13,26,19,69],[4, 7, 42, 39, 53]]
[[4,14,10,34,29,44],[4, 7, 43, 39, 53]]
[[3,7,21,15,8,91],[4, 7, 49, 39, 53]]
[[3,3,9,35,28,33],[4, 7, 50, 39, 53]]
[[2,4,29,28,32,73],[4, 7, 50, 39, 54]]
[[2,6,8,26,32,48],[4, 7, 52, 39, 51]]
[[3,7,12,47,38,58],[4, 7, 52, 39, 53]]
[[4,10,19,18,39,79],[4, 7, 39, 53, 54]]
[[5,11,11,31,15,71],[4, 40, 7, 42, 53]]
[[5,11,14,27,20,92],[4, 40, 7, 43, 53]]
[[4,14,16,26,9,74],[4, 40, 7, 44, 53]]
[[5,11,5,35,45,65],[4, 40, 7, 50, 54]]
[[5,5,14,17,35,74],[4, 40, 7, 51, 53]]
[[5,13,14,21,20,94],[4, 40, 7, 53, 54]]
[[4,8,13,36,19,59],[4, 7, 42, 44, 53]]
[[6,12,18,12,16,96],[4, 7, 42, 52, 53]]
[[5,5,5,25,25,71],[4, 7, 42, 53, 54]]
[[6,10,12,22,21,88],[4, 7, 49, 43, 53]]
[[6,10,15,18,36,61],[4, 7, 43, 52, 53]]
[[5,11,8,23,25,110],[4, 7, 43, 53, 54]]
[[5,5,8,25,50,62],[4, 7, 49, 44, 53]]
[[5,9,11,37,30,75],[4, 7, 52, 44, 53]]
[[6,14,6,34,26,38],[4, 7, 44, 53, 54]]
[[4,6,10,14,44,96],[4, 7, 49, 50, 54]]
[[4,12,13,20,29,87],[4, 7, 49, 51, 53]]
[[4,6,13,10,29,69],[4, 7, 49, 53, 54]]
[[4,8,16,20,34,110],[4, 7, 50, 52, 51]]
[[3,7,12,31,28,88],[4, 7, 50, 51, 54]]
[[4,10,13,34,24,67],[4, 7, 50, 52, 54]]
[[4,4,10,28,39,94],[4, 7, 52, 51, 53]]
[[5,11,8,19,40,86],[4, 7, 51, 53, 54]]
[[3,11,12,27,33,68],[4, 34, 8, 9, 53]]
[[4,8,10,24,39,68],[4, 35, 8, 9, 53]]
[[3,3,12,27,28,54],[4, 37, 8, 9, 53]]
[[3,9,12,37,48,42],[4, 8, 38, 9, 53]]
[[5,5,5,25,25,71],[4, 40, 8, 9, 53]]
[[5,7,11,23,15,79],[4, 42, 8, 9, 53]]
[[6,14,6,30,26,56],[4, 8, 9, 44, 53]]
[[4,10,13,18,49,85],[4, 49, 8, 9, 53]]
[[3,11,18,19,43,56],[4, 8, 50, 9, 54]]
[[3,13,15,21,33,73],[4, 8, 52, 9, 51]]
[[5,11,11,27,45,53],[4, 8, 9, 51, 53]]
[[4,14,13,22,14,95],[4, 8, 52, 9, 53]]
[[5,11,11,31,15,71],[4, 8, 9, 53, 54]]
[[5,11,11,31,15,71],[4, 34, 37, 8, 53]]
[[5,11,20,11,20,104],[4, 34, 8, 38, 53]]
[[3,7,15,27,33,85],[4, 34, 8, 50, 54]]
[[3,9,18,21,38,60],[4, 34, 8, 52, 51]]
[[3,9,6,17,63,90],[4, 34, 8, 51, 53]]
[[4,12,19,20,29,57],[4, 34, 8, 52, 53]]
[[3,11,18,31,8,98],[4, 34, 8, 53, 54]]
[[4,10,16,22,49,40],[4, 35, 42, 8, 53]]
[[4,8,16,12,44,86],[4, 35, 8, 43, 53]]
[[5,11,8,27,20,86],[4, 35, 8, 50, 53]]
[[4,6,4,22,24,60],[4, 35, 8, 50, 54]]
[[4,12,7,28,24,69],[4, 35, 8, 51, 53]]
[[5,9,14,13,30,114],[4, 40, 37, 8, 53]]
[[5,13,8,21,40,82],[4, 37, 8, 43, 53]]
[[4,10,13,26,19,79],[4, 37, 8, 44, 53]]
[[4,6,10,18,39,36],[4, 37, 49, 8, 53]]
[[4,10,19,26,19,85],[4, 37, 8, 50, 53]]
[[3,7,15,19,53,79],[4, 37, 8, 52, 51]]
[[3,9,12,29,33,66],[4, 37, 8, 51, 53]]
[[4,6,16,22,44,90],[4, 37, 8, 52, 53]]
[[3,11,12,19,53,92],[4, 37, 8, 53, 54]]
[[5,15,8,27,30,60],[4, 42, 8, 38, 53]]
[[4,10,13,30,34,91],[4, 8, 38, 44, 53]]
[[4,8,13,28,34,95],[4, 49, 8, 38, 53]]
[[4,8,13,12,44,77],[4, 8, 38, 50, 53]]
[[3,5,12,17,33,80],[4, 8, 38, 50, 54]]
[[3,9,15,21,38,99],[4, 8, 38, 52, 51]]
[[3,9,12,29,28,102],[4, 8, 38, 51, 53]]
[[4,8,22,12,29,92],[4, 8, 38, 52, 53]]
[[3,9,12,37,38,72],[4, 8, 38, 53, 54]]
[[4,10,13,30,34,91],[4, 42, 8, 39, 53]]
[[4,12,10,24,34,84],[4, 8, 43, 39, 53]]
[[5,15,8,27,30,60],[4, 8, 39, 44, 53]]
[[3,5,6,25,43,74],[4, 8, 50, 39, 53]]
[[2,4,5,12,37,73],[4, 8, 50, 39, 54]]
[[2,2,26,18,37,80],[4, 8, 52, 39, 51]]
[[4,12,13,20,39,75],[4, 8, 39, 51, 53]]
[[5,11,11,19,25,89],[4, 40, 42, 8, 53]]
[[5,9,11,29,55,45],[4, 40, 8, 43, 53]]
[[5,7,8,27,35,82],[4, 40, 8, 52, 51]]
[[5,7,11,31,20,79],[4, 42, 8, 50, 54]]
[[5,11,17,23,15,83],[4, 42, 8, 52, 51]]
[[5,11,5,23,55,59],[4, 42, 8, 51, 53]]
[[4,6,10,34,34,102],[4, 8, 43, 44, 53]]
[[6,12,12,20,31,72],[4, 8, 43, 50, 53]]
[[5,7,8,27,35,76],[4, 8, 43, 52, 51]]
[[5,9,14,25,35,54],[4, 8, 43, 51, 53]]
[[4,4,7,24,34,109],[4, 8, 52, 44, 51]]
[[4,10,10,30,34,88],[4, 49, 8, 52, 51]]
[[4,6,7,18,64,75],[4, 8, 50, 51, 53]]
[[3,7,6,15,28,88],[4, 8, 52, 51, 54]]
[[4,12,7,32,29,81],[4, 34, 37, 9, 53]]
[[4,12,10,36,34,60],[4, 34, 38, 9, 53]]
[[4,8,10,24,44,86],[4, 34, 40, 9, 53]]
[[3,5,12,17,43,92],[4, 34, 49, 9, 53]]
[[3,5,9,13,33,89],[4, 34, 50, 9, 53]]
[[2,4,8,16,37,40],[4, 34, 50, 9, 54]]
[[2,12,8,32,37,60],[4, 34, 52, 9, 51]]
[[4,8,13,12,34,65],[4, 34, 9, 51, 53]]
[[3,13,6,29,33,64],[4, 34, 52, 9, 53]]
[[4,8,13,40,24,47],[4, 34, 9, 53, 54]]
[[5,7,11,23,15,79],[4, 35, 37, 9, 53]]
[[5,11,8,23,40,80],[4, 35, 38, 9, 53]]
[[3,3,9,27,33,45],[4, 35, 40, 9, 53]]
[[3,3,12,27,28,54],[4, 35, 42, 9, 53]]
[[3,7,18,27,23,100],[4, 35, 43, 9, 53]]
[[4,6,10,26,39,60],[4, 35, 50, 9, 53]]
[[3,5,12,25,43,44],[4, 35, 50, 9, 54]]
[[4,8,4,24,39,74],[4, 37, 38, 9, 53]]
[[5,11,20,19,25,74],[4, 37, 9, 39, 53]]
[[4,14,7,30,29,71],[4, 40, 37, 9, 53]]
[[4,8,10,24,39,68],[4, 37, 42, 9, 53]]
[[4,8,13,36,29,95],[4, 37, 43, 9, 53]]
[[5,11,20,23,15,68],[4, 37, 9, 44, 53]]
[[3,3,18,19,38,78],[4, 37, 49, 9, 53]]
[[3,9,15,29,33,93],[4, 37, 50, 9, 53]]
[[2,12,20,16,47,72],[4, 37, 50, 9, 54]]
[[2,8,8,32,32,68],[4, 37, 52, 9, 51]]
[[4,6,16,26,39,54],[4, 37, 9, 51, 53]]
[[3,5,9,41,33,71],[4, 37, 52, 9, 53]]
[[4,10,19,18,24,85],[4, 37, 9, 53, 54]]
[[5,9,14,21,30,90],[4, 38, 9, 39, 53]]
[[4,12,10,16,24,96],[4, 42, 38, 9, 53]]
[[4,12,10,36,24,72],[4, 38, 43, 9, 53]]
[[5,11,14,23,25,86],[4, 38, 9, 44, 53]]
[[3,7,12,19,48,70],[4, 38, 50, 9, 53]]
[[2,4,17,16,37,91],[4, 38, 50, 9, 54]]
[[4,6,16,14,29,84],[4, 38, 9, 51, 53]]
[[5,11,14,23,25,86],[4, 42, 9, 39, 53]]
[[5,11,17,15,40,71],[4, 43, 9, 39, 53]]
[[4,12,10,16,24,96],[4, 9, 39, 44, 53]]
[[4,10,10,26,49,88],[4, 49, 9, 39, 53]]
[[3,7,12,31,43,58],[4, 50, 9, 39, 54]]
[[3,7,9,23,43,115],[4, 52, 9, 39, 51]]
[[3,9,12,29,43,78],[4, 9, 39, 51, 53]]
[[4,14,10,22,34,74],[4, 40, 42, 9, 53]]
[[4,6,10,26,49,84],[4, 40, 43, 9, 53]]
[[5,9,14,13,40,84],[4, 40, 9, 44, 53]]
[[5,15,5,19,40,87],[4, 40, 49, 9, 53]]
[[4,8,19,20,29,101],[4, 40, 50, 9, 54]]
[[6,12,9,24,31,75],[4, 40, 9, 51, 53]]
[[5,7,11,31,40,73],[4, 40, 52, 9, 53]]
[[6,10,9,34,31,67],[4, 40, 9, 53, 54]]
[[5,9,14,21,30,90],[4, 42, 9, 44, 53]]
[[4,8,16,32,39,38],[4, 42, 50, 9, 54]]
[[4,10,13,26,29,97],[4, 42, 52, 9, 51]]
[[6,10,12,22,31,88],[4, 42, 9, 51, 53]]
[[5,11,8,31,55,56],[4, 43, 50, 9, 53]]
[[4,12,13,28,29,63],[4, 43, 50, 9, 54]]
[[4,4,10,24,49,100],[4, 43, 52, 9, 51]]
[[5,7,5,27,45,97],[4, 50, 9, 44, 54]]
[[5,11,11,27,50,59],[4, 52, 9, 44, 51]]
[[5,9,14,29,35,66],[4, 9, 44, 51, 53]]
[[3,7,15,27,43,55],[4, 49, 50, 9, 54]]
[[5,7,8,23,35,88],[4, 49, 9, 51, 53]]
[[4,6,22,30,39,66],[4, 49, 52, 9, 53]]
[[5,11,8,31,55,50],[4, 49, 9, 53, 54]]
[[3,5,15,33,43,71],[4, 50, 52, 9, 51]]
[[5,9,11,33,35,81],[4, 52, 9, 51, 53]]
[[4,14,4,26,34,80],[4, 9, 51, 53, 54]]
[[5,7,8,27,15,76],[4, 34, 35, 38, 53]]
[[4,10,7,30,49,85],[4, 34, 35, 39, 53]]
[[5,11,11,31,15,71],[4, 34, 35, 42, 53]]
[[5,11,14,27,20,92],[4, 34, 35, 43, 53]]
[[4,14,16,26,9,74],[4, 34, 35, 44, 53]]
[[5,11,5,35,45,65],[4, 34, 35, 50, 54]]
[[5,5,14,17,35,74],[4, 34, 35, 51, 53]]
[[5,13,14,21,20,94],[4, 34, 35, 53, 54]]
[[3,7,12,35,53,40],[4, 34, 37, 39, 53]]
[[6,8,18,20,31,62],[4, 34, 40, 37, 53]]
[[5,9,14,13,25,102],[4, 34, 37, 49, 53]]
[[4,6,7,30,24,81],[4, 34, 37, 51, 53]]
[[5,9,8,33,35,78],[4, 34, 37, 52, 53]]
[[4,8,19,28,29,59],[4, 34, 37, 53, 54]]
[[6,10,9,30,36,73],[4, 34, 40, 38, 53]]
[[6,14,6,34,26,38],[4, 34, 42, 38, 53]]
[[5,9,8,21,30,78],[4, 34, 38, 44, 53]]
[[5,9,17,21,25,87],[4, 34, 49, 38, 53]]
[[4,8,13,20,44,35],[4, 34, 38, 50, 54]]
[[4,12,7,32,24,57],[4, 34, 38, 51, 53]]
[[5,9,14,25,35,90],[4, 34, 38, 52, 53]]
[[4,8,16,24,34,122],[4, 34, 38, 53, 54]]
[[5,13,11,21,25,91],[4, 34, 40, 39, 53]]
[[5,9,8,21,30,78],[4, 34, 42, 39, 53]]
[[5,5,5,21,40,71],[4, 34, 43, 39, 53]]
[[6,14,6,34,26,38],[4, 34, 39, 44, 53]]
[[4,10,10,34,19,82],[4, 34, 49, 39, 53]]
[[3,7,3,15,63,91],[4, 34, 50, 39, 54]]
[[5,7,11,15,40,67],[4, 34, 39, 51, 53]]
[[4,6,16,18,44,132],[4, 34, 52, 39, 53]]
[[5,13,11,17,50,55],[4, 34, 39, 53, 54]]
[[4,6,28,10,39,72],[4, 34, 40, 42, 53]]
[[4,10,25,18,19,79],[4, 34, 40, 43, 53]]
[[3,9,12,41,28,60],[4, 34, 40, 44, 53]]
[[5,9,20,13,35,96],[4, 34, 40, 49, 53]]
[[5,7,11,31,15,79],[4, 34, 40, 52, 53]]
[[4,8,10,32,34,68],[4, 34, 40, 53, 54]]
[[5,11,14,27,35,68],[4, 34, 42, 49, 53]]
[[5,9,8,17,50,48],[4, 34, 42, 50, 53]]
[[4,12,13,28,29,57],[4, 34, 42, 50, 54]]
[[4,10,16,26,29,82],[4, 34, 42, 52, 51]]
[[5,11,11,27,55,35],[4, 34, 42, 52, 53]]
[[4,12,10,32,29,84],[4, 34, 42, 53, 54]]
[[3,9,15,33,18,99],[4, 34, 43, 44, 53]]
[[5,9,8,17,50,54],[4, 34, 49, 43, 53]]
[[5,11,20,15,35,56],[4, 34, 43, 50, 53]]
[[4,12,10,24,44,72],[4, 34, 43, 52, 51]]
[[4,12,4,24,19,66],[4, 34, 43, 51, 53]]
[[5,9,14,25,25,66],[4, 34, 43, 52, 53]]
[[4,10,13,30,29,73],[4, 34, 43, 53, 54]]
[[4,12,7,20,19,93],[4, 34, 49, 44, 53]]
[[3,7,3,15,33,55],[4, 34, 50, 44, 54]]
[[3,7,6,19,43,94],[4, 34, 52, 44, 51]]
[[5,11,11,27,25,89],[4, 34, 44, 51, 53]]
[[4,8,7,28,19,77],[4, 34, 52, 44, 53]]
[[5,13,8,17,40,88],[4, 34, 44, 53, 54]]
[[3,7,9,19,48,97],[4, 34, 49, 52, 51]]
[[3,3,9,11,33,129],[4, 34, 49, 51, 53]]
[[4,10,10,22,54,70],[4, 34, 49, 52, 53]]
[[3,9,18,25,33,66],[4, 34, 49, 53, 54]]
[[3,7,12,19,33,118],[4, 34, 50, 51, 53]]
[[2,6,8,26,27,108],[4, 34, 50, 51, 54]]
[[3,5,24,21,38,86],[4, 34, 50, 52, 54]]
[[3,5,9,29,43,41],[4, 34, 50, 53, 54]]
[[3,11,12,23,38,68],[4, 34, 52, 51, 53]]
[[2,6,5,22,37,75],[4, 34, 52, 51, 54]]
[[4,6,10,26,29,30],[4, 34, 51, 53, 54]]
[[5,15,8,27,30,60],[4, 35, 37, 38, 53]]
[[4,10,13,30,34,91],[4, 35, 37, 39, 53]]
[[5,11,11,19,25,89],[4, 35, 40, 37, 53]]
[[5,7,11,31,20,79],[4, 35, 37, 50, 54]]
[[5,11,17,23,15,83],[4, 35, 37, 52, 51]]
[[5,11,5,23,55,59],[4, 35, 37, 51, 53]]
[[4,10,13,26,19,79],[4, 35, 38, 39, 53]]
[[5,13,14,21,30,70],[4, 35, 40, 38, 53]]
[[5,9,11,25,55,57],[4, 35, 38, 43, 53]]
[[6,8,12,20,36,56],[4, 35, 38, 52, 53]]
[[5,11,5,23,45,71],[4, 35, 38, 53, 54]]
[[4,12,7,32,39,75],[4, 35, 40, 39, 53]]
[[5,9,8,33,45,72],[4, 35, 49, 39, 53]]
[[5,9,11,17,30,57],[4, 35, 52, 39, 53]]
[[6,12,15,20,21,63],[4, 35, 39, 53, 54]]
[[5,9,14,13,30,114],[4, 35, 40, 42, 53]]
[[5,9,11,37,20,81],[4, 35, 40, 43, 53]]
[[4,8,13,44,19,47],[4, 35, 40, 44, 53]]
[[4,6,19,14,49,99],[4, 35, 40, 50, 53]]
[[3,7,15,27,33,109],[4, 35, 40, 50, 54]]
[[3,9,21,25,23,81],[4, 35, 40, 51, 53]]
[[3,7,12,27,23,88],[4, 35, 40, 53, 54]]
[[5,13,8,21,40,82],[4, 35, 42, 43, 53]]
[[4,10,13,26,19,79],[4, 35, 42, 44, 53]]
[[4,6,10,18,39,36],[4, 35, 42, 49, 53]]
[[4,10,19,26,19,85],[4, 35, 42, 50, 53]]
[[3,7,15,19,53,79],[4, 35, 42, 52, 51]]
[[3,9,12,29,33,66],[4, 35, 42, 51, 53]]
[[4,6,16,22,44,90],[4, 35, 42, 52, 53]]
[[3,11,12,19,53,92],[4, 35, 42, 53, 54]]
[[4,12,4,36,34,60],[4, 35, 43, 44, 53]]
[[4,8,16,24,44,74],[4, 35, 49, 43, 53]]
[[4,8,22,16,24,92],[4, 35, 43, 50, 53]]
[[3,5,18,17,43,86],[4, 35, 43, 52, 51]]
[[3,13,12,29,28,70],[4, 35, 43, 51, 53]]
[[4,8,19,12,34,101],[4, 35, 43, 52, 53]]
[[3,5,9,17,33,113],[4, 35, 43, 53, 54]]
[[3,11,12,35,23,86],[4, 35, 49, 44, 53]]
[[3,7,12,23,53,76],[4, 35, 50, 44, 53]]
[[2,12,11,24,37,69],[4, 35, 50, 44, 54]]
[[2,8,14,16,47,92],[4, 35, 52, 44, 51]]
[[3,7,15,31,28,85],[4, 35, 52, 44, 53]]
[[4,8,13,20,44,71],[4, 35, 44, 53, 54]]
[[5,11,14,19,30,86],[4, 35, 49, 50, 53]]
[[4,10,10,30,24,52],[4, 35, 49, 50, 54]]
[[4,8,16,24,34,116],[4, 35, 49, 51, 53]]
[[4,12,4,32,29,60],[4, 35, 49, 53, 54]]
[[4,14,10,26,29,86],[4, 35, 50, 52, 51]]
[[4,6,13,26,19,69],[4, 35, 50, 51, 53]]
[[3,9,3,25,18,51],[4, 35, 50, 51, 54]]
[[5,13,8,29,35,58],[4, 35, 50, 52, 53]]
[[4,10,7,34,34,79],[4, 35, 50, 52, 54]]
[[4,10,10,18,49,70],[4, 35, 50, 53, 54]]
[[4,12,13,24,24,81],[4, 35, 52, 51, 53]]
[[3,7,6,7,53,40],[4, 35, 52, 51, 54]]
[[5,11,11,27,25,89],[4, 35, 51, 53, 54]]
[[6,12,12,24,31,60],[4, 37, 38, 43, 53]]
[[4,10,7,22,59,85],[4, 37, 38, 50, 54]]
[[4,8,7,20,44,77],[4, 37, 38, 51, 53]]
[[4,12,10,20,34,84],[4, 37, 38, 53, 54]]
[[5,15,5,19,40,87],[4, 37, 43, 39, 53]]
[[4,6,10,26,49,84],[4, 37, 49, 39, 53]]
[[3,9,12,29,38,96],[4, 37, 50, 39, 54]]
[[3,9,12,29,38,90],[4, 37, 52, 39, 51]]
[[5,11,11,27,25,89],[4, 37, 39, 51, 53]]
[[4,8,7,44,29,77],[4, 37, 52, 39, 53]]
[[5,9,23,17,35,51],[4, 37, 39, 53, 54]]
[[4,10,10,26,49,88],[4, 40, 37, 43, 53]]
[[3,9,12,45,38,48],[4, 40, 37, 44, 53]]
[[5,11,17,15,40,71],[4, 40, 37, 49, 53]]
[[5,9,11,29,15,93],[4, 40, 37, 50, 53]]
[[4,12,16,24,19,96],[4, 40, 37, 52, 51]]
[[4,10,19,34,19,61],[4, 40, 37, 51, 53]]
[[5,11,11,27,30,89],[4, 40, 37, 52, 53]]
[[4,10,13,22,54,61],[4, 40, 37, 53, 54]]
[[4,8,16,12,44,86],[4, 37, 42, 43, 53]]
[[5,11,8,27,20,86],[4, 37, 42, 50, 53]]
[[4,6,4,22,24,60],[4, 37, 42, 50, 54]]
[[4,12,7,28,24,69],[4, 37, 42, 51, 53]]
[[3,11,9,15,18,77],[4, 37, 43, 44, 53]]
[[4,10,4,34,49,106],[4, 37, 43, 50, 54]]
[[4,10,10,34,39,76],[4, 37, 43, 52, 51]]
[[4,4,4,20,19,70],[4, 37, 43, 51, 53]]
[[4,8,10,16,39,80],[4, 37, 50, 44, 53]]
[[3,5,6,41,23,68],[4, 37, 52, 44, 51]]
[[5,11,11,27,35,65],[4, 37, 44, 51, 53]]
[[4,10,13,14,44,55],[4, 37, 49, 50, 53]]
[[3,7,9,15,53,43],[4, 37, 49, 52, 51]]
[[3,13,15,29,8,85],[4, 37, 49, 51, 53]]
[[4,10,16,18,24,100],[4, 37, 49, 52, 53]]
[[3,3,18,19,43,102],[4, 37, 49, 53, 54]]
[[3,5,12,13,38,134],[4, 37, 50, 52, 51]]
[[2,6,14,18,37,72],[4, 37, 50, 51, 54]]
[[4,6,13,22,34,111],[4, 37, 50, 52, 53]]
[[3,9,9,13,53,93],[4, 37, 50, 53, 54]]
[[3,7,12,19,38,106],[4, 37, 52, 51, 53]]
[[2,10,8,34,27,64],[4, 37, 52, 51, 54]]
[[4,8,22,16,29,110],[4, 37, 51, 53, 54]]
[[5,9,8,29,50,54],[4, 40, 38, 39, 53]]
[[5,7,11,31,25,85],[4, 38, 43, 39, 53]]
[[4,8,4,12,34,56],[4, 49, 38, 39, 53]]
[[3,9,6,17,23,66],[4, 38, 50, 39, 54]]
[[3,11,12,31,23,68],[4, 38, 52, 39, 51]]
[[5,11,20,11,20,98],[4, 38, 39, 51, 53]]
[[4,10,7,26,19,85],[4, 38, 52, 39, 53]]
[[4,8,19,16,39,83],[4, 40, 42, 38, 53]]
[[5,11,14,19,25,98],[4, 40, 49, 38, 53]]
[[5,9,14,17,40,60],[4, 40, 38, 50, 53]]
[[4,8,22,12,19,110],[4, 40, 38, 50, 54]]
[[4,8,10,32,34,56],[4, 40, 38, 52, 51]]
[[5,11,17,23,20,77],[4, 40, 38, 52, 53]]
[[4,10,16,14,39,52],[4, 40, 38, 53, 54]]
[[4,6,10,14,34,78],[4, 42, 38, 43, 53]]
[[3,7,9,23,33,85],[4, 42, 38, 44, 53]]
[[5,7,8,23,70,52],[4, 42, 49, 38, 53]]
[[5,9,14,29,25,60],[4, 42, 38, 52, 53]]
[[4,16,7,24,34,67],[4, 42, 38, 53, 54]]
[[4,10,13,26,29,85],[4, 38, 43, 53, 54]]
[[4,8,7,24,64,77],[4, 49, 38, 44, 53]]
[[4,10,13,26,29,97],[4, 38, 52, 44, 53]]
[[4,8,13,28,49,77],[4, 49, 38, 50, 53]]
[[3,13,15,33,18,67],[4, 49, 38, 50, 54]]
[[3,9,21,25,18,93],[4, 49, 38, 52, 51]]
[[3,5,21,13,23,65],[4, 49, 38, 51, 53]]
[[4,8,16,32,34,56],[4, 49, 38, 52, 53]]
[[3,5,6,25,23,68],[4, 49, 38, 53, 54]]
[[3,7,9,23,58,55],[4, 38, 50, 52, 51]]
[[3,3,12,23,33,108],[4, 38, 50, 51, 53]]
[[2,4,5,24,22,91],[4, 38, 50, 51, 54]]
[[4,8,16,24,29,68],[4, 38, 50, 52, 53]]
[[3,7,6,19,33,118],[4, 38, 50, 52, 54]]
[[3,7,18,27,43,52],[4, 38, 50, 53, 54]]
[[3,11,9,23,33,71],[4, 38, 52, 51, 53]]
[[2,4,5,12,22,109],[4, 38, 52, 51, 54]]
[[3,3,18,19,38,78],[4, 40, 43, 39, 53]]
[[4,8,19,16,39,83],[4, 40, 39, 44, 53]]
[[4,8,13,36,29,95],[4, 40, 49, 39, 53]]
[[4,10,16,30,24,82],[4, 40, 50, 39, 53]]
[[3,11,12,35,33,80],[4, 40, 50, 39, 54]]
[[3,9,9,41,28,57],[4, 40, 52, 39, 51]]
[[5,11,17,19,20,101],[4, 40, 39, 51, 53]]
[[4,12,7,28,24,93],[4, 40, 52, 39, 53]]
[[5,11,11,27,40,59],[4, 40, 39, 53, 54]]
[[4,8,19,24,44,71],[4, 42, 39, 44, 53]]
[[4,8,7,24,64,77],[4, 42, 49, 39, 53]]
[[4,10,13,26,29,97],[4, 42, 52, 39, 53]]
[[4,6,10,14,34,78],[4, 43, 39, 44, 53]]
[[4,14,7,30,29,71],[4, 49, 43, 39, 53]]
[[4,8,7,20,49,53],[4, 43, 52, 39, 53]]
[[5,7,8,23,60,70],[4, 43, 39, 53, 54]]
[[5,7,8,23,70,52],[4, 49, 39, 44, 53]]
[[5,9,14,29,25,60],[4, 52, 39, 44, 53]]
[[4,16,7,24,34,67],[4, 39, 44, 53, 54]]
[[3,11,18,15,43,68],[4, 49, 50, 39, 53]]
[[2,6,14,18,27,108],[4, 49, 50, 39, 54]]
[[4,6,10,14,39,108],[4, 49, 39, 51, 53]]
[[3,11,9,23,38,77],[4, 49, 52, 39, 53]]
[[4,8,7,24,49,71],[4, 49, 39, 53, 54]]
[[3,7,9,23,33,103],[4, 50, 39, 51, 54]]
[[3,7,6,31,23,76],[4, 50, 52, 39, 53]]
[[2,4,8,16,27,100],[4, 50, 52, 39, 54]]
[[4,6,10,46,24,78],[4, 50, 39, 53, 54]]
[[4,8,19,24,34,89],[4, 52, 39, 51, 53]]
[[3,7,9,27,28,61],[4, 52, 39, 51, 54]]
[[3,9,15,21,58,45],[4, 39, 51, 53, 54]]
[[5,9,8,29,50,54],[4, 40, 42, 44, 53]]
[[5,7,23,11,55,79],[4, 40, 42, 50, 53]]
[[4,8,13,28,29,95],[4, 40, 42, 52, 51]]
[[5,11,5,23,40,71],[4, 40, 43, 44, 53]]
[[5,11,20,19,25,74],[4, 40, 49, 43, 53]]
[[4,12,10,36,24,72],[4, 40, 43, 51, 53]]
[[5,11,14,19,30,98],[4, 40, 43, 52, 53]]
[[4,8,10,8,24,86],[4, 40, 43, 53, 54]]
[[4,12,13,28,29,93],[4, 40, 50, 44, 53]]
[[3,9,9,41,33,69],[4, 40, 52, 44, 51]]
[[5,11,11,31,40,53],[4, 40, 49, 53, 54]]
[[4,12,7,32,44,81],[4, 40, 50, 51, 54]]
[[5,7,11,31,25,85],[4, 42, 43, 44, 53]]
[[5,11,8,31,35,92],[4, 42, 43, 50, 53]]
[[4,12,7,36,39,57],[4, 42, 43, 50, 54]]
[[4,10,13,22,29,79],[4, 42, 43, 51, 53]]
[[4,10,13,18,19,109],[4, 42, 43, 53, 54]]
[[4,8,4,12,34,56],[4, 42, 49, 44, 53]]
[[3,9,6,17,23,66],[4, 42, 50, 44, 54]]
[[3,11,12,31,23,68],[4, 42, 52, 44, 51]]
[[5,11,20,11,20,98],[4, 42, 44, 51, 53]]
[[4,10,7,26,19,85],[4, 42, 52, 44, 53]]
[[5,7,20,15,35,82],[4, 42, 49, 52, 51]]
[[5,13,11,21,25,91],[4, 42, 50, 51, 53]]
[[6,8,9,28,56,53],[4, 42, 50, 52, 53]]
[[5,5,5,21,40,71],[4, 42, 50, 53, 54]]
[[4,16,7,20,34,79],[4, 42, 52, 51, 54]]
[[4,8,4,28,39,86],[4, 49, 43, 44, 53]]
[[4,8,13,20,49,65],[4, 43, 50, 44, 53]]
[[3,11,15,27,23,83],[4, 43, 50, 44, 54]]
[[3,11,12,27,33,86],[4, 43, 52, 44, 51]]
[[5,13,14,21,25,82],[4, 43, 44, 51, 53]]
[[4,10,7,26,34,109],[4, 43, 52, 44, 53]]
[[5,11,11,15,55,53],[4, 43, 44, 53, 54]]
[[5,9,20,17,30,90],[4, 49, 43, 51, 53]]
[[6,12,12,20,41,36],[4, 49, 43, 52, 53]]
[[5,11,8,31,30,92],[4, 49, 43, 53, 54]]
[[5,7,14,27,40,70],[4, 43, 52, 51, 53]]
[[6,10,9,30,26,73],[4, 43, 51, 53, 54]]
[[5,7,11,27,25,79],[4, 49, 50, 44, 53]]
[[4,14,10,22,44,68],[4, 49, 52, 44, 51]]
[[5,11,5,23,45,71],[4, 50, 52, 44, 53]]
[[5,7,11,31,20,79],[4, 52, 44, 51, 54]]
[[3,9,9,25,43,63],[4, 49, 50, 51, 54]]
[[4,14,10,26,29,68],[4, 49, 50, 52, 54]]
[[4,8,13,20,39,107],[4, 49, 52, 51, 53]]
[[3,15,9,27,28,69],[4, 49, 52, 51, 54]]
[[5,9,8,21,25,90],[4, 49, 51, 53, 54]]
[[4,6,4,22,39,84],[4, 50, 52, 51, 53]]
[[6,12,15,24,16,63],[34, 5, 7, 8, 53]]
[[6,10,18,10,41,76],[5, 7, 8, 38, 53]]
[[4,10,16,26,19,94],[5, 40, 7, 8, 53]]
[[4,6,13,30,29,63],[5, 7, 42, 8, 53]]
[[4,6,16,26,39,84],[5, 7, 8, 43, 53]]
[[5,11,11,27,35,65],[5, 7, 49, 8, 53]]
[[4,10,13,34,24,67],[5, 7, 8, 50, 54]]
[[4,12,10,28,44,60],[5, 7, 8, 52, 51]]
[[4,12,7,24,39,75],[5, 7, 8, 51, 53]]
[[5,9,8,21,45,72],[5, 7, 8, 52, 53]]
[[4,12,16,32,14,66],[5, 7, 8, 53, 54]]
[[4,10,16,30,29,58],[5, 35, 7, 9, 53]]
[[5,9,14,21,30,102],[5, 7, 38, 9, 53]]
[[6,12,15,20,21,63],[5, 7, 9, 39, 53]]
[[3,3,9,47,33,75],[5, 40, 7, 9, 53]]
[[3,9,9,21,33,51],[5, 7, 43, 9, 53]]
[[4,14,13,22,14,95],[5, 7, 50, 9, 53]]
[[3,9,3,17,43,87],[5, 7, 50, 9, 54]]
[[3,13,3,29,43,79],[5, 7, 52, 9, 51]]
[[5,13,5,37,35,49],[5, 7, 9, 51, 53]]
[[5,11,11,31,15,71],[5, 7, 9, 53, 54]]
[[5,13,14,29,10,58],[34, 5, 7, 37, 53]]
[[5,13,8,29,25,70],[34, 5, 7, 38, 53]]
[[5,13,8,29,35,58],[34, 5, 40, 7, 53]]
[[5,11,14,31,20,50],[34, 5, 7, 42, 53]]
[[5,7,8,27,40,64],[34, 5, 7, 50, 54]]
[[5,11,8,35,35,62],[34, 5, 7, 52, 51]]
[[5,13,11,21,35,73],[34, 5, 7, 51, 53]]
[[4,6,13,30,29,63],[5, 35, 7, 37, 53]]
[[4,6,16,14,34,114],[5, 35, 7, 38, 53]]
[[5,7,11,31,15,79],[5, 35, 7, 50, 53]]
[[4,8,16,24,29,98],[5, 7, 37, 39, 53]]
[[5,13,8,29,40,52],[5, 7, 37, 43, 53]]
[[4,10,10,34,29,88],[5, 7, 37, 44, 53]]
[[6,12,18,12,16,96],[5, 7, 37, 50, 53]]
[[5,7,17,19,45,73],[5, 7, 37, 52, 51]]
[[5,15,11,27,10,69],[5, 7, 42, 38, 53]]
[[6,10,15,18,36,61],[5, 7, 38, 50, 53]]
[[5,9,11,33,35,63],[5, 7, 38, 52, 51]]
[[4,12,16,28,19,78],[5, 7, 43, 39, 53]]
[[5,15,11,27,10,69],[5, 7, 39, 44, 53]]
[[5,7,11,27,25,79],[5, 7, 50, 39, 53]]
[[4,6,10,34,44,66],[5, 7, 52, 39, 51]]
[[5,13,11,29,20,79],[5, 40, 7, 42, 53]]
[[5,11,11,19,40,53],[5, 40, 7, 43, 53]]
[[4,8,10,44,19,62],[5, 40, 7, 49, 53]]
[[3,7,12,35,28,64],[5, 40, 7, 50, 54]]
[[3,5,21,21,43,71],[5, 40, 7, 52, 51]]
[[3,5,6,29,23,74],[5, 40, 7, 51, 53]]
[[4,6,19,14,49,99],[5, 40, 7, 52, 53]]
[[3,11,9,35,33,53],[5, 40, 7, 53, 54]]
[[4,6,13,30,29,39],[5, 7, 42, 49, 53]]
[[4,6,13,22,19,75],[5, 7, 42, 50, 53]]
[[3,9,21,29,23,87],[5, 7, 42, 50, 54]]
[[3,7,15,19,48,103],[5, 7, 42, 52, 51]]
[[3,9,9,29,43,69],[5, 7, 42, 51, 53]]
[[4,14,16,18,19,80],[5, 7, 42, 52, 53]]
[[3,3,6,27,28,90],[5, 7, 42, 53, 54]]
[[4,10,10,30,29,82],[5, 7, 49, 43, 53]]
[[4,10,19,22,24,91],[5, 7, 43, 50, 53]]
[[3,7,15,23,38,115],[5, 7, 43, 52, 51]]
[[3,7,12,31,38,52],[5, 7, 43, 51, 53]]
[[4,6,16,10,39,96],[5, 7, 43, 52, 53]]
[[3,7,12,19,38,106],[5, 7, 43, 53, 54]]
[[3,7,15,31,38,91],[5, 7, 49, 44, 53]]
[[3,7,12,31,33,76],[5, 7, 50, 44, 53]]
[[2,4,8,28,62,40],[5, 7, 52, 44, 51]]
[[4,8,13,32,39,71],[5, 7, 44, 51, 53]]
[[3,3,9,27,38,81],[5, 7, 52, 44, 53]]
[[4,10,13,34,24,67],[5, 7, 49, 50, 54]]
[[4,8,16,20,34,110],[5, 7, 49, 52, 51]]
[[4,4,10,28,39,94],[5, 7, 49, 51, 53]]
[[4,6,10,14,44,96],[5, 7, 50, 52, 54]]
[[4,6,13,10,29,69],[5, 7, 50, 53, 54]]
[[4,12,13,20,29,87],[5, 7, 52, 51, 53]]
[[3,7,12,31,28,88],[5, 7, 52, 51, 54]]
[[5,11,8,19,40,86],[5, 7, 51, 53, 54]]
[[5,5,17,21,50,83],[34, 5, 8, 9, 53]]
[[4,10,13,38,24,43],[5, 35, 8, 9, 53]]
[[5,9,14,37,10,66],[5, 37, 8, 9, 53]]
[[3,7,6,31,18,70],[5, 40, 8, 9, 53]]
[[3,5,12,37,33,62],[5, 42, 8, 9, 53]]
[[4,12,7,28,34,81],[5, 49, 8, 9, 53]]
[[4,14,7,30,39,71],[5, 8, 50, 9, 53]]
[[3,7,6,19,43,94],[5, 8, 50, 9, 54]]
[[3,11,12,35,38,68],[5, 8, 52, 9, 51]]
[[4,10,16,26,19,94],[34, 5, 35, 8, 53]]
[[5,13,11,29,20,79],[34, 5, 37, 8, 53]]
[[5,11,14,27,25,74],[34, 5, 8, 38, 53]]
[[4,14,10,26,24,74],[34, 5, 8, 39, 53]]
[[5,11,20,15,20,92],[34, 5, 8, 43, 53]]
[[5,9,14,37,10,66],[34, 5, 8, 53, 54]]
[[4,6,13,22,34,111],[5, 35, 37, 8, 53]]
[[4,8,19,24,34,65],[5, 35, 8, 38, 53]]
[[3,11,18,27,13,92],[5, 35, 8, 39, 53]]
[[6,12,15,24,16,63],[5, 35, 40, 8, 53]]
[[6,8,9,28,56,53],[5, 35, 42, 8, 53]]
[[5,11,5,23,45,71],[5, 35, 8, 44, 53]]
[[5,9,17,21,45,63],[5, 35, 49, 8, 53]]
[[4,10,13,34,24,67],[5, 35, 8, 50, 54]]
[[4,4,10,32,19,70],[5, 35, 8, 51, 53]]
[[5,11,8,27,20,86],[5, 35, 8, 52, 53]]
[[4,6,13,26,44,75],[5, 35, 8, 53, 54]]
[[5,11,14,31,20,50],[5, 40, 37, 8, 53]]
[[5,13,8,29,35,58],[5, 37, 42, 8, 53]]
[[4,12,10,20,34,84],[5, 37, 8, 44, 53]]
[[6,8,15,28,26,65],[5, 37, 49, 8, 53]]
[[5,9,20,17,40,78],[5, 37, 8, 50, 54]]
[[5,9,11,29,35,69],[5, 37, 8, 51, 53]]
[[5,9,17,17,35,81],[5, 40, 8, 38, 53]]
[[4,6,10,18,19,78],[5, 8, 38, 44, 53]]
[[6,8,12,20,36,86],[5, 49, 8, 38, 53]]
[[5,7,17,19,50,85],[5, 8, 38, 51, 53]]
[[6,12,12,20,31,72],[5, 8, 38, 52, 53]]
[[5,5,17,13,50,77],[5, 8, 38, 53, 54]]
[[4,8,13,28,54,47],[5, 40, 8, 39, 53]]
[[4,6,10,18,19,78],[5, 42, 8, 39, 53]]
[[4,10,13,18,49,61],[5, 8, 43, 39, 53]]
[[5,9,11,21,40,81],[5, 49, 8, 39, 53]]
[[4,6,7,30,44,81],[5, 8, 50, 39, 54]]
[[5,9,8,29,55,72],[5, 8, 52, 39, 53]]
[[6,14,9,22,26,77],[5, 8, 39, 53, 54]]
[[5,13,14,29,10,58],[5, 40, 42, 8, 53]]
[[5,9,14,13,25,114],[5, 40, 8, 43, 53]]
[[4,12,7,28,34,93],[5, 40, 8, 44, 53]]
[[4,12,19,20,29,57],[5, 40, 8, 50, 53]]
[[3,7,24,23,18,112],[5, 40, 8, 50, 54]]
[[3,5,9,41,33,77],[5, 40, 8, 51, 53]]
[[3,11,9,23,53,83],[5, 40, 8, 53, 54]]
[[5,11,5,31,35,77],[5, 42, 8, 43, 53]]
[[4,6,13,34,29,57],[5, 42, 49, 8, 53]]
[[4,6,16,22,44,90],[5, 42, 8, 50, 53]]
[[3,9,21,25,23,81],[5, 42, 8, 52, 51]]
[[3,11,12,35,28,86],[5, 42, 8, 51, 53]]
[[4,10,19,26,19,85],[5, 42, 8, 52, 53]]
[[3,5,12,29,48,62],[5, 42, 8, 53, 54]]
[[4,6,13,18,49,129],[5, 8, 43, 44, 53]]
[[4,8,22,24,24,86],[5, 49, 8, 43, 53]]
[[4,8,22,12,29,92],[5, 8, 43, 50, 53]]
[[3,7,18,27,23,94],[5, 8, 43, 50, 54]]
[[3,7,24,19,33,76],[5, 8, 43, 52, 51]]
[[4,8,13,12,44,77],[5, 8, 43, 52, 53]]
[[3,11,15,23,53,41],[5, 8, 43, 53, 54]]
[[3,7,9,35,28,61],[5, 49, 8, 44, 53]]
[[3,7,15,31,28,85],[5, 8, 50, 44, 53]]
[[2,6,11,22,27,63],[5, 8, 50, 44, 54]]
[[2,2,17,26,42,119],[5, 8, 52, 44, 51]]
[[3,7,12,23,53,76],[5, 8, 52, 44, 53]]
[[4,10,10,30,34,88],[5, 8, 50, 52, 51]]
[[4,10,19,18,9,115],[5, 8, 50, 51, 53]]
[[3,7,6,15,28,88],[5, 8, 50, 51, 54]]
[[3,3,9,47,33,75],[34, 5, 35, 9, 53]]
[[4,10,10,30,34,106],[34, 5, 37, 9, 53]]
[[4,8,13,28,19,77],[34, 5, 38, 9, 53]]
[[4,10,16,30,29,58],[34, 5, 40, 9, 53]]
[[4,10,13,34,19,67],[34, 5, 42, 9, 53]]
[[5,11,11,31,40,53],[34, 5, 49, 9, 53]]
[[5,11,8,31,45,56],[34, 5, 52, 9, 53]]
[[6,10,12,26,26,76],[34, 5, 9, 53, 54]]
[[3,5,12,37,33,62],[5, 35, 37, 9, 53]]
[[4,6,13,14,24,45],[5, 35, 9, 39, 53]]
[[5,9,14,37,10,66],[5, 35, 42, 9, 53]]
[[5,11,8,23,25,110],[5, 35, 43, 9, 53]]
[[6,8,12,24,31,68],[5, 35, 9, 44, 53]]
[[4,8,7,28,39,65],[5, 35, 50, 9, 53]]
[[3,7,9,39,43,61],[5, 35, 52, 9, 51]]
[[4,10,13,38,24,43],[5, 37, 42, 9, 53]]
[[4,12,10,16,59,72],[5, 37, 43, 9, 53]]
[[5,9,17,9,30,105],[5, 37, 9, 44, 53]]
[[5,11,8,31,45,56],[5, 37, 50, 9, 53]]
[[4,6,7,26,29,57],[5, 37, 52, 9, 51]]
[[5,7,20,19,45,64],[5, 38, 9, 39, 53]]
[[4,8,10,24,39,80],[5, 42, 38, 9, 53]]
[[4,10,10,26,39,76],[5, 38, 43, 9, 53]]
[[5,11,17,15,25,95],[5, 38, 9, 44, 53]]
[[5,11,17,15,25,95],[5, 42, 9, 39, 53]]
[[4,8,10,24,39,80],[5, 9, 39, 44, 53]]
[[6,12,9,20,46,57],[5, 50, 9, 39, 53]]
[[4,12,10,24,29,90],[5, 40, 42, 9, 53]]
[[4,10,7,30,14,79],[5, 40, 43, 9, 53]]
[[3,5,12,21,23,68],[5, 40, 49, 9, 53]]
[[2,12,11,36,47,57],[5, 40, 50, 9, 54]]
[[2,4,11,16,22,103],[5, 40, 52, 9, 51]]
[[3,13,15,29,23,73],[5, 40, 52, 9, 53]]
[[4,8,10,24,24,56],[5, 40, 9, 53, 54]]
[[5,7,20,19,45,64],[5, 42, 9, 44, 53]]
[[3,5,12,33,38,62],[5, 42, 49, 9, 53]]
[[3,7,21,23,23,115],[5, 42, 50, 9, 53]]
[[2,4,11,20,22,115],[5, 42, 50, 9, 54]]
[[2,8,11,20,27,77],[5, 42, 52, 9, 51]]
[[4,10,16,34,24,64],[5, 42, 9, 51, 53]]
[[3,7,9,15,58,85],[5, 42, 52, 9, 53]]
[[4,6,16,26,34,66],[5, 42, 9, 53, 54]]
[[5,7,11,19,25,91],[5, 43, 9, 44, 53]]
[[3,11,15,27,18,89],[5, 43, 50, 9, 53]]
[[2,4,11,12,37,73],[5, 43, 52, 9, 51]]
[[4,8,13,28,39,83],[5, 43, 9, 51, 53]]
[[4,8,10,20,59,80],[5, 50, 9, 44, 53]]
[[3,7,12,23,48,76],[5, 50, 9, 44, 54]]
[[3,7,9,27,33,127],[5, 9, 44, 53, 54]]
[[4,4,7,24,44,109],[5, 49, 52, 9, 53]]
[[5,9,14,25,35,66],[5, 49, 9, 53, 54]]
[[3,7,9,31,23,97],[5, 50, 52, 9, 51]]
[[5,11,8,19,50,68],[5, 50, 9, 51, 53]]
[[4,8,4,24,54,86],[5, 50, 9, 51, 54]]
[[5,13,11,29,20,79],[34, 5, 35, 42, 53]]
[[5,11,11,19,40,53],[34, 5, 35, 43, 53]]
[[4,8,10,44,19,62],[34, 5, 35, 49, 53]]
[[3,7,12,35,28,64],[34, 5, 35, 50, 54]]
[[3,5,21,21,43,71],[34, 5, 35, 52, 51]]
[[3,5,6,29,23,74],[34, 5, 35, 51, 53]]
[[4,6,19,14,49,99],[34, 5, 35, 52, 53]]
[[3,11,9,35,33,53],[34, 5, 35, 53, 54]]
[[4,6,13,30,29,63],[34, 5, 40, 37, 53]]
[[4,10,16,26,19,94],[34, 5, 37, 42, 53]]
[[5,11,14,27,20,86],[34, 5, 37, 49, 53]]
[[5,7,23,11,55,79],[34, 5, 37, 52, 53]]
[[4,6,7,34,34,105],[34, 5, 37, 53, 54]]
[[4,6,16,14,34,114],[34, 5, 40, 38, 53]]
[[4,8,13,28,34,101],[34, 5, 38, 43, 53]]
[[5,11,14,19,30,98],[34, 5, 38, 50, 53]]
[[4,6,13,18,49,117],[34, 5, 38, 52, 51]]
[[4,14,7,34,34,59],[34, 5, 38, 51, 53]]
[[4,4,13,16,29,49],[34, 5, 50, 39, 53]]
[[3,9,21,21,23,75],[34, 5, 50, 39, 54]]
[[3,7,9,27,48,67],[34, 5, 52, 39, 51]]
[[5,7,11,31,15,79],[34, 5, 40, 50, 53]]
[[6,10,12,22,31,64],[34, 5, 42, 43, 53]]
[[5,13,11,21,25,97],[34, 5, 42, 49, 53]]
[[5,11,11,27,30,89],[34, 5, 42, 50, 53]]
[[4,12,10,32,29,72],[34, 5, 42, 52, 51]]
[[4,12,13,36,19,51],[34, 5, 42, 51, 53]]
[[5,9,11,29,15,93],[34, 5, 42, 52, 53]]
[[4,10,13,38,24,43],[34, 5, 42, 53, 54]]
[[5,9,17,29,25,81],[34, 5, 43, 44, 53]]
[[5,9,23,17,35,51],[34, 5, 49, 43, 53]]
[[5,11,17,23,20,77],[34, 5, 43, 50, 53]]
[[4,10,16,30,24,88],[34, 5, 43, 50, 54]]
[[4,8,10,28,39,98],[34, 5, 43, 52, 51]]
[[4,10,4,30,54,82],[34, 5, 43, 51, 53]]
[[5,9,14,17,40,60],[34, 5, 43, 52, 53]]
[[4,6,10,26,49,84],[34, 5, 43, 53, 54]]
[[4,10,10,18,34,64],[34, 5, 49, 44, 53]]
[[4,8,7,28,39,113],[34, 5, 50, 44, 53]]
[[3,7,18,27,43,46],[34, 5, 50, 44, 54]]
[[3,13,6,37,38,52],[34, 5, 52, 44, 51]]
[[4,10,7,34,19,61],[34, 5, 52, 44, 53]]
[[5,15,11,27,10,69],[34, 5, 44, 53, 54]]
[[5,11,11,23,30,95],[34, 5, 50, 51, 53]]
[[6,10,12,26,26,76],[34, 5, 50, 52, 53]]
[[5,11,11,31,40,53],[34, 5, 50, 53, 54]]
[[4,12,7,32,44,81],[34, 5, 52, 51, 54]]
[[4,6,10,18,19,78],[5, 35, 37, 39, 53]]
[[5,13,14,29,10,58],[5, 35, 40, 37, 53]]
[[5,11,5,31,35,77],[5, 35, 37, 43, 53]]
[[4,6,13,34,29,57],[5, 35, 37, 49, 53]]
[[4,6,16,22,44,90],[5, 35, 37, 50, 53]]
[[3,9,21,25,23,81],[5, 35, 37, 52, 51]]
[[3,11,12,35,28,86],[5, 35, 37, 51, 53]]
[[4,10,19,26,19,85],[5, 35, 37, 52, 53]]
[[3,5,12,29,48,62],[5, 35, 37, 53, 54]]
[[4,12,10,20,34,84],[5, 35, 38, 39, 53]]
[[5,13,8,29,25,70],[5, 35, 40, 38, 53]]
[[4,8,13,24,49,35],[5, 35, 49, 38, 53]]
[[4,8,19,12,34,101],[5, 35, 38, 50, 53]]
[[3,7,9,15,53,55],[5, 35, 38, 52, 51]]
[[3,7,15,23,33,91],[5, 35, 38, 51, 53]]
[[4,8,22,16,24,92],[5, 35, 38, 52, 53]]
[[3,3,6,27,23,42],[5, 35, 38, 53, 54]]
[[3,9,9,29,43,105],[5, 35, 50, 39, 53]]
[[2,6,11,26,57,57],[5, 35, 50, 39, 54]]
[[2,8,8,24,42,74],[5, 35, 52, 39, 51]]
[[4,6,10,14,44,66],[5, 35, 39, 51, 53]]
[[3,9,18,29,18,102],[5, 35, 52, 39, 53]]
[[4,12,13,32,19,69],[5, 35, 39, 53, 54]]
[[5,11,14,31,20,50],[5, 35, 40, 42, 53]]
[[5,7,8,27,40,64],[5, 35, 40, 50, 54]]
[[5,11,8,35,35,62],[5, 35, 40, 52, 51]]
[[5,13,11,21,35,73],[5, 35, 40, 51, 53]]
[[4,12,10,20,34,84],[5, 35, 42, 44, 53]]
[[6,8,15,28,26,65],[5, 35, 42, 49, 53]]
[[5,9,20,17,40,78],[5, 35, 42, 50, 54]]
[[5,9,11,29,35,69],[5, 35, 42, 51, 53]]
[[4,8,13,28,44,77],[5, 35, 43, 44, 53]]
[[6,8,12,20,36,56],[5, 35, 43, 50, 53]]
[[5,9,14,21,35,78],[5, 35, 43, 52, 51]]
[[5,13,11,29,20,73],[5, 35, 49, 44, 53]]
[[4,8,10,20,44,104],[5, 35, 50, 44, 54]]
[[6,12,9,36,16,57],[5, 35, 44, 51, 53]]
[[4,10,7,34,34,79],[5, 35, 49, 50, 54]]
[[4,14,10,26,29,86],[5, 35, 49, 52, 51]]
[[4,12,13,24,24,81],[5, 35, 49, 51, 53]]
[[5,11,14,19,30,86],[5, 35, 49, 52, 53]]
[[4,10,10,18,49,70],[5, 35, 49, 53, 54]]
[[4,10,7,18,39,73],[5, 35, 50, 51, 53]]
[[3,7,6,7,53,40],[5, 35, 50, 51, 54]]
[[4,10,10,30,24,52],[5, 35, 50, 52, 54]]
[[4,12,4,32,29,60],[5, 35, 50, 53, 54]]
[[4,8,16,24,34,116],[5, 35, 52, 51, 53]]
[[3,9,3,25,18,51],[5, 35, 52, 51, 54]]
[[5,11,11,27,25,89],[5, 35, 51, 53, 54]]
[[5,11,5,23,45,71],[5, 37, 38, 39, 53]]
[[4,10,16,14,24,82],[5, 40, 37, 38, 53]]
[[4,8,19,24,34,65],[5, 37, 42, 38, 53]]
[[4,10,19,26,19,97],[5, 37, 38, 43, 53]]
[[3,11,18,27,13,92],[5, 37, 38, 44, 53]]
[[5,13,8,25,30,76],[5, 37, 49, 38, 53]]
[[4,8,10,24,39,92],[5, 37, 38, 50, 54]]
[[4,8,4,20,59,62],[5, 37, 38, 52, 51]]
[[4,10,10,34,29,70],[5, 37, 38, 51, 53]]
[[5,11,8,31,35,92],[5, 37, 38, 52, 53]]
[[4,12,13,28,29,81],[5, 37, 38, 53, 54]]
[[3,11,18,27,13,92],[5, 37, 42, 39, 53]]
[[3,5,12,21,23,68],[5, 37, 43, 39, 53]]
[[4,8,19,24,34,65],[5, 37, 39, 44, 53]]
[[4,10,7,30,14,79],[5, 37, 49, 39, 53]]
[[4,10,7,26,34,109],[5, 37, 50, 39, 53]]
[[3,9,3,33,33,75],[5, 37, 52, 39, 51]]
[[5,13,5,33,25,73],[5, 37, 39, 51, 53]]
[[4,8,13,20,49,65],[5, 37, 52, 39, 53]]
[[6,12,15,24,16,63],[5, 40, 37, 42, 53]]
[[5,11,14,19,35,80],[5, 40, 37, 44, 53]]
[[5,11,11,27,55,35],[5, 40, 37, 50, 53]]
[[4,10,16,22,34,94],[5, 40, 37, 50, 54]]
[[4,10,13,26,29,103],[5, 40, 37, 52, 51]]
[[4,14,7,26,29,77],[5, 40, 37, 51, 53]]
[[5,9,8,17,50,48],[5, 40, 37, 52, 53]]
[[4,12,7,32,29,81],[5, 40, 37, 53, 54]]
[[5,11,5,23,45,71],[5, 37, 42, 44, 53]]
[[5,9,17,21,45,63],[5, 37, 42, 49, 53]]
[[4,10,13,34,24,67],[5, 37, 42, 50, 54]]
[[4,4,10,32,19,70],[5, 37, 42, 51, 53]]
[[5,11,8,27,20,86],[5, 37, 42, 52, 53]]
[[4,6,13,26,44,75],[5, 37, 42, 53, 54]]
[[5,9,14,29,25,60],[5, 37, 43, 50, 53]]
[[4,6,13,22,34,39],[5, 37, 49, 44, 53]]
[[3,5,12,21,53,86],[5, 37, 50, 44, 54]]
[[5,11,14,23,30,56],[5, 37, 44, 51, 53]]
[[4,8,10,16,39,80],[5, 37, 52, 44, 53]]
[[5,5,5,21,40,71],[5, 37, 49, 53, 54]]
[[5,7,20,15,35,82],[5, 37, 50, 52, 51]]
[[5,11,8,31,30,92],[5, 37, 50, 51, 53]]
[[4,16,7,20,34,79],[5, 37, 50, 51, 54]]
[[3,3,9,43,28,81],[5, 40, 38, 39, 53]]
[[3,13,9,25,28,85],[5, 42, 38, 39, 53]]
[[3,7,6,31,23,76],[5, 38, 43, 39, 53]]
[[4,6,13,22,34,111],[5, 38, 39, 44, 53]]
[[4,10,4,22,29,94],[5, 49, 38, 39, 53]]
[[4,10,7,26,19,85],[5, 38, 50, 39, 53]]
[[3,5,3,25,18,65],[5, 38, 50, 39, 54]]
[[3,9,18,21,38,84],[5, 38, 52, 39, 51]]
[[5,11,11,27,25,89],[5, 38, 39, 51, 53]]
[[5,11,11,23,30,95],[5, 40, 38, 44, 53]]
[[5,11,14,15,35,80],[5, 40, 49, 38, 53]]
[[5,9,14,25,25,66],[5, 40, 38, 50, 53]]
[[4,14,7,30,39,71],[5, 40, 38, 51, 53]]
[[5,11,20,15,35,56],[5, 40, 38, 52, 53]]
[[4,6,13,18,44,87],[5, 42, 38, 50, 54]]
[[4,12,7,36,29,63],[5, 42, 38, 51, 53]]
[[4,12,16,28,14,96],[5, 42, 38, 53, 54]]
[[4,8,10,32,29,86],[5, 38, 43, 52, 51]]
[[4,8,10,28,39,50],[5, 49, 38, 44, 53]]
[[3,9,9,25,53,69],[5, 38, 50, 44, 54]]
[[5,11,14,23,35,68],[5, 38, 44, 51, 53]]
[[5,9,20,17,30,66],[5, 38, 44, 53, 54]]
[[6,12,12,20,41,36],[5, 49, 38, 50, 53]]
[[5,7,14,27,40,70],[5, 49, 38, 51, 53]]
[[6,8,12,12,46,74],[5, 38, 50, 52, 53]]
[[5,11,8,31,30,92],[5, 38, 50, 53, 54]]
[[5,9,20,17,30,90],[5, 38, 52, 51, 53]]
[[6,10,9,30,26,73],[5, 38, 51, 53, 54]]
[[5,11,11,23,30,95],[5, 40, 42, 39, 53]]
[[4,12,10,16,59,72],[5, 40, 49, 39, 53]]
[[4,14,13,30,29,35],[5, 40, 50, 39, 53]]
[[3,13,6,25,38,70],[5, 40, 50, 39, 54]]
[[3,9,3,25,18,51],[5, 40, 52, 39, 51]]
[[4,8,7,44,29,77],[5, 40, 52, 39, 53]]
[[4,8,10,28,39,50],[5, 42, 49, 39, 53]]
[[3,9,9,25,53,69],[5, 42, 50, 39, 54]]
[[5,11,14,23,35,68],[5, 42, 39, 51, 53]]
[[5,9,20,17,30,66],[5, 42, 39, 53, 54]]
[[4,8,7,20,49,53],[5, 43, 50, 39, 53]]
[[3,5,6,45,18,50],[5, 43, 52, 39, 51]]
[[4,6,13,18,44,87],[5, 50, 39, 44, 54]]
[[4,12,7,36,29,63],[5, 39, 44, 51, 53]]
[[4,12,16,28,14,96],[5, 39, 44, 53, 54]]
[[5,15,8,19,30,90],[5, 49, 50, 39, 53]]
[[4,4,4,16,39,70],[5, 49, 50, 39, 54]]
[[4,8,10,32,34,98],[5, 49, 52, 39, 51]]
[[5,7,11,31,25,85],[5, 50, 52, 39, 53]]
[[4,6,10,34,44,66],[5, 50, 52, 39, 54]]
[[6,10,9,22,41,61],[5, 50, 39, 53, 54]]
[[5,11,8,35,35,62],[5, 52, 39, 51, 54]]
[[5,11,5,23,55,59],[5, 39, 51, 53, 54]]
[[3,3,9,43,28,81],[5, 40, 42, 44, 53]]
[[5,9,8,33,35,78],[5, 40, 42, 50, 53]]
[[4,6,7,18,39,93],[5, 40, 42, 52, 51]]
[[4,8,7,40,14,65],[5, 40, 42, 51, 53]]
[[3,7,9,27,23,79],[5, 40, 43, 44, 53]]
[[5,9,14,25,35,90],[5, 40, 43, 50, 53]]
[[4,10,7,22,74,73],[5, 40, 43, 50, 54]]
[[4,10,19,26,24,67],[5, 40, 43, 52, 51]]
[[4,10,10,22,24,106],[5, 40, 50, 44, 53]]
[[3,3,9,27,33,105],[5, 40, 52, 44, 51]]
[[4,10,10,22,54,70],[5, 40, 49, 50, 53]]
[[3,5,24,21,38,86],[5, 40, 49, 50, 54]]
[[3,11,12,23,38,68],[5, 40, 49, 51, 53]]
[[3,5,9,29,43,41],[5, 40, 49, 53, 54]]
[[3,7,9,19,48,97],[5, 40, 50, 52, 51]]
[[3,7,18,23,38,100],[5, 40, 50, 51, 53]]
[[2,6,5,22,37,75],[5, 40, 50, 51, 54]]
[[4,8,22,20,39,80],[5, 40, 50, 52, 53]]
[[3,9,18,25,33,66],[5, 40, 50, 53, 54]]
[[3,3,9,11,33,129],[5, 40, 52, 51, 53]]
[[2,6,8,26,27,108],[5, 40, 52, 51, 54]]
[[4,6,10,26,29,30],[5, 40, 51, 53, 54]]
[[3,7,6,31,23,76],[5, 42, 43, 44, 53]]
[[5,11,11,23,50,47],[5, 42, 49, 43, 53]]
[[4,10,16,26,29,82],[5, 42, 43, 50, 54]]
[[4,10,13,26,44,61],[5, 42, 43, 52, 51]]
[[4,12,4,24,19,66],[5, 42, 43, 51, 53]]
[[4,10,4,22,29,94],[5, 42, 49, 44, 53]]
[[4,10,7,26,19,85],[5, 42, 50, 44, 53]]
[[3,5,3,25,18,65],[5, 42, 50, 44, 54]]
[[3,9,18,21,38,84],[5, 42, 52, 44, 51]]
[[5,11,11,27,25,89],[5, 42, 44, 51, 53]]
[[4,10,16,18,24,100],[5, 42, 49, 50, 53]]
[[3,5,12,13,38,134],[5, 42, 49, 52, 51]]
[[3,7,12,19,38,106],[5, 42, 49, 51, 53]]
[[4,10,13,14,44,55],[5, 42, 49, 52, 53]]
[[3,9,9,13,53,93],[5, 42, 49, 53, 54]]
[[3,7,9,15,53,43],[5, 42, 50, 52, 51]]
[[2,10,8,34,27,64],[5, 42, 50, 51, 54]]
[[4,10,16,22,49,40],[5, 42, 50, 52, 53]]
[[3,3,18,19,43,102],[5, 42, 50, 53, 54]]
[[3,13,15,29,8,85],[5, 42, 52, 51, 53]]
[[2,6,14,18,37,72],[5, 42, 52, 51, 54]]
[[4,8,22,16,29,110],[5, 42, 51, 53, 54]]
[[4,8,7,44,29,77],[5, 43, 50, 44, 53]]
[[3,9,3,25,28,63],[5, 43, 50, 44, 54]]
[[3,7,3,15,33,55],[5, 43, 52, 44, 51]]
[[5,15,8,23,40,60],[5, 43, 44, 51, 53]]
[[4,8,16,32,34,56],[5, 49, 43, 50, 53]]
[[3,7,6,19,33,118],[5, 49, 43, 50, 54]]
[[3,7,9,23,58,55],[5, 49, 43, 52, 51]]
[[3,11,9,23,33,71],[5, 49, 43, 51, 53]]
[[4,8,13,28,49,77],[5, 49, 43, 52, 53]]
[[3,7,18,27,43,52],[5, 49, 43, 53, 54]]
[[3,9,21,25,18,93],[5, 43, 50, 52, 51]]
[[3,5,18,17,38,128],[5, 43, 50, 51, 53]]
[[2,4,5,12,22,109],[5, 43, 50, 51, 54]]
[[4,8,19,24,44,71],[5, 43, 50, 52, 53]]
[[3,13,15,33,18,67],[5, 43, 50, 52, 54]]
[[3,5,6,25,23,68],[5, 43, 50, 53, 54]]
[[3,5,21,13,23,65],[5, 43, 52, 51, 53]]
[[2,4,5,24,22,91],[5, 43, 52, 51, 54]]
[[2,8,17,20,47,71],[5, 49, 50, 44, 54]]
[[2,12,14,20,22,78],[5, 49, 52, 44, 51]]
[[3,5,6,21,38,98],[5, 49, 52, 44, 53]]
[[4,8,13,28,24,77],[5, 49, 44, 53, 54]]
[[2,6,8,26,37,66],[5, 50, 52, 44, 51]]
[[4,6,13,26,49,81],[5, 50, 44, 51, 53]]
[[3,5,12,21,33,122],[5, 50, 44, 51, 54]]
[[2,6,8,22,47,36],[5, 50, 52, 44, 54]]
[[3,5,6,21,33,26],[5, 52, 44, 51, 54]]
[[4,10,7,22,59,79],[5, 49, 50, 52, 51]]
[[4,6,4,22,39,84],[5, 49, 50, 51, 53]]
[[3,15,9,27,28,69],[5, 49, 50, 51, 54]]
[[5,15,5,19,40,81],[5, 49, 50, 52, 53]]
[[4,10,7,42,29,73],[5, 49, 50, 52, 54]]
[[4,10,16,30,29,58],[5, 49, 50, 53, 54]]
[[4,16,10,20,29,70],[5, 49, 52, 51, 53]]
[[3,9,9,25,43,63],[5, 49, 52, 51, 54]]
[[5,9,8,21,25,90],[5, 49, 51, 53, 54]]
