[[0, 1, 4, 5, 7], [2, 4], [3, 5], [6, 7]]
[[4,12,19,20,24,75],[13, 34, 14, 49, 50, 18, 39, 44, 53]]
[[6,10,15,18,36,67],[13, 34, 14, 50, 52, 18, 39, 44, 53]]
[[7,9,13,21,47,39],[13, 34, 14, 18, 39, 44, 51, 53, 54]]
[[7,11,16,11,32,68],[13, 34, 14, 49, 50, 18, 39, 51, 53]]
[[5,7,20,7,45,88],[13, 34, 14, 49, 50, 18, 39, 53, 54]]
[[6,10,9,26,36,61],[13, 34, 14, 49, 52, 18, 39, 51, 53]]
[[5,7,20,11,30,82],[13, 34, 14, 49, 52, 18, 39, 51, 54]]
[[7,9,10,21,47,54],[13, 34, 14, 50, 52, 18, 39, 51, 53]]
[[5,9,14,17,50,72],[13, 34, 14, 40, 42, 43, 52, 18, 44]]
[[3,13,12,33,28,70],[13, 34, 14, 40, 42, 49, 43, 18, 53]]
[[4,10,13,30,24,79],[13, 34, 14, 40, 42, 43, 50, 18, 53]]
[[3,7,12,23,18,112],[13, 34, 14, 40, 42, 43, 50, 18, 54]]
[[2,12,8,24,42,84],[13, 34, 14, 40, 42, 43, 52, 18, 51]]
[[5,11,8,23,25,98],[13, 34, 14, 40, 42, 43, 52, 18, 53]]
[[5,9,11,13,30,117],[13, 34, 14, 40, 42, 49, 50, 18, 53]]
[[5,7,17,11,45,91],[13, 34, 14, 40, 42, 49, 52, 18, 54]]
[[5,9,11,29,30,57],[13, 34, 14, 40, 42, 50, 52, 18, 53]]
[[6,8,18,28,16,56],[13, 34, 14, 40, 42, 18, 51, 53, 54]]
[[5,13,5,37,35,55],[13, 34, 14, 40, 43, 18, 44, 51, 53]]
[[3,5,9,29,33,113],[13, 34, 14, 40, 43, 18, 44, 53, 54]]
[[4,8,10,8,44,68],[13, 34, 14, 40, 49, 43, 50, 18, 54]]
[[3,11,6,27,28,62],[13, 34, 14, 40, 49, 43, 52, 18, 51]]
[[5,7,8,15,25,64],[13, 34, 14, 40, 43, 50, 52, 18, 53]]
[[6,6,12,14,51,78],[13, 34, 14, 40, 43, 18, 51, 53, 54]]
[[4,10,16,30,24,76],[13, 34, 14, 40, 49, 50, 52, 18, 44]]
[[6,8,9,28,51,41],[13, 34, 14, 40, 49, 18, 44, 51, 53]]
[[5,7,20,11,40,94],[13, 34, 14, 40, 52, 18, 44, 51, 54]]
[[4,8,4,28,24,68],[13, 34, 14, 40, 49, 50, 52, 18, 53]]
[[5,5,17,21,25,71],[13, 34, 14, 40, 49, 18, 51, 53, 54]]
[[3,9,21,21,23,75],[13, 34, 14, 40, 52, 18, 51, 53, 54]]
[[2,8,5,28,27,77],[13, 34, 14, 42, 49, 43, 52, 18, 44]]
[[3,11,6,19,28,74],[13, 34, 14, 42, 43, 18, 44, 51, 53]]
[[5,7,11,27,35,67],[13, 34, 14, 42, 43, 18, 44, 53, 54]]
[[4,12,13,28,29,63],[13, 34, 14, 42, 49, 43, 50, 18, 54]]
[[5,9,8,17,35,90],[13, 34, 14, 42, 49, 43, 52, 18, 51]]
[[6,8,12,24,51,62],[13, 34, 14, 42, 49, 43, 52, 18, 53]]
[[5,7,8,23,55,76],[13, 34, 14, 42, 43, 50, 52, 18, 53]]
[[4,4,13,20,39,55],[13, 34, 14, 42, 43, 50, 52, 18, 54]]
[[4,4,13,8,24,49],[13, 34, 14, 42, 43, 18, 51, 53, 54]]
[[4,8,16,20,19,92],[13, 34, 14, 42, 49, 50, 52, 18, 44]]
[[5,11,14,31,10,74],[13, 34, 14, 42, 50, 18, 44, 53, 54]]
[[4,10,10,38,24,58],[13, 34, 14, 42, 52, 18, 44, 51, 53]]
[[5,5,14,25,15,50],[13, 34, 14, 42, 52, 18, 44, 51, 54]]
[[6,8,12,16,41,86],[13, 34, 14, 42, 49, 50, 52, 18, 53]]
[[5,7,17,11,35,79],[13, 34, 14, 42, 49, 18, 51, 53, 54]]
[[4,8,13,12,14,101],[13, 34, 14, 42, 50, 18, 51, 53, 54]]
[[1,9,7,29,31,69],[13, 34, 14, 42, 52, 18, 51, 53, 54]]
[[4,8,10,36,34,56],[13, 34, 14, 49, 43, 50, 52, 18, 44]]
[[4,10,10,34,34,82],[13, 34, 14, 49, 43, 18, 44, 51, 53]]
[[4,8,22,12,24,104],[13, 34, 14, 43, 50, 18, 44, 51, 54]]
[[7,7,16,27,32,52],[13, 34, 14, 43, 50, 18, 44, 53, 54]]
[[6,10,12,26,36,46],[13, 34, 14, 43, 52, 18, 44, 51, 53]]
[[4,6,10,30,24,66],[13, 34, 14, 43, 52, 18, 44, 53, 54]]
[[3,9,6,33,23,66],[13, 34, 14, 49, 43, 50, 52, 18, 54]]
[[4,8,16,24,34,86],[13, 34, 14, 43, 50, 18, 51, 53, 54]]
[[4,10,13,26,29,85],[13, 34, 14, 49, 50, 18, 44, 51, 53]]
[[5,9,17,21,35,57],[13, 34, 14, 49, 50, 18, 44, 51, 54]]
[[3,7,9,35,33,91],[13, 34, 14, 49, 52, 18, 44, 51, 53]]
[[4,6,13,22,49,111],[13, 34, 14, 49, 52, 18, 44, 51, 54]]
[[2,6,8,34,32,66],[13, 34, 14, 49, 52, 18, 51, 53, 54]]
[[5,9,11,21,55,63],[13, 14, 35, 37, 38, 18, 39, 51, 53]]
[[3,11,9,35,23,71],[13, 14, 35, 40, 37, 42, 38, 18, 53]]
[[5,11,11,11,45,59],[13, 14, 35, 40, 37, 38, 43, 18, 53]]
[[4,8,7,28,49,83],[13, 14, 35, 40, 37, 49, 38, 18, 53]]
[[4,8,13,20,34,125],[13, 14, 35, 40, 37, 38, 50, 18, 54]]
[[6,12,9,12,51,75],[13, 14, 35, 40, 37, 38, 52, 18, 53]]
[[2,10,5,34,27,49],[13, 14, 35, 37, 42, 38, 52, 18, 44]]
[[6,8,12,32,31,68],[13, 14, 35, 37, 42, 38, 52, 18, 53]]
[[6,8,9,28,21,89],[13, 14, 35, 37, 49, 38, 43, 18, 53]]
[[5,9,8,13,15,108],[13, 14, 35, 37, 38, 43, 50, 18, 53]]
[[5,11,11,23,25,83],[13, 14, 35, 37, 38, 43, 52, 18, 51]]
[[5,11,14,27,20,74],[13, 14, 35, 37, 38, 43, 52, 18, 54]]
[[3,11,6,27,28,62],[13, 14, 35, 37, 49, 38, 52, 18, 44]]
[[6,10,15,18,31,61],[13, 14, 35, 37, 38, 18, 44, 53, 54]]
[[3,9,12,33,23,66],[13, 14, 35, 37, 49, 38, 50, 18, 54]]
[[4,12,13,28,29,57],[13, 14, 35, 37, 49, 38, 52, 18, 51]]
[[3,7,6,35,28,58],[13, 14, 35, 37, 38, 50, 52, 18, 54]]
[[3,7,12,23,18,112],[13, 14, 35, 37, 38, 18, 51, 53, 54]]
[[4,8,10,12,39,80],[13, 14, 35, 37, 42, 18, 39, 44, 53]]
[[5,7,17,23,25,61],[13, 14, 35, 37, 42, 18, 39, 53, 54]]
[[4,10,13,30,19,91],[13, 14, 35, 37, 43, 18, 39, 44, 53]]
[[5,11,11,19,40,83],[13, 14, 35, 37, 43, 18, 39, 51, 53]]
[[5,9,11,21,35,81],[13, 14, 35, 37, 43, 18, 39, 53, 54]]
[[6,6,15,30,26,75],[13, 14, 35, 37, 52, 18, 39, 44, 54]]
[[6,10,18,30,6,34],[13, 14, 35, 37, 49, 18, 39, 51, 53]]
[[4,10,19,22,29,79],[13, 14, 35, 37, 49, 18, 39, 53, 54]]
[[4,6,22,14,39,78],[13, 14, 35, 37, 50, 18, 39, 51, 54]]
[[3,7,21,31,38,73],[13, 14, 35, 37, 50, 18, 39, 53, 54]]
[[4,6,10,14,34,102],[13, 14, 35, 37, 52, 18, 39, 51, 53]]
[[3,5,9,21,23,59],[13, 14, 35, 37, 52, 18, 39, 51, 54]]
[[5,7,11,7,25,73],[13, 14, 35, 40, 37, 42, 43, 18, 53]]
[[6,8,9,16,41,65],[13, 14, 35, 40, 37, 42, 52, 18, 44]]
[[4,6,16,18,24,72],[13, 14, 35, 40, 37, 42, 52, 18, 53]]
[[5,13,8,25,25,94],[13, 14, 35, 40, 37, 43, 50, 18, 53]]
[[3,7,12,15,13,70],[13, 14, 35, 40, 37, 43, 52, 18, 51]]
[[6,12,12,24,26,60],[13, 14, 35, 40, 37, 18, 44, 53, 54]]
[[7,11,10,31,22,50],[13, 14, 35, 40, 37, 49, 50, 18, 54]]
[[6,8,12,16,36,80],[13, 14, 35, 40, 37, 49, 52, 18, 54]]
[[7,9,16,25,27,36],[13, 14, 35, 40, 37, 18, 51, 53, 54]]
[[4,10,13,18,39,97],[13, 14, 35, 37, 42, 43, 52, 18, 44]]
[[6,10,6,26,26,94],[13, 14, 35, 37, 42, 49, 43, 18, 53]]
[[4,12,7,20,24,87],[13, 14, 35, 37, 42, 43, 50, 18, 54]]
[[6,10,12,18,46,58],[13, 14, 35, 37, 42, 43, 52, 18, 53]]
[[5,9,14,13,35,84],[13, 14, 35, 37, 42, 49, 52, 18, 44]]
[[6,10,12,26,36,70],[13, 14, 35, 37, 42, 18, 44, 53, 54]]
[[6,10,15,18,31,73],[13, 14, 35, 37, 42, 49, 52, 18, 54]]
[[5,7,8,11,20,64],[13, 14, 35, 37, 42, 50, 52, 18, 51]]
[[4,10,19,18,24,91],[13, 14, 35, 37, 43, 18, 44, 51, 53]]
[[8,8,14,28,23,44],[13, 14, 35, 37, 49, 43, 50, 18, 53]]
[[6,12,12,20,26,78],[13, 14, 35, 37, 49, 43, 52, 18, 51]]
[[6,6,9,10,36,81],[13, 14, 35, 37, 43, 50, 52, 18, 53]]
[[6,12,12,12,41,84],[13, 14, 35, 37, 50, 18, 44, 53, 54]]
[[6,10,9,38,26,67],[13, 14, 35, 37, 52, 18, 44, 51, 54]]
[[5,15,8,27,20,66],[13, 14, 35, 37, 52, 18, 44, 53, 54]]
[[5,9,11,21,50,75],[13, 14, 35, 37, 50, 18, 51, 53, 54]]
[[2,10,5,38,47,61],[13, 14, 35, 37, 52, 18, 51, 53, 54]]
[[5,11,11,15,35,89],[13, 14, 35, 40, 38, 18, 39, 51, 53]]
[[5,5,14,25,30,56],[13, 14, 35, 40, 38, 18, 39, 53, 54]]
[[5,7,8,27,60,70],[13, 14, 35, 42, 38, 18, 39, 51, 53]]
[[7,7,13,19,32,85],[13, 14, 35, 38, 43, 18, 39, 51, 53]]
[[5,7,14,11,30,100],[13, 14, 35, 38, 50, 18, 39, 44, 54]]
[[4,6,10,10,24,54],[13, 14, 35, 49, 38, 18, 39, 51, 53]]
[[4,6,13,14,14,75],[13, 14, 35, 49, 38, 18, 39, 53, 54]]
[[5,7,8,15,35,88],[13, 14, 35, 38, 50, 18, 39, 51, 53]]
[[2,8,14,24,17,92],[13, 14, 35, 38, 50, 18, 39, 51, 54]]
[[5,7,14,19,30,70],[13, 14, 35, 38, 50, 18, 39, 53, 54]]
[[6,6,18,26,36,66],[13, 14, 35, 38, 52, 18, 39, 51, 53]]
[[6,12,12,20,26,78],[13, 14, 35, 40, 42, 38, 52, 18, 44]]
[[4,10,19,18,24,91],[13, 14, 35, 40, 42, 49, 38, 18, 53]]
[[4,8,13,20,39,77],[13, 14, 35, 40, 42, 38, 50, 18, 54]]
[[6,12,12,12,31,114],[13, 14, 35, 40, 42, 38, 52, 18, 53]]
[[5,13,8,17,45,82],[13, 14, 35, 40, 38, 43, 50, 18, 53]]
[[5,9,14,13,35,84],[13, 14, 35, 40, 38, 43, 52, 18, 51]]
[[6,10,6,26,26,94],[13, 14, 35, 40, 38, 18, 44, 51, 53]]
[[4,8,13,24,24,77],[13, 14, 35, 40, 38, 18, 44, 53, 54]]
[[6,8,9,16,26,77],[13, 14, 35, 40, 49, 38, 50, 18, 53]]
[[5,9,11,21,55,57],[13, 14, 35, 40, 49, 38, 50, 18, 54]]
[[4,10,13,18,39,97],[13, 14, 35, 40, 49, 38, 52, 18, 51]]
[[6,8,9,24,36,65],[13, 14, 35, 40, 38, 50, 52, 18, 53]]
[[7,9,7,33,42,33],[13, 14, 35, 40, 38, 18, 51, 53, 54]]
[[6,10,9,14,36,103],[13, 14, 35, 42, 38, 43, 52, 18, 53]]
[[5,9,20,17,30,84],[13, 14, 35, 42, 38, 43, 52, 18, 54]]
[[3,7,12,15,13,70],[13, 14, 35, 42, 49, 38, 52, 18, 44]]
[[6,10,12,22,36,70],[13, 14, 35, 42, 38, 18, 44, 53, 54]]
[[5,13,8,25,30,88],[13, 14, 35, 42, 49, 38, 50, 18, 54]]
[[7,9,13,25,32,51],[13, 14, 35, 42, 49, 38, 52, 18, 53]]
[[5,9,14,25,30,60],[13, 14, 35, 42, 38, 50, 52, 18, 54]]
[[5,7,14,31,25,88],[13, 14, 35, 42, 38, 18, 51, 53, 54]]
[[4,14,13,34,14,47],[13, 14, 35, 38, 43, 50, 52, 18, 44]]
[[6,10,9,14,51,67],[13, 14, 35, 49, 38, 43, 50, 18, 53]]
[[5,9,17,21,25,93],[13, 14, 35, 49, 38, 43, 50, 18, 54]]
[[6,8,9,16,41,65],[13, 14, 35, 49, 38, 43, 52, 18, 51]]
[[7,11,7,31,27,65],[13, 14, 35, 38, 43, 18, 51, 53, 54]]
[[5,7,11,7,25,73],[13, 14, 35, 49, 38, 18, 44, 51, 53]]
[[5,9,17,9,30,111],[13, 14, 35, 38, 50, 18, 44, 51, 54]]
[[8,10,14,14,38,40],[13, 14, 35, 38, 50, 18, 44, 53, 54]]
[[7,7,19,23,27,61],[13, 14, 35, 38, 52, 18, 44, 51, 53]]
[[4,10,7,26,44,73],[13, 14, 35, 49, 38, 18, 51, 53, 54]]
[[5,11,17,27,15,65],[13, 14, 35, 38, 50, 18, 51, 53, 54]]
[[4,12,13,20,24,93],[13, 14, 35, 38, 52, 18, 51, 53, 54]]
[[8,10,8,34,13,58],[13, 14, 35, 40, 42, 18, 39, 44, 53]]
[[5,13,11,29,25,67],[13, 14, 35, 40, 43, 18, 39, 51, 53]]
[[6,8,12,16,46,68],[13, 14, 35, 40, 49, 18, 39, 51, 53]]
[[7,11,7,27,32,65],[13, 14, 35, 40, 52, 18, 39, 51, 54]]
[[5,9,8,13,35,54],[13, 14, 35, 42, 43, 18, 39, 53, 54]]
[[5,9,11,25,45,81],[13, 14, 35, 42, 49, 18, 39, 44, 53]]
[[4,8,10,12,19,74],[13, 14, 35, 42, 50, 18, 39, 44, 53]]
[[5,7,14,7,20,100],[13, 14, 35, 42, 52, 18, 39, 44, 53]]
[[6,8,15,20,31,65],[13, 14, 35, 42, 52, 18, 39, 44, 54]]
[[6,6,9,18,31,69],[13, 14, 35, 42, 52, 18, 39, 51, 53]]
[[5,13,11,25,40,49],[13, 14, 35, 49, 43, 18, 39, 44, 53]]
[[5,7,11,27,30,73],[13, 14, 35, 43, 52, 18, 39, 44, 53]]
[[6,8,9,28,46,59],[13, 14, 35, 49, 43, 18, 39, 51, 53]]
[[7,9,13,29,32,39],[13, 14, 35, 43, 50, 18, 39, 51, 53]]
[[7,11,7,31,27,65],[13, 14, 35, 43, 50, 18, 39, 53, 54]]
[[8,10,11,26,23,43],[13, 14, 35, 43, 52, 18, 39, 51, 53]]
[[5,15,11,23,15,81],[13, 14, 35, 49, 50, 18, 39, 44, 53]]
[[7,7,19,23,27,61],[13, 14, 35, 50, 52, 18, 39, 44, 53]]
[[8,12,11,20,13,57],[13, 14, 35, 18, 39, 44, 51, 53, 54]]
[[6,10,6,26,26,94],[13, 14, 35, 49, 50, 18, 39, 51, 53]]
[[4,10,13,22,19,91],[13, 14, 35, 49, 50, 18, 39, 53, 54]]
[[5,7,11,15,55,67],[13, 14, 35, 49, 52, 18, 39, 51, 53]]
[[6,6,18,26,16,66],[13, 14, 35, 50, 52, 18, 39, 51, 53]]
[[4,12,13,28,29,57],[13, 14, 35, 40, 42, 43, 52, 18, 44]]
[[4,8,16,16,24,80],[13, 14, 35, 40, 42, 43, 50, 18, 54]]
[[3,11,6,27,28,62],[13, 14, 35, 40, 42, 43, 52, 18, 51]]
[[5,11,11,23,25,83],[13, 14, 35, 40, 42, 49, 52, 18, 44]]
[[4,10,7,22,54,61],[13, 14, 35, 40, 42, 50, 52, 18, 44]]
[[6,8,9,28,21,89],[13, 14, 35, 40, 42, 18, 44, 51, 53]]
[[3,9,6,37,23,42],[13, 14, 35, 40, 42, 49, 52, 18, 53]]
[[4,6,13,22,49,111],[13, 14, 35, 40, 42, 49, 52, 18, 54]]
[[3,9,15,33,18,87],[13, 14, 35, 40, 42, 50, 52, 18, 51]]
[[4,12,7,24,34,93],[13, 14, 35, 40, 42, 50, 52, 18, 53]]
[[4,8,10,16,24,80],[13, 14, 35, 40, 49, 43, 50, 18, 53]]
[[2,10,5,34,27,49],[13, 14, 35, 40, 49, 43, 52, 18, 51]]
[[5,11,8,19,25,104],[13, 14, 35, 40, 49, 43, 52, 18, 53]]
[[3,7,9,35,33,61],[13, 14, 35, 40, 43, 50, 52, 18, 51]]
[[5,11,14,15,35,92],[13, 14, 35, 40, 49, 18, 44, 53, 54]]
[[4,12,10,24,19,102],[13, 14, 35, 40, 50, 18, 44, 51, 53]]
[[4,6,19,18,34,99],[13, 14, 35, 40, 50, 18, 44, 53, 54]]
[[5,9,11,21,25,81],[13, 14, 35, 40, 52, 18, 44, 51, 53]]
[[1,9,10,29,36,90],[13, 14, 35, 40, 52, 18, 44, 53, 54]]
[[5,7,11,23,25,61],[13, 14, 35, 40, 49, 50, 52, 18, 53]]
[[6,10,18,10,36,82],[13, 14, 35, 40, 49, 18, 51, 53, 54]]
[[5,7,17,23,40,85],[13, 14, 35, 40, 50, 18, 51, 53, 54]]
[[4,8,16,12,34,62],[13, 14, 35, 40, 52, 18, 51, 53, 54]]
[[4,10,10,46,14,46],[13, 14, 35, 42, 43, 50, 52, 18, 44]]
[[4,8,7,28,49,83],[13, 14, 35, 42, 43, 18, 44, 51, 53]]
[[6,8,18,12,51,74],[13, 14, 35, 42, 43, 18, 44, 53, 54]]
[[3,9,18,17,13,90],[13, 14, 35, 42, 49, 43, 50, 18, 54]]
[[5,7,8,31,30,76],[13, 14, 35, 42, 49, 43, 52, 18, 53]]
[[4,10,10,30,34,94],[13, 14, 35, 42, 43, 50, 52, 18, 53]]
[[3,5,12,45,38,62],[13, 14, 35, 42, 43, 18, 51, 53, 54]]
[[3,11,9,23,18,95],[13, 14, 35, 42, 49, 50, 52, 18, 44]]
[[5,11,11,11,45,59],[13, 14, 35, 42, 49, 18, 44, 51, 53]]
[[5,5,11,21,25,71],[13, 14, 35, 42, 49, 18, 44, 53, 54]]
[[4,8,10,24,24,92],[13, 14, 35, 42, 50, 18, 44, 53, 54]]
[[3,9,6,25,8,48],[13, 14, 35, 42, 52, 18, 44, 51, 53]]
[[3,9,21,21,23,75],[13, 14, 35, 42, 52, 18, 44, 53, 54]]
[[4,12,10,28,24,90],[13, 14, 35, 42, 49, 50, 52, 18, 51]]
[[3,11,9,35,23,71],[13, 14, 35, 49, 43, 18, 44, 51, 53]]
[[3,9,12,37,28,66],[13, 14, 35, 43, 50, 18, 44, 51, 54]]
[[5,9,11,25,35,63],[13, 14, 35, 43, 52, 18, 44, 51, 53]]
[[6,8,18,20,41,62],[13, 14, 35, 49, 43, 50, 52, 18, 51]]
[[5,11,14,27,20,74],[13, 14, 35, 49, 43, 50, 52, 18, 53]]
[[4,4,13,20,39,55],[13, 14, 35, 49, 43, 50, 52, 18, 54]]
[[4,8,22,16,24,92],[13, 14, 35, 49, 43, 18, 51, 53, 54]]
[[5,7,8,23,50,52],[13, 14, 35, 49, 50, 18, 44, 53, 54]]
[[4,6,4,22,24,42],[13, 14, 35, 49, 52, 18, 44, 51, 53]]
[[4,8,19,20,24,89],[13, 14, 35, 49, 52, 18, 44, 53, 54]]
[[1,9,4,25,31,60],[13, 14, 35, 49, 52, 18, 51, 53, 54]]
[[2,8,8,28,27,104],[13, 14, 35, 50, 52, 18, 51, 53, 54]]
[[6,8,12,20,36,92],[13, 14, 40, 37, 38, 18, 39, 44, 53]]
[[4,10,10,26,34,82],[13, 14, 37, 42, 38, 18, 39, 44, 53]]
[[6,8,9,16,26,77],[13, 14, 37, 38, 43, 18, 39, 44, 53]]
[[3,7,9,11,13,43],[13, 14, 37, 49, 38, 18, 39, 44, 53]]
[[4,8,13,24,49,53],[13, 14, 37, 38, 50, 18, 39, 44, 53]]
[[5,13,11,21,35,61],[13, 14, 37, 38, 52, 18, 39, 44, 53]]
[[4,6,16,6,34,90],[13, 14, 37, 49, 38, 18, 39, 53, 54]]
[[4,10,13,22,49,67],[13, 14, 40, 37, 42, 38, 52, 18, 44]]
[[6,10,6,18,46,70],[13, 14, 40, 37, 42, 49, 38, 18, 53]]
[[6,14,9,30,16,47],[13, 14, 40, 37, 42, 38, 50, 18, 54]]
[[6,6,12,18,16,78],[13, 14, 40, 37, 42, 38, 52, 18, 53]]
[[7,11,13,19,32,53],[13, 14, 40, 37, 38, 43, 52, 18, 54]]
[[6,8,9,24,51,65],[13, 14, 40, 37, 38, 50, 52, 18, 44]]
[[6,8,15,16,46,83],[13, 14, 40, 37, 38, 18, 44, 51, 53]]
[[6,12,15,16,26,81],[13, 14, 40, 37, 38, 18, 44, 53, 54]]
[[4,10,16,30,34,58],[13, 14, 40, 37, 49, 38, 52, 18, 51]]
[[4,8,13,24,49,77],[13, 14, 40, 37, 38, 50, 52, 18, 53]]
[[5,7,11,11,35,67],[13, 14, 40, 37, 38, 18, 51, 53, 54]]
[[6,8,15,20,41,65],[13, 14, 37, 42, 38, 43, 52, 18, 53]]
[[5,11,14,27,20,74],[13, 14, 37, 42, 38, 43, 52, 18, 54]]
[[6,12,12,28,11,72],[13, 14, 37, 42, 38, 18, 44, 53, 54]]
[[7,9,13,29,17,75],[13, 14, 37, 42, 49, 38, 52, 18, 53]]
[[5,15,8,15,35,96],[13, 14, 37, 42, 38, 50, 52, 18, 54]]
[[4,10,7,22,19,67],[13, 14, 37, 49, 38, 43, 52, 18, 54]]
[[5,9,8,29,30,78],[13, 14, 37, 38, 43, 18, 51, 53, 54]]
[[5,11,5,19,25,89],[13, 14, 37, 49, 38, 18, 44, 51, 53]]
[[5,11,14,23,20,80],[13, 14, 37, 38, 50, 18, 44, 51, 54]]
[[5,9,11,13,45,63],[13, 14, 37, 38, 52, 18, 44, 51, 53]]
[[7,7,10,31,32,70],[13, 14, 37, 49, 38, 50, 52, 18, 53]]
[[7,7,19,27,12,73],[13, 14, 40, 37, 42, 18, 39, 53, 54]]
[[6,10,12,26,36,64],[13, 14, 40, 37, 50, 18, 39, 44, 53]]
[[7,7,13,23,27,91],[13, 14, 40, 37, 52, 18, 39, 44, 53]]
[[5,13,5,33,25,67],[13, 14, 40, 37, 50, 18, 39, 51, 53]]
[[4,8,10,24,64,68],[13, 14, 40, 37, 52, 18, 39, 51, 53]]
[[5,7,14,15,20,76],[13, 14, 40, 37, 52, 18, 39, 51, 54]]
[[4,8,10,8,34,74],[13, 14, 37, 42, 43, 18, 39, 44, 53]]
[[5,5,17,9,55,89],[13, 14, 37, 42, 43, 18, 39, 53, 54]]
[[5,7,11,15,25,67],[13, 14, 37, 42, 52, 18, 39, 44, 53]]
[[6,12,9,16,31,117],[13, 14, 37, 42, 52, 18, 39, 44, 54]]
[[6,12,6,28,26,84],[13, 14, 37, 42, 49, 18, 39, 53, 54]]
[[4,8,13,20,29,71],[13, 14, 37, 42, 50, 18, 39, 51, 54]]
[[2,10,11,26,27,85],[13, 14, 37, 42, 52, 18, 39, 53, 54]]
[[5,9,11,13,30,117],[13, 14, 37, 49, 43, 18, 39, 44, 53]]
[[5,7,14,7,35,94],[13, 14, 37, 43, 50, 18, 39, 44, 54]]
[[6,10,12,18,46,70],[13, 14, 37, 49, 43, 18, 39, 51, 53]]
[[5,9,17,17,35,105],[13, 14, 37, 43, 50, 18, 39, 53, 54]]
[[6,10,12,26,36,70],[13, 14, 37, 43, 52, 18, 39, 51, 53]]
[[4,6,16,38,34,66],[13, 14, 37, 49, 52, 18, 39, 44, 53]]
[[5,9,14,13,30,114],[13, 14, 37, 50, 52, 18, 39, 44, 53]]
[[6,8,9,16,41,65],[13, 14, 37, 49, 50, 18, 39, 51, 53]]
[[7,9,16,17,37,54],[13, 14, 37, 49, 52, 18, 39, 51, 53]]
[[8,10,14,22,13,58],[13, 14, 37, 50, 52, 18, 39, 51, 53]]
[[4,10,10,22,39,70],[13, 14, 40, 37, 42, 43, 52, 18, 44]]
[[4,14,10,18,34,80],[13, 14, 40, 37, 42, 49, 43, 18, 53]]
[[5,9,14,13,35,90],[13, 14, 40, 37, 42, 43, 50, 18, 53]]
[[4,8,13,36,24,77],[13, 14, 40, 37, 42, 43, 52, 18, 53]]
[[4,12,10,32,39,54],[13, 14, 40, 37, 42, 50, 52, 18, 44]]
[[4,10,13,30,39,73],[13, 14, 40, 37, 42, 18, 44, 53, 54]]
[[5,7,14,11,50,82],[13, 14, 40, 37, 42, 49, 50, 18, 54]]
[[5,9,17,33,15,57],[13, 14, 40, 37, 42, 49, 52, 18, 53]]
[[3,9,3,37,38,81],[13, 14, 40, 37, 42, 50, 52, 18, 51]]
[[7,9,16,17,32,60],[13, 14, 40, 37, 42, 18, 51, 53, 54]]
[[4,8,19,12,19,101],[13, 14, 40, 37, 43, 18, 44, 51, 53]]
[[4,10,10,22,24,106],[13, 14, 40, 37, 43, 18, 44, 53, 54]]
[[5,11,8,35,45,62],[13, 14, 40, 37, 49, 43, 50, 18, 54]]
[[5,9,20,17,30,78],[13, 14, 40, 37, 43, 50, 52, 18, 54]]
[[5,5,14,33,25,86],[13, 14, 40, 37, 43, 18, 51, 53, 54]]
[[5,11,11,27,30,71],[13, 14, 40, 37, 49, 50, 52, 18, 44]]
[[7,13,10,13,37,76],[13, 14, 40, 37, 49, 18, 44, 51, 53]]
[[5,5,17,13,60,89],[13, 14, 40, 37, 49, 18, 44, 53, 54]]
[[5,7,23,15,45,67],[13, 14, 40, 37, 50, 18, 44, 51, 54]]
[[5,7,8,31,50,70],[13, 14, 40, 37, 52, 18, 44, 51, 53]]
[[5,9,14,21,35,42],[13, 14, 40, 37, 49, 50, 52, 18, 53]]
[[6,6,18,26,36,66],[13, 14, 40, 37, 49, 18, 51, 53, 54]]
[[5,9,11,21,25,81],[13, 14, 40, 37, 50, 18, 51, 53, 54]]
[[2,6,8,26,32,102],[13, 14, 40, 37, 52, 18, 51, 53, 54]]
[[3,11,6,23,18,50],[13, 14, 37, 42, 49, 43, 52, 18, 44]]
[[4,12,10,24,34,72],[13, 14, 37, 42, 43, 18, 44, 51, 53]]
[[4,6,10,14,34,90],[13, 14, 37, 42, 43, 18, 44, 53, 54]]
[[6,10,9,26,56,31],[13, 14, 37, 42, 49, 43, 50, 18, 53]]
[[5,9,5,25,45,69],[13, 14, 37, 42, 43, 50, 52, 18, 51]]
[[6,8,15,20,21,95],[13, 14, 37, 42, 43, 50, 52, 18, 53]]
[[7,9,16,13,42,60],[13, 14, 37, 42, 49, 18, 44, 53, 54]]
[[4,10,10,26,34,82],[13, 14, 37, 42, 50, 18, 44, 51, 53]]
[[6,8,15,24,46,53],[13, 14, 37, 42, 52, 18, 44, 51, 54]]
[[3,11,9,31,43,65],[13, 14, 37, 42, 52, 18, 44, 53, 54]]
[[5,7,11,15,40,97],[13, 14, 37, 42, 49, 50, 52, 18, 53]]
[[4,6,16,18,49,108],[13, 14, 37, 42, 49, 18, 51, 53, 54]]
[[3,5,15,17,23,119],[13, 14, 37, 42, 50, 18, 51, 53, 54]]
[[2,12,11,20,17,81],[13, 14, 37, 42, 52, 18, 51, 53, 54]]
[[5,7,11,15,55,79],[13, 14, 37, 49, 43, 18, 44, 53, 54]]
[[6,8,12,16,46,68],[13, 14, 37, 43, 50, 18, 44, 51, 53]]
[[5,11,17,11,25,107],[13, 14, 37, 43, 50, 18, 44, 51, 54]]
[[6,8,15,20,46,77],[13, 14, 37, 43, 50, 18, 44, 53, 54]]
[[5,9,17,29,25,57],[13, 14, 37, 43, 52, 18, 44, 53, 54]]
[[4,6,16,14,29,72],[13, 14, 37, 49, 43, 50, 52, 18, 54]]
[[4,12,10,24,24,84],[13, 14, 37, 49, 43, 18, 51, 53, 54]]
[[5,7,20,27,25,64],[13, 14, 37, 43, 50, 18, 51, 53, 54]]
[[3,11,6,23,53,104],[13, 14, 37, 49, 50, 18, 44, 51, 53]]
[[4,6,10,22,24,90],[13, 14, 37, 49, 50, 18, 44, 51, 54]]
[[4,10,10,30,49,58],[13, 14, 37, 49, 52, 18, 44, 51, 53]]
[[5,5,20,13,40,62],[13, 14, 37, 49, 52, 18, 44, 51, 54]]
[[4,6,16,22,44,114],[13, 14, 37, 49, 50, 18, 51, 53, 54]]
[[6,10,12,18,46,70],[13, 14, 40, 42, 38, 18, 39, 44, 53]]
[[5,9,11,13,30,117],[13, 14, 40, 42, 38, 18, 39, 51, 53]]
[[7,11,10,23,22,86],[13, 14, 40, 42, 38, 18, 39, 53, 54]]
[[8,8,14,16,43,56],[13, 14, 40, 38, 50, 18, 39, 44, 53]]
[[7,9,13,17,37,75],[13, 14, 40, 38, 52, 18, 39, 44, 53]]
[[4,8,10,8,34,74],[13, 14, 40, 49, 38, 18, 39, 51, 53]]
[[4,6,10,14,19,30],[13, 14, 42, 49, 38, 18, 39, 53, 54]]
[[4,16,7,24,24,79],[13, 14, 42, 38, 50, 18, 39, 51, 54]]
[[4,8,19,16,29,77],[13, 14, 42, 38, 52, 18, 39, 53, 54]]
[[6,10,6,18,46,70],[13, 14, 38, 43, 50, 18, 39, 44, 53]]
[[7,9,13,25,27,69],[13, 14, 38, 43, 50, 18, 39, 44, 54]]
[[5,9,17,13,35,99],[13, 14, 38, 43, 50, 18, 39, 51, 53]]
[[5,9,20,13,35,84],[13, 14, 38, 43, 52, 18, 39, 51, 54]]
[[5,11,8,27,45,68],[13, 14, 49, 38, 50, 18, 39, 44, 53]]
[[6,10,15,22,36,55],[13, 14, 49, 38, 52, 18, 39, 44, 53]]
[[5,9,11,17,35,51],[13, 14, 38, 50, 52, 18, 39, 44, 53]]
[[6,8,12,24,46,68],[13, 14, 38, 18, 39, 44, 51, 53, 54]]
[[6,10,12,26,26,70],[13, 14, 49, 38, 50, 18, 39, 53, 54]]
[[7,9,13,21,27,75],[13, 14, 49, 38, 52, 18, 39, 51, 53]]
[[6,10,9,14,41,79],[13, 14, 38, 50, 52, 18, 39, 51, 53]]
[[4,10,16,18,34,58],[13, 14, 38, 50, 52, 18, 39, 53, 54]]
[[4,12,13,24,29,69],[13, 14, 40, 42, 49, 38, 43, 18, 53]]
[[3,11,6,23,53,104],[13, 14, 40, 42, 38, 43, 50, 18, 53]]
[[4,6,10,22,24,90],[13, 14, 40, 42, 38, 43, 50, 18, 54]]
[[4,10,10,30,49,58],[13, 14, 40, 42, 38, 43, 52, 18, 53]]
[[5,5,20,13,40,62],[13, 14, 40, 42, 38, 43, 52, 18, 54]]
[[3,7,12,23,18,112],[13, 14, 40, 42, 49, 38, 52, 18, 44]]
[[4,12,10,24,24,84],[13, 14, 40, 42, 38, 18, 44, 53, 54]]
[[6,8,12,16,46,68],[13, 14, 40, 42, 49, 38, 50, 18, 53]]
[[5,11,17,11,25,107],[13, 14, 40, 42, 49, 38, 50, 18, 54]]
[[4,10,13,18,39,97],[13, 14, 40, 42, 49, 38, 52, 18, 51]]
[[4,8,4,24,54,92],[13, 14, 40, 42, 38, 50, 52, 18, 53]]
[[5,5,14,17,30,68],[13, 14, 40, 42, 38, 50, 52, 18, 54]]
[[5,7,11,15,55,79],[13, 14, 40, 42, 38, 18, 51, 53, 54]]
[[6,8,12,8,46,92],[13, 14, 40, 38, 43, 18, 44, 51, 53]]
[[4,6,16,18,49,108],[13, 14, 40, 38, 43, 18, 44, 53, 54]]
[[4,10,10,26,34,82],[13, 14, 40, 49, 38, 43, 50, 18, 53]]
[[6,8,15,24,46,53],[13, 14, 40, 49, 38, 43, 52, 18, 54]]
[[6,10,12,34,16,70],[13, 14, 40, 38, 43, 50, 52, 18, 53]]
[[7,9,16,13,42,60],[13, 14, 40, 38, 43, 18, 51, 53, 54]]
[[5,9,5,25,45,69],[13, 14, 40, 49, 38, 50, 52, 18, 44]]
[[5,9,8,21,50,54],[13, 14, 40, 49, 38, 18, 44, 51, 53]]
[[6,10,9,26,56,31],[13, 14, 40, 38, 50, 18, 44, 51, 53]]
[[6,6,18,10,56,66],[13, 14, 40, 38, 50, 18, 44, 53, 54]]
[[3,9,3,25,18,57],[13, 14, 40, 49, 38, 50, 52, 18, 53]]
[[4,6,10,14,34,90],[13, 14, 40, 49, 38, 18, 51, 53, 54]]
[[5,9,17,29,25,75],[13, 14, 40, 38, 50, 18, 51, 53, 54]]
[[6,6,18,26,36,66],[13, 14, 42, 38, 43, 18, 44, 53, 54]]
[[5,7,23,15,45,67],[13, 14, 42, 49, 38, 43, 50, 18, 54]]
[[6,8,12,12,36,80],[13, 14, 42, 49, 38, 43, 52, 18, 51]]
[[5,7,8,31,50,70],[13, 14, 42, 49, 38, 43, 52, 18, 53]]
[[5,11,11,27,30,71],[13, 14, 42, 38, 43, 50, 52, 18, 51]]
[[6,12,12,20,36,48],[13, 14, 42, 38, 43, 50, 52, 18, 53]]
[[5,5,17,13,60,89],[13, 14, 42, 38, 43, 18, 51, 53, 54]]
[[5,9,8,17,50,72],[13, 14, 42, 49, 38, 18, 44, 51, 53]]
[[5,5,14,33,25,86],[13, 14, 42, 49, 38, 18, 44, 53, 54]]
[[5,11,8,35,45,62],[13, 14, 42, 38, 50, 18, 44, 51, 54]]
[[6,10,9,26,26,85],[13, 14, 42, 38, 50, 18, 44, 53, 54]]
[[5,7,11,15,15,91],[13, 14, 42, 49, 38, 50, 52, 18, 53]]
[[4,10,10,22,24,106],[13, 14, 42, 49, 38, 18, 51, 53, 54]]
[[3,9,3,37,38,81],[13, 14, 49, 38, 43, 50, 52, 18, 44]]
[[5,9,11,25,35,69],[13, 14, 49, 38, 43, 18, 44, 51, 53]]
[[7,9,16,17,32,60],[13, 14, 49, 38, 43, 18, 44, 53, 54]]
[[5,7,14,11,50,82],[13, 14, 38, 43, 50, 18, 44, 51, 54]]
[[6,6,12,18,21,72],[13, 14, 38, 43, 50, 18, 44, 53, 54]]
[[5,9,17,33,15,57],[13, 14, 38, 43, 52, 18, 44, 51, 53]]
[[3,7,12,35,23,76],[13, 14, 38, 43, 52, 18, 44, 53, 54]]
[[4,12,10,32,39,54],[13, 14, 49, 38, 43, 50, 52, 18, 51]]
[[4,10,13,30,39,73],[13, 14, 49, 38, 43, 18, 51, 53, 54]]
[[3,5,15,13,23,77],[13, 14, 38, 43, 50, 18, 51, 53, 54]]
[[2,8,17,28,32,83],[13, 14, 38, 43, 52, 18, 51, 53, 54]]
[[5,9,14,13,35,90],[13, 14, 49, 38, 50, 18, 44, 51, 53]]
[[4,8,13,36,24,77],[13, 14, 49, 38, 52, 18, 44, 51, 53]]
[[3,11,3,35,33,53],[13, 14, 38, 50, 52, 18, 44, 51, 53]]
[[4,6,19,22,39,63],[13, 14, 38, 50, 52, 18, 44, 51, 54]]
[[3,7,9,11,13,43],[13, 14, 40, 42, 43, 18, 39, 51, 53]]
[[5,7,14,15,45,88],[13, 14, 40, 42, 43, 18, 39, 53, 54]]
[[4,8,19,12,19,101],[13, 14, 40, 42, 50, 18, 39, 44, 53]]
[[5,7,11,27,35,67],[13, 14, 40, 42, 52, 18, 39, 44, 53]]
[[4,8,16,20,24,116],[13, 14, 40, 42, 52, 18, 39, 44, 54]]
[[6,8,9,16,26,77],[13, 14, 40, 42, 49, 18, 39, 51, 53]]
[[6,6,18,22,36,72],[13, 14, 40, 42, 49, 18, 39, 53, 54]]
[[5,9,14,25,20,72],[13, 14, 40, 42, 50, 18, 39, 53, 54]]
[[4,8,7,32,34,89],[13, 14, 40, 42, 52, 18, 39, 51, 53]]
[[5,9,14,25,35,66],[13, 14, 40, 42, 52, 18, 39, 51, 54]]
[[4,12,13,28,29,63],[13, 14, 40, 42, 52, 18, 39, 53, 54]]
[[3,7,21,19,23,85],[13, 14, 40, 43, 50, 18, 39, 44, 54]]
[[4,10,10,26,34,82],[13, 14, 40, 49, 43, 18, 39, 51, 53]]
[[6,8,15,20,46,65],[13, 14, 40, 49, 43, 18, 39, 53, 54]]
[[4,10,16,18,19,100],[13, 14, 40, 43, 50, 18, 39, 51, 54]]
[[7,7,13,19,47,67],[13, 14, 40, 43, 50, 18, 39, 53, 54]]
[[6,6,18,26,26,78],[13, 14, 40, 43, 52, 18, 39, 51, 53]]
[[5,11,14,19,30,68],[13, 14, 40, 49, 50, 18, 39, 44, 53]]
[[7,9,13,13,42,81],[13, 14, 40, 50, 52, 18, 39, 44, 53]]
[[6,14,12,18,16,86],[13, 14, 40, 18, 39, 44, 51, 53, 54]]
[[4,8,13,8,29,71],[13, 14, 40, 49, 50, 18, 39, 51, 53]]
[[3,5,9,21,28,131],[13, 14, 40, 49, 52, 18, 39, 51, 53]]
[[4,6,19,22,39,63],[13, 14, 40, 49, 52, 18, 39, 51, 54]]
[[4,6,10,42,14,66],[13, 14, 40, 50, 52, 18, 39, 51, 53]]
[[3,7,15,31,28,109],[13, 14, 42, 43, 50, 18, 39, 44, 54]]
[[6,8,12,20,36,92],[13, 14, 42, 49, 43, 18, 39, 51, 53]]
[[7,7,13,15,42,85],[13, 14, 42, 43, 50, 18, 39, 51, 53]]
[[5,5,17,13,60,89],[13, 14, 42, 43, 50, 18, 39, 53, 54]]
[[6,6,9,22,36,63],[13, 14, 42, 43, 52, 18, 39, 51, 53]]
[[5,5,17,37,25,77],[13, 14, 42, 49, 52, 18, 39, 44, 54]]
[[6,8,18,24,26,56],[13, 14, 42, 18, 39, 44, 51, 53, 54]]
[[3,5,12,29,33,68],[13, 14, 42, 49, 50, 18, 39, 51, 54]]
[[4,6,16,6,34,90],[13, 14, 42, 49, 50, 18, 39, 53, 54]]
[[4,8,16,24,34,92],[13, 14, 42, 49, 52, 18, 39, 51, 54]]
[[1,7,13,31,31,73],[13, 14, 42, 49, 52, 18, 39, 53, 54]]
[[2,8,8,36,42,80],[13, 14, 42, 50, 52, 18, 39, 53, 54]]
[[5,9,11,21,35,81],[13, 14, 49, 43, 50, 18, 39, 44, 53]]
[[4,8,10,16,49,86],[13, 14, 49, 43, 50, 18, 39, 44, 54]]
[[6,10,12,14,36,88],[13, 14, 43, 50, 52, 18, 39, 44, 54]]
[[4,10,13,38,24,67],[13, 14, 49, 43, 50, 18, 39, 53, 54]]
[[5,5,11,21,25,71],[13, 14, 49, 43, 52, 18, 39, 51, 53]]
[[4,6,13,22,24,63],[13, 14, 43, 50, 52, 18, 39, 51, 53]]
[[3,7,6,27,23,64],[13, 14, 43, 50, 52, 18, 39, 51, 54]]
[[2,8,14,20,12,68],[13, 14, 43, 50, 52, 18, 39, 53, 54]]
[[4,8,7,20,64,71],[13, 14, 49, 50, 52, 18, 39, 44, 53]]
[[5,5,11,21,35,59],[13, 14, 49, 18, 39, 44, 51, 53, 54]]
[[3,9,15,21,23,87],[13, 14, 52, 18, 39, 44, 51, 53, 54]]
[[7,7,19,19,42,43],[13, 14, 49, 50, 52, 18, 39, 51, 53]]
[[5,11,14,23,45,56],[13, 14, 40, 42, 49, 43, 52, 18, 44]]
[[5,11,14,23,20,80],[13, 14, 40, 42, 49, 43, 50, 18, 54]]
[[5,9,11,13,45,63],[13, 14, 40, 42, 49, 43, 52, 18, 53]]
[[5,7,14,15,20,76],[13, 14, 40, 42, 43, 50, 52, 18, 54]]
[[5,9,8,29,30,78],[13, 14, 40, 42, 49, 18, 44, 53, 54]]
[[4,10,10,22,49,70],[13, 14, 40, 42, 50, 18, 44, 53, 54]]
[[4,10,7,22,19,67],[13, 14, 40, 42, 52, 18, 44, 51, 54]]
[[7,9,13,21,32,75],[13, 14, 40, 42, 50, 18, 51, 53, 54]]
[[4,12,10,28,44,72],[13, 14, 40, 42, 52, 18, 51, 53, 54]]
[[5,9,17,13,35,99],[13, 14, 40, 49, 43, 18, 44, 51, 53]]
[[6,12,9,28,26,75],[13, 14, 40, 43, 50, 18, 44, 53, 54]]
[[7,9,13,29,17,75],[13, 14, 40, 43, 52, 18, 44, 51, 53]]
[[3,9,12,33,18,84],[13, 14, 40, 43, 52, 18, 44, 53, 54]]
[[6,8,12,16,36,80],[13, 14, 40, 49, 43, 50, 52, 18, 54]]
[[6,12,12,28,11,72],[13, 14, 40, 49, 43, 18, 51, 53, 54]]
[[7,11,13,23,32,35],[13, 14, 40, 43, 50, 18, 51, 53, 54]]
[[5,9,11,21,35,81],[13, 14, 40, 49, 50, 18, 44, 53, 54]]
[[6,8,15,20,41,65],[13, 14, 40, 49, 52, 18, 44, 51, 53]]
[[5,11,14,27,20,74],[13, 14, 40, 49, 52, 18, 44, 51, 54]]
[[6,10,9,14,36,103],[13, 14, 40, 49, 50, 18, 51, 53, 54]]
[[3,13,9,29,43,67],[13, 14, 40, 49, 52, 18, 51, 53, 54]]
[[5,7,11,11,35,67],[13, 14, 42, 49, 43, 18, 44, 53, 54]]
[[6,8,9,20,21,101],[13, 14, 42, 43, 50, 18, 44, 53, 54]]
[[6,8,9,24,51,65],[13, 14, 42, 49, 43, 50, 52, 18, 51]]
[[6,12,9,12,41,99],[13, 14, 42, 49, 43, 50, 52, 18, 54]]
[[6,12,15,16,26,81],[13, 14, 42, 49, 43, 18, 51, 53, 54]]
[[4,8,19,24,24,101],[13, 14, 42, 43, 52, 18, 51, 53, 54]]
[[7,9,10,21,37,84],[13, 14, 42, 49, 50, 18, 44, 53, 54]]
[[7,11,13,19,32,53],[13, 14, 42, 49, 52, 18, 44, 51, 54]]
[[4,12,13,24,44,81],[13, 14, 42, 49, 52, 18, 44, 53, 54]]
[[4,14,10,30,19,74],[13, 14, 42, 49, 50, 18, 51, 53, 54]]
[[4,12,10,24,24,84],[13, 14, 42, 50, 52, 18, 51, 53, 54]]
[[6,14,9,30,16,47],[13, 14, 49, 43, 50, 18, 44, 51, 54]]
[[7,13,7,21,32,73],[13, 14, 49, 43, 50, 18, 44, 53, 54]]
[[6,6,12,18,16,78],[13, 14, 49, 43, 52, 18, 44, 51, 53]]
[[6,8,15,20,31,77],[13, 14, 43, 50, 52, 18, 44, 51, 54]]
[[5,11,8,19,40,80],[13, 14, 43, 50, 52, 18, 44, 53, 54]]
[[6,14,6,30,31,44],[13, 14, 49, 43, 50, 18, 51, 53, 54]]
[[2,12,11,36,22,63],[13, 14, 43, 50, 52, 18, 51, 53, 54]]
[[5,15,11,23,15,81],[13, 34, 14, 35, 40, 37, 38, 39, 53]]
[[5,11,11,19,20,113],[13, 34, 14, 35, 37, 42, 38, 39, 53]]
[[4,10,10,26,54,82],[13, 34, 14, 35, 37, 49, 38, 39, 53]]
[[2,6,14,26,22,114],[13, 34, 14, 35, 37, 38, 50, 39, 54]]
[[6,10,18,10,36,82],[13, 34, 14, 35, 37, 38, 52, 39, 53]]
[[6,10,12,18,46,70],[13, 34, 14, 35, 40, 37, 38, 44, 53]]
[[4,8,16,24,34,68],[13, 34, 14, 35, 37, 42, 38, 44, 53]]
[[6,10,12,14,41,70],[13, 34, 14, 35, 37, 38, 43, 44, 53]]
[[7,11,13,15,37,65],[13, 34, 14, 35, 37, 38, 43, 53, 54]]
[[5,11,17,23,25,77],[13, 34, 14, 35, 37, 49, 38, 44, 53]]
[[7,7,13,15,47,73],[13, 34, 14, 35, 37, 38, 52, 44, 53]]
[[4,8,16,16,34,92],[13, 34, 14, 35, 37, 49, 38, 53, 54]]
[[4,12,7,20,14,99],[13, 34, 14, 35, 37, 38, 50, 51, 54]]
[[5,13,5,17,45,79],[13, 34, 14, 35, 40, 37, 43, 39, 53]]
[[6,10,12,22,26,70],[13, 34, 14, 35, 40, 37, 52, 39, 44]]
[[6,10,12,22,36,58],[13, 34, 14, 35, 40, 37, 52, 39, 53]]
[[7,11,7,27,27,83],[13, 34, 14, 35, 37, 42, 50, 39, 53]]
[[5,7,20,11,40,94],[13, 34, 14, 35, 37, 42, 52, 39, 54]]
[[4,12,13,28,24,69],[13, 34, 14, 35, 37, 43, 52, 39, 44]]
[[6,8,12,24,51,68],[13, 34, 14, 35, 37, 49, 43, 39, 53]]
[[5,7,11,15,25,67],[13, 34, 14, 35, 37, 49, 52, 39, 44]]
[[8,12,8,24,18,66],[13, 34, 14, 35, 37, 39, 44, 53, 54]]
[[5,9,17,29,25,45],[13, 34, 14, 35, 37, 49, 52, 39, 53]]
[[5,9,11,33,30,57],[13, 34, 14, 35, 37, 39, 51, 53, 54]]
[[5,11,11,27,45,53],[13, 34, 14, 35, 40, 37, 42, 51, 53]]
[[6,10,9,22,31,73],[13, 34, 14, 35, 40, 37, 43, 44, 53]]
[[3,7,12,23,23,100],[13, 34, 14, 35, 40, 37, 43, 51, 53]]
[[5,7,11,31,55,67],[13, 34, 14, 35, 40, 37, 49, 44, 53]]
[[4,10,10,26,54,82],[13, 34, 14, 35, 40, 37, 50, 44, 53]]
[[3,5,12,21,33,110],[13, 34, 14, 35, 40, 37, 50, 44, 54]]
[[4,6,16,26,34,72],[13, 34, 14, 35, 40, 37, 52, 44, 54]]
[[6,6,12,26,51,72],[13, 34, 14, 35, 40, 37, 49, 53, 54]]
[[5,7,11,7,25,73],[13, 34, 14, 35, 40, 37, 50, 51, 53]]
[[5,7,17,15,45,103],[13, 34, 14, 35, 40, 37, 50, 53, 54]]
[[5,9,14,21,30,102],[13, 34, 14, 35, 40, 37, 52, 51, 54]]
[[4,8,19,12,29,101],[13, 34, 14, 35, 40, 37, 52, 53, 54]]
[[4,8,10,20,29,56],[13, 34, 14, 35, 37, 42, 43, 44, 53]]
[[5,9,11,13,25,99],[13, 34, 14, 35, 37, 42, 43, 51, 53]]
[[3,7,15,19,23,91],[13, 34, 14, 35, 37, 42, 43, 53, 54]]
[[3,7,12,23,23,88],[13, 34, 14, 35, 37, 42, 52, 44, 53]]
[[6,8,15,20,31,59],[13, 34, 14, 35, 37, 42, 49, 51, 53]]
[[6,8,21,20,31,47],[13, 34, 14, 35, 37, 42, 49, 53, 54]]
[[5,9,8,21,55,66],[13, 34, 14, 35, 37, 42, 50, 51, 53]]
[[4,6,16,14,24,102],[13, 34, 14, 35, 37, 42, 50, 51, 54]]
[[6,6,15,26,36,63],[13, 34, 14, 35, 37, 42, 52, 51, 53]]
[[2,8,11,20,17,95],[13, 34, 14, 35, 37, 42, 52, 53, 54]]
[[3,11,12,23,43,86],[13, 34, 14, 35, 37, 49, 43, 44, 53]]
[[4,6,10,14,39,102],[13, 34, 14, 35, 37, 43, 50, 44, 53]]
[[5,9,11,25,20,99],[13, 34, 14, 35, 37, 43, 52, 44, 53]]
[[6,10,12,18,26,100],[13, 34, 14, 35, 37, 49, 43, 51, 53]]
[[4,6,16,22,44,114],[13, 34, 14, 35, 37, 49, 43, 53, 54]]
[[6,8,9,28,46,53],[13, 34, 14, 35, 37, 43, 52, 51, 53]]
[[6,10,12,18,41,82],[13, 34, 14, 35, 37, 49, 50, 44, 54]]
[[4,8,4,24,54,92],[13, 34, 14, 35, 37, 49, 52, 44, 53]]
[[5,9,20,21,30,66],[13, 34, 14, 35, 37, 49, 52, 44, 54]]
[[4,6,22,14,34,90],[13, 34, 14, 35, 37, 49, 50, 53, 54]]
[[1,9,4,33,36,60],[13, 34, 14, 35, 37, 49, 52, 53, 54]]
[[4,8,13,20,39,77],[13, 34, 14, 35, 40, 38, 52, 39, 44]]
[[6,14,6,30,16,74],[13, 34, 14, 35, 40, 38, 50, 39, 54]]
[[7,7,10,19,42,70],[13, 34, 14, 35, 42, 38, 50, 39, 53]]
[[4,12,13,28,29,63],[13, 34, 14, 35, 42, 38, 50, 39, 54]]
[[5,11,14,15,25,104],[13, 34, 14, 35, 42, 38, 52, 39, 51]]
[[4,8,13,16,24,53],[13, 34, 14, 35, 38, 43, 52, 39, 44]]
[[6,8,12,28,51,38],[13, 34, 14, 35, 38, 43, 52, 39, 53]]
[[6,10,15,18,36,79],[13, 34, 14, 35, 38, 39, 44, 53, 54]]
[[5,13,8,25,25,82],[13, 34, 14, 35, 38, 50, 52, 39, 54]]
[[5,11,14,23,45,44],[13, 34, 14, 35, 38, 39, 51, 53, 54]]
[[6,10,12,18,26,100],[13, 34, 14, 35, 40, 42, 38, 44, 53]]
[[3,11,12,23,43,86],[13, 34, 14, 35, 40, 42, 38, 51, 53]]
[[6,8,15,20,31,59],[13, 34, 14, 35, 40, 38, 43, 44, 53]]
[[5,7,14,23,20,76],[13, 34, 14, 35, 40, 38, 43, 53, 54]]
[[5,9,11,13,25,99],[13, 34, 14, 35, 40, 49, 38, 44, 53]]
[[6,8,12,8,46,92],[13, 34, 14, 35, 40, 38, 50, 44, 53]]
[[3,9,12,17,28,90],[13, 34, 14, 35, 40, 38, 50, 44, 54]]
[[5,5,17,21,25,71],[13, 34, 14, 35, 40, 38, 52, 44, 53]]
[[4,8,10,20,29,56],[13, 34, 14, 35, 40, 49, 38, 51, 53]]
[[6,12,12,28,21,54],[13, 34, 14, 35, 40, 49, 38, 53, 54]]
[[4,6,16,10,34,90],[13, 34, 14, 35, 40, 38, 50, 51, 54]]
[[5,7,11,31,55,67],[13, 34, 14, 35, 42, 38, 43, 51, 53]]
[[5,9,11,17,35,75],[13, 34, 14, 35, 42, 38, 43, 53, 54]]
[[3,7,12,23,23,100],[13, 34, 14, 35, 42, 49, 38, 44, 53]]
[[5,9,14,13,50,78],[13, 34, 14, 35, 42, 38, 52, 44, 53]]
[[6,10,9,22,31,73],[13, 34, 14, 35, 42, 49, 38, 51, 53]]
[[5,7,17,15,35,97],[13, 34, 14, 35, 42, 38, 50, 53, 54]]
[[6,8,15,32,16,71],[13, 34, 14, 35, 42, 38, 52, 51, 53]]
[[5,11,11,27,45,53],[13, 34, 14, 35, 49, 38, 43, 44, 53]]
[[4,10,13,22,14,109],[13, 34, 14, 35, 38, 43, 50, 44, 53]]
[[3,5,6,21,33,86],[13, 34, 14, 35, 38, 43, 52, 44, 53]]
[[4,4,13,28,19,61],[13, 34, 14, 35, 38, 43, 52, 44, 54]]
[[5,7,11,15,45,91],[13, 34, 14, 35, 38, 43, 50, 53, 54]]
[[6,8,12,28,36,56],[13, 34, 14, 35, 38, 43, 52, 51, 53]]
[[5,7,20,11,30,82],[13, 34, 14, 35, 38, 43, 52, 51, 54]]
[[5,9,11,25,35,69],[13, 34, 14, 35, 49, 38, 50, 44, 53]]
[[4,12,13,32,19,75],[13, 34, 14, 35, 49, 38, 50, 44, 54]]
[[5,5,11,9,15,53],[13, 34, 14, 35, 38, 50, 52, 44, 53]]
[[6,6,18,6,51,72],[13, 34, 14, 35, 38, 50, 52, 44, 54]]
[[6,8,15,20,41,65],[13, 34, 14, 35, 38, 44, 51, 53, 54]]
[[3,11,12,31,33,98],[13, 34, 14, 35, 49, 38, 50, 51, 54]]
[[3,5,9,37,33,47],[13, 34, 14, 35, 38, 50, 52, 51, 54]]
[[4,10,13,22,44,67],[13, 34, 14, 35, 40, 42, 49, 39, 53]]
[[3,11,12,27,28,74],[13, 34, 14, 35, 40, 42, 50, 39, 53]]
[[3,7,9,47,28,61],[13, 34, 14, 35, 40, 42, 52, 39, 51]]
[[4,10,7,26,39,79],[13, 34, 14, 35, 40, 43, 52, 39, 44]]
[[4,12,7,24,19,87],[13, 34, 14, 35, 40, 49, 43, 39, 53]]
[[4,12,13,28,29,57],[13, 34, 14, 35, 40, 43, 50, 39, 54]]
[[4,10,4,30,19,64],[13, 34, 14, 35, 40, 43, 52, 39, 53]]
[[5,9,17,21,35,57],[13, 34, 14, 35, 40, 49, 52, 39, 44]]
[[4,8,16,8,9,110],[13, 34, 14, 35, 40, 50, 52, 39, 44]]
[[4,10,10,34,24,70],[13, 34, 14, 35, 40, 39, 44, 53, 54]]
[[4,8,10,20,29,56],[13, 34, 14, 35, 40, 49, 50, 39, 53]]
[[6,8,21,12,41,65],[13, 34, 14, 35, 40, 49, 52, 39, 54]]
[[6,8,12,28,11,92],[13, 34, 14, 35, 40, 50, 52, 39, 53]]
[[7,7,16,27,32,58],[13, 34, 14, 35, 40, 39, 51, 53, 54]]
[[3,9,12,37,28,66],[13, 34, 14, 35, 42, 43, 52, 39, 51]]
[[2,8,5,28,12,47],[13, 34, 14, 35, 42, 50, 52, 39, 44]]
[[5,9,17,21,25,93],[13, 34, 14, 35, 42, 49, 50, 39, 54]]
[[6,10,15,26,26,49],[13, 34, 14, 35, 42, 49, 52, 39, 51]]
[[6,10,9,22,31,91],[13, 34, 14, 35, 42, 50, 52, 39, 53]]
[[5,7,17,15,35,97],[13, 34, 14, 35, 42, 39, 51, 53, 54]]
[[3,9,24,29,18,72],[13, 34, 14, 35, 49, 43, 52, 39, 44]]
[[4,12,16,20,29,72],[13, 34, 14, 35, 43, 50, 52, 39, 44]]
[[4,6,10,14,34,102],[13, 34, 14, 35, 43, 39, 44, 53, 54]]
[[3,5,18,9,18,68],[13, 34, 14, 35, 49, 43, 50, 39, 54]]
[[5,9,14,25,40,96],[13, 34, 14, 35, 43, 50, 52, 39, 54]]
[[5,7,20,7,45,88],[13, 34, 14, 35, 43, 39, 51, 53, 54]]
[[3,9,3,37,38,81],[13, 34, 14, 35, 49, 50, 52, 39, 44]]
[[5,9,11,21,35,81],[13, 34, 14, 35, 49, 39, 44, 51, 53]]
[[5,5,17,21,40,71],[13, 34, 14, 35, 50, 39, 44, 51, 54]]
[[6,10,12,14,31,106],[13, 34, 14, 35, 50, 39, 44, 53, 54]]
[[6,6,18,18,26,72],[13, 34, 14, 35, 52, 39, 44, 51, 54]]
[[3,9,21,25,28,75],[13, 34, 14, 35, 52, 39, 44, 53, 54]]
[[5,11,11,23,30,65],[13, 34, 14, 35, 49, 50, 52, 39, 53]]
[[4,6,13,22,29,39],[13, 34, 14, 35, 49, 39, 51, 53, 54]]
[[3,7,9,23,8,85],[13, 34, 14, 35, 50, 39, 51, 53, 54]]
[[5,11,17,23,25,77],[13, 34, 14, 35, 40, 42, 43, 51, 53]]
[[6,10,6,14,46,76],[13, 34, 14, 35, 40, 42, 50, 44, 53]]
[[6,10,12,14,41,70],[13, 34, 14, 35, 40, 42, 49, 51, 53]]
[[5,11,8,19,35,86],[13, 34, 14, 35, 40, 42, 50, 51, 53]]
[[4,8,10,16,54,56],[13, 34, 14, 35, 40, 42, 52, 51, 53]]
[[5,9,8,29,20,78],[13, 34, 14, 35, 40, 42, 52, 51, 54]]
[[8,8,14,16,38,68],[13, 34, 14, 35, 40, 43, 50, 44, 53]]
[[7,11,10,27,22,68],[13, 34, 14, 35, 40, 43, 52, 44, 53]]
[[4,8,16,24,34,68],[13, 34, 14, 35, 40, 49, 43, 51, 53]]
[[6,10,9,30,36,55],[13, 34, 14, 35, 40, 49, 43, 53, 54]]
[[6,14,9,22,31,59],[13, 34, 14, 35, 40, 43, 52, 51, 53]]
[[5,7,14,7,40,88],[13, 34, 14, 35, 40, 49, 50, 44, 53]]
[[6,10,12,22,36,70],[13, 34, 14, 35, 40, 49, 52, 44, 53]]
[[5,11,11,15,25,101],[13, 34, 14, 35, 40, 49, 52, 44, 54]]
[[5,7,8,15,25,64],[13, 34, 14, 35, 40, 49, 52, 51, 53]]
[[5,17,8,21,25,62],[13, 34, 14, 35, 40, 49, 52, 53, 54]]
[[5,9,17,13,40,93],[13, 34, 14, 35, 42, 43, 50, 44, 54]]
[[6,10,12,18,46,70],[13, 34, 14, 35, 42, 49, 43, 51, 53]]
[[7,11,10,23,27,80],[13, 34, 14, 35, 42, 43, 50, 51, 53]]
[[6,10,12,34,26,58],[13, 34, 14, 35, 42, 43, 52, 51, 53]]
[[5,13,8,29,40,64],[13, 34, 14, 35, 42, 49, 50, 44, 53]]
[[4,6,10,14,24,90],[13, 34, 14, 35, 42, 49, 52, 44, 53]]
[[5,7,11,27,25,73],[13, 34, 14, 35, 42, 50, 52, 44, 53]]
[[6,6,18,26,16,66],[13, 34, 14, 35, 42, 44, 51, 53, 54]]
[[6,12,9,24,36,63],[13, 34, 14, 35, 42, 49, 50, 51, 53]]
[[6,12,15,16,26,81],[13, 34, 14, 35, 42, 49, 50, 53, 54]]
[[7,11,7,15,52,65],[13, 34, 14, 35, 42, 49, 52, 51, 53]]
[[8,10,14,22,18,40],[13, 34, 14, 35, 42, 50, 52, 51, 53]]
[[4,8,13,16,24,101],[13, 34, 14, 35, 42, 50, 52, 53, 54]]
[[5,9,14,13,25,96],[13, 34, 14, 35, 49, 43, 50, 44, 53]]
[[5,11,8,15,50,62],[13, 34, 14, 35, 43, 50, 52, 44, 53]]
[[7,7,16,27,12,94],[13, 34, 14, 35, 49, 43, 52, 51, 53]]
[[6,10,12,22,41,58],[13, 34, 14, 35, 43, 50, 52, 51, 53]]
[[6,12,9,12,51,75],[13, 34, 14, 35, 49, 50, 52, 44, 53]]
[[6,8,12,24,46,56],[13, 34, 14, 35, 50, 44, 51, 53, 54]]
[[7,9,13,17,47,57],[13, 34, 14, 40, 37, 38, 43, 39, 53]]
[[6,12,6,20,51,60],[13, 34, 14, 40, 37, 38, 52, 39, 44]]
[[4,8,13,12,34,77],[13, 34, 14, 40, 37, 49, 38, 39, 53]]
[[4,10,13,22,49,67],[13, 34, 14, 40, 37, 38, 50, 39, 54]]
[[6,10,12,26,36,52],[13, 34, 14, 40, 37, 38, 52, 39, 53]]
[[4,14,13,14,44,65],[13, 34, 14, 37, 42, 38, 50, 39, 54]]
[[5,11,14,23,20,80],[13, 34, 14, 37, 42, 38, 52, 39, 51]]
[[6,8,12,24,26,92],[13, 34, 14, 37, 49, 38, 43, 39, 53]]
[[4,8,16,24,24,92],[13, 34, 14, 37, 38, 43, 50, 39, 54]]
[[6,12,6,24,36,84],[13, 34, 14, 37, 38, 43, 52, 39, 53]]
[[3,9,15,21,28,75],[13, 34, 14, 37, 49, 38, 52, 39, 44]]
[[7,9,10,21,32,90],[13, 34, 14, 37, 49, 38, 52, 39, 53]]
[[7,7,16,23,32,64],[13, 34, 14, 37, 38, 50, 52, 39, 51]]
[[7,9,13,25,32,57],[13, 34, 14, 40, 37, 38, 43, 53, 54]]
[[5,9,11,17,50,75],[13, 34, 14, 40, 37, 49, 38, 44, 53]]
[[7,7,16,27,32,52],[13, 34, 14, 40, 37, 38, 52, 44, 53]]
[[4,10,10,34,29,64],[13, 34, 14, 40, 37, 49, 38, 51, 53]]
[[4,4,16,24,34,76],[13, 34, 14, 40, 37, 49, 38, 53, 54]]
[[5,9,17,17,45,63],[13, 34, 14, 40, 37, 38, 50, 51, 53]]
[[5,11,11,23,30,65],[13, 34, 14, 40, 37, 38, 50, 53, 54]]
[[4,8,7,20,49,77],[13, 34, 14, 40, 37, 38, 52, 51, 53]]
[[4,8,22,8,24,92],[13, 34, 14, 40, 37, 38, 52, 53, 54]]
[[4,6,10,14,24,42],[13, 34, 14, 37, 42, 38, 43, 44, 53]]
[[5,5,14,33,20,68],[13, 34, 14, 37, 42, 38, 43, 53, 54]]
[[5,9,14,17,35,96],[13, 34, 14, 37, 42, 38, 50, 44, 54]]
[[5,9,11,29,30,57],[13, 34, 14, 37, 42, 38, 52, 44, 53]]
[[4,6,10,10,24,54],[13, 34, 14, 37, 42, 49, 38, 51, 53]]
[[5,7,20,11,45,94],[13, 34, 14, 37, 42, 38, 50, 53, 54]]
[[6,10,18,10,36,82],[13, 34, 14, 37, 42, 38, 52, 51, 53]]
[[6,6,21,18,36,57],[13, 34, 14, 37, 38, 43, 52, 44, 54]]
[[4,10,13,26,29,73],[13, 34, 14, 37, 49, 38, 43, 53, 54]]
[[4,10,19,18,34,79],[13, 34, 14, 37, 38, 43, 50, 51, 54]]
[[3,5,9,25,33,101],[13, 34, 14, 37, 38, 43, 50, 53, 54]]
[[2,8,14,20,22,56],[13, 34, 14, 37, 38, 43, 52, 53, 54]]
[[4,8,16,8,9,110],[13, 34, 14, 37, 49, 38, 50, 44, 54]]
[[4,8,10,28,34,74],[13, 34, 14, 37, 49, 38, 52, 44, 53]]
[[3,7,12,35,28,82],[13, 34, 14, 37, 38, 50, 52, 44, 53]]
[[4,4,16,48,29,58],[13, 34, 14, 37, 38, 50, 52, 44, 54]]
[[6,6,6,26,51,48],[13, 34, 14, 37, 49, 38, 50, 51, 53]]
[[3,5,21,13,28,101],[13, 34, 14, 37, 49, 38, 50, 51, 54]]
[[7,7,16,11,37,88],[13, 34, 14, 37, 49, 38, 52, 51, 53]]
[[3,5,9,25,23,65],[13, 34, 14, 37, 49, 38, 52, 53, 54]]
[[6,8,12,16,41,80],[13, 34, 14, 37, 38, 50, 52, 51, 53]]
[[3,11,6,19,28,74],[13, 34, 14, 40, 37, 42, 43, 39, 53]]
[[4,10,10,38,24,58],[13, 34, 14, 40, 37, 42, 52, 39, 53]]
[[5,5,14,25,15,50],[13, 34, 14, 40, 37, 42, 52, 39, 54]]
[[4,10,10,34,34,82],[13, 34, 14, 40, 37, 49, 43, 39, 53]]
[[4,8,22,12,24,104],[13, 34, 14, 40, 37, 43, 50, 39, 54]]
[[6,10,12,26,36,46],[13, 34, 14, 40, 37, 43, 52, 39, 53]]
[[4,12,10,32,29,48],[13, 34, 14, 40, 37, 50, 52, 39, 44]]
[[6,10,12,26,26,70],[13, 34, 14, 40, 37, 39, 44, 53, 54]]
[[4,10,13,26,29,85],[13, 34, 14, 40, 37, 49, 50, 39, 53]]
[[5,9,17,21,35,57],[13, 34, 14, 40, 37, 49, 50, 39, 54]]
[[4,10,10,18,24,76],[13, 34, 14, 40, 37, 49, 52, 39, 51]]
[[3,7,9,35,33,91],[13, 34, 14, 40, 37, 49, 52, 39, 53]]
[[4,6,13,22,49,111],[13, 34, 14, 40, 37, 49, 52, 39, 54]]
[[3,13,6,29,28,52],[13, 34, 14, 40, 37, 50, 52, 39, 51]]
[[2,12,8,24,42,84],[13, 34, 14, 37, 42, 43, 52, 39, 44]]
[[5,9,14,17,50,72],[13, 34, 14, 37, 42, 43, 52, 39, 51]]
[[6,10,6,34,36,64],[13, 34, 14, 37, 42, 43, 52, 39, 53]]
[[6,8,18,28,16,56],[13, 34, 14, 37, 42, 39, 44, 53, 54]]
[[4,8,13,12,14,101],[13, 34, 14, 37, 42, 49, 52, 39, 54]]
[[3,11,6,27,28,62],[13, 34, 14, 37, 49, 43, 52, 39, 44]]
[[6,6,12,14,51,78],[13, 34, 14, 37, 43, 39, 44, 53, 54]]
[[3,7,15,27,23,115],[13, 34, 14, 37, 49, 43, 50, 39, 54]]
[[5,9,17,29,25,75],[13, 34, 14, 37, 49, 43, 52, 39, 53]]
[[3,5,12,33,38,80],[13, 34, 14, 37, 43, 50, 52, 39, 54]]
[[3,5,9,29,33,113],[13, 34, 14, 37, 43, 39, 51, 53, 54]]
[[5,5,17,21,25,71],[13, 34, 14, 37, 49, 39, 44, 53, 54]]
[[4,10,13,14,14,103],[13, 34, 14, 37, 50, 39, 44, 51, 53]]
[[3,11,9,43,38,41],[13, 34, 14, 37, 52, 39, 44, 51, 53]]
[[3,9,21,21,23,75],[13, 34, 14, 37, 52, 39, 44, 53, 54]]
[[4,10,16,30,24,76],[13, 34, 14, 37, 49, 50, 52, 39, 51]]
[[7,9,13,25,27,63],[13, 34, 14, 37, 49, 50, 52, 39, 53]]
[[5,9,8,17,50,72],[13, 34, 14, 40, 37, 42, 50, 51, 53]]
[[7,9,10,37,27,48],[13, 34, 14, 40, 37, 42, 50, 53, 54]]
[[7,11,13,19,27,59],[13, 34, 14, 40, 37, 42, 52, 51, 54]]
[[5,9,11,21,55,63],[13, 34, 14, 40, 37, 49, 43, 44, 53]]
[[7,9,13,21,37,63],[13, 34, 14, 40, 37, 43, 52, 44, 53]]
[[6,6,15,14,56,75],[13, 34, 14, 40, 37, 49, 43, 53, 54]]
[[6,10,12,14,36,100],[13, 34, 14, 40, 37, 43, 50, 51, 54]]
[[7,11,16,11,32,68],[13, 34, 14, 40, 37, 49, 50, 44, 53]]
[[6,10,9,26,36,61],[13, 34, 14, 40, 37, 49, 52, 44, 53]]
[[5,7,20,11,30,82],[13, 34, 14, 40, 37, 49, 52, 44, 54]]
[[7,9,10,21,47,54],[13, 34, 14, 40, 37, 50, 52, 44, 53]]
[[4,12,19,20,24,75],[13, 34, 14, 40, 37, 49, 50, 51, 53]]
[[3,9,9,29,23,63],[13, 34, 14, 40, 37, 49, 52, 53, 54]]
[[6,10,15,18,36,67],[13, 34, 14, 40, 37, 50, 52, 51, 53]]
[[5,13,5,29,25,85],[13, 34, 14, 37, 42, 49, 43, 44, 53]]
[[6,10,6,26,16,100],[13, 34, 14, 37, 42, 43, 50, 44, 53]]
[[5,7,17,19,35,55],[13, 34, 14, 37, 42, 43, 52, 44, 53]]
[[6,10,12,18,51,52],[13, 34, 14, 37, 42, 49, 43, 51, 53]]
[[6,6,15,18,46,69],[13, 34, 14, 37, 42, 49, 50, 44, 54]]
[[6,8,9,24,36,65],[13, 34, 14, 37, 42, 49, 52, 44, 53]]
[[8,12,8,20,28,66],[13, 34, 14, 37, 42, 44, 51, 53, 54]]
[[4,10,10,22,19,82],[13, 34, 14, 37, 42, 49, 50, 53, 54]]
[[5,7,11,11,35,67],[13, 34, 14, 37, 42, 49, 52, 51, 53]]
[[6,10,12,34,16,70],[13, 34, 14, 37, 49, 43, 52, 44, 53]]
[[3,9,12,29,18,84],[13, 34, 14, 37, 49, 43, 50, 51, 54]]
[[5,11,11,19,25,89],[13, 34, 14, 37, 43, 50, 52, 51, 54]]
[[6,12,12,20,31,78],[13, 34, 14, 37, 49, 50, 52, 44, 53]]
[[7,7,10,27,42,64],[13, 34, 14, 37, 49, 50, 52, 51, 53]]
[[4,8,10,8,44,68],[13, 34, 14, 40, 42, 38, 50, 39, 54]]
[[3,11,6,27,28,62],[13, 34, 14, 40, 42, 38, 52, 39, 51]]
[[5,9,11,13,30,117],[13, 34, 14, 40, 38, 43, 50, 39, 53]]
[[5,7,17,11,45,91],[13, 34, 14, 40, 38, 43, 52, 39, 54]]
[[5,9,14,17,50,72],[13, 34, 14, 40, 49, 38, 52, 39, 44]]
[[4,10,13,30,24,79],[13, 34, 14, 40, 49, 38, 50, 39, 53]]
[[3,7,12,23,18,112],[13, 34, 14, 40, 49, 38, 50, 39, 54]]
[[2,12,8,24,42,84],[13, 34, 14, 40, 49, 38, 52, 39, 51]]
[[5,11,8,23,25,98],[13, 34, 14, 40, 49, 38, 52, 39, 53]]
[[3,7,9,31,28,85],[13, 34, 14, 40, 38, 50, 52, 39, 51]]
[[4,8,13,20,39,89],[13, 34, 14, 40, 38, 50, 52, 39, 53]]
[[5,7,20,15,50,76],[13, 34, 14, 40, 38, 50, 52, 39, 54]]
[[4,10,10,18,24,76],[13, 34, 14, 42, 38, 43, 52, 39, 44]]
[[5,11,11,27,25,71],[13, 34, 14, 42, 38, 43, 50, 39, 53]]
[[6,10,9,22,51,55],[13, 34, 14, 42, 38, 43, 52, 39, 53]]
[[4,8,10,36,34,56],[13, 34, 14, 42, 38, 50, 52, 39, 44]]
[[4,10,10,34,34,82],[13, 34, 14, 42, 38, 39, 44, 51, 53]]
[[3,9,6,33,23,66],[13, 34, 14, 42, 38, 50, 52, 39, 54]]
[[4,8,16,20,19,92],[13, 34, 14, 38, 43, 50, 52, 39, 44]]
[[4,12,10,24,19,102],[13, 34, 14, 49, 38, 43, 50, 39, 53]]
[[3,7,15,27,28,109],[13, 34, 14, 49, 38, 43, 50, 39, 54]]
[[5,7,14,7,45,88],[13, 34, 14, 49, 38, 43, 52, 39, 53]]
[[6,8,12,16,41,86],[13, 34, 14, 38, 43, 50, 52, 39, 53]]
[[5,7,17,11,35,79],[13, 34, 14, 38, 43, 39, 51, 53, 54]]
[[3,11,6,19,28,74],[13, 34, 14, 49, 38, 39, 44, 51, 53]]
[[5,7,11,27,35,67],[13, 34, 14, 49, 38, 39, 44, 53, 54]]
[[5,7,8,23,55,76],[13, 34, 14, 49, 38, 50, 52, 39, 53]]
[[4,4,13,20,39,55],[13, 34, 14, 49, 38, 50, 52, 39, 54]]
[[4,4,13,8,24,49],[13, 34, 14, 49, 38, 39, 51, 53, 54]]
[[4,8,13,16,24,101],[13, 34, 14, 38, 52, 39, 51, 53, 54]]
[[3,9,12,29,18,84],[13, 34, 14, 40, 42, 38, 50, 44, 54]]
[[6,10,6,10,46,94],[13, 34, 14, 40, 42, 49, 38, 51, 53]]
[[7,9,13,13,37,93],[13, 34, 14, 40, 42, 38, 50, 53, 54]]
[[6,10,12,34,16,70],[13, 34, 14, 40, 42, 38, 52, 51, 53]]
[[5,7,11,11,35,67],[13, 34, 14, 40, 38, 43, 52, 44, 53]]
[[6,8,15,24,46,53],[13, 34, 14, 40, 49, 38, 43, 51, 53]]
[[8,12,8,20,28,66],[13, 34, 14, 40, 49, 38, 43, 53, 54]]
[[6,6,15,18,46,69],[13, 34, 14, 40, 38, 43, 50, 51, 54]]
[[6,8,9,24,36,65],[13, 34, 14, 40, 38, 43, 52, 51, 53]]
[[4,10,13,22,24,97],[13, 34, 14, 40, 38, 43, 52, 53, 54]]
[[7,7,13,31,22,85],[13, 34, 14, 40, 38, 50, 52, 44, 53]]
[[6,10,6,26,16,100],[13, 34, 14, 40, 49, 38, 50, 51, 53]]
[[5,7,17,19,35,55],[13, 34, 14, 40, 49, 38, 52, 51, 53]]
[[5,11,14,15,45,56],[13, 34, 14, 40, 49, 38, 52, 53, 54]]
[[4,8,16,20,39,104],[13, 34, 14, 40, 38, 50, 52, 51, 53]]
[[5,7,14,23,15,76],[13, 34, 14, 42, 49, 38, 43, 44, 53]]
[[4,12,19,20,24,75],[13, 34, 14, 42, 38, 43, 50, 44, 53]]
[[7,11,16,11,32,68],[13, 34, 14, 42, 38, 43, 50, 51, 53]]
[[5,7,20,7,45,88],[13, 34, 14, 42, 38, 43, 50, 53, 54]]
[[6,10,9,26,36,61],[13, 34, 14, 42, 38, 43, 52, 51, 53]]
[[5,7,20,11,30,82],[13, 34, 14, 42, 38, 43, 52, 51, 54]]
[[6,10,12,14,36,100],[13, 34, 14, 42, 49, 38, 50, 44, 54]]
[[6,8,12,24,21,86],[13, 34, 14, 42, 38, 50, 52, 44, 54]]
[[6,6,15,14,56,75],[13, 34, 14, 42, 38, 44, 51, 53, 54]]
[[6,12,12,28,16,60],[13, 34, 14, 42, 49, 38, 50, 53, 54]]
[[7,9,13,21,37,63],[13, 34, 14, 42, 49, 38, 52, 51, 53]]
[[6,10,9,30,36,55],[13, 34, 14, 42, 38, 50, 52, 51, 53]]
[[2,10,11,22,42,67],[13, 34, 14, 42, 38, 50, 52, 53, 54]]
[[5,9,8,17,50,72],[13, 34, 14, 49, 38, 43, 50, 44, 53]]
[[7,11,13,19,27,59],[13, 34, 14, 49, 38, 43, 52, 44, 54]]
[[3,13,12,21,28,76],[13, 34, 14, 49, 38, 43, 52, 53, 54]]
[[4,8,16,20,29,80],[13, 34, 14, 49, 38, 50, 52, 44, 53]]
[[7,7,10,23,32,82],[13, 34, 14, 49, 38, 50, 52, 51, 53]]
[[3,9,15,21,28,75],[13, 34, 14, 40, 42, 43, 52, 39, 51]]
[[6,8,12,24,26,92],[13, 34, 14, 40, 42, 39, 44, 51, 53]]
[[6,16,6,24,21,64],[13, 34, 14, 40, 42, 39, 44, 53, 54]]
[[6,10,6,10,46,94],[13, 34, 14, 40, 42, 49, 50, 39, 53]]
[[6,10,12,22,36,58],[13, 34, 14, 40, 42, 49, 52, 39, 54]]
[[6,6,18,26,26,78],[13, 34, 14, 40, 42, 50, 52, 39, 53]]
[[7,11,13,19,32,59],[13, 34, 14, 40, 42, 39, 51, 53, 54]]
[[5,11,14,23,20,80],[13, 34, 14, 40, 49, 43, 52, 39, 44]]
[[4,10,7,22,59,67],[13, 34, 14, 40, 43, 39, 44, 53, 54]]
[[5,9,14,17,40,84],[13, 34, 14, 40, 49, 43, 50, 39, 54]]
[[7,11,13,19,27,71],[13, 34, 14, 40, 43, 50, 52, 39, 54]]
[[6,8,9,12,31,107],[13, 34, 14, 40, 50, 39, 44, 51, 53]]
[[6,10,12,22,36,82],[13, 34, 14, 40, 50, 39, 44, 53, 54]]
[[6,10,15,18,31,73],[13, 34, 14, 40, 52, 39, 44, 51, 54]]
[[4,10,13,10,49,55],[13, 34, 14, 40, 49, 50, 52, 39, 51]]
[[4,6,13,18,24,51],[13, 34, 14, 42, 43, 50, 52, 39, 44]]
[[4,8,13,12,34,77],[13, 34, 14, 42, 43, 39, 44, 51, 53]]
[[5,13,8,25,30,88],[13, 34, 14, 42, 49, 43, 50, 39, 54]]
[[6,12,6,20,51,60],[13, 34, 14, 42, 49, 43, 52, 39, 51]]
[[6,8,9,20,26,89],[13, 34, 14, 42, 43, 50, 52, 39, 53]]
[[5,9,14,25,40,96],[13, 34, 14, 42, 43, 50, 52, 39, 54]]
[[5,7,11,15,45,91],[13, 34, 14, 42, 43, 39, 51, 53, 54]]
[[7,9,13,17,47,57],[13, 34, 14, 42, 49, 39, 44, 51, 53]]
[[7,13,10,17,27,82],[13, 34, 14, 42, 50, 39, 44, 51, 54]]
[[6,12,12,24,31,48],[13, 34, 14, 42, 50, 39, 44, 53, 54]]
[[5,5,11,9,15,53],[13, 34, 14, 42, 52, 39, 44, 51, 53]]
[[6,12,6,20,36,96],[13, 34, 14, 42, 52, 39, 44, 51, 54]]
[[5,13,17,17,25,55],[13, 34, 14, 42, 52, 39, 44, 53, 54]]
[[6,12,15,16,36,51],[13, 34, 14, 42, 49, 39, 51, 53, 54]]
[[2,10,5,26,27,55],[13, 34, 14, 42, 52, 39, 51, 53, 54]]
[[7,11,10,27,32,38],[13, 34, 14, 49, 43, 39, 44, 53, 54]]
[[5,9,17,13,30,93],[13, 34, 14, 43, 50, 39, 44, 51, 54]]
[[4,12,13,36,19,57],[13, 34, 14, 49, 43, 50, 52, 39, 54]]
[[4,8,13,16,34,65],[13, 34, 14, 49, 43, 39, 51, 53, 54]]
[[5,11,11,27,40,53],[13, 34, 14, 43, 50, 39, 51, 53, 54]]
[[4,10,16,14,14,106],[13, 34, 14, 43, 52, 39, 51, 53, 54]]
[[5,13,11,29,30,49],[13, 34, 14, 49, 50, 39, 44, 51, 53]]
[[5,9,17,29,25,45],[13, 34, 14, 49, 50, 39, 44, 53, 54]]
[[4,14,10,26,24,74],[13, 34, 14, 49, 52, 39, 44, 53, 54]]
[[5,11,11,23,30,83],[13, 34, 14, 50, 52, 39, 44, 51, 53]]
[[3,9,9,29,28,45],[13, 34, 14, 49, 52, 39, 51, 53, 54]]
[[5,9,8,33,50,72],[13, 34, 14, 40, 42, 49, 43, 44, 53]]
[[6,6,6,26,51,48],[13, 34, 14, 40, 42, 43, 50, 44, 53]]
[[3,5,21,13,28,101],[13, 34, 14, 40, 42, 43, 50, 44, 54]]
[[7,7,16,11,37,88],[13, 34, 14, 40, 42, 43, 52, 44, 53]]
[[4,14,4,22,34,80],[13, 34, 14, 40, 42, 49, 43, 51, 53]]
[[4,8,16,8,9,110],[13, 34, 14, 40, 42, 43, 50, 51, 54]]
[[4,8,10,28,34,74],[13, 34, 14, 40, 42, 43, 52, 51, 53]]
[[4,10,19,18,34,79],[13, 34, 14, 40, 42, 49, 50, 44, 54]]
[[4,10,13,26,29,73],[13, 34, 14, 40, 42, 44, 51, 53, 54]]
[[6,6,21,18,36,57],[13, 34, 14, 40, 42, 49, 52, 51, 54]]
[[3,9,12,33,43,66],[13, 34, 14, 40, 42, 49, 52, 53, 54]]
[[6,10,18,10,36,82],[13, 34, 14, 40, 49, 43, 52, 44, 53]]
[[4,6,19,18,39,81],[13, 34, 14, 40, 43, 50, 52, 44, 54]]
[[5,9,14,17,35,96],[13, 34, 14, 40, 49, 43, 50, 51, 54]]
[[6,10,15,18,31,85],[13, 34, 14, 40, 49, 43, 50, 53, 54]]
[[5,9,11,29,30,57],[13, 34, 14, 40, 49, 43, 52, 51, 53]]
[[5,11,23,15,10,89],[13, 34, 14, 40, 49, 43, 52, 53, 54]]
[[5,7,11,23,35,85],[13, 34, 14, 40, 43, 50, 52, 51, 54]]
[[5,5,14,33,20,68],[13, 34, 14, 40, 49, 44, 51, 53, 54]]
[[3,7,9,31,33,19],[13, 34, 14, 40, 49, 50, 52, 53, 54]]
[[5,9,17,17,45,63],[13, 34, 14, 42, 49, 43, 50, 44, 53]]
[[4,8,7,20,49,77],[13, 34, 14, 42, 49, 43, 52, 44, 53]]
[[4,4,16,24,34,76],[13, 34, 14, 42, 43, 44, 51, 53, 54]]
[[7,7,16,27,32,52],[13, 34, 14, 42, 49, 43, 52, 51, 53]]
[[2,6,8,34,32,66],[13, 34, 14, 42, 43, 50, 52, 53, 54]]
[[6,6,12,18,16,78],[13, 34, 14, 42, 49, 50, 52, 44, 53]]
[[7,9,13,25,32,57],[13, 34, 14, 42, 49, 44, 51, 53, 54]]
[[6,10,12,34,21,70],[13, 34, 14, 42, 50, 44, 51, 53, 54]]
[[3,7,9,27,18,97],[13, 34, 14, 42, 52, 44, 51, 53, 54]]
[[5,5,11,21,35,59],[13, 34, 14, 42, 49, 50, 52, 51, 53]]
[[4,6,4,22,24,42],[13, 34, 14, 49, 43, 50, 52, 44, 53]]
[[6,6,21,26,26,51],[13, 34, 14, 43, 50, 44, 51, 53, 54]]
[[4,8,16,20,14,98],[13, 34, 14, 49, 43, 50, 52, 51, 54]]
[[1,13,4,29,56,70],[13, 34, 14, 49, 43, 50, 52, 53, 54]]
[[5,7,11,7,25,73],[13, 14, 35, 40, 37, 49, 38, 39, 53]]
[[5,9,17,9,30,111],[13, 14, 35, 40, 37, 38, 50, 39, 54]]
[[7,7,19,23,27,61],[13, 14, 35, 40, 37, 38, 52, 39, 53]]
[[8,8,14,28,23,44],[13, 14, 35, 37, 42, 38, 50, 39, 53]]
[[6,12,12,20,26,78],[13, 14, 35, 37, 42, 38, 52, 39, 51]]
[[5,9,14,13,35,84],[13, 14, 35, 37, 38, 43, 52, 39, 44]]
[[6,10,15,18,31,73],[13, 14, 35, 37, 38, 43, 52, 39, 54]]
[[4,10,13,18,39,97],[13, 14, 35, 37, 49, 38, 52, 39, 44]]
[[7,9,7,33,42,33],[13, 14, 35, 37, 38, 39, 44, 53, 54]]
[[4,12,7,20,24,87],[13, 14, 35, 37, 49, 38, 50, 39, 54]]
[[6,10,12,18,46,58],[13, 14, 35, 37, 49, 38, 52, 39, 53]]
[[4,10,7,30,9,73],[13, 14, 35, 37, 38, 50, 52, 39, 54]]
[[4,8,13,24,24,77],[13, 14, 35, 37, 38, 39, 51, 53, 54]]
[[5,7,8,27,60,70],[13, 14, 35, 40, 37, 42, 38, 44, 53]]
[[7,7,13,19,32,85],[13, 14, 35, 40, 37, 38, 43, 44, 53]]
[[4,6,10,10,24,54],[13, 14, 35, 40, 37, 49, 38, 44, 53]]
[[5,7,8,15,35,88],[13, 14, 35, 40, 37, 38, 50, 44, 53]]
[[2,8,14,24,17,92],[13, 14, 35, 40, 37, 38, 50, 44, 54]]
[[6,6,18,26,36,66],[13, 14, 35, 40, 37, 38, 52, 44, 53]]
[[5,5,11,9,40,77],[13, 14, 35, 40, 37, 49, 38, 53, 54]]
[[5,7,14,11,30,100],[13, 14, 35, 40, 37, 38, 50, 51, 54]]
[[6,12,12,20,26,78],[13, 14, 35, 40, 37, 38, 50, 53, 54]]
[[6,10,18,30,6,34],[13, 14, 35, 37, 42, 38, 43, 51, 53]]
[[4,10,19,22,29,79],[13, 14, 35, 37, 42, 38, 43, 53, 54]]
[[4,10,13,30,19,91],[13, 14, 35, 37, 42, 49, 38, 44, 53]]
[[5,11,11,19,40,83],[13, 14, 35, 37, 42, 49, 38, 51, 53]]
[[5,9,11,21,35,81],[13, 14, 35, 37, 42, 49, 38, 53, 54]]
[[6,10,9,26,36,73],[13, 14, 35, 37, 42, 38, 50, 51, 53]]
[[3,5,21,13,28,101],[13, 14, 35, 37, 42, 38, 50, 51, 54]]
[[4,8,10,12,39,80],[13, 14, 35, 37, 49, 38, 43, 44, 53]]
[[3,9,9,21,23,99],[13, 14, 35, 37, 38, 43, 50, 44, 53]]
[[4,8,10,20,34,56],[13, 14, 35, 37, 38, 43, 50, 44, 54]]
[[4,10,10,34,14,76],[13, 14, 35, 37, 38, 43, 52, 44, 53]]
[[5,7,17,23,25,61],[13, 14, 35, 37, 49, 38, 43, 53, 54]]
[[6,8,6,24,41,62],[13, 14, 35, 37, 38, 43, 50, 51, 53]]
[[5,7,5,31,55,91],[13, 14, 35, 37, 38, 43, 52, 51, 53]]
[[3,11,9,31,33,77],[13, 14, 35, 37, 38, 43, 52, 53, 54]]
[[5,7,11,23,25,61],[13, 14, 35, 37, 49, 38, 52, 44, 53]]
[[5,7,20,19,45,64],[13, 14, 35, 37, 38, 50, 52, 44, 54]]
[[5,5,14,25,30,56],[13, 14, 35, 37, 38, 44, 51, 53, 54]]
[[2,6,11,34,32,99],[13, 14, 35, 37, 49, 38, 50, 51, 54]]
[[5,7,23,7,45,85],[13, 14, 35, 37, 49, 38, 50, 53, 54]]
[[4,8,19,20,34,95],[13, 14, 35, 37, 38, 50, 52, 51, 54]]
[[1,9,4,29,26,72],[13, 14, 35, 37, 38, 50, 52, 53, 54]]
[[4,8,7,28,49,83],[13, 14, 35, 40, 37, 42, 43, 39, 53]]
[[5,11,11,11,45,59],[13, 14, 35, 40, 37, 42, 49, 39, 53]]
[[3,9,6,25,8,48],[13, 14, 35, 40, 37, 42, 52, 39, 53]]
[[5,9,11,17,30,81],[13, 14, 35, 40, 37, 43, 52, 39, 44]]
[[3,11,9,35,23,71],[13, 14, 35, 40, 37, 49, 43, 39, 53]]
[[3,9,12,37,28,66],[13, 14, 35, 40, 37, 43, 50, 39, 54]]
[[2,14,11,34,27,53],[13, 14, 35, 40, 37, 43, 52, 39, 51]]
[[5,9,11,25,35,63],[13, 14, 35, 40, 37, 43, 52, 39, 53]]
[[4,6,10,22,24,90],[13, 14, 35, 40, 37, 49, 52, 39, 44]]
[[3,7,15,31,28,109],[13, 14, 35, 40, 37, 50, 52, 39, 44]]
[[5,11,11,23,45,53],[13, 14, 35, 40, 37, 39, 44, 53, 54]]
[[4,6,4,22,24,42],[13, 14, 35, 40, 37, 49, 52, 39, 53]]
[[6,6,18,18,36,72],[13, 14, 35, 40, 37, 39, 51, 53, 54]]
[[3,11,6,27,28,62],[13, 14, 35, 37, 42, 43, 52, 39, 44]]
[[3,9,12,33,23,66],[13, 14, 35, 37, 42, 43, 50, 39, 54]]
[[4,12,13,28,29,57],[13, 14, 35, 37, 42, 43, 52, 39, 51]]
[[3,9,15,33,18,87],[13, 14, 35, 37, 42, 50, 52, 39, 44]]
[[5,9,8,13,15,108],[13, 14, 35, 37, 42, 49, 50, 39, 53]]
[[5,11,11,23,25,83],[13, 14, 35, 37, 42, 49, 52, 39, 51]]
[[5,11,14,27,20,74],[13, 14, 35, 37, 42, 49, 52, 39, 54]]
[[4,10,7,22,54,61],[13, 14, 35, 37, 42, 50, 52, 39, 51]]
[[7,11,10,15,42,74],[13, 14, 35, 37, 42, 50, 52, 39, 53]]
[[2,10,5,34,27,49],[13, 14, 35, 37, 49, 43, 52, 39, 44]]
[[3,7,9,35,33,61],[13, 14, 35, 37, 43, 50, 52, 39, 44]]
[[6,8,12,32,31,68],[13, 14, 35, 37, 49, 43, 52, 39, 53]]
[[6,10,18,10,36,82],[13, 14, 35, 37, 49, 39, 44, 53, 54]]
[[5,11,17,23,25,77],[13, 14, 35, 37, 50, 39, 44, 51, 53]]
[[6,8,15,12,36,89],[13, 14, 35, 37, 50, 39, 44, 51, 54]]
[[5,7,17,23,40,85],[13, 14, 35, 37, 50, 39, 44, 53, 54]]
[[5,7,11,19,40,85],[13, 14, 35, 37, 52, 39, 44, 51, 54]]
[[4,8,16,12,34,62],[13, 14, 35, 37, 52, 39, 44, 53, 54]]
[[6,8,18,16,31,74],[13, 14, 35, 37, 49, 50, 52, 39, 53]]
[[5,11,14,15,35,92],[13, 14, 35, 37, 49, 39, 51, 53, 54]]
[[4,6,19,18,34,99],[13, 14, 35, 37, 50, 39, 51, 53, 54]]
[[1,9,10,29,36,90],[13, 14, 35, 37, 52, 39, 51, 53, 54]]
[[6,6,9,18,31,69],[13, 14, 35, 40, 37, 42, 52, 44, 53]]
[[5,9,11,25,45,81],[13, 14, 35, 40, 37, 42, 49, 51, 53]]
[[4,8,10,12,19,74],[13, 14, 35, 40, 37, 42, 50, 51, 53]]
[[5,7,14,7,20,100],[13, 14, 35, 40, 37, 42, 52, 51, 53]]
[[6,8,15,20,31,65],[13, 14, 35, 40, 37, 42, 52, 51, 54]]
[[6,8,9,28,46,59],[13, 14, 35, 40, 37, 49, 43, 44, 53]]
[[7,9,13,29,32,39],[13, 14, 35, 40, 37, 43, 50, 44, 53]]
[[8,10,11,26,23,43],[13, 14, 35, 40, 37, 43, 52, 44, 53]]
[[5,13,11,25,40,49],[13, 14, 35, 40, 37, 49, 43, 51, 53]]
[[5,5,11,21,45,77],[13, 14, 35, 40, 37, 49, 43, 53, 54]]
[[5,7,11,27,30,73],[13, 14, 35, 40, 37, 43, 52, 51, 53]]
[[6,10,6,26,26,94],[13, 14, 35, 40, 37, 49, 50, 44, 53]]
[[5,7,11,15,55,67],[13, 14, 35, 40, 37, 49, 52, 44, 53]]
[[6,6,18,26,16,66],[13, 14, 35, 40, 37, 50, 52, 44, 53]]
[[5,15,11,23,15,81],[13, 14, 35, 40, 37, 49, 50, 51, 53]]
[[4,10,16,18,19,112],[13, 14, 35, 40, 37, 49, 52, 53, 54]]
[[7,7,19,23,27,61],[13, 14, 35, 40, 37, 50, 52, 51, 53]]
[[6,12,9,24,46,39],[13, 14, 35, 37, 42, 43, 50, 44, 54]]
[[6,8,12,28,11,92],[13, 14, 35, 37, 42, 43, 52, 44, 53]]
[[5,9,11,21,55,63],[13, 14, 35, 37, 42, 49, 43, 51, 53]]
[[6,8,12,24,26,92],[13, 14, 35, 37, 42, 43, 50, 51, 53]]
[[6,12,9,20,31,93],[13, 14, 35, 37, 42, 43, 50, 53, 54]]
[[7,13,7,21,27,91],[13, 14, 35, 37, 42, 43, 52, 51, 53]]
[[4,10,10,18,39,76],[13, 14, 35, 37, 42, 49, 50, 44, 53]]
[[5,9,8,13,40,42],[13, 14, 35, 37, 42, 49, 52, 44, 53]]
[[7,11,10,27,27,50],[13, 14, 35, 37, 42, 49, 50, 51, 53]]
[[6,12,12,20,41,54],[13, 14, 35, 37, 42, 49, 52, 51, 53]]
[[7,9,16,17,32,66],[13, 14, 35, 37, 42, 50, 52, 51, 53]]
[[5,7,14,27,30,64],[13, 14, 35, 37, 49, 43, 52, 44, 53]]
[[4,10,19,26,24,97],[13, 14, 35, 37, 43, 50, 52, 44, 53]]
[[8,10,11,18,33,73],[13, 14, 35, 37, 49, 43, 52, 51, 53]]
[[7,7,10,23,42,64],[13, 14, 35, 37, 43, 50, 52, 51, 53]]
[[4,8,10,16,24,80],[13, 14, 35, 40, 42, 38, 50, 39, 53]]
[[2,10,5,34,27,49],[13, 14, 35, 40, 42, 38, 52, 39, 51]]
[[5,11,8,19,25,104],[13, 14, 35, 40, 42, 38, 52, 39, 53]]
[[5,11,11,23,25,83],[13, 14, 35, 40, 38, 43, 52, 39, 44]]
[[3,9,6,37,23,42],[13, 14, 35, 40, 38, 43, 52, 39, 53]]
[[4,6,13,22,49,111],[13, 14, 35, 40, 38, 43, 52, 39, 54]]
[[4,12,13,28,29,57],[13, 14, 35, 40, 49, 38, 52, 39, 44]]
[[3,7,12,23,18,112],[13, 14, 35, 40, 38, 39, 44, 53, 54]]
[[4,8,16,16,24,80],[13, 14, 35, 40, 49, 38, 50, 39, 54]]
[[3,11,6,27,28,62],[13, 14, 35, 40, 49, 38, 52, 39, 51]]
[[5,7,11,15,25,67],[13, 14, 35, 40, 38, 50, 52, 39, 53]]
[[6,6,18,22,26,66],[13, 14, 35, 40, 38, 50, 52, 39, 54]]
[[6,10,15,18,31,61],[13, 14, 35, 40, 38, 39, 51, 53, 54]]
[[3,7,15,19,38,61],[13, 14, 35, 42, 38, 43, 50, 39, 54]]
[[4,6,10,22,24,90],[13, 14, 35, 42, 38, 43, 52, 39, 51]]
[[4,8,19,12,14,101],[13, 14, 35, 42, 38, 43, 52, 39, 54]]
[[2,14,11,34,27,53],[13, 14, 35, 42, 49, 38, 52, 39, 44]]
[[3,11,9,35,23,71],[13, 14, 35, 42, 38, 39, 44, 51, 53]]
[[4,8,13,20,19,107],[13, 14, 35, 42, 49, 38, 50, 39, 54]]
[[5,9,11,17,30,81],[13, 14, 35, 42, 49, 38, 52, 39, 51]]
[[6,8,18,20,41,62],[13, 14, 35, 42, 38, 50, 52, 39, 51]]
[[5,11,14,27,20,74],[13, 14, 35, 42, 38, 50, 52, 39, 53]]
[[4,4,13,20,39,55],[13, 14, 35, 42, 38, 50, 52, 39, 54]]
[[4,8,22,16,24,92],[13, 14, 35, 42, 38, 39, 51, 53, 54]]
[[3,11,9,23,18,95],[13, 14, 35, 38, 43, 50, 52, 39, 44]]
[[5,11,11,11,45,59],[13, 14, 35, 38, 43, 39, 44, 51, 53]]
[[5,5,11,21,25,71],[13, 14, 35, 38, 43, 39, 44, 53, 54]]
[[5,13,11,29,25,61],[13, 14, 35, 49, 38, 43, 50, 39, 53]]
[[6,10,12,18,41,82],[13, 14, 35, 49, 38, 43, 52, 39, 53]]
[[4,12,10,28,24,90],[13, 14, 35, 38, 43, 50, 52, 39, 51]]
[[4,10,10,46,14,46],[13, 14, 35, 49, 38, 50, 52, 39, 44]]
[[4,8,7,28,49,83],[13, 14, 35, 49, 38, 39, 44, 51, 53]]
[[6,8,18,12,51,74],[13, 14, 35, 49, 38, 39, 44, 53, 54]]
[[4,8,13,20,34,125],[13, 14, 35, 38, 50, 39, 44, 51, 54]]
[[7,9,13,13,42,81],[13, 14, 35, 38, 50, 39, 44, 53, 54]]
[[6,12,9,12,51,75],[13, 14, 35, 38, 52, 39, 44, 51, 53]]
[[4,6,16,18,29,90],[13, 14, 35, 38, 52, 39, 44, 53, 54]]
[[4,10,10,30,34,94],[13, 14, 35, 49, 38, 50, 52, 39, 53]]
[[3,5,12,45,38,62],[13, 14, 35, 49, 38, 39, 51, 53, 54]]
[[6,8,12,16,46,68],[13, 14, 35, 40, 42, 38, 43, 51, 53]]
[[8,10,11,18,33,73],[13, 14, 35, 40, 42, 38, 52, 44, 53]]
[[5,13,11,29,25,67],[13, 14, 35, 40, 42, 49, 38, 51, 53]]
[[5,7,14,27,30,64],[13, 14, 35, 40, 42, 38, 52, 51, 53]]
[[8,10,8,34,13,58],[13, 14, 35, 40, 49, 38, 43, 44, 53]]
[[7,11,10,27,27,50],[13, 14, 35, 40, 38, 43, 50, 44, 53]]
[[6,12,12,20,41,54],[13, 14, 35, 40, 38, 43, 52, 44, 53]]
[[4,10,10,18,39,76],[13, 14, 35, 40, 38, 43, 50, 51, 53]]
[[5,9,8,13,40,42],[13, 14, 35, 40, 38, 43, 52, 51, 53]]
[[3,11,12,31,38,80],[13, 14, 35, 40, 38, 43, 52, 53, 54]]
[[6,8,12,24,26,92],[13, 14, 35, 40, 49, 38, 50, 44, 53]]
[[7,13,7,21,27,91],[13, 14, 35, 40, 49, 38, 52, 44, 53]]
[[6,8,12,24,46,68],[13, 14, 35, 40, 38, 50, 52, 44, 53]]
[[6,12,9,24,46,39],[13, 14, 35, 40, 49, 38, 50, 51, 54]]
[[6,8,12,28,11,92],[13, 14, 35, 40, 49, 38, 52, 51, 53]]
[[6,6,15,18,31,75],[13, 14, 35, 40, 38, 50, 52, 51, 54]]
[[5,15,11,23,15,81],[13, 14, 35, 42, 38, 43, 50, 44, 53]]
[[6,10,6,26,26,94],[13, 14, 35, 42, 38, 43, 50, 51, 53]]
[[4,10,13,22,19,91],[13, 14, 35, 42, 38, 43, 50, 53, 54]]
[[5,7,11,15,55,67],[13, 14, 35, 42, 38, 43, 52, 51, 53]]
[[5,7,11,27,30,73],[13, 14, 35, 42, 49, 38, 52, 44, 53]]
[[4,10,13,18,24,79],[13, 14, 35, 42, 38, 50, 52, 44, 53]]
[[5,5,11,21,45,77],[13, 14, 35, 42, 38, 44, 51, 53, 54]]
[[7,9,13,29,32,39],[13, 14, 35, 42, 49, 38, 50, 51, 53]]
[[7,11,7,31,27,65],[13, 14, 35, 42, 49, 38, 50, 53, 54]]
[[8,10,11,26,23,43],[13, 14, 35, 42, 49, 38, 52, 51, 53]]
[[3,7,15,23,33,109],[13, 14, 35, 42, 38, 50, 52, 53, 54]]
[[4,8,10,12,19,74],[13, 14, 35, 49, 38, 43, 50, 44, 53]]
[[5,7,14,7,20,100],[13, 14, 35, 49, 38, 43, 52, 44, 53]]
[[6,8,15,20,31,65],[13, 14, 35, 49, 38, 43, 52, 44, 54]]
[[6,14,9,18,36,59],[13, 14, 35, 38, 43, 50, 52, 44, 53]]
[[6,6,9,18,31,69],[13, 14, 35, 49, 38, 43, 52, 51, 53]]
[[7,11,10,19,37,68],[13, 14, 35, 38, 43, 50, 52, 51, 53]]
[[5,9,17,33,15,57],[13, 14, 35, 49, 38, 50, 52, 44, 53]]
[[7,7,13,31,42,49],[13, 14, 35, 38, 50, 44, 51, 53, 54]]
[[5,11,17,19,20,95],[13, 14, 35, 49, 38, 50, 52, 51, 54]]
[[6,8,9,16,26,77],[13, 14, 35, 40, 42, 43, 50, 39, 53]]
[[5,9,11,21,55,57],[13, 14, 35, 40, 42, 43, 50, 39, 54]]
[[4,10,13,18,39,97],[13, 14, 35, 40, 42, 43, 52, 39, 51]]
[[5,7,8,11,20,64],[13, 14, 35, 40, 42, 50, 52, 39, 44]]
[[5,13,8,17,45,82],[13, 14, 35, 40, 42, 49, 50, 39, 53]]
[[5,9,14,13,35,84],[13, 14, 35, 40, 42, 49, 52, 39, 51]]
[[5,7,14,27,40,70],[13, 14, 35, 40, 42, 50, 52, 39, 53]]
[[6,10,12,26,36,70],[13, 14, 35, 40, 42, 39, 51, 53, 54]]
[[6,12,12,20,26,78],[13, 14, 35, 40, 49, 43, 52, 39, 44]]
[[4,8,13,20,39,77],[13, 14, 35, 40, 49, 43, 50, 39, 54]]
[[6,12,12,12,31,114],[13, 14, 35, 40, 49, 43, 52, 39, 53]]
[[6,8,15,20,31,65],[13, 14, 35, 40, 43, 50, 52, 39, 54]]
[[4,12,10,36,29,60],[13, 14, 35, 40, 50, 39, 44, 51, 54]]
[[5,9,11,21,50,75],[13, 14, 35, 40, 50, 39, 44, 53, 54]]
[[5,11,14,11,30,110],[13, 14, 35, 40, 52, 39, 44, 51, 54]]
[[2,10,5,38,47,61],[13, 14, 35, 40, 52, 39, 44, 53, 54]]
[[6,12,12,12,41,84],[13, 14, 35, 40, 50, 39, 51, 53, 54]]
[[5,15,8,27,20,66],[13, 14, 35, 40, 52, 39, 51, 53, 54]]
[[5,7,11,7,25,73],[13, 14, 35, 42, 43, 39, 44, 51, 53]]
[[4,10,7,26,44,73],[13, 14, 35, 42, 43, 39, 51, 53, 54]]
[[4,14,13,34,14,47],[13, 14, 35, 42, 49, 50, 52, 39, 44]]
[[4,6,16,18,24,72],[13, 14, 35, 42, 52, 39, 44, 51, 53]]
[[7,11,7,31,27,65],[13, 14, 35, 42, 49, 39, 51, 53, 54]]
[[3,11,9,23,53,77],[13, 14, 35, 42, 52, 39, 51, 53, 54]]
[[6,10,12,22,36,70],[13, 14, 35, 49, 43, 39, 44, 53, 54]]
[[5,13,8,25,25,94],[13, 14, 35, 43, 50, 39, 44, 51, 53]]
[[4,10,4,30,4,58],[13, 14, 35, 43, 52, 39, 44, 53, 54]]
[[5,9,14,25,30,60],[13, 14, 35, 49, 43, 50, 52, 39, 54]]
[[5,7,14,31,25,88],[13, 14, 35, 49, 43, 39, 51, 53, 54]]
[[7,11,10,31,22,50],[13, 14, 35, 49, 50, 39, 44, 51, 54]]
[[6,12,9,20,36,69],[13, 14, 35, 49, 50, 39, 44, 53, 54]]
[[6,8,12,16,36,80],[13, 14, 35, 49, 52, 39, 44, 51, 54]]
[[6,10,18,18,36,64],[13, 14, 35, 50, 52, 39, 44, 53, 54]]
[[5,13,11,21,40,67],[13, 14, 35, 49, 50, 39, 51, 53, 54]]
[[2,10,5,30,37,55],[13, 14, 35, 49, 52, 39, 51, 53, 54]]
[[2,6,11,34,32,99],[13, 14, 35, 40, 42, 43, 50, 44, 54]]
[[5,11,11,15,35,89],[13, 14, 35, 40, 42, 49, 43, 51, 53]]
[[5,5,14,25,30,56],[13, 14, 35, 40, 42, 49, 43, 53, 54]]
[[6,8,12,24,26,92],[13, 14, 35, 40, 42, 43, 50, 53, 54]]
[[5,7,11,23,25,61],[13, 14, 35, 40, 42, 43, 52, 51, 53]]
[[5,11,17,19,35,59],[13, 14, 35, 40, 42, 43, 52, 53, 54]]
[[6,8,6,24,41,62],[13, 14, 35, 40, 42, 49, 50, 44, 53]]
[[5,7,5,31,55,91],[13, 14, 35, 40, 42, 49, 52, 44, 53]]
[[6,10,6,30,26,88],[13, 14, 35, 40, 42, 50, 52, 44, 53]]
[[5,7,17,23,25,61],[13, 14, 35, 40, 42, 44, 51, 53, 54]]
[[3,9,9,21,23,99],[13, 14, 35, 40, 42, 49, 50, 51, 53]]
[[4,8,10,20,34,56],[13, 14, 35, 40, 42, 49, 50, 51, 54]]
[[4,10,10,34,14,76],[13, 14, 35, 40, 42, 49, 52, 51, 53]]
[[5,7,11,23,25,61],[13, 14, 35, 40, 42, 50, 52, 51, 53]]
[[6,10,9,26,36,73],[13, 14, 35, 40, 49, 43, 50, 44, 53]]
[[3,5,21,13,28,101],[13, 14, 35, 40, 49, 43, 50, 44, 54]]
[[6,8,12,20,41,80],[13, 14, 35, 40, 43, 50, 52, 44, 53]]
[[5,5,17,13,30,65],[13, 14, 35, 40, 43, 50, 52, 44, 54]]
[[5,9,11,21,35,81],[13, 14, 35, 40, 43, 44, 51, 53, 54]]
[[5,7,11,15,40,97],[13, 14, 35, 40, 49, 43, 50, 53, 54]]
[[3,5,6,21,23,92],[13, 14, 35, 40, 43, 50, 52, 51, 53]]
[[3,7,21,23,28,85],[13, 14, 35, 40, 43, 50, 52, 53, 54]]
[[5,7,14,23,20,76],[13, 14, 35, 40, 49, 50, 52, 44, 53]]
[[4,10,19,22,29,79],[13, 14, 35, 40, 49, 44, 51, 53, 54]]
[[3,7,21,31,38,73],[13, 14, 35, 40, 50, 44, 51, 53, 54]]
[[5,7,14,11,30,100],[13, 14, 35, 42, 49, 43, 50, 44, 54]]
[[4,10,10,38,24,58],[13, 14, 35, 42, 43, 50, 52, 44, 53]]
[[5,9,11,29,30,69],[13, 14, 35, 42, 43, 50, 52, 44, 54]]
[[5,5,11,9,40,77],[13, 14, 35, 42, 43, 44, 51, 53, 54]]
[[5,7,8,15,35,88],[13, 14, 35, 42, 49, 43, 50, 51, 53]]
[[2,8,14,24,17,92],[13, 14, 35, 42, 49, 43, 50, 51, 54]]
[[5,7,14,19,30,70],[13, 14, 35, 42, 49, 43, 50, 53, 54]]
[[6,6,18,26,36,66],[13, 14, 35, 42, 49, 43, 52, 51, 53]]
[[5,7,14,15,45,88],[13, 14, 35, 42, 43, 50, 52, 51, 53]]
[[5,9,14,21,50,72],[13, 14, 35, 42, 49, 50, 52, 44, 53]]
[[2,6,8,18,12,66],[13, 14, 35, 42, 52, 44, 51, 53, 54]]
[[6,8,18,16,31,74],[13, 14, 35, 42, 49, 50, 52, 51, 53]]
[[4,8,19,24,24,101],[13, 14, 35, 42, 49, 50, 52, 53, 54]]
[[3,5,12,33,23,74],[13, 14, 35, 49, 43, 50, 52, 44, 53]]
[[4,4,16,48,29,58],[13, 14, 35, 49, 43, 50, 52, 44, 54]]
[[6,8,15,16,41,77],[13, 14, 35, 49, 43, 50, 52, 51, 53]]
[[6,10,12,26,36,64],[13, 14, 35, 49, 50, 44, 51, 53, 54]]
[[3,9,6,25,43,90],[13, 14, 35, 49, 52, 44, 51, 53, 54]]
[[4,8,13,28,44,101],[13, 14, 35, 50, 52, 44, 51, 53, 54]]
[[5,9,8,17,50,72],[13, 14, 40, 37, 42, 49, 38, 39, 53]]
[[5,11,8,35,45,62],[13, 14, 40, 37, 42, 38, 50, 39, 54]]
[[5,9,11,25,35,69],[13, 14, 40, 37, 49, 38, 43, 39, 53]]
[[5,7,14,11,50,82],[13, 14, 40, 37, 38, 43, 50, 39, 54]]
[[5,9,17,33,15,57],[13, 14, 40, 37, 38, 43, 52, 39, 53]]
[[4,10,10,22,39,70],[13, 14, 40, 37, 49, 38, 52, 39, 44]]
[[5,11,17,15,25,95],[13, 14, 40, 37, 38, 39, 44, 51, 53]]
[[5,9,14,13,35,90],[13, 14, 40, 37, 49, 38, 50, 39, 53]]
[[4,8,13,36,24,77],[13, 14, 40, 37, 49, 38, 52, 39, 53]]
[[4,12,13,28,39,51],[13, 14, 40, 37, 38, 50, 52, 39, 51]]
[[3,11,3,35,33,53],[13, 14, 40, 37, 38, 50, 52, 39, 53]]
[[4,6,19,22,39,63],[13, 14, 40, 37, 38, 50, 52, 39, 54]]
[[6,10,9,30,36,73],[13, 14, 37, 42, 38, 43, 50, 39, 53]]
[[4,10,13,18,39,97],[13, 14, 37, 42, 49, 38, 52, 39, 44]]
[[5,7,11,15,55,79],[13, 14, 37, 42, 38, 39, 44, 53, 54]]
[[2,8,11,16,17,83],[13, 14, 37, 42, 49, 38, 50, 39, 54]]
[[3,7,12,23,18,112],[13, 14, 37, 42, 49, 38, 52, 39, 51]]
[[4,6,16,14,29,72],[13, 14, 37, 42, 38, 50, 52, 39, 54]]
[[4,12,10,24,24,84],[13, 14, 37, 42, 38, 39, 51, 53, 54]]
[[7,9,16,13,42,60],[13, 14, 37, 38, 43, 39, 44, 53, 54]]
[[4,10,19,22,29,67],[13, 14, 37, 49, 38, 43, 50, 39, 54]]
[[4,8,10,24,24,92],[13, 14, 37, 49, 38, 43, 52, 39, 53]]
[[5,7,11,15,40,97],[13, 14, 37, 38, 43, 50, 52, 39, 53]]
[[4,6,16,18,49,108],[13, 14, 37, 38, 43, 39, 51, 53, 54]]
[[4,12,10,24,34,72],[13, 14, 37, 49, 38, 39, 44, 51, 53]]
[[4,6,10,14,34,90],[13, 14, 37, 49, 38, 39, 44, 53, 54]]
[[5,9,17,29,25,75],[13, 14, 37, 38, 50, 39, 44, 53, 54]]
[[5,9,5,25,45,69],[13, 14, 37, 49, 38, 50, 52, 39, 51]]
[[6,8,15,20,21,95],[13, 14, 37, 49, 38, 50, 52, 39, 53]]
[[6,6,18,10,56,66],[13, 14, 37, 38, 50, 39, 51, 53, 54]]
[[4,16,7,24,24,79],[13, 14, 40, 37, 42, 38, 50, 44, 54]]
[[8,12,11,16,23,63],[13, 14, 40, 37, 42, 38, 50, 53, 54]]
[[5,9,17,13,35,99],[13, 14, 40, 37, 38, 43, 50, 44, 53]]
[[5,9,20,13,35,84],[13, 14, 40, 37, 38, 43, 52, 44, 54]]
[[7,7,19,27,12,73],[13, 14, 40, 37, 49, 38, 43, 53, 54]]
[[6,10,6,18,46,70],[13, 14, 40, 37, 38, 43, 50, 51, 53]]
[[7,9,13,25,27,69],[13, 14, 40, 37, 38, 43, 50, 51, 54]]
[[5,13,11,25,30,73],[13, 14, 40, 37, 38, 43, 52, 53, 54]]
[[7,9,13,21,27,75],[13, 14, 40, 37, 49, 38, 52, 44, 53]]
[[6,10,9,14,41,79],[13, 14, 40, 37, 38, 50, 52, 44, 53]]
[[5,11,8,27,45,68],[13, 14, 40, 37, 49, 38, 50, 51, 53]]
[[6,10,15,22,36,55],[13, 14, 40, 37, 49, 38, 52, 51, 53]]
[[4,8,10,40,24,68],[13, 14, 40, 37, 49, 38, 52, 53, 54]]
[[5,9,11,17,35,51],[13, 14, 40, 37, 38, 50, 52, 51, 53]]
[[6,12,9,24,26,81],[13, 14, 37, 42, 49, 38, 43, 44, 53]]
[[4,6,16,38,34,66],[13, 14, 37, 42, 38, 43, 52, 44, 53]]
[[6,8,9,16,41,65],[13, 14, 37, 42, 38, 43, 50, 51, 53]]
[[7,9,16,17,37,54],[13, 14, 37, 42, 38, 43, 52, 51, 53]]
[[5,7,14,7,35,94],[13, 14, 37, 42, 49, 38, 50, 44, 54]]
[[7,9,13,25,32,63],[13, 14, 37, 42, 38, 50, 52, 44, 54]]
[[7,11,10,23,22,86],[13, 14, 37, 42, 38, 44, 51, 53, 54]]
[[5,9,17,17,35,105],[13, 14, 37, 42, 49, 38, 50, 53, 54]]
[[6,10,12,26,36,70],[13, 14, 37, 42, 49, 38, 52, 51, 53]]
[[5,5,11,21,45,77],[13, 14, 37, 42, 38, 50, 52, 51, 53]]
[[3,11,9,43,33,41],[13, 14, 37, 42, 38, 50, 52, 53, 54]]
[[5,7,11,15,25,67],[13, 14, 37, 49, 38, 43, 52, 44, 53]]
[[6,12,9,16,31,117],[13, 14, 37, 49, 38, 43, 52, 44, 54]]
[[4,8,13,20,29,71],[13, 14, 37, 49, 38, 43, 50, 51, 54]]
[[2,10,11,26,27,85],[13, 14, 37, 49, 38, 43, 52, 53, 54]]
[[5,5,17,13,30,65],[13, 14, 37, 49, 38, 50, 52, 51, 54]]
[[4,10,16,30,34,58],[13, 14, 40, 37, 42, 43, 52, 39, 51]]
[[7,11,10,23,27,80],[13, 14, 40, 37, 42, 39, 44, 51, 53]]
[[5,9,17,21,25,93],[13, 14, 40, 37, 42, 39, 44, 53, 54]]
[[7,11,13,19,32,53],[13, 14, 40, 37, 42, 49, 52, 39, 54]]
[[4,10,13,22,49,67],[13, 14, 40, 37, 49, 43, 52, 39, 44]]
[[5,9,8,13,35,96],[13, 14, 40, 37, 43, 39, 44, 53, 54]]
[[6,14,9,30,16,47],[13, 14, 40, 37, 49, 43, 50, 39, 54]]
[[6,6,12,18,16,78],[13, 14, 40, 37, 49, 43, 52, 39, 53]]
[[6,8,12,20,16,104],[13, 14, 40, 37, 43, 50, 52, 39, 51]]
[[6,8,15,20,31,77],[13, 14, 40, 37, 43, 50, 52, 39, 54]]
[[4,10,16,18,34,58],[13, 14, 40, 37, 52, 39, 44, 53, 54]]
[[3,7,15,27,33,97],[13, 14, 40, 37, 49, 50, 52, 39, 51]]
[[5,11,5,19,25,89],[13, 14, 37, 42, 43, 39, 44, 51, 53]]
[[5,11,14,23,45,56],[13, 14, 37, 42, 49, 43, 52, 39, 51]]
[[7,7,10,31,32,70],[13, 14, 37, 42, 43, 50, 52, 39, 53]]
[[6,8,15,20,26,65],[13, 14, 37, 42, 50, 39, 44, 51, 54]]
[[7,9,13,21,32,75],[13, 14, 37, 42, 50, 39, 44, 53, 54]]
[[7,13,10,17,32,64],[13, 14, 37, 42, 52, 39, 44, 51, 54]]
[[4,12,10,28,44,72],[13, 14, 37, 42, 52, 39, 44, 53, 54]]
[[5,9,8,29,30,78],[13, 14, 37, 42, 49, 39, 51, 53, 54]]
[[4,10,10,22,49,70],[13, 14, 37, 42, 50, 39, 51, 53, 54]]
[[6,12,12,28,11,72],[13, 14, 37, 49, 43, 39, 44, 53, 54]]
[[7,11,13,23,32,35],[13, 14, 37, 43, 50, 39, 44, 53, 54]]
[[5,15,8,15,35,96],[13, 14, 37, 49, 43, 50, 52, 39, 54]]
[[6,12,9,28,26,75],[13, 14, 37, 43, 50, 39, 51, 53, 54]]
[[3,9,12,33,18,84],[13, 14, 37, 43, 52, 39, 51, 53, 54]]
[[4,12,10,20,44,84],[13, 14, 37, 49, 50, 39, 44, 51, 53]]
[[6,10,9,14,36,103],[13, 14, 37, 49, 50, 39, 44, 53, 54]]
[[3,13,9,29,43,67],[13, 14, 37, 49, 52, 39, 44, 53, 54]]
[[6,10,15,14,36,79],[13, 14, 37, 50, 52, 39, 44, 51, 53]]
[[5,9,11,21,35,81],[13, 14, 37, 49, 50, 39, 51, 53, 54]]
[[6,8,12,20,36,92],[13, 14, 40, 37, 42, 49, 43, 44, 53]]
[[7,7,13,15,42,85],[13, 14, 40, 37, 42, 43, 50, 44, 53]]
[[6,6,9,22,36,63],[13, 14, 40, 37, 42, 43, 52, 44, 53]]
[[3,7,15,31,28,109],[13, 14, 40, 37, 42, 43, 50, 51, 54]]
[[3,5,12,29,33,68],[13, 14, 40, 37, 42, 49, 50, 44, 54]]
[[4,8,16,24,34,92],[13, 14, 40, 37, 42, 49, 52, 44, 54]]
[[5,9,17,17,35,81],[13, 14, 40, 37, 42, 44, 51, 53, 54]]
[[5,7,11,23,60,85],[13, 14, 40, 37, 42, 49, 50, 53, 54]]
[[5,5,17,37,25,77],[13, 14, 40, 37, 42, 49, 52, 51, 54]]
[[5,5,11,21,25,71],[13, 14, 40, 37, 49, 43, 52, 44, 53]]
[[4,6,13,22,24,63],[13, 14, 40, 37, 43, 50, 52, 44, 53]]
[[3,7,6,27,23,64],[13, 14, 40, 37, 43, 50, 52, 44, 54]]
[[3,5,12,17,23,98],[13, 14, 40, 37, 43, 44, 51, 53, 54]]
[[5,9,11,21,35,81],[13, 14, 40, 37, 49, 43, 50, 51, 53]]
[[4,8,10,16,49,86],[13, 14, 40, 37, 49, 43, 50, 51, 54]]
[[7,11,13,23,17,71],[13, 14, 40, 37, 49, 43, 50, 53, 54]]
[[4,6,13,22,44,87],[13, 14, 40, 37, 49, 43, 52, 53, 54]]
[[6,10,12,14,36,88],[13, 14, 40, 37, 43, 50, 52, 51, 54]]
[[7,7,19,19,42,43],[13, 14, 40, 37, 49, 50, 52, 44, 53]]
[[5,7,14,31,25,88],[13, 14, 40, 37, 50, 44, 51, 53, 54]]
[[4,8,7,20,64,71],[13, 14, 40, 37, 49, 50, 52, 51, 53]]
[[4,8,13,24,49,53],[13, 14, 37, 42, 49, 43, 50, 44, 53]]
[[5,13,11,21,35,61],[13, 14, 37, 42, 49, 43, 52, 44, 53]]
[[4,6,19,14,29,75],[13, 14, 37, 42, 43, 50, 52, 44, 53]]
[[5,7,14,15,45,88],[13, 14, 37, 42, 43, 44, 51, 53, 54]]
[[5,5,11,21,20,47],[13, 14, 37, 42, 43, 50, 52, 51, 53]]
[[4,4,10,28,9,64],[13, 14, 37, 42, 43, 50, 52, 51, 54]]
[[6,6,18,22,36,72],[13, 14, 37, 42, 49, 44, 51, 53, 54]]
[[5,9,14,25,20,72],[13, 14, 37, 42, 50, 44, 51, 53, 54]]
[[4,12,13,28,29,63],[13, 14, 37, 42, 52, 44, 51, 53, 54]]
[[6,8,15,20,46,65],[13, 14, 37, 49, 43, 44, 51, 53, 54]]
[[7,7,13,19,47,67],[13, 14, 37, 43, 50, 44, 51, 53, 54]]
[[3,5,6,37,28,44],[13, 14, 37, 49, 43, 50, 52, 51, 54]]
[[4,12,10,20,44,84],[13, 14, 40, 42, 38, 43, 50, 39, 53]]
[[5,9,17,13,35,99],[13, 14, 40, 42, 38, 39, 44, 51, 53]]
[[6,8,12,16,36,80],[13, 14, 40, 42, 38, 50, 52, 39, 54]]
[[6,12,12,28,11,72],[13, 14, 40, 42, 38, 39, 51, 53, 54]]
[[5,9,8,29,30,78],[13, 14, 40, 38, 43, 39, 44, 53, 54]]
[[6,8,15,20,26,65],[13, 14, 40, 49, 38, 43, 50, 39, 54]]
[[7,13,10,17,32,64],[13, 14, 40, 49, 38, 43, 52, 39, 54]]
[[5,7,14,15,20,76],[13, 14, 40, 49, 38, 50, 52, 39, 54]]
[[3,7,15,27,33,97],[13, 14, 42, 38, 43, 50, 52, 39, 44]]
[[7,7,13,19,27,91],[13, 14, 42, 38, 43, 50, 52, 39, 53]]
[[6,8,12,20,16,104],[13, 14, 42, 49, 38, 50, 52, 39, 44]]
[[6,10,6,18,46,70],[13, 14, 42, 49, 38, 39, 44, 51, 53]]
[[6,14,9,30,16,47],[13, 14, 42, 38, 50, 39, 44, 51, 54]]
[[7,13,7,21,32,73],[13, 14, 42, 38, 50, 39, 44, 53, 54]]
[[6,6,12,18,16,78],[13, 14, 42, 38, 52, 39, 44, 51, 53]]
[[5,9,8,13,35,96],[13, 14, 42, 49, 38, 39, 51, 53, 54]]
[[6,14,6,30,31,44],[13, 14, 42, 38, 50, 39, 51, 53, 54]]
[[7,9,10,21,37,84],[13, 14, 38, 43, 50, 39, 44, 53, 54]]
[[7,11,13,19,32,53],[13, 14, 38, 43, 52, 39, 44, 51, 54]]
[[4,12,13,24,44,81],[13, 14, 38, 43, 52, 39, 44, 53, 54]]
[[5,9,17,21,25,93],[13, 14, 49, 38, 43, 39, 51, 53, 54]]
[[4,14,10,30,19,74],[13, 14, 38, 43, 50, 39, 51, 53, 54]]
[[6,8,9,20,21,101],[13, 14, 49, 38, 50, 39, 44, 53, 54]]
[[4,8,13,24,49,77],[13, 14, 38, 50, 52, 39, 44, 51, 53]]
[[4,8,19,24,24,101],[13, 14, 49, 38, 52, 39, 51, 53, 54]]
[[6,8,15,28,31,65],[13, 14, 40, 42, 49, 38, 43, 44, 53]]
[[5,11,14,19,30,68],[13, 14, 40, 42, 38, 43, 50, 44, 53]]
[[4,8,13,8,29,71],[13, 14, 40, 42, 38, 43, 50, 51, 53]]
[[3,5,9,21,28,131],[13, 14, 40, 42, 38, 43, 52, 51, 53]]
[[4,6,19,22,39,63],[13, 14, 40, 42, 38, 43, 52, 51, 54]]
[[3,7,21,19,23,85],[13, 14, 40, 42, 49, 38, 50, 44, 54]]
[[3,5,6,37,28,44],[13, 14, 40, 42, 38, 50, 52, 44, 54]]
[[4,10,16,18,19,100],[13, 14, 40, 42, 49, 38, 50, 51, 54]]
[[7,7,13,19,47,67],[13, 14, 40, 42, 49, 38, 50, 53, 54]]
[[6,6,18,26,26,78],[13, 14, 40, 42, 49, 38, 52, 51, 53]]
[[3,9,9,29,33,69],[13, 14, 40, 42, 38, 50, 52, 53, 54]]
[[4,8,19,12,19,101],[13, 14, 40, 49, 38, 43, 50, 44, 53]]
[[5,7,11,27,35,67],[13, 14, 40, 49, 38, 43, 52, 44, 53]]
[[4,8,16,20,24,116],[13, 14, 40, 49, 38, 43, 52, 44, 54]]
[[5,9,14,25,20,72],[13, 14, 40, 49, 38, 43, 50, 53, 54]]
[[4,8,7,32,34,89],[13, 14, 40, 49, 38, 43, 52, 51, 53]]
[[5,9,14,25,35,66],[13, 14, 40, 49, 38, 43, 52, 51, 54]]
[[4,12,13,28,29,63],[13, 14, 40, 49, 38, 43, 52, 53, 54]]
[[5,7,17,11,45,91],[13, 14, 40, 38, 43, 50, 52, 53, 54]]
[[5,5,11,21,20,47],[13, 14, 40, 49, 38, 50, 52, 44, 53]]
[[4,4,10,28,9,64],[13, 14, 40, 49, 38, 50, 52, 44, 54]]
[[4,6,16,6,34,90],[13, 14, 40, 49, 38, 44, 51, 53, 54]]
[[4,6,19,14,29,75],[13, 14, 40, 49, 38, 50, 52, 51, 53]]
[[2,8,8,24,17,98],[13, 14, 40, 49, 38, 50, 52, 53, 54]]
[[4,10,7,18,24,103],[13, 14, 42, 49, 38, 43, 50, 44, 53]]
[[3,7,9,19,23,127],[13, 14, 42, 49, 38, 43, 52, 44, 53]]
[[4,8,7,20,64,71],[13, 14, 42, 38, 43, 50, 52, 44, 53]]
[[5,5,11,21,35,59],[13, 14, 42, 38, 43, 44, 51, 53, 54]]
[[5,13,11,29,20,61],[13, 14, 42, 49, 38, 43, 50, 51, 53]]
[[5,7,14,31,25,88],[13, 14, 42, 49, 38, 43, 50, 53, 54]]
[[6,8,15,16,41,65],[13, 14, 42, 49, 38, 43, 52, 51, 53]]
[[7,7,19,19,42,43],[13, 14, 42, 38, 43, 50, 52, 51, 53]]
[[6,10,12,14,36,88],[13, 14, 42, 49, 38, 50, 52, 44, 54]]
[[7,11,13,23,17,71],[13, 14, 42, 38, 50, 44, 51, 53, 54]]
[[4,6,13,22,44,87],[13, 14, 42, 38, 52, 44, 51, 53, 54]]
[[4,6,13,22,24,63],[13, 14, 42, 49, 38, 50, 52, 51, 53]]
[[3,7,6,27,23,64],[13, 14, 42, 49, 38, 50, 52, 51, 54]]
[[2,8,14,20,12,68],[13, 14, 42, 49, 38, 50, 52, 53, 54]]
[[6,8,18,24,26,56],[13, 14, 49, 38, 43, 44, 51, 53, 54]]
[[5,7,11,23,60,85],[13, 14, 38, 43, 50, 44, 51, 53, 54]]
[[2,8,8,36,42,80],[13, 14, 49, 38, 43, 50, 52, 53, 54]]
[[5,9,5,25,45,69],[13, 14, 40, 42, 43, 50, 52, 39, 44]]
[[5,9,8,21,50,54],[13, 14, 40, 42, 43, 39, 44, 51, 53]]
[[3,11,6,23,18,50],[13, 14, 40, 42, 49, 43, 52, 39, 51]]
[[3,9,3,25,18,57],[13, 14, 40, 42, 43, 50, 52, 39, 53]]
[[4,6,10,14,34,90],[13, 14, 40, 42, 43, 39, 51, 53, 54]]
[[6,8,12,8,46,92],[13, 14, 40, 42, 49, 39, 44, 51, 53]]
[[4,6,16,18,49,108],[13, 14, 40, 42, 49, 39, 44, 53, 54]]
[[4,10,19,22,29,67],[13, 14, 40, 42, 50, 39, 44, 51, 54]]
[[3,5,15,17,23,119],[13, 14, 40, 42, 50, 39, 44, 53, 54]]
[[4,8,10,24,24,92],[13, 14, 40, 42, 52, 39, 44, 51, 53]]
[[2,12,11,20,17,81],[13, 14, 40, 42, 52, 39, 44, 53, 54]]
[[6,10,12,34,16,70],[13, 14, 40, 42, 49, 50, 52, 39, 53]]
[[7,9,16,13,42,60],[13, 14, 40, 42, 49, 39, 51, 53, 54]]
[[3,11,9,31,43,65],[13, 14, 40, 42, 52, 39, 51, 53, 54]]
[[4,12,10,24,24,84],[13, 14, 40, 49, 43, 39, 44, 53, 54]]
[[2,8,11,16,17,83],[13, 14, 40, 43, 50, 39, 44, 51, 54]]
[[5,7,20,27,25,64],[13, 14, 40, 43, 50, 39, 44, 53, 54]]
[[4,8,4,24,54,92],[13, 14, 40, 49, 43, 50, 52, 39, 53]]
[[5,5,14,17,30,68],[13, 14, 40, 49, 43, 50, 52, 39, 54]]
[[5,7,11,15,55,79],[13, 14, 40, 49, 43, 39, 51, 53, 54]]
[[6,8,15,20,46,77],[13, 14, 40, 43, 50, 39, 51, 53, 54]]
[[5,9,17,29,25,57],[13, 14, 40, 43, 52, 39, 51, 53, 54]]
[[6,10,9,30,36,73],[13, 14, 40, 49, 50, 39, 44, 51, 53]]
[[4,6,16,22,44,114],[13, 14, 40, 49, 50, 39, 44, 53, 54]]
[[6,12,6,32,21,78],[13, 14, 40, 50, 52, 39, 44, 51, 53]]
[[4,12,13,28,39,51],[13, 14, 42, 49, 43, 50, 52, 39, 44]]
[[4,14,10,18,34,80],[13, 14, 42, 49, 43, 39, 44, 51, 53]]
[[5,9,14,13,35,90],[13, 14, 42, 43, 50, 39, 44, 51, 53]]
[[4,8,13,36,24,77],[13, 14, 42, 43, 52, 39, 44, 51, 53]]
[[5,9,14,25,30,60],[13, 14, 42, 49, 43, 50, 52, 39, 54]]
[[5,7,14,11,50,82],[13, 14, 42, 49, 50, 39, 44, 51, 54]]
[[6,6,12,18,21,72],[13, 14, 42, 49, 50, 39, 44, 53, 54]]
[[5,9,17,33,15,57],[13, 14, 42, 49, 52, 39, 44, 51, 53]]
[[3,7,12,35,23,76],[13, 14, 42, 49, 52, 39, 44, 53, 54]]
[[3,5,15,13,23,77],[13, 14, 42, 49, 50, 39, 51, 53, 54]]
[[2,8,17,28,32,83],[13, 14, 42, 49, 52, 39, 51, 53, 54]]
[[5,11,8,35,45,62],[13, 14, 49, 43, 50, 39, 44, 51, 54]]
[[6,10,9,26,26,85],[13, 14, 49, 43, 50, 39, 44, 53, 54]]
[[5,9,20,17,30,78],[13, 14, 43, 50, 52, 39, 44, 51, 54]]
[[1,11,4,23,31,44],[13, 14, 43, 50, 52, 39, 51, 53, 54]]
[[5,9,14,21,35,42],[13, 14, 49, 50, 52, 39, 44, 51, 53]]
[[8,8,14,16,43,56],[13, 14, 40, 42, 49, 43, 50, 44, 53]]
[[7,9,13,17,37,75],[13, 14, 40, 42, 49, 43, 52, 44, 53]]
[[5,5,17,13,30,65],[13, 14, 40, 42, 43, 50, 52, 44, 54]]
[[5,5,17,9,55,89],[13, 14, 40, 42, 43, 44, 51, 53, 54]]
[[6,12,6,28,26,84],[13, 14, 40, 42, 49, 44, 51, 53, 54]]
[[2,10,11,26,27,85],[13, 14, 40, 42, 52, 44, 51, 53, 54]]
[[5,5,11,21,45,77],[13, 14, 40, 49, 43, 50, 52, 44, 53]]
[[5,9,17,17,35,105],[13, 14, 40, 43, 50, 44, 51, 53, 54]]
[[7,9,13,25,32,63],[13, 14, 40, 49, 43, 50, 52, 51, 54]]
[[5,9,11,17,35,51],[13, 14, 42, 49, 43, 50, 52, 44, 53]]
[[6,8,12,24,46,68],[13, 14, 42, 49, 43, 44, 51, 53, 54]]
[[4,8,10,40,24,68],[13, 14, 42, 43, 52, 44, 51, 53, 54]]
[[6,10,9,14,41,79],[13, 14, 42, 49, 43, 50, 52, 51, 53]]
[[4,10,16,18,34,58],[13, 14, 42, 49, 43, 50, 52, 53, 54]]
[[5,13,11,25,30,73],[13, 14, 42, 49, 52, 44, 51, 53, 54]]
[[8,12,11,16,23,63],[13, 14, 49, 43, 50, 44, 51, 53, 54]]
[[4,10,10,14,69,64],[13, 14, 43, 50, 52, 44, 51, 53, 54]]
[[4,10,7,22,19,109],[13, 34, 35, 40, 16, 37, 17, 18, 53]]
[[5,7,20,15,50,88],[13, 34, 35, 16, 37, 42, 17, 18, 54]]
[[3,7,9,19,13,49],[13, 34, 35, 16, 37, 17, 52, 18, 44]]
[[7,13,10,25,17,52],[13, 34, 35, 16, 37, 49, 17, 18, 53]]
[[6,10,15,10,41,79],[13, 34, 35, 16, 37, 17, 52, 18, 51]]
[[7,7,13,31,37,49],[13, 34, 35, 16, 37, 17, 52, 18, 53]]
[[5,9,8,17,35,90],[13, 34, 35, 40, 16, 17, 38, 18, 54]]
[[3,11,6,23,28,80],[13, 34, 35, 16, 42, 17, 38, 18, 54]]
[[5,9,14,17,25,90],[13, 34, 35, 16, 17, 38, 52, 18, 44]]
[[4,8,10,8,44,68],[13, 34, 35, 16, 49, 17, 38, 18, 54]]
[[6,10,9,22,41,73],[13, 34, 35, 16, 17, 38, 50, 18, 53]]
[[6,8,12,16,36,80],[13, 34, 35, 16, 17, 38, 52, 18, 54]]
[[6,10,12,26,41,40],[13, 34, 35, 16, 17, 18, 39, 51, 53]]
[[6,12,12,28,11,72],[13, 34, 35, 16, 17, 18, 39, 53, 54]]
[[6,10,9,22,31,73],[13, 34, 35, 40, 16, 42, 17, 18, 53]]
[[7,7,13,23,37,67],[13, 34, 35, 40, 16, 42, 17, 18, 54]]
[[7,9,10,21,47,48],[13, 34, 35, 40, 16, 17, 52, 18, 44]]
[[4,12,13,24,34,63],[13, 34, 35, 40, 16, 17, 52, 18, 51]]
[[8,8,14,20,18,104],[13, 34, 35, 16, 42, 17, 43, 18, 53]]
[[5,11,17,11,25,107],[13, 34, 35, 16, 42, 17, 43, 18, 54]]
[[5,9,14,13,30,90],[13, 34, 35, 16, 42, 17, 52, 18, 44]]
[[6,12,9,24,26,93],[13, 34, 35, 16, 42, 49, 17, 18, 54]]
[[6,12,9,24,46,39],[13, 34, 35, 16, 42, 17, 52, 18, 51]]
[[6,10,12,26,36,64],[13, 34, 35, 16, 17, 43, 50, 18, 53]]
[[7,9,10,37,27,48],[13, 34, 35, 16, 17, 43, 52, 18, 53]]
[[4,12,16,28,14,78],[13, 34, 35, 16, 49, 17, 52, 18, 44]]
[[5,7,14,35,20,70],[13, 34, 35, 16, 17, 50, 52, 18, 44]]
[[5,15,8,31,15,54],[13, 34, 35, 16, 17, 18, 44, 51, 53]]
[[7,9,10,25,37,72],[13, 34, 35, 16, 49, 17, 52, 18, 51]]
[[8,8,14,20,33,62],[13, 34, 35, 16, 49, 17, 52, 18, 53]]
