[[0, 1, 4, 5, 7], [2, 4], [3, 5], [6, 7]]
[[6,10,12,34,21,70],[10, 34, 16, 37, 42, 17, 43, 50, 52, 18, 51, 53]]
[[7,7,16,11,37,88],[10, 34, 16, 37, 42, 49, 17, 18, 44, 51, 53, 54]]
[[6,10,12,18,41,82],[10, 34, 16, 37, 42, 17, 50, 18, 44, 51, 53, 54]]
[[5,13,17,17,25,55],[10, 34, 16, 37, 42, 17, 52, 18, 44, 51, 53, 54]]
[[3,9,12,17,18,84],[10, 34, 16, 37, 42, 49, 17, 50, 52, 18, 53, 54]]
[[7,11,13,23,22,47],[10, 34, 16, 37, 49, 17, 43, 50, 52, 18, 44, 54]]
[[7,7,13,23,27,91],[10, 34, 16, 37, 49, 17, 43, 18, 44, 51, 53, 54]]
[[5,9,17,29,25,57],[10, 34, 16, 37, 17, 43, 52, 18, 44, 51, 53, 54]]
[[4,6,10,14,24,42],[10, 34, 40, 16, 42, 49, 17, 38, 43, 18, 39, 53]]
[[3,11,9,35,23,71],[10, 34, 40, 16, 42, 17, 38, 43, 50, 18, 39, 53]]
[[3,5,12,21,33,110],[10, 34, 40, 16, 42, 17, 38, 43, 52, 18, 39, 51]]
[[4,8,13,16,34,65],[10, 34, 40, 16, 42, 17, 38, 43, 52, 18, 39, 53]]
[[4,10,13,18,24,79],[10, 34, 40, 16, 42, 17, 38, 18, 39, 44, 53, 54]]
[[5,9,8,29,35,72],[10, 34, 40, 16, 42, 17, 38, 18, 39, 51, 53, 54]]
[[3,9,15,21,28,75],[10, 34, 40, 16, 17, 38, 43, 18, 39, 44, 51, 54]]
[[7,9,16,17,32,66],[10, 34, 40, 16, 17, 38, 43, 18, 39, 51, 53, 54]]
[[5,7,14,11,50,82],[10, 34, 40, 16, 49, 17, 38, 50, 52, 18, 39, 44]]
[[5,9,11,17,50,75],[10, 34, 40, 16, 49, 17, 38, 18, 39, 44, 51, 53]]
[[6,8,9,28,21,89],[10, 34, 40, 16, 17, 38, 50, 18, 39, 44, 51, 53]]
[[7,11,13,19,32,59],[10, 34, 40, 16, 17, 38, 52, 18, 39, 44, 51, 53]]
[[3,7,15,19,33,121],[10, 34, 40, 16, 49, 17, 38, 50, 52, 18, 39, 53]]
[[2,8,11,28,17,101],[10, 34, 16, 42, 17, 38, 43, 50, 52, 18, 39, 44]]
[[6,8,12,24,51,68],[10, 34, 16, 42, 49, 17, 38, 43, 50, 18, 39, 53]]
[[5,7,11,15,55,79],[10, 34, 16, 42, 49, 17, 38, 43, 52, 18, 39, 53]]
[[5,9,17,13,30,93],[10, 34, 16, 42, 17, 38, 43, 50, 52, 18, 39, 51]]
[[6,6,12,26,51,72],[10, 34, 16, 42, 17, 38, 43, 50, 52, 18, 39, 53]]
[[5,9,11,17,25,81],[10, 34, 16, 42, 49, 17, 38, 18, 39, 44, 53, 54]]
[[6,12,12,20,36,48],[10, 34, 16, 42, 17, 38, 50, 18, 39, 44, 53, 54]]
[[4,10,19,26,24,97],[10, 34, 16, 42, 49, 17, 38, 18, 39, 51, 53, 54]]
[[5,11,11,23,30,83],[10, 34, 16, 42, 17, 38, 50, 18, 39, 51, 53, 54]]
[[2,8,8,28,27,104],[10, 34, 16, 42, 17, 38, 52, 18, 39, 51, 53, 54]]
[[4,10,10,22,39,70],[10, 34, 16, 49, 17, 38, 43, 18, 39, 44, 51, 54]]
[[7,11,10,19,37,68],[10, 34, 16, 49, 17, 38, 43, 18, 39, 44, 53, 54]]
[[6,12,9,16,31,117],[10, 34, 16, 17, 38, 43, 52, 18, 39, 44, 51, 54]]
[[4,8,10,32,29,74],[10, 34, 16, 49, 17, 38, 43, 18, 39, 51, 53, 54]]
[[3,9,3,25,18,57],[10, 34, 16, 17, 38, 43, 50, 18, 39, 51, 53, 54]]
[[2,14,14,30,37,68],[10, 34, 16, 17, 38, 43, 52, 18, 39, 51, 53, 54]]
[[4,10,13,30,39,73],[10, 34, 16, 49, 17, 38, 52, 18, 39, 44, 51, 53]]
[[3,7,15,19,23,91],[10, 34, 16, 17, 38, 50, 52, 18, 39, 44, 51, 53]]
[[7,9,7,17,47,81],[10, 34, 40, 16, 42, 17, 38, 43, 52, 18, 44, 53]]
[[5,13,11,29,30,49],[10, 34, 40, 16, 42, 17, 38, 43, 50, 18, 51, 53]]
[[4,6,13,14,19,75],[10, 34, 40, 16, 42, 17, 38, 18, 44, 51, 53, 54]]
[[5,9,17,29,25,57],[10, 34, 40, 16, 42, 49, 17, 38, 52, 18, 53, 54]]
[[7,11,13,23,22,47],[10, 34, 40, 16, 42, 17, 38, 50, 52, 18, 51, 54]]
[[4,8,19,12,29,101],[10, 34, 40, 16, 42, 17, 38, 50, 52, 18, 53, 54]]
[[5,11,17,19,20,95],[10, 34, 40, 16, 49, 17, 38, 43, 52, 18, 44, 54]]
[[6,10,12,18,41,82],[10, 34, 40, 16, 49, 17, 38, 43, 50, 18, 53, 54]]
[[6,6,18,6,51,72],[10, 34, 40, 16, 49, 17, 38, 43, 52, 18, 51, 54]]
[[5,13,17,17,25,55],[10, 34, 40, 16, 49, 17, 38, 43, 52, 18, 53, 54]]
[[6,10,12,34,21,70],[10, 34, 40, 16, 49, 17, 38, 50, 52, 18, 44, 53]]
[[4,6,19,18,34,99],[10, 34, 16, 42, 49, 17, 38, 43, 52, 18, 44, 53]]
[[6,10,9,30,36,73],[10, 34, 16, 42, 49, 17, 38, 43, 50, 18, 51, 53]]
[[8,12,11,16,23,63],[10, 34, 16, 42, 17, 38, 43, 50, 52, 18, 51, 53]]
[[7,11,13,19,27,71],[10, 34, 16, 42, 49, 17, 38, 50, 52, 18, 44, 54]]
[[7,9,16,17,37,54],[10, 34, 16, 42, 49, 17, 38, 18, 44, 51, 53, 54]]
[[4,6,16,14,29,72],[10, 34, 16, 42, 49, 17, 38, 50, 52, 18, 51, 54]]
[[3,11,12,19,43,56],[10, 34, 16, 42, 49, 17, 38, 50, 52, 18, 53, 54]]
[[7,7,16,27,32,52],[10, 34, 16, 49, 17, 38, 43, 18, 44, 51, 53, 54]]
[[5,13,8,25,25,88],[10, 34, 16, 17, 38, 43, 52, 18, 44, 51, 53, 54]]
[[6,10,9,30,36,55],[10, 34, 40, 16, 42, 17, 43, 18, 39, 44, 53, 54]]
[[6,10,6,18,46,70],[10, 34, 40, 16, 42, 17, 50, 18, 39, 44, 51, 53]]
[[5,7,20,7,45,88],[10, 34, 40, 16, 42, 17, 52, 18, 39, 44, 51, 53]]
[[4,12,13,28,29,57],[10, 34, 40, 16, 42, 49, 17, 50, 52, 18, 39, 51]]
[[5,9,17,21,25,93],[10, 34, 40, 16, 49, 17, 43, 50, 52, 18, 39, 44]]
[[5,13,5,37,35,55],[10, 34, 16, 42, 49, 17, 50, 18, 39, 44, 51, 53]]
[[7,9,13,21,47,39],[10, 34, 16, 42, 17, 50, 52, 18, 39, 44, 51, 53]]
[[7,11,10,23,27,80],[10, 34, 16, 49, 17, 43, 50, 18, 39, 44, 51, 53]]
[[5,7,14,15,45,88],[10, 34, 16, 17, 43, 50, 52, 18, 39, 44, 51, 53]]
[[4,8,19,24,24,101],[10, 34, 16, 49, 17, 50, 52, 18, 39, 44, 53, 54]]
[[5,9,14,25,30,60],[10, 34, 40, 16, 42, 17, 43, 50, 52, 18, 51, 54]]
[[5,7,11,15,40,97],[10, 34, 40, 16, 42, 49, 17, 50, 52, 18, 51, 53]]
[[4,4,13,8,24,49],[10, 34, 40, 16, 49, 17, 43, 50, 52, 18, 44, 53]]
[[5,7,14,23,25,88],[10, 34, 40, 16, 49, 17, 50, 18, 44, 51, 53, 54]]
[[3,7,12,39,33,88],[10, 34, 40, 16, 17, 50, 52, 18, 44, 51, 53, 54]]
[[5,7,8,15,25,64],[10, 34, 16, 42, 49, 17, 43, 18, 44, 51, 53, 54]]
[[6,6,12,18,16,78],[10, 34, 16, 42, 17, 43, 50, 18, 44, 51, 53, 54]]
[[4,4,13,28,19,61],[10, 34, 16, 42, 49, 17, 43, 50, 52, 18, 51, 54]]
[[5,9,11,17,30,81],[10, 35, 40, 16, 37, 42, 17, 38, 43, 18, 39, 54]]
[[5,11,17,15,25,107],[10, 35, 40, 16, 37, 42, 17, 38, 52, 18, 39, 44]]
[[5,13,11,29,25,67],[10, 35, 40, 16, 37, 42, 49, 17, 38, 18, 39, 53]]
[[4,16,7,24,24,79],[10, 35, 40, 16, 37, 42, 17, 38, 52, 18, 39, 51]]
[[5,11,11,23,45,53],[10, 35, 40, 16, 37, 42, 17, 38, 52, 18, 39, 53]]
[[5,11,11,27,45,53],[10, 35, 40, 16, 37, 49, 17, 38, 43, 18, 39, 53]]
[[4,12,10,24,34,72],[10, 35, 40, 16, 37, 17, 38, 43, 50, 18, 39, 53]]
[[4,10,19,18,34,79],[10, 35, 40, 16, 37, 17, 38, 43, 52, 18, 39, 51]]
[[5,13,14,13,15,130],[10, 35, 40, 16, 37, 17, 38, 43, 52, 18, 39, 53]]
[[6,8,15,24,46,53],[10, 35, 40, 16, 37, 17, 38, 50, 52, 18, 39, 54]]
[[6,8,12,16,41,80],[10, 35, 40, 16, 37, 17, 38, 18, 39, 51, 53, 54]]
[[4,12,13,28,24,69],[10, 35, 16, 37, 42, 49, 17, 38, 43, 18, 39, 54]]
[[4,6,16,26,34,72],[10, 35, 16, 37, 42, 17, 38, 43, 52, 18, 39, 54]]
[[5,13,5,17,30,109],[10, 35, 16, 37, 42, 17, 38, 50, 52, 18, 39, 44]]
[[5,13,11,25,40,49],[10, 35, 16, 37, 42, 17, 38, 18, 39, 44, 51, 53]]
[[5,9,14,17,35,96],[10, 35, 16, 37, 42, 49, 17, 38, 52, 18, 39, 51]]
[[8,12,8,24,18,66],[10, 35, 16, 37, 42, 49, 17, 38, 52, 18, 39, 53]]
[[3,9,12,33,23,66],[10, 35, 16, 37, 17, 38, 43, 50, 52, 18, 39, 44]]
[[7,9,13,25,27,69],[10, 35, 16, 37, 49, 17, 38, 43, 52, 18, 39, 51]]
[[6,8,18,12,51,74],[10, 35, 16, 37, 49, 17, 38, 43, 52, 18, 39, 53]]
[[6,14,6,30,16,74],[10, 35, 16, 37, 17, 38, 43, 50, 52, 18, 39, 51]]
[[7,11,13,23,17,71],[10, 35, 16, 37, 17, 38, 43, 50, 52, 18, 39, 53]]
[[7,11,10,15,42,74],[10, 35, 16, 37, 17, 38, 50, 18, 39, 44, 53, 54]]
[[5,11,11,23,25,83],[10, 35, 16, 37, 49, 17, 38, 50, 52, 18, 39, 54]]
[[5,9,11,17,35,51],[10, 35, 16, 37, 49, 17, 38, 18, 39, 51, 53, 54]]
[[3,7,18,19,33,64],[10, 35, 16, 37, 17, 38, 52, 18, 39, 51, 53, 54]]
[[5,9,11,21,45,75],[10, 35, 40, 16, 37, 42, 17, 38, 43, 18, 51, 54]]
[[6,8,15,32,16,71],[10, 35, 40, 16, 37, 42, 17, 38, 43, 18, 53, 54]]
[[6,8,9,16,41,65],[10, 35, 40, 16, 37, 42, 49, 17, 38, 18, 44, 53]]
[[7,7,10,19,42,70],[10, 35, 40, 16, 37, 42, 17, 38, 50, 18, 44, 53]]
[[6,10,9,26,26,85],[10, 35, 40, 16, 37, 42, 17, 38, 52, 18, 44, 53]]
[[3,9,9,25,28,105],[10, 35, 40, 16, 37, 42, 49, 17, 38, 18, 51, 53]]
[[5,11,11,27,40,53],[10, 35, 40, 16, 37, 42, 17, 38, 52, 18, 51, 53]]
[[5,9,8,13,15,108],[10, 35, 40, 16, 37, 17, 38, 43, 50, 18, 44, 53]]
[[6,8,15,16,46,77],[10, 35, 40, 16, 37, 17, 38, 43, 52, 18, 44, 53]]
[[5,11,8,27,45,68],[10, 35, 40, 16, 37, 49, 17, 38, 43, 18, 51, 53]]
[[3,5,15,17,23,119],[10, 35, 40, 16, 37, 17, 38, 43, 52, 18, 51, 53]]
[[3,7,6,35,28,58],[10, 35, 40, 16, 37, 17, 38, 50, 52, 18, 44, 54]]
[[3,7,12,23,23,88],[10, 35, 40, 16, 37, 17, 38, 18, 44, 51, 53, 54]]
[[4,6,16,18,29,90],[10, 35, 40, 16, 37, 49, 17, 38, 52, 18, 53, 54]]
[[6,8,12,24,56,56],[10, 35, 40, 16, 37, 17, 38, 50, 52, 18, 51, 54]]
[[3,9,12,33,43,66],[10, 35, 40, 16, 37, 17, 38, 50, 52, 18, 53, 54]]
[[2,8,8,32,32,74],[10, 35, 16, 37, 42, 49, 17, 38, 43, 18, 51, 54]]
[[5,7,14,27,30,64],[10, 35, 16, 37, 42, 49, 17, 38, 43, 18, 53, 54]]
[[4,6,13,22,19,69],[10, 35, 16, 37, 42, 17, 38, 43, 52, 18, 51, 54]]
[[1,9,4,25,31,60],[10, 35, 16, 37, 42, 17, 38, 43, 52, 18, 53, 54]]
[[4,8,10,16,24,80],[10, 35, 16, 37, 42, 49, 17, 38, 50, 18, 44, 53]]
[[5,9,8,29,25,72],[10, 35, 16, 37, 42, 49, 17, 38, 52, 18, 44, 53]]
[[4,10,13,22,19,91],[10, 35, 16, 37, 42, 17, 38, 50, 52, 18, 44, 53]]
[[6,8,15,20,46,77],[10, 35, 16, 37, 42, 49, 17, 38, 52, 18, 51, 53]]
[[5,7,17,15,45,103],[10, 35, 16, 37, 42, 17, 38, 50, 52, 18, 51, 53]]
[[4,12,13,24,9,105],[10, 35, 16, 37, 49, 17, 38, 43, 50, 18, 44, 53]]
[[3,5,15,13,23,77],[10, 35, 16, 37, 49, 17, 38, 43, 52, 18, 44, 53]]
[[4,6,13,18,24,57],[10, 35, 16, 37, 17, 38, 43, 50, 52, 18, 44, 53]]
[[5,13,11,29,25,61],[10, 35, 16, 37, 49, 17, 38, 43, 50, 18, 51, 53]]
[[6,12,12,24,31,48],[10, 35, 16, 37, 49, 17, 38, 43, 52, 18, 51, 53]]
[[6,8,12,24,36,80],[10, 35, 16, 37, 49, 17, 38, 50, 52, 18, 44, 54]]
[[6,6,9,18,31,69],[10, 35, 16, 37, 49, 17, 38, 18, 44, 51, 53, 54]]
[[7,9,10,21,32,90],[10, 35, 16, 37, 17, 38, 50, 18, 44, 51, 53, 54]]
[[4,10,13,22,49,67],[10, 35, 40, 16, 37, 42, 17, 18, 39, 44, 51, 54]]
[[6,12,9,12,51,75],[10, 35, 40, 16, 37, 42, 17, 18, 39, 51, 53, 54]]
[[4,8,13,20,19,107],[10, 35, 40, 16, 37, 49, 17, 50, 52, 18, 39, 44]]
[[6,6,18,26,16,66],[10, 35, 40, 16, 37, 49, 17, 50, 52, 18, 39, 53]]
[[5,9,11,29,25,81],[10, 35, 16, 37, 42, 17, 43, 50, 52, 18, 39, 44]]
[[5,9,11,21,55,63],[10, 35, 16, 37, 42, 17, 43, 18, 39, 44, 51, 53]]
[[3,5,21,13,28,101],[10, 35, 16, 37, 42, 49, 17, 43, 52, 18, 39, 51]]
[[3,11,6,27,28,62],[10, 35, 16, 37, 42, 49, 17, 18, 39, 44, 51, 54]]
[[5,7,20,11,30,82],[10, 35, 16, 37, 42, 17, 52, 18, 39, 44, 51, 54]]
[[5,7,14,23,20,76],[10, 35, 16, 37, 42, 49, 17, 18, 39, 51, 53, 54]]
[[3,11,12,31,38,80],[10, 35, 16, 37, 42, 17, 52, 18, 39, 51, 53, 54]]
[[4,10,10,38,24,58],[10, 35, 16, 37, 49, 17, 43, 18, 39, 44, 53, 54]]
[[5,9,11,29,30,57],[10, 35, 16, 37, 17, 43, 50, 18, 39, 44, 53, 54]]
[[5,7,14,15,25,88],[10, 35, 16, 37, 49, 17, 43, 18, 39, 51, 53, 54]]
[[3,7,12,39,33,88],[10, 35, 16, 37, 17, 43, 52, 18, 39, 51, 53, 54]]
[[5,7,11,11,35,67],[10, 35, 16, 37, 49, 17, 52, 18, 39, 44, 51, 53]]
[[7,9,13,21,37,63],[10, 35, 40, 16, 37, 42, 17, 18, 44, 51, 53, 54]]
[[5,5,17,13,30,65],[10, 35, 40, 16, 37, 42, 49, 17, 52, 18, 51, 54]]
[[5,7,20,15,50,76],[10, 35, 40, 16, 37, 17, 43, 50, 52, 18, 44, 54]]
[[5,7,11,27,35,67],[10, 35, 40, 16, 37, 17, 43, 18, 44, 51, 53, 54]]
[[7,7,19,23,27,61],[10, 35, 40, 16, 37, 49, 17, 43, 50, 18, 53, 54]]
[[4,8,13,16,24,101],[10, 35, 40, 16, 37, 49, 17, 43, 52, 18, 53, 54]]
[[3,11,9,31,33,77],[10, 35, 40, 16, 37, 17, 43, 50, 52, 18, 53, 54]]
[[5,7,14,31,25,88],[10, 35, 16, 37, 42, 17, 43, 50, 52, 18, 51, 53]]
[[6,6,18,26,26,78],[10, 35, 16, 37, 42, 49, 17, 18, 44, 51, 53, 54]]
[[4,10,16,18,34,58],[10, 35, 16, 37, 42, 17, 52, 18, 44, 51, 53, 54]]
[[6,12,9,12,41,99],[10, 35, 16, 37, 49, 17, 43, 50, 52, 18, 44, 54]]
[[4,10,10,18,24,94],[10, 35, 16, 37, 49, 17, 43, 50, 52, 18, 53, 54]]
[[5,7,11,11,35,67],[10, 35, 40, 16, 42, 17, 38, 43, 52, 18, 39, 53]]
[[5,7,14,15,25,88],[10, 35, 40, 16, 42, 17, 38, 18, 39, 44, 53, 54]]
[[4,10,10,38,24,58],[10, 35, 40, 16, 42, 17, 38, 18, 39, 51, 53, 54]]
[[5,7,14,23,20,76],[10, 35, 40, 16, 17, 38, 43, 18, 39, 44, 53, 54]]
[[5,7,20,11,30,82],[10, 35, 40, 16, 49, 17, 38, 43, 52, 18, 39, 54]]
[[5,9,11,29,25,81],[10, 35, 40, 16, 49, 17, 38, 50, 52, 18, 39, 51]]
[[4,8,10,20,34,56],[10, 35, 16, 42, 49, 17, 38, 43, 52, 18, 39, 44]]
[[4,8,13,20,19,107],[10, 35, 16, 42, 17, 38, 43, 50, 52, 18, 39, 51]]
[[6,12,9,12,51,75],[10, 35, 16, 49, 17, 38, 43, 18, 39, 44, 53, 54]]
[[2,8,11,20,17,95],[10, 35, 16, 17, 38, 43, 52, 18, 39, 44, 53, 54]]
[[4,6,13,22,24,63],[10, 35, 16, 17, 38, 50, 52, 18, 39, 44, 51, 53]]
[[6,12,9,12,41,99],[10, 35, 40, 16, 42, 17, 38, 50, 52, 18, 51, 54]]
[[4,10,16,18,34,58],[10, 35, 40, 16, 49, 17, 38, 43, 52, 18, 53, 54]]
[[5,7,14,31,25,88],[10, 35, 40, 16, 49, 17, 38, 50, 52, 18, 44, 53]]
[[5,7,14,7,45,88],[10, 35, 16, 42, 49, 17, 38, 43, 52, 18, 44, 53]]
[[5,9,11,13,30,117],[10, 35, 16, 42, 49, 17, 38, 43, 50, 18, 51, 53]]
[[6,8,9,24,36,65],[10, 35, 16, 42, 49, 17, 38, 18, 44, 51, 53, 54]]
[[7,7,19,23,27,61],[10, 35, 16, 42, 17, 38, 50, 18, 44, 51, 53, 54]]
[[4,8,13,16,24,101],[10, 35, 16, 42, 17, 38, 52, 18, 44, 51, 53, 54]]
[[5,7,20,15,50,76],[10, 35, 16, 42, 49, 17, 38, 50, 52, 18, 51, 54]]
[[5,9,11,17,35,51],[10, 35, 40, 16, 42, 17, 43, 18, 39, 44, 53, 54]]
[[6,14,6,30,16,74],[10, 35, 40, 16, 42, 49, 17, 50, 52, 18, 39, 44]]
[[8,10,8,34,13,58],[10, 35, 40, 16, 42, 49, 17, 18, 39, 44, 51, 53]]
[[6,8,18,12,51,74],[10, 35, 40, 16, 42, 17, 52, 18, 39, 44, 51, 53]]
[[3,9,12,33,23,66],[10, 35, 40, 16, 42, 49, 17, 50, 52, 18, 39, 51]]
[[6,12,6,28,26,84],[10, 35, 40, 16, 42, 49, 17, 50, 52, 18, 39, 53]]
[[6,10,9,22,31,73],[10, 35, 40, 16, 49, 17, 43, 18, 39, 44, 51, 53]]
[[8,12,8,24,18,66],[10, 35, 40, 16, 17, 43, 52, 18, 39, 44, 51, 53]]
[[5,13,5,17,30,109],[10, 35, 40, 16, 49, 17, 43, 50, 52, 18, 39, 51]]
[[4,12,10,36,19,60],[10, 35, 40, 16, 49, 17, 43, 50, 52, 18, 39, 53]]
[[4,8,13,40,24,77],[10, 35, 40, 16, 49, 17, 50, 18, 39, 44, 53, 54]]
[[4,6,16,26,34,72],[10, 35, 40, 16, 49, 17, 52, 18, 39, 44, 51, 54]]
[[6,8,12,16,41,80],[10, 35, 16, 42, 49, 17, 43, 18, 39, 44, 53, 54]]
[[6,10,12,18,31,88],[10, 35, 16, 42, 17, 43, 52, 18, 39, 44, 53, 54]]
[[6,10,12,22,31,58],[10, 35, 16, 42, 17, 43, 50, 18, 39, 51, 53, 54]]
[[4,12,10,24,34,72],[10, 35, 16, 42, 49, 17, 50, 18, 39, 44, 51, 53]]
[[5,13,14,13,15,130],[10, 35, 16, 42, 49, 17, 52, 18, 39, 44, 51, 53]]
[[5,11,11,23,45,53],[10, 35, 16, 49, 17, 43, 52, 18, 39, 44, 51, 53]]
[[3,5,6,21,33,86],[10, 35, 40, 16, 42, 17, 43, 18, 44, 51, 53, 54]]
[[7,9,10,21,32,90],[10, 35, 40, 16, 42, 49, 17, 43, 50, 18, 53, 54]]
[[6,8,12,24,36,80],[10, 35, 40, 16, 42, 17, 43, 50, 52, 18, 51, 54]]
[[3,7,9,27,18,97],[10, 35, 40, 16, 42, 17, 43, 50, 52, 18, 53, 54]]
[[4,6,13,18,24,57],[10, 35, 40, 16, 42, 49, 17, 50, 52, 18, 51, 53]]
[[5,7,17,15,45,103],[10, 35, 40, 16, 49, 17, 43, 50, 52, 18, 44, 53]]
[[4,10,13,22,19,91],[10, 35, 40, 16, 49, 17, 43, 50, 52, 18, 51, 53]]
[[1,9,4,25,31,60],[10, 35, 40, 16, 49, 17, 52, 18, 44, 51, 53, 54]]
[[6,8,12,24,56,56],[10, 35, 16, 42, 49, 17, 43, 50, 52, 18, 44, 54]]
[[6,12,12,20,41,54],[10, 35, 16, 42, 49, 17, 43, 18, 44, 51, 53, 54]]
[[4,6,16,18,29,90],[10, 35, 16, 42, 17, 43, 52, 18, 44, 51, 53, 54]]
[[3,7,6,35,28,58],[10, 35, 16, 42, 49, 17, 43, 50, 52, 18, 51, 54]]
[[2,10,11,26,27,85],[10, 35, 16, 42, 49, 17, 43, 50, 52, 18, 53, 54]]
[[5,11,17,23,25,77],[10, 40, 16, 37, 42, 17, 38, 18, 39, 44, 51, 53]]
[[5,7,8,15,35,88],[10, 40, 16, 37, 42, 49, 17, 38, 50, 18, 39, 53]]
[[3,7,15,31,28,109],[10, 40, 16, 37, 42, 49, 17, 38, 52, 18, 39, 51]]
[[5,7,14,15,25,88],[10, 40, 16, 37, 42, 17, 38, 50, 52, 18, 39, 53]]
[[3,5,18,9,18,68],[10, 40, 16, 37, 17, 38, 43, 50, 52, 18, 39, 44]]
[[5,9,17,13,35,99],[10, 40, 16, 37, 49, 17, 38, 43, 50, 18, 39, 53]]
[[5,5,11,21,35,59],[10, 40, 16, 37, 17, 38, 43, 50, 52, 18, 39, 53]]
[[5,9,11,29,25,81],[10, 40, 16, 37, 49, 17, 38, 18, 39, 44, 51, 54]]
[[5,11,11,23,30,65],[10, 40, 16, 37, 17, 38, 50, 18, 39, 44, 53, 54]]
[[5,11,14,27,20,74],[10, 40, 16, 37, 49, 17, 38, 50, 52, 18, 39, 54]]
[[4,10,13,18,39,97],[10, 16, 37, 42, 17, 38, 43, 18, 39, 44, 51, 54]]
[[4,6,10,10,24,54],[10, 16, 37, 42, 49, 17, 38, 18, 39, 44, 51, 53]]
[[6,10,12,26,36,70],[10, 16, 37, 42, 17, 38, 52, 18, 39, 44, 51, 53]]
[[5,9,17,21,25,93],[10, 16, 37, 42, 49, 17, 38, 50, 52, 18, 39, 51]]
[[4,8,13,20,39,77],[10, 16, 37, 49, 17, 38, 43, 50, 52, 18, 39, 44]]
[[6,6,12,30,36,90],[10, 16, 37, 49, 17, 38, 43, 18, 39, 44, 51, 53]]
[[4,6,10,14,34,102],[10, 16, 37, 17, 38, 43, 52, 18, 39, 44, 51, 53]]
[[6,6,18,10,56,66],[10, 16, 37, 49, 17, 38, 43, 50, 52, 18, 39, 53]]
[[4,8,16,20,19,92],[10, 40, 16, 37, 42, 49, 17, 38, 43, 18, 51, 54]]
[[6,8,18,20,31,56],[10, 40, 16, 37, 17, 38, 43, 50, 52, 18, 44, 53]]
[[6,10,9,14,36,103],[10, 40, 16, 37, 49, 17, 38, 43, 52, 18, 51, 53]]
[[6,8,15,20,31,65],[10, 40, 16, 37, 49, 17, 38, 50, 52, 18, 44, 54]]
[[6,10,12,22,36,70],[10, 40, 16, 37, 49, 17, 38, 18, 44, 51, 53, 54]]
[[4,6,22,14,34,90],[10, 40, 16, 37, 17, 38, 52, 18, 44, 51, 53, 54]]
[[4,10,16,18,24,106],[10, 40, 16, 37, 49, 17, 38, 50, 52, 18, 53, 54]]
[[7,7,13,15,47,73],[10, 16, 37, 42, 17, 38, 43, 18, 44, 51, 53, 54]]
[[5,7,14,7,45,88],[10, 16, 37, 42, 49, 17, 38, 43, 50, 18, 53, 54]]
[[5,7,17,7,40,85],[10, 16, 37, 42, 49, 17, 38, 43, 52, 18, 51, 54]]
[[5,11,14,15,45,56],[10, 16, 37, 42, 17, 38, 43, 50, 52, 18, 53, 54]]
[[6,12,15,16,26,81],[10, 16, 37, 42, 49, 17, 38, 50, 52, 18, 51, 53]]
[[5,11,11,11,45,59],[10, 40, 16, 37, 42, 49, 17, 43, 50, 18, 39, 53]]
[[3,11,12,31,33,98],[10, 40, 16, 37, 42, 49, 17, 43, 52, 18, 39, 51]]
[[6,12,15,16,36,51],[10, 40, 16, 37, 42, 49, 17, 43, 52, 18, 39, 53]]
[[4,10,19,22,29,67],[10, 40, 16, 37, 42, 17, 43, 50, 52, 18, 39, 51]]
[[6,14,9,18,36,59],[10, 40, 16, 37, 42, 49, 17, 18, 39, 44, 53, 54]]
[[2,8,11,28,7,83],[10, 40, 16, 37, 42, 17, 52, 18, 39, 44, 53, 54]]
[[6,8,15,20,21,95],[10, 40, 16, 37, 42, 17, 50, 18, 39, 51, 53, 54]]
[[5,9,14,21,35,42],[10, 40, 16, 37, 17, 43, 50, 18, 39, 44, 53, 54]]
[[7,13,7,17,42,73],[10, 40, 16, 37, 49, 17, 43, 50, 52, 18, 39, 54]]
[[7,7,10,23,42,64],[10, 40, 16, 37, 49, 17, 43, 18, 39, 51, 53, 54]]
[[8,12,11,20,13,57],[10, 40, 16, 37, 17, 50, 52, 18, 39, 44, 51, 53]]
[[4,10,10,34,29,64],[10, 16, 37, 42, 49, 17, 43, 18, 39, 44, 51, 53]]
[[6,16,6,24,21,64],[10, 16, 37, 42, 17, 43, 52, 18, 39, 44, 51, 53]]
[[7,13,10,17,27,82],[10, 16, 37, 42, 49, 17, 43, 50, 52, 18, 39, 51]]
[[6,8,15,20,41,65],[10, 16, 37, 42, 49, 17, 43, 50, 52, 18, 39, 53]]
[[5,13,5,33,35,73],[10, 16, 37, 42, 49, 17, 52, 18, 39, 44, 53, 54]]
[[3,7,18,15,18,76],[10, 16, 37, 42, 17, 50, 52, 18, 39, 51, 53, 54]]
[[8,10,14,10,43,58],[10, 16, 37, 49, 17, 43, 50, 18, 39, 44, 53, 54]]
[[4,12,16,20,19,90],[10, 16, 37, 17, 43, 50, 52, 18, 39, 44, 53, 54]]
[[5,11,20,19,15,92],[10, 16, 37, 49, 17, 50, 52, 18, 39, 44, 51, 53]]
[[7,11,13,11,37,89],[10, 40, 16, 37, 42, 49, 17, 43, 52, 18, 44, 53]]
[[6,6,12,10,36,84],[10, 40, 16, 37, 42, 17, 43, 50, 52, 18, 44, 53]]
[[3,5,9,25,33,101],[10, 40, 16, 37, 42, 17, 43, 50, 52, 18, 51, 53]]
[[4,8,7,20,49,77],[10, 40, 16, 37, 42, 49, 17, 18, 44, 51, 53, 54]]
[[3,9,6,37,23,42],[10, 40, 16, 37, 42, 17, 50, 18, 44, 51, 53, 54]]
[[2,10,5,22,22,55],[10, 40, 16, 37, 42, 17, 52, 18, 44, 51, 53, 54]]
[[4,6,7,30,24,75],[10, 40, 16, 37, 42, 49, 17, 50, 52, 18, 53, 54]]
[[4,8,10,32,19,50],[10, 40, 16, 37, 49, 17, 43, 50, 52, 18, 44, 54]]
[[4,6,16,38,34,66],[10, 40, 16, 37, 49, 17, 43, 18, 44, 51, 53, 54]]
[[5,7,17,35,15,67],[10, 40, 16, 37, 17, 43, 50, 18, 44, 51, 53, 54]]
[[5,5,14,17,30,68],[10, 40, 16, 37, 49, 17, 43, 50, 52, 18, 51, 54]]
[[3,7,9,19,18,85],[10, 16, 37, 42, 49, 17, 43, 50, 52, 18, 44, 53]]
[[6,8,12,28,51,38],[10, 16, 37, 42, 49, 17, 50, 18, 44, 51, 53, 54]]
[[3,7,12,35,23,76],[10, 16, 37, 42, 49, 17, 52, 18, 44, 51, 53, 54]]
[[6,8,12,32,31,68],[10, 16, 37, 49, 17, 43, 50, 18, 44, 51, 53, 54]]
[[5,11,11,31,25,59],[10, 16, 37, 49, 17, 43, 52, 18, 44, 51, 53, 54]]
[[4,10,16,18,19,112],[10, 16, 37, 17, 43, 50, 52, 18, 44, 51, 53, 54]]
[[5,11,17,11,25,107],[10, 40, 16, 42, 17, 38, 43, 50, 52, 18, 39, 44]]
[[5,13,5,17,45,79],[10, 40, 16, 42, 49, 17, 38, 43, 50, 18, 39, 53]]
[[4,10,10,22,24,106],[10, 40, 16, 42, 49, 17, 38, 43, 52, 18, 39, 53]]
[[4,14,13,14,44,65],[10, 40, 16, 42, 17, 38, 43, 50, 52, 18, 39, 51]]
[[5,11,20,19,15,92],[10, 40, 16, 42, 17, 38, 43, 50, 52, 18, 39, 53]]
[[4,8,7,28,19,59],[10, 40, 16, 42, 49, 17, 38, 18, 39, 44, 53, 54]]
[[8,10,14,10,43,58],[10, 40, 16, 42, 17, 38, 50, 18, 39, 51, 53, 54]]
[[3,11,6,23,18,50],[10, 40, 16, 49, 17, 38, 43, 18, 39, 44, 51, 54]]
[[5,9,20,13,35,84],[10, 40, 16, 17, 38, 43, 52, 18, 39, 44, 51, 54]]
[[7,7,16,23,22,88],[10, 40, 16, 49, 17, 38, 43, 18, 39, 51, 53, 54]]
[[5,13,5,33,35,73],[10, 40, 16, 17, 38, 43, 52, 18, 39, 51, 53, 54]]
[[7,9,16,13,42,60],[10, 40, 16, 49, 17, 38, 52, 18, 39, 44, 51, 53]]
[[6,8,15,20,41,65],[10, 40, 16, 17, 38, 50, 52, 18, 39, 44, 51, 53]]
[[4,14,13,22,14,95],[10, 16, 42, 49, 17, 38, 43, 50, 52, 18, 39, 44]]
[[4,12,10,24,24,84],[10, 16, 42, 17, 38, 43, 52, 18, 39, 44, 51, 53]]
[[5,11,8,35,45,62],[10, 16, 42, 49, 17, 38, 43, 50, 52, 18, 39, 51]]
[[8,12,11,20,13,57],[10, 16, 42, 49, 17, 38, 43, 50, 52, 18, 39, 53]]
[[7,13,7,17,42,73],[10, 16, 42, 17, 38, 50, 52, 18, 39, 44, 51, 54]]
[[5,9,14,21,35,42],[10, 16, 42, 49, 17, 38, 50, 18, 39, 51, 53, 54]]
[[3,11,9,43,33,41],[10, 16, 42, 17, 38, 50, 52, 18, 39, 51, 53, 54]]
[[6,8,15,20,21,95],[10, 16, 49, 17, 38, 43, 50, 18, 39, 44, 53, 54]]
[[6,6,21,18,36,57],[10, 16, 49, 17, 38, 43, 52, 18, 39, 44, 51, 54]]
[[2,8,11,28,7,83],[10, 16, 49, 17, 38, 43, 52, 18, 39, 51, 53, 54]]
[[5,7,8,23,50,52],[10, 40, 16, 42, 49, 17, 38, 43, 52, 18, 44, 53]]
[[6,10,15,18,31,85],[10, 40, 16, 42, 17, 38, 43, 50, 52, 18, 44, 53]]
[[3,11,6,31,38,80],[10, 40, 16, 42, 49, 17, 38, 43, 50, 18, 51, 53]]
[[4,8,7,32,29,89],[10, 40, 16, 42, 49, 17, 38, 43, 52, 18, 51, 53]]
[[5,9,17,17,35,105],[10, 40, 16, 42, 17, 38, 43, 50, 52, 18, 51, 53]]
[[4,12,13,36,19,57],[10, 40, 16, 42, 49, 17, 38, 50, 52, 18, 44, 54]]
[[4,8,10,24,64,68],[10, 40, 16, 42, 49, 17, 38, 18, 44, 51, 53, 54]]
[[5,9,20,17,30,78],[10, 40, 16, 42, 49, 17, 38, 50, 52, 18, 51, 54]]
[[4,10,16,18,19,112],[10, 40, 16, 42, 49, 17, 38, 50, 52, 18, 53, 54]]
[[4,8,10,28,34,74],[10, 40, 16, 49, 17, 38, 43, 18, 44, 51, 53, 54]]
[[3,9,6,25,8,48],[10, 40, 16, 17, 38, 43, 50, 18, 44, 51, 53, 54]]
[[2,10,5,26,27,55],[10, 40, 16, 17, 38, 43, 52, 18, 44, 51, 53, 54]]
[[6,6,21,26,26,51],[10, 16, 42, 49, 17, 38, 43, 50, 52, 18, 51, 53]]
[[3,11,9,31,43,65],[10, 16, 49, 17, 38, 43, 52, 18, 44, 51, 53, 54]]
[[4,6,7,30,24,75],[10, 16, 17, 38, 43, 50, 52, 18, 44, 51, 53, 54]]
[[4,6,13,22,24,63],[10, 40, 16, 42, 49, 17, 43, 18, 39, 44, 53, 54]]
[[4,10,10,34,34,82],[10, 40, 16, 42, 49, 17, 50, 18, 39, 44, 51, 53]]
[[5,7,14,31,25,88],[10, 40, 16, 42, 49, 17, 52, 18, 39, 44, 51, 53]]
[[6,6,18,10,56,66],[10, 40, 16, 42, 17, 50, 52, 18, 39, 44, 51, 53]]
[[5,11,14,27,20,74],[10, 16, 42, 17, 43, 50, 52, 18, 39, 44, 51, 54]]
[[5,11,11,23,30,65],[10, 16, 42, 49, 17, 43, 50, 18, 39, 51, 53, 54]]
[[5,5,11,21,35,59],[10, 16, 42, 49, 17, 50, 52, 18, 39, 44, 51, 53]]
[[5,7,14,15,25,88],[10, 16, 49, 17, 43, 50, 52, 18, 39, 44, 51, 53]]
[[7,9,13,29,17,75],[10, 40, 16, 42, 17, 43, 50, 18, 44, 51, 53, 54]]
[[5,9,14,25,40,96],[10, 40, 16, 42, 49, 17, 43, 50, 52, 18, 51, 54]]
[[5,11,14,15,45,56],[10, 40, 16, 49, 17, 50, 52, 18, 44, 51, 53, 54]]
[[6,10,12,26,36,46],[10, 16, 42, 49, 17, 43, 50, 18, 44, 51, 53, 54]]
[[4,10,16,18,24,106],[10, 16, 42, 17, 43, 50, 52, 18, 44, 51, 53, 54]]
[[4,8,7,32,34,89],[10, 34, 35, 40, 16, 37, 42, 17, 38, 39, 53, 54]]
[[3,9,3,37,38,81],[10, 34, 35, 40, 16, 37, 17, 38, 43, 39, 51, 54]]
[[5,7,14,7,40,88],[10, 34, 35, 40, 16, 37, 49, 17, 38, 39, 51, 53]]
[[5,7,8,31,30,76],[10, 34, 35, 40, 16, 37, 17, 38, 52, 39, 51, 53]]
[[4,8,10,20,34,56],[10, 34, 35, 16, 37, 42, 49, 17, 38, 39, 51, 54]]
[[6,10,12,18,46,58],[10, 34, 35, 16, 37, 42, 17, 38, 50, 39, 53, 54]]
[[4,4,16,48,29,58],[10, 34, 35, 16, 37, 17, 38, 43, 52, 39, 51, 54]]
[[6,8,21,20,31,47],[10, 34, 35, 16, 37, 49, 17, 38, 52, 39, 51, 53]]
[[5,7,20,7,45,88],[10, 34, 35, 16, 37, 17, 38, 50, 52, 39, 51, 53]]
[[6,10,6,26,26,94],[10, 34, 35, 40, 16, 37, 42, 17, 38, 43, 50, 53]]
[[6,10,15,18,31,73],[10, 34, 35, 40, 16, 37, 42, 17, 38, 50, 52, 54]]
[[6,10,6,10,46,94],[10, 34, 35, 40, 16, 37, 49, 17, 38, 44, 51, 53]]
[[6,10,12,26,26,70],[10, 34, 35, 40, 16, 37, 17, 38, 52, 44, 51, 53]]
[[6,10,9,30,36,55],[10, 34, 35, 40, 16, 37, 49, 17, 38, 50, 52, 53]]
[[5,11,14,23,20,80],[10, 34, 35, 16, 37, 42, 17, 38, 43, 50, 52, 44]]
[[5,15,11,23,15,81],[10, 34, 35, 16, 37, 42, 49, 17, 38, 43, 50, 53]]
[[6,12,15,16,26,81],[10, 34, 35, 16, 37, 42, 49, 17, 38, 43, 52, 53]]
[[7,11,13,15,37,65],[10, 34, 35, 16, 37, 42, 17, 38, 43, 50, 52, 53]]
[[5,5,20,13,40,62],[10, 34, 35, 16, 37, 42, 49, 17, 38, 50, 52, 54]]
[[5,7,14,15,45,88],[10, 34, 35, 16, 37, 42, 49, 17, 38, 51, 53, 54]]
[[5,11,14,15,45,56],[10, 34, 35, 16, 37, 42, 17, 38, 52, 51, 53, 54]]
[[7,13,7,21,27,91],[10, 34, 35, 16, 37, 49, 17, 38, 52, 44, 51, 53]]
[[7,7,16,23,32,64],[10, 34, 35, 40, 16, 37, 42, 17, 43, 39, 51, 54]]
[[6,6,15,26,36,63],[10, 34, 35, 40, 16, 37, 42, 17, 43, 39, 53, 54]]
[[7,11,7,27,27,83],[10, 34, 35, 40, 16, 37, 42, 17, 50, 39, 44, 53]]
[[5,9,17,17,45,63],[10, 34, 35, 40, 16, 37, 42, 49, 17, 39, 51, 53]]
[[5,11,8,19,25,116],[10, 34, 35, 40, 16, 37, 42, 17, 52, 39, 51, 53]]
[[6,10,12,10,41,100],[10, 34, 35, 40, 16, 37, 49, 17, 43, 39, 44, 53]]
[[4,6,19,18,39,81],[10, 34, 35, 40, 16, 37, 49, 17, 52, 39, 44, 54]]
[[5,9,14,13,50,78],[10, 34, 35, 40, 16, 37, 17, 39, 44, 51, 53, 54]]
[[7,9,13,25,32,63],[10, 34, 35, 40, 16, 37, 49, 17, 52, 39, 51, 54]]
[[4,8,16,12,34,62],[10, 34, 35, 40, 16, 37, 49, 17, 52, 39, 53, 54]]
[[4,12,13,28,39,51],[10, 34, 35, 16, 37, 42, 49, 17, 43, 39, 51, 54]]
[[5,7,14,7,20,100],[10, 34, 35, 16, 37, 42, 49, 17, 43, 39, 53, 54]]
[[3,9,15,41,33,57],[10, 34, 35, 16, 37, 42, 17, 43, 52, 39, 53, 54]]
[[6,12,9,20,31,93],[10, 34, 35, 16, 37, 42, 17, 50, 52, 39, 44, 53]]
[[6,6,12,18,21,72],[10, 34, 35, 16, 37, 42, 49, 17, 52, 39, 51, 53]]
[[5,7,20,27,25,64],[10, 34, 35, 16, 37, 49, 17, 43, 52, 39, 44, 53]]
[[8,10,11,18,33,73],[10, 34, 35, 16, 37, 49, 17, 39, 44, 51, 53, 54]]
[[7,9,13,13,52,63],[10, 34, 35, 16, 37, 17, 50, 39, 44, 51, 53, 54]]
[[4,8,19,20,24,89],[10, 34, 35, 16, 37, 17, 52, 39, 44, 51, 53, 54]]
[[3,7,12,35,28,82],[10, 34, 35, 40, 16, 37, 42, 17, 43, 44, 53, 54]]
[[6,10,12,22,36,58],[10, 34, 35, 40, 16, 37, 42, 17, 43, 50, 52, 54]]
[[4,8,13,20,34,125],[10, 34, 35, 40, 16, 37, 42, 49, 17, 50, 52, 44]]
[[5,9,8,21,50,54],[10, 34, 35, 40, 16, 37, 42, 17, 50, 44, 51, 53]]
[[4,8,10,32,34,104],[10, 34, 35, 40, 16, 37, 42, 49, 17, 50, 52, 53]]
[[6,10,12,26,26,76],[10, 34, 35, 40, 16, 37, 49, 17, 43, 50, 52, 44]]
[[7,7,13,31,42,37],[10, 34, 35, 40, 16, 37, 17, 43, 50, 44, 51, 53]]
[[6,6,18,18,36,72],[10, 34, 35, 40, 16, 37, 17, 43, 52, 44, 51, 53]]
[[4,8,10,8,34,68],[10, 34, 35, 40, 16, 37, 49, 17, 50, 44, 53, 54]]
[[2,10,11,38,37,67],[10, 34, 35, 40, 16, 37, 17, 50, 52, 44, 53, 54]]
[[4,12,10,20,34,84],[10, 34, 35, 40, 16, 37, 49, 17, 52, 51, 53, 54]]
[[6,10,9,14,41,79],[10, 34, 35, 16, 37, 42, 49, 17, 43, 44, 53, 54]]
[[4,12,7,24,34,93],[10, 34, 35, 16, 37, 42, 17, 43, 50, 51, 53, 54]]
[[4,8,13,12,34,77],[10, 34, 35, 16, 37, 42, 49, 17, 50, 44, 51, 53]]
[[3,5,12,45,38,62],[10, 34, 35, 16, 37, 42, 49, 17, 52, 44, 51, 53]]
[[4,10,13,26,29,73],[10, 34, 35, 16, 37, 42, 17, 50, 52, 44, 51, 53]]
[[4,12,13,24,29,69],[10, 34, 35, 16, 37, 49, 17, 43, 50, 44, 51, 53]]
[[5,9,11,33,30,57],[10, 34, 35, 16, 37, 49, 17, 43, 52, 44, 51, 53]]
[[4,6,10,14,19,30],[10, 34, 35, 16, 37, 17, 43, 50, 52, 44, 51, 53]]
[[5,9,8,25,25,66],[10, 34, 35, 16, 37, 49, 17, 50, 52, 44, 53, 54]]
[[4,10,13,10,49,55],[10, 34, 35, 40, 16, 42, 17, 38, 43, 39, 44, 54]]
[[5,9,14,13,30,90],[10, 34, 35, 40, 16, 42, 17, 38, 43, 39, 51, 54]]
[[8,10,11,18,33,73],[10, 34, 35, 40, 16, 42, 17, 38, 43, 39, 53, 54]]
[[5,13,5,33,25,67],[10, 34, 35, 40, 16, 42, 49, 17, 38, 39, 51, 53]]
[[5,7,20,27,25,64],[10, 34, 35, 40, 16, 42, 17, 38, 52, 39, 51, 53]]
[[8,8,14,16,43,56],[10, 34, 35, 40, 16, 49, 17, 38, 43, 39, 44, 53]]
[[6,6,12,18,21,72],[10, 34, 35, 40, 16, 17, 38, 43, 52, 39, 44, 53]]
[[5,13,8,25,25,82],[10, 34, 35, 40, 16, 17, 38, 50, 52, 39, 44, 54]]
[[5,7,14,7,20,100],[10, 34, 35, 40, 16, 17, 38, 39, 44, 51, 53, 54]]
[[6,10,18,18,26,64],[10, 34, 35, 40, 16, 17, 38, 50, 52, 39, 51, 54]]
[[5,13,11,25,30,73],[10, 34, 35, 40, 16, 17, 38, 50, 52, 39, 53, 54]]
[[5,11,11,27,30,71],[10, 34, 35, 16, 42, 49, 17, 38, 43, 39, 44, 54]]
[[7,9,13,25,32,63],[10, 34, 35, 16, 42, 17, 38, 43, 52, 39, 44, 54]]
[[5,9,14,13,50,78],[10, 34, 35, 16, 42, 49, 17, 38, 43, 39, 53, 54]]
[[4,10,10,30,49,58],[10, 34, 35, 16, 42, 17, 38, 43, 50, 39, 53, 54]]
[[4,6,19,18,39,81],[10, 34, 35, 16, 42, 17, 38, 43, 52, 39, 51, 54]]
[[3,15,9,19,38,81],[10, 34, 35, 16, 42, 17, 38, 43, 52, 39, 53, 54]]
[[4,6,22,14,34,90],[10, 34, 35, 16, 42, 17, 38, 50, 52, 39, 44, 53]]
[[5,11,8,19,25,116],[10, 34, 35, 16, 49, 17, 38, 43, 52, 39, 44, 53]]
[[7,11,7,27,27,83],[10, 34, 35, 16, 49, 17, 38, 43, 50, 39, 51, 53]]
[[7,9,16,17,32,60],[10, 34, 35, 16, 17, 38, 43, 50, 52, 39, 51, 53]]
[[6,6,18,22,26,66],[10, 34, 35, 16, 49, 17, 38, 50, 52, 39, 44, 54]]
[[6,6,15,26,36,63],[10, 34, 35, 16, 49, 17, 38, 39, 44, 51, 53, 54]]
[[7,9,16,17,27,66],[10, 34, 35, 16, 17, 38, 50, 39, 44, 51, 53, 54]]
[[6,12,9,20,41,63],[10, 34, 35, 16, 17, 38, 52, 39, 44, 51, 53, 54]]
[[5,9,17,25,30,57],[10, 34, 35, 16, 49, 17, 38, 50, 52, 39, 51, 54]]
[[2,8,14,20,22,56],[10, 34, 35, 16, 49, 17, 38, 50, 52, 39, 53, 54]]
[[2,10,5,34,27,49],[10, 34, 35, 40, 16, 42, 17, 38, 43, 44, 51, 54]]
[[5,9,14,13,30,114],[10, 34, 35, 40, 16, 42, 17, 38, 43, 44, 53, 54]]
[[5,9,14,21,30,102],[10, 34, 35, 40, 16, 42, 49, 17, 38, 43, 52, 54]]
[[6,8,9,28,46,59],[10, 34, 35, 40, 16, 42, 49, 17, 38, 44, 51, 53]]
[[6,10,18,10,36,82],[10, 34, 35, 40, 16, 42, 17, 38, 52, 44, 51, 53]]
[[3,7,15,19,38,61],[10, 34, 35, 40, 16, 42, 49, 17, 38, 50, 52, 51]]
[[4,6,10,14,19,30],[10, 34, 35, 40, 16, 42, 49, 17, 38, 50, 52, 53]]
[[4,8,16,16,24,80],[10, 34, 35, 40, 16, 49, 17, 38, 43, 50, 52, 44]]
[[6,8,15,20,31,59],[10, 34, 35, 40, 16, 49, 17, 38, 43, 44, 51, 53]]
[[5,11,17,15,25,95],[10, 34, 35, 40, 16, 17, 38, 43, 50, 44, 51, 53]]
[[6,10,15,18,36,79],[10, 34, 35, 40, 16, 17, 38, 43, 52, 44, 51, 53]]
[[3,11,9,27,38,89],[10, 34, 35, 40, 16, 49, 17, 38, 43, 50, 52, 51]]
[[4,10,13,26,29,73],[10, 34, 35, 40, 16, 49, 17, 38, 43, 50, 52, 53]]
[[4,12,7,24,34,93],[10, 34, 35, 40, 16, 49, 17, 38, 50, 44, 53, 54]]
[[5,11,14,15,25,104],[10, 34, 35, 16, 42, 49, 17, 38, 43, 44, 51, 54]]
[[6,14,9,26,21,53],[10, 34, 35, 16, 42, 49, 17, 38, 43, 44, 53, 54]]
[[5,9,20,21,30,66],[10, 34, 35, 16, 42, 17, 38, 43, 52, 44, 51, 54]]
[[4,12,10,20,34,84],[10, 34, 35, 16, 42, 17, 38, 43, 52, 44, 53, 54]]
[[4,8,10,8,34,68],[10, 34, 35, 16, 42, 17, 38, 43, 50, 51, 53, 54]]
[[5,9,14,21,40,84],[10, 34, 35, 16, 42, 49, 17, 38, 52, 44, 51, 53]]
[[3,7,12,23,18,112],[10, 34, 35, 16, 49, 17, 38, 43, 52, 44, 51, 53]]
[[4,8,10,32,34,104],[10, 34, 35, 16, 17, 38, 43, 50, 52, 44, 51, 53]]
[[6,10,12,22,36,58],[10, 34, 35, 16, 49, 17, 38, 50, 52, 44, 51, 54]]
[[3,11,15,31,33,59],[10, 34, 35, 16, 49, 17, 38, 50, 52, 44, 53, 54]]
[[4,8,7,28,49,83],[10, 34, 35, 40, 16, 42, 49, 17, 43, 39, 44, 53]]
[[6,8,21,20,31,47],[10, 34, 35, 40, 16, 42, 17, 43, 52, 39, 44, 53]]
[[4,4,16,48,29,58],[10, 34, 35, 40, 16, 42, 49, 17, 52, 39, 44, 54]]
[[2,6,8,34,32,66],[10, 34, 35, 40, 16, 42, 49, 17, 52, 39, 53, 54]]
[[4,4,13,20,39,55],[10, 34, 35, 40, 16, 17, 43, 50, 52, 39, 51, 54]]
[[5,7,8,31,30,76],[10, 34, 35, 16, 42, 49, 17, 43, 52, 39, 44, 53]]
[[4,8,7,32,34,89],[10, 34, 35, 16, 49, 17, 43, 39, 44, 51, 53, 54]]
[[5,7,5,31,35,73],[10, 34, 35, 16, 17, 43, 50, 39, 44, 51, 53, 54]]
[[4,8,19,24,24,101],[10, 34, 35, 16, 17, 43, 52, 39, 44, 51, 53, 54]]
[[5,7,14,15,20,76],[10, 34, 35, 16, 49, 17, 43, 50, 52, 39, 51, 54]]
[[5,9,17,21,35,57],[10, 34, 35, 40, 16, 42, 49, 17, 43, 50, 52, 51]]
[[5,11,14,15,45,56],[10, 34, 35, 40, 16, 49, 17, 43, 52, 44, 53, 54]]
[[5,5,20,13,40,62],[10, 34, 35, 40, 16, 17, 43, 50, 52, 44, 51, 54]]
[[3,9,9,29,28,45],[10, 34, 35, 40, 16, 17, 43, 50, 52, 51, 53, 54]]
[[7,11,13,15,37,65],[10, 34, 35, 40, 16, 49, 17, 50, 52, 44, 51, 53]]
[[6,10,9,30,36,55],[10, 34, 35, 16, 42, 17, 43, 50, 52, 44, 51, 53]]
[[6,10,15,18,31,73],[10, 34, 35, 16, 49, 17, 43, 50, 52, 44, 51, 54]]
[[7,9,16,17,37,54],[10, 34, 40, 16, 37, 42, 49, 17, 38, 39, 53, 54]]
[[3,11,9,23,18,95],[10, 34, 40, 16, 37, 49, 17, 38, 43, 39, 44, 54]]
[[6,10,9,14,41,85],[10, 34, 40, 16, 37, 49, 17, 38, 43, 39, 51, 54]]
[[7,7,16,27,32,52],[10, 34, 40, 16, 37, 49, 17, 38, 43, 39, 53, 54]]
[[6,8,18,24,36,62],[10, 34, 40, 16, 37, 17, 38, 43, 52, 39, 51, 54]]
[[5,13,8,25,25,88],[10, 34, 40, 16, 37, 17, 38, 43, 52, 39, 53, 54]]
[[7,9,13,13,42,81],[10, 34, 40, 16, 37, 49, 17, 38, 52, 39, 44, 53]]
[[5,9,14,13,35,90],[10, 34, 40, 16, 37, 49, 17, 38, 50, 39, 51, 53]]
[[5,13,11,29,30,49],[10, 34, 16, 37, 42, 17, 38, 43, 50, 39, 44, 53]]
[[7,9,7,17,47,81],[10, 34, 16, 37, 42, 17, 38, 43, 52, 39, 51, 53]]
[[7,11,13,23,22,47],[10, 34, 16, 37, 42, 17, 38, 50, 52, 39, 44, 54]]
[[7,7,13,23,27,91],[10, 34, 16, 37, 42, 17, 38, 39, 44, 51, 53, 54]]
[[5,11,8,19,25,104],[10, 34, 16, 37, 42, 49, 17, 38, 50, 39, 53, 54]]
[[6,6,18,6,51,72],[10, 34, 16, 37, 49, 17, 38, 43, 52, 39, 44, 54]]
[[7,7,16,11,37,88],[10, 34, 16, 37, 17, 38, 43, 39, 44, 51, 53, 54]]
[[5,11,17,19,20,95],[10, 34, 16, 37, 49, 17, 38, 43, 52, 39, 51, 54]]
[[2,8,17,28,32,83],[10, 34, 16, 37, 49, 17, 38, 43, 52, 39, 53, 54]]
[[3,9,12,17,18,84],[10, 34, 16, 37, 17, 38, 43, 50, 52, 39, 53, 54]]
[[6,10,12,34,21,70],[10, 34, 16, 37, 49, 17, 38, 50, 52, 39, 51, 53]]
[[5,9,17,13,30,93],[10, 34, 40, 16, 37, 42, 17, 38, 43, 50, 52, 44]]
[[4,10,7,22,59,67],[10, 34, 40, 16, 37, 42, 49, 17, 38, 43, 52, 53]]
[[2,8,11,28,17,101],[10, 34, 40, 16, 37, 42, 17, 38, 43, 50, 52, 51]]
[[4,10,19,26,24,97],[10, 34, 40, 16, 37, 42, 49, 17, 38, 44, 53, 54]]
[[5,11,11,23,30,83],[10, 34, 40, 16, 37, 42, 17, 38, 50, 44, 53, 54]]
[[2,8,8,28,27,104],[10, 34, 40, 16, 37, 42, 17, 38, 52, 44, 53, 54]]
[[5,7,11,19,40,85],[10, 34, 40, 16, 37, 42, 49, 17, 38, 50, 52, 54]]
[[5,9,11,17,25,81],[10, 34, 40, 16, 37, 42, 49, 17, 38, 51, 53, 54]]
[[6,12,12,20,36,48],[10, 34, 40, 16, 37, 42, 17, 38, 50, 51, 53, 54]]
[[4,8,10,32,29,74],[10, 34, 40, 16, 37, 49, 17, 38, 43, 44, 53, 54]]
[[3,9,3,25,18,57],[10, 34, 40, 16, 37, 17, 38, 43, 50, 44, 53, 54]]
[[2,14,14,30,37,68],[10, 34, 40, 16, 37, 17, 38, 43, 52, 44, 53, 54]]
[[7,11,10,19,37,68],[10, 34, 40, 16, 37, 49, 17, 38, 43, 51, 53, 54]]
[[6,6,18,10,51,66],[10, 34, 40, 16, 37, 17, 38, 50, 52, 44, 51, 53]]
[[2,8,11,16,17,83],[10, 34, 16, 37, 42, 49, 17, 38, 43, 50, 52, 44]]
[[4,6,10,14,24,42],[10, 34, 16, 37, 42, 49, 17, 38, 43, 44, 51, 53]]
[[3,11,9,35,23,71],[10, 34, 16, 37, 42, 17, 38, 43, 50, 44, 51, 53]]
[[4,8,13,16,34,65],[10, 34, 16, 37, 42, 17, 38, 43, 52, 44, 51, 53]]
[[5,9,14,17,40,84],[10, 34, 16, 37, 42, 49, 17, 38, 43, 50, 52, 51]]
[[6,12,6,32,21,78],[10, 34, 16, 37, 42, 49, 17, 38, 50, 44, 53, 54]]
[[5,11,14,23,20,86],[10, 34, 16, 37, 42, 49, 17, 38, 52, 44, 53, 54]]
[[4,10,10,14,69,64],[10, 34, 16, 37, 42, 17, 38, 50, 52, 44, 53, 54]]
[[1,13,4,29,56,70],[10, 34, 16, 37, 42, 17, 38, 50, 52, 51, 53, 54]]
[[6,8,9,20,26,89],[10, 34, 16, 37, 49, 17, 38, 43, 50, 44, 53, 54]]
[[3,11,15,39,28,59],[10, 34, 16, 37, 49, 17, 38, 43, 52, 44, 53, 54]]
[[3,11,3,35,33,53],[10, 34, 16, 37, 49, 17, 38, 43, 50, 51, 53, 54]]
[[2,12,8,24,27,72],[10, 34, 16, 37, 49, 17, 38, 43, 52, 51, 53, 54]]
[[3,7,15,19,33,121],[10, 34, 16, 37, 49, 17, 38, 50, 52, 44, 51, 53]]
[[5,7,8,15,25,64],[10, 34, 40, 16, 37, 42, 49, 17, 43, 39, 53, 54]]
[[6,6,12,18,16,78],[10, 34, 40, 16, 37, 42, 17, 43, 50, 39, 53, 54]]
[[4,8,10,20,29,56],[10, 34, 40, 16, 37, 42, 49, 17, 50, 39, 44, 53]]
[[5,9,11,21,35,81],[10, 34, 40, 16, 37, 42, 49, 17, 52, 39, 44, 53]]
[[6,8,9,20,21,101],[10, 34, 40, 16, 37, 49, 17, 43, 52, 39, 51, 53]]
[[6,10,12,34,26,58],[10, 34, 40, 16, 37, 49, 17, 39, 44, 51, 53, 54]]
[[2,6,8,26,32,102],[10, 34, 40, 16, 37, 17, 52, 39, 44, 51, 53, 54]]
[[5,9,14,25,30,60],[10, 34, 16, 37, 42, 17, 43, 50, 52, 39, 44, 54]]
[[5,9,17,29,25,75],[10, 34, 16, 37, 42, 49, 17, 43, 50, 39, 53, 54]]
[[3,9,9,29,23,63],[10, 34, 16, 37, 42, 17, 43, 50, 52, 39, 53, 54]]
[[5,7,11,15,40,97],[10, 34, 16, 37, 42, 49, 17, 50, 52, 39, 44, 53]]
[[4,4,13,8,24,49],[10, 34, 16, 37, 49, 17, 43, 50, 52, 39, 51, 53]]
[[4,10,10,38,24,58],[10, 34, 16, 37, 49, 17, 50, 39, 44, 51, 53, 54]]
[[3,11,9,23,53,77],[10, 34, 16, 37, 49, 17, 52, 39, 44, 51, 53, 54]]
[[5,9,17,21,35,57],[10, 34, 40, 16, 37, 42, 49, 17, 43, 44, 51, 54]]
[[5,7,20,11,40,94],[10, 34, 40, 16, 37, 42, 49, 17, 43, 50, 52, 54]]
[[7,11,7,31,27,65],[10, 34, 40, 16, 37, 49, 17, 43, 52, 44, 51, 53]]
[[4,8,19,24,24,101],[10, 34, 40, 16, 37, 49, 17, 50, 52, 51, 53, 54]]
[[6,8,12,28,11,92],[10, 34, 16, 37, 42, 49, 17, 43, 50, 44, 53, 54]]
[[5,7,11,23,25,61],[10, 34, 40, 16, 42, 49, 17, 38, 43, 39, 53, 54]]
[[4,10,10,38,24,58],[10, 34, 40, 16, 42, 17, 38, 43, 50, 39, 53, 54]]
[[3,11,9,23,53,77],[10, 34, 40, 16, 42, 17, 38, 43, 52, 39, 53, 54]]
[[6,8,9,16,26,77],[10, 34, 40, 16, 42, 49, 17, 38, 50, 39, 44, 53]]
[[5,5,14,33,20,68],[10, 34, 40, 16, 42, 49, 17, 38, 52, 39, 44, 53]]
[[4,4,13,8,24,49],[10, 34, 40, 16, 42, 17, 38, 50, 52, 39, 44, 53]]
[[5,7,11,15,40,97],[10, 34, 40, 16, 17, 38, 43, 50, 52, 39, 51, 53]]
[[5,9,17,29,25,75],[10, 34, 40, 16, 17, 38, 50, 39, 44, 51, 53, 54]]
[[5,9,14,25,30,60],[10, 34, 40, 16, 49, 17, 38, 50, 52, 39, 51, 54]]
[[4,4,10,28,9,64],[10, 34, 16, 42, 49, 17, 38, 43, 52, 39, 44, 54]]
[[2,6,8,26,32,102],[10, 34, 16, 42, 49, 17, 38, 43, 52, 39, 53, 54]]
[[6,6,12,18,16,78],[10, 34, 16, 49, 17, 38, 50, 39, 44, 51, 53, 54]]
[[2,6,14,34,32,90],[10, 34, 16, 17, 38, 50, 52, 39, 44, 51, 53, 54]]
[[6,10,6,18,46,70],[10, 34, 40, 16, 49, 17, 38, 43, 50, 44, 51, 53]]
[[5,7,20,7,45,88],[10, 34, 40, 16, 49, 17, 38, 43, 52, 44, 51, 53]]
[[6,14,12,18,16,86],[10, 34, 40, 16, 17, 38, 43, 50, 52, 44, 51, 53]]
[[6,10,9,14,41,79],[10, 34, 40, 16, 49, 17, 38, 50, 52, 44, 51, 54]]
[[6,8,9,24,36,65],[10, 34, 16, 42, 49, 17, 38, 43, 50, 44, 53, 54]]
[[4,8,19,24,24,101],[10, 34, 16, 42, 17, 38, 43, 50, 52, 44, 53, 54]]
[[5,7,14,15,45,88],[10, 34, 16, 42, 49, 17, 38, 50, 52, 44, 51, 53]]
[[7,9,13,21,47,39],[10, 34, 16, 49, 17, 38, 43, 50, 52, 44, 51, 53]]
[[6,10,12,34,21,70],[10, 34, 40, 16, 42, 17, 43, 50, 52, 39, 44, 53]]
[[6,12,15,16,21,99],[10, 34, 40, 16, 42, 49, 17, 43, 52, 39, 51, 53]]
[[2,8,17,28,32,83],[10, 34, 40, 16, 42, 17, 52, 39, 44, 51, 53, 54]]
[[4,6,13,14,19,75],[10, 34, 40, 16, 49, 17, 43, 39, 44, 51, 53, 54]]
[[5,11,8,19,25,104],[10, 34, 40, 16, 17, 43, 50, 39, 44, 51, 53, 54]]
[[7,11,13,23,22,47],[10, 34, 40, 16, 49, 17, 43, 50, 52, 39, 51, 54]]
[[4,8,19,12,29,101],[10, 34, 40, 16, 49, 17, 43, 50, 52, 39, 53, 54]]
[[5,13,8,25,25,88],[10, 34, 16, 42, 49, 17, 52, 39, 44, 51, 53, 54]]
[[4,10,10,34,29,76],[10, 34, 16, 17, 43, 50, 52, 39, 44, 51, 53, 54]]
[[6,8,9,28,21,89],[10, 34, 40, 16, 42, 49, 17, 43, 50, 44, 51, 53]]
[[7,11,13,19,32,59],[10, 34, 40, 16, 42, 49, 17, 43, 52, 44, 51, 53]]
[[4,10,16,26,24,88],[10, 34, 40, 16, 49, 17, 43, 50, 52, 44, 51, 54]]
[[1,13,4,29,56,70],[10, 34, 40, 16, 49, 17, 43, 50, 52, 44, 53, 54]]
[[4,10,10,14,69,64],[10, 34, 40, 16, 49, 17, 43, 50, 52, 51, 53, 54]]
[[3,7,15,19,23,91],[10, 34, 16, 42, 49, 17, 43, 50, 52, 44, 51, 53]]
[[7,11,10,23,27,80],[10, 35, 40, 16, 37, 42, 17, 38, 43, 39, 51, 53]]
[[6,8,9,24,36,65],[10, 35, 40, 16, 37, 42, 49, 17, 38, 39, 53, 54]]
[[7,7,19,23,27,61],[10, 35, 40, 16, 37, 42, 17, 38, 50, 39, 53, 54]]
[[4,8,13,16,24,101],[10, 35, 40, 16, 37, 42, 17, 38, 52, 39, 53, 54]]
[[5,5,17,13,30,65],[10, 35, 40, 16, 37, 17, 38, 43, 52, 39, 51, 54]]
[[6,12,9,12,41,99],[10, 35, 16, 37, 42, 17, 38, 50, 52, 39, 44, 54]]
[[6,10,18,10,36,82],[10, 35, 16, 37, 42, 49, 17, 38, 50, 39, 53, 54]]
[[4,10,10,18,24,94],[10, 35, 16, 37, 42, 17, 38, 50, 52, 39, 53, 54]]
[[6,6,18,26,26,78],[10, 35, 16, 37, 17, 38, 43, 39, 44, 51, 53, 54]]
[[6,10,9,14,36,103],[10, 35, 16, 37, 49, 17, 38, 43, 50, 39, 53, 54]]
[[5,7,14,31,25,88],[10, 35, 16, 37, 49, 17, 38, 50, 52, 39, 51, 53]]
[[4,8,13,20,19,107],[10, 35, 40, 16, 37, 42, 17, 38, 43, 50, 52, 44]]
[[4,10,10,26,54,82],[10, 35, 40, 16, 37, 42, 49, 17, 38, 43, 50, 53]]
[[4,8,10,20,34,56],[10, 35, 40, 16, 37, 42, 49, 17, 38, 43, 52, 51]]
[[6,6,18,26,16,66],[10, 35, 40, 16, 37, 42, 17, 38, 43, 50, 52, 53]]
[[4,10,13,22,49,67],[10, 35, 40, 16, 37, 49, 17, 38, 43, 44, 51, 54]]
[[4,6,19,22,39,63],[10, 35, 40, 16, 37, 17, 38, 43, 52, 44, 51, 54]]
[[6,12,9,12,51,75],[10, 35, 40, 16, 37, 49, 17, 38, 43, 51, 53, 54]]
[[2,8,11,20,17,95],[10, 35, 40, 16, 37, 17, 38, 43, 52, 51, 53, 54]]
[[5,9,11,21,35,81],[10, 35, 40, 16, 37, 49, 17, 38, 50, 44, 51, 53]]
[[3,7,12,23,18,112],[10, 35, 16, 37, 42, 49, 17, 38, 43, 50, 52, 44]]
[[5,7,11,11,35,67],[10, 35, 16, 37, 42, 17, 38, 43, 52, 44, 51, 53]]
[[5,7,17,23,25,61],[10, 35, 16, 37, 42, 49, 17, 38, 43, 50, 52, 53]]
[[5,9,11,29,30,57],[10, 35, 16, 37, 42, 49, 17, 38, 50, 44, 53, 54]]
[[3,7,12,39,33,88],[10, 35, 16, 37, 42, 49, 17, 38, 52, 51, 53, 54]]
[[5,7,20,11,30,82],[10, 35, 16, 37, 49, 17, 38, 43, 52, 44, 51, 54]]
[[3,11,12,31,38,80],[10, 35, 16, 37, 49, 17, 38, 43, 52, 51, 53, 54]]
[[5,9,5,25,45,69],[10, 35, 40, 16, 37, 42, 49, 17, 43, 39, 51, 54]]
[[6,12,12,20,41,54],[10, 35, 40, 16, 37, 42, 49, 17, 43, 39, 53, 54]]
[[4,6,16,18,29,90],[10, 35, 40, 16, 37, 42, 17, 43, 52, 39, 53, 54]]
[[5,9,8,13,15,108],[10, 35, 40, 16, 37, 42, 49, 17, 50, 39, 44, 53]]
[[6,8,15,16,46,77],[10, 35, 40, 16, 37, 42, 49, 17, 52, 39, 44, 53]]
[[7,7,13,31,42,49],[10, 35, 40, 16, 37, 42, 17, 50, 52, 39, 44, 53]]
[[3,5,15,17,23,119],[10, 35, 40, 16, 37, 42, 49, 17, 52, 39, 51, 53]]
[[7,7,10,19,42,70],[10, 35, 40, 16, 37, 49, 17, 43, 50, 39, 44, 53]]
[[6,10,9,26,26,85],[10, 35, 40, 16, 37, 49, 17, 43, 52, 39, 44, 53]]
[[5,5,8,9,35,50],[10, 35, 40, 16, 37, 17, 43, 50, 52, 39, 44, 53]]
[[5,11,11,27,40,53],[10, 35, 40, 16, 37, 49, 17, 43, 52, 39, 51, 53]]
[[5,7,11,27,30,73],[10, 35, 40, 16, 37, 49, 17, 39, 44, 51, 53, 54]]
[[4,8,16,20,49,92],[10, 35, 40, 16, 37, 17, 50, 39, 44, 51, 53, 54]]
[[1,9,10,29,36,90],[10, 35, 40, 16, 37, 17, 52, 39, 44, 51, 53, 54]]
[[6,8,12,24,36,80],[10, 35, 16, 37, 42, 17, 43, 50, 52, 39, 44, 54]]
[[6,6,9,18,31,69],[10, 35, 16, 37, 42, 17, 43, 39, 44, 51, 53, 54]]
[[3,11,9,35,33,53],[10, 35, 16, 37, 42, 49, 17, 43, 52, 39, 53, 54]]
[[4,6,13,18,24,57],[10, 35, 16, 37, 42, 49, 17, 50, 52, 39, 44, 53]]
[[4,10,13,22,19,91],[10, 35, 16, 37, 49, 17, 43, 50, 52, 39, 44, 53]]
[[5,7,17,15,45,103],[10, 35, 16, 37, 49, 17, 43, 50, 52, 39, 51, 53]]
[[5,7,8,31,50,70],[10, 35, 16, 37, 49, 17, 50, 39, 44, 51, 53, 54]]
[[4,10,13,34,29,49],[10, 35, 16, 37, 49, 17, 52, 39, 44, 51, 53, 54]]
[[5,9,14,21,25,96],[10, 35, 16, 37, 17, 50, 52, 39, 44, 51, 53, 54]]
[[6,10,12,22,31,58],[10, 35, 40, 16, 37, 42, 17, 43, 50, 44, 53, 54]]
[[6,8,15,24,46,53],[10, 35, 40, 16, 37, 42, 49, 17, 43, 50, 52, 54]]
[[6,8,12,16,41,80],[10, 35, 40, 16, 37, 42, 49, 17, 43, 51, 53, 54]]
[[6,10,12,18,31,88],[10, 35, 40, 16, 37, 42, 17, 43, 52, 51, 53, 54]]
[[6,10,15,18,31,61],[10, 35, 40, 16, 37, 42, 49, 17, 52, 44, 51, 53]]
[[7,9,13,25,32,57],[10, 35, 40, 16, 37, 42, 17, 50, 52, 44, 51, 53]]
[[7,13,10,13,37,76],[10, 35, 40, 16, 37, 49, 17, 43, 50, 44, 51, 53]]
[[7,11,10,23,22,86],[10, 35, 40, 16, 37, 17, 43, 50, 52, 44, 51, 53]]
[[7,11,10,15,42,74],[10, 35, 16, 37, 42, 49, 17, 43, 50, 44, 53, 54]]
[[5,13,11,21,30,79],[10, 35, 16, 37, 42, 17, 43, 50, 52, 44, 53, 54]]
[[3,7,18,19,33,64],[10, 35, 16, 37, 42, 49, 17, 43, 52, 51, 53, 54]]
[[6,12,6,28,26,84],[10, 35, 16, 37, 42, 49, 17, 50, 52, 44, 51, 53]]
[[4,12,10,36,19,60],[10, 35, 16, 37, 49, 17, 43, 50, 52, 44, 51, 53]]
[[2,8,8,32,32,74],[10, 35, 40, 16, 42, 49, 17, 38, 43, 39, 44, 54]]
[[4,6,13,22,19,69],[10, 35, 40, 16, 42, 17, 38, 43, 52, 39, 44, 54]]
[[6,8,9,28,46,53],[10, 35, 40, 16, 42, 49, 17, 38, 43, 39, 53, 54]]
[[5,7,8,31,50,70],[10, 35, 40, 16, 42, 17, 38, 43, 50, 39, 53, 54]]
[[4,10,13,34,29,49],[10, 35, 40, 16, 42, 17, 38, 43, 52, 39, 53, 54]]
[[6,8,15,20,46,77],[10, 35, 40, 16, 42, 49, 17, 38, 52, 39, 44, 53]]
[[5,7,17,15,45,103],[10, 35, 40, 16, 42, 17, 38, 50, 52, 39, 44, 53]]
[[4,8,10,16,24,80],[10, 35, 40, 16, 42, 49, 17, 38, 50, 39, 51, 53]]
[[5,9,8,29,25,72],[10, 35, 40, 16, 42, 49, 17, 38, 52, 39, 51, 53]]
[[4,10,13,22,19,91],[10, 35, 40, 16, 42, 17, 38, 50, 52, 39, 51, 53]]
[[5,13,11,29,25,61],[10, 35, 40, 16, 49, 17, 38, 43, 50, 39, 44, 53]]
[[6,12,12,24,31,48],[10, 35, 40, 16, 49, 17, 38, 43, 52, 39, 44, 53]]
[[4,12,13,24,9,105],[10, 35, 40, 16, 49, 17, 38, 43, 50, 39, 51, 53]]
[[3,5,15,13,23,77],[10, 35, 40, 16, 49, 17, 38, 43, 52, 39, 51, 53]]
[[4,6,13,18,24,57],[10, 35, 40, 16, 17, 38, 43, 50, 52, 39, 51, 53]]
[[3,5,6,21,33,86],[10, 35, 40, 16, 49, 17, 38, 39, 44, 51, 53, 54]]
[[3,11,9,35,33,53],[10, 35, 40, 16, 17, 38, 52, 39, 44, 51, 53, 54]]
[[6,8,12,24,36,80],[10, 35, 40, 16, 49, 17, 38, 50, 52, 39, 51, 54]]
[[3,7,9,27,18,97],[10, 35, 40, 16, 49, 17, 38, 50, 52, 39, 53, 54]]
[[5,7,11,23,35,85],[10, 35, 16, 42, 49, 17, 38, 43, 52, 39, 44, 54]]
[[6,8,15,32,16,71],[10, 35, 16, 42, 17, 38, 43, 39, 44, 51, 53, 54]]
[[4,8,16,20,49,92],[10, 35, 16, 42, 49, 17, 38, 43, 50, 39, 53, 54]]
[[1,9,10,29,36,90],[10, 35, 16, 42, 49, 17, 38, 43, 52, 39, 53, 54]]
[[2,6,5,34,42,57],[10, 35, 16, 42, 17, 38, 43, 50, 52, 39, 53, 54]]
[[5,5,8,9,35,50],[10, 35, 16, 42, 49, 17, 38, 50, 52, 39, 51, 53]]
[[7,7,13,31,42,49],[10, 35, 16, 49, 17, 38, 43, 50, 52, 39, 51, 53]]
[[4,6,16,18,29,90],[10, 35, 16, 49, 17, 38, 52, 39, 44, 51, 53, 54]]
[[3,9,12,33,43,66],[10, 35, 16, 17, 38, 50, 52, 39, 44, 51, 53, 54]]
[[4,12,13,28,24,69],[10, 35, 40, 16, 42, 49, 17, 38, 43, 44, 51, 54]]
[[4,8,13,40,24,77],[10, 35, 40, 16, 42, 17, 38, 43, 50, 44, 53, 54]]
[[4,6,16,26,34,72],[10, 35, 40, 16, 42, 17, 38, 43, 52, 44, 51, 54]]
[[8,10,14,22,13,58],[10, 35, 40, 16, 42, 49, 17, 38, 43, 51, 53, 54]]
[[8,12,8,24,18,66],[10, 35, 40, 16, 42, 49, 17, 38, 52, 44, 51, 53]]
[[6,8,18,12,51,74],[10, 35, 40, 16, 49, 17, 38, 43, 52, 44, 51, 53]]
[[7,11,13,23,17,71],[10, 35, 40, 16, 17, 38, 43, 50, 52, 44, 51, 53]]
[[5,11,11,23,25,83],[10, 35, 40, 16, 49, 17, 38, 50, 52, 44, 51, 54]]
[[5,13,11,21,30,79],[10, 35, 40, 16, 49, 17, 38, 50, 52, 51, 53, 54]]
[[7,11,7,27,32,65],[10, 35, 16, 42, 49, 17, 38, 43, 52, 44, 51, 54]]
[[3,15,6,23,38,78],[10, 35, 16, 42, 49, 17, 38, 43, 52, 51, 53, 54]]
[[5,7,14,31,25,88],[10, 35, 40, 16, 42, 17, 43, 50, 52, 39, 44, 53]]
[[6,10,9,14,36,103],[10, 35, 40, 16, 42, 17, 50, 39, 44, 51, 53, 54]]
[[6,10,18,10,36,82],[10, 35, 40, 16, 17, 43, 50, 39, 44, 51, 53, 54]]
[[6,12,9,12,41,99],[10, 35, 40, 16, 49, 17, 43, 50, 52, 39, 51, 54]]
[[7,7,19,23,27,61],[10, 35, 16, 49, 17, 43, 50, 39, 44, 51, 53, 54]]
[[4,8,13,16,24,101],[10, 35, 16, 49, 17, 43, 52, 39, 44, 51, 53, 54]]
[[3,11,9,31,33,77],[10, 35, 16, 17, 43, 50, 52, 39, 44, 51, 53, 54]]
[[4,6,13,22,24,63],[10, 35, 16, 42, 49, 17, 43, 50, 52, 44, 51, 53]]
[[7,9,13,29,32,39],[10, 40, 16, 37, 42, 49, 17, 38, 43, 39, 44, 53]]
[[6,8,9,12,31,107],[10, 40, 16, 37, 42, 17, 38, 43, 50, 39, 44, 53]]
[[5,7,17,23,40,85],[10, 40, 16, 37, 42, 17, 38, 43, 52, 39, 44, 53]]
[[3,11,6,23,53,104],[10, 40, 16, 37, 42, 17, 38, 43, 50, 39, 51, 53]]
[[4,12,7,36,29,63],[10, 40, 16, 37, 42, 17, 38, 43, 52, 39, 51, 53]]
[[4,8,10,32,19,50],[10, 40, 16, 37, 42, 17, 38, 50, 52, 39, 44, 54]]
[[4,6,16,38,34,66],[10, 40, 16, 37, 42, 17, 38, 39, 44, 51, 53, 54]]
[[5,5,14,17,30,68],[10, 40, 16, 37, 42, 17, 38, 50, 52, 39, 51, 54]]
[[3,7,12,27,33,118],[10, 40, 16, 37, 49, 17, 38, 43, 52, 39, 44, 54]]
[[4,8,7,20,49,77],[10, 40, 16, 37, 17, 38, 43, 39, 44, 51, 53, 54]]
[[6,6,15,18,31,75],[10, 40, 16, 37, 49, 17, 38, 43, 52, 39, 51, 54]]
[[3,11,9,31,43,65],[10, 40, 16, 37, 49, 17, 38, 43, 52, 39, 53, 54]]
[[4,6,7,30,24,75],[10, 40, 16, 37, 17, 38, 43, 50, 52, 39, 53, 54]]
[[6,6,12,10,36,84],[10, 40, 16, 37, 49, 17, 38, 50, 52, 39, 44, 53]]
[[3,5,9,25,33,101],[10, 40, 16, 37, 49, 17, 38, 50, 52, 39, 51, 53]]
[[3,11,6,31,38,80],[10, 16, 37, 42, 49, 17, 38, 43, 50, 39, 44, 53]]
[[4,8,7,32,29,89],[10, 16, 37, 42, 49, 17, 38, 43, 52, 39, 44, 53]]
[[5,9,17,17,35,105],[10, 16, 37, 42, 17, 38, 43, 50, 52, 39, 44, 53]]
[[5,7,8,23,50,52],[10, 16, 37, 42, 49, 17, 38, 43, 52, 39, 51, 53]]
[[6,10,15,18,31,85],[10, 16, 37, 42, 17, 38, 43, 50, 52, 39, 51, 53]]
[[5,9,20,17,30,78],[10, 16, 37, 42, 49, 17, 38, 50, 52, 39, 44, 54]]
[[5,5,5,13,25,53],[10, 16, 37, 42, 49, 17, 38, 39, 44, 51, 53, 54]]
[[6,8,12,32,31,68],[10, 16, 37, 42, 17, 38, 50, 39, 44, 51, 53, 54]]
[[5,11,11,31,25,59],[10, 16, 37, 42, 17, 38, 52, 39, 44, 51, 53, 54]]
[[4,12,13,36,19,57],[10, 16, 37, 42, 49, 17, 38, 50, 52, 39, 51, 54]]
[[7,9,13,17,37,75],[10, 16, 37, 49, 17, 38, 43, 39, 44, 51, 53, 54]]
[[6,8,12,28,51,38],[10, 16, 37, 17, 38, 43, 50, 39, 44, 51, 53, 54]]
[[3,7,12,35,23,76],[10, 16, 37, 17, 38, 43, 52, 39, 44, 51, 53, 54]]
[[5,11,8,35,45,62],[10, 40, 16, 37, 42, 49, 17, 38, 43, 50, 52, 44]]
[[7,11,13,23,17,71],[10, 40, 16, 37, 42, 49, 17, 38, 43, 44, 51, 53]]
[[4,14,13,22,14,95],[10, 40, 16, 37, 42, 49, 17, 38, 43, 50, 52, 51]]
[[5,9,11,17,35,75],[10, 40, 16, 37, 42, 49, 17, 38, 43, 50, 52, 53]]
[[5,9,14,21,35,42],[10, 40, 16, 37, 42, 49, 17, 38, 50, 44, 53, 54]]
[[3,11,9,43,33,41],[10, 40, 16, 37, 42, 17, 38, 50, 52, 44, 53, 54]]
[[2,8,11,28,7,83],[10, 40, 16, 37, 49, 17, 38, 43, 52, 44, 53, 54]]
[[6,8,15,20,21,95],[10, 40, 16, 37, 49, 17, 38, 43, 50, 51, 53, 54]]
[[6,12,12,28,21,54],[10, 40, 16, 37, 49, 17, 38, 50, 52, 44, 51, 53]]
[[5,13,5,17,45,79],[10, 16, 37, 42, 49, 17, 38, 43, 50, 44, 51, 53]]
[[4,10,10,22,24,106],[10, 16, 37, 42, 49, 17, 38, 43, 52, 44, 51, 53]]
[[5,11,20,19,15,92],[10, 16, 37, 42, 17, 38, 43, 50, 52, 44, 51, 53]]
[[4,12,16,20,19,90],[10, 16, 37, 42, 49, 17, 38, 50, 52, 44, 53, 54]]
[[3,7,18,15,18,76],[10, 16, 37, 49, 17, 38, 43, 50, 52, 51, 53, 54]]
[[6,8,15,20,31,65],[10, 40, 16, 37, 42, 17, 43, 50, 52, 39, 44, 54]]
[[6,10,12,22,36,70],[10, 40, 16, 37, 42, 17, 43, 39, 44, 51, 53, 54]]
[[6,10,12,26,36,46],[10, 40, 16, 37, 42, 49, 17, 43, 50, 39, 53, 54]]
[[4,10,16,18,24,106],[10, 40, 16, 37, 42, 17, 43, 50, 52, 39, 53, 54]]
[[6,8,18,20,31,56],[10, 40, 16, 37, 42, 49, 17, 50, 52, 39, 44, 53]]
[[4,14,10,26,24,74],[10, 40, 16, 37, 49, 17, 52, 39, 44, 51, 53, 54]]
[[5,9,14,25,40,96],[10, 16, 37, 42, 49, 17, 43, 50, 52, 39, 44, 54]]
[[3,9,15,21,23,87],[10, 16, 37, 42, 49, 17, 43, 50, 52, 39, 53, 54]]
[[5,11,11,23,30,65],[10, 40, 16, 37, 42, 49, 17, 43, 50, 44, 53, 54]]
[[4,6,16,6,34,90],[10, 40, 16, 37, 49, 17, 43, 50, 52, 44, 51, 53]]
[[5,7,17,7,40,85],[10, 40, 16, 42, 49, 17, 38, 43, 52, 39, 44, 54]]
[[3,7,15,23,33,109],[10, 40, 16, 42, 49, 17, 38, 43, 52, 39, 53, 54]]
[[6,12,15,16,26,81],[10, 40, 16, 42, 49, 17, 38, 50, 52, 39, 44, 53]]
[[7,9,13,29,17,75],[10, 40, 16, 49, 17, 38, 50, 39, 44, 51, 53, 54]]
[[3,9,15,21,23,87],[10, 40, 16, 17, 38, 50, 52, 39, 44, 51, 53, 54]]
[[4,10,16,18,24,106],[10, 16, 49, 17, 38, 50, 52, 39, 44, 51, 53, 54]]
[[6,6,18,10,56,66],[10, 40, 16, 49, 17, 38, 43, 50, 52, 44, 51, 53]]
[[4,8,13,16,24,101],[10, 16, 42, 49, 17, 38, 43, 50, 52, 44, 53, 54]]
[[3,7,9,19,18,85],[10, 40, 16, 42, 49, 17, 43, 50, 52, 39, 51, 53]]
[[3,9,6,25,8,48],[10, 40, 16, 42, 49, 17, 50, 39, 44, 51, 53, 54]]
[[2,10,5,26,27,55],[10, 40, 16, 42, 49, 17, 52, 39, 44, 51, 53, 54]]
[[4,6,7,30,24,75],[10, 16, 42, 49, 17, 50, 52, 39, 44, 51, 53, 54]]
[[6,8,15,20,41,65],[10, 40, 16, 42, 49, 17, 43, 50, 52, 44, 51, 53]]
[[2,12,8,28,37,60],[10, 34, 35, 40, 16, 37, 42, 38, 52, 18, 39, 53]]
[[2,12,11,24,7,69],[10, 34, 35, 40, 16, 37, 49, 38, 43, 18, 39, 53]]
[[3,9,9,17,73,87],[10, 34, 35, 40, 16, 37, 38, 43, 50, 18, 39, 53]]
[[2,8,5,28,27,77],[10, 34, 35, 40, 16, 37, 38, 43, 50, 18, 39, 54]]
[[1,11,7,31,36,71],[10, 34, 35, 40, 16, 37, 38, 43, 52, 18, 39, 51]]
[[4,10,13,18,49,79],[10, 34, 35, 40, 16, 37, 38, 43, 52, 18, 39, 53]]
[[2,8,14,24,17,92],[10, 34, 35, 40, 16, 37, 38, 50, 52, 18, 39, 44]]
[[4,14,13,22,34,71],[10, 34, 35, 40, 16, 37, 38, 18, 39, 44, 53, 54]]
[[4,8,10,8,24,62],[10, 34, 35, 40, 16, 37, 49, 38, 50, 18, 39, 53]]
[[5,11,8,23,30,80],[10, 34, 35, 40, 16, 37, 49, 38, 50, 18, 39, 54]]
[[4,8,13,16,24,53],[10, 34, 35, 40, 16, 37, 49, 38, 52, 18, 39, 51]]
[[4,8,16,20,39,110],[10, 34, 35, 40, 16, 37, 49, 38, 52, 18, 39, 54]]
[[4,8,13,28,44,47],[10, 34, 35, 40, 16, 37, 38, 50, 52, 18, 39, 53]]
[[5,9,17,37,15,39],[10, 34, 35, 40, 16, 37, 38, 18, 39, 51, 53, 54]]
[[2,10,8,22,42,64],[10, 34, 35, 16, 37, 42, 38, 43, 50, 18, 39, 54]]
[[3,7,15,27,23,115],[10, 34, 35, 16, 37, 42, 38, 43, 52, 18, 39, 51]]
[[2,12,8,24,27,84],[10, 34, 35, 16, 37, 42, 38, 50, 52, 18, 39, 44]]
[[4,12,13,24,34,57],[10, 34, 35, 16, 37, 42, 38, 18, 39, 44, 51, 53]]
[[4,8,7,12,54,59],[10, 34, 35, 16, 37, 42, 49, 38, 50, 18, 39, 53]]
[[5,7,11,15,40,85],[10, 34, 35, 16, 37, 42, 49, 38, 52, 18, 39, 53]]
[[3,9,12,33,23,90],[10, 34, 35, 16, 37, 42, 38, 50, 52, 18, 39, 51]]
[[1,9,10,29,41,78],[10, 34, 35, 16, 37, 49, 38, 43, 52, 18, 39, 44]]
[[2,8,8,20,7,92],[10, 34, 35, 16, 37, 38, 43, 18, 39, 44, 51, 53]]
[[4,6,13,14,19,75],[10, 34, 35, 16, 37, 38, 43, 18, 39, 44, 53, 54]]
[[4,8,13,16,29,107],[10, 34, 35, 16, 37, 49, 38, 43, 52, 18, 39, 51]]
[[5,7,17,15,50,85],[10, 34, 35, 16, 37, 49, 38, 43, 52, 18, 39, 53]]
[[5,9,20,17,35,66],[10, 34, 35, 16, 37, 38, 43, 50, 52, 18, 39, 51]]
[[4,10,13,22,34,91],[10, 34, 35, 16, 37, 38, 43, 50, 52, 18, 39, 53]]
[[3,5,12,33,38,80],[10, 34, 35, 16, 37, 38, 43, 50, 52, 18, 39, 54]]
[[3,5,9,25,33,101],[10, 34, 35, 16, 37, 38, 43, 18, 39, 51, 53, 54]]
[[5,7,11,31,30,97],[10, 34, 35, 16, 37, 49, 38, 18, 39, 44, 53, 54]]
[[4,10,4,38,34,70],[10, 34, 35, 16, 37, 38, 50, 18, 39, 44, 53, 54]]
[[3,7,12,35,28,82],[10, 34, 35, 16, 37, 38, 52, 18, 39, 44, 51, 53]]
[[3,9,15,29,18,111],[10, 34, 35, 16, 37, 38, 52, 18, 39, 44, 53, 54]]
[[5,7,23,7,45,85],[10, 34, 35, 16, 37, 49, 38, 50, 52, 18, 39, 53]]
[[4,12,10,32,29,60],[10, 34, 35, 16, 37, 49, 38, 18, 39, 51, 53, 54]]
[[0,10,6,30,35,46],[10, 34, 35, 16, 37, 38, 52, 18, 39, 51, 53, 54]]
[[6,10,6,14,41,82],[10, 34, 35, 40, 16, 37, 42, 38, 50, 18, 44, 53]]
[[5,9,8,17,30,96],[10, 34, 35, 40, 16, 37, 42, 38, 52, 18, 44, 53]]
[[3,9,12,25,33,78],[10, 34, 35, 40, 16, 37, 42, 38, 50, 18, 51, 53]]
[[4,10,13,18,54,79],[10, 34, 35, 40, 16, 37, 42, 38, 52, 18, 51, 53]]
[[5,15,8,15,35,96],[10, 34, 35, 40, 16, 37, 42, 38, 52, 18, 51, 54]]
[[5,13,14,21,15,100],[10, 34, 35, 40, 16, 37, 49, 38, 43, 18, 44, 53]]
[[7,11,10,23,42,26],[10, 34, 35, 40, 16, 37, 38, 43, 52, 18, 44, 53]]
[[4,14,7,26,29,71],[10, 34, 35, 40, 16, 37, 49, 38, 43, 18, 51, 53]]
[[4,10,19,26,24,97],[10, 34, 35, 40, 16, 37, 49, 38, 43, 18, 53, 54]]
[[4,8,19,20,24,95],[10, 34, 35, 40, 16, 37, 38, 43, 52, 18, 51, 53]]
[[5,11,5,19,25,89],[10, 34, 35, 40, 16, 37, 49, 38, 50, 18, 44, 53]]
[[4,10,7,22,59,67],[10, 34, 35, 40, 16, 37, 49, 38, 52, 18, 44, 53]]
[[3,11,9,19,13,77],[10, 34, 35, 40, 16, 37, 49, 38, 52, 18, 44, 54]]
[[5,7,14,19,35,70],[10, 34, 35, 40, 16, 37, 38, 50, 52, 18, 44, 53]]
[[5,9,14,17,45,78],[10, 34, 35, 40, 16, 37, 49, 38, 50, 18, 51, 54]]
[[3,13,9,25,33,79],[10, 34, 35, 40, 16, 37, 49, 38, 52, 18, 53, 54]]
[[6,10,9,26,26,85],[10, 34, 35, 16, 37, 42, 38, 43, 50, 18, 44, 53]]
[[5,13,5,21,45,79],[10, 34, 35, 16, 37, 42, 38, 43, 50, 18, 44, 54]]
[[4,8,10,8,24,62],[10, 34, 35, 16, 37, 42, 49, 38, 43, 18, 51, 53]]
[[3,13,6,21,48,88],[10, 34, 35, 16, 37, 42, 49, 38, 50, 18, 44, 53]]
[[5,11,14,23,35,74],[10, 34, 35, 16, 37, 42, 38, 50, 52, 18, 44, 53]]
[[6,12,12,20,31,78],[10, 34, 35, 16, 37, 42, 38, 18, 44, 51, 53, 54]]
[[4,12,10,24,24,84],[10, 34, 35, 16, 37, 42, 49, 38, 50, 18, 53, 54]]
[[5,9,5,33,65,57],[10, 34, 35, 16, 37, 42, 49, 38, 52, 18, 51, 53]]
[[4,8,16,20,24,116],[10, 34, 35, 16, 37, 42, 49, 38, 52, 18, 51, 54]]
[[6,12,9,20,41,75],[10, 34, 35, 16, 37, 42, 38, 50, 52, 18, 51, 53]]
[[4,10,16,18,49,64],[10, 34, 35, 16, 37, 49, 38, 43, 52, 18, 44, 53]]
[[3,11,18,23,23,80],[10, 34, 35, 16, 37, 38, 43, 50, 52, 18, 44, 53]]
[[6,10,6,30,46,46],[10, 34, 35, 16, 37, 49, 38, 43, 50, 18, 51, 53]]
[[7,9,16,13,37,72],[10, 34, 35, 16, 37, 49, 38, 43, 52, 18, 51, 53]]
[[6,12,12,12,31,114],[10, 34, 35, 16, 37, 49, 38, 50, 52, 18, 44, 53]]
[[6,14,9,22,31,59],[10, 34, 35, 16, 37, 38, 50, 18, 44, 51, 53, 54]]
[[5,13,11,25,40,49],[10, 34, 35, 40, 16, 37, 42, 43, 50, 18, 39, 53]]
[[5,7,14,15,40,76],[10, 34, 35, 40, 16, 37, 42, 43, 52, 18, 39, 54]]
[[6,12,6,20,31,108],[10, 34, 35, 40, 16, 37, 42, 50, 52, 18, 39, 44]]
[[2,8,11,16,7,59],[10, 34, 35, 40, 16, 37, 42, 49, 52, 18, 39, 51]]
[[4,10,10,22,34,58],[10, 34, 35, 40, 16, 37, 42, 50, 52, 18, 39, 53]]
[[5,11,14,23,20,86],[10, 34, 35, 40, 16, 37, 42, 18, 39, 51, 53, 54]]
[[5,9,14,13,35,84],[10, 34, 35, 40, 16, 37, 49, 43, 50, 18, 39, 54]]
[[3,9,12,17,18,84],[10, 34, 35, 40, 16, 37, 49, 43, 52, 18, 39, 53]]
[[3,11,12,15,28,74],[10, 34, 35, 40, 16, 37, 50, 18, 39, 44, 51, 54]]
[[4,10,10,30,24,88],[10, 34, 35, 40, 16, 37, 50, 18, 39, 44, 53, 54]]
[[7,9,13,29,32,39],[10, 34, 35, 40, 16, 37, 50, 18, 39, 51, 53, 54]]
[[4,10,13,22,24,103],[10, 34, 35, 40, 16, 37, 52, 18, 39, 51, 53, 54]]
[[4,10,13,10,49,55],[10, 34, 35, 16, 37, 42, 43, 50, 52, 18, 39, 44]]
[[6,10,6,26,16,100],[10, 34, 35, 16, 37, 42, 43, 18, 39, 44, 51, 53]]
[[4,8,16,20,29,62],[10, 34, 35, 16, 37, 42, 49, 43, 52, 18, 39, 54]]
[[5,9,14,29,15,72],[10, 34, 35, 16, 37, 42, 43, 18, 39, 51, 53, 54]]
[[3,7,15,15,18,61],[10, 34, 35, 16, 37, 42, 49, 50, 52, 18, 39, 44]]
[[3,9,12,25,33,78],[10, 34, 35, 16, 37, 42, 49, 18, 39, 44, 51, 53]]
[[3,9,15,21,28,75],[10, 34, 35, 16, 37, 42, 50, 18, 39, 44, 51, 54]]
[[5,7,14,15,35,88],[10, 34, 35, 16, 37, 42, 49, 50, 52, 18, 39, 53]]
[[4,6,16,14,29,72],[10, 34, 35, 16, 37, 42, 49, 50, 52, 18, 39, 54]]
[[5,7,14,27,30,64],[10, 34, 35, 16, 37, 49, 43, 18, 39, 44, 53, 54]]
[[4,12,7,28,19,69],[10, 34, 35, 16, 37, 43, 50, 18, 39, 44, 51, 53]]
[[4,6,16,18,24,72],[10, 34, 35, 16, 37, 43, 50, 18, 39, 44, 53, 54]]
[[3,11,15,27,18,95],[10, 34, 35, 16, 37, 43, 52, 18, 39, 44, 53, 54]]
[[4,10,13,18,39,91],[10, 34, 35, 16, 37, 49, 43, 50, 52, 18, 39, 51]]
[[6,12,9,20,31,93],[10, 34, 35, 16, 37, 49, 43, 18, 39, 51, 53, 54]]
[[2,8,14,36,37,92],[10, 34, 35, 16, 37, 43, 52, 18, 39, 51, 53, 54]]
[[4,10,13,10,34,73],[10, 34, 35, 16, 37, 49, 50, 18, 39, 44, 51, 54]]
[[7,9,13,17,42,75],[10, 34, 35, 16, 37, 49, 50, 18, 39, 44, 53, 54]]
[[6,12,9,16,31,117],[10, 34, 35, 16, 37, 50, 52, 18, 39, 44, 51, 54]]
[[3,11,12,31,23,98],[10, 34, 35, 16, 37, 50, 52, 18, 39, 44, 53, 54]]
[[4,14,7,30,44,59],[10, 34, 35, 16, 37, 49, 50, 18, 39, 51, 53, 54]]
[[3,13,12,25,28,76],[10, 34, 35, 16, 37, 49, 52, 18, 39, 51, 53, 54]]
[[2,12,14,32,32,78],[10, 34, 35, 16, 37, 50, 52, 18, 39, 51, 53, 54]]
[[3,7,15,15,18,61],[10, 34, 35, 40, 16, 37, 42, 43, 50, 18, 44, 54]]
[[6,10,12,22,36,82],[10, 34, 35, 40, 16, 37, 42, 49, 43, 18, 53, 54]]
[[5,7,8,15,35,40],[10, 34, 35, 40, 16, 37, 42, 43, 50, 18, 53, 54]]
[[4,8,13,24,49,77],[10, 34, 35, 40, 16, 37, 42, 43, 52, 18, 51, 53]]
[[5,9,14,25,30,90],[10, 34, 35, 40, 16, 37, 42, 43, 52, 18, 51, 54]]
[[2,8,11,28,27,71],[10, 34, 35, 40, 16, 37, 42, 43, 52, 18, 53, 54]]
[[2,6,20,26,22,90],[10, 34, 35, 40, 16, 37, 42, 49, 50, 18, 44, 54]]
[[5,11,11,15,30,89],[10, 34, 35, 40, 16, 37, 42, 50, 52, 18, 44, 53]]
[[4,6,13,22,19,69],[10, 34, 35, 40, 16, 37, 42, 50, 52, 18, 44, 54]]
[[4,14,10,30,19,74],[10, 34, 35, 40, 16, 37, 42, 18, 44, 51, 53, 54]]
[[3,11,9,23,18,95],[10, 34, 35, 40, 16, 37, 42, 49, 50, 18, 51, 54]]
[[3,9,9,33,33,63],[10, 34, 35, 40, 16, 37, 42, 49, 52, 18, 51, 53]]
[[2,8,11,28,17,89],[10, 34, 35, 40, 16, 37, 42, 50, 52, 18, 51, 53]]
[[3,7,12,27,33,118],[10, 34, 35, 40, 16, 37, 42, 50, 52, 18, 51, 54]]
[[5,15,11,19,25,75],[10, 34, 35, 40, 16, 37, 49, 43, 50, 18, 44, 53]]
[[4,12,10,28,29,72],[10, 34, 35, 40, 16, 37, 49, 43, 52, 18, 44, 53]]
[[5,9,8,29,65,60],[10, 34, 35, 40, 16, 37, 43, 50, 52, 18, 44, 53]]
[[2,12,11,24,7,69],[10, 34, 35, 40, 16, 37, 49, 43, 50, 18, 51, 53]]
[[4,8,13,20,39,89],[10, 34, 35, 40, 16, 37, 49, 43, 50, 18, 53, 54]]
[[3,15,9,19,23,87],[10, 34, 35, 40, 16, 37, 49, 43, 52, 18, 51, 53]]
[[4,10,10,30,24,88],[10, 34, 35, 40, 16, 37, 43, 50, 52, 18, 51, 53]]
[[2,8,8,36,42,80],[10, 34, 35, 40, 16, 37, 43, 50, 52, 18, 53, 54]]
[[3,9,12,41,33,72],[10, 34, 35, 40, 16, 37, 49, 50, 52, 18, 44, 54]]
[[4,10,10,30,29,94],[10, 34, 35, 40, 16, 37, 50, 18, 44, 51, 53, 54]]
[[4,8,7,40,24,71],[10, 34, 35, 40, 16, 37, 49, 50, 52, 18, 51, 54]]
[[3,9,15,25,33,81],[10, 34, 35, 40, 16, 37, 49, 50, 52, 18, 53, 54]]
[[4,8,10,28,39,68],[10, 34, 35, 16, 37, 42, 49, 43, 50, 18, 44, 54]]
[[5,7,14,11,35,88],[10, 34, 35, 16, 37, 42, 49, 43, 52, 18, 44, 54]]
[[4,14,10,18,34,80],[10, 34, 35, 16, 37, 42, 49, 43, 50, 18, 51, 53]]
[[2,10,8,38,42,46],[10, 34, 35, 16, 37, 42, 49, 43, 50, 18, 53, 54]]
[[2,6,5,42,37,57],[10, 34, 35, 16, 37, 42, 49, 43, 52, 18, 51, 54]]
[[1,13,16,25,21,70],[10, 34, 35, 16, 37, 42, 49, 43, 52, 18, 53, 54]]
[[4,10,13,26,29,73],[10, 34, 35, 16, 37, 42, 43, 50, 52, 18, 51, 53]]
[[3,5,12,33,23,74],[10, 34, 35, 16, 37, 42, 49, 18, 44, 51, 53, 54]]
[[4,12,7,24,34,93],[10, 34, 35, 16, 37, 42, 50, 18, 44, 51, 53, 54]]
[[3,9,15,25,48,81],[10, 34, 35, 16, 37, 42, 52, 18, 44, 51, 53, 54]]
[[5,9,20,17,30,84],[10, 34, 35, 16, 37, 42, 49, 50, 52, 18, 51, 53]]
[[1,9,10,29,36,90],[10, 34, 35, 16, 37, 42, 49, 50, 52, 18, 53, 54]]
[[4,14,7,30,44,59],[10, 34, 35, 16, 37, 49, 43, 50, 52, 18, 44, 53]]
[[5,13,8,25,25,88],[10, 34, 35, 16, 37, 49, 43, 50, 52, 18, 51, 53]]
[[3,9,12,33,18,84],[10, 34, 35, 16, 37, 49, 43, 50, 52, 18, 53, 54]]
[[5,9,14,21,45,48],[10, 34, 35, 16, 37, 49, 50, 18, 44, 51, 53, 54]]
[[4,10,13,10,34,73],[10, 34, 35, 40, 16, 42, 38, 43, 50, 18, 39, 54]]
[[4,10,13,18,39,91],[10, 34, 35, 40, 16, 42, 38, 50, 52, 18, 39, 44]]
[[6,8,15,20,41,65],[10, 34, 35, 40, 16, 42, 38, 18, 39, 44, 51, 53]]
[[6,12,9,20,31,93],[10, 34, 35, 40, 16, 42, 38, 18, 39, 44, 53, 54]]
[[4,12,7,28,19,69],[10, 34, 35, 40, 16, 42, 49, 38, 50, 18, 39, 53]]
[[4,10,13,18,24,73],[10, 34, 35, 40, 16, 42, 38, 50, 52, 18, 39, 53]]
[[5,7,14,27,30,64],[10, 34, 35, 40, 16, 42, 38, 18, 39, 51, 53, 54]]
[[5,11,17,11,30,89],[10, 34, 35, 40, 16, 49, 38, 43, 52, 18, 39, 44]]
[[3,9,15,21,28,75],[10, 34, 35, 40, 16, 49, 38, 43, 50, 18, 39, 54]]
[[3,7,15,15,18,61],[10, 34, 35, 40, 16, 38, 43, 50, 52, 18, 39, 51]]
[[5,9,20,13,35,84],[10, 34, 35, 40, 16, 38, 43, 50, 52, 18, 39, 54]]
[[5,9,14,29,15,72],[10, 34, 35, 40, 16, 49, 38, 18, 39, 44, 53, 54]]
[[4,12,7,12,39,81],[10, 34, 35, 40, 16, 38, 50, 18, 39, 44, 53, 54]]
[[4,8,16,20,29,62],[10, 34, 35, 40, 16, 38, 52, 18, 39, 44, 51, 54]]
[[1,11,10,23,31,74],[10, 34, 35, 40, 16, 38, 52, 18, 39, 44, 53, 54]]
[[4,10,13,10,49,55],[10, 34, 35, 40, 16, 49, 38, 50, 52, 18, 39, 51]]
[[5,11,11,15,30,89],[10, 34, 35, 40, 16, 38, 50, 18, 39, 51, 53, 54]]
[[3,11,12,15,28,74],[10, 34, 35, 16, 42, 49, 38, 43, 50, 18, 39, 54]]
[[4,14,13,22,14,95],[10, 34, 35, 16, 42, 49, 38, 43, 52, 18, 39, 51]]
[[3,9,15,29,28,87],[10, 34, 35, 16, 42, 38, 43, 50, 52, 18, 39, 54]]
[[5,11,11,27,35,47],[10, 34, 35, 16, 42, 49, 38, 18, 39, 44, 51, 53]]
[[5,9,14,13,35,84],[10, 34, 35, 16, 42, 38, 50, 18, 39, 44, 51, 54]]
[[3,9,12,17,18,84],[10, 34, 35, 16, 42, 38, 52, 18, 39, 44, 51, 53]]
[[7,9,13,29,22,63],[10, 34, 35, 16, 42, 49, 38, 50, 52, 18, 39, 53]]
[[5,11,14,23,20,86],[10, 34, 35, 16, 49, 38, 43, 18, 39, 44, 53, 54]]
