[[4, 8, 10, 36, 24, 68], [0, 3, 5, 6, 10, 11, 12, 19]]
[[4, 8, 10, 36, 24, 68], [0, 2, 3, 4, 6, 7, 8, 10, 11, 12, 19]]
[[4, 8, 10, 36, 24, 68], [1, 4, 6, 11, 12, 15, 19]]
[[4, 8, 10, 36, 24, 68], [2, 3, 4, 6, 7, 8, 11, 14, 15, 19]]
[[4, 8, 10, 36, 24, 68], [0, 2, 4, 5, 7, 8, 9, 13, 15, 17, 18]]
[[4, 8, 10, 36, 24, 68], [0, 1, 3, 4, 5, 9, 12, 13, 14, 15, 17, 18]]
[[4, 8, 10, 36, 19, 80], [2, 4, 6, 7, 8, 10, 11, 15, 18]]
[[4, 8, 10, 36, 19, 80], [1, 3, 4, 5, 6, 7, 8, 10, 11, 12, 14, 15, 19]]
[[4, 8, 10, 36, 19, 80], [2, 4, 5, 6, 9, 10, 11, 12, 14]]
[[4, 8, 10, 36, 19, 80], [0, 2, 3, 6, 7, 8, 9, 10, 13, 14, 15, 17, 18]]
[[4, 8, 10, 36, 19, 80], [1, 2, 3, 5, 6, 10, 11, 18, 19]]
[[4, 8, 10, 36, 19, 80], [0, 1, 6, 7, 8, 10, 12, 13, 15, 17, 18]]
[[4, 8, 10, 36, 19, 80], [0, 5, 6, 7, 8, 11, 12, 14, 18]]
[[4, 8, 10, 36, 19, 80], [0, 2, 4, 5, 6, 7, 8, 11, 12, 14, 19]]
[[4, 8, 10, 36, 19, 80], [0, 2, 3, 4, 7, 8, 9, 11, 14, 15, 17, 18, 19]]
[[4, 8, 10, 36, 19, 80], [0, 2, 3, 4, 9, 13, 14, 15, 19]]
[[4, 8, 10, 36, 19, 80], [0, 2, 3, 4, 6, 11, 14, 18, 19]]
[[4, 8, 10, 36, 19, 80], [0, 1, 4, 5, 6, 7, 8, 12, 13, 17, 18]]
[[4, 8, 10, 36, 19, 80], [0, 1, 2, 3, 7, 8, 9, 13, 15, 18, 19]]
[[4, 8, 10, 36, 19, 80], [0, 2, 4, 5, 7, 8, 9, 12, 13, 14, 15, 18, 19]]
[[4, 8, 10, 36, 24, 80], [2, 6, 9, 10, 11, 15, 18, 19]]
[[4, 8, 10, 36, 24, 80], [0, 3, 6, 9, 10, 12, 13, 17, 19]]
[[4, 8, 10, 36, 24, 80], [1, 7, 8, 9, 10, 12, 13, 14, 18]]
[[4, 8, 10, 36, 24, 80], [1, 3, 6, 7, 8, 10, 11, 12, 14, 15, 18, 19]]
[[4, 8, 10, 36, 24, 80], [0, 1, 4, 6, 7, 8, 10, 13, 14, 17, 18]]
[[4, 8, 10, 36, 24, 80], [0, 4, 5, 7, 8, 9, 10, 11, 14, 15, 17, 19]]
[[4, 8, 10, 36, 24, 80], [0, 4, 6, 9, 13, 14, 17, 19]]
[[4, 8, 10, 36, 24, 80], [0, 3, 4, 7, 8, 9, 11, 12, 17]]
[[4, 8, 10, 36, 24, 80], [0, 1, 2, 4, 7, 8, 9, 13, 14, 18]]
[[4, 8, 10, 36, 24, 80], [0, 1, 2, 3, 4, 5, 6, 12, 13, 15, 17, 19]]
[[4, 8, 10, 36, 24, 80], [0, 3, 5, 9, 11, 12, 14, 15, 17, 19]]
[[4, 8, 10, 36, 24, 80], [0, 2, 3, 6, 7, 8, 11, 12, 15, 18, 19]]
[[4, 8, 10, 36, 24, 80], [0, 2, 3, 5, 6, 7, 8, 12, 13, 15, 17, 18]]
[[4, 8, 10, 36, 24, 80], [0, 2, 3, 4, 6, 9, 11, 12, 14, 15, 18]]
[[4, 8, 10, 36, 19, 50], [0, 1, 2, 3, 4, 9, 10, 13, 14, 17, 18, 19]]
[[4, 8, 10, 36, 19, 50], [3, 9, 10, 11, 15, 17, 19]]
[[4, 8, 10, 36, 19, 50], [0, 1, 2, 3, 6, 7, 8, 9, 12, 13, 15]]
[[4, 8, 10, 36, 19, 50], [0, 6, 7, 8, 13, 14, 18, 19]]
[[4, 8, 10, 36, 19, 50], [2, 5, 7, 8, 9, 11, 12, 15, 17, 19]]
[[4, 8, 10, 36, 19, 50], [1, 2, 3, 4, 6, 7, 8, 9, 11, 14, 15, 18]]
[[4, 4, 13, 32, 39, 67], [0, 5, 6, 8, 9, 10, 12, 13, 14, 17]]
[[4, 4, 13, 32, 39, 67], [0, 2, 6, 7, 9, 10, 13, 14, 19]]
[[4, 4, 13, 32, 39, 67], [1, 4, 5, 6, 7, 9, 10, 11, 12]]
[[4, 4, 13, 32, 39, 67], [1, 2, 5, 6, 8, 9, 10, 11, 15, 18, 19]]
[[4, 4, 13, 32, 39, 67], [0, 4, 5, 6, 7, 9, 12, 13, 14, 15, 17, 18, 19]]
[[4, 4, 13, 32, 39, 67], [0, 2, 4, 6, 8, 9, 12, 13, 18]]
[[4, 4, 13, 32, 39, 67], [1, 3, 6, 7, 9, 11, 12]]
[[4, 4, 13, 32, 39, 67], [0, 2, 3, 4, 6, 8, 9, 11, 12, 15, 18, 19]]
[[4, 4, 7, 28, 29, 67], [1, 3, 6, 7, 9, 10, 12, 13, 17, 18, 19]]
[[4, 4, 7, 28, 29, 67], [0, 2, 3, 4, 6, 8, 9, 10, 12, 13, 15, 17]]
[[4, 4, 7, 28, 29, 67], [0, 3, 5, 6, 8, 9, 10, 11, 18]]
[[4, 4, 7, 28, 29, 67], [1, 2, 3, 4, 5, 6, 7, 9, 10, 11, 12, 14, 19]]
[[4, 4, 7, 28, 29, 67], [0, 1, 2, 4, 5, 7, 13, 14, 15, 18, 19]]
[[4, 4, 7, 28, 29, 67], [0, 1, 2, 4, 7, 12, 13, 14, 15, 18, 19]]
[[4, 4, 7, 28, 29, 67], [0, 2, 3, 5, 8, 11, 12, 14, 17, 19]]
[[4, 4, 7, 28, 29, 67], [0, 3, 4, 5, 8, 11, 12, 15, 17, 19]]
[[4, 10, 7, 26, 19, 85], [2, 6, 7, 9, 10, 13, 14, 17, 18, 19]]
[[4, 10, 7, 26, 19, 85], [0, 1, 4, 5, 6, 7, 9, 10, 11, 12, 19]]
[[4, 10, 7, 26, 19, 85], [0, 1, 4, 5, 6, 8, 9, 10, 11, 12, 14, 19]]
[[4, 10, 7, 26, 19, 85], [2, 4, 5, 6, 8, 9, 10, 13, 15, 19]]
[[4, 10, 7, 26, 19, 85], [0, 3, 4, 7, 13, 15, 18, 19]]
[[4, 10, 7, 26, 19, 85], [0, 1, 2, 7, 13, 14, 17, 19]]
[[4, 10, 7, 26, 19, 85], [0, 2, 3, 8, 11, 12, 14, 17, 18]]
[[4, 10, 7, 26, 19, 85], [1, 3, 4, 5, 8, 11, 15, 17, 19]]
[[4, 10, 7, 26, 59, 73], [6, 7, 9, 10, 13, 14, 15, 17, 18, 19]]
[[4, 10, 7, 26, 59, 73], [0, 1, 4, 5, 6, 8, 9, 10, 11, 12, 19]]
[[4, 10, 7, 26, 59, 73], [2, 4, 5, 6, 7, 9, 10, 13, 15, 19]]
[[4, 10, 7, 26, 59, 73], [0, 1, 2, 4, 5, 6, 8, 9, 10, 11, 12, 14, 15, 19]]
[[4, 10, 7, 26, 59, 73], [0, 2, 3, 4, 5, 8, 13]]
[[4, 10, 7, 26, 59, 73], [0, 2, 3, 4, 5, 8, 12, 13, 17, 19]]
[[4, 10, 7, 26, 59, 73], [7, 11, 12, 14, 15, 17, 19]]
[[4, 10, 7, 26, 59, 73], [0, 3, 5, 7, 11, 12, 14, 15, 17, 19]]
[[4, 10, 7, 26, 49, 85], [2, 5, 6, 7, 8, 10, 13, 14, 17]]
[[4, 10, 7, 26, 49, 85], [2, 6, 7, 8, 10, 13, 14, 15, 17]]
[[4, 10, 7, 26, 49, 85], [0, 1, 2, 5, 6, 7, 8, 9, 10, 11]]
[[4, 10, 7, 26, 49, 85], [2, 5, 6, 9, 10, 12, 13, 15, 17, 19]]
[[4, 10, 7, 26, 49, 85], [0, 1, 4, 6, 7, 8, 10, 11, 15, 18, 19]]
[[4, 10, 7, 26, 49, 85], [4, 5, 6, 10, 12, 13, 17, 19]]
[[4, 10, 7, 26, 49, 85], [0, 4, 6, 7, 8, 13, 14, 17]]
[[4, 10, 7, 26, 49, 85], [0, 1, 2, 3, 4, 5, 6, 7, 8, 12, 13, 15, 17]]
[[4, 10, 7, 26, 49, 85], [0, 3, 4, 5, 9, 11, 15, 17, 18, 19]]
[[4, 10, 7, 26, 49, 85], [0, 1, 2, 4, 5, 7, 8, 9, 13, 15, 18]]
[[4, 10, 7, 26, 49, 85], [0, 3, 4, 6, 7, 8, 11, 15, 18, 19]]
[[4, 10, 7, 26, 49, 85], [0, 2, 3, 6, 12, 13, 14, 15, 17, 19]]
[[4, 10, 7, 26, 49, 85], [0, 1, 2, 3, 4, 5, 7, 8, 9, 11, 14, 17, 19]]
[[4, 10, 7, 26, 49, 85], [0, 1, 3, 7, 8, 9, 11, 14, 15, 17, 18]]
[[4, 10, 7, 26, 29, 67], [0, 3, 5, 6, 7, 8, 10, 11, 12, 14, 19]]
[[4, 10, 7, 26, 29, 67], [0, 2, 3, 4, 6, 7, 8, 10, 11, 12, 14, 15, 18]]
[[4, 10, 7, 26, 29, 67], [0, 1, 3, 5, 6, 7, 8, 11, 12, 18]]
[[4, 10, 7, 26, 29, 67], [0, 1, 3, 5, 6, 7, 8, 11, 12, 15, 19]]
[[4, 10, 7, 26, 29, 67], [0, 1, 3, 5, 7, 8, 9, 13, 14]]
[[4, 10, 7, 26, 29, 67], [0, 4, 5, 7, 8, 9, 12, 13, 15]]
[[4, 10, 7, 26, 59, 79], [0, 2, 3, 6, 7, 8, 10, 12, 13, 14, 19]]
[[4, 10, 7, 26, 59, 79], [0, 1, 2, 4, 5, 6, 7, 8, 10, 13, 15, 18]]
[[4, 10, 7, 26, 59, 79], [0, 1, 2, 3, 6, 7, 8, 12, 13, 18]]
[[4, 10, 7, 26, 59, 79], [0, 6, 7, 8, 13, 14, 15, 19]]
[[4, 10, 7, 26, 59, 79], [1, 4, 5, 7, 8, 9, 11, 17, 19]]
[[4, 10, 7, 26, 59, 79], [3, 7, 8, 9, 11, 12, 14, 15, 17, 18]]
[[4, 10, 7, 26, 39, 97], [6, 7, 8, 10, 11, 15, 19]]
[[4, 10, 7, 26, 39, 97], [1, 2, 3, 5, 6, 7, 8, 10, 11, 12, 14, 15, 18]]
[[4, 10, 7, 26, 39, 97], [1, 2, 3, 4, 5, 6, 9, 10, 11, 15]]
[[4, 10, 7, 26, 39, 97], [0, 1, 4, 5, 6, 9, 10, 12, 13, 17, 18]]
[[4, 10, 7, 26, 39, 97], [2, 6, 7, 8, 10, 11, 12, 14, 15]]
[[4, 10, 7, 26, 39, 97], [0, 2, 3, 4, 6, 7, 8, 10, 13, 14, 17, 19]]
[[4, 10, 7, 26, 39, 97], [0, 1, 2, 3, 6, 7, 8, 11, 19]]
[[4, 10, 7, 26, 39, 97], [0, 1, 3, 4, 6, 7, 8, 11, 18]]
[[4, 10, 7, 26, 39, 97], [0, 1, 2, 4, 7, 8, 9, 11, 12, 17, 18, 19]]
[[4, 10, 7, 26, 39, 97], [0, 3, 4, 7, 8, 9, 13, 14, 19]]
[[4, 10, 7, 26, 39, 97], [0, 1, 2, 4, 5, 6, 7, 8, 11, 12, 15]]
[[4, 10, 7, 26, 39, 97], [0, 1, 2, 4, 6, 7, 8, 12, 13, 15, 17, 19]]
[[4, 10, 7, 26, 39, 97], [0, 1, 3, 4, 7, 8, 9, 13, 15]]
[[4, 10, 7, 26, 39, 97], [0, 5, 7, 8, 9, 12, 13, 14, 15]]
[[4, 10, 7, 26, 29, 97], [0, 1, 5, 6, 7, 8, 10, 11, 14, 15, 19]]
[[4, 10, 7, 26, 29, 97], [0, 1, 2, 4, 5, 6, 7, 8, 10, 11, 14, 15, 18]]
[[4, 10, 7, 26, 29, 97], [1, 5, 6, 7, 8, 11, 12, 19]]
[[4, 10, 7, 26, 29, 97], [2, 3, 6, 7, 8, 11, 14, 18]]
[[4, 10, 7, 26, 29, 97], [0, 2, 5, 7, 8, 9, 13, 17, 19]]
[[4, 10, 7, 26, 29, 97], [0, 1, 3, 7, 8, 9, 12, 13, 14, 17, 18]]
[[4, 10, 7, 26, 39, 73], [1, 2, 3, 4, 6, 7, 8, 10, 12, 13, 14, 15, 19]]
[[4, 10, 7, 26, 39, 73], [1, 2, 3, 4, 5, 6, 7, 8, 10, 12, 13, 14, 15, 18]]
[[4, 10, 7, 26, 39, 73], [0, 1, 2, 3, 4, 6, 7, 8, 13, 19]]
[[4, 10, 7, 26, 39, 73], [0, 2, 6, 7, 8, 12, 13, 14, 18]]
[[4, 10, 7, 26, 39, 73], [2, 3, 5, 7, 8, 9, 11, 12, 17, 19]]
[[4, 10, 7, 26, 39, 73], [1, 2, 4, 5, 7, 8, 9, 11, 14, 17, 18]]
[[4, 10, 7, 26, 54, 85], [2, 5, 6, 7, 8, 10, 12, 13, 14, 15, 18]]
[[4, 10, 7, 26, 54, 85], [4, 5, 6, 7, 8, 10, 12, 13, 14, 15, 19]]
[[4, 10, 7, 26, 54, 85], [0, 4, 6, 7, 8, 13, 18]]
[[4, 10, 7, 26, 54, 85], [0, 1, 2, 3, 4, 5, 6, 7, 8, 12, 13, 14, 19]]
[[4, 10, 7, 26, 54, 85], [1, 5, 7, 8, 9, 11, 12, 17, 18]]
[[4, 10, 7, 26, 54, 85], [2, 3, 7, 8, 9, 11, 14, 17, 19]]
[[4, 10, 7, 26, 34, 79], [1, 3, 6, 9, 10, 11, 18, 19]]
[[4, 10, 7, 26, 34, 79], [0, 1, 2, 5, 6, 9, 10, 12, 13, 15, 17, 18]]
[[4, 10, 7, 26, 34, 79], [1, 4, 7, 8, 9, 10, 12, 13, 17]]
[[4, 10, 7, 26, 34, 79], [4, 5, 6, 7, 8, 10, 11, 12, 14, 18, 19]]
[[4, 10, 7, 26, 34, 79], [0, 3, 6, 7, 8, 10, 13, 14, 15, 17, 19]]
[[4, 10, 7, 26, 34, 79], [0, 4, 5, 7, 8, 9, 10, 11, 17, 18]]
[[4, 10, 7, 26, 34, 79], [0, 1, 2, 3, 6, 9, 13, 15, 18, 19]]
[[4, 10, 7, 26, 34, 79], [0, 1, 2, 4, 7, 8, 9, 11, 12, 15, 17]]
[[4, 10, 7, 26, 34, 79], [0, 1, 7, 8, 9, 12, 13, 15, 19]]
[[4, 10, 7, 26, 34, 79], [0, 2, 4, 5, 6, 7, 8, 12, 13, 14, 15, 18, 19]]
[[4, 10, 7, 26, 34, 79], [4, 7, 8, 9, 11, 12, 14, 15, 17, 19]]
[[4, 10, 7, 26, 34, 79], [0, 1, 2, 4, 5, 6, 7, 8, 11, 12, 18, 19]]
[[4, 10, 7, 26, 34, 79], [0, 2, 3, 6, 7, 8, 13, 14, 17, 19]]
[[4, 10, 7, 26, 34, 79], [1, 3, 5, 6, 9, 11, 19]]
[[4, 10, 7, 26, 24, 73], [2, 6, 9, 10, 11, 14]]
[[4, 10, 7, 26, 24, 73], [0, 3, 4, 5, 6, 7, 8, 9, 10, 12, 13, 14, 15, 18, 19]]
[[4, 10, 7, 26, 24, 73], [0, 1, 6, 7, 8, 10, 13]]
[[4, 10, 7, 26, 24, 73], [1, 3, 6, 10, 11, 12, 15, 18, 19]]
[[4, 10, 7, 26, 24, 73], [0, 2, 3, 4, 9, 13, 17]]
[[4, 10, 7, 26, 24, 73], [1, 2, 3, 5, 7, 8, 9, 11, 14, 15, 17, 18, 19]]
[[4, 10, 7, 26, 24, 73], [0, 1, 4, 5, 6, 7, 8, 12, 13, 14]]
[[4, 10, 7, 26, 24, 73], [2, 4, 5, 6, 11, 12, 15, 18, 19]]
[[4, 10, 7, 26, 24, 61], [0, 1, 2, 5, 6, 9, 10, 12, 13, 14, 18, 19]]
[[4, 10, 7, 26, 24, 61], [1, 3, 4, 5, 6, 9, 10, 11, 14, 15, 18, 19]]
[[4, 10, 7, 26, 24, 61], [5, 6, 7, 8, 10, 11, 12, 18, 19]]
[[4, 10, 7, 26, 24, 61], [0, 3, 6, 7, 8, 10, 13, 15, 18, 19]]
[[4, 10, 7, 26, 24, 61], [2, 5, 7, 8, 9, 11, 14, 17]]
[[4, 10, 7, 26, 24, 61], [0, 1, 2, 4, 5, 7, 8, 9, 13, 15, 17]]
[[4, 10, 7, 26, 24, 61], [1, 3, 5, 6, 7, 8, 11, 12, 18, 19]]
[[4, 10, 7, 26, 24, 61], [0, 2, 3, 6, 7, 8, 12, 13, 14, 15, 18, 19]]
[[4, 10, 7, 26, 49, 67], [0, 1, 2, 4, 6, 7, 8, 9, 10, 12, 13, 14]]
[[4, 10, 7, 26, 49, 67], [1, 3, 6, 9, 10, 11, 14, 15]]
[[4, 10, 7, 26, 49, 67], [4, 5, 6, 10, 11, 12, 18, 19]]
[[4, 10, 7, 26, 49, 67], [0, 3, 4, 6, 7, 8, 10, 13, 15, 18, 19]]
[[4, 10, 7, 26, 49, 67], [5, 7, 8, 9, 11, 14, 17, 18, 19]]
[[4, 10, 7, 26, 49, 67], [0, 3, 9, 12, 13, 14, 15, 17, 18, 19]]
[[4, 10, 7, 26, 49, 67], [1, 2, 3, 6, 11, 12, 18, 19]]
[[4, 10, 7, 26, 49, 67], [0, 1, 4, 6, 7, 8, 13, 15, 18, 19]]
[[4, 10, 7, 26, 34, 85], [1, 3, 4, 5, 6, 7, 8, 9, 10, 12, 13, 14, 18, 19]]
[[4, 10, 7, 26, 34, 85], [0, 3, 6, 7, 8, 9, 10, 11, 14, 15, 18, 19]]
[[4, 10, 7, 26, 34, 85], [1, 3, 4, 5, 6, 10, 12, 13, 14, 18, 19]]
[[4, 10, 7, 26, 34, 85], [0, 3, 6, 10, 11, 14, 15, 18, 19]]
[[4, 10, 7, 26, 34, 85], [1, 2, 3, 5, 9, 11, 17]]
[[4, 10, 7, 26, 34, 85], [0, 2, 3, 4, 9, 12, 13, 15, 17]]
[[4, 10, 7, 26, 34, 85], [0, 1, 2, 6, 13, 14, 18, 19]]
[[4, 10, 7, 26, 34, 85], [2, 4, 5, 6, 11, 12, 14, 15, 18, 19]]
[[4, 10, 7, 26, 44, 79], [1, 3, 6, 9, 10, 11, 15]]
[[4, 10, 7, 26, 44, 79], [0, 1, 2, 6, 9, 10, 12, 13, 17, 18]]
[[4, 10, 7, 26, 44, 79], [4, 5, 6, 7, 8, 10, 11, 12, 14, 15]]
[[4, 10, 7, 26, 44, 79], [0, 3, 5, 6, 7, 8, 10, 13, 14, 17, 19]]
[[4, 10, 7, 26, 44, 79], [0, 1, 5, 7, 8, 9, 11, 12, 17, 18, 19]]
[[4, 10, 7, 26, 44, 79], [0, 2, 3, 5, 7, 8, 9, 13, 14, 19]]
[[4, 10, 7, 26, 44, 79], [0, 1, 6, 7, 8, 11, 12, 15]]
[[4, 10, 7, 26, 44, 79], [0, 1, 5, 6, 7, 8, 12, 13, 15, 17, 19]]
[[4, 10, 7, 26, 19, 73], [2, 5, 6, 9, 10, 11, 15]]
[[4, 10, 7, 26, 19, 73], [0, 3, 5, 6, 9, 10, 12, 13, 17, 18]]
[[4, 10, 7, 26, 19, 73], [1, 3, 5, 6, 7, 8, 10, 11, 12, 14, 15]]
[[4, 10, 7, 26, 19, 73], [0, 1, 4, 5, 6, 7, 8, 10, 13, 14, 17, 19]]
[[4, 10, 7, 26, 19, 73], [0, 1, 7, 8, 9, 11, 14, 17, 18, 19]]
[[4, 10, 7, 26, 19, 73], [0, 2, 3, 7, 8, 9, 12, 13, 19]]
[[4, 10, 7, 26, 19, 73], [0, 1, 2, 4, 6, 7, 8, 11, 14, 15]]
[[4, 10, 7, 26, 19, 73], [0, 1, 2, 4, 5, 6, 7, 8, 13, 14, 15, 17, 19]]
[[4, 10, 7, 26, 24, 79], [0, 1, 2, 3, 5, 7, 8, 9, 10, 11, 12, 17, 18, 19]]
[[4, 10, 7, 26, 24, 79], [1, 2, 4, 5, 7, 8, 9, 10, 11, 14, 15, 17]]
[[4, 10, 7, 26, 24, 79], [3, 7, 8, 9, 10, 13, 15, 18, 19]]
[[4, 10, 7, 26, 24, 79], [0, 2, 7, 8, 9, 10, 13, 15, 18, 19]]
[[4, 10, 7, 26, 24, 79], [0, 2, 5, 6, 9, 11, 18, 19]]
[[4, 10, 7, 26, 24, 79], [0, 2, 6, 9, 11, 12, 15]]
[[4, 10, 7, 26, 24, 79], [0, 2, 5, 6, 7, 8, 11, 18, 19]]
[[4, 10, 7, 26, 24, 79], [0, 4, 5, 6, 11, 12, 18, 19]]
[[4, 10, 7, 26, 24, 79], [0, 3, 9, 13]]
[[4, 10, 7, 26, 24, 79], [0, 1, 2, 7, 8, 9, 12, 13, 15, 18, 19]]
[[4, 10, 7, 26, 24, 79], [0, 3, 5, 6, 9, 13, 14, 17]]
[[4, 10, 7, 26, 24, 79], [0, 1, 2, 5, 6, 9, 12, 13, 14, 17]]
[[4, 10, 7, 26, 24, 103], [0, 1, 3, 5, 7, 8, 9, 10, 11, 12, 15, 17, 18, 19]]
[[4, 10, 7, 26, 24, 103], [2, 3, 7, 8, 9, 10, 13, 18, 19]]
[[4, 10, 7, 26, 24, 103], [0, 6, 9, 11, 12]]
[[4, 10, 7, 26, 24, 103], [0, 2, 4, 6, 7, 8, 11, 12, 15]]
[[4, 10, 7, 26, 24, 103], [0, 2, 3, 5, 7, 8, 9, 13, 15, 18, 19]]
[[4, 10, 7, 26, 24, 103], [0, 1, 5, 6, 9, 12, 13, 14, 15, 17]]
[[4, 10, 7, 26, 49, 91], [0, 1, 2, 3, 5, 9, 10, 11, 14, 15, 17, 18, 19]]
[[4, 10, 7, 26, 49, 91], [3, 9, 10, 12, 13, 14, 18, 19]]
[[4, 10, 7, 26, 49, 91], [0, 1, 2, 3, 4, 5, 6, 7, 8, 9, 11, 12]]
[[4, 10, 7, 26, 49, 91], [0, 1, 2, 3, 4, 5, 6, 7, 8, 11, 12, 15, 18, 19]]
[[4, 10, 7, 26, 49, 91], [0, 1, 2, 7, 8, 9, 13, 15]]
[[4, 10, 7, 26, 49, 91], [0, 2, 3, 4, 6, 7, 8, 9, 12, 13, 14, 15, 17]]
[[4, 10, 7, 26, 14, 85], [0, 5, 7, 8, 9, 10, 12, 13, 14, 15, 19]]
[[4, 10, 7, 26, 14, 85], [1, 4, 7, 8, 9, 10, 11, 12, 15, 17, 18]]
[[4, 10, 7, 26, 14, 85], [0, 1, 3, 6, 9, 13, 15, 17, 18]]
[[4, 10, 7, 26, 14, 85], [0, 4, 6, 7, 8, 12, 13, 14, 15, 17, 19]]
[[4, 10, 7, 26, 14, 85], [0, 1, 4, 5, 7, 8, 9, 11, 14, 17, 19]]
[[4, 10, 7, 26, 14, 85], [0, 1, 2, 6, 9, 11, 14, 15, 19]]
[[4, 10, 22, 10, 19, 88], [4, 6, 8, 9, 10, 13, 14, 17]]
[[4, 10, 22, 10, 19, 88], [0, 1, 5, 6, 7, 9, 10, 11, 14, 18]]
[[4, 10, 22, 10, 19, 88], [0, 1, 2, 5, 6, 7, 9, 10, 11, 12, 14, 18]]
[[4, 10, 22, 10, 19, 88], [2, 5, 6, 8, 9, 10, 12, 13, 14, 15, 18]]
[[4, 10, 22, 10, 19, 88], [0, 2, 3, 8, 13, 15]]
[[4, 10, 22, 10, 19, 88], [0, 3, 4, 5, 8, 13, 14, 17, 19]]
[[4, 10, 22, 10, 19, 88], [0, 3, 4, 7, 11, 12, 14, 17, 19]]
[[4, 10, 22, 10, 19, 88], [2, 7, 11, 15, 17, 19]]
[[4, 6, 10, 42, 14, 72], [1, 2, 3, 5, 6, 7, 9, 10, 13, 14, 15, 17, 18, 19]]
[[4, 6, 10, 42, 14, 72], [1, 2, 3, 5, 6, 8, 9, 10, 11, 12, 19]]
[[4, 6, 10, 42, 14, 72], [0, 2, 3, 4, 6, 7, 9, 10, 12, 13, 14, 19]]
[[4, 6, 10, 42, 14, 72], [0, 2, 3, 5, 6, 8, 9, 10, 11, 12, 14, 15, 19]]
[[4, 6, 10, 42, 14, 72], [0, 3, 5, 8, 12, 13, 14]]
[[4, 6, 10, 42, 14, 72], [0, 2, 3, 8, 13, 17, 19]]
[[4, 6, 10, 42, 14, 72], [4, 5, 7, 11, 12, 17, 19]]
[[4, 6, 10, 42, 14, 72], [0, 3, 7, 11, 15, 17, 19]]
[[4, 10, 13, 10, 24, 79], [2, 4, 5, 6, 7, 9, 10, 13, 18]]
[[4, 10, 13, 10, 24, 79], [0, 1, 4, 6, 8, 9, 10, 11, 12, 15, 19]]
[[4, 10, 13, 10, 24, 79], [1, 2, 3, 5, 7, 11, 17, 19]]
[[4, 10, 13, 10, 24, 79], [0, 3, 8, 12, 13, 15, 17, 18]]
[[4, 10, 13, 10, 14, 109], [0, 1, 5, 6, 10, 11, 12, 14, 19]]
[[4, 10, 13, 10, 14, 109], [0, 1, 6, 7, 8, 10, 11, 12, 14, 15, 19]]
[[4, 10, 13, 10, 14, 109], [0, 1, 2, 3, 6, 7, 8, 11, 14, 19]]
[[4, 10, 13, 10, 14, 109], [0, 1, 3, 4, 6, 11, 14, 15, 19]]
[[4, 10, 13, 10, 14, 109], [0, 5, 7, 8, 9, 13, 14]]
[[4, 10, 13, 10, 14, 109], [0, 1, 2, 3, 5, 9, 12, 13, 15, 18, 19]]
[[4, 4, 16, 32, 39, 58], [0, 4, 5, 6, 7, 9, 10, 13, 17, 18, 19]]
[[4, 4, 16, 32, 39, 58], [0, 2, 4, 6, 8, 9, 10, 13, 14, 15, 18]]
[[4, 4, 16, 32, 39, 58], [1, 2, 4, 5, 6, 7, 9, 10, 11]]
[[4, 4, 16, 32, 39, 58], [1, 5, 6, 8, 9, 10, 11, 14, 18, 19]]
[[4, 4, 16, 32, 39, 58], [0, 5, 6, 8, 9, 13, 15, 17]]
[[4, 4, 16, 32, 39, 58], [0, 2, 6, 7, 9, 12, 13, 15, 19]]
[[4, 4, 16, 32, 39, 58], [1, 3, 4, 6, 8, 9, 11, 12, 15, 18, 19]]
[[4, 4, 16, 32, 39, 58], [0, 2, 3, 6, 7, 9, 11, 14, 15]]
[[4, 4, 22, 8, 54, 88], [0, 5, 6, 8, 9, 10, 13, 17, 18, 19]]
[[4, 4, 22, 8, 54, 88], [0, 2, 6, 7, 9, 10, 13, 15, 17]]
[[4, 4, 22, 8, 54, 88], [1, 4, 6, 7, 9, 10, 11, 14]]
[[4, 4, 22, 8, 54, 88], [1, 2, 4, 5, 6, 8, 9, 10, 11, 14, 15, 18, 19]]
[[4, 4, 22, 8, 54, 88], [0, 5, 6, 8, 9, 13, 17, 18, 19]]
[[4, 4, 22, 8, 54, 88], [0, 2, 6, 7, 9, 13, 15, 17]]
[[4, 4, 22, 8, 54, 88], [0, 1, 2, 4, 6, 7, 9, 11, 12]]
[[4, 4, 22, 8, 54, 88], [0, 1, 4, 5, 6, 8, 9, 11, 12, 15, 18, 19]]
[[4, 8, 13, 8, 14, 113], [3, 5, 7, 8, 9, 10, 11, 12, 17, 18, 19]]
[[4, 8, 13, 8, 14, 113], [0, 1, 2, 3, 7, 8, 9, 10, 12, 13, 14, 18, 19]]
[[4, 8, 13, 8, 14, 113], [0, 6, 9, 11, 15]]
[[4, 8, 13, 8, 14, 113], [0, 5, 6, 11, 15, 18, 19]]
[[4, 8, 13, 8, 14, 113], [0, 2, 3, 5, 9, 13, 14]]
[[4, 8, 13, 8, 14, 113], [0, 1, 5, 6, 9, 12, 13, 15, 17]]
[[4, 8, 13, 8, 19, 71], [0, 1, 3, 4, 5, 9, 10, 13, 14, 15, 17]]
[[4, 8, 13, 8, 19, 71], [2, 3, 5, 9, 10, 11, 17, 18]]
[[4, 8, 13, 8, 19, 71], [0, 4, 6, 7, 8, 9, 13, 14, 18, 19]]
[[4, 8, 13, 8, 19, 71], [0, 1, 2, 3, 4, 5, 6, 12, 13, 15, 18, 19]]
[[4, 8, 13, 8, 19, 71], [1, 3, 4, 9, 11, 14, 17, 19]]
[[4, 8, 13, 8, 19, 71], [6, 7, 8, 9, 11, 12, 19]]
[[4, 4, 19, 28, 49, 73], [0, 6, 7, 9, 10, 12, 13, 14, 17, 18, 19]]
[[4, 4, 19, 28, 49, 73], [1, 2, 5, 6, 8, 9, 10, 11, 12, 14, 18]]
[[4, 4, 19, 28, 49, 73], [1, 4, 6, 8, 9, 10, 11, 12, 18, 19]]
[[4, 4, 19, 28, 49, 73], [0, 2, 6, 7, 9, 10, 12, 13, 15]]
[[4, 4, 19, 28, 49, 73], [0, 4, 6, 8, 9, 12, 13, 14, 15, 17]]
[[4, 4, 19, 28, 49, 73], [1, 2, 4, 5, 6, 7, 9, 11, 19]]
[[4, 4, 19, 28, 49, 73], [0, 3, 5, 6, 8, 9, 13, 18, 19]]
[[4, 4, 19, 28, 49, 73], [0, 2, 3, 4, 5, 6, 7, 9, 11, 12, 15]]
[[4, 6, 22, 26, 39, 66], [3, 4, 5, 6, 7, 9, 10, 13, 15, 17, 18, 19]]
[[4, 6, 22, 26, 39, 66], [2, 3, 4, 6, 8, 9, 10, 13, 14, 18]]
[[4, 6, 22, 26, 39, 66], [0, 1, 2, 3, 4, 5, 6, 8, 9, 10, 11, 12]]
[[4, 6, 22, 26, 39, 66], [0, 1, 3, 5, 6, 7, 9, 10, 11, 12, 14, 18, 19]]
[[4, 6, 22, 26, 39, 66], [0, 1, 3, 5, 6, 8, 9, 12, 13, 17]]
[[4, 6, 22, 26, 39, 66], [0, 1, 2, 3, 6, 7, 9, 13, 19]]
[[4, 6, 22, 26, 39, 66], [1, 2, 3, 4, 5, 6, 8, 9, 11, 15]]
[[4, 6, 22, 26, 39, 66], [0, 3, 5, 6, 7, 9, 11, 12, 14, 15, 18, 19]]
[[4, 6, 22, 26, 39, 60], [1, 2, 4, 5, 6, 7, 9, 10, 11, 12, 18]]
[[4, 6, 22, 26, 39, 60], [0, 4, 6, 8, 9, 10, 11, 12, 14, 19]]
[[4, 6, 22, 26, 39, 60], [1, 4, 6, 7, 9, 10, 13, 14]]
[[4, 6, 22, 26, 39, 60], [0, 2, 6, 8, 9, 10, 12, 13, 14, 17, 19]]
[[4, 6, 22, 26, 39, 60], [1, 2, 4, 5, 6, 7, 9, 11, 12, 18]]
[[4, 6, 22, 26, 39, 60], [0, 4, 6, 8, 9, 11, 12, 14, 19]]
[[4, 6, 22, 26, 39, 60], [0, 1, 4, 5, 6, 8, 9, 12, 13, 15, 18, 19]]
[[4, 6, 22, 26, 39, 60], [0, 1, 2, 5, 6, 7, 9, 13, 14, 17, 18]]
[[4, 4, 25, 8, 49, 61], [3, 4, 6, 8, 9, 10, 13, 15, 17]]
[[4, 4, 25, 8, 49, 61], [0, 1, 2, 3, 4, 5, 6, 7, 9, 10, 11, 12, 14, 19]]
[[4, 4, 25, 8, 49, 61], [0, 1, 2, 3, 4, 6, 7, 9, 10, 11, 12, 18, 19]]
[[4, 4, 25, 8, 49, 61], [3, 6, 8, 9, 10, 13, 14]]
[[4, 4, 25, 8, 49, 61], [0, 1, 3, 6, 7, 9, 12, 13, 17, 18, 19]]
[[4, 4, 25, 8, 49, 61], [2, 3, 5, 6, 8, 9, 11, 12, 18]]
[[4, 4, 25, 8, 49, 61], [0, 2, 3, 4, 6, 7, 9, 12, 13, 15, 18, 19]]
[[4, 4, 25, 8, 49, 61], [0, 3, 6, 8, 9, 11, 12, 14, 15]]
[[4, 10, 16, 14, 44, 76], [1, 2, 4, 5, 6, 8, 9, 10, 11, 14, 19]]
[[4, 10, 16, 14, 44, 76], [0, 1, 3, 4, 6, 7, 9, 10, 12, 13, 15, 18]]
[[4, 10, 16, 14, 44, 76], [2, 3, 5, 6, 8, 9, 10, 11, 12, 14, 18, 19]]
[[4, 10, 16, 14, 44, 76], [0, 2, 5, 6, 7, 9, 10, 13, 17, 19]]
[[4, 10, 16, 14, 44, 76], [0, 1, 2, 3, 4, 6, 7, 9, 11, 12, 14, 18]]
[[4, 10, 16, 14, 44, 76], [0, 4, 5, 6, 8, 9, 12, 13, 15, 19]]
[[4, 10, 16, 14, 44, 76], [6, 7, 9, 11, 14, 15]]
[[4, 10, 16, 14, 44, 76], [0, 1, 4, 5, 6, 8, 9, 12, 13, 17, 18]]
[[4, 10, 16, 14, 34, 64], [3, 4, 5, 9, 10, 11, 17]]
[[4, 10, 16, 14, 34, 64], [0, 1, 2, 3, 5, 9, 10, 13, 14, 15, 17, 18]]
[[4, 10, 16, 14, 34, 64], [1, 4, 6, 7, 8, 9, 11, 15, 18, 19]]
[[4, 10, 16, 14, 34, 64], [3, 5, 6, 7, 8, 11, 12, 14]]
[[4, 10, 16, 14, 34, 64], [0, 2, 3, 7, 8, 9, 13, 15, 17, 18]]
[[4, 10, 16, 14, 34, 64], [0, 1, 6, 7, 8, 9, 12, 13, 14, 15, 19]]
[[4, 10, 16, 14, 39, 70], [2, 3, 7, 8, 9, 10, 11, 14, 17]]
[[4, 10, 16, 14, 39, 70], [0, 1, 3, 5, 7, 8, 9, 10, 13]]
[[4, 10, 16, 14, 39, 70], [0, 1, 2, 3, 4, 6, 9, 11, 15, 18, 19]]
[[4, 10, 16, 14, 39, 70], [0, 1, 3, 5, 6, 7, 8, 11, 15, 18, 19]]
[[4, 10, 16, 14, 39, 70], [0, 1, 2, 5, 7, 8, 9, 13, 14]]
[[4, 10, 16, 14, 39, 70], [0, 2, 3, 4, 5, 6, 9, 12, 13, 15, 17, 18, 19]]
[[4, 10, 16, 14, 34, 76], [3, 7, 8, 9, 10, 11, 12, 14, 17]]
[[4, 10, 16, 14, 34, 76], [0, 1, 2, 3, 4, 7, 8, 9, 10, 12, 13, 15, 17, 18]]
[[4, 10, 16, 14, 34, 76], [3, 4, 6, 9, 11, 15, 18, 19]]
[[4, 10, 16, 14, 34, 76], [1, 2, 4, 5, 6, 7, 8, 11, 12, 14, 18, 19]]
[[4, 10, 16, 14, 34, 76], [0, 1, 4, 7, 8, 9, 13, 15, 17, 19]]
[[4, 10, 16, 14, 34, 76], [0, 3, 6, 9, 12, 13, 14, 15, 19]]
[[4, 10, 16, 14, 39, 64], [2, 3, 5, 9, 10, 11, 15, 17]]
[[4, 10, 16, 14, 39, 64], [0, 1, 3, 4, 9, 10, 13, 14, 17, 19]]
[[4, 10, 16, 14, 39, 64], [3, 6, 7, 8, 9, 11, 12, 14, 18, 19]]
[[4, 10, 16, 14, 39, 64], [1, 4, 5, 6, 7, 8, 11, 15]]
[[4, 10, 16, 14, 39, 64], [0, 2, 3, 7, 8, 9, 13, 17, 19]]
[[4, 10, 16, 14, 39, 64], [0, 1, 6, 7, 8, 9, 12, 13, 14, 18]]
[[4, 10, 16, 14, 14, 106], [0, 1, 3, 4, 7, 8, 9, 10, 12, 13, 15, 17]]
[[4, 10, 16, 14, 14, 106], [2, 3, 5, 7, 8, 9, 10, 11, 12, 14, 17, 19]]
[[4, 10, 16, 14, 14, 106], [0, 2, 6, 9, 12, 13, 18, 19]]
[[4, 10, 16, 14, 14, 106], [0, 1, 2, 3, 4, 6, 7, 8, 13, 14, 15, 18, 19]]
[[4, 10, 16, 14, 14, 106], [5, 7, 8, 9, 11, 14, 17, 18]]
[[4, 10, 16, 14, 14, 106], [1, 2, 3, 6, 9, 11, 12, 18]]
[[4, 10, 16, 14, 44, 64], [0, 3, 4, 7, 8, 9, 10, 13, 17, 18]]
[[4, 10, 16, 14, 44, 64], [1, 3, 5, 7, 8, 9, 10, 11, 14, 17, 18]]
[[4, 10, 16, 14, 44, 64], [4, 7, 8, 9, 10, 11, 12, 15, 17, 19]]
[[4, 10, 16, 14, 44, 64], [0, 1, 2, 4, 7, 8, 9, 10, 12, 13, 14, 15, 17, 19]]
[[4, 10, 16, 14, 44, 64], [2, 3, 4, 5, 6, 9, 11, 19]]
[[4, 10, 16, 14, 44, 64], [0, 1, 2, 3, 6, 9, 13, 14, 19]]
[[4, 10, 16, 14, 44, 64], [0, 2, 4, 5, 6, 9, 12, 13, 15, 18]]
[[4, 10, 16, 14, 44, 64], [1, 4, 5, 6, 9, 11, 12, 14, 15, 18]]
[[4, 10, 16, 14, 34, 94], [4, 7, 8, 9, 10, 13, 17, 19]]
[[4, 10, 16, 14, 34, 94], [4, 5, 7, 8, 9, 10, 13, 17, 18]]
[[4, 10, 16, 14, 34, 94], [0, 1, 2, 4, 7, 8, 9, 10, 11, 12, 15, 17, 19]]
[[4, 10, 16, 14, 34, 94], [0, 1, 2, 4, 5, 7, 8, 9, 10, 11, 12, 15, 17, 18]]
[[4, 10, 16, 14, 34, 94], [0, 1, 3, 5, 6, 9, 13, 19]]
[[4, 10, 16, 14, 34, 94], [0, 4, 5, 6, 9, 12, 13, 14, 18]]
[[4, 10, 16, 14, 34, 94], [2, 3, 5, 6, 9, 11, 12, 15, 19]]
[[4, 10, 16, 14, 34, 94], [1, 2, 4, 5, 6, 9, 11, 14, 15, 18]]
[[4, 8, 7, 8, 39, 53], [0, 2, 4, 5, 6, 8, 9, 10, 11, 12, 19]]
[[4, 8, 7, 8, 39, 53], [3, 4, 6, 7, 9, 10, 11, 14, 15, 18]]
[[4, 8, 7, 8, 39, 53], [1, 2, 5, 6, 7, 9, 10, 13, 15, 17, 19]]
[[4, 8, 7, 8, 39, 53], [0, 1, 2, 3, 4, 6, 8, 9, 10, 13, 15, 17, 19]]
[[4, 8, 7, 8, 39, 53], [0, 1, 2, 3, 4, 6, 7, 9, 11, 12, 18]]
[[4, 8, 7, 8, 39, 53], [0, 4, 5, 6, 8, 9, 11, 12, 14, 15, 19]]
[[4, 8, 7, 8, 39, 53], [0, 1, 4, 5, 6, 8, 9, 13, 15, 17, 18]]
[[4, 8, 7, 8, 39, 53], [0, 1, 4, 5, 6, 7, 9, 13, 14, 15, 17, 18]]
[[4, 8, 7, 8, 34, 53], [0, 4, 6, 7, 9, 10, 11, 14, 18]]
[[4, 8, 7, 8, 34, 53], [2, 3, 4, 5, 6, 8, 9, 10, 11, 12, 15, 19]]
[[4, 8, 7, 8, 34, 53], [0, 1, 3, 4, 5, 6, 7, 9, 10, 12, 13, 14, 15, 17, 18]]
[[4, 8, 7, 8, 34, 53], [1, 6, 8, 9, 10, 12, 13, 14, 15, 17, 18]]
[[4, 8, 7, 8, 34, 53], [0, 1, 3, 4, 5, 6, 8, 9, 11, 14, 19]]
[[4, 8, 7, 8, 34, 53], [0, 2, 4, 6, 7, 9, 11, 15, 18]]
[[4, 8, 7, 8, 34, 53], [0, 1, 2, 4, 6, 8, 9, 12, 13, 15, 17, 19]]
[[4, 8, 7, 8, 34, 53], [0, 1, 2, 4, 6, 7, 9, 12, 13, 14, 15, 17, 19]]
[[4, 8, 7, 8, 44, 53], [0, 2, 5, 6, 7, 9, 10, 11, 12, 15, 18]]
[[4, 8, 7, 8, 44, 53], [3, 6, 8, 9, 10, 11, 12, 15, 19]]
[[4, 8, 7, 8, 44, 53], [1, 2, 4, 5, 6, 8, 9, 10, 13, 17, 18]]
[[4, 8, 7, 8, 44, 53], [0, 1, 2, 3, 6, 7, 9, 10, 12, 13, 14, 15, 17, 18]]
[[4, 8, 7, 8, 44, 53], [0, 5, 6, 7, 9, 11, 15, 18]]
[[4, 8, 7, 8, 44, 53], [0, 1, 2, 3, 6, 8, 9, 11, 12, 15, 19]]
[[4, 8, 7, 8, 44, 53], [0, 1, 5, 6, 7, 9, 13, 17, 19]]
[[4, 8, 7, 8, 44, 53], [0, 1, 5, 6, 8, 9, 12, 13, 15, 17, 19]]
[[4, 8, 22, 12, 19, 104], [0, 4, 5, 6, 7, 9, 10, 12, 13, 18]]
[[4, 8, 22, 12, 19, 104], [0, 2, 4, 6, 8, 9, 10, 13, 14, 19]]
[[4, 8, 22, 12, 19, 104], [1, 2, 4, 6, 7, 9, 10, 11, 15]]
[[4, 8, 22, 12, 19, 104], [1, 4, 5, 6, 8, 9, 10, 11, 12, 14, 15, 18, 19]]
[[4, 8, 22, 12, 19, 104], [0, 4, 5, 6, 7, 9, 12, 13, 18]]
[[4, 8, 22, 12, 19, 104], [0, 2, 4, 6, 8, 9, 13, 14, 19]]
[[4, 8, 22, 12, 19, 104], [4, 6, 7, 9, 11, 12]]
[[4, 8, 22, 12, 19, 104], [2, 4, 5, 6, 8, 9, 11, 14, 18, 19]]
[[4, 10, 22, 18, 24, 88], [2, 3, 4, 5, 6, 8, 9, 10, 11, 14, 19]]
[[4, 10, 22, 18, 24, 88], [0, 4, 6, 7, 9, 10, 11, 12, 15, 18]]
[[4, 10, 22, 18, 24, 88], [3, 5, 7, 8, 9, 10, 13, 14, 17]]
[[4, 10, 22, 18, 24, 88], [0, 1, 3, 4, 5, 6, 7, 9, 10, 13, 17, 18]]
[[4, 10, 22, 18, 24, 88], [1, 6, 8, 9, 10, 13, 17, 18]]
[[4, 10, 22, 18, 24, 88], [0, 1, 2, 3, 4, 7, 8, 9, 10, 11, 12, 14, 17, 19]]
[[4, 10, 22, 18, 24, 88], [0, 2, 4, 6, 7, 9, 11, 12, 14, 18]]
[[4, 10, 22, 18, 24, 88], [0, 1, 3, 4, 5, 6, 8, 9, 11, 12, 15, 19]]
[[4, 10, 22, 18, 24, 88], [0, 2, 4, 5, 6, 9, 12, 13, 14, 15, 18, 19]]
[[4, 10, 22, 18, 24, 88], [0, 1, 2, 4, 6, 7, 9, 13, 17, 19]]
[[4, 10, 22, 18, 24, 88], [0, 1, 2, 4, 6, 8, 9, 13, 14, 17, 19]]
[[4, 10, 22, 18, 24, 88], [0, 1, 2, 3, 6, 7, 8, 13, 15, 18, 19]]
[[4, 10, 22, 18, 24, 88], [2, 7, 8, 9, 11, 12, 14, 15, 17, 18]]
[[4, 10, 22, 18, 24, 88], [1, 2, 3, 4, 5, 6, 9, 11, 18]]
[[4, 10, 22, 18, 24, 70], [0, 3, 4, 5, 6, 7, 8, 10, 13, 18]]
[[4, 10, 22, 18, 24, 70], [0, 1, 2, 4, 5, 6, 7, 8, 10, 12, 13, 14, 15, 19]]
[[4, 10, 22, 18, 24, 70], [0, 1, 3, 4, 5, 6, 7, 8, 13, 14, 19]]
[[4, 10, 22, 18, 24, 70], [0, 6, 7, 8, 12, 13, 15, 18]]
[[4, 10, 22, 18, 24, 70], [3, 5, 7, 8, 9, 11, 17, 19]]
[[4, 10, 22, 18, 24, 70], [1, 2, 5, 7, 8, 9, 11, 12, 14, 15, 17, 18]]
[[4, 10, 22, 18, 19, 88], [0, 1, 6, 7, 8, 10, 11, 14, 19]]
[[4, 10, 22, 18, 19, 88], [0, 1, 2, 4, 6, 7, 8, 10, 11, 14, 18]]
[[4, 10, 22, 18, 19, 88], [1, 5, 6, 7, 8, 11, 12, 15, 18]]
[[4, 10, 22, 18, 19, 88], [2, 3, 6, 7, 8, 11, 14, 15, 19]]
[[4, 10, 22, 18, 19, 88], [0, 4, 7, 8, 9, 13, 15, 17, 18]]
[[4, 10, 22, 18, 19, 88], [0, 1, 2, 3, 4, 5, 7, 8, 9, 12, 13, 14, 15, 17, 19]]
[[4, 10, 22, 18, 29, 64], [3, 7, 8, 9, 10, 11, 17, 18, 19]]
[[4, 10, 22, 18, 29, 64], [0, 1, 2, 3, 4, 5, 7, 8, 9, 10, 13, 14, 15, 17, 18]]
[[4, 10, 22, 18, 29, 64], [2, 3, 5, 6, 9, 11, 12, 14, 15]]
[[4, 10, 22, 18, 29, 64], [1, 2, 4, 5, 6, 7, 8, 11]]
[[4, 10, 22, 18, 29, 64], [0, 3, 7, 8, 9, 13, 15, 17, 19]]
[[4, 10, 22, 18, 29, 64], [0, 1, 2, 5, 6, 9, 12, 13, 14, 15, 19]]
[[4, 8, 7, 36, 14, 59], [0, 1, 2, 4, 6, 7, 8, 10, 12, 13, 15, 17]]
[[4, 8, 7, 36, 14, 59], [0, 3, 4, 6, 7, 8, 10, 13, 14, 15, 17]]
[[4, 8, 7, 36, 14, 59], [0, 5, 6, 7, 8, 13, 15, 17]]
[[4, 8, 7, 36, 14, 59], [0, 1, 2, 3, 5, 6, 7, 8, 12, 13, 14, 15, 17]]
[[4, 8, 7, 36, 14, 59], [0, 1, 2, 3, 7, 8, 9, 11, 12, 14, 17, 19]]
[[4, 8, 7, 36, 14, 59], [0, 1, 2, 3, 5, 7, 8, 9, 11, 12, 14, 17, 18]]
[[4, 8, 7, 36, 24, 89], [0, 1, 4, 6, 9, 10, 12, 13, 14, 18, 19]]
[[4, 8, 7, 36, 24, 89], [1, 2, 3, 6, 9, 10, 11, 14, 15, 18, 19]]
[[4, 8, 7, 36, 24, 89], [2, 4, 6, 7, 8, 10, 11, 12, 18, 19]]
[[4, 8, 7, 36, 24, 89], [0, 2, 3, 4, 5, 6, 7, 8, 10, 13, 15, 18, 19]]
[[4, 8, 7, 36, 24, 89], [4, 7, 8, 9, 11, 14, 17]]
[[4, 8, 7, 36, 24, 89], [0, 1, 7, 8, 9, 13, 15, 17]]
[[4, 8, 7, 36, 24, 89], [1, 2, 3, 4, 6, 7, 8, 11, 12, 18, 19]]
[[4, 8, 7, 36, 24, 89], [0, 3, 4, 5, 6, 7, 8, 12, 13, 14, 15, 18, 19]]
[[4, 8, 7, 36, 29, 77], [1, 2, 3, 5, 6, 9, 10, 11, 15]]
[[4, 8, 7, 36, 29, 77], [0, 1, 5, 6, 7, 8, 9, 10, 12, 13, 17, 18]]
[[4, 8, 7, 36, 29, 77], [2, 4, 5, 6, 10, 11, 12, 14, 15, 18, 19]]
[[4, 8, 7, 36, 29, 77], [0, 2, 3, 5, 6, 7, 8, 10, 13, 14, 17, 18]]
[[4, 8, 7, 36, 29, 77], [0, 3, 7, 8, 9, 11, 14, 17, 18, 19]]
[[4, 8, 7, 36, 29, 77], [0, 2, 3, 4, 5, 9, 13, 14, 19]]
[[4, 8, 7, 36, 29, 77], [0, 3, 6, 11, 14, 15, 18, 19]]
[[4, 8, 7, 36, 29, 77], [0, 1, 4, 6, 7, 8, 12, 13, 15, 17, 18]]
[[4, 10, 10, 46, 24, 52], [0, 1, 2, 4, 6, 7, 8, 10, 12, 13, 14, 19]]
[[4, 10, 10, 46, 24, 52], [0, 3, 4, 6, 7, 8, 10, 13, 15, 18]]
[[4, 10, 10, 46, 24, 52], [0, 1, 2, 3, 5, 6, 7, 8, 13, 14, 18]]
[[4, 10, 10, 46, 24, 52], [0, 2, 4, 6, 7, 8, 12, 13, 15, 19]]
[[4, 10, 10, 46, 24, 52], [1, 4, 7, 8, 9, 11, 12, 14, 17, 19]]
[[4, 10, 10, 46, 24, 52], [2, 3, 4, 7, 8, 9, 11, 15, 17, 18]]
[[4, 8, 4, 24, 29, 104], [0, 1, 5, 6, 7, 8, 10, 11, 12, 14, 19]]
[[4, 8, 4, 24, 29, 104], [0, 1, 6, 10, 11, 12, 14, 15, 19]]
[[4, 8, 4, 24, 29, 104], [0, 2, 4, 5, 6, 11, 12, 19]]
[[4, 8, 4, 24, 29, 104], [0, 5, 6, 7, 8, 11, 12, 15, 19]]
[[4, 8, 4, 24, 29, 104], [0, 1, 3, 4, 9, 12, 13]]
[[4, 8, 4, 24, 29, 104], [0, 2, 4, 7, 8, 9, 13, 14, 15, 18, 19]]
[[4, 8, 4, 24, 74, 80], [0, 2, 3, 4, 5, 6, 9, 10, 11, 12, 14, 15]]
[[4, 8, 4, 24, 74, 80], [1, 3, 6, 7, 8, 9, 10, 13, 14, 17, 19]]
[[4, 8, 4, 24, 74, 80], [0, 3, 6, 10, 11, 12, 14, 18, 19]]
[[4, 8, 4, 24, 74, 80], [1, 2, 3, 4, 6, 7, 8, 10, 13, 14, 15, 17, 19]]
[[4, 8, 4, 24, 74, 80], [0, 1, 2, 4, 7, 8, 9, 11, 12, 14, 17, 18, 19]]
[[4, 8, 4, 24, 74, 80], [0, 2, 3, 5, 9, 12, 13, 14, 18]]
[[4, 8, 4, 24, 74, 80], [0, 1, 2, 4, 5, 6, 11, 12, 14, 18, 19]]
[[4, 8, 4, 24, 74, 80], [0, 1, 2, 4, 6, 7, 8, 13, 17, 19]]
[[4, 8, 4, 16, 24, 68], [0, 1, 6, 10, 11, 19]]
[[4, 8, 4, 16, 24, 68], [0, 1, 2, 4, 6, 7, 8, 10, 11, 15, 19]]
[[4, 8, 4, 16, 24, 68], [0, 2, 4, 6, 7, 8, 11, 14, 19]]
[[4, 8, 4, 16, 24, 68], [0, 2, 4, 5, 6, 11, 14, 15, 19]]
[[4, 8, 4, 16, 24, 68], [0, 5, 7, 8, 9, 12, 13, 18, 19]]
[[4, 8, 4, 16, 24, 68], [0, 1, 3, 4, 9, 13, 14, 15]]
[[4, 8, 4, 16, 39, 68], [4, 6, 9, 10, 11, 18, 19]]
[[4, 8, 4, 16, 39, 68], [0, 2, 3, 4, 5, 6, 9, 10, 12, 13, 15, 17, 18]]
[[4, 8, 4, 16, 39, 68], [1, 2, 3, 4, 6, 7, 8, 10, 11, 12, 14, 18, 19]]
[[4, 8, 4, 16, 39, 68], [0, 1, 2, 5, 6, 7, 8, 10, 13, 14, 15, 17, 19]]
[[4, 8, 4, 16, 39, 68], [0, 1, 7, 8, 9, 11, 14, 15, 17]]
[[4, 8, 4, 16, 39, 68], [0, 1, 2, 4, 7, 8, 9, 13, 14, 15, 19]]
[[4, 8, 4, 16, 39, 68], [0, 1, 2, 4, 6, 7, 8, 11, 14, 18, 19]]
[[4, 8, 4, 16, 39, 68], [0, 2, 3, 5, 6, 7, 8, 12, 13, 17, 19]]
[[4, 8, 4, 16, 44, 80], [0, 2, 3, 4, 5, 6, 9, 10, 11]]
[[4, 8, 4, 16, 44, 80], [1, 2, 3, 4, 5, 6, 7, 8, 9, 10, 12, 13, 15, 17, 19]]
[[4, 8, 4, 16, 44, 80], [0, 2, 3, 4, 5, 6, 10, 11, 15, 18, 19]]
[[4, 8, 4, 16, 44, 80], [1, 2, 3, 4, 6, 7, 8, 10, 12, 13, 17, 19]]
[[4, 8, 4, 16, 44, 80], [0, 1, 2, 4, 7, 8, 9, 11, 15, 17, 18, 19]]
[[4, 8, 4, 16, 44, 80], [0, 3, 4, 9, 13, 15, 18]]
[[4, 8, 4, 16, 44, 80], [0, 1, 6, 11, 15, 18, 19]]
[[4, 8, 4, 16, 44, 80], [0, 1, 2, 4, 6, 7, 8, 12, 13, 14, 15, 17, 19]]
[[4, 8, 4, 16, 34, 80], [0, 1, 4, 6, 7, 8, 9, 10, 11]]
[[4, 8, 4, 16, 34, 80], [4, 6, 9, 10, 12, 13, 15, 17, 19]]
[[4, 8, 4, 16, 34, 80], [0, 1, 2, 5, 6, 7, 8, 10, 11, 15, 18, 19]]
[[4, 8, 4, 16, 34, 80], [2, 6, 10, 12, 13, 17, 19]]
[[4, 8, 4, 16, 34, 80], [0, 2, 3, 9, 11, 15, 17, 18, 19]]
[[4, 8, 4, 16, 34, 80], [0, 1, 7, 8, 9, 13, 15, 18]]
[[4, 8, 4, 16, 34, 80], [0, 2, 3, 5, 6, 7, 8, 11, 15, 18, 19]]
[[4, 8, 4, 16, 34, 80], [0, 3, 4, 5, 6, 12, 13, 14, 15, 17, 19]]
[[4, 8, 4, 16, 44, 74], [0, 2, 3, 6, 7, 8, 9, 10, 11, 12]]
[[4, 8, 4, 16, 44, 74], [1, 3, 6, 9, 10, 13, 15]]
[[4, 8, 4, 16, 44, 74], [0, 3, 4, 6, 7, 8, 10, 11, 12, 18, 19]]
[[4, 8, 4, 16, 44, 74], [1, 2, 3, 4, 6, 10, 13, 15, 18, 19]]
[[4, 8, 4, 16, 44, 74], [0, 1, 5, 7, 8, 9, 12, 13, 17, 18, 19]]
[[4, 8, 4, 16, 44, 74], [1, 2, 3, 4, 9, 11, 12, 14, 15, 17, 18, 19]]
[[4, 8, 4, 16, 44, 74], [4, 6, 7, 8, 11, 18, 19]]
[[4, 8, 4, 16, 44, 74], [0, 2, 3, 5, 6, 13, 14, 15, 18, 19]]
[[4, 8, 4, 16, 29, 62], [0, 1, 5, 6, 9, 10, 12, 13, 14]]
[[4, 8, 4, 16, 29, 62], [1, 2, 3, 4, 5, 6, 7, 8, 9, 10, 11, 14, 15]]
[[4, 8, 4, 16, 29, 62], [2, 6, 7, 8, 10, 11, 12, 18, 19]]
[[4, 8, 4, 16, 29, 62], [0, 2, 3, 5, 6, 10, 13, 15, 18, 19]]
[[4, 8, 4, 16, 29, 62], [1, 2, 3, 5, 9, 11, 12, 17, 18, 19]]
[[4, 8, 4, 16, 29, 62], [0, 1, 2, 7, 8, 9, 13, 15, 17, 18, 19]]
[[4, 8, 4, 16, 29, 62], [6, 7, 8, 11, 14, 18, 19]]
[[4, 8, 4, 16, 29, 62], [0, 2, 3, 4, 6, 12, 13, 14, 15, 18, 19]]
[[4, 8, 4, 16, 39, 44], [0, 2, 3, 4, 5, 6, 7, 8, 9, 10, 12, 13, 14, 18, 19]]
[[4, 8, 4, 16, 39, 44], [5, 6, 7, 8, 9, 10, 11, 14, 15, 18, 19]]
[[4, 8, 4, 16, 39, 44], [1, 2, 3, 6, 10, 11, 12, 18, 19]]
[[4, 8, 4, 16, 39, 44], [0, 1, 2, 5, 6, 10, 13, 15, 18, 19]]
[[4, 8, 4, 16, 39, 44], [1, 3, 9, 11, 14, 17]]
[[4, 8, 4, 16, 39, 44], [0, 3, 4, 9, 13, 15, 17]]
[[4, 8, 4, 16, 39, 44], [4, 5, 6, 11, 12, 18, 19]]
[[4, 8, 4, 16, 39, 44], [0, 1, 2, 4, 6, 12, 13, 14, 15, 18, 19]]
[[4, 8, 4, 16, 19, 68], [1, 2, 3, 6, 9, 10, 11, 12, 14, 15]]
[[4, 8, 4, 16, 19, 68], [0, 1, 2, 4, 6, 7, 8, 9, 10, 13, 14, 17, 19]]
[[4, 8, 4, 16, 19, 68], [5, 6, 10, 11, 15, 18, 19]]
[[4, 8, 4, 16, 19, 68], [0, 2, 3, 5, 6, 7, 8, 10, 12, 13, 17, 19]]
[[4, 8, 4, 16, 19, 68], [0, 1, 2, 5, 7, 8, 9, 11, 14, 17, 18, 19]]
[[4, 8, 4, 16, 19, 68], [0, 2, 3, 4, 5, 9, 12, 13, 18]]
[[4, 8, 4, 16, 19, 68], [0, 1, 4, 6, 11, 14, 15, 18, 19]]
[[4, 8, 4, 16, 19, 68], [0, 1, 2, 5, 6, 7, 8, 13, 14, 15, 17, 19]]
[[4, 8, 4, 16, 14, 56], [0, 2, 7, 8, 9, 10, 11, 12, 17]]
[[4, 8, 4, 16, 14, 56], [1, 2, 4, 5, 7, 8, 9, 10, 13, 15, 18, 19]]
[[4, 8, 4, 16, 14, 56], [0, 2, 4, 6, 9, 11, 14, 15, 18, 19]]
[[4, 8, 4, 16, 14, 56], [0, 2, 4, 5, 6, 7, 8, 11, 14, 18, 19]]
[[4, 8, 4, 16, 14, 56], [0, 1, 5, 7, 8, 9, 13, 18, 19]]
[[4, 8, 4, 16, 14, 56], [0, 3, 4, 6, 9, 12, 13, 14, 17]]
[[4, 8, 4, 28, 29, 62], [0, 3, 6, 7, 8, 10, 11, 19]]
[[4, 8, 4, 28, 29, 62], [0, 3, 6, 7, 8, 10, 11, 15, 18]]
[[4, 8, 4, 28, 29, 62], [0, 4, 5, 6, 7, 8, 11, 12, 18]]
[[4, 8, 4, 28, 29, 62], [0, 2, 6, 7, 8, 11, 12, 15, 19]]
[[4, 8, 4, 28, 29, 62], [0, 1, 3, 5, 7, 8, 9, 12, 13, 18, 19]]
[[4, 8, 4, 28, 29, 62], [0, 2, 7, 8, 9, 13, 14, 15, 18, 19]]
[[4, 8, 4, 28, 24, 56], [0, 2, 3, 6, 9, 10, 11, 12]]
[[4, 8, 4, 28, 24, 56], [1, 3, 6, 7, 8, 9, 10, 13, 15]]
[[4, 8, 4, 28, 24, 56], [0, 3, 4, 6, 10, 11, 12, 18, 19]]
[[4, 8, 4, 28, 24, 56], [1, 2, 3, 4, 6, 7, 8, 10, 13, 15, 18, 19]]
[[4, 8, 4, 28, 24, 56], [0, 3, 4, 9, 13, 14, 17, 18, 19]]
[[4, 8, 4, 28, 24, 56], [2, 5, 7, 8, 9, 11, 15, 17, 18, 19]]
[[4, 8, 4, 28, 24, 56], [1, 3, 5, 6, 11, 12, 14, 18, 19]]
[[4, 8, 4, 28, 24, 56], [0, 1, 2, 4, 6, 7, 8, 12, 13, 15, 18, 19]]
[[4, 8, 4, 28, 44, 80], [5, 6, 7, 8, 9, 10, 11, 12, 14, 18, 19]]
[[4, 8, 4, 28, 44, 80], [0, 3, 4, 6, 9, 10, 13, 14, 15, 17, 19]]
[[4, 8, 4, 28, 44, 80], [1, 3, 4, 5, 6, 7, 8, 10, 11]]
[[4, 8, 4, 28, 44, 80], [0, 1, 2, 4, 6, 10, 12, 13, 15, 17, 19]]
[[4, 8, 4, 28, 44, 80], [0, 3, 9, 11, 14, 15, 17]]
[[4, 8, 4, 28, 44, 80], [0, 3, 7, 8, 9, 13, 14, 15, 18]]
[[4, 8, 4, 28, 44, 80], [0, 3, 6, 7, 8, 11, 14]]
[[4, 8, 4, 28, 44, 80], [0, 1, 2, 5, 6, 12, 13, 17, 19]]
[[4, 8, 4, 28, 39, 68], [1, 3, 4, 6, 9, 10, 11, 15]]
[[4, 8, 4, 28, 39, 68], [0, 1, 2, 4, 6, 7, 8, 9, 10, 12, 13, 17, 18]]
[[4, 8, 4, 28, 39, 68], [6, 10, 11, 12, 14, 15, 18, 19]]
[[4, 8, 4, 28, 39, 68], [0, 3, 4, 6, 7, 8, 10, 13, 14, 17, 18]]
[[4, 8, 4, 28, 39, 68], [0, 2, 3, 4, 5, 7, 8, 9, 11, 14, 17, 18, 19]]
[[4, 8, 4, 28, 39, 68], [0, 3, 9, 13, 14, 19]]
[[4, 8, 4, 28, 39, 68], [0, 2, 3, 4, 5, 6, 11, 14, 15, 18, 19]]
[[4, 8, 4, 28, 39, 68], [0, 1, 2, 5, 6, 7, 8, 12, 13, 15, 17, 18]]
[[4, 8, 4, 28, 54, 92], [2, 5, 6, 9, 10, 11, 12, 14, 15, 18, 19]]
[[4, 8, 4, 28, 54, 92], [0, 2, 3, 4, 5, 6, 9, 10, 13, 14, 17, 18]]
[[4, 8, 4, 28, 54, 92], [1, 2, 3, 4, 6, 7, 8, 10, 11, 15, 18, 19]]
[[4, 8, 4, 28, 54, 92], [0, 1, 4, 6, 7, 8, 10, 12, 13, 17, 19]]
[[4, 8, 4, 28, 54, 92], [0, 1, 2, 4, 5, 7, 8, 9, 11, 12, 17]]
[[4, 8, 4, 28, 54, 92], [0, 1, 2, 4, 7, 8, 9, 12, 13, 19]]
[[4, 8, 4, 28, 54, 92], [0, 1, 2, 4, 6, 7, 8, 11, 12, 15, 18, 19]]
[[4, 8, 4, 28, 54, 92], [0, 3, 4, 6, 7, 8, 13, 14, 15, 17, 19]]
[[4, 12, 4, 24, 29, 90], [1, 2, 3, 5, 6, 7, 8, 10, 11, 15, 19]]
[[4, 12, 4, 24, 29, 90], [2, 4, 5, 6, 7, 8, 10, 11, 12, 14, 15, 18]]
[[4, 12, 4, 24, 29, 90], [0, 1, 2, 3, 6, 7, 8, 11, 12, 14, 18]]
[[4, 12, 4, 24, 29, 90], [0, 1, 2, 3, 5, 6, 7, 8, 11, 12, 14, 19]]
[[4, 12, 4, 24, 29, 90], [0, 2, 4, 5, 7, 8, 9, 13, 15]]
[[4, 12, 4, 24, 29, 90], [0, 1, 3, 4, 5, 7, 8, 9, 12, 13, 14, 15]]
[[4, 12, 4, 24, 24, 84], [4, 6, 7, 8, 9, 10, 13, 18, 19]]
[[4, 12, 4, 24, 24, 84], [0, 1, 2, 4, 5, 6, 9, 10, 11, 12, 15]]
[[4, 12, 4, 24, 24, 84], [4, 5, 6, 7, 8, 10, 13]]
[[4, 12, 4, 24, 24, 84], [0, 1, 2, 4, 6, 10, 11, 12, 15, 18, 19]]
[[4, 12, 4, 24, 24, 84], [1, 2, 3, 4, 7, 8, 9, 11, 17, 18, 19]]
[[4, 12, 4, 24, 24, 84], [0, 3, 4, 5, 9, 12, 13, 15, 17]]
[[4, 12, 4, 24, 24, 84], [0, 1, 6, 7, 8, 13, 14]]
[[4, 12, 4, 24, 24, 84], [2, 5, 6, 11, 12, 14, 15, 18, 19]]
[[4, 12, 7, 28, 29, 87], [0, 1, 2, 6, 10, 11, 12, 19]]
[[4, 12, 7, 28, 29, 87], [0, 1, 2, 6, 7, 8, 10, 11, 12, 19]]
[[4, 12, 7, 28, 29, 87], [1, 2, 5, 7, 8, 9, 10, 11, 12, 15, 17, 18, 19]]
[[4, 12, 7, 28, 29, 87], [0, 2, 4, 7, 8, 9, 10, 12, 13, 14, 15]]
[[4, 12, 7, 28, 29, 87], [3, 6, 7, 8, 11, 12, 15, 19]]
[[4, 12, 7, 28, 29, 87], [1, 4, 5, 6, 11, 14, 15, 19]]
[[4, 12, 7, 28, 29, 87], [0, 1, 2, 3, 6, 9, 11]]
[[4, 12, 7, 28, 29, 87], [0, 1, 3, 4, 6, 11, 18, 19]]
[[4, 12, 7, 28, 29, 87], [0, 3, 4, 5, 9, 12, 13, 15, 18, 19]]
[[4, 12, 7, 28, 29, 87], [0, 1, 6, 9, 13, 14, 17, 18, 19]]
[[4, 12, 7, 28, 29, 87], [0, 1, 2, 3, 5, 9, 13, 15, 17, 18]]
[[4, 12, 7, 28, 29, 87], [0, 2, 4, 7, 8, 9, 12, 13, 14, 15, 17, 18]]
[[4, 12, 7, 28, 44, 75], [0, 2, 3, 4, 6, 7, 8, 10, 11, 12, 14, 19]]
[[4, 12, 7, 28, 44, 75], [0, 3, 5, 6, 7, 8, 10, 11, 12, 14, 15, 18]]
[[4, 12, 7, 28, 44, 75], [0, 7, 8, 9, 10, 13, 14, 17]]
[[4, 12, 7, 28, 44, 75], [1, 7, 8, 9, 10, 11, 15, 17, 19]]
[[4, 12, 7, 28, 44, 75], [0, 1, 2, 3, 4, 6, 7, 8, 11, 12, 18]]
[[4, 12, 7, 28, 44, 75], [0, 1, 2, 3, 4, 6, 7, 8, 11, 12, 15, 19]]
[[4, 12, 7, 28, 44, 75], [0, 4, 6, 9, 12, 13, 15, 18, 19]]
[[4, 12, 7, 28, 44, 75], [0, 1, 3, 6, 7, 8, 13, 14, 18, 19]]
[[4, 12, 7, 28, 44, 75], [7, 8, 9, 11, 14, 15, 17, 18]]
[[4, 12, 7, 28, 44, 75], [1, 2, 3, 5, 6, 9, 11, 12, 15, 18]]
[[4, 12, 7, 28, 44, 75], [0, 1, 2, 3, 4, 7, 8, 9, 13, 14]]
[[4, 12, 7, 28, 44, 75], [0, 2, 7, 8, 9, 12, 13, 15]]
[[4, 12, 7, 28, 49, 69], [0, 1, 2, 5, 6, 9, 10, 11]]
[[4, 12, 7, 28, 49, 69], [2, 5, 6, 7, 8, 9, 10, 12, 13, 15, 17, 19]]
[[4, 12, 7, 28, 49, 69], [0, 1, 4, 6, 10, 11, 15, 18, 19]]
[[4, 12, 7, 28, 49, 69], [4, 5, 6, 7, 8, 10, 12, 13, 17, 19]]
[[4, 12, 7, 28, 49, 69], [0, 1, 7, 8, 9, 11, 12, 14, 15, 17, 18, 19]]
[[4, 12, 7, 28, 49, 69], [0, 2, 3, 9, 12, 13, 14, 15, 18]]
[[4, 12, 7, 28, 49, 69], [0, 1, 5, 6, 11, 12, 14, 15, 18, 19]]
[[4, 12, 7, 28, 49, 69], [0, 1, 2, 4, 5, 6, 7, 8, 13, 15, 17, 19]]
[[4, 12, 7, 28, 34, 75], [1, 2, 3, 4, 5, 6, 7, 8, 9, 10, 13, 18, 19]]
[[4, 12, 7, 28, 34, 75], [0, 3, 4, 6, 9, 10, 11, 12, 15]]
[[4, 12, 7, 28, 34, 75], [1, 3, 5, 6, 7, 8, 10, 13]]
[[4, 12, 7, 28, 34, 75], [0, 2, 3, 6, 10, 11, 12, 15, 18, 19]]
[[4, 12, 7, 28, 34, 75], [1, 2, 3, 4, 5, 7, 8, 9, 11, 12, 14, 17, 18, 19]]
[[4, 12, 7, 28, 34, 75], [0, 3, 4, 9, 13, 14, 15, 17]]
[[4, 12, 7, 28, 34, 75], [0, 1, 2, 4, 6, 7, 8, 12, 13]]
[[4, 12, 7, 28, 34, 75], [4, 5, 6, 11, 15, 18, 19]]
[[4, 12, 7, 28, 49, 81], [6, 9, 10, 11, 12, 14]]
[[4, 12, 7, 28, 49, 81], [0, 3, 4, 5, 6, 7, 8, 9, 10, 13, 14, 15, 17, 18]]
[[4, 12, 7, 28, 49, 81], [1, 3, 4, 6, 10, 11, 18, 19]]
[[4, 12, 7, 28, 49, 81], [0, 1, 2, 4, 5, 6, 7, 8, 10, 12, 13, 15, 17, 18]]
[[4, 12, 7, 28, 49, 81], [0, 3, 5, 7, 8, 9, 11, 14, 15, 17, 18, 19]]
[[4, 12, 7, 28, 49, 81], [0, 3, 5, 9, 13, 14, 15, 19]]
[[4, 12, 7, 28, 49, 81], [0, 3, 5, 6, 11, 14, 18, 19]]
[[4, 12, 7, 28, 49, 81], [0, 1, 2, 6, 7, 8, 12, 13, 17, 18]]
[[4, 12, 7, 28, 24, 93], [0, 1, 2, 4, 5, 6, 9, 10, 11, 12, 14, 15]]
[[4, 12, 7, 28, 24, 93], [6, 9, 10, 13, 14, 17, 19]]
[[4, 12, 7, 28, 24, 93], [0, 1, 2, 4, 6, 7, 8, 10, 11, 12, 14]]
[[4, 12, 7, 28, 24, 93], [6, 7, 8, 10, 13, 14, 15, 17, 18]]
[[4, 12, 7, 28, 24, 93], [0, 2, 3, 4, 7, 8, 9, 11, 12, 14, 17, 18, 19]]
[[4, 12, 7, 28, 24, 93], [0, 2, 3, 4, 7, 8, 9, 13, 18]]
[[4, 12, 7, 28, 24, 93], [0, 3, 5, 6, 7, 8, 11, 12, 14]]
[[4, 12, 7, 28, 24, 93], [0, 1, 4, 5, 6, 7, 8, 12, 13, 14, 17, 18]]
[[4, 12, 7, 28, 19, 81], [1, 4, 5, 7, 8, 9, 10, 11, 12, 17, 18, 19]]
[[4, 12, 7, 28, 19, 81], [0, 5, 7, 8, 9, 10, 12, 13, 14, 18, 19]]
[[4, 12, 7, 28, 19, 81], [0, 2, 4, 6, 9, 11, 12, 14, 15]]
[[4, 12, 7, 28, 19, 81], [0, 6, 11, 12, 14, 15, 18, 19]]
[[4, 12, 7, 28, 19, 81], [0, 3, 4, 5, 9, 12, 13]]
[[4, 12, 7, 28, 19, 81], [0, 1, 6, 9, 13, 14, 15, 17]]
[[4, 12, 7, 28, 39, 69], [3, 5, 9, 10, 11, 14, 17]]
[[4, 12, 7, 28, 39, 69], [0, 1, 2, 3, 5, 9, 10, 13, 18, 19]]
[[4, 12, 7, 28, 39, 69], [0, 1, 2, 3, 6, 7, 8, 9, 11, 15, 18, 19]]
[[4, 12, 7, 28, 39, 69], [0, 1, 3, 4, 6, 7, 8, 11, 15]]
[[4, 12, 7, 28, 39, 69], [0, 2, 3, 7, 8, 9, 12, 13]]
[[4, 12, 7, 28, 39, 69], [0, 1, 2, 4, 5, 6, 7, 8, 9, 13, 14, 15, 17]]
[[4, 12, 4, 20, 24, 84], [0, 3, 5, 6, 9, 10, 11, 12]]
[[4, 12, 4, 20, 24, 84], [1, 2, 3, 5, 6, 9, 10, 13, 15]]
[[4, 12, 4, 20, 24, 84], [0, 2, 3, 4, 6, 7, 8, 10, 11, 12]]
[[4, 12, 4, 20, 24, 84], [1, 3, 4, 6, 7, 8, 10, 13, 15]]
[[4, 12, 4, 20, 24, 84], [0, 3, 7, 8, 9, 13, 14, 17, 18, 19]]
[[4, 12, 4, 20, 24, 84], [1, 2, 3, 7, 8, 9, 11, 12, 14, 15, 17, 18, 19]]
[[4, 12, 4, 20, 24, 84], [5, 6, 7, 8, 11]]
[[4, 12, 4, 20, 24, 84], [0, 1, 2, 5, 6, 7, 8, 12, 13, 15]]
[[4, 12, 4, 20, 29, 84], [1, 2, 4, 7, 8, 9, 10, 11, 12, 15, 17]]
[[4, 12, 4, 20, 29, 84], [0, 2, 7, 8, 9, 10, 12, 13, 14, 15]]
[[4, 12, 4, 20, 29, 84], [0, 1, 3, 6, 9, 11, 18, 19]]
[[4, 12, 4, 20, 29, 84], [0, 1, 2, 3, 4, 5, 6, 7, 8, 11, 18, 19]]
[[4, 12, 4, 20, 29, 84], [0, 1, 2, 7, 8, 9, 13, 14, 15]]
[[4, 12, 4, 20, 29, 84], [0, 2, 3, 4, 6, 9, 12, 13, 17, 18, 19]]
[[4, 10, 10, 38, 34, 76], [0, 2, 3, 4, 6, 7, 8, 10, 11, 18]]
[[4, 10, 10, 38, 34, 76], [0, 2, 3, 4, 6, 7, 8, 10, 11, 15, 19]]
[[4, 10, 10, 38, 34, 76], [0, 1, 2, 3, 4, 6, 7, 8, 11, 14, 19]]
[[4, 10, 10, 38, 34, 76], [0, 1, 3, 5, 6, 7, 8, 11, 14, 15, 18]]
[[4, 10, 10, 38, 34, 76], [0, 2, 7, 8, 9, 13, 14]]
[[4, 10, 10, 38, 34, 76], [0, 1, 3, 5, 7, 8, 9, 12, 13, 15]]
[[4, 10, 10, 38, 34, 58], [1, 2, 3, 6, 7, 8, 10, 11, 15, 18]]
[[4, 10, 10, 38, 34, 58], [2, 4, 6, 7, 8, 10, 11, 12, 14, 15, 19]]
[[4, 10, 10, 38, 34, 58], [0, 2, 4, 6, 7, 8, 11, 19]]
[[4, 10, 10, 38, 34, 58], [0, 2, 4, 5, 6, 7, 8, 11, 18]]
[[4, 10, 10, 38, 34, 58], [0, 5, 7, 8, 9, 13, 15, 18, 19]]
[[4, 10, 10, 38, 34, 58], [0, 1, 2, 3, 5, 7, 8, 9, 12, 13, 14, 15, 18, 19]]
[[4, 10, 10, 38, 24, 58], [0, 3, 6, 7, 8, 9, 10, 11, 12, 14, 18, 19]]
[[4, 10, 10, 38, 24, 58], [1, 2, 3, 4, 6, 9, 10, 13, 14, 15, 17, 19]]
[[4, 10, 10, 38, 24, 58], [0, 2, 3, 4, 5, 6, 7, 8, 10, 11, 12, 14, 15]]
[[4, 10, 10, 38, 24, 58], [1, 3, 6, 10, 13, 14, 17, 19]]
[[4, 10, 10, 38, 24, 58], [0, 2, 3, 5, 9, 11, 15, 17]]
[[4, 10, 10, 38, 24, 58], [0, 2, 3, 7, 8, 9, 12, 13, 14, 15, 18]]
[[4, 10, 10, 38, 24, 58], [0, 2, 3, 6, 7, 8, 11, 15]]
[[4, 10, 10, 38, 24, 58], [0, 1, 2, 4, 5, 6, 13, 15, 17, 19]]
[[4, 10, 10, 38, 19, 58], [0, 1, 2, 5, 6, 7, 8, 9, 10, 12, 13, 14, 18, 19]]
[[4, 10, 10, 38, 19, 58], [1, 3, 4, 5, 6, 7, 8, 9, 10, 11, 14, 15, 18, 19]]
[[4, 10, 10, 38, 19, 58], [1, 2, 5, 7, 8, 9, 10, 12, 13, 17]]
[[4, 10, 10, 38, 19, 58], [5, 6, 10, 11, 12, 18, 19]]
[[4, 10, 10, 38, 19, 58], [0, 3, 6, 10, 13, 15, 18, 19]]
[[4, 10, 10, 38, 19, 58], [0, 2, 7, 8, 9, 10, 11, 17, 18]]
[[4, 10, 10, 38, 19, 58], [0, 1, 3, 4, 5, 6, 9, 13, 15, 18, 19]]
[[4, 10, 10, 38, 19, 58], [1, 2, 3, 4, 9, 11, 12, 17]]
[[4, 10, 10, 38, 19, 58], [0, 2, 3, 9, 12, 13, 14, 15, 17]]
[[4, 10, 10, 38, 19, 58], [0, 6, 7, 8, 12, 13, 14, 15, 18, 19]]
[[4, 10, 10, 38, 19, 58], [2, 5, 7, 8, 9, 11, 12, 14, 15, 17, 19]]
[[4, 10, 10, 38, 19, 58], [4, 6, 11, 14, 18, 19]]
[[4, 10, 10, 38, 19, 58], [0, 1, 2, 4, 5, 6, 13, 15, 18, 19]]
[[4, 10, 10, 38, 19, 58], [1, 2, 3, 4, 6, 9, 11, 19]]
[[4, 6, 4, 14, 34, 42], [2, 4, 6, 7, 8, 9, 10, 11, 12, 14, 15]]
[[4, 6, 4, 14, 34, 42], [0, 2, 3, 6, 9, 10, 13, 14, 17, 19]]
[[4, 6, 4, 14, 34, 42], [1, 2, 3, 6, 7, 8, 10, 11, 15, 18, 19]]
[[4, 6, 4, 14, 34, 42], [0, 1, 6, 10, 12, 13, 17, 19]]
[[4, 6, 4, 14, 34, 42], [0, 3, 9, 11, 14, 17, 18, 19]]
[[4, 6, 4, 14, 34, 42], [0, 1, 4, 7, 8, 9, 12, 13, 18]]
[[4, 6, 4, 14, 34, 42], [0, 3, 6, 7, 8, 11, 14, 15, 18, 19]]
[[4, 6, 4, 14, 34, 42], [0, 2, 3, 4, 5, 6, 13, 14, 15, 17, 19]]
[[4, 6, 4, 14, 39, 78], [1, 2, 3, 4, 5, 6, 7, 8, 9, 10, 11, 12, 14, 15, 18, 19]]
[[4, 6, 4, 14, 39, 78], [0, 1, 2, 5, 6, 7, 8, 9, 10, 13, 14, 17, 18]]
[[4, 6, 4, 14, 39, 78], [4, 5, 6, 10, 11, 15, 18, 19]]
[[4, 6, 4, 14, 39, 78], [0, 2, 3, 4, 5, 6, 10, 12, 13, 17, 19]]
[[4, 6, 4, 14, 39, 78], [0, 3, 4, 9, 11, 12, 17]]
[[4, 6, 4, 14, 39, 78], [0, 3, 4, 5, 9, 12, 13, 19]]
[[4, 6, 4, 14, 39, 78], [0, 2, 3, 6, 11, 12, 15, 18, 19]]
[[4, 6, 4, 14, 39, 78], [0, 1, 6, 13, 14, 15, 17, 19]]
[[4, 8, 13, 40, 29, 77], [2, 4, 5, 6, 10, 11, 12, 19]]
[[4, 8, 13, 40, 29, 77], [1, 2, 3, 5, 6, 7, 8, 10, 11, 14, 15, 19]]
[[4, 8, 13, 40, 29, 77], [2, 3, 5, 6, 7, 8, 11, 19]]
[[4, 8, 13, 40, 29, 77], [1, 6, 11, 12, 14, 15, 19]]
[[4, 8, 13, 40, 29, 77], [0, 1, 2, 3, 4, 9, 13, 14, 17, 18]]
[[4, 8, 13, 40, 29, 77], [0, 2, 7, 8, 9, 12, 13, 15, 17, 18]]
[[4, 8, 13, 40, 19, 53], [0, 1, 3, 9, 10, 12, 13, 17, 18, 19]]
[[4, 8, 13, 40, 19, 53], [2, 3, 4, 5, 9, 10, 11, 12, 14, 15, 17, 18]]
[[4, 8, 13, 40, 19, 53], [0, 2, 4, 6, 7, 8, 9, 12, 13, 15]]
[[4, 8, 13, 40, 19, 53], [0, 1, 2, 3, 5, 6, 7, 8, 13, 14, 18, 19]]
[[4, 8, 13, 40, 19, 53], [4, 7, 8, 9, 11, 14, 15, 17, 18]]
[[4, 8, 13, 40, 19, 53], [1, 2, 3, 4, 6, 7, 8, 9, 11, 12, 15, 19]]
[[4, 8, 13, 40, 34, 41], [3, 4, 5, 7, 8, 9, 10, 12, 13, 14, 15, 18]]
[[4, 8, 13, 40, 34, 41], [0, 1, 2, 3, 4, 7, 8, 9, 10, 11, 14, 17, 18]]
[[4, 8, 13, 40, 34, 41], [0, 1, 3, 5, 6, 9, 13, 14, 15, 17, 19]]
[[4, 8, 13, 40, 34, 41], [0, 4, 5, 6, 12, 13, 17, 19]]
[[4, 8, 13, 40, 34, 41], [0, 3, 9, 11, 17, 18]]
[[4, 8, 13, 40, 34, 41], [0, 3, 6, 9, 11, 19]]
[[4, 10, 4, 30, 14, 64], [6, 9, 10, 11, 14, 18, 19]]
[[4, 10, 4, 30, 14, 64], [0, 2, 3, 4, 5, 6, 9, 10, 12, 13, 14, 15]]
[[4, 10, 4, 30, 14, 64], [0, 1, 2, 5, 6, 7, 8, 10, 13]]
[[4, 10, 4, 30, 14, 64], [1, 2, 3, 5, 6, 7, 8, 10, 11, 12, 15, 18, 19]]
[[4, 10, 4, 30, 14, 64], [0, 1, 2, 4, 7, 8, 9, 12, 13, 14, 17, 18, 19]]
[[4, 10, 4, 30, 14, 64], [1, 2, 3, 4, 7, 8, 9, 11, 14, 15, 17]]
[[4, 10, 4, 30, 14, 64], [0, 3, 4, 6, 7, 8, 13]]
[[4, 10, 4, 30, 14, 64], [2, 5, 6, 7, 8, 11, 12, 15, 18, 19]]
[[4, 10, 4, 30, 19, 64], [0, 2, 3, 4, 5, 6, 9, 10, 11, 14]]
[[4, 10, 4, 30, 19, 64], [1, 2, 3, 5, 6, 9, 10, 12, 13, 14, 15, 18, 19]]
[[4, 10, 4, 30, 19, 64], [0, 2, 3, 4, 5, 6, 7, 8, 10, 11, 14]]
[[4, 10, 4, 30, 19, 64], [1, 2, 3, 5, 6, 7, 8, 10, 12, 13, 14, 15, 18, 19]]
[[4, 10, 4, 30, 19, 64], [0, 2, 3, 4, 5, 7, 8, 9, 12, 13, 17]]
[[4, 10, 4, 30, 19, 64], [2, 4, 7, 8, 9, 11, 12, 14, 15, 17, 18, 19]]
[[4, 10, 4, 30, 19, 64], [1, 2, 3, 6, 7, 8, 11]]
[[4, 10, 4, 30, 19, 64], [0, 1, 2, 5, 6, 7, 8, 13, 14, 15, 18, 19]]
[[4, 10, 4, 30, 29, 64], [1, 3, 4, 5, 6, 7, 8, 9, 10, 11, 12, 14, 18, 19]]
[[4, 10, 4, 30, 29, 64], [0, 1, 6, 9, 10, 13, 14, 15, 17, 19]]
[[4, 10, 4, 30, 29, 64], [2, 4, 6, 7, 8, 10, 11]]
[[4, 10, 4, 30, 29, 64], [0, 3, 4, 5, 6, 10, 12, 13, 15, 17, 19]]
[[4, 10, 4, 30, 29, 64], [0, 2, 3, 4, 9, 11, 12, 15, 17]]
[[4, 10, 4, 30, 29, 64], [0, 2, 3, 4, 7, 8, 9, 12, 13, 15, 18]]
[[4, 10, 4, 30, 29, 64], [0, 3, 5, 6, 7, 8, 11, 12]]
[[4, 10, 4, 30, 29, 64], [0, 1, 2, 6, 13, 14, 17, 19]]
[[4, 14, 10, 30, 29, 62], [1, 3, 4, 6, 9, 10, 12, 13, 14]]
[[4, 14, 10, 30, 29, 62], [0, 3, 5, 6, 9, 10, 11, 14, 15]]
[[4, 14, 10, 30, 29, 62], [1, 3, 4, 6, 7, 8, 10, 12, 13, 14]]
[[4, 14, 10, 30, 29, 62], [0, 3, 5, 6, 7, 8, 10, 11, 14, 15]]
[[4, 14, 10, 30, 29, 62], [1, 2, 3, 7, 8, 9, 11, 17, 18, 19]]
[[4, 14, 10, 30, 29, 62], [0, 2, 3, 4, 5, 7, 8, 9, 12, 13, 15, 17, 18, 19]]
[[4, 14, 10, 30, 29, 62], [0, 1, 2, 5, 6, 7, 8, 13, 14]]
[[4, 14, 10, 30, 29, 62], [2, 4, 6, 7, 8, 11, 12, 14, 15]]
[[4, 14, 10, 30, 19, 74], [0, 1, 3, 7, 8, 9, 10, 11, 12, 17, 18, 19]]
[[4, 14, 10, 30, 19, 74], [2, 3, 5, 7, 8, 9, 10, 11, 14, 17, 18, 19]]
[[4, 14, 10, 30, 19, 74], [0, 1, 3, 7, 8, 9, 10, 13, 18, 19]]
[[4, 14, 10, 30, 19, 74], [2, 3, 7, 8, 9, 10, 13, 15]]
[[4, 14, 10, 30, 19, 74], [0, 1, 2, 3, 5, 6, 9, 11, 14, 15]]
[[4, 14, 10, 30, 19, 74], [0, 2, 6, 9, 11, 12, 14, 15]]
[[4, 14, 10, 30, 19, 74], [0, 1, 3, 4, 5, 6, 7, 8, 11, 14]]
[[4, 14, 10, 30, 19, 74], [0, 4, 5, 6, 7, 8, 11, 12, 14, 15]]
[[4, 14, 10, 30, 19, 74], [0, 3, 4, 7, 8, 9, 13]]
[[4, 14, 10, 30, 19, 74], [0, 2, 3, 4, 5, 7, 8, 9, 12, 13, 18, 19]]
[[4, 14, 10, 30, 19, 74], [0, 1, 2, 4, 6, 9, 12, 13, 14, 17, 18, 19]]
[[4, 14, 10, 30, 19, 74], [0, 1, 2, 5, 6, 9, 13, 14, 15, 17]]
[[4, 8, 7, 40, 24, 71], [0, 2, 3, 4, 5, 6, 7, 8, 10, 12, 13, 17]]
[[4, 8, 7, 40, 24, 71], [0, 1, 2, 5, 6, 10, 13, 14, 17, 18, 19]]
[[4, 8, 7, 40, 24, 71], [0, 1, 2, 3, 4, 6, 13, 17, 18, 19]]
[[4, 8, 7, 40, 24, 71], [0, 2, 6, 7, 8, 12, 13, 14, 17]]
[[4, 8, 7, 40, 24, 71], [0, 1, 3, 5, 9, 11, 15, 17, 19]]
[[4, 8, 7, 40, 24, 71], [0, 1, 2, 3, 4, 7, 8, 9, 11, 15, 17, 19]]
[[4, 8, 7, 40, 24, 83], [2, 4, 5, 6, 7, 8, 10, 11, 12, 19]]
[[4, 8, 7, 40, 24, 83], [1, 2, 3, 5, 6, 10, 11, 14, 15, 19]]
[[4, 8, 7, 40, 24, 83], [1, 2, 4, 6, 11, 12, 14, 19]]
[[4, 8, 7, 40, 24, 83], [3, 4, 5, 6, 7, 8, 11, 15, 19]]
[[4, 8, 7, 40, 24, 83], [0, 2, 5, 7, 8, 9, 12, 13, 17, 18]]
[[4, 8, 7, 40, 24, 83], [0, 1, 2, 3, 4, 5, 9, 13, 14, 15, 17, 18]]
[[4, 8, 7, 40, 29, 77], [2, 4, 6, 7, 8, 9, 10, 11]]
[[4, 8, 7, 40, 29, 77], [0, 3, 4, 5, 6, 9, 10, 12, 13, 15, 17, 19]]
[[4, 8, 7, 40, 29, 77], [1, 3, 4, 5, 6, 7, 8, 10, 11, 12, 14, 18, 19]]
[[4, 8, 7, 40, 29, 77], [0, 1, 6, 10, 13, 14, 15, 17, 19]]
[[4, 8, 7, 40, 29, 77], [0, 3, 9, 11, 12, 15, 17, 18, 19]]
[[4, 8, 7, 40, 29, 77], [0, 1, 2, 5, 7, 8, 9, 13, 14, 15, 18]]
[[4, 8, 7, 40, 29, 77], [0, 2, 3, 4, 5, 6, 7, 8, 11, 12, 18, 19]]
[[4, 8, 7, 40, 29, 77], [0, 2, 3, 4, 5, 6, 12, 13, 17, 19]]
[[4, 12, 16, 16, 34, 72], [0, 1, 4, 6, 9, 10, 11, 12, 14, 15]]
[[4, 12, 16, 16, 34, 72], [2, 5, 6, 7, 8, 9, 10, 13, 14, 17, 19]]
[[4, 12, 16, 16, 34, 72], [0, 1, 4, 6, 10, 11, 12, 14, 18, 19]]
[[4, 12, 16, 16, 34, 72], [2, 6, 7, 8, 10, 13, 14, 15, 17, 19]]
[[4, 12, 16, 16, 34, 72], [0, 1, 2, 4, 5, 7, 8, 9, 11, 17, 18, 19]]
[[4, 12, 16, 16, 34, 72], [0, 2, 3, 9, 13, 18]]
[[4, 12, 16, 16, 34, 72], [0, 1, 5, 6, 11, 18, 19]]
[[4, 12, 16, 16, 34, 72], [0, 1, 6, 7, 8, 12, 13, 14, 17, 19]]
[[4, 12, 16, 16, 44, 66], [3, 4, 5, 9, 10, 13, 14, 17]]
[[4, 12, 16, 16, 44, 66], [0, 1, 2, 3, 5, 9, 10, 11, 12, 14, 17, 18]]
[[4, 12, 16, 16, 44, 66], [1, 2, 3, 4, 7, 8, 9, 10, 12, 13, 14, 17, 19]]
[[4, 12, 16, 16, 44, 66], [1, 2, 3, 4, 5, 7, 8, 9, 10, 12, 13, 14, 17, 18]]
[[4, 12, 16, 16, 44, 66], [0, 2, 3, 7, 8, 9, 10, 11, 14, 15, 17, 18]]
[[4, 12, 16, 16, 44, 66], [0, 2, 3, 5, 7, 8, 9, 10, 11, 14, 15, 17, 19]]
[[4, 12, 16, 16, 44, 66], [0, 4, 6, 7, 8, 9, 12, 13, 14, 15, 18, 19]]
[[4, 12, 16, 16, 44, 66], [0, 1, 3, 6, 7, 8, 13, 15]]
[[4, 12, 16, 16, 44, 66], [0, 1, 2, 3, 4, 5, 6, 9, 13, 18]]
[[4, 12, 16, 16, 44, 66], [0, 2, 5, 6, 9, 12, 13, 14, 19]]
[[4, 12, 16, 16, 44, 66], [2, 3, 6, 9, 11, 12, 15, 18]]
[[4, 12, 16, 16, 44, 66], [1, 2, 4, 6, 9, 11, 14, 15, 19]]
[[4, 12, 16, 16, 44, 66], [1, 3, 4, 7, 8, 9, 11, 15, 17, 18]]
[[4, 12, 16, 16, 44, 66], [6, 7, 8, 9, 11, 12, 14, 19]]
[[4, 12, 16, 16, 24, 90], [2, 3, 4, 5, 7, 8, 9, 10, 13, 14, 17, 18, 19]]
[[4, 12, 16, 16, 24, 90], [0, 1, 3, 7, 8, 9, 10, 11, 12, 14, 17, 18]]
[[4, 12, 16, 16, 24, 90], [0, 1, 3, 4, 6, 9, 13, 15]]
[[4, 12, 16, 16, 24, 90], [0, 5, 6, 7, 8, 12, 13, 14, 15]]
[[4, 12, 16, 16, 24, 90], [1, 3, 5, 7, 8, 9, 11, 15, 17, 19]]
[[4, 12, 16, 16, 24, 90], [4, 6, 9, 11, 12, 14, 19]]
[[4, 14, 13, 18, 24, 95], [2, 4, 5, 6, 9, 10, 13, 18, 19]]
[[4, 14, 13, 18, 24, 95], [0, 1, 4, 6, 9, 10, 11, 12, 15]]
[[4, 14, 13, 18, 24, 95], [2, 4, 5, 6, 7, 8, 10, 13, 18, 19]]
[[4, 14, 13, 18, 24, 95], [0, 1, 4, 6, 7, 8, 10, 11, 12, 15]]
[[4, 14, 13, 18, 24, 95], [2, 4, 5, 7, 8, 9, 11, 12, 14, 17, 18, 19]]
[[4, 14, 13, 18, 24, 95], [0, 3, 5, 7, 8, 9, 12, 13, 15, 17]]
[[4, 14, 13, 18, 24, 95], [0, 1, 4, 5, 6, 7, 8, 13, 14, 18, 19]]
[[4, 14, 13, 18, 24, 95], [1, 2, 3, 5, 6, 7, 8, 11, 15]]
[[4, 14, 13, 18, 39, 65], [0, 1, 4, 5, 6, 9, 10, 11, 12]]
[[4, 14, 13, 18, 39, 65], [2, 4, 5, 6, 9, 10, 13, 15]]
[[4, 14, 13, 18, 39, 65], [0, 1, 4, 5, 6, 7, 8, 10, 11, 12]]
[[4, 14, 13, 18, 39, 65], [2, 4, 5, 6, 7, 8, 10, 13, 15]]
[[4, 14, 13, 18, 39, 65], [0, 2, 3, 4, 7, 8, 9, 12, 13, 17, 18, 19]]
[[4, 14, 13, 18, 39, 65], [1, 3, 4, 7, 8, 9, 11, 15, 17, 18, 19]]
[[4, 14, 13, 18, 39, 65], [6, 7, 8, 11, 12, 14]]
[[4, 14, 13, 18, 39, 65], [0, 1, 2, 6, 7, 8, 13, 14, 15]]
[[4, 12, 4, 28, 19, 72], [1, 2, 3, 4, 6, 9, 10, 11]]
[[4, 12, 4, 28, 19, 72], [0, 1, 4, 5, 6, 9, 10, 12, 13, 15, 17, 19]]
[[4, 12, 4, 28, 19, 72], [2, 5, 6, 7, 8, 10, 11, 12, 14]]
[[4, 12, 4, 28, 19, 72], [0, 2, 3, 4, 6, 7, 8, 10, 13, 14, 15, 17, 18]]
[[4, 12, 4, 28, 19, 72], [0, 3, 4, 5, 7, 8, 9, 11, 14, 15, 17, 18, 19]]
[[4, 12, 4, 28, 19, 72], [0, 2, 3, 5, 7, 8, 9, 13, 14, 15, 18]]
[[4, 12, 4, 28, 19, 72], [0, 3, 4, 6, 7, 8, 11, 14]]
[[4, 12, 4, 28, 19, 72], [0, 1, 5, 6, 7, 8, 12, 13, 17, 18]]
[[4, 12, 4, 28, 49, 72], [0, 2, 4, 7, 8, 9, 10, 11, 12, 15, 17, 18, 19]]
[[4, 12, 4, 28, 49, 72], [1, 2, 5, 7, 8, 9, 10, 13]]
[[4, 12, 4, 28, 49, 72], [0, 1, 2, 3, 4, 5, 6, 9, 11, 12]]
[[4, 12, 4, 28, 49, 72], [0, 1, 2, 3, 4, 5, 6, 11, 12, 15, 18, 19]]
[[4, 12, 4, 28, 49, 72], [0, 3, 5, 9, 12, 13, 14, 15, 18, 19]]
[[4, 12, 4, 28, 49, 72], [0, 1, 4, 5, 6, 9, 13, 15, 17, 18, 19]]
[[4, 14, 10, 26, 19, 92], [0, 1, 5, 6, 7, 8, 10, 11, 14, 18]]
[[4, 14, 10, 26, 19, 92], [0, 1, 2, 4, 5, 6, 7, 8, 10, 11, 14, 19]]
[[4, 14, 10, 26, 19, 92], [1, 2, 4, 6, 7, 8, 11, 12, 15, 18]]
[[4, 14, 10, 26, 19, 92], [3, 4, 5, 6, 7, 8, 11, 14, 15, 19]]
[[4, 14, 10, 26, 19, 92], [0, 2, 5, 7, 8, 9, 13, 15, 17, 18]]
[[4, 14, 10, 26, 19, 92], [0, 1, 3, 7, 8, 9, 12, 13, 14, 15, 17, 19]]
[[4, 14, 10, 26, 34, 68], [2, 4, 6, 9, 10, 12, 13, 14, 18, 19]]
[[4, 14, 10, 26, 34, 68], [0, 1, 2, 5, 6, 9, 10, 11, 14, 15, 18, 19]]
[[4, 14, 10, 26, 34, 68], [5, 6, 7, 8, 10, 12, 13, 14, 18, 19]]
[[4, 14, 10, 26, 34, 68], [0, 1, 4, 6, 7, 8, 10, 11, 14, 15, 18, 19]]
[[4, 14, 10, 26, 34, 68], [2, 4, 5, 7, 8, 9, 11, 17]]
[[4, 14, 10, 26, 34, 68], [0, 1, 2, 7, 8, 9, 12, 13, 15, 17]]
[[4, 14, 10, 26, 34, 68], [0, 3, 5, 6, 7, 8, 13, 14, 18, 19]]
[[4, 14, 10, 26, 34, 68], [1, 3, 4, 6, 7, 8, 11, 12, 14, 15, 18, 19]]
[[4, 14, 10, 26, 24, 74], [1, 2, 3, 5, 6, 9, 10, 12, 13, 14]]
[[4, 14, 10, 26, 24, 74], [0, 2, 3, 4, 6, 9, 10, 11, 14, 15]]
[[4, 14, 10, 26, 24, 74], [1, 2, 3, 5, 6, 7, 8, 10, 12, 13, 14]]
[[4, 14, 10, 26, 24, 74], [0, 2, 3, 4, 6, 7, 8, 10, 11, 14, 15]]
[[4, 14, 10, 26, 24, 74], [1, 3, 4, 5, 7, 8, 9, 11, 17, 18, 19]]
[[4, 14, 10, 26, 24, 74], [0, 3, 7, 8, 9, 12, 13, 15, 17, 18, 19]]
[[4, 14, 10, 26, 24, 74], [0, 1, 4, 6, 7, 8, 13, 14]]
[[4, 14, 10, 26, 24, 74], [5, 6, 7, 8, 11, 12, 14, 15]]
[[4, 14, 10, 26, 34, 62], [1, 2, 7, 8, 9, 10, 11, 12, 14, 17, 18, 19]]
[[4, 14, 10, 26, 34, 62], [0, 2, 5, 7, 8, 9, 10, 12, 13, 15, 17, 19]]
[[4, 14, 10, 26, 34, 62], [1, 5, 6, 9, 11, 15]]
[[4, 14, 10, 26, 34, 62], [3, 4, 5, 6, 7, 8, 11, 12, 14]]
[[4, 14, 10, 26, 34, 62], [0, 3, 5, 7, 8, 9, 13, 15, 17, 18]]
[[4, 14, 10, 26, 34, 62], [0, 1, 2, 6, 9, 12, 13, 14, 15, 18]]
[[4, 14, 10, 26, 39, 68], [0, 2, 4, 7, 8, 9, 10, 12, 13, 14, 15, 19]]
[[4, 14, 10, 26, 39, 68], [1, 2, 5, 7, 8, 9, 10, 11, 12, 15, 17, 18]]
[[4, 14, 10, 26, 39, 68], [0, 1, 2, 3, 4, 5, 6, 9, 13, 15, 17, 18]]
[[4, 14, 10, 26, 39, 68], [0, 2, 5, 6, 7, 8, 12, 13, 14, 15, 17, 19]]
[[4, 14, 10, 26, 39, 68], [0, 1, 2, 7, 8, 9, 11, 14, 17, 19]]
[[4, 14, 10, 26, 39, 68], [0, 1, 4, 5, 6, 9, 11, 14, 15, 19]]
[[4, 12, 7, 24, 54, 81], [0, 1, 2, 6, 7, 8, 10, 11, 18]]
[[4, 12, 7, 24, 54, 81], [0, 1, 4, 5, 6, 7, 8, 10, 11, 15, 19]]
[[4, 12, 7, 24, 54, 81], [0, 1, 5, 6, 7, 8, 9, 10, 11, 14, 18, 19]]
[[4, 12, 7, 24, 54, 81], [4, 5, 6, 9, 10, 12, 13, 14, 15]]
[[4, 12, 7, 24, 54, 81], [0, 1, 2, 4, 5, 6, 7, 8, 10, 11, 14]]
[[4, 12, 7, 24, 54, 81], [2, 5, 6, 10, 12, 13, 14, 15, 18, 19]]
[[4, 12, 7, 24, 54, 81], [0, 1, 2, 3, 4, 5, 6, 7, 8, 11, 12, 19]]
[[4, 12, 7, 24, 54, 81], [0, 1, 2, 3, 4, 5, 6, 7, 8, 11, 12, 15, 18]]
[[4, 12, 7, 24, 54, 81], [0, 3, 4, 7, 8, 9, 13, 14, 17, 18, 19]]
[[4, 12, 7, 24, 54, 81], [1, 3, 9, 11, 12, 14, 15, 17]]
[[4, 12, 7, 24, 54, 81], [2, 6, 7, 8, 11]]
[[4, 12, 7, 24, 54, 81], [0, 1, 2, 4, 6, 12, 13, 15, 18, 19]]
[[4, 12, 7, 24, 54, 81], [0, 4, 7, 8, 9, 12, 13]]
[[4, 12, 7, 24, 54, 81], [0, 1, 3, 7, 8, 9, 13, 14, 15]]
[[4, 12, 7, 24, 24, 81], [0, 1, 6, 9, 10, 13]]
[[4, 12, 7, 24, 24, 81], [1, 3, 6, 7, 8, 9, 10, 11, 12, 15, 18, 19]]
[[4, 12, 7, 24, 24, 81], [1, 5, 7, 8, 9, 10, 11, 12, 15, 17]]
[[4, 12, 7, 24, 24, 81], [2, 6, 7, 8, 10, 11, 14]]
[[4, 12, 7, 24, 24, 81], [0, 3, 4, 5, 6, 10, 12, 13, 14, 15, 18, 19]]
[[4, 12, 7, 24, 24, 81], [0, 4, 5, 7, 8, 9, 10, 12, 13, 14, 15]]
[[4, 12, 7, 24, 24, 81], [0, 1, 2, 3, 4, 5, 6, 9, 11, 18, 19]]
[[4, 12, 7, 24, 24, 81], [1, 2, 3, 5, 9, 11, 14, 17]]
[[4, 12, 7, 24, 24, 81], [0, 3, 5, 7, 8, 9, 13, 15, 17, 18, 19]]
[[4, 12, 7, 24, 24, 81], [0, 1, 3, 6, 7, 8, 11, 18, 19]]
[[4, 12, 7, 24, 24, 81], [0, 1, 4, 5, 7, 8, 9, 13, 14, 15]]
[[4, 12, 7, 24, 24, 81], [2, 4, 5, 6, 7, 8, 11, 12]]
[[4, 12, 7, 24, 24, 81], [0, 1, 2, 6, 12, 13, 14, 15, 18, 19]]
[[4, 12, 7, 24, 24, 81], [0, 3, 5, 6, 9, 12, 13, 17, 18, 19]]
[[4, 12, 7, 24, 29, 81], [1, 2, 3, 4, 6, 9, 10, 13]]
[[4, 12, 7, 24, 29, 81], [0, 3, 4, 5, 6, 7, 8, 9, 10, 11, 12, 15, 18, 19]]
[[4, 12, 7, 24, 29, 81], [1, 3, 6, 10, 13, 18, 19]]
[[4, 12, 7, 24, 29, 81], [0, 2, 3, 5, 6, 7, 8, 10, 11, 12, 15]]
[[4, 12, 7, 24, 29, 81], [1, 2, 3, 4, 9, 11, 12, 14, 17]]
[[4, 12, 7, 24, 29, 81], [0, 3, 4, 5, 7, 8, 9, 13, 14, 15, 17, 18, 19]]
[[4, 12, 7, 24, 29, 81], [0, 1, 2, 4, 5, 6, 12, 13, 18, 19]]
[[4, 12, 7, 24, 29, 81], [4, 6, 7, 8, 11, 15]]
[[4, 12, 7, 24, 34, 93], [2, 4, 6, 7, 8, 9, 10, 11, 12, 14, 18, 19]]
[[4, 12, 7, 24, 34, 93], [0, 2, 3, 5, 6, 9, 10, 13, 14, 15, 17, 19]]
[[4, 12, 7, 24, 34, 93], [1, 2, 3, 6, 7, 8, 10, 11]]
[[4, 12, 7, 24, 34, 93], [0, 1, 5, 6, 10, 12, 13, 15, 17, 19]]
[[4, 12, 7, 24, 34, 93], [0, 2, 3, 4, 5, 9, 11, 14, 15, 17]]
[[4, 12, 7, 24, 34, 93], [0, 2, 3, 4, 5, 7, 8, 9, 13, 14, 15, 18]]
[[4, 12, 7, 24, 34, 93], [0, 2, 3, 4, 5, 6, 7, 8, 11, 14]]
[[4, 12, 7, 24, 34, 93], [0, 1, 4, 6, 12, 13, 17, 19]]
[[4, 12, 7, 24, 44, 69], [0, 1, 2, 5, 6, 7, 8, 9, 10, 11, 12, 14, 18, 19]]
[[4, 12, 7, 24, 44, 69], [4, 5, 6, 9, 10, 13, 14, 15, 17, 19]]
[[4, 12, 7, 24, 44, 69], [0, 1, 2, 5, 6, 7, 8, 10, 11, 12, 14, 15]]
[[4, 12, 7, 24, 44, 69], [4, 6, 10, 13, 14, 17, 19]]
[[4, 12, 7, 24, 44, 69], [0, 2, 3, 9, 11, 12, 14, 15, 17]]
[[4, 12, 7, 24, 44, 69], [0, 2, 3, 5, 7, 8, 9, 13, 15, 18]]
[[4, 12, 7, 24, 44, 69], [0, 3, 4, 6, 7, 8, 11, 12, 14, 15]]
[[4, 12, 7, 24, 44, 69], [0, 1, 5, 6, 12, 13, 14, 15, 17, 19]]
[[4, 12, 7, 24, 39, 87], [0, 1, 2, 3, 4, 5, 7, 8, 9, 10, 11, 12, 17, 18, 19]]
[[4, 12, 7, 24, 39, 87], [3, 4, 5, 7, 8, 9, 10, 13, 15]]
[[4, 12, 7, 24, 39, 87], [0, 1, 3, 4, 6, 9, 11, 14, 15]]
[[4, 12, 7, 24, 39, 87], [0, 1, 2, 3, 6, 7, 8, 11, 14]]
[[4, 12, 7, 24, 39, 87], [0, 2, 3, 5, 7, 8, 9, 13]]
[[4, 12, 7, 24, 39, 87], [0, 1, 5, 6, 9, 12, 13, 14, 17, 18, 19]]
[[4, 12, 7, 24, 34, 81], [0, 2, 4, 7, 8, 9, 10, 11, 14, 17, 18, 19]]
[[4, 12, 7, 24, 34, 81], [1, 2, 5, 7, 8, 9, 10, 12, 13, 14, 15]]
[[4, 12, 7, 24, 34, 81], [0, 1, 2, 3, 4, 5, 6, 9, 11, 14, 15]]
[[4, 12, 7, 24, 34, 81], [0, 1, 3, 6, 11, 14, 18, 19]]
[[4, 12, 7, 24, 34, 81], [0, 2, 3, 4, 9, 13, 18, 19]]
[[4, 12, 7, 24, 34, 81], [0, 1, 4, 5, 6, 9, 12, 13, 14, 17, 18, 19]]
[[4, 12, 7, 24, 19, 105], [0, 2, 5, 7, 8, 9, 10, 11, 14, 17]]
[[4, 12, 7, 24, 19, 105], [1, 2, 4, 5, 7, 8, 9, 10, 12, 13, 14, 15]]
[[4, 12, 7, 24, 19, 105], [0, 1, 3, 4, 5, 6, 9, 11, 14, 15, 18, 19]]
[[4, 12, 7, 24, 19, 105], [0, 1, 2, 3, 5, 6, 7, 8, 11, 14, 18, 19]]
[[4, 12, 7, 24, 19, 105], [0, 1, 5, 7, 8, 9, 12, 13, 14]]
[[4, 12, 7, 24, 19, 105], [0, 2, 3, 5, 6, 9, 13, 17, 18, 19]]
[[4, 12, 10, 16, 44, 72], [0, 1, 2, 4, 5, 6, 9, 10, 11, 14]]
[[4, 12, 10, 16, 44, 72], [2, 5, 6, 7, 8, 9, 10, 12, 13, 14, 15, 18, 19]]
[[4, 12, 10, 16, 44, 72], [0, 1, 5, 6, 10, 11, 14, 18, 19]]
[[4, 12, 10, 16, 44, 72], [4, 5, 6, 7, 8, 10, 12, 13, 14, 15]]
[[4, 12, 10, 16, 44, 72], [0, 2, 3, 9, 13, 14, 17]]
[[4, 12, 10, 16, 44, 72], [1, 2, 3, 4, 7, 8, 9, 11, 12, 14, 15, 17, 18, 19]]
[[4, 12, 10, 16, 44, 72], [4, 6, 11, 18, 19]]
[[4, 12, 10, 16, 44, 72], [0, 1, 6, 7, 8, 12, 13, 15]]
[[4, 12, 10, 16, 39, 72], [1, 2, 4, 5, 7, 8, 9, 10, 11, 12, 15, 17, 18, 19]]
[[4, 12, 10, 16, 39, 72], [0, 2, 5, 7, 8, 9, 10, 12, 13, 14, 15, 18, 19]]
[[4, 12, 10, 16, 39, 72], [0, 4, 6, 9, 11, 12, 14]]
[[4, 12, 10, 16, 39, 72], [0, 2, 5, 6, 7, 8, 11, 12, 14]]
[[4, 12, 10, 16, 39, 72], [0, 2, 3, 4, 7, 8, 9, 12, 13, 15, 18, 19]]
[[4, 12, 10, 16, 39, 72], [0, 1, 2, 6, 9, 13, 14, 17]]
[[4, 12, 10, 16, 24, 102], [0, 1, 3, 4, 5, 7, 8, 9, 10, 13, 15, 18]]
[[4, 12, 10, 16, 24, 102], [2, 3, 4, 7, 8, 9, 10, 11, 14, 15, 17, 18]]
[[4, 12, 10, 16, 24, 102], [0, 1, 3, 5, 6, 9, 13, 15, 17, 19]]
[[4, 12, 10, 16, 24, 102], [0, 4, 5, 6, 7, 8, 12, 13, 14, 15, 17, 18]]
[[4, 12, 10, 16, 24, 102], [0, 2, 3, 4, 5, 7, 8, 9, 11, 12, 17, 19]]
[[4, 12, 10, 16, 24, 102], [0, 3, 6, 9, 11, 12, 15, 19]]
[[4, 12, 10, 16, 29, 90], [1, 3, 7, 8, 9, 10, 12, 13, 14, 17, 18]]
[[4, 12, 10, 16, 29, 90], [1, 3, 5, 7, 8, 9, 10, 12, 13, 14, 17, 19]]
[[4, 12, 10, 16, 29, 90], [0, 3, 4, 7, 8, 9, 10, 11, 14, 15, 17, 19]]
[[4, 12, 10, 16, 29, 90], [0, 3, 4, 5, 7, 8, 9, 10, 11, 14, 15, 17, 18]]
[[4, 12, 10, 16, 29, 90], [0, 1, 3, 6, 9, 13, 18]]
[[4, 12, 10, 16, 29, 90], [0, 4, 6, 9, 12, 13, 14, 19]]
[[4, 12, 10, 16, 29, 90], [3, 4, 5, 6, 9, 11, 12, 15, 18]]
[[4, 12, 10, 16, 29, 90], [1, 5, 6, 9, 11, 14, 15, 19]]
[[4, 10, 4, 22, 19, 82], [0, 2, 3, 4, 5, 6, 7, 8, 10, 11, 19]]
[[4, 10, 4, 22, 19, 82], [0, 2, 3, 4, 5, 6, 7, 8, 10, 11, 15, 18]]
[[4, 10, 4, 22, 19, 82], [0, 2, 6, 7, 8, 11, 12, 18]]
[[4, 10, 4, 22, 19, 82], [0, 4, 5, 6, 7, 8, 11, 12, 15, 19]]
[[4, 10, 4, 22, 19, 82], [0, 1, 2, 3, 4, 7, 8, 9, 12, 13, 18, 19]]
[[4, 10, 4, 22, 19, 82], [0, 4, 5, 7, 8, 9, 13, 14, 15, 18, 19]]
[[4, 10, 4, 22, 44, 70], [0, 1, 2, 4, 6, 9, 10, 11, 12]]
[[4, 10, 4, 22, 44, 70], [4, 6, 7, 8, 9, 10, 13, 15]]
[[4, 10, 4, 22, 44, 70], [0, 1, 2, 4, 5, 6, 10, 11, 12, 18, 19]]
[[4, 10, 4, 22, 44, 70], [4, 5, 6, 7, 8, 10, 13, 15, 18, 19]]
[[4, 10, 4, 22, 44, 70], [0, 2, 3, 9, 12, 13, 17, 18, 19]]
[[4, 10, 4, 22, 44, 70], [4, 5, 7, 8, 9, 11, 12, 14, 15, 17, 18, 19]]
[[4, 10, 4, 22, 44, 70], [1, 3, 6, 11, 18, 19]]
[[4, 10, 4, 22, 44, 70], [0, 1, 2, 4, 5, 6, 7, 8, 13, 14, 15, 18, 19]]
[[4, 10, 4, 22, 39, 82], [0, 3, 6, 9, 10, 11, 14]]
[[4, 10, 4, 22, 39, 82], [1, 3, 4, 6, 9, 10, 12, 13, 14, 15, 18, 19]]
[[4, 10, 4, 22, 39, 82], [0, 3, 6, 7, 8, 10, 11, 14]]
[[4, 10, 4, 22, 39, 82], [1, 3, 4, 6, 7, 8, 10, 12, 13, 14, 15, 18, 19]]
[[4, 10, 4, 22, 39, 82], [0, 3, 7, 8, 9, 12, 13, 17]]
[[4, 10, 4, 22, 39, 82], [5, 7, 8, 9, 11, 12, 14, 15, 17, 18, 19]]
[[4, 10, 4, 22, 39, 82], [1, 3, 4, 5, 6, 7, 8, 11]]
[[4, 10, 4, 22, 39, 82], [0, 1, 4, 6, 7, 8, 13, 14, 15, 18, 19]]
[[4, 10, 4, 22, 34, 64], [1, 3, 6, 7, 8, 9, 10, 11, 14, 18, 19]]
[[4, 10, 4, 22, 34, 64], [0, 1, 2, 4, 5, 6, 9, 10, 12, 13, 14, 15]]
[[4, 10, 4, 22, 34, 64], [0, 3, 4, 5, 6, 10, 13, 18, 19]]
[[4, 10, 4, 22, 34, 64], [4, 5, 6, 7, 8, 10, 11, 12, 15]]
[[4, 10, 4, 22, 34, 64], [0, 2, 3, 4, 7, 8, 9, 12, 13, 14, 17, 18, 19]]
[[4, 10, 4, 22, 34, 64], [1, 2, 3, 5, 9, 11, 12, 15, 17]]
[[4, 10, 4, 22, 34, 64], [0, 1, 2, 6, 13, 18, 19]]
[[4, 10, 4, 22, 34, 64], [6, 7, 8, 11, 14, 15]]
[[4, 10, 4, 22, 24, 70], [0, 4, 7, 8, 9, 10, 11, 14, 17]]
[[4, 10, 4, 22, 24, 70], [1, 7, 8, 9, 10, 12, 13, 14, 15]]
[[4, 10, 4, 22, 24, 70], [0, 1, 2, 3, 6, 9, 11, 14, 15, 18, 19]]
[[4, 10, 4, 22, 24, 70], [0, 1, 3, 4, 6, 7, 8, 11, 14, 18, 19]]
[[4, 10, 4, 22, 24, 70], [0, 1, 2, 4, 7, 8, 9, 12, 13, 14]]
[[4, 10, 4, 22, 24, 70], [0, 3, 4, 6, 9, 13, 17, 18, 19]]
[[4, 10, 4, 22, 34, 94], [0, 4, 5, 7, 8, 9, 10, 11, 14, 15, 17]]
[[4, 10, 4, 22, 34, 94], [1, 7, 8, 9, 10, 12, 13, 14, 18, 19]]
[[4, 10, 4, 22, 34, 94], [0, 5, 6, 9, 11, 12, 18, 19]]
[[4, 10, 4, 22, 34, 94], [0, 2, 4, 5, 6, 7, 8, 11, 12, 15, 18, 19]]
[[4, 10, 4, 22, 34, 94], [0, 1, 5, 7, 8, 9, 12, 13, 14, 15, 18, 19]]
[[4, 10, 4, 22, 34, 94], [0, 2, 3, 5, 6, 9, 13, 15, 17]]
[[4, 10, 4, 26, 29, 88], [0, 1, 2, 6, 9, 10, 13, 18, 19]]
[[4, 10, 4, 26, 29, 88], [1, 2, 3, 6, 9, 10, 11, 12, 15]]
[[4, 10, 4, 26, 29, 88], [5, 6, 7, 8, 10, 11, 14]]
[[4, 10, 4, 26, 29, 88], [0, 2, 3, 4, 6, 7, 8, 10, 12, 13, 14, 15, 18, 19]]
[[4, 10, 4, 26, 29, 88], [2, 5, 7, 8, 9, 11, 12, 17, 18, 19]]
[[4, 10, 4, 26, 29, 88], [0, 3, 4, 7, 8, 9, 13, 15, 17]]
[[4, 10, 4, 26, 29, 88], [1, 2, 3, 4, 6, 7, 8, 11, 14]]
[[4, 10, 4, 26, 29, 88], [0, 1, 2, 4, 6, 7, 8, 12, 13, 14, 15, 18, 19]]
[[4, 10, 4, 26, 24, 82], [0, 2, 3, 4, 6, 9, 10, 11, 12, 14]]
[[4, 10, 4, 26, 24, 82], [1, 3, 6, 7, 8, 9, 10, 13, 14, 15, 17, 18]]
[[4, 10, 4, 26, 24, 82], [0, 3, 5, 6, 10, 11, 12, 14, 15, 18, 19]]
[[4, 10, 4, 26, 24, 82], [1, 2, 3, 4, 6, 7, 8, 10, 13, 14, 17, 18]]
[[4, 10, 4, 26, 24, 82], [0, 3, 4, 5, 7, 8, 9, 11, 15, 17, 18, 19]]
[[4, 10, 4, 26, 24, 82], [0, 3, 4, 9, 12, 13, 14, 15, 19]]
[[4, 10, 4, 26, 24, 82], [0, 3, 4, 6, 11, 15, 18, 19]]
[[4, 10, 4, 26, 24, 82], [0, 1, 5, 6, 7, 8, 13, 15, 17, 18]]
[[4, 8, 4, 20, 54, 86], [4, 5, 6, 7, 8, 10, 11, 19]]
[[4, 8, 4, 20, 54, 86], [1, 2, 3, 4, 5, 6, 10, 11, 12, 14, 19]]
[[4, 8, 4, 20, 54, 86], [0, 1, 3, 6, 11, 15, 19]]
[[4, 8, 4, 20, 54, 86], [0, 1, 2, 3, 4, 5, 6, 7, 8, 11, 15, 19]]
[[4, 8, 4, 20, 54, 86], [0, 1, 3, 9, 13, 18, 19]]
[[4, 8, 4, 20, 54, 86], [0, 4, 7, 8, 9, 12, 13, 14]]
[[4, 8, 4, 20, 14, 50], [0, 3, 4, 6, 9, 10, 11, 15, 18, 19]]
[[4, 8, 4, 20, 14, 50], [1, 3, 4, 5, 6, 9, 10, 12, 13, 17, 19]]
[[4, 8, 4, 20, 14, 50], [0, 3, 4, 5, 6, 7, 8, 10, 11, 18, 19]]
[[4, 8, 4, 20, 14, 50], [1, 3, 4, 5, 6, 7, 8, 10, 12, 13, 15, 17, 18]]
[[4, 8, 4, 20, 14, 50], [0, 3, 7, 8, 9, 11, 12, 14, 17]]
[[4, 8, 4, 20, 14, 50], [0, 1, 2, 5, 7, 8, 9, 12, 13, 14, 18]]
[[4, 8, 4, 20, 14, 50], [0, 2, 3, 4, 5, 6, 7, 8, 11, 12, 14, 18, 19]]
[[4, 8, 4, 20, 14, 50], [0, 3, 6, 7, 8, 13, 17, 18]]
[[4, 8, 4, 20, 9, 62], [2, 4, 5, 6, 9, 10, 11, 15]]
[[4, 8, 4, 20, 9, 62], [0, 3, 4, 5, 6, 7, 8, 9, 10, 12, 13, 17, 18]]
[[4, 8, 4, 20, 9, 62], [1, 3, 4, 6, 10, 11, 12, 14, 15, 18, 19]]
[[4, 8, 4, 20, 9, 62], [0, 1, 6, 7, 8, 10, 13, 14, 17, 18]]
[[4, 8, 4, 20, 9, 62], [0, 2, 3, 4, 7, 8, 9, 11, 12, 17, 18, 19]]
[[4, 8, 4, 20, 9, 62], [0, 3, 5, 9, 12, 13, 19]]
[[4, 8, 4, 20, 9, 62], [0, 3, 5, 6, 11, 12, 15, 18, 19]]
[[4, 8, 4, 20, 9, 62], [0, 1, 4, 5, 6, 7, 8, 13, 14, 15, 17, 18]]
[[4, 8, 4, 20, 69, 74], [4, 6, 9, 10, 11, 12, 14, 15, 18, 19]]
[[4, 8, 4, 20, 69, 74], [0, 3, 6, 9, 10, 13, 14, 17, 18]]
[[4, 8, 4, 20, 69, 74], [1, 3, 5, 6, 7, 8, 10, 11, 15, 18, 19]]
[[4, 8, 4, 20, 69, 74], [0, 1, 2, 5, 6, 7, 8, 10, 12, 13, 17, 19]]
[[4, 8, 4, 20, 69, 74], [0, 1, 7, 8, 9, 11, 12, 17]]
[[4, 8, 4, 20, 69, 74], [0, 1, 5, 7, 8, 9, 12, 13, 19]]
[[4, 8, 4, 20, 69, 74], [0, 1, 5, 6, 7, 8, 11, 12, 15, 18, 19]]
[[4, 8, 4, 20, 69, 74], [0, 2, 3, 5, 6, 7, 8, 13, 14, 15, 17, 19]]
[[4, 8, 4, 20, 29, 68], [0, 3, 4, 5, 6, 9, 10, 11, 12, 14, 15, 18, 19]]
[[4, 8, 4, 20, 29, 68], [1, 2, 3, 6, 9, 10, 13, 14, 17, 18]]
[[4, 8, 4, 20, 29, 68], [0, 2, 3, 5, 6, 7, 8, 10, 11, 12, 14, 18, 19]]
[[4, 8, 4, 20, 29, 68], [1, 3, 4, 5, 6, 7, 8, 10, 13, 14, 15, 17, 19]]
[[4, 8, 4, 20, 29, 68], [0, 1, 2, 5, 7, 8, 9, 11, 12, 14, 17]]
[[4, 8, 4, 20, 29, 68], [0, 1, 2, 5, 7, 8, 9, 13, 19]]
[[4, 8, 4, 20, 29, 68], [0, 1, 2, 5, 6, 7, 8, 11, 12, 14, 18, 19]]
[[4, 8, 4, 20, 29, 68], [0, 2, 3, 4, 5, 6, 7, 8, 12, 13, 14, 17, 19]]
[[4, 10, 7, 34, 34, 85], [0, 2, 3, 6, 10, 11, 12, 14, 19]]
[[4, 10, 7, 34, 34, 85], [0, 3, 4, 6, 7, 8, 10, 11, 12, 14, 15, 19]]
[[4, 10, 7, 34, 34, 85], [0, 1, 3, 4, 6, 7, 8, 11, 12, 19]]
[[4, 10, 7, 34, 34, 85], [0, 1, 3, 4, 5, 6, 11, 12, 15, 19]]
[[4, 10, 7, 34, 34, 85], [0, 7, 8, 9, 12, 13]]
[[4, 10, 7, 34, 34, 85], [0, 1, 3, 4, 5, 9, 13, 14, 15, 18, 19]]
[[4, 10, 7, 34, 19, 67], [0, 3, 4, 6, 9, 10, 11, 14]]
[[4, 10, 7, 34, 19, 67], [1, 3, 6, 7, 8, 9, 10, 12, 13, 14, 15, 18, 19]]
[[4, 10, 7, 34, 19, 67], [0, 3, 4, 5, 6, 10, 11, 14, 18, 19]]
[[4, 10, 7, 34, 19, 67], [1, 3, 5, 6, 7, 8, 10, 12, 13, 14, 15]]
[[4, 10, 7, 34, 19, 67], [0, 2, 3, 5, 9, 12, 13, 17]]
[[4, 10, 7, 34, 19, 67], [1, 2, 3, 4, 5, 7, 8, 9, 11, 15, 17, 18, 19]]
[[4, 10, 7, 34, 19, 67], [2, 6, 11, 12, 14, 18, 19]]
[[4, 10, 7, 34, 19, 67], [0, 1, 2, 4, 6, 7, 8, 13, 14, 15]]
[[4, 10, 7, 34, 14, 61], [0, 2, 3, 4, 6, 9, 10, 11, 14, 18, 19]]
[[4, 10, 7, 34, 14, 61], [1, 2, 3, 6, 9, 10, 12, 13, 14, 15]]
[[4, 10, 7, 34, 14, 61], [0, 2, 3, 4, 6, 7, 8, 10, 11, 14, 18, 19]]
[[4, 10, 7, 34, 14, 61], [1, 2, 3, 6, 7, 8, 10, 12, 13, 14, 15]]
[[4, 10, 7, 34, 14, 61], [0, 1, 2, 5, 7, 8, 9, 13, 14, 17, 18, 19]]
[[4, 10, 7, 34, 14, 61], [1, 2, 3, 7, 8, 9, 11, 15, 17]]
[[4, 10, 7, 34, 14, 61], [2, 4, 6, 7, 8, 11, 12, 14, 18, 19]]
[[4, 10, 7, 34, 14, 61], [0, 2, 3, 4, 5, 6, 7, 8, 12, 13, 15]]
[[4, 10, 7, 34, 34, 79], [0, 2, 7, 8, 9, 10, 13, 14, 17, 18, 19]]
[[4, 10, 7, 34, 34, 79], [1, 2, 5, 7, 8, 9, 10, 11, 15, 17, 19]]
[[4, 10, 7, 34, 34, 79], [0, 5, 6, 9, 12, 13, 15]]
[[4, 10, 7, 34, 34, 79], [0, 1, 3, 4, 6, 13, 14, 18, 19]]
[[4, 10, 7, 34, 34, 79], [1, 3, 9, 11, 12, 15, 17, 19]]
[[4, 10, 7, 34, 34, 79], [2, 6, 9, 11, 14, 15, 18]]
[[4, 14, 10, 14, 49, 80], [0, 2, 4, 7, 8, 9, 10, 12, 13, 15, 17, 18, 19]]
[[4, 14, 10, 14, 49, 80], [1, 2, 4, 7, 8, 9, 10, 11, 12, 14, 17, 18]]
[[4, 14, 10, 14, 49, 80], [0, 1, 2, 3, 4, 5, 6, 9, 12, 13]]
[[4, 14, 10, 14, 49, 80], [0, 4, 6, 7, 8, 13, 14, 15]]
[[4, 14, 10, 14, 49, 80], [1, 3, 4, 7, 8, 9, 11, 14, 17, 19]]
[[4, 14, 10, 14, 49, 80], [6, 9, 11, 12, 19]]
