[[3, 11, 18, 23, 33, 80], [2, 4, 5, 6, 8, 9, 10, 13, 19]]
[[3, 11, 18, 23, 33, 80], [0, 1, 4, 6, 7, 9, 10, 11, 12, 15, 18, 19]]
[[3, 11, 18, 23, 33, 80], [0, 1, 2, 3, 4, 6, 7, 9, 13, 18]]
[[3, 11, 18, 23, 33, 80], [2, 6, 8, 9, 11, 12, 14]]
[[3, 11, 18, 23, 33, 80], [0, 2, 6, 7, 8, 12, 13, 14]]
[[3, 11, 18, 23, 33, 80], [1, 2, 3, 4, 5, 7, 8, 9, 11, 15, 17, 19]]
[[3, 11, 18, 23, 8, 92], [0, 3, 4, 6, 7, 9, 10, 12, 13, 14, 15, 18]]
[[3, 11, 18, 23, 8, 92], [1, 3, 5, 6, 8, 9, 10, 11, 12, 15, 18, 19]]
[[3, 11, 18, 23, 8, 92], [0, 4, 5, 6, 8, 9, 13, 14, 15, 19]]
[[3, 11, 18, 23, 8, 92], [2, 6, 7, 9, 11, 12]]
[[3, 11, 18, 23, 8, 92], [0, 1, 2, 3, 4, 6, 7, 8, 12, 13]]
[[3, 11, 18, 23, 8, 92], [1, 2, 3, 4, 5, 7, 8, 9, 11, 14, 17, 18]]
[[3, 11, 18, 23, 33, 62], [2, 3, 4, 5, 6, 7, 8, 9, 10, 14, 18, 19]]
[[3, 11, 18, 23, 33, 62], [2, 3, 4, 5, 6, 7, 8, 9, 10, 11, 13, 14, 18, 19]]
[[3, 11, 18, 23, 33, 62], [1, 4, 5, 6, 10, 11, 12, 13, 18, 19]]
[[3, 11, 18, 23, 33, 62], [2, 3, 4, 6, 7, 8, 10, 14]]
[[3, 11, 18, 23, 33, 62], [0, 1, 2, 3, 6, 9, 10, 18]]
[[3, 11, 18, 23, 33, 62], [0, 2, 4, 5, 6, 7, 8, 9, 10, 12, 14, 18]]
[[3, 11, 18, 23, 43, 56], [0, 3, 4, 7, 8, 9, 10, 11, 13, 17, 19]]
[[3, 11, 18, 23, 43, 56], [0, 3, 7, 8, 9, 10, 11, 13, 14, 17, 19]]
[[3, 11, 18, 23, 43, 56], [0, 2, 3, 5, 7, 8, 9, 10, 11, 12, 13, 14, 17, 18]]
[[3, 11, 18, 23, 43, 56], [1, 2, 3, 4, 7, 8, 9, 10, 11, 13, 15, 17, 18]]
[[3, 11, 18, 23, 43, 56], [1, 3, 4, 5, 7, 8, 9, 10, 11, 12, 13, 15, 17, 19]]
[[3, 11, 18, 23, 43, 56], [1, 2, 3, 7, 8, 9, 10, 11, 13, 14, 15, 17, 18]]
[[3, 11, 18, 23, 43, 56], [0, 3, 4, 5, 6, 9, 10, 11, 13, 19]]
[[3, 11, 18, 23, 43, 56], [2, 5, 6, 9, 10, 11, 12, 13, 14, 18]]
[[3, 11, 18, 23, 43, 56], [0, 3, 4, 5, 6, 9, 10, 11, 12, 13, 14, 18]]
[[3, 11, 18, 23, 43, 56], [2, 4, 6, 9, 10, 11, 12, 13, 15, 18]]
[[3, 11, 18, 23, 43, 56], [0, 3, 6, 9, 10, 11, 13, 14, 15, 19]]
[[3, 11, 18, 23, 43, 56], [2, 4, 6, 9, 10, 11, 13, 14, 15, 19]]
[[3, 11, 18, 23, 43, 56], [2, 3, 5, 6, 7, 8, 11, 13, 16, 17]]
[[3, 11, 18, 23, 43, 56], [3, 6, 7, 8, 11, 12, 13, 15, 16, 17]]
[[3, 11, 18, 23, 43, 56], [1, 2, 5, 6, 7, 8, 11, 12, 13, 15, 16, 17]]
[[3, 11, 18, 23, 43, 56], [1, 2, 5, 6, 7, 8, 11, 13, 16, 18]]
[[3, 11, 18, 23, 43, 56], [1, 6, 7, 8, 11, 12, 13, 15, 16, 18]]
[[3, 11, 18, 23, 43, 56], [2, 3, 5, 6, 7, 8, 11, 12, 13, 15, 16, 18]]
[[3, 7, 21, 31, 28, 91], [2, 5, 6, 7, 9, 10, 11, 12, 18]]
[[3, 7, 21, 31, 28, 91], [0, 1, 6, 8, 9, 10, 12, 13, 14]]
[[3, 7, 21, 31, 28, 91], [2, 3, 6, 8, 9, 11, 19]]
[[3, 7, 21, 31, 28, 91], [0, 1, 2, 4, 6, 7, 9, 13, 15, 18, 19]]
[[3, 7, 21, 31, 28, 91], [1, 5, 6, 7, 8, 11, 12, 14, 15]]
[[3, 7, 21, 31, 28, 91], [0, 2, 3, 5, 7, 8, 9, 12, 13, 14, 15, 17, 19]]
[[3, 7, 21, 31, 28, 97], [0, 2, 6, 7, 9, 10, 11, 14, 15]]
[[3, 7, 21, 31, 28, 97], [1, 2, 4, 5, 6, 8, 9, 10, 12, 13, 14, 17, 18]]
[[3, 7, 21, 31, 28, 97], [0, 1, 3, 5, 6, 8, 9, 11, 14, 18, 19]]
[[3, 7, 21, 31, 28, 97], [0, 5, 6, 7, 9, 13, 14, 17, 19]]
[[3, 7, 21, 31, 28, 97], [0, 1, 2, 3, 5, 6, 9, 12, 13, 15, 17, 18, 19]]
[[3, 7, 21, 31, 28, 97], [0, 1, 2, 3, 4, 6, 9, 11, 14, 15, 19]]
[[3, 9, 24, 29, 13, 84], [1, 2, 3, 4, 5, 6, 7, 9, 10, 11, 12, 18]]
[[3, 9, 24, 29, 13, 84], [0, 2, 3, 5, 6, 8, 9, 10, 12, 13, 14]]
[[3, 9, 24, 29, 13, 84], [3, 4, 6, 8, 9, 11, 12, 14, 19]]
[[3, 9, 24, 29, 13, 84], [0, 1, 2, 4, 5, 6, 7, 9, 12, 13, 14, 15, 18, 19]]
[[3, 9, 24, 29, 13, 84], [1, 6, 7, 8, 11, 15]]
[[3, 9, 24, 29, 13, 84], [0, 3, 4, 5, 7, 8, 9, 13, 15, 17, 19]]
[[3, 11, 6, 23, 23, 56], [0, 2, 3, 6, 8, 9, 10, 11, 12, 14, 15, 19]]
[[3, 11, 6, 23, 23, 56], [1, 2, 3, 6, 7, 9, 10, 13, 14, 15, 17, 18]]
[[3, 11, 6, 23, 23, 56], [0, 2, 5, 6, 7, 9, 11, 14, 15, 18]]
[[3, 11, 6, 23, 23, 56], [0, 1, 5, 6, 8, 9, 13, 15, 17, 19]]
[[3, 11, 6, 23, 23, 56], [0, 2, 5, 6, 7, 8, 11, 14]]
[[3, 11, 6, 23, 23, 56], [0, 3, 4, 7, 8, 9, 12, 13, 14, 15, 18, 19]]
[[3, 11, 6, 23, 28, 50], [0, 1, 3, 6, 9, 10, 14]]
[[3, 11, 6, 23, 28, 50], [0, 1, 2, 3, 6, 9, 10, 11, 12, 13, 14]]
[[3, 11, 6, 23, 28, 50], [0, 1, 2, 3, 5, 6, 10, 11, 12, 13, 14, 18, 19]]
[[3, 11, 6, 23, 28, 50], [0, 4, 6, 7, 8, 10, 12, 15]]
[[3, 11, 6, 23, 28, 50], [1, 2, 5, 6, 9, 10, 11, 12, 13, 14, 17, 18, 19]]
[[3, 11, 6, 23, 28, 50], [3, 5, 6, 7, 8, 9, 10, 11, 13, 15, 17]]
[[3, 11, 6, 23, 28, 68], [0, 2, 5, 6, 9, 10, 14]]
[[3, 11, 6, 23, 28, 68], [1, 2, 5, 6, 9, 10, 11, 13, 15]]
[[3, 11, 6, 23, 28, 68], [2, 3, 4, 6, 10, 11, 12, 13, 14, 18, 19]]
[[3, 11, 6, 23, 28, 68], [0, 1, 3, 6, 7, 8, 10, 12, 15]]
[[3, 11, 6, 23, 28, 68], [0, 1, 2, 3, 6, 9, 10, 11, 13, 15, 17, 18, 19]]
[[3, 11, 6, 23, 28, 68], [0, 1, 3, 4, 6, 7, 8, 9, 10, 11, 13, 15, 17]]
[[3, 11, 6, 23, 18, 68], [0, 2, 4, 5, 6, 9, 10, 15, 18, 19]]
[[3, 11, 6, 23, 18, 68], [1, 2, 6, 9, 10, 11, 12, 13, 17, 19]]
[[3, 11, 6, 23, 18, 68], [0, 1, 3, 4, 5, 6, 7, 8, 10, 12, 14, 15, 18, 19]]
[[3, 11, 6, 23, 18, 68], [3, 6, 10, 11, 13, 14, 17, 19]]
[[3, 11, 6, 23, 18, 68], [0, 1, 3, 5, 6, 9, 10, 11, 12, 13, 14, 19]]
[[3, 11, 6, 23, 18, 68], [0, 1, 3, 5, 6, 7, 8, 9, 10, 11, 12, 13, 14, 19]]
[[3, 11, 6, 23, 18, 74], [0, 6, 9, 10, 11, 13, 14, 15, 18, 19]]
[[3, 11, 6, 23, 18, 74], [0, 4, 5, 6, 9, 10, 11, 12, 13, 15, 17, 19]]
[[3, 11, 6, 23, 18, 74], [0, 5, 6, 7, 8, 10, 11, 13, 14, 18, 19]]
[[3, 11, 6, 23, 18, 74], [0, 2, 6, 7, 8, 10, 11, 12, 13, 17, 18]]
[[3, 11, 6, 23, 18, 74], [0, 6, 9, 10, 11, 12, 13, 14, 15, 19]]
[[3, 11, 6, 23, 18, 74], [0, 2, 4, 6, 9, 10, 11, 12, 13, 14, 15, 18]]
[[3, 7, 21, 27, 43, 55], [1, 2, 3, 6, 8, 9, 10, 11, 14, 18]]
[[3, 7, 21, 27, 43, 55], [0, 2, 3, 4, 6, 7, 9, 10, 13]]
[[3, 7, 21, 27, 43, 55], [1, 4, 6, 7, 9, 11, 12, 14, 19]]
[[3, 7, 21, 27, 43, 55], [0, 2, 3, 4, 5, 6, 8, 9, 12, 13, 14, 15, 18, 19]]
[[3, 7, 21, 27, 43, 55], [2, 3, 4, 6, 7, 8, 11, 15, 18, 19]]
[[3, 7, 21, 27, 43, 55], [0, 1, 2, 5, 7, 8, 9, 13, 15, 17, 18]]
[[3, 7, 21, 27, 33, 91], [2, 6, 7, 9, 11, 13, 18, 19]]
[[3, 7, 21, 27, 33, 91], [1, 3, 6, 8, 9, 11, 12, 13, 14, 18, 19]]
[[3, 7, 21, 27, 33, 91], [0, 3, 5, 6, 7, 9, 11, 12, 13, 15]]
[[3, 7, 21, 27, 33, 91], [0, 2, 3, 4, 6, 8, 9, 11, 12, 13, 15]]
[[3, 7, 21, 27, 33, 91], [1, 2, 3, 6, 7, 9, 11, 13, 17, 19]]
[[3, 7, 21, 27, 33, 91], [2, 4, 6, 8, 9, 11, 12, 13, 14, 17, 18]]
[[3, 7, 21, 27, 28, 103], [1, 2, 3, 9, 10, 12, 17, 18]]
[[3, 7, 21, 27, 28, 103], [1, 3, 4, 9, 10, 11, 12, 13, 17, 19]]
[[3, 7, 21, 27, 28, 103], [1, 3, 4, 7, 8, 9, 10, 14, 17, 18]]
[[3, 7, 21, 27, 28, 103], [0, 3, 5, 7, 8, 9, 10, 14, 17, 18]]
[[3, 7, 21, 27, 28, 103], [1, 3, 4, 9, 10, 11, 13, 14, 17, 18]]
[[3, 7, 21, 27, 28, 103], [1, 3, 5, 9, 10, 15, 17, 18]]
[[3, 7, 21, 27, 28, 103], [1, 2, 3, 4, 5, 6, 9, 10, 19]]
[[3, 7, 21, 27, 28, 103], [1, 2, 3, 6, 9, 10, 12, 19]]
[[3, 7, 21, 27, 28, 103], [6, 7, 8, 9, 10, 11, 12, 13, 18]]
[[3, 7, 21, 27, 28, 103], [1, 2, 3, 5, 6, 7, 8, 9, 10, 14, 19]]
[[3, 7, 21, 27, 28, 103], [2, 4, 5, 6, 7, 8, 9, 10, 11, 13, 14, 19]]
[[3, 7, 21, 27, 28, 103], [0, 1, 2, 6, 7, 8, 9, 10, 12, 15, 19]]
[[3, 7, 21, 27, 28, 103], [0, 1, 2, 3, 4, 6, 15, 16, 17, 18, 19]]
[[3, 7, 21, 27, 28, 103], [0, 4, 6, 7, 8, 15, 16, 17]]
[[3, 7, 21, 27, 28, 103], [0, 1, 2, 3, 6, 14, 15, 16, 17, 18, 19]]
[[3, 7, 21, 27, 28, 103], [2, 3, 6, 11, 13, 14, 16, 19]]
[[3, 7, 21, 27, 28, 103], [1, 2, 4, 6, 11, 13, 14, 16, 19]]
[[3, 7, 21, 27, 28, 103], [0, 4, 6, 7, 8, 14, 15, 16, 18]]
[[3, 9, 15, 33, 23, 81], [1, 2, 3, 4, 5, 6, 8, 9, 10, 11, 14, 19]]
[[3, 9, 15, 33, 23, 81], [0, 2, 3, 6, 7, 9, 10, 13]]
[[3, 9, 15, 33, 23, 81], [1, 2, 4, 6, 7, 9, 11, 12, 14, 18]]
[[3, 9, 15, 33, 23, 81], [0, 1, 5, 6, 8, 9, 13, 15, 18, 19]]
[[3, 9, 15, 33, 23, 81], [3, 4, 5, 6, 11, 15, 18, 19]]
[[3, 9, 15, 33, 23, 81], [0, 3, 4, 9, 12, 13, 14, 15, 17, 19]]
[[3, 9, 15, 33, 28, 69], [0, 1, 2, 4, 5, 6, 7, 9, 10, 13, 15, 19]]
[[3, 9, 15, 33, 28, 69], [4, 6, 8, 9, 10, 11, 14, 15, 18, 19]]
[[3, 9, 15, 33, 28, 69], [0, 2, 5, 6, 8, 9, 13, 14, 15, 18]]
[[3, 9, 15, 33, 28, 69], [1, 2, 3, 4, 5, 6, 7, 9, 11, 14]]
[[3, 9, 15, 33, 28, 69], [0, 1, 3, 6, 7, 8, 12, 13, 18, 19]]
[[3, 9, 15, 33, 28, 69], [2, 7, 8, 9, 11, 12, 17, 18]]
[[3, 9, 15, 33, 38, 75], [0, 1, 3, 5, 6, 7, 9, 10, 11, 14, 15]]
[[3, 9, 15, 33, 38, 75], [2, 3, 5, 6, 8, 9, 10, 12, 13, 14, 17, 18]]
[[3, 9, 15, 33, 38, 75], [0, 1, 3, 6, 8, 9, 11, 12, 18, 19]]
[[3, 9, 15, 33, 38, 75], [0, 2, 4, 5, 6, 7, 9, 12, 13, 17, 19]]
[[3, 9, 15, 33, 38, 75], [0, 1, 2, 3, 6, 9, 13, 14, 15, 17, 18, 19]]
[[3, 9, 15, 33, 38, 75], [0, 1, 3, 6, 9, 11, 12, 15, 19]]
[[3, 9, 15, 33, 33, 87], [0, 1, 3, 5, 6, 9, 10, 14, 18, 19]]
[[3, 9, 15, 33, 33, 87], [0, 1, 2, 3, 4, 6, 9, 10, 11, 12, 13, 14, 15, 17, 19]]
[[3, 9, 15, 33, 33, 87], [0, 4, 5, 6, 7, 8, 10, 12, 15, 18, 19]]
[[3, 9, 15, 33, 33, 87], [0, 1, 2, 3, 4, 6, 10, 11, 12, 13, 14, 15, 17, 19]]
[[3, 9, 15, 33, 33, 87], [3, 4, 6, 7, 8, 9, 10, 11, 13, 18]]
[[3, 9, 15, 33, 33, 87], [1, 2, 4, 5, 6, 9, 10, 11, 12, 13, 14, 15, 18]]
[[3, 9, 15, 33, 23, 87], [0, 2, 6, 9, 10, 15]]
[[3, 9, 15, 33, 23, 87], [0, 6, 9, 10, 12, 15]]
[[3, 9, 15, 33, 23, 87], [0, 1, 3, 4, 5, 6, 10, 14, 18, 19]]
[[3, 9, 15, 33, 23, 87], [0, 1, 3, 5, 6, 10, 12, 14, 15, 18, 19]]
[[3, 9, 15, 33, 23, 87], [0, 1, 2, 3, 4, 6, 7, 8, 9, 10, 11, 13, 14, 18]]
[[3, 9, 15, 33, 23, 87], [0, 1, 3, 5, 6, 7, 8, 9, 10, 11, 13, 14, 15, 19]]
[[3, 9, 15, 33, 13, 87], [2, 3, 5, 6, 9, 10, 11, 12, 13, 14, 15, 18, 19]]
[[3, 9, 15, 33, 13, 87], [0, 1, 3, 4, 6, 9, 10, 11, 12, 13, 14, 17, 19]]
[[3, 9, 15, 33, 13, 87], [1, 2, 4, 5, 6, 7, 8, 10, 11, 13, 18, 19]]
[[3, 9, 15, 33, 13, 87], [0, 1, 3, 4, 5, 6, 7, 8, 10, 11, 12, 13, 14, 17, 18]]
[[3, 9, 15, 33, 13, 87], [1, 4, 5, 6, 9, 10, 11, 12, 13, 14, 18]]
[[3, 9, 15, 33, 13, 87], [2, 3, 4, 5, 6, 9, 10, 11, 13, 15, 19]]
[[3, 9, 15, 33, 23, 105], [0, 2, 3, 4, 5, 9, 10, 11, 12, 13, 15, 18, 19]]
[[3, 9, 15, 33, 23, 105], [0, 2, 3, 4, 7, 8, 9, 10, 11, 12, 13, 15]]
[[3, 9, 15, 33, 23, 105], [1, 2, 3, 4, 5, 9, 10, 11, 13, 14, 15, 17, 19]]
[[3, 9, 15, 33, 23, 105], [2, 5, 7, 8, 9, 10, 11, 13, 14, 15, 17, 19]]
[[3, 9, 15, 33, 23, 105], [0, 2, 3, 4, 7, 8, 9, 10, 12, 14, 15, 17, 18]]
[[3, 9, 15, 33, 23, 105], [0, 1, 2, 5, 7, 8, 9, 10, 12, 14, 15, 17, 19]]
[[3, 9, 15, 33, 23, 105], [0, 3, 6, 9, 10, 11, 12, 13, 17, 18, 19]]
[[3, 9, 15, 33, 23, 105], [0, 3, 5, 6, 7, 8, 9, 10, 11, 12, 13, 17]]
[[3, 9, 15, 33, 23, 105], [0, 3, 6, 9, 10, 15, 19]]
[[3, 9, 15, 33, 23, 105], [0, 1, 2, 6, 9, 10, 15, 18]]
[[3, 9, 15, 33, 23, 105], [2, 6, 9, 10, 11, 12, 13, 15, 18]]
[[3, 9, 15, 33, 23, 105], [1, 3, 5, 6, 7, 8, 9, 10, 11, 12, 13, 15, 18]]
[[3, 9, 15, 33, 23, 105], [0, 2, 6, 11, 12, 13, 16, 17, 18, 19]]
[[3, 9, 15, 33, 23, 105], [0, 2, 5, 6, 7, 8, 11, 12, 13, 16, 17]]
[[3, 9, 15, 33, 23, 105], [0, 1, 3, 5, 6, 7, 8, 15, 16, 19]]
[[3, 9, 15, 33, 23, 105], [0, 2, 5, 6, 7, 8, 15, 16, 18]]
[[3, 9, 15, 33, 23, 105], [1, 2, 6, 11, 12, 13, 15, 16, 19]]
[[3, 9, 15, 33, 23, 105], [3, 5, 6, 7, 8, 11, 12, 13, 15, 16, 19]]
[[3, 11, 15, 39, 23, 65], [2, 4, 5, 6, 8, 9, 10, 11, 14, 19]]
[[3, 11, 15, 39, 23, 65], [5, 6, 7, 9, 10, 11, 12, 14, 15, 18]]
[[3, 11, 15, 39, 23, 65], [0, 1, 4, 6, 7, 9, 10, 13, 18, 19]]
[[3, 11, 15, 39, 23, 65], [0, 1, 2, 4, 5, 6, 8, 9, 10, 12, 13, 17, 18]]
[[3, 11, 15, 39, 23, 65], [2, 3, 4, 6, 7, 9, 11, 12, 14, 18]]
[[3, 11, 15, 39, 23, 65], [0, 1, 3, 6, 8, 9, 11, 12, 14, 15, 19]]
[[3, 11, 15, 39, 23, 65], [0, 1, 2, 6, 8, 9, 12, 13, 14, 15]]
[[3, 11, 15, 39, 23, 65], [0, 1, 5, 6, 7, 9, 12, 13, 17, 19]]
[[3, 11, 15, 39, 23, 65], [1, 2, 5, 6, 7, 8, 11, 15]]
[[3, 11, 15, 39, 23, 65], [0, 1, 3, 6, 7, 8, 11, 12, 14, 15]]
[[3, 11, 15, 39, 23, 65], [0, 2, 3, 5, 7, 8, 9, 13, 14, 15]]
[[3, 11, 15, 39, 23, 65], [0, 3, 5, 7, 8, 9, 13, 15, 17, 19]]
[[3, 9, 12, 9, 33, 66], [6, 7, 9, 10, 12, 13, 14, 18]]
[[3, 9, 12, 9, 33, 66], [0, 1, 2, 6, 8, 9, 10, 11, 14, 15, 18, 19]]
[[3, 9, 12, 9, 33, 66], [0, 2, 5, 6, 8, 9, 13, 19]]
[[3, 9, 12, 9, 33, 66], [2, 5, 6, 7, 9, 11]]
[[3, 9, 12, 9, 33, 66], [0, 1, 3, 6, 12, 13, 14, 18, 19]]
[[3, 9, 12, 9, 33, 66], [1, 3, 5, 9, 11, 12, 14, 15, 17, 19]]
[[3, 9, 12, 9, 33, 42], [1, 3, 7, 8, 9, 10, 11, 12, 13, 18, 19]]
[[3, 9, 12, 9, 33, 42], [0, 1, 2, 4, 5, 7, 8, 9, 10, 11, 12, 13, 15, 18, 19]]
[[3, 9, 12, 9, 33, 42], [0, 3, 4, 5, 7, 8, 9, 10, 11, 13, 14, 15, 18, 19]]
[[3, 9, 12, 9, 33, 42], [0, 1, 2, 5, 7, 8, 9, 10, 11, 12, 13, 14, 15, 18, 19]]
[[3, 9, 12, 9, 33, 42], [0, 1, 5, 7, 8, 9, 10, 11, 13, 17, 18]]
[[3, 9, 12, 9, 33, 42], [0, 1, 2, 4, 7, 8, 9, 10, 11, 12, 13, 14, 17, 19]]
[[3, 9, 12, 9, 33, 42], [0, 1, 2, 4, 6, 9, 10, 11, 12, 13, 17]]
[[3, 9, 12, 9, 33, 42], [2, 6, 9, 10, 11, 13, 14, 17]]
[[3, 9, 12, 9, 33, 42], [0, 3, 4, 6, 9, 10, 11, 13, 14, 17]]
[[3, 9, 12, 9, 33, 42], [0, 1, 2, 5, 6, 9, 10, 11, 12, 13, 14, 15, 17]]
[[3, 9, 12, 9, 33, 42], [0, 1, 2, 4, 5, 6, 9, 10, 11, 13, 18]]
[[3, 9, 12, 9, 33, 42], [0, 1, 2, 4, 5, 6, 9, 10, 11, 12, 13, 14, 19]]
[[3, 9, 12, 9, 33, 42], [0, 1, 2, 3, 6, 7, 8, 11, 12, 13, 16, 17, 18, 19]]
[[3, 9, 12, 9, 33, 42], [0, 1, 2, 3, 5, 6, 7, 8, 11, 12, 13, 16, 17]]
[[3, 9, 12, 9, 33, 42], [0, 1, 3, 5, 6, 7, 8, 11, 13, 15, 16, 17, 18, 19]]
[[3, 9, 12, 9, 33, 42], [1, 2, 6, 7, 8, 11, 12, 13, 15, 16, 17, 18, 19]]
[[3, 9, 12, 9, 33, 42], [3, 5, 6, 7, 8, 11, 12, 13, 15, 16, 17, 18, 19]]
[[3, 9, 12, 9, 33, 42], [0, 1, 2, 3, 5, 6, 7, 8, 11, 13, 15, 16, 18]]
[[3, 11, 18, 19, 18, 86], [0, 1, 6, 8, 9, 10, 11, 12, 14, 19]]
[[3, 11, 18, 19, 18, 86], [2, 4, 6, 7, 9, 10, 13, 14, 17, 19]]
[[3, 11, 18, 19, 18, 86], [0, 1, 3, 5, 6, 7, 9, 11, 14, 18]]
[[3, 11, 18, 19, 18, 86], [0, 1, 6, 8, 9, 12, 13, 14, 17, 18]]
[[3, 11, 18, 19, 18, 86], [0, 1, 2, 3, 4, 6, 7, 8, 11, 14, 15]]
[[3, 11, 18, 19, 18, 86], [0, 2, 3, 7, 8, 9, 13]]
[[3, 11, 18, 19, 38, 50], [0, 1, 2, 3, 4, 5, 6, 9, 10, 11, 13, 14]]
[[3, 11, 18, 19, 38, 50], [0, 1, 3, 4, 5, 6, 9, 10, 15]]
[[3, 11, 18, 19, 38, 50], [0, 1, 3, 6, 10, 11, 13, 14, 15, 18, 19]]
[[3, 11, 18, 19, 38, 50], [0, 6, 7, 8, 10, 12, 14, 15]]
[[3, 11, 18, 19, 38, 50], [1, 4, 6, 9, 10, 11, 13, 17]]
[[3, 11, 18, 19, 38, 50], [3, 5, 6, 7, 8, 9, 10, 11, 12, 13, 14, 15, 17, 18, 19]]
[[3, 9, 24, 21, 13, 72], [2, 6, 7, 9, 10, 12, 13, 14, 19]]
[[3, 9, 24, 21, 13, 72], [0, 1, 5, 6, 8, 9, 10, 11, 14, 15, 18, 19]]
[[3, 9, 24, 21, 13, 72], [0, 2, 4, 6, 8, 9, 13, 18]]
[[3, 9, 24, 21, 13, 72], [1, 2, 3, 6, 7, 9, 11, 12, 14]]
[[3, 9, 24, 21, 13, 72], [0, 1, 3, 4, 6, 7, 8, 12, 13, 14, 18, 19]]
[[3, 9, 24, 21, 13, 72], [5, 7, 8, 9, 11, 15, 17, 18]]
[[3, 11, 12, 11, 63, 80], [2, 4, 6, 8, 9, 10, 12, 13, 14, 19]]
[[3, 11, 12, 11, 63, 80], [0, 1, 4, 6, 7, 9, 10, 11, 14, 15]]
[[3, 11, 12, 11, 63, 80], [0, 4, 5, 6, 7, 9, 13, 18]]
[[3, 11, 12, 11, 63, 80], [4, 5, 6, 8, 9, 11, 18, 19]]
[[3, 11, 12, 11, 63, 80], [0, 1, 2, 3, 4, 6, 7, 8, 12, 13, 14]]
[[3, 11, 12, 11, 63, 80], [1, 2, 3, 4, 5, 7, 8, 9, 11, 12, 14, 15, 17, 18]]
[[3, 11, 12, 43, 28, 56], [2, 6, 8, 9, 10, 11, 15, 19]]
[[3, 11, 12, 43, 28, 56], [0, 1, 4, 6, 7, 9, 10, 13, 14, 17, 19]]
[[3, 11, 12, 43, 28, 56], [0, 1, 2, 3, 5, 6, 7, 9, 11, 15, 18]]
[[3, 11, 12, 43, 28, 56], [0, 1, 2, 6, 8, 9, 13, 14, 17, 18]]
[[3, 11, 12, 43, 28, 56], [0, 1, 3, 4, 5, 6, 7, 8, 11, 15]]
[[3, 11, 12, 43, 28, 56], [0, 2, 3, 4, 7, 8, 9, 12, 13, 15]]
[[3, 11, 12, 43, 28, 50], [1, 2, 4, 5, 6, 9, 10, 11, 13, 18, 19]]
[[3, 11, 12, 43, 28, 50], [1, 2, 6, 9, 10, 11, 13, 15, 17, 19]]
[[3, 11, 12, 43, 28, 50], [2, 3, 5, 6, 7, 8, 10, 11, 12, 13, 14, 15, 18, 19]]
[[3, 11, 12, 43, 28, 50], [2, 3, 4, 5, 6, 7, 8, 10, 11, 12, 13, 14, 17, 18]]
[[3, 11, 12, 43, 28, 50], [0, 1, 3, 4, 6, 9, 10, 11, 12, 13, 14, 18]]
[[3, 11, 12, 43, 28, 50], [0, 1, 3, 4, 5, 6, 9, 10, 11, 12, 13, 14, 19]]
[[3, 7, 12, 43, 38, 64], [0, 1, 2, 6, 7, 9, 10, 13, 15, 18]]
[[3, 7, 12, 43, 38, 64], [6, 8, 9, 10, 11, 14, 15, 18, 19]]
[[3, 7, 12, 43, 38, 64], [0, 5, 6, 8, 9, 13, 14, 15, 19]]
[[3, 7, 12, 43, 38, 64], [5, 6, 7, 9, 11, 12]]
[[3, 7, 12, 43, 38, 64], [0, 1, 2, 3, 5, 6, 12, 13, 18, 19]]
[[3, 7, 12, 43, 38, 64], [1, 3, 4, 5, 9, 11, 14, 17, 19]]
[[3, 5, 18, 33, 43, 80], [1, 3, 4, 5, 6, 7, 9, 10, 11, 12, 15, 18]]
[[3, 5, 18, 33, 43, 80], [0, 3, 5, 6, 8, 9, 10, 12, 13, 14, 15]]
[[3, 5, 18, 33, 43, 80], [2, 3, 4, 6, 8, 9, 11, 12, 14, 15, 19]]
[[3, 5, 18, 33, 43, 80], [0, 1, 4, 5, 6, 7, 9, 12, 13, 14, 18, 19]]
[[3, 5, 18, 33, 43, 80], [1, 2, 5, 6, 11, 18, 19]]
[[3, 5, 18, 33, 43, 80], [0, 2, 3, 4, 9, 13, 17, 18]]
[[3, 9, 24, 25, 33, 48], [1, 2, 3, 6, 8, 9, 10, 13, 15, 19]]
[[3, 9, 24, 25, 33, 48], [0, 2, 3, 4, 5, 6, 7, 9, 10, 11, 12]]
[[3, 9, 24, 25, 33, 48], [0, 2, 5, 6, 7, 9, 13, 15, 18]]
[[3, 9, 24, 25, 33, 48], [4, 6, 8, 9, 11, 15, 18, 19]]
[[3, 9, 24, 25, 33, 48], [0, 1, 3, 6, 7, 8, 12, 13, 14, 15]]
[[3, 9, 24, 25, 33, 48], [1, 2, 3, 4, 7, 8, 9, 11, 12, 14, 17, 18]]
[[3, 9, 24, 25, 18, 78], [2, 3, 4, 5, 6, 7, 9, 10, 11, 18, 19]]
[[3, 9, 24, 25, 18, 78], [0, 1, 3, 6, 8, 9, 10, 13, 14, 15, 18, 19]]
[[3, 9, 24, 25, 18, 78], [0, 1, 3, 5, 6, 7, 9, 12, 13]]
[[3, 9, 24, 25, 18, 78], [1, 2, 5, 6, 8, 9, 11, 15]]
[[3, 9, 24, 25, 18, 78], [2, 3, 4, 6, 9, 11, 12, 14, 18]]
[[3, 9, 24, 25, 18, 78], [0, 2, 6, 9, 13, 14, 15, 19]]
[[3, 9, 24, 25, 23, 72], [0, 1, 3, 6, 8, 9, 10, 11, 12, 15]]
[[3, 9, 24, 25, 23, 72], [2, 3, 5, 6, 7, 9, 10, 13, 17, 19]]
[[3, 9, 24, 25, 23, 72], [0, 1, 2, 3, 4, 6, 7, 9, 11, 14, 18, 19]]
[[3, 9, 24, 25, 23, 72], [0, 1, 3, 4, 5, 6, 8, 9, 12, 13, 17, 18]]
[[3, 9, 24, 25, 23, 72], [0, 2, 4, 5, 6, 7, 8, 9, 13, 14, 15, 17]]
[[3, 9, 24, 25, 23, 72], [0, 1, 3, 5, 6, 7, 8, 9, 11, 14, 15, 19]]
[[3, 11, 15, 19, 28, 89], [5, 6, 8, 9, 10, 13, 15, 19]]
[[3, 11, 15, 19, 28, 89], [0, 1, 2, 5, 6, 7, 9, 10, 11, 12]]
[[3, 11, 15, 19, 28, 89], [0, 2, 6, 7, 9, 12, 13, 14, 15, 18]]
[[3, 11, 15, 19, 28, 89], [2, 6, 8, 9, 11, 12, 14, 15, 18, 19]]
[[3, 11, 15, 19, 28, 89], [0, 1, 2, 3, 4, 6, 7, 8, 13, 15]]
[[3, 11, 15, 19, 28, 89], [1, 2, 3, 4, 5, 7, 8, 9, 11, 17, 18]]
[[3, 11, 15, 19, 28, 89], [1, 2, 3, 5, 7, 8, 9, 10, 11, 13, 15, 18, 19]]
[[3, 11, 15, 19, 28, 89], [0, 3, 4, 5, 7, 8, 9, 10, 11, 12, 13, 15]]
[[3, 11, 15, 19, 28, 89], [0, 1, 2, 4, 5, 7, 8, 9, 10, 11, 13, 14, 15]]
[[3, 11, 15, 19, 28, 89], [2, 4, 7, 8, 9, 10, 11, 12, 13, 14, 15, 18, 19]]
[[3, 11, 15, 19, 28, 89], [2, 5, 7, 8, 9, 10, 11, 12, 13, 14, 17, 19]]
[[3, 11, 15, 19, 28, 89], [0, 1, 2, 7, 8, 9, 10, 11, 12, 13, 15, 17, 18]]
[[3, 11, 15, 19, 28, 89], [1, 2, 3, 6, 9, 10, 11, 13, 17]]
[[3, 11, 15, 19, 28, 89], [0, 2, 3, 5, 6, 9, 10, 11, 12, 13, 17, 18, 19]]
[[3, 11, 15, 19, 28, 89], [0, 1, 5, 6, 9, 10, 11, 13, 14, 17, 18, 19]]
[[3, 11, 15, 19, 28, 89], [2, 4, 5, 6, 9, 10, 11, 12, 13, 14, 17]]
[[3, 11, 15, 19, 28, 89], [0, 1, 2, 6, 9, 10, 11, 12, 13, 18]]
[[3, 11, 15, 19, 28, 89], [1, 2, 3, 4, 6, 9, 10, 11, 13, 15, 19]]
[[3, 11, 15, 19, 28, 89], [0, 2, 4, 6, 7, 8, 11, 12, 13, 16, 17, 18, 19]]
[[3, 11, 15, 19, 28, 89], [0, 2, 4, 5, 6, 7, 8, 11, 12, 13, 16, 17]]
[[3, 11, 15, 19, 28, 89], [1, 2, 4, 6, 7, 8, 11, 12, 13, 14, 15, 16, 17, 18, 19]]
[[3, 11, 15, 19, 28, 89], [0, 1, 3, 5, 6, 7, 8, 11, 13, 14, 15, 16, 19]]
[[3, 11, 15, 19, 28, 89], [0, 1, 2, 3, 4, 5, 6, 7, 8, 11, 13, 14, 15, 16, 18]]
[[3, 11, 15, 19, 28, 89], [3, 5, 6, 7, 8, 11, 12, 13, 14, 15, 16, 19]]
[[3, 11, 15, 19, 28, 71], [2, 3, 5, 6, 7, 9, 10, 11, 14, 18, 19]]
[[3, 11, 15, 19, 28, 71], [0, 1, 3, 6, 8, 9, 10, 13, 17, 18]]
[[3, 11, 15, 19, 28, 71], [0, 1, 3, 4, 5, 6, 8, 9, 11, 15]]
[[3, 11, 15, 19, 28, 71], [0, 1, 2, 3, 4, 6, 7, 9, 13, 17, 19]]
[[3, 11, 15, 19, 28, 71], [0, 2, 6, 9, 12, 13, 14, 17, 18, 19]]
[[3, 11, 15, 19, 28, 71], [0, 1, 2, 3, 5, 6, 9, 11, 15, 18]]
[[3, 11, 15, 19, 48, 65], [3, 6, 7, 9, 10, 11, 12, 14]]
[[3, 11, 15, 19, 48, 65], [0, 1, 2, 3, 4, 6, 8, 9, 10, 12, 13, 15, 18, 19]]
[[3, 11, 15, 19, 48, 65], [0, 4, 5, 6, 7, 9, 12, 13]]
[[3, 11, 15, 19, 48, 65], [1, 2, 5, 6, 8, 9, 11, 12, 14, 15, 18, 19]]
[[3, 11, 15, 19, 48, 65], [3, 5, 6, 9, 11, 19]]
[[3, 11, 15, 19, 48, 65], [0, 1, 3, 5, 6, 9, 13, 14, 15, 19]]
[[3, 11, 15, 19, 33, 89], [3, 6, 8, 9, 10, 11, 14, 15]]
[[3, 11, 15, 19, 33, 89], [0, 1, 2, 3, 5, 6, 7, 9, 10, 13, 15, 17, 19]]
[[3, 11, 15, 19, 33, 89], [0, 1, 2, 3, 4, 6, 7, 9, 11, 18, 19]]
[[3, 11, 15, 19, 33, 89], [0, 1, 3, 4, 5, 6, 8, 9, 13, 15, 17, 18]]
[[3, 11, 15, 19, 33, 89], [0, 6, 9, 12, 13, 14, 15, 17, 18, 19]]
[[3, 11, 15, 19, 33, 89], [0, 1, 3, 5, 6, 9, 11, 18]]
[[3, 11, 15, 19, 58, 71], [1, 2, 5, 6, 7, 8, 9, 10, 11, 13, 18, 19]]
[[3, 11, 15, 19, 58, 71], [1, 5, 6, 7, 8, 9, 10, 11, 12, 13, 18, 19]]
[[3, 11, 15, 19, 58, 71], [2, 3, 6, 7, 8, 10, 11, 13, 14]]
[[3, 11, 15, 19, 58, 71], [2, 3, 4, 6, 7, 8, 10, 11, 12, 13, 14, 15]]
[[3, 11, 15, 19, 58, 71], [2, 3, 6, 9, 10, 12, 14, 18]]
[[3, 11, 15, 19, 58, 71], [3, 4, 5, 6, 9, 10, 12, 14, 15, 19]]
[[3, 11, 15, 19, 33, 77], [1, 4, 6, 9, 10, 11, 13, 14, 18, 19]]
[[3, 11, 15, 19, 33, 77], [1, 2, 5, 6, 9, 10, 11, 13, 17, 19]]
[[3, 11, 15, 19, 33, 77], [3, 5, 6, 7, 8, 10, 11, 12, 13, 18, 19]]
[[3, 11, 15, 19, 33, 77], [2, 3, 4, 6, 7, 8, 10, 11, 12, 13, 14, 15, 17, 18]]
[[3, 11, 15, 19, 33, 77], [0, 1, 2, 3, 5, 6, 9, 10, 11, 12, 13, 17]]
[[3, 11, 15, 19, 33, 77], [0, 1, 2, 3, 6, 9, 10, 11, 12, 13, 15, 17]]
[[3, 11, 15, 19, 18, 89], [1, 2, 4, 6, 7, 8, 9, 10, 12, 14, 18, 19]]
[[3, 11, 15, 19, 18, 89], [0, 4, 6, 7, 8, 9, 10, 11, 13, 15, 18, 19]]
[[3, 11, 15, 19, 18, 89], [0, 4, 6, 10, 11, 13, 15, 18, 19]]
[[3, 11, 15, 19, 18, 89], [1, 2, 4, 6, 7, 8, 10, 12, 14, 15]]
[[3, 11, 15, 19, 18, 89], [1, 4, 6, 9, 10, 12, 14, 19]]
[[3, 11, 15, 19, 18, 89], [1, 4, 5, 6, 7, 8, 9, 10, 12, 14, 15, 19]]
[[3, 5, 9, 45, 38, 59], [2, 4, 6, 7, 9, 10, 11, 12, 15, 18]]
[[3, 5, 9, 45, 38, 59], [0, 1, 4, 5, 6, 8, 9, 10, 12, 13, 14, 15]]
[[3, 5, 9, 45, 38, 59], [2, 3, 4, 5, 6, 8, 9, 11, 15, 19]]
[[3, 5, 9, 45, 38, 59], [0, 1, 2, 5, 6, 7, 9, 13, 18, 19]]
[[3, 5, 9, 45, 38, 59], [1, 4, 5, 6, 11, 12, 14, 18, 19]]
[[3, 5, 9, 45, 38, 59], [0, 2, 3, 4, 5, 9, 12, 13, 14, 17, 18]]
[[3, 7, 24, 23, 18, 88], [0, 1, 2, 5, 6, 8, 9, 10, 11, 12, 15, 18]]
[[3, 7, 24, 23, 18, 88], [6, 7, 9, 10, 13]]
[[3, 7, 24, 23, 18, 88], [1, 4, 5, 6, 7, 9, 10, 11, 12, 15]]
[[3, 7, 24, 23, 18, 88], [0, 6, 8, 9, 10, 12, 13, 14, 15, 17, 18]]
[[3, 7, 24, 23, 18, 88], [1, 2, 4, 5, 6, 7, 9, 11, 14, 15, 19]]
[[3, 7, 24, 23, 18, 88], [0, 1, 2, 3, 4, 6, 8, 9, 11, 18, 19]]
[[3, 7, 24, 23, 18, 88], [0, 2, 4, 6, 7, 9, 12, 13, 14, 15, 17, 19]]
[[3, 7, 24, 23, 18, 88], [0, 2, 3, 5, 6, 8, 9, 12, 13, 15, 18, 19]]
[[3, 7, 24, 23, 18, 88], [2, 3, 5, 6, 7, 8, 11, 12, 15, 18, 19]]
[[3, 7, 24, 23, 18, 88], [0, 1, 2, 3, 5, 6, 7, 8, 9, 13, 15, 17]]
[[3, 7, 24, 23, 18, 88], [0, 1, 3, 5, 6, 7, 8, 9, 11, 18]]
[[3, 7, 24, 23, 18, 88], [0, 1, 2, 4, 7, 8, 9, 13, 14, 17, 18]]
[[3, 7, 24, 23, 28, 76], [0, 3, 6, 7, 9, 10, 12, 13, 14, 15, 18]]
[[3, 7, 24, 23, 28, 76], [1, 3, 4, 6, 8, 9, 10, 11, 12, 15]]
[[3, 7, 24, 23, 28, 76], [0, 1, 2, 3, 5, 6, 8, 9, 12, 13, 15, 19]]
[[3, 7, 24, 23, 28, 76], [6, 7, 9, 11, 12, 18, 19]]
[[3, 7, 24, 23, 28, 76], [0, 5, 6, 13, 14, 18, 19]]
[[3, 7, 24, 23, 28, 76], [1, 3, 4, 9, 11, 14, 17, 18]]
[[3, 7, 24, 23, 28, 100], [3, 4, 6, 8, 9, 10, 11, 18, 19]]
[[3, 7, 24, 23, 28, 100], [0, 1, 2, 3, 6, 7, 9, 10, 13, 14, 15]]
[[3, 7, 24, 23, 28, 100], [0, 5, 6, 8, 9, 13, 14, 18, 19]]
[[3, 7, 24, 23, 28, 100], [1, 2, 4, 5, 6, 7, 9, 11, 15]]
[[3, 7, 24, 23, 28, 100], [2, 3, 5, 6, 9, 11, 12, 14, 19]]
[[3, 7, 24, 23, 28, 100], [0, 1, 2, 3, 5, 6, 9, 12, 13, 15, 19]]
[[3, 11, 6, 27, 38, 74], [0, 1, 2, 4, 5, 6, 8, 9, 10, 11, 12, 14, 15, 18]]
[[3, 11, 6, 27, 38, 74], [6, 7, 9, 10, 13, 14, 15, 17, 19]]
[[3, 11, 6, 27, 38, 74], [0, 1, 3, 5, 6, 7, 9, 11, 14, 15, 19]]
[[3, 11, 6, 27, 38, 74], [0, 3, 4, 6, 8, 9, 13, 15, 17, 18]]
[[3, 11, 6, 27, 38, 74], [0, 1, 2, 3, 4, 6, 7, 8, 11, 14, 18, 19]]
[[3, 11, 6, 27, 38, 74], [0, 1, 2, 4, 7, 8, 9, 12, 13, 14, 15]]
[[3, 11, 6, 27, 23, 98], [0, 1, 2, 3, 4, 5, 6, 9, 10, 12, 18, 19]]
[[3, 11, 6, 27, 23, 98], [0, 1, 2, 3, 6, 9, 10, 11, 12, 13, 15, 17, 19]]
[[3, 11, 6, 27, 23, 98], [0, 4, 6, 7, 8, 10, 14, 15, 18, 19]]
[[3, 11, 6, 27, 23, 98], [0, 1, 2, 3, 5, 6, 10, 11, 12, 13, 17, 19]]
[[3, 11, 6, 27, 23, 98], [3, 4, 6, 7, 8, 9, 10, 11, 12, 13, 15, 17]]
[[3, 11, 6, 27, 23, 98], [1, 6, 9, 10, 11, 13, 14, 15, 17, 18, 19]]
[[3, 11, 6, 27, 33, 74], [0, 1, 2, 3, 5, 6, 9, 10, 11, 13, 14]]
[[3, 11, 6, 27, 33, 74], [2, 3, 5, 6, 9, 10, 11, 13, 15]]
[[3, 11, 6, 27, 33, 74], [1, 6, 7, 8, 10, 11, 12, 13, 14]]
[[3, 11, 6, 27, 33, 74], [0, 1, 3, 4, 5, 6, 7, 8, 10, 11, 13, 14, 15]]
[[3, 11, 6, 27, 33, 74], [1, 5, 6, 9, 10, 11, 12, 13, 18]]
[[3, 11, 6, 27, 33, 74], [2, 3, 6, 9, 10, 11, 13, 14, 19]]
[[3, 11, 6, 27, 38, 86], [1, 4, 6, 9, 10, 12, 14, 15, 18, 19]]
[[3, 11, 6, 27, 38, 86], [0, 2, 5, 6, 9, 10, 11, 13, 15, 17, 19]]
[[3, 11, 6, 27, 38, 86], [1, 4, 5, 6, 7, 8, 10, 12, 14, 18, 19]]
[[3, 11, 6, 27, 38, 86], [0, 2, 5, 6, 10, 11, 13, 15, 17, 19]]
[[3, 11, 6, 27, 38, 86], [0, 2, 6, 9, 10, 11, 13, 14, 17]]
[[3, 11, 6, 27, 38, 86], [0, 2, 6, 7, 8, 9, 10, 11, 13, 14, 15, 17, 18, 19]]
[[3, 11, 6, 27, 28, 86], [3, 5, 6, 9, 10, 11, 13, 17, 18]]
[[3, 11, 6, 27, 28, 86], [0, 1, 3, 5, 6, 9, 10, 11, 12, 13, 17, 18]]
[[3, 11, 6, 27, 28, 86], [0, 1, 3, 5, 6, 7, 8, 10, 11, 12, 13, 15, 17, 19]]
[[3, 11, 6, 27, 28, 86], [1, 2, 5, 6, 7, 8, 10, 11, 12, 13, 14, 15, 17, 19]]
[[3, 11, 6, 27, 28, 86], [2, 3, 5, 6, 9, 10, 11, 12, 13, 15, 18]]
[[3, 11, 6, 27, 28, 86], [1, 2, 4, 5, 6, 9, 10, 11, 13, 14, 15, 19]]
[[3, 11, 6, 27, 23, 92], [0, 2, 4, 6, 9, 10, 11, 12, 13, 14, 17, 18]]
[[3, 11, 6, 27, 23, 92], [0, 2, 4, 6, 9, 10, 11, 13, 15, 17, 18]]
[[3, 11, 6, 27, 23, 92], [0, 6, 7, 8, 10, 11, 12, 13, 14, 17, 19]]
[[3, 11, 6, 27, 23, 92], [0, 2, 4, 5, 6, 7, 8, 10, 11, 13, 15, 17, 19]]
[[3, 11, 6, 27, 23, 92], [0, 2, 6, 9, 10, 11, 12, 13, 14, 15, 17]]
[[3, 11, 6, 27, 23, 92], [0, 4, 5, 6, 9, 10, 11, 12, 13, 14, 15, 17]]
[[3, 11, 6, 27, 23, 56], [3, 4, 5, 6, 9, 10, 11, 12, 13, 15, 17, 18]]
[[3, 11, 6, 27, 23, 56], [0, 1, 2, 3, 4, 5, 6, 9, 10, 11, 12, 13, 15, 17, 18]]
[[3, 11, 6, 27, 23, 56], [0, 1, 2, 3, 4, 5, 6, 7, 8, 10, 11, 12, 13, 17, 19]]
[[3, 11, 6, 27, 23, 56], [1, 5, 6, 7, 8, 10, 11, 13, 14, 15, 17, 19]]
[[3, 11, 6, 27, 23, 56], [1, 6, 9, 10, 11, 12, 13, 14, 17, 18, 19]]
[[3, 11, 6, 27, 23, 56], [2, 3, 5, 6, 9, 10, 11, 13, 15, 17, 18, 19]]
[[3, 11, 18, 15, 58, 50], [0, 2, 4, 6, 8, 9, 10, 11, 12, 15, 18, 19]]
[[3, 11, 18, 15, 58, 50], [1, 2, 5, 6, 7, 9, 10, 13, 17, 19]]
[[3, 11, 18, 15, 58, 50], [0, 1, 3, 4, 5, 6, 7, 9, 11, 12]]
[[3, 11, 18, 15, 58, 50], [0, 4, 5, 6, 8, 9, 12, 13, 17, 18]]
[[3, 11, 18, 15, 58, 50], [0, 1, 3, 5, 6, 9, 13, 14, 15, 17, 18, 19]]
[[3, 11, 18, 15, 58, 50], [0, 1, 3, 4, 6, 9, 11, 12, 15, 19]]
[[3, 3, 24, 23, 58, 78], [0, 1, 5, 6, 7, 9, 11, 13, 14]]
[[3, 3, 24, 23, 58, 78], [0, 1, 2, 4, 5, 6, 7, 9, 11, 13, 14, 18, 19]]
[[3, 3, 24, 23, 58, 78], [0, 1, 6, 8, 9, 11, 13, 14, 18, 19]]
[[3, 3, 24, 23, 58, 78], [0, 1, 2, 4, 6, 8, 9, 11, 13, 14]]
[[3, 3, 24, 23, 58, 78], [5, 6, 7, 9, 11, 13, 15]]
[[3, 3, 24, 23, 58, 78], [6, 8, 9, 11, 13, 15, 18, 19]]
[[3, 3, 24, 23, 58, 78], [1, 2, 3, 6, 7, 9, 11, 12, 13, 14, 15, 18, 19]]
[[3, 3, 24, 23, 58, 78], [1, 2, 3, 5, 6, 8, 9, 11, 12, 13, 14, 15]]
[[3, 3, 24, 23, 58, 78], [1, 3, 5, 6, 7, 9, 11, 13, 15, 17, 18]]
[[3, 3, 24, 23, 58, 78], [1, 3, 6, 8, 9, 11, 13, 15, 17, 19]]
[[3, 3, 24, 23, 58, 78], [4, 6, 7, 9, 11, 12, 13, 14, 15, 17, 18]]
[[3, 3, 24, 23, 58, 78], [4, 5, 6, 8, 9, 11, 12, 13, 14, 15, 17, 19]]
[[3, 11, 9, 35, 33, 71], [0, 1, 2, 6, 7, 9, 10, 11, 12, 14, 15, 19]]
[[3, 11, 9, 35, 33, 71], [4, 6, 8, 9, 10, 13, 14, 15, 17, 19]]
[[3, 11, 9, 35, 33, 71], [0, 2, 4, 6, 8, 9, 11, 12, 15, 18]]
[[3, 11, 9, 35, 33, 71], [0, 2, 3, 4, 5, 6, 7, 9, 13, 15, 17, 18]]
[[3, 11, 9, 35, 33, 71], [0, 6, 7, 8, 11, 12, 18, 19]]
[[3, 11, 9, 35, 33, 71], [0, 1, 4, 7, 8, 9, 12, 13, 14, 15, 18, 19]]
[[3, 11, 9, 35, 33, 53], [1, 2, 4, 6, 9, 10, 11, 13, 15, 18, 19]]
[[3, 11, 9, 35, 33, 53], [1, 5, 6, 9, 10, 11, 13, 14, 15, 17, 19]]
[[3, 11, 9, 35, 33, 53], [2, 3, 6, 7, 8, 10, 11, 12, 13, 14, 18, 19]]
[[3, 11, 9, 35, 33, 53], [3, 4, 5, 6, 7, 8, 10, 11, 12, 13, 15, 17, 18]]
[[3, 11, 9, 35, 33, 53], [0, 1, 2, 3, 6, 9, 10, 11, 12, 13, 17, 18, 19]]
[[3, 11, 9, 35, 33, 53], [0, 1, 2, 3, 5, 6, 9, 10, 11, 12, 13, 15, 17, 18, 19]]
[[3, 11, 9, 35, 28, 77], [3, 6, 9, 10, 11, 13, 14, 15]]
[[3, 11, 9, 35, 28, 77], [0, 1, 2, 3, 6, 9, 10, 11, 13, 14, 15]]
[[3, 11, 9, 35, 28, 77], [0, 1, 3, 4, 6, 7, 8, 10, 11, 13, 14]]
[[3, 11, 9, 35, 28, 77], [1, 2, 6, 7, 8, 10, 11, 12, 13, 15]]
[[3, 11, 9, 35, 28, 77], [1, 2, 4, 6, 9, 10, 11, 12, 13, 14, 17]]
[[3, 11, 9, 35, 28, 77], [3, 4, 5, 6, 9, 10, 11, 13, 15, 17]]
[[3, 11, 9, 35, 33, 77], [1, 6, 9, 10, 11, 12, 13, 17, 18]]
[[3, 11, 9, 35, 33, 77], [1, 2, 6, 9, 10, 11, 12, 13, 14, 15, 17, 18]]
[[3, 11, 9, 35, 33, 77], [3, 6, 7, 8, 10, 11, 13, 17, 19]]
[[3, 11, 9, 35, 33, 77], [2, 3, 5, 6, 7, 8, 10, 11, 13, 14, 17, 19]]
[[3, 11, 9, 35, 33, 77], [0, 1, 3, 5, 6, 9, 10, 11, 12, 13, 19]]
[[3, 11, 9, 35, 33, 77], [0, 1, 3, 5, 6, 9, 10, 11, 12, 13, 15, 18]]
[[3, 11, 9, 35, 28, 59], [1, 6, 7, 8, 10, 11, 13, 17]]
[[3, 11, 9, 35, 28, 59], [0, 1, 3, 4, 5, 6, 7, 8, 10, 11, 13, 14, 17]]
[[3, 11, 9, 35, 28, 59], [0, 1, 2, 3, 5, 6, 7, 8, 10, 11, 13, 14, 15, 17]]
[[3, 11, 9, 35, 28, 59], [3, 4, 6, 7, 8, 10, 11, 12, 13, 14, 15, 17]]
[[3, 11, 9, 35, 28, 59], [3, 6, 7, 8, 10, 11, 13, 18]]
[[3, 11, 9, 35, 28, 59], [3, 6, 7, 8, 10, 11, 12, 13, 14, 19]]
[[3, 11, 9, 35, 28, 59], [0, 1, 2, 3, 6, 7, 8, 10, 11, 12, 13, 14, 19]]
[[3, 11, 9, 35, 28, 59], [0, 1, 2, 3, 5, 6, 7, 8, 10, 11, 12, 13, 14, 18]]
[[3, 11, 9, 35, 28, 59], [1, 4, 5, 6, 7, 8, 10, 11, 13, 15, 18]]
[[3, 11, 9, 35, 28, 59], [3, 4, 6, 7, 8, 10, 11, 12, 13, 15, 18]]
[[3, 11, 9, 35, 28, 59], [1, 6, 7, 8, 10, 11, 13, 14, 15, 19]]
[[3, 11, 9, 35, 28, 59], [1, 2, 6, 7, 8, 10, 11, 12, 13, 14, 15, 19]]
[[3, 7, 6, 43, 28, 58], [0, 3, 5, 6, 7, 9, 10, 11, 12, 14, 15, 19]]
[[3, 7, 6, 43, 28, 58], [1, 3, 6, 8, 9, 10, 13, 14, 15, 17, 19]]
[[3, 7, 6, 43, 28, 58], [0, 2, 4, 5, 6, 8, 9, 11, 14, 15, 18]]
[[3, 7, 6, 43, 28, 58], [0, 3, 5, 6, 7, 9, 12, 13, 14, 15, 17, 18]]
[[3, 7, 6, 43, 28, 58], [0, 2, 4, 6, 7, 8, 11, 14, 18, 19]]
[[3, 7, 6, 43, 28, 58], [0, 1, 4, 5, 7, 8, 9, 13, 15, 18, 19]]
[[3, 11, 6, 31, 23, 62], [0, 2, 3, 4, 5, 6, 7, 9, 10, 11, 12, 14, 15, 18]]
[[3, 11, 6, 31, 23, 62], [1, 2, 3, 4, 6, 8, 9, 10, 13, 14, 15, 17, 18]]
[[3, 11, 6, 31, 23, 62], [0, 1, 3, 4, 6, 8, 9, 11, 12, 15, 19]]
[[3, 11, 6, 31, 23, 62], [0, 1, 2, 6, 7, 9, 13, 15, 17, 19]]
[[3, 11, 6, 31, 23, 62], [0, 1, 3, 4, 5, 6, 7, 8, 11, 12]]
[[3, 11, 6, 31, 23, 62], [0, 2, 3, 4, 7, 8, 9, 12, 13, 14, 15]]
[[3, 11, 6, 31, 23, 68], [0, 1, 3, 4, 5, 6, 9, 10, 11, 12, 13]]
[[3, 11, 6, 31, 23, 68], [2, 3, 4, 5, 6, 9, 10, 11, 13, 14, 15]]
[[3, 11, 6, 31, 23, 68], [0, 1, 3, 4, 6, 7, 8, 10, 11, 12, 13, 15]]
[[3, 11, 6, 31, 23, 68], [1, 4, 5, 6, 7, 8, 10, 11, 12, 13, 15]]
[[3, 11, 6, 31, 23, 68], [3, 4, 5, 6, 9, 10, 11, 12, 13, 14, 17]]
[[3, 11, 6, 31, 23, 68], [1, 5, 6, 9, 10, 11, 13, 15, 17]]
[[3, 11, 6, 31, 33, 50], [1, 2, 4, 6, 7, 8, 9, 10, 11, 12, 13, 18, 19]]
[[3, 11, 6, 31, 33, 50], [1, 4, 6, 7, 8, 9, 10, 11, 12, 13, 14, 15, 18, 19]]
[[3, 11, 6, 31, 33, 50], [2, 3, 4, 6, 7, 8, 10, 11, 13]]
[[3, 11, 6, 31, 33, 50], [3, 4, 5, 6, 7, 8, 10, 11, 13, 14]]
[[3, 11, 6, 31, 33, 50], [2, 3, 6, 9, 10, 19]]
[[3, 11, 6, 31, 33, 50], [2, 3, 6, 9, 10, 15, 18]]
[[3, 11, 6, 31, 28, 62], [2, 3, 4, 6, 9, 10, 11, 13, 14]]
[[3, 11, 6, 31, 28, 62], [0, 1, 2, 3, 4, 6, 9, 10, 11, 12, 13, 14]]
[[3, 11, 6, 31, 28, 62], [1, 4, 6, 7, 8, 10, 11, 12, 13, 15, 17]]
[[3, 11, 6, 31, 28, 62], [1, 2, 5, 6, 7, 8, 10, 11, 12, 13, 15, 17]]
[[3, 11, 6, 31, 28, 62], [2, 3, 4, 6, 7, 8, 10, 11, 13, 14, 15, 17]]
[[3, 11, 6, 31, 28, 62], [3, 5, 6, 7, 8, 10, 11, 13, 14, 15, 17]]
[[3, 11, 6, 31, 28, 62], [2, 3, 4, 6, 7, 8, 10, 11, 13, 19]]
[[3, 11, 6, 31, 28, 62], [1, 2, 5, 6, 7, 8, 10, 11, 13, 18]]
[[3, 11, 6, 31, 28, 62], [0, 1, 2, 3, 4, 6, 7, 8, 10, 11, 12, 13, 19]]
[[3, 11, 6, 31, 28, 62], [0, 1, 3, 5, 6, 7, 8, 10, 11, 13, 14, 18]]
[[3, 11, 6, 31, 28, 62], [0, 1, 2, 3, 4, 6, 7, 8, 10, 11, 12, 13, 15, 18]]
[[3, 11, 6, 31, 28, 62], [0, 1, 2, 3, 4, 6, 7, 8, 10, 11, 13, 14, 15, 19]]
[[3, 11, 6, 31, 28, 62], [1, 4, 6, 7, 8, 10, 11, 12, 13, 14, 15, 18]]
[[3, 11, 6, 31, 28, 62], [2, 3, 4, 6, 7, 8, 10, 11, 12, 13, 14, 15, 19]]
[[3, 11, 6, 31, 28, 62], [1, 4, 6, 7, 8, 10, 11, 12, 13]]
[[3, 11, 6, 31, 28, 62], [0, 1, 2, 3, 4, 6, 7, 8, 10, 11, 12, 13, 14]]
[[3, 11, 6, 31, 28, 62], [2, 3, 6, 9, 10, 11, 12, 13, 18]]
[[3, 11, 6, 31, 28, 62], [1, 2, 4, 6, 9, 10, 11, 13, 14, 19]]
[[3, 11, 6, 31, 48, 80], [1, 5, 6, 7, 8, 9, 10, 15, 18, 19]]
[[3, 11, 6, 31, 48, 80], [0, 2, 5, 6, 7, 8, 9, 10, 11, 13, 15, 18, 19]]
[[3, 11, 6, 31, 48, 80], [1, 2, 4, 6, 7, 8, 10]]
[[3, 11, 6, 31, 48, 80], [0, 2, 5, 6, 10, 11, 13, 15, 18, 19]]
[[3, 11, 6, 31, 48, 80], [1, 2, 6, 7, 8, 9, 10, 19]]
[[3, 11, 6, 31, 48, 80], [1, 4, 6, 9, 10, 15, 19]]
[[3, 11, 6, 31, 28, 50], [0, 1, 2, 3, 5, 6, 9, 10, 11, 13, 14, 15, 18, 19]]
[[3, 11, 6, 31, 28, 50], [3, 4, 6, 9, 10, 11, 13, 14, 17, 19]]
[[3, 11, 6, 31, 28, 50], [0, 1, 3, 4, 5, 6, 7, 8, 10, 11, 13, 14, 18, 19]]
[[3, 11, 6, 31, 28, 50], [1, 2, 4, 5, 6, 7, 8, 10, 11, 12, 13, 17, 18]]
[[3, 11, 6, 31, 28, 50], [3, 5, 6, 9, 10, 11, 13, 19]]
[[3, 11, 6, 31, 28, 50], [1, 2, 5, 6, 9, 10, 11, 12, 13, 14, 15, 18]]
[[3, 11, 6, 31, 18, 62], [0, 1, 2, 3, 4, 6, 9, 10, 11, 12, 13, 14, 15, 18, 19]]
[[3, 11, 6, 31, 18, 62], [3, 5, 6, 9, 10, 11, 13, 15, 17, 19]]
[[3, 11, 6, 31, 18, 62], [0, 1, 2, 3, 4, 6, 7, 8, 10, 11, 12, 13, 14, 15, 18, 19]]
[[3, 11, 6, 31, 18, 62], [1, 2, 5, 6, 7, 8, 10, 11, 12, 13, 14, 17, 18]]
[[3, 11, 6, 31, 18, 62], [3, 5, 6, 9, 10, 11, 12, 13, 14, 18]]
[[3, 11, 6, 31, 18, 62], [1, 4, 6, 9, 10, 11, 13, 15, 19]]
[[3, 11, 6, 31, 48, 86], [3, 6, 7, 8, 10, 11, 13, 17]]
[[3, 11, 6, 31, 48, 86], [0, 4, 5, 6, 7, 8, 10, 11, 13, 14, 17]]
[[3, 11, 6, 31, 48, 86], [0, 4, 5, 6, 10, 11, 13, 14, 15, 17, 18, 19]]
[[3, 11, 6, 31, 48, 86], [1, 2, 6, 10, 11, 12, 13, 14, 15, 17, 18, 19]]
[[3, 11, 6, 31, 48, 86], [1, 6, 7, 8, 10, 18]]
[[3, 11, 6, 31, 48, 86], [3, 4, 5, 6, 7, 8, 10, 19]]
[[3, 11, 6, 31, 48, 86], [0, 2, 6, 10, 11, 12, 13, 14, 19]]
[[3, 11, 6, 31, 48, 86], [0, 4, 5, 6, 7, 8, 10, 11, 12, 13, 14, 19]]
[[3, 11, 6, 31, 48, 86], [3, 4, 5, 6, 7, 8, 10, 15, 18]]
[[3, 11, 6, 31, 48, 86], [1, 2, 4, 5, 6, 7, 8, 10, 15, 19]]
[[3, 11, 6, 31, 48, 86], [1, 4, 5, 6, 10, 11, 12, 13, 15, 19]]
[[3, 11, 6, 31, 48, 86], [2, 3, 4, 5, 6, 7, 8, 10, 11, 13, 14, 15, 19]]
[[3, 11, 6, 31, 28, 56], [0, 2, 3, 9, 10, 11, 13]]
[[3, 11, 6, 31, 28, 56], [0, 1, 2, 4, 7, 8, 9, 10, 11, 13]]
[[3, 11, 6, 31, 28, 56], [1, 3, 4, 9, 10, 11, 13, 14, 15, 18, 19]]
[[3, 11, 6, 31, 28, 56], [7, 8, 9, 10, 11, 13, 14, 15, 18, 19]]
[[3, 11, 6, 31, 28, 56], [0, 1, 2, 4, 7, 8, 9, 10, 14, 17, 18]]
[[3, 11, 6, 31, 28, 56], [7, 8, 9, 10, 15, 17, 19]]
[[3, 11, 6, 31, 28, 56], [0, 2, 3, 5, 6, 9, 10, 11, 13, 17]]
[[3, 11, 6, 31, 28, 56], [0, 1, 6, 7, 8, 9, 10, 11, 13, 17]]
[[3, 11, 6, 31, 28, 56], [6, 9, 10, 11, 12, 13, 15, 17, 18, 19]]
[[3, 11, 6, 31, 28, 56], [1, 2, 3, 5, 6, 7, 8, 9, 10, 11, 12, 13, 15, 17, 18, 19]]
[[3, 11, 6, 31, 28, 56], [6, 9, 10, 19]]
[[3, 11, 6, 31, 28, 56], [0, 2, 3, 5, 6, 9, 10, 12, 15, 18]]
[[3, 11, 6, 31, 28, 56], [0, 1, 2, 3, 5, 6, 11, 13, 16, 17, 18, 19]]
[[3, 11, 6, 31, 28, 56], [0, 6, 7, 8, 11, 13, 16, 17, 18, 19]]
[[3, 11, 6, 31, 28, 56], [0, 1, 3, 6, 7, 8, 12, 15, 16, 17, 18, 19]]
[[3, 11, 6, 31, 28, 56], [0, 2, 5, 6, 11, 13, 16, 19]]
[[3, 11, 6, 31, 28, 56], [0, 1, 3, 6, 7, 8, 11, 13, 16, 19]]
[[3, 11, 6, 31, 28, 56], [0, 6, 7, 8, 12, 15, 16, 19]]
[[3, 9, 9, 45, 38, 51], [1, 3, 5, 6, 8, 9, 10, 11, 12, 14, 15, 18]]
[[3, 9, 9, 45, 38, 51], [0, 3, 5, 6, 7, 9, 10, 12, 13, 17, 19]]
[[3, 9, 9, 45, 38, 51], [0, 1, 3, 4, 5, 6, 7, 9, 11, 15, 19]]
[[3, 9, 9, 45, 38, 51], [0, 2, 3, 4, 5, 6, 8, 9, 12, 13, 17, 18]]
[[3, 9, 9, 45, 38, 51], [0, 1, 2, 3, 5, 6, 7, 8, 11, 15, 18, 19]]
[[3, 9, 9, 45, 38, 51], [0, 1, 2, 5, 7, 8, 9, 13, 14, 15]]
[[3, 9, 9, 45, 33, 57], [2, 3, 4, 5, 6, 9, 10, 12, 14]]
[[3, 9, 9, 45, 33, 57], [3, 4, 5, 6, 9, 10, 11, 12, 13, 15]]
[[3, 9, 9, 45, 33, 57], [1, 5, 6, 10, 11, 13, 14, 15, 18, 19]]
[[3, 9, 9, 45, 33, 57], [3, 5, 6, 7, 8, 10, 12, 14, 15]]
[[3, 9, 9, 45, 33, 57], [1, 4, 5, 6, 7, 8, 9, 10, 11, 13, 17, 18, 19]]
[[3, 9, 9, 45, 33, 57], [3, 6, 9, 10, 11, 12, 13, 14, 15, 17]]
[[3, 9, 6, 37, 38, 84], [2, 4, 5, 6, 8, 9, 10, 11, 12, 14, 15, 19]]
[[3, 9, 6, 37, 38, 84], [0, 1, 5, 6, 7, 9, 10, 12, 13, 17, 19]]
[[3, 9, 6, 37, 38, 84], [0, 1, 2, 3, 4, 6, 7, 9, 11, 12, 14, 15, 18]]
[[3, 9, 6, 37, 38, 84], [0, 1, 2, 4, 5, 6, 8, 9, 12, 13, 17, 18]]
[[3, 9, 6, 37, 38, 84], [0, 1, 2, 3, 4, 6, 11, 12, 14, 15, 18, 19]]
[[3, 9, 6, 37, 38, 84], [0, 3, 4, 5, 9, 13, 14, 15, 18, 19]]
[[3, 9, 6, 37, 28, 54], [0, 1, 2, 3, 5, 6, 9, 10, 11, 13]]
[[3, 9, 6, 37, 28, 54], [0, 1, 2, 3, 5, 6, 9, 10, 12, 14, 15]]
[[3, 9, 6, 37, 28, 54], [0, 1, 3, 4, 5, 6, 10, 11, 13, 18, 19]]
[[3, 9, 6, 37, 28, 54], [0, 5, 6, 7, 8, 10, 15]]
[[3, 9, 6, 37, 28, 54], [1, 2, 5, 6, 9, 10, 11, 12, 13, 19]]
[[3, 9, 6, 37, 28, 54], [3, 5, 6, 7, 8, 9, 10, 11, 13, 14, 19]]
[[3, 9, 6, 37, 33, 54], [0, 1, 2, 3, 6, 7, 8, 9, 10, 14, 18, 19]]
[[3, 9, 6, 37, 33, 54], [0, 1, 2, 3, 6, 7, 8, 9, 10, 11, 12, 13, 15, 18, 19]]
[[3, 9, 6, 37, 33, 54], [0, 1, 2, 3, 5, 6, 10, 11, 12, 13, 18, 19]]
[[3, 9, 6, 37, 33, 54], [0, 2, 4, 5, 6, 7, 8, 10, 12, 15]]
[[3, 9, 6, 37, 33, 54], [0, 2, 4, 6, 9, 10, 18]]
[[3, 9, 6, 37, 33, 54], [0, 1, 3, 4, 6, 7, 8, 9, 10, 12, 14, 18]]
[[3, 11, 15, 35, 33, 59], [0, 1, 2, 6, 8, 9, 10, 12, 13, 14, 15, 19]]
[[3, 11, 15, 35, 33, 59], [5, 6, 7, 9, 10, 11, 12, 15, 18, 19]]
[[3, 11, 15, 35, 33, 59], [0, 1, 2, 3, 5, 6, 7, 9, 13, 14, 15, 18]]
[[3, 11, 15, 35, 33, 59], [2, 4, 5, 6, 8, 9, 11, 14]]
[[3, 11, 15, 35, 33, 59], [0, 2, 4, 6, 7, 8, 12, 13]]
[[3, 11, 15, 35, 33, 59], [1, 3, 4, 7, 8, 9, 11, 12, 17, 19]]
[[3, 3, 24, 15, 43, 78], [0, 1, 3, 5, 6, 7, 9, 10, 11, 18, 19]]
[[3, 3, 24, 15, 43, 78], [2, 3, 4, 5, 6, 8, 9, 10, 12, 13]]
[[3, 3, 24, 15, 43, 78], [2, 3, 4, 5, 6, 8, 9, 11, 14, 15]]
[[3, 3, 24, 15, 43, 78], [0, 1, 3, 5, 6, 7, 9, 12, 13, 14, 15, 18, 19]]
[[3, 3, 24, 15, 43, 78], [0, 2, 6, 7, 8, 9, 13, 15, 19]]
[[3, 3, 24, 15, 43, 78], [1, 4, 5, 6, 7, 8, 9, 11, 12, 15, 19]]
[[3, 3, 24, 7, 43, 108], [0, 1, 2, 3, 6, 8, 9, 10, 11, 18, 19]]
[[3, 3, 24, 7, 43, 108], [3, 4, 5, 6, 7, 9, 10, 12, 13, 18, 19]]
[[3, 3, 24, 7, 43, 108], [0, 5, 6, 8, 9, 13, 15]]
[[3, 3, 24, 7, 43, 108], [2, 3, 5, 6, 7, 9, 11, 14, 15]]
[[3, 3, 24, 7, 43, 108], [1, 6, 7, 8, 9, 11, 12, 15, 18]]
[[3, 3, 24, 7, 43, 108], [0, 1, 2, 3, 5, 6, 7, 8, 9, 12, 13, 14, 15, 19]]
[[3, 3, 24, 7, 33, 78], [0, 4, 5, 6, 7, 9, 10, 12, 13]]
[[3, 3, 24, 7, 33, 78], [1, 4, 5, 6, 8, 9, 10, 11, 12, 14, 15]]
[[3, 3, 24, 7, 33, 78], [1, 2, 5, 6, 7, 9, 11, 18, 19]]
[[3, 3, 24, 7, 33, 78], [0, 1, 2, 3, 4, 6, 8, 9, 12, 13, 15, 18, 19]]
[[3, 3, 24, 7, 33, 78], [0, 4, 5, 6, 7, 8, 9, 13, 14, 18]]
[[3, 3, 24, 7, 33, 78], [2, 3, 4, 6, 7, 8, 9, 11, 12, 14, 15, 19]]
[[3, 3, 24, 7, 33, 66], [3, 4, 6, 7, 9, 10, 13, 14, 18, 19]]
[[3, 3, 24, 7, 33, 66], [0, 1, 2, 3, 6, 8, 9, 10, 11, 12, 14]]
[[3, 3, 24, 7, 33, 66], [0, 1, 2, 3, 6, 8, 9, 13, 15]]
[[3, 3, 24, 7, 33, 66], [3, 4, 6, 7, 9, 11, 12, 15, 18, 19]]
[[3, 3, 24, 7, 33, 66], [1, 6, 7, 8, 9, 11, 14, 15, 19]]
[[3, 3, 24, 7, 33, 66], [0, 2, 4, 5, 6, 7, 8, 9, 12, 13, 14, 15, 19]]
[[3, 3, 24, 7, 28, 54], [0, 1, 2, 6, 7, 9, 11, 13, 14]]
[[3, 3, 24, 7, 28, 54], [0, 1, 4, 5, 6, 7, 9, 11, 13, 14]]
[[3, 3, 24, 7, 28, 54], [0, 1, 2, 6, 8, 9, 11, 13, 14]]
[[3, 3, 24, 7, 28, 54], [0, 1, 4, 5, 6, 8, 9, 11, 13, 14]]
[[3, 3, 24, 7, 28, 54], [4, 6, 7, 9, 11, 13, 15, 18, 19]]
[[3, 3, 24, 7, 28, 54], [2, 5, 6, 7, 9, 11, 13, 15, 18, 19]]
[[3, 3, 24, 7, 28, 54], [1, 2, 3, 4, 6, 8, 9, 11, 12, 13, 14, 15, 18, 19]]
[[3, 3, 24, 7, 28, 54], [1, 3, 5, 6, 8, 9, 11, 12, 13, 14, 15, 18, 19]]
[[3, 3, 24, 7, 28, 54], [1, 2, 3, 6, 7, 9, 11, 13, 15, 17, 18]]
[[3, 3, 24, 7, 28, 54], [1, 3, 4, 5, 6, 7, 9, 11, 13, 15, 17, 18]]
[[3, 3, 24, 7, 28, 54], [2, 4, 6, 8, 9, 11, 12, 13, 14, 15, 17, 19]]
[[3, 3, 24, 7, 28, 54], [5, 6, 8, 9, 11, 12, 13, 14, 15, 17, 19]]
[[3, 11, 21, 15, 38, 53], [2, 3, 5, 6, 8, 9, 10, 11, 18, 19]]
[[3, 11, 21, 15, 38, 53], [0, 1, 3, 4, 5, 6, 7, 9, 10, 13, 14, 15]]
[[3, 11, 21, 15, 38, 53], [0, 2, 4, 6, 8, 9, 13, 14, 18, 19]]
[[3, 11, 21, 15, 38, 53], [1, 6, 7, 9, 11, 15]]
[[3, 11, 21, 15, 38, 53], [3, 4, 6, 9, 11, 12, 14, 19]]
[[3, 11, 21, 15, 38, 53], [0, 1, 3, 4, 6, 9, 12, 13, 15, 19]]
[[3, 7, 24, 15, 23, 76], [1, 6, 8, 9, 10, 13, 14, 15]]
[[3, 7, 24, 15, 23, 76], [0, 6, 7, 9, 10, 11, 12, 14, 15]]
[[3, 7, 24, 15, 23, 76], [0, 2, 3, 4, 6, 7, 9, 11, 13]]
[[3, 7, 24, 15, 23, 76], [0, 3, 6, 8, 9, 11, 12, 13, 14]]
[[3, 7, 24, 15, 23, 76], [0, 2, 3, 4, 6, 7, 9, 11, 13, 15, 18, 19]]
[[3, 7, 24, 15, 23, 76], [0, 2, 3, 4, 5, 6, 8, 9, 11, 12, 13, 14, 15, 18, 19]]
[[3, 7, 24, 15, 23, 76], [0, 3, 4, 5, 6, 8, 9, 11, 13, 17, 18]]
[[3, 7, 24, 15, 23, 76], [1, 2, 3, 5, 6, 7, 9, 11, 12, 13, 17, 19]]
[[3, 7, 24, 15, 23, 76], [5, 6, 8, 9, 11, 12, 13, 17, 18]]
[[3, 7, 24, 15, 23, 76], [0, 3, 4, 5, 6, 7, 9, 11, 12, 13, 14, 17, 19]]
[[3, 7, 24, 15, 23, 76], [0, 3, 4, 6, 8, 9, 11, 13, 15, 17, 18]]
[[3, 7, 24, 15, 23, 76], [6, 7, 9, 11, 13, 14, 15, 17, 19]]
[[3, 7, 24, 15, 23, 76], [1, 3, 4, 5, 6, 8, 9, 11, 13, 14, 15, 17, 18]]
[[3, 7, 24, 15, 23, 76], [0, 2, 3, 5, 6, 7, 9, 11, 12, 13, 14, 15, 17, 19]]
[[3, 7, 24, 15, 23, 76], [0, 2, 4, 6, 7, 9, 13, 18, 19]]
[[3, 7, 24, 15, 23, 76], [2, 3, 5, 6, 8, 9, 11, 14, 18, 19]]
[[3, 7, 24, 15, 23, 76], [1, 6, 9, 11, 12, 19]]
[[3, 7, 24, 15, 23, 76], [0, 1, 3, 4, 6, 9, 12, 13, 14, 18]]
[[3, 5, 15, 5, 18, 77], [0, 1, 2, 3, 5, 6, 7, 9, 10, 11, 12, 18, 19]]
[[3, 5, 15, 5, 18, 77], [3, 6, 8, 9, 10, 13, 15, 17, 18]]
[[3, 5, 15, 5, 18, 77], [0, 1, 3, 4, 5, 6, 8, 9, 11, 14, 15]]
[[3, 5, 15, 5, 18, 77], [0, 1, 2, 3, 4, 6, 7, 9, 12, 13, 15, 17, 19]]
[[3, 5, 15, 5, 18, 77], [0, 4, 5, 6, 7, 8, 9, 13, 14, 17]]
[[3, 5, 15, 5, 18, 77], [0, 1, 2, 3, 5, 6, 7, 8, 9, 11, 14, 19]]
[[3, 5, 15, 5, 18, 71], [1, 2, 4, 6, 8, 9, 10, 13, 14]]
[[3, 5, 15, 5, 18, 71], [0, 2, 4, 5, 6, 7, 9, 10, 11, 12, 14, 18, 19]]
[[3, 5, 15, 5, 18, 71], [2, 3, 5, 6, 8, 9, 11, 14, 15]]
[[3, 5, 15, 5, 18, 71], [0, 1, 2, 3, 6, 7, 9, 12, 13, 14, 15, 18, 19]]
[[3, 5, 15, 5, 18, 71], [0, 6, 9, 13, 15, 18]]
[[3, 5, 15, 5, 18, 71], [1, 6, 9, 11, 12, 15, 18]]
[[3, 5, 15, 5, 13, 53], [0, 1, 3, 6, 8, 9, 10, 11, 15, 18, 19]]
[[3, 5, 15, 5, 13, 53], [2, 3, 4, 5, 6, 7, 9, 10, 12, 13, 15, 18, 19]]
[[3, 5, 15, 5, 13, 53], [0, 2, 5, 6, 8, 9, 13]]
[[3, 5, 15, 5, 13, 53], [3, 5, 6, 7, 9, 11, 14]]
[[3, 5, 15, 5, 13, 53], [1, 2, 5, 6, 9, 11, 12, 19]]
[[3, 5, 15, 5, 13, 53], [0, 1, 3, 6, 9, 12, 13, 14, 18]]
[[3, 3, 21, 23, 48, 75], [0, 6, 8, 9, 10, 12, 13, 18, 19]]
[[3, 3, 21, 23, 48, 75], [1, 5, 6, 7, 9, 10, 11, 12, 14, 15]]
[[3, 3, 21, 23, 48, 75], [1, 6, 8, 9, 11, 18, 19]]
[[3, 3, 21, 23, 48, 75], [0, 5, 6, 7, 9, 13, 14, 15]]
[[3, 3, 21, 23, 48, 75], [0, 1, 2, 3, 5, 6, 7, 8, 9, 12, 13, 18]]
[[3, 3, 21, 23, 48, 75], [3, 4, 6, 7, 8, 9, 11, 12, 14, 15, 18]]
[[3, 3, 15, 31, 48, 57], [0, 2, 4, 6, 8, 9, 10, 12, 13]]
[[3, 3, 15, 31, 48, 57], [1, 2, 4, 5, 6, 7, 9, 10, 11, 12, 14, 15, 18, 19]]
[[3, 3, 15, 31, 48, 57], [2, 3, 5, 6, 8, 9, 11, 12, 14]]
[[3, 3, 15, 31, 48, 57], [0, 1, 2, 3, 6, 7, 9, 12, 13, 15, 18, 19]]
[[3, 3, 15, 31, 48, 57], [0, 6, 7, 8, 9, 13, 14, 19]]
[[3, 3, 15, 31, 48, 57], [1, 2, 4, 5, 6, 7, 8, 9, 11, 15, 19]]
[[3, 3, 15, 31, 43, 81], [2, 3, 4, 5, 6, 8, 9, 10, 13, 14, 15]]
[[3, 3, 15, 31, 43, 81], [0, 1, 3, 5, 6, 7, 9, 10, 11, 12, 14, 15, 18, 19]]
[[3, 3, 15, 31, 43, 81], [0, 1, 3, 5, 6, 7, 9, 13, 18, 19]]
[[3, 3, 15, 31, 43, 81], [2, 3, 4, 5, 6, 8, 9, 11, 12]]
[[3, 3, 15, 31, 43, 81], [1, 2, 6, 7, 8, 9, 11, 14, 19]]
[[3, 3, 15, 31, 43, 81], [0, 4, 5, 6, 7, 8, 9, 12, 13, 14, 19]]
[[3, 11, 18, 31, 23, 74], [2, 3, 4, 5, 6, 8, 9, 10, 11, 14, 18, 19]]
[[3, 11, 18, 31, 23, 74], [0, 1, 3, 4, 5, 6, 7, 9, 10, 13, 17, 19]]
[[3, 11, 18, 31, 23, 74], [0, 1, 2, 3, 4, 6, 7, 9, 11, 15]]
[[3, 11, 18, 31, 23, 74], [0, 5, 6, 8, 9, 12, 13, 14, 17, 18]]
[[3, 11, 18, 31, 23, 74], [0, 1, 3, 4, 6, 9, 13, 17, 18, 19]]
[[3, 11, 18, 31, 23, 74], [0, 1, 3, 5, 6, 9, 11, 15, 19]]
[[3, 11, 18, 31, 13, 80], [4, 7, 8, 9, 10, 11, 13]]
[[3, 11, 18, 31, 13, 80], [7, 8, 9, 10, 11, 13, 14]]
[[3, 11, 18, 31, 13, 80], [1, 3, 9, 10, 11, 12, 13, 14, 18, 19]]
[[3, 11, 18, 31, 13, 80], [0, 3, 4, 5, 9, 10, 11, 13, 15, 18, 19]]
[[3, 11, 18, 31, 13, 80], [0, 1, 4, 5, 7, 8, 9, 10, 17, 18]]
[[3, 11, 18, 31, 13, 80], [0, 1, 2, 7, 8, 9, 10, 12, 14, 17, 19]]
[[3, 11, 18, 31, 13, 80], [1, 2, 3, 5, 6, 7, 8, 9, 10, 11, 12, 13, 17]]
[[3, 11, 18, 31, 13, 80], [2, 6, 9, 10, 11, 13, 15, 17, 18, 19]]
[[3, 11, 18, 31, 13, 80], [0, 3, 4, 6, 9, 10, 11, 13, 15, 17, 18, 19]]
[[3, 11, 18, 31, 13, 80], [1, 2, 3, 4, 6, 7, 8, 9, 10, 11, 12, 13, 14, 15, 17]]
[[3, 11, 18, 31, 13, 80], [0, 3, 5, 6, 9, 10, 19]]
[[3, 11, 18, 31, 13, 80], [0, 3, 5, 6, 9, 10, 12, 14, 18]]
[[3, 11, 18, 31, 13, 80], [0, 6, 11, 12, 13, 14, 15, 16, 17, 18, 19]]
[[3, 11, 18, 31, 13, 80], [0, 4, 6, 7, 8, 16, 19]]
[[3, 11, 18, 31, 13, 80], [0, 1, 2, 3, 4, 5, 6, 7, 8, 16, 19]]
[[3, 11, 18, 31, 13, 80], [0, 6, 11, 13, 14, 16, 19]]
[[3, 11, 18, 31, 13, 80], [0, 2, 4, 5, 6, 7, 8, 11, 13, 14, 16, 19]]
[[3, 11, 18, 31, 13, 80], [0, 4, 6, 7, 8, 11, 12, 13, 14, 15, 16, 19]]
[[3, 3, 18, 3, 23, 78], [0, 2, 6, 7, 9, 10, 13, 14, 18, 19]]
[[3, 3, 18, 3, 23, 78], [1, 2, 5, 6, 8, 9, 10, 11, 15]]
[[3, 3, 18, 3, 23, 78], [2, 3, 4, 5, 6, 7, 9, 11, 18, 19]]
[[3, 3, 18, 3, 23, 78], [0, 1, 2, 3, 4, 6, 8, 9, 13, 14, 15]]
[[3, 3, 18, 3, 23, 78], [0, 2, 6, 7, 8, 9, 12, 13, 19]]
[[3, 3, 18, 3, 23, 78], [1, 4, 5, 6, 7, 8, 9, 11, 12, 14, 15, 19]]
[[3, 3, 18, 3, 18, 60], [4, 6, 7, 9, 11, 13, 14]]
[[3, 3, 18, 3, 18, 60], [1, 3, 6, 8, 9, 11, 13, 14]]
[[3, 3, 18, 3, 18, 60], [1, 2, 3, 4, 6, 7, 9, 11, 12, 13, 15, 18, 19]]
[[3, 3, 18, 3, 18, 60], [4, 5, 6, 8, 9, 11, 12, 13, 15, 18, 19]]
[[3, 3, 18, 3, 33, 96], [0, 1, 2, 4, 6, 7, 9, 11, 13, 14, 17, 18]]
[[3, 3, 18, 3, 33, 96], [0, 1, 5, 6, 7, 9, 11, 13, 14, 17, 18]]
[[3, 3, 18, 3, 33, 96], [0, 1, 6, 8, 9, 11, 13, 14, 17, 19]]
[[3, 3, 18, 3, 33, 96], [0, 1, 2, 4, 5, 6, 8, 9, 11, 13, 14, 17, 19]]
[[3, 11, 21, 19, 38, 59], [2, 3, 4, 6, 7, 9, 10, 11, 12, 14, 18, 19]]
[[3, 11, 21, 19, 38, 59], [0, 1, 3, 6, 8, 9, 10, 12, 13, 15]]
[[3, 11, 21, 19, 38, 59], [0, 1, 2, 3, 4, 6, 7, 9, 13, 14, 18, 19]]
[[3, 11, 21, 19, 38, 59], [3, 6, 8, 9, 11, 15]]
[[3, 11, 21, 19, 38, 59], [1, 2, 6, 9, 11, 12, 14, 18]]
[[3, 11, 21, 19, 38, 59], [0, 2, 6, 9, 12, 13, 15, 18]]
[[3, 9, 21, 29, 18, 81], [2, 3, 6, 8, 9, 10, 11, 12, 14, 18, 19]]
[[3, 9, 21, 29, 18, 81], [0, 1, 3, 4, 5, 6, 7, 9, 10, 12, 13, 15, 18, 19]]
[[3, 9, 21, 29, 18, 81], [0, 5, 6, 8, 9, 12, 13]]
[[3, 9, 21, 29, 18, 81], [2, 3, 5, 6, 7, 9, 11, 15]]
[[3, 9, 21, 29, 18, 81], [1, 6, 9, 11, 12, 14, 19]]
[[3, 9, 21, 29, 18, 81], [0, 1, 3, 4, 6, 9, 13, 14, 15, 18]]
[[3, 5, 18, 5, 3, 68], [3, 5, 6, 7, 9, 10, 13, 14, 15, 18, 19]]
[[3, 5, 18, 5, 3, 68], [0, 1, 2, 3, 4, 5, 6, 8, 9, 10, 11, 12, 14, 15]]
[[3, 5, 18, 5, 3, 68], [0, 1, 2, 3, 4, 5, 6, 8, 9, 13]]
[[3, 5, 18, 5, 3, 68], [3, 5, 6, 7, 9, 11, 12, 18, 19]]
[[3, 5, 18, 5, 3, 68], [1, 4, 6, 9, 11, 14, 18]]
[[3, 5, 18, 5, 3, 68], [0, 2, 5, 6, 9, 12, 13, 14, 18]]
[[3, 5, 18, 5, 18, 80], [1, 3, 5, 6, 7, 9, 11, 13, 14, 18, 19]]
[[3, 5, 18, 5, 18, 80], [4, 5, 6, 8, 9, 11, 13, 14, 18, 19]]
[[3, 5, 18, 5, 18, 80], [4, 6, 7, 9, 11, 12, 13, 15]]
[[3, 5, 18, 5, 18, 80], [1, 2, 3, 4, 5, 6, 8, 9, 11, 12, 13, 15]]
[[3, 5, 12, 5, 23, 80], [1, 2, 4, 5, 6, 8, 9, 10, 13, 14, 15]]
[[3, 5, 12, 5, 23, 80], [0, 2, 4, 5, 6, 7, 9, 10, 11, 12, 14, 15]]
[[3, 5, 12, 5, 23, 80], [0, 5, 6, 7, 9, 13, 18, 19]]
[[3, 5, 12, 5, 23, 80], [3, 4, 6, 8, 9, 11, 14, 18, 19]]
[[3, 5, 12, 5, 23, 80], [1, 2, 4, 5, 6, 9, 11, 12, 19]]
[[3, 5, 12, 5, 23, 80], [0, 1, 2, 3, 5, 6, 9, 12, 13, 14, 18]]
[[3, 3, 27, 11, 43, 69], [1, 3, 6, 7, 9, 11, 13]]
[[3, 3, 27, 11, 43, 69], [4, 5, 6, 8, 9, 11, 12, 13, 14]]
[[3, 3, 27, 11, 43, 69], [0, 1, 2, 5, 6, 7, 9, 11, 12, 13, 15, 18, 19]]
[[3, 3, 27, 11, 43, 69], [0, 1, 2, 5, 6, 8, 9, 11, 12, 13, 15, 18, 19]]
[[3, 3, 27, 11, 43, 69], [6, 7, 9, 11, 13, 17, 18]]
[[3, 3, 27, 11, 43, 69], [1, 2, 3, 5, 6, 8, 9, 11, 12, 13, 14, 17, 19]]
[[3, 3, 27, 11, 48, 87], [5, 6, 7, 9, 11, 12, 13]]
[[3, 3, 27, 11, 48, 87], [1, 2, 3, 5, 6, 7, 9, 11, 12, 13, 18, 19]]
[[3, 3, 27, 11, 48, 87], [6, 8, 9, 11, 13, 14, 15, 18, 19]]
[[3, 3, 27, 11, 48, 87], [1, 3, 4, 5, 6, 8, 9, 11, 13, 14, 15]]
[[3, 7, 27, 23, 13, 85], [4, 6, 8, 9, 11, 13]]
[[3, 7, 27, 23, 13, 85], [1, 2, 3, 4, 6, 7, 9, 11, 12, 13, 14]]
[[3, 7, 27, 23, 13, 85], [0, 3, 6, 7, 9, 11, 12, 13, 15, 18, 19]]
[[3, 7, 27, 23, 13, 85], [0, 2, 3, 4, 5, 6, 8, 9, 11, 12, 13, 15, 18, 19]]
[[3, 7, 27, 23, 13, 85], [1, 3, 4, 6, 8, 9, 11, 13, 17, 18]]
[[3, 7, 27, 23, 13, 85], [6, 7, 9, 11, 12, 13, 14, 17, 19]]
[[3, 3, 15, 39, 43, 87], [1, 2, 3, 4, 6, 8, 9, 11, 13, 18, 19]]
[[3, 3, 15, 39, 43, 87], [2, 5, 6, 7, 9, 11, 12, 13, 14, 18, 19]]
[[3, 3, 15, 39, 43, 87], [0, 1, 4, 5, 6, 7, 9, 11, 12, 13, 15]]
[[3, 3, 15, 39, 43, 87], [0, 1, 4, 5, 6, 8, 9, 11, 12, 13, 15]]
[[3, 3, 15, 39, 43, 87], [2, 4, 6, 8, 9, 11, 13, 17, 19]]
[[3, 3, 15, 39, 43, 87], [1, 3, 4, 5, 6, 7, 9, 11, 12, 13, 14, 17, 18]]
[[3, 3, 21, 11, 33, 87], [0, 1, 4, 5, 6, 8, 9, 11, 13]]
[[3, 3, 21, 11, 33, 87], [0, 1, 2, 5, 6, 7, 9, 11, 12, 13, 14]]
[[3, 3, 21, 11, 33, 87], [0, 1, 2, 6, 8, 9, 11, 13, 15, 18, 19]]
[[3, 3, 21, 11, 33, 87], [0, 1, 2, 5, 6, 7, 9, 11, 12, 13, 14, 15, 18, 19]]
[[3, 3, 21, 11, 33, 87], [0, 1, 2, 4, 6, 7, 9, 11, 13, 17, 18]]
[[3, 3, 21, 11, 33, 87], [1, 3, 4, 5, 6, 7, 9, 11, 12, 13, 17, 18]]
[[3, 3, 21, 11, 33, 87], [2, 4, 5, 6, 8, 9, 11, 12, 13, 17, 19]]
[[3, 3, 21, 11, 33, 87], [0, 1, 2, 4, 6, 8, 9, 11, 12, 13, 14, 17, 19]]
[[3, 3, 21, 11, 33, 87], [0, 1, 6, 7, 9, 11, 13, 15, 17, 18]]
[[3, 3, 21, 11, 33, 87], [2, 4, 6, 7, 9, 11, 13, 14, 15, 17, 18]]
[[3, 3, 21, 11, 33, 87], [1, 2, 3, 5, 6, 8, 9, 11, 13, 14, 15, 17, 19]]
[[3, 3, 21, 11, 33, 87], [0, 1, 2, 4, 5, 6, 8, 9, 11, 12, 13, 14, 15, 17, 19]]
[[3, 3, 21, 11, 38, 75], [1, 3, 5, 6, 7, 9, 11, 12, 13]]
[[3, 3, 21, 11, 38, 75], [1, 2, 3, 4, 5, 6, 7, 9, 11, 12, 13, 18, 19]]
[[3, 3, 21, 11, 38, 75], [5, 6, 8, 9, 11, 12, 13]]
[[3, 3, 21, 11, 38, 75], [2, 5, 6, 8, 9, 11, 12, 13, 18, 19]]
[[3, 3, 21, 11, 38, 75], [1, 2, 3, 5, 6, 8, 9, 11, 12, 13, 18, 19]]
[[3, 3, 21, 11, 38, 75], [4, 5, 6, 8, 9, 11, 12, 13]]
[[3, 3, 21, 11, 38, 75], [2, 6, 7, 9, 11, 13, 14, 18, 19]]
[[3, 3, 21, 11, 38, 75], [6, 8, 9, 11, 13, 14]]
[[3, 3, 21, 11, 38, 75], [1, 2, 3, 6, 8, 9, 11, 13, 14, 18, 19]]
[[3, 3, 21, 11, 38, 75], [1, 3, 4, 6, 8, 9, 11, 13, 14]]
[[3, 3, 21, 11, 38, 75], [2, 4, 6, 8, 9, 11, 13, 14, 18, 19]]
[[3, 3, 21, 11, 38, 75], [1, 2, 3, 4, 6, 8, 9, 11, 13, 14, 18, 19]]
[[3, 3, 21, 11, 38, 75], [6, 7, 9, 11, 12, 13, 15]]
[[3, 3, 21, 11, 38, 75], [1, 3, 6, 7, 9, 11, 12, 13, 15]]
[[3, 3, 21, 11, 38, 75], [2, 4, 6, 7, 9, 11, 12, 13, 15, 18, 19]]
[[3, 3, 21, 11, 38, 75], [1, 2, 3, 5, 6, 7, 9, 11, 12, 13, 15]]
[[3, 3, 21, 11, 38, 75], [1, 3, 4, 5, 6, 7, 9, 11, 12, 13, 15, 18, 19]]
[[3, 3, 21, 11, 38, 75], [2, 5, 6, 8, 9, 11, 12, 13, 15]]
[[3, 3, 21, 11, 38, 75], [6, 7, 9, 11, 13, 14, 15, 18, 19]]
[[3, 3, 21, 11, 38, 75], [2, 5, 6, 7, 9, 11, 13, 14, 15, 18, 19]]
[[3, 3, 21, 11, 38, 75], [4, 5, 6, 7, 9, 11, 13, 14, 15]]
[[3, 3, 21, 11, 38, 75], [1, 3, 4, 5, 6, 7, 9, 11, 13, 14, 15]]
[[3, 3, 21, 11, 38, 75], [1, 3, 6, 8, 9, 11, 13, 14, 15, 18, 19]]
[[3, 3, 21, 11, 38, 75], [1, 2, 3, 4, 6, 8, 9, 11, 13, 14, 15]]
