[[4, 6, 4, 22, 59, 114], [0, 3, 4, 6, 10, 11, 19]]
[[4, 6, 4, 22, 59, 114], [0, 3, 4, 5, 6, 7, 8, 10, 11, 15, 19]]
[[4, 6, 4, 22, 59, 114], [0, 2, 4, 5, 6, 7, 8, 11, 12, 19]]
[[4, 6, 4, 22, 59, 114], [0, 5, 6, 11, 12, 15, 19]]
[[4, 6, 4, 22, 59, 114], [0, 2, 4, 5, 7, 8, 9, 13, 14, 18, 19]]
[[4, 6, 4, 22, 59, 114], [0, 1, 3, 4, 5, 9, 12, 13, 15]]
[[4, 6, 4, 22, 34, 66], [1, 3, 6, 7, 8, 9, 10, 11, 12, 14, 15, 18, 19]]
[[4, 6, 4, 22, 34, 66], [0, 1, 4, 6, 7, 8, 9, 10, 13, 14, 17, 18]]
[[4, 6, 4, 22, 34, 66], [2, 6, 10, 11, 15, 18, 19]]
[[4, 6, 4, 22, 34, 66], [0, 3, 6, 10, 12, 13, 17, 19]]
[[4, 6, 4, 22, 34, 66], [0, 2, 3, 5, 9, 11, 12, 17]]
[[4, 6, 4, 22, 34, 66], [0, 2, 3, 9, 12, 13, 19]]
[[4, 6, 4, 22, 34, 66], [0, 3, 4, 5, 6, 11, 12, 15, 18, 19]]
[[4, 6, 4, 22, 34, 66], [0, 1, 2, 4, 5, 6, 13, 14, 15, 17, 19]]
[[4, 12, 4, 32, 39, 72], [0, 1, 2, 4, 6, 7, 8, 9, 10, 11, 14, 18, 19]]
[[4, 12, 4, 32, 39, 72], [2, 6, 9, 10, 12, 13, 14, 15]]
[[4, 12, 4, 32, 39, 72], [0, 1, 6, 7, 8, 10, 11, 14]]
[[4, 12, 4, 32, 39, 72], [4, 6, 10, 12, 13, 14, 15, 18, 19]]
[[4, 12, 4, 32, 39, 72], [0, 2, 3, 5, 7, 8, 9, 13, 14, 17, 18, 19]]
[[4, 12, 4, 32, 39, 72], [1, 2, 3, 4, 5, 9, 11, 12, 14, 15, 17]]
[[4, 12, 4, 32, 39, 72], [4, 5, 6, 7, 8, 11]]
[[4, 12, 4, 32, 39, 72], [0, 1, 5, 6, 12, 13, 15, 18, 19]]
[[4, 14, 7, 18, 29, 101], [0, 1, 5, 6, 9, 10, 11, 15]]
[[4, 14, 7, 18, 29, 101], [6, 9, 10, 12, 13, 17, 18]]
[[4, 14, 7, 18, 29, 101], [0, 1, 2, 4, 5, 6, 7, 8, 10, 11]]
[[4, 14, 7, 18, 29, 101], [2, 4, 5, 6, 7, 8, 10, 12, 13, 15, 17, 19]]
[[4, 14, 7, 18, 29, 101], [0, 1, 2, 7, 8, 9, 11, 12, 14, 17, 18, 19]]
[[4, 14, 7, 18, 29, 101], [0, 3, 5, 7, 8, 9, 12, 13, 14, 19]]
[[4, 14, 7, 18, 29, 101], [0, 1, 2, 6, 7, 8, 11, 12, 14]]
[[4, 14, 7, 18, 29, 101], [0, 1, 4, 5, 6, 7, 8, 13, 17, 19]]
[[4, 14, 4, 26, 29, 68], [0, 1, 2, 6, 7, 8, 10, 11, 12, 14, 19]]
[[4, 14, 4, 26, 29, 68], [0, 1, 2, 6, 7, 8, 10, 11, 12, 14, 15, 18]]
[[4, 14, 4, 26, 29, 68], [0, 1, 2, 3, 4, 5, 6, 7, 8, 11, 14, 18]]
[[4, 14, 4, 26, 29, 68], [0, 1, 3, 6, 7, 8, 11, 14, 15, 19]]
[[4, 14, 4, 26, 29, 68], [0, 1, 3, 7, 8, 9, 12, 13]]
[[4, 14, 4, 26, 29, 68], [0, 2, 5, 7, 8, 9, 13, 14, 15]]
[[4, 6, 4, 18, 14, 72], [1, 2, 3, 4, 6, 10, 11, 19]]
[[4, 6, 4, 18, 14, 72], [2, 5, 6, 7, 8, 10, 11, 12, 14, 19]]
[[4, 6, 4, 18, 14, 72], [0, 2, 5, 6, 11, 15, 19]]
[[4, 6, 4, 18, 14, 72], [0, 2, 5, 6, 7, 8, 11, 15, 19]]
[[4, 6, 4, 18, 14, 72], [0, 4, 7, 8, 9, 13, 18, 19]]
[[4, 6, 4, 18, 14, 72], [0, 1, 2, 3, 4, 5, 9, 12, 13, 14]]
[[4, 6, 4, 18, 44, 84], [1, 2, 3, 6, 7, 8, 9, 10, 11]]
[[4, 6, 4, 18, 44, 84], [0, 1, 5, 6, 9, 10, 12, 13, 15, 17, 19]]
[[4, 6, 4, 18, 44, 84], [2, 4, 6, 7, 8, 10, 11, 12, 14, 18, 19]]
[[4, 6, 4, 18, 44, 84], [0, 2, 3, 5, 6, 10, 13, 14, 15, 17, 19]]
[[4, 6, 4, 18, 44, 84], [0, 2, 3, 4, 9, 11, 14, 15, 17, 18, 19]]
[[4, 6, 4, 18, 44, 84], [0, 1, 4, 5, 7, 8, 9, 12, 13, 15, 18]]
[[4, 6, 4, 18, 44, 84], [0, 2, 3, 4, 6, 7, 8, 11, 14, 18, 19]]
[[4, 6, 4, 18, 44, 84], [0, 2, 3, 4, 6, 13, 14, 17, 19]]
[[4, 6, 4, 18, 29, 36], [0, 2, 3, 6, 7, 8, 9, 10, 11, 18, 19]]
[[4, 6, 4, 18, 29, 36], [1, 2, 3, 6, 7, 8, 9, 10, 12, 13, 15, 17, 18]]
[[4, 6, 4, 18, 29, 36], [0, 2, 3, 5, 6, 10, 11, 15, 18, 19]]
[[4, 6, 4, 18, 29, 36], [1, 2, 3, 6, 10, 12, 13, 17, 19]]
[[4, 6, 4, 18, 29, 36], [0, 3, 5, 9, 11, 12, 14, 15, 17]]
[[4, 6, 4, 18, 29, 36], [0, 2, 3, 4, 9, 13, 15, 19]]
[[4, 6, 4, 18, 29, 36], [0, 2, 3, 4, 6, 11, 12, 14, 15, 18, 19]]
[[4, 6, 4, 18, 29, 36], [0, 1, 4, 5, 6, 12, 13, 14, 15, 17, 19]]
[[4, 14, 13, 22, 19, 95], [0, 1, 4, 5, 6, 7, 8, 10, 11, 18]]
[[4, 14, 13, 22, 19, 95], [0, 1, 2, 6, 7, 8, 10, 11, 15, 19]]
[[4, 14, 13, 22, 19, 95], [0, 1, 3, 6, 7, 8, 11, 12, 19]]
[[4, 14, 13, 22, 19, 95], [0, 1, 3, 6, 7, 8, 11, 12, 15, 18]]
[[4, 14, 13, 22, 19, 95], [0, 2, 5, 7, 8, 9, 12, 13]]
[[4, 14, 13, 22, 19, 95], [0, 1, 2, 3, 4, 5, 7, 8, 9, 13, 14, 15]]
[[4, 14, 13, 22, 34, 59], [1, 2, 5, 7, 8, 9, 10, 11, 17, 18, 19]]
[[4, 14, 13, 22, 34, 59], [0, 2, 5, 7, 8, 9, 10, 13, 14, 15, 17, 18]]
[[4, 14, 13, 22, 34, 59], [2, 3, 6, 9, 11, 15]]
[[4, 14, 13, 22, 34, 59], [1, 5, 6, 7, 8, 11, 12, 14]]
[[4, 14, 13, 22, 34, 59], [0, 3, 5, 7, 8, 9, 12, 13, 14, 15, 17, 19]]
[[4, 14, 13, 22, 34, 59], [0, 1, 4, 5, 6, 9, 13, 15, 19]]
[[4, 14, 13, 22, 19, 89], [1, 2, 4, 7, 8, 9, 10, 11, 14, 15, 17, 18, 19]]
[[4, 14, 13, 22, 19, 89], [0, 2, 5, 7, 8, 9, 10, 13, 15]]
[[4, 14, 13, 22, 19, 89], [1, 3, 5, 7, 8, 9, 10, 13, 17, 18]]
[[4, 14, 13, 22, 19, 89], [1, 2, 3, 4, 5, 7, 8, 9, 10, 13, 17, 19]]
[[4, 14, 13, 22, 19, 89], [0, 2, 3, 7, 8, 9, 10, 11, 12, 15, 17, 19]]
[[4, 14, 13, 22, 19, 89], [0, 3, 4, 7, 8, 9, 10, 11, 12, 15, 17, 18]]
[[4, 14, 13, 22, 19, 89], [0, 1, 2, 3, 4, 5, 6, 9, 11, 12, 14]]
[[4, 14, 13, 22, 19, 89], [0, 1, 2, 3, 4, 5, 6, 7, 8, 11, 12, 14]]
[[4, 14, 13, 22, 19, 89], [0, 4, 6, 9, 13, 18]]
[[4, 14, 13, 22, 19, 89], [0, 1, 2, 3, 4, 5, 6, 9, 12, 13, 14, 19]]
[[4, 14, 13, 22, 19, 89], [1, 5, 6, 9, 11, 12, 15, 18]]
[[4, 14, 13, 22, 19, 89], [2, 3, 6, 9, 11, 14, 15, 19]]
[[4, 14, 13, 22, 19, 89], [0, 2, 3, 4, 7, 8, 9, 13, 14, 15]]
[[4, 14, 13, 22, 19, 89], [0, 1, 4, 5, 6, 9, 12, 13, 17, 18, 19]]
[[4, 12, 7, 32, 29, 63], [0, 2, 3, 6, 7, 8, 10, 11, 12, 19]]
[[4, 12, 7, 32, 29, 63], [0, 3, 4, 6, 7, 8, 10, 11, 12, 18]]
[[4, 12, 7, 32, 29, 63], [1, 6, 7, 8, 11, 12, 15, 19]]
[[4, 12, 7, 32, 29, 63], [2, 3, 5, 6, 7, 8, 11, 14, 15, 18]]
[[4, 12, 7, 32, 29, 63], [0, 4, 5, 7, 8, 9, 13, 15, 17, 19]]
[[4, 12, 7, 32, 29, 63], [0, 1, 2, 3, 4, 7, 8, 9, 12, 13, 14, 15, 17, 18]]
[[4, 12, 7, 32, 29, 81], [0, 1, 2, 4, 6, 7, 8, 9, 10, 13, 18, 19]]
[[4, 12, 7, 32, 29, 81], [1, 2, 3, 4, 6, 9, 10, 11, 12, 15]]
[[4, 12, 7, 32, 29, 81], [4, 6, 10, 11, 14, 18, 19]]
[[4, 12, 7, 32, 29, 81], [0, 2, 3, 5, 6, 7, 8, 10, 12, 13, 14, 15]]
[[4, 12, 7, 32, 29, 81], [1, 3, 4, 5, 7, 8, 9, 11, 14, 17, 18, 19]]
[[4, 12, 7, 32, 29, 81], [0, 2, 3, 4, 5, 9, 13, 15, 17]]
[[4, 12, 7, 32, 29, 81], [5, 6, 11, 12, 18, 19]]
[[4, 12, 7, 32, 29, 81], [0, 1, 4, 6, 7, 8, 12, 13, 14, 15]]
[[4, 12, 7, 32, 29, 57], [0, 1, 6, 9, 10, 11, 12, 14, 18, 19]]
[[4, 12, 7, 32, 29, 57], [2, 4, 6, 9, 10, 13, 14, 15, 17, 19]]
[[4, 12, 7, 32, 29, 57], [0, 1, 5, 6, 7, 8, 10, 11, 12, 14, 15, 18, 19]]
[[4, 12, 7, 32, 29, 57], [2, 4, 6, 7, 8, 10, 13, 14, 17, 18]]
[[4, 12, 7, 32, 29, 57], [0, 2, 3, 4, 7, 8, 9, 11, 12, 14, 15, 17]]
[[4, 12, 7, 32, 29, 57], [0, 1, 2, 7, 8, 9, 12, 13, 14, 15, 18]]
[[4, 12, 7, 32, 29, 57], [0, 3, 5, 6, 7, 8, 11, 12, 14, 15, 18, 19]]
[[4, 12, 7, 32, 29, 57], [0, 3, 5, 6, 7, 8, 13, 15, 17, 18]]
[[4, 12, 7, 32, 34, 63], [1, 2, 3, 4, 6, 9, 10, 11, 12, 14, 18, 19]]
[[4, 12, 7, 32, 34, 63], [0, 1, 2, 5, 6, 9, 10, 13, 14, 15, 17, 19]]
[[4, 12, 7, 32, 34, 63], [4, 6, 7, 8, 10, 11, 18, 19]]
[[4, 12, 7, 32, 34, 63], [0, 2, 3, 4, 5, 6, 7, 8, 10, 12, 13, 15, 17, 18]]
[[4, 12, 7, 32, 34, 63], [0, 2, 3, 7, 8, 9, 11, 12, 15, 17]]
[[4, 12, 7, 32, 34, 63], [0, 1, 2, 4, 5, 7, 8, 9, 13, 14, 15, 18]]
[[4, 12, 7, 32, 34, 63], [0, 3, 4, 6, 7, 8, 11, 12, 18, 19]]
[[4, 12, 7, 32, 34, 63], [0, 2, 3, 6, 7, 8, 12, 13, 17, 18]]
[[4, 12, 7, 32, 19, 57], [2, 5, 6, 9, 10, 11, 12, 14]]
[[4, 12, 7, 32, 19, 57], [0, 2, 3, 4, 6, 9, 10, 13, 14, 15, 17, 18]]
[[4, 12, 7, 32, 19, 57], [1, 2, 3, 4, 6, 7, 8, 10, 11]]
[[4, 12, 7, 32, 19, 57], [0, 1, 4, 5, 6, 7, 8, 10, 12, 13, 15, 17, 19]]
[[4, 12, 7, 32, 19, 57], [0, 1, 7, 8, 9, 11, 12, 15, 17, 18, 19]]
[[4, 12, 7, 32, 19, 57], [0, 3, 4, 5, 7, 8, 9, 13, 14, 15, 19]]
[[4, 12, 7, 32, 19, 57], [0, 1, 5, 6, 7, 8, 11, 12]]
[[4, 12, 7, 32, 19, 57], [0, 1, 2, 4, 5, 6, 7, 8, 12, 13, 17, 19]]
[[4, 12, 7, 32, 24, 63], [0, 2, 5, 7, 8, 9, 10, 12, 13, 17, 18, 19]]
[[4, 12, 7, 32, 24, 63], [1, 2, 5, 7, 8, 9, 10, 11, 12, 14, 15, 17, 18]]
[[4, 12, 7, 32, 24, 63], [0, 1, 2, 3, 6, 9, 12, 13, 15]]
[[4, 12, 7, 32, 24, 63], [0, 6, 13, 14, 18, 19]]
[[4, 12, 7, 32, 24, 63], [1, 3, 9, 11, 14, 15, 17, 18]]
[[4, 12, 7, 32, 24, 63], [4, 5, 6, 9, 11, 12, 15, 19]]
[[4, 12, 7, 32, 44, 81], [1, 4, 7, 8, 9, 10, 11, 12, 14, 17]]
[[4, 12, 7, 32, 44, 81], [0, 4, 5, 7, 8, 9, 10, 12, 13, 15, 17, 18]]
[[4, 12, 7, 32, 44, 81], [2, 3, 6, 9, 11, 12, 14, 15, 18, 19]]
[[4, 12, 7, 32, 44, 81], [1, 2, 4, 6, 7, 8, 11, 18, 19]]
[[4, 12, 7, 32, 44, 81], [0, 1, 2, 7, 8, 9, 12, 13, 14, 15, 17, 19]]
[[4, 12, 7, 32, 44, 81], [0, 3, 5, 6, 9, 13, 15, 19]]
[[4, 10, 4, 34, 24, 70], [0, 2, 3, 5, 6, 9, 10, 11, 12, 14, 18, 19]]
[[4, 10, 4, 34, 24, 70], [4, 5, 6, 9, 10, 11, 12, 14, 18, 19]]
[[4, 10, 4, 34, 24, 70], [0, 3, 6, 9, 10, 13, 14, 15, 17, 19]]
[[4, 10, 4, 34, 24, 70], [1, 3, 4, 5, 6, 9, 10, 13, 14, 15, 17, 19]]
[[4, 10, 4, 34, 24, 70], [1, 3, 6, 7, 8, 10, 11, 18, 19]]
[[4, 10, 4, 34, 24, 70], [0, 3, 4, 5, 6, 7, 8, 10, 11, 12, 14, 15, 18, 19]]
[[4, 10, 4, 34, 24, 70], [1, 2, 3, 6, 7, 8, 10, 13, 14, 17, 18]]
[[4, 10, 4, 34, 24, 70], [0, 1, 2, 5, 6, 7, 8, 10, 12, 13, 15, 17, 18]]
[[4, 10, 4, 34, 24, 70], [0, 2, 3, 4, 5, 7, 8, 9, 11, 15, 17]]
[[4, 10, 4, 34, 24, 70], [0, 2, 3, 5, 7, 8, 9, 11, 14, 15, 17]]
[[4, 10, 4, 34, 24, 70], [0, 1, 2, 5, 7, 8, 9, 13, 15, 18]]
[[4, 10, 4, 34, 24, 70], [0, 1, 2, 4, 7, 8, 9, 12, 13, 15, 18]]
[[4, 10, 4, 34, 24, 70], [0, 2, 3, 6, 7, 8, 11, 14, 18, 19]]
[[4, 10, 4, 34, 24, 70], [0, 2, 3, 4, 5, 6, 7, 8, 11, 15, 18, 19]]
[[4, 10, 4, 34, 24, 70], [0, 3, 4, 6, 7, 8, 13, 14, 17, 18]]
[[4, 10, 4, 34, 24, 70], [0, 2, 3, 4, 5, 6, 7, 8, 12, 13, 14, 15, 17, 18]]
[[4, 10, 4, 34, 9, 52], [1, 2, 3, 4, 6, 9, 10, 11, 12, 14, 15]]
[[4, 10, 4, 34, 9, 52], [0, 1, 2, 6, 9, 10, 13, 14, 17, 19]]
[[4, 10, 4, 34, 9, 52], [4, 6, 7, 8, 10, 11, 15]]
[[4, 10, 4, 34, 9, 52], [0, 2, 3, 4, 6, 7, 8, 10, 12, 13, 17, 18]]
[[4, 10, 4, 34, 9, 52], [0, 3, 4, 5, 7, 8, 9, 11, 12, 17, 18, 19]]
[[4, 10, 4, 34, 9, 52], [0, 3, 4, 7, 8, 9, 12, 13, 18]]
[[4, 10, 4, 34, 9, 52], [0, 2, 3, 5, 6, 7, 8, 11, 12, 15]]
[[4, 10, 4, 34, 9, 52], [0, 1, 5, 6, 7, 8, 13, 14, 15, 17, 18]]
[[4, 10, 4, 14, 34, 58], [0, 2, 4, 5, 7, 8, 9, 10, 11, 14, 15, 17, 18, 19]]
[[4, 10, 4, 14, 34, 58], [1, 2, 5, 7, 8, 9, 10, 12, 13, 14, 18, 19]]
[[4, 10, 4, 14, 34, 58], [0, 4, 6, 9, 11, 12]]
[[4, 10, 4, 14, 34, 58], [0, 2, 5, 6, 11, 12, 15, 18, 19]]
[[4, 10, 4, 14, 34, 58], [0, 3, 5, 9, 13, 15]]
[[4, 10, 4, 14, 34, 58], [0, 1, 2, 6, 9, 12, 13, 14, 15, 17]]
[[4, 14, 7, 22, 39, 83], [0, 1, 4, 5, 6, 9, 10, 12, 13, 14]]
[[4, 14, 7, 22, 39, 83], [1, 2, 3, 5, 6, 9, 10, 11, 14, 15]]
[[4, 14, 7, 22, 39, 83], [2, 4, 5, 6, 7, 8, 10, 11, 12]]
[[4, 14, 7, 22, 39, 83], [0, 2, 3, 4, 6, 7, 8, 10, 13, 15]]
[[4, 14, 7, 22, 39, 83], [1, 3, 7, 8, 9, 11, 12, 17, 18, 19]]
[[4, 14, 7, 22, 39, 83], [0, 3, 4, 7, 8, 9, 12, 13, 14, 15, 17, 18, 19]]
[[4, 14, 7, 22, 39, 83], [2, 6, 7, 8, 11, 14]]
[[4, 14, 7, 22, 39, 83], [0, 1, 5, 6, 7, 8, 13, 15]]
[[4, 14, 7, 22, 29, 95], [1, 7, 8, 9, 10, 11, 12, 17]]
[[4, 14, 7, 22, 29, 95], [0, 4, 5, 7, 8, 9, 10, 12, 13, 14, 18, 19]]
[[4, 14, 7, 22, 29, 95], [0, 4, 6, 9, 11, 12, 14, 15, 18, 19]]
[[4, 14, 7, 22, 29, 95], [0, 2, 5, 6, 7, 8, 11, 12, 14, 15, 18, 19]]
[[4, 14, 7, 22, 29, 95], [0, 1, 2, 7, 8, 9, 13, 14, 18, 19]]
[[4, 14, 7, 22, 29, 95], [0, 2, 3, 4, 6, 9, 12, 13, 15, 17]]
[[4, 14, 7, 22, 34, 89], [2, 3, 7, 8, 9, 10, 11, 12, 17, 18, 19]]
[[4, 14, 7, 22, 34, 89], [0, 1, 3, 7, 8, 9, 10, 12, 13, 14]]
[[4, 14, 7, 22, 34, 89], [0, 1, 3, 5, 6, 9, 11, 12, 14, 15]]
[[4, 14, 7, 22, 34, 89], [0, 1, 3, 5, 6, 7, 8, 11, 12, 14, 15]]
[[4, 14, 7, 22, 34, 89], [0, 2, 3, 4, 5, 7, 8, 9, 13, 14]]
[[4, 14, 7, 22, 34, 89], [0, 1, 4, 6, 9, 12, 13, 15, 17, 18, 19]]
[[4, 14, 7, 22, 39, 71], [0, 2, 5, 7, 8, 9, 10, 11, 14, 15, 17, 18, 19]]
[[4, 14, 7, 22, 39, 71], [1, 2, 4, 7, 8, 9, 10, 12, 13, 14]]
[[4, 14, 7, 22, 39, 71], [0, 1, 2, 3, 6, 9, 11, 14]]
[[4, 14, 7, 22, 39, 71], [0, 1, 3, 4, 6, 7, 8, 11, 14, 15]]
[[4, 14, 7, 22, 39, 71], [0, 2, 3, 7, 8, 9, 13, 15]]
[[4, 14, 7, 22, 39, 71], [0, 1, 6, 9, 12, 13, 14, 15, 17, 18, 19]]
[[4, 14, 7, 22, 24, 95], [0, 2, 4, 5, 7, 8, 9, 10, 13, 14, 15, 17, 18, 19]]
[[4, 14, 7, 22, 24, 95], [1, 2, 4, 7, 8, 9, 10, 11, 17, 19]]
[[4, 14, 7, 22, 24, 95], [0, 4, 6, 9, 12, 13]]
[[4, 14, 7, 22, 24, 95], [0, 1, 3, 6, 7, 8, 13, 14, 15]]
[[4, 14, 7, 22, 24, 95], [1, 3, 4, 7, 8, 9, 11, 12, 17, 18]]
[[4, 14, 7, 22, 24, 95], [2, 4, 5, 6, 9, 11, 14, 18]]
[[4, 12, 7, 16, 64, 69], [0, 2, 7, 8, 9, 10, 11, 12, 15, 17, 18, 19]]
[[4, 12, 7, 16, 64, 69], [1, 2, 4, 7, 8, 9, 10, 13, 18, 19]]
[[4, 12, 7, 16, 64, 69], [0, 5, 6, 9, 11, 14]]
[[4, 12, 7, 16, 64, 69], [0, 6, 7, 8, 11, 14, 15]]
[[4, 12, 7, 16, 64, 69], [0, 2, 3, 7, 8, 9, 12, 13, 14, 15, 18, 19]]
[[4, 12, 7, 16, 64, 69], [0, 1, 2, 4, 5, 6, 9, 13, 15, 17]]
[[4, 12, 7, 16, 49, 75], [1, 4, 7, 8, 9, 10, 11, 12, 14, 15, 17, 18, 19]]
[[4, 12, 7, 16, 49, 75], [0, 4, 7, 8, 9, 10, 12, 13, 17, 18]]
[[4, 12, 7, 16, 49, 75], [3, 4, 5, 6, 9, 11, 12, 14]]
[[4, 12, 7, 16, 49, 75], [1, 5, 6, 7, 8, 11, 15]]
[[4, 12, 7, 16, 49, 75], [0, 3, 5, 7, 8, 9, 13, 17, 19]]
[[4, 12, 7, 16, 49, 75], [0, 1, 2, 6, 9, 12, 13, 14, 19]]
[[4, 12, 7, 16, 39, 81], [0, 2, 4, 5, 7, 8, 9, 10, 13, 15, 19]]
[[4, 12, 7, 16, 39, 81], [1, 2, 5, 7, 8, 9, 10, 11, 14, 15, 17, 19]]
[[4, 12, 7, 16, 39, 81], [0, 4, 6, 9, 13, 15, 17, 18]]
[[4, 12, 7, 16, 39, 81], [0, 1, 2, 3, 4, 5, 6, 7, 8, 12, 13, 14, 15, 17, 19]]
[[4, 12, 7, 16, 39, 81], [0, 1, 2, 7, 8, 9, 11, 12, 17, 18]]
[[4, 12, 7, 16, 39, 81], [0, 1, 2, 6, 9, 11, 12, 15, 18]]
[[4, 12, 10, 36, 34, 66], [1, 2, 3, 4, 5, 6, 10, 11, 15, 19]]
[[4, 12, 10, 36, 34, 66], [2, 6, 7, 8, 10, 11, 12, 14, 15, 19]]
[[4, 12, 10, 36, 34, 66], [0, 1, 3, 6, 11, 12, 14, 19]]
[[4, 12, 10, 36, 34, 66], [0, 1, 3, 6, 7, 8, 11, 12, 14, 19]]
[[4, 12, 10, 36, 34, 66], [0, 2, 5, 7, 8, 9, 13, 15]]
[[4, 12, 10, 36, 34, 66], [0, 1, 3, 9, 12, 13, 14, 15, 18, 19]]
[[4, 12, 10, 36, 24, 54], [1, 3, 4, 6, 7, 8, 10, 11, 15, 19]]
[[4, 12, 10, 36, 24, 54], [6, 7, 8, 10, 11, 12, 14, 15, 18]]
[[4, 12, 10, 36, 24, 54], [0, 1, 3, 4, 6, 7, 8, 11, 12, 14, 19]]
[[4, 12, 10, 36, 24, 54], [0, 1, 3, 4, 5, 6, 7, 8, 11, 12, 14, 18]]
[[4, 12, 10, 36, 24, 54], [0, 7, 8, 9, 13, 15]]
[[4, 12, 10, 36, 24, 54], [0, 1, 2, 3, 7, 8, 9, 12, 13, 14, 15]]
[[4, 12, 10, 36, 34, 54], [2, 4, 5, 6, 9, 10, 11, 12]]
[[4, 12, 10, 36, 34, 54], [0, 2, 3, 4, 6, 9, 10, 13, 15]]
[[4, 12, 10, 36, 34, 54], [0, 1, 4, 5, 6, 7, 8, 10, 12, 13, 14]]
[[4, 12, 10, 36, 34, 54], [1, 2, 3, 5, 6, 7, 8, 10, 11, 14, 15]]
[[4, 12, 10, 36, 34, 54], [0, 3, 4, 5, 7, 8, 9, 12, 13, 14, 17, 18, 19]]
[[4, 12, 10, 36, 34, 54], [1, 2, 3, 4, 7, 8, 9, 11, 12, 15, 17, 18, 19]]
[[4, 12, 10, 36, 34, 54], [0, 1, 6, 7, 8, 13]]
[[4, 12, 10, 36, 34, 54], [4, 6, 7, 8, 11, 14, 15]]
[[4, 12, 10, 36, 19, 66], [4, 5, 6, 9, 10, 11, 14]]
[[4, 12, 10, 36, 19, 66], [0, 2, 3, 6, 7, 8, 9, 10, 12, 13, 14, 15, 18, 19]]
[[4, 12, 10, 36, 19, 66], [0, 1, 2, 4, 5, 6, 7, 8, 10, 13]]
[[4, 12, 10, 36, 19, 66], [1, 2, 3, 4, 5, 6, 10, 11, 12, 15, 18, 19]]
[[4, 12, 10, 36, 19, 66], [0, 3, 5, 9, 13, 17]]
[[4, 12, 10, 36, 19, 66], [1, 3, 4, 7, 8, 9, 11, 14, 15, 17, 18, 19]]
[[4, 12, 10, 36, 19, 66], [0, 1, 2, 6, 7, 8, 12, 13, 14]]
[[4, 12, 10, 36, 19, 66], [6, 11, 12, 15, 18, 19]]
[[4, 12, 10, 36, 19, 60], [0, 3, 5, 6, 9, 10, 12, 13, 14]]
[[4, 12, 10, 36, 19, 60], [2, 4, 5, 6, 9, 10, 11, 14, 15]]
[[4, 12, 10, 36, 19, 60], [1, 3, 4, 6, 7, 8, 10, 11, 12]]
[[4, 12, 10, 36, 19, 60], [0, 1, 4, 5, 6, 7, 8, 10, 13, 15]]
[[4, 12, 10, 36, 19, 60], [1, 2, 3, 4, 7, 8, 9, 11, 14, 17, 18, 19]]
[[4, 12, 10, 36, 19, 60], [0, 2, 3, 7, 8, 9, 13, 15, 17, 18, 19]]
[[4, 12, 10, 36, 19, 60], [2, 5, 6, 7, 8, 11, 12]]
[[4, 12, 10, 36, 19, 60], [0, 1, 6, 7, 8, 12, 13, 14, 15]]
[[4, 14, 7, 34, 24, 47], [2, 4, 5, 6, 7, 8, 10, 11, 15, 19]]
[[4, 14, 7, 34, 24, 47], [1, 3, 4, 6, 7, 8, 10, 11, 12, 14, 15, 18]]
[[4, 14, 7, 34, 24, 47], [0, 1, 2, 6, 9, 10, 11, 12]]
[[4, 14, 7, 34, 24, 47], [6, 9, 10, 13, 15]]
[[4, 14, 7, 34, 24, 47], [0, 1, 2, 6, 7, 8, 10, 11, 12]]
[[4, 14, 7, 34, 24, 47], [6, 7, 8, 10, 13, 15]]
[[4, 14, 7, 34, 24, 47], [0, 1, 2, 3, 5, 6, 7, 8, 11, 18]]
[[4, 14, 7, 34, 24, 47], [0, 1, 3, 4, 5, 6, 7, 8, 11, 19]]
[[4, 14, 7, 34, 24, 47], [0, 3, 5, 7, 8, 9, 12, 13, 17, 18, 19]]
[[4, 14, 7, 34, 24, 47], [1, 2, 3, 5, 7, 8, 9, 11, 15, 17, 18, 19]]
[[4, 14, 7, 34, 24, 47], [2, 4, 5, 6, 7, 8, 11, 12, 14]]
[[4, 14, 7, 34, 24, 47], [0, 1, 4, 5, 6, 7, 8, 13, 14, 15]]
[[4, 14, 7, 34, 24, 47], [0, 1, 2, 3, 5, 7, 8, 9, 13, 15]]
[[4, 14, 7, 34, 24, 47], [0, 2, 4, 7, 8, 9, 12, 13, 14, 15]]
[[4, 14, 7, 34, 34, 59], [0, 1, 6, 9, 10, 11]]
[[4, 14, 7, 34, 34, 59], [6, 9, 10, 12, 13, 15, 17, 19]]
[[4, 14, 7, 34, 34, 59], [0, 1, 2, 4, 6, 7, 8, 10, 11, 15]]
[[4, 14, 7, 34, 34, 59], [2, 4, 5, 6, 7, 8, 10, 12, 13, 17, 18]]
[[4, 14, 7, 34, 34, 59], [0, 3, 5, 7, 8, 9, 11, 15, 17, 18, 19]]
[[4, 14, 7, 34, 34, 59], [0, 2, 3, 4, 7, 8, 9, 12, 13, 14, 15, 18]]
[[4, 14, 7, 34, 34, 59], [0, 3, 5, 6, 7, 8, 11, 15]]
[[4, 14, 7, 34, 34, 59], [0, 1, 2, 6, 7, 8, 13, 15, 17, 18]]
[[4, 14, 7, 34, 39, 53], [1, 3, 6, 9, 10, 11, 12, 14]]
[[4, 14, 7, 34, 39, 53], [0, 1, 4, 5, 6, 9, 10, 13, 14, 15, 17, 18]]
[[4, 14, 7, 34, 39, 53], [2, 6, 7, 8, 10, 11]]
[[4, 14, 7, 34, 39, 53], [0, 3, 5, 6, 7, 8, 10, 12, 13, 15, 17, 19]]
[[4, 14, 7, 34, 39, 53], [0, 1, 5, 7, 8, 9, 11, 14, 15, 17, 18, 19]]
[[4, 14, 7, 34, 39, 53], [0, 3, 4, 7, 8, 9, 12, 13, 15, 19]]
[[4, 14, 7, 34, 39, 53], [0, 1, 2, 4, 5, 6, 7, 8, 11, 14]]
[[4, 14, 7, 34, 39, 53], [0, 1, 5, 6, 7, 8, 13, 14, 17, 19]]
[[4, 12, 16, 12, 39, 72], [0, 2, 4, 5, 7, 8, 9, 10, 12, 13, 17, 18, 19]]
[[4, 12, 16, 12, 39, 72], [1, 2, 4, 7, 8, 9, 10, 11, 12, 14, 15, 17, 19]]
[[4, 12, 16, 12, 39, 72], [0, 4, 6, 9, 13, 14, 15]]
[[4, 12, 16, 12, 39, 72], [0, 1, 2, 3, 4, 5, 6, 7, 8, 12, 13]]
[[4, 12, 16, 12, 39, 72], [1, 2, 3, 5, 7, 8, 9, 11, 14, 15, 17, 18]]
[[4, 12, 16, 12, 39, 72], [2, 4, 5, 6, 9, 11, 12, 15, 18]]
[[4, 14, 13, 26, 24, 77], [2, 6, 7, 8, 10, 12, 13, 14, 15, 19]]
[[4, 14, 13, 26, 24, 77], [4, 6, 7, 8, 10, 12, 13, 14, 15, 18]]
[[4, 14, 13, 26, 24, 77], [0, 2, 5, 6, 7, 8, 13, 18]]
[[4, 14, 13, 26, 24, 77], [0, 1, 3, 6, 7, 8, 12, 13, 14, 19]]
[[4, 14, 13, 26, 24, 77], [1, 2, 4, 7, 8, 9, 11, 12, 17, 18]]
[[4, 14, 13, 26, 24, 77], [3, 4, 5, 7, 8, 9, 11, 14, 17, 19]]
[[4, 14, 13, 26, 14, 77], [0, 1, 6, 9, 10, 11, 12, 14, 15]]
[[4, 14, 13, 26, 14, 77], [2, 4, 5, 6, 9, 10, 13, 14, 17, 19]]
[[4, 14, 13, 26, 14, 77], [0, 1, 5, 6, 7, 8, 10, 11, 12, 14]]
[[4, 14, 13, 26, 14, 77], [2, 4, 5, 6, 7, 8, 10, 13, 14, 15, 17, 18]]
[[4, 14, 13, 26, 14, 77], [0, 3, 5, 7, 8, 9, 11, 12, 14, 17, 18, 19]]
[[4, 14, 13, 26, 14, 77], [0, 3, 5, 7, 8, 9, 13, 18]]
[[4, 14, 13, 26, 14, 77], [0, 2, 3, 4, 6, 7, 8, 11, 12, 14]]
[[4, 14, 13, 26, 14, 77], [0, 1, 2, 6, 7, 8, 12, 13, 14, 17, 18]]
[[4, 14, 13, 26, 29, 59], [0, 7, 8, 9, 10, 12, 13, 17, 18, 19]]
[[4, 14, 13, 26, 29, 59], [1, 5, 7, 8, 9, 10, 11, 12, 14, 15, 17, 19]]
[[4, 14, 13, 26, 29, 59], [0, 2, 5, 6, 9, 13, 14, 15]]
[[4, 14, 13, 26, 29, 59], [0, 1, 3, 6, 7, 8, 12, 13]]
[[4, 14, 13, 26, 29, 59], [1, 3, 4, 7, 8, 9, 11, 14, 15, 17, 18]]
[[4, 14, 13, 26, 29, 59], [6, 9, 11, 12, 15, 18]]
[[4, 14, 13, 26, 29, 65], [1, 3, 7, 8, 9, 10, 12, 13]]
[[4, 14, 13, 26, 29, 65], [1, 3, 5, 7, 8, 9, 10, 12, 13, 15]]
[[4, 14, 13, 26, 29, 65], [0, 3, 5, 7, 8, 9, 10, 11, 17, 19]]
[[4, 14, 13, 26, 29, 65], [0, 3, 5, 7, 8, 9, 10, 11, 15, 17, 18]]
[[4, 14, 13, 26, 29, 65], [0, 1, 2, 3, 4, 5, 6, 9, 12, 13, 17, 18, 19]]
[[4, 14, 13, 26, 29, 65], [0, 4, 6, 9, 13, 14, 15, 17, 18, 19]]
[[4, 14, 13, 26, 29, 65], [0, 1, 3, 6, 9, 11, 14, 18]]
[[4, 14, 13, 26, 29, 65], [0, 1, 2, 3, 4, 5, 6, 9, 11, 14, 15, 19]]
[[4, 10, 7, 38, 19, 67], [0, 3, 6, 9, 10, 11]]
[[4, 10, 7, 38, 19, 67], [1, 3, 6, 7, 8, 9, 10, 12, 13, 15, 17, 19]]
[[4, 10, 7, 38, 19, 67], [0, 3, 6, 10, 11, 15, 18, 19]]
[[4, 10, 7, 38, 19, 67], [1, 3, 5, 6, 7, 8, 10, 12, 13, 17, 19]]
[[4, 10, 7, 38, 19, 67], [0, 1, 5, 7, 8, 9, 11, 15, 17, 18, 19]]
[[4, 10, 7, 38, 19, 67], [0, 2, 3, 5, 9, 13, 15, 18]]
[[4, 10, 7, 38, 19, 67], [0, 1, 2, 4, 5, 6, 11, 15, 18, 19]]
[[4, 10, 7, 38, 19, 67], [0, 1, 5, 6, 7, 8, 12, 13, 14, 15, 17, 19]]
[[4, 10, 7, 38, 29, 79], [0, 2, 3, 6, 9, 10, 11, 15]]
[[4, 10, 7, 38, 29, 79], [1, 2, 3, 5, 6, 9, 10, 12, 13, 17, 18]]
[[4, 10, 7, 38, 29, 79], [0, 2, 3, 5, 6, 7, 8, 10, 11]]
[[4, 10, 7, 38, 29, 79], [1, 2, 3, 5, 6, 7, 8, 10, 12, 13, 15, 17, 19]]
[[4, 10, 7, 38, 29, 79], [0, 1, 2, 5, 7, 8, 9, 11, 17, 18, 19]]
[[4, 10, 7, 38, 29, 79], [0, 3, 7, 8, 9, 13, 19]]
[[4, 10, 7, 38, 29, 79], [0, 1, 4, 6, 7, 8, 11]]
[[4, 10, 7, 38, 29, 79], [0, 1, 2, 5, 6, 7, 8, 12, 13, 14, 17, 19]]
[[4, 12, 4, 16, 29, 78], [1, 3, 5, 6, 9, 10, 11]]
[[4, 12, 4, 16, 29, 78], [1, 3, 5, 6, 9, 10, 11, 14]]
[[4, 12, 4, 16, 29, 78], [0, 1, 2, 4, 6, 7, 8, 9, 10, 12, 13, 14, 15, 18, 19]]
[[4, 12, 4, 16, 29, 78], [0, 1, 2, 6, 9, 10, 12, 13, 15, 17, 19]]
[[4, 12, 4, 16, 29, 78], [0, 3, 4, 6, 7, 8, 10, 13]]
[[4, 12, 4, 16, 29, 78], [4, 6, 7, 8, 10, 11, 12, 14]]
[[4, 12, 4, 16, 29, 78], [4, 6, 10, 11, 12, 15, 18, 19]]
[[4, 12, 4, 16, 29, 78], [0, 3, 5, 6, 7, 8, 10, 13, 14, 15, 17, 18]]
[[4, 12, 4, 16, 29, 78], [0, 2, 3, 4, 5, 9, 12, 13, 14, 17]]
[[4, 12, 4, 16, 29, 78], [1, 2, 3, 7, 8, 9, 11, 12, 15, 17, 18, 19]]
[[4, 12, 4, 16, 29, 78], [0, 2, 3, 7, 8, 9, 11, 14, 15, 17, 18, 19]]
[[4, 12, 4, 16, 29, 78], [0, 3, 4, 7, 8, 9, 13, 14, 15, 18]]
[[4, 12, 4, 16, 29, 78], [0, 1, 2, 5, 6, 7, 8, 13]]
[[4, 12, 4, 16, 29, 78], [0, 2, 3, 5, 6, 7, 8, 11, 14]]
[[4, 12, 4, 16, 29, 78], [5, 6, 11, 14, 15, 18, 19]]
[[4, 12, 4, 16, 29, 78], [0, 1, 2, 4, 6, 7, 8, 12, 13, 17, 18]]
[[4, 12, 7, 36, 44, 63], [0, 2, 3, 5, 6, 9, 10, 11]]
[[4, 12, 7, 36, 44, 63], [1, 2, 3, 5, 6, 9, 10, 12, 13, 15, 17, 19]]
[[4, 12, 7, 36, 44, 63], [0, 2, 3, 6, 7, 8, 10, 11, 15]]
[[4, 12, 7, 36, 44, 63], [1, 2, 3, 5, 6, 7, 8, 10, 12, 13, 17, 18]]
[[4, 12, 7, 36, 44, 63], [0, 3, 7, 8, 9, 11, 12, 14, 15, 17, 18, 19]]
[[4, 12, 7, 36, 44, 63], [0, 2, 3, 4, 5, 7, 8, 9, 13, 15, 18]]
[[4, 12, 7, 36, 44, 63], [0, 2, 3, 4, 5, 6, 7, 8, 11, 12, 14, 15]]
[[4, 12, 7, 36, 44, 63], [0, 1, 4, 6, 7, 8, 12, 13, 14, 15, 17, 18]]
[[4, 12, 7, 36, 34, 69], [1, 7, 8, 9, 10, 11, 12, 15, 17, 18, 19]]
[[4, 12, 7, 36, 34, 69], [0, 4, 7, 8, 9, 10, 12, 13, 14, 15, 18, 19]]
[[4, 12, 7, 36, 34, 69], [0, 2, 5, 6, 9, 11, 12, 14]]
[[4, 12, 7, 36, 34, 69], [0, 4, 6, 7, 8, 11, 12, 14]]
[[4, 12, 7, 36, 34, 69], [0, 3, 5, 7, 8, 9, 12, 13, 15, 18, 19]]
[[4, 12, 7, 36, 34, 69], [0, 1, 4, 5, 6, 9, 13, 14, 17]]
[[4, 12, 13, 20, 24, 81], [1, 3, 4, 5, 6, 9, 10, 11]]
[[4, 12, 13, 20, 24, 81], [0, 1, 2, 4, 6, 7, 8, 9, 10, 12, 13, 15, 17, 19]]
[[4, 12, 13, 20, 24, 81], [0, 7, 8, 9, 10, 11, 15, 17, 18, 19]]
[[4, 12, 13, 20, 24, 81], [5, 6, 10, 11, 12, 14, 18, 19]]
[[4, 12, 13, 20, 24, 81], [0, 3, 4, 6, 7, 8, 10, 13, 14, 15, 17, 19]]
[[4, 12, 13, 20, 24, 81], [1, 5, 7, 8, 9, 10, 12, 13, 15, 17, 19]]
[[4, 12, 13, 20, 24, 81], [1, 2, 5, 6, 9, 11, 14]]
[[4, 12, 13, 20, 24, 81], [0, 1, 4, 7, 8, 9, 11, 12, 15, 17, 18, 19]]
[[4, 12, 13, 20, 24, 81], [0, 2, 3, 4, 5, 9, 13, 14, 15, 18]]
[[4, 12, 13, 20, 24, 81], [2, 3, 4, 6, 7, 8, 11, 12]]
[[4, 12, 13, 20, 24, 81], [0, 3, 4, 5, 7, 8, 9, 12, 13, 17, 18]]
[[4, 12, 13, 20, 24, 81], [0, 1, 4, 6, 11, 12, 18, 19]]
[[4, 12, 13, 20, 24, 81], [0, 1, 4, 6, 7, 8, 12, 13, 17, 19]]
[[4, 12, 13, 20, 24, 81], [0, 1, 6, 9, 13, 14, 15, 18]]
[[4, 12, 13, 20, 44, 57], [0, 1, 2, 6, 9, 10, 12, 13, 14]]
[[4, 12, 13, 20, 44, 57], [1, 3, 4, 6, 9, 10, 11, 14, 15]]
[[4, 12, 13, 20, 44, 57], [0, 1, 3, 4, 5, 7, 8, 9, 10, 11, 12, 14, 15, 17, 18, 19]]
[[4, 12, 13, 20, 44, 57], [6, 7, 8, 10, 11, 12]]
[[4, 12, 13, 20, 44, 57], [0, 3, 5, 6, 7, 8, 10, 13, 15]]
[[4, 12, 13, 20, 44, 57], [2, 3, 7, 8, 9, 10, 13, 14, 15, 17, 18]]
[[4, 12, 13, 20, 44, 57], [2, 3, 4, 6, 9, 11, 12]]
[[4, 12, 13, 20, 44, 57], [1, 2, 3, 4, 5, 7, 8, 9, 11, 12, 17, 18, 19]]
[[4, 12, 13, 20, 44, 57], [0, 2, 3, 5, 7, 8, 9, 12, 13, 14, 15, 17, 18, 19]]
[[4, 12, 13, 20, 44, 57], [1, 2, 5, 6, 7, 8, 11, 14]]
[[4, 12, 13, 20, 44, 57], [0, 2, 3, 5, 7, 8, 9, 12, 13, 17, 19]]
[[4, 12, 13, 20, 44, 57], [4, 5, 6, 7, 8, 11, 14]]
[[4, 12, 13, 20, 44, 57], [0, 1, 2, 4, 6, 7, 8, 13, 15]]
[[4, 12, 13, 20, 44, 57], [0, 1, 2, 4, 6, 9, 13, 14, 15, 19]]
[[4, 12, 13, 20, 49, 69], [3, 7, 8, 9, 10, 12, 13, 17]]
[[4, 12, 13, 20, 49, 69], [0, 1, 2, 3, 4, 7, 8, 9, 10, 11, 17, 18]]
[[4, 12, 13, 20, 49, 69], [0, 1, 3, 4, 6, 9, 12, 13, 14, 15, 18, 19]]
[[4, 12, 13, 20, 49, 69], [0, 2, 4, 6, 7, 8, 13, 15, 18, 19]]
[[4, 12, 13, 20, 49, 69], [2, 7, 8, 9, 11, 15, 17, 19]]
[[4, 12, 13, 20, 49, 69], [1, 3, 6, 9, 11, 12, 14, 19]]
[[4, 12, 13, 20, 24, 87], [0, 1, 2, 3, 5, 7, 8, 9, 10, 12, 13, 17, 18, 19]]
[[4, 12, 13, 20, 24, 87], [3, 4, 5, 7, 8, 9, 10, 11, 12, 14, 15, 17, 19]]
[[4, 12, 13, 20, 24, 87], [0, 2, 6, 9, 12, 13, 15]]
[[4, 12, 13, 20, 24, 87], [0, 1, 2, 3, 4, 6, 7, 8, 13, 14]]
[[4, 12, 13, 20, 24, 87], [1, 3, 4, 5, 7, 8, 9, 11, 12, 15, 17, 18]]
[[4, 12, 13, 20, 24, 87], [2, 4, 6, 9, 11, 14, 15, 18]]
[[4, 12, 13, 20, 24, 99], [2, 3, 4, 9, 10, 11, 14, 17]]
[[4, 12, 13, 20, 24, 99], [0, 1, 3, 4, 9, 10, 13, 18, 19]]
[[4, 12, 13, 20, 24, 99], [0, 1, 3, 4, 5, 6, 7, 8, 9, 11, 15, 18, 19]]
[[4, 12, 13, 20, 24, 99], [0, 1, 2, 3, 5, 6, 7, 8, 11, 15]]
[[4, 12, 13, 20, 24, 99], [0, 3, 4, 5, 7, 8, 9, 12, 13]]
[[4, 12, 13, 20, 24, 99], [0, 1, 6, 7, 8, 9, 13, 14, 15, 17]]
[[4, 12, 13, 20, 49, 63], [1, 2, 7, 8, 9, 10, 11, 15, 17, 18, 19]]
[[4, 12, 13, 20, 49, 63], [0, 2, 5, 7, 8, 9, 10, 13, 14, 17, 19]]
[[4, 12, 13, 20, 49, 63], [1, 5, 6, 9, 11, 12, 14]]
[[4, 12, 13, 20, 49, 63], [2, 3, 6, 7, 8, 11, 15]]
[[4, 12, 13, 20, 49, 63], [0, 2, 3, 4, 7, 8, 9, 12, 13, 14, 17, 18]]
[[4, 12, 13, 20, 49, 63], [0, 1, 2, 6, 9, 13, 18]]
[[4, 12, 13, 20, 39, 75], [0, 2, 5, 7, 8, 9, 10, 11, 15, 17, 18, 19]]
[[4, 12, 13, 20, 39, 75], [1, 2, 5, 7, 8, 9, 10, 12, 13, 15, 17, 18]]
[[4, 12, 13, 20, 39, 75], [4, 7, 8, 9, 10, 12, 13]]
[[4, 12, 13, 20, 39, 75], [2, 7, 8, 9, 10, 12, 13, 15]]
[[4, 12, 13, 20, 39, 75], [0, 1, 2, 7, 8, 9, 10, 11, 17, 19]]
[[4, 12, 13, 20, 39, 75], [0, 1, 4, 5, 7, 8, 9, 10, 11, 15, 17, 18]]
[[4, 12, 13, 20, 39, 75], [2, 3, 6, 9, 11, 12]]
[[4, 12, 13, 20, 39, 75], [1, 2, 4, 6, 11, 14, 18, 19]]
[[4, 12, 13, 20, 39, 75], [0, 1, 2, 3, 4, 6, 9, 13, 14, 17, 18, 19]]
[[4, 12, 13, 20, 39, 75], [0, 2, 6, 9, 12, 13, 15, 17, 18, 19]]
[[4, 12, 13, 20, 39, 75], [0, 1, 3, 5, 6, 9, 11, 12, 18]]
[[4, 12, 13, 20, 39, 75], [0, 1, 3, 5, 6, 9, 11, 12, 15, 19]]
[[4, 12, 13, 20, 39, 75], [0, 3, 5, 9, 12, 13, 17, 18]]
[[4, 12, 13, 20, 39, 75], [0, 1, 4, 5, 6, 9, 13, 14, 15, 19]]
[[4, 12, 13, 20, 9, 111], [3, 7, 8, 9, 10, 11, 12, 14, 15, 17, 18, 19]]
[[4, 12, 13, 20, 9, 111], [0, 1, 2, 3, 4, 5, 7, 8, 9, 10, 12, 13, 17, 18]]
[[4, 12, 13, 20, 9, 111], [2, 3, 5, 6, 9, 11]]
[[4, 12, 13, 20, 9, 111], [1, 6, 7, 8, 11, 12, 14, 15]]
[[4, 12, 13, 20, 9, 111], [0, 2, 3, 4, 5, 7, 8, 9, 12, 13, 14, 17, 19]]
[[4, 12, 13, 20, 9, 111], [0, 1, 2, 5, 6, 9, 13, 19]]
[[4, 12, 13, 20, 59, 57], [0, 5, 7, 8, 9, 10, 13, 15, 18]]
[[4, 12, 13, 20, 59, 57], [1, 4, 5, 7, 8, 9, 10, 11, 14, 15, 17, 18]]
[[4, 12, 13, 20, 59, 57], [0, 1, 2, 3, 4, 5, 6, 9, 12, 13, 14, 15, 17, 19]]
[[4, 12, 13, 20, 59, 57], [0, 4, 6, 7, 8, 13, 15, 17, 18]]
[[4, 12, 13, 20, 59, 57], [0, 3, 5, 7, 8, 9, 11, 14, 17, 19]]
[[4, 12, 13, 20, 59, 57], [0, 3, 5, 6, 9, 11, 14, 15, 19]]
[[4, 12, 13, 20, 19, 105], [1, 2, 3, 4, 7, 8, 9, 10, 13, 14]]
[[4, 12, 13, 20, 19, 105], [1, 3, 7, 8, 9, 10, 13, 14, 15]]
[[4, 12, 13, 20, 19, 105], [0, 2, 3, 4, 7, 8, 9, 10, 11, 12, 14, 17, 18]]
[[4, 12, 13, 20, 19, 105], [0, 3, 5, 7, 8, 9, 10, 11, 12, 14, 15, 17, 19]]
[[4, 12, 13, 20, 19, 105], [0, 4, 6, 9, 12, 13, 17, 18, 19]]
[[4, 12, 13, 20, 19, 105], [0, 1, 3, 6, 9, 13, 14, 15, 17, 18, 19]]
[[4, 12, 13, 20, 19, 105], [0, 1, 3, 6, 9, 11, 12, 19]]
[[4, 12, 13, 20, 19, 105], [0, 1, 3, 6, 9, 11, 12, 15, 18]]
[[4, 14, 4, 22, 34, 80], [4, 5, 6, 9, 10, 11]]
[[4, 14, 4, 22, 34, 80], [0, 2, 3, 4, 6, 9, 10, 12, 13, 15, 17, 19]]
[[4, 14, 4, 22, 34, 80], [1, 2, 3, 4, 5, 6, 7, 8, 10, 11, 12, 14]]
[[4, 14, 4, 22, 34, 80], [0, 1, 2, 6, 7, 8, 10, 13, 14, 15, 17, 18]]
[[4, 14, 4, 22, 34, 80], [0, 3, 4, 7, 8, 9, 11, 12, 15, 17, 18, 19]]
[[4, 14, 4, 22, 34, 80], [0, 2, 3, 7, 8, 9, 12, 13, 15, 18]]
[[4, 14, 4, 22, 34, 80], [0, 2, 3, 6, 7, 8, 11, 12]]
[[4, 14, 4, 22, 34, 80], [0, 1, 2, 4, 5, 6, 7, 8, 13, 14, 17, 18]]
[[4, 14, 7, 30, 39, 71], [6, 9, 10, 13, 18, 19]]
[[4, 14, 7, 30, 39, 71], [0, 1, 2, 5, 6, 9, 10, 11, 12, 15]]
[[4, 14, 7, 30, 39, 71], [6, 7, 8, 10, 13, 18, 19]]
[[4, 14, 7, 30, 39, 71], [0, 1, 2, 5, 6, 7, 8, 10, 11, 12, 15]]
[[4, 14, 7, 30, 39, 71], [7, 8, 9, 11, 12, 14, 17, 18, 19]]
[[4, 14, 7, 30, 39, 71], [0, 2, 3, 4, 7, 8, 9, 12, 13, 15, 17]]
[[4, 14, 7, 30, 39, 71], [0, 1, 2, 6, 7, 8, 13, 14, 18, 19]]
[[4, 14, 7, 30, 39, 71], [1, 3, 4, 6, 7, 8, 11, 15]]
[[4, 14, 7, 30, 29, 53], [1, 3, 4, 5, 6, 9, 10, 13]]
[[4, 14, 7, 30, 29, 53], [0, 2, 3, 4, 6, 9, 10, 11, 12, 15, 18, 19]]
[[4, 14, 7, 30, 29, 53], [1, 2, 3, 6, 7, 8, 10, 13]]
[[4, 14, 7, 30, 29, 53], [0, 3, 5, 6, 7, 8, 10, 11, 12, 15, 18, 19]]
[[4, 14, 7, 30, 29, 53], [1, 2, 3, 7, 8, 9, 11, 12, 14, 17]]
[[4, 14, 7, 30, 29, 53], [0, 1, 4, 7, 8, 9, 12, 13, 15, 17, 18, 19]]
[[4, 14, 7, 30, 29, 53], [0, 2, 3, 4, 5, 6, 7, 8, 13, 14]]
[[4, 14, 7, 30, 29, 53], [5, 6, 7, 8, 11, 15, 18, 19]]
[[4, 14, 7, 30, 34, 71], [1, 3, 4, 6, 9, 10, 11, 12]]
[[4, 14, 7, 30, 34, 71], [0, 1, 4, 5, 6, 9, 10, 13, 15]]
[[4, 14, 7, 30, 34, 71], [0, 3, 5, 6, 7, 8, 10, 12, 13, 14]]
[[4, 14, 7, 30, 34, 71], [2, 4, 5, 6, 7, 8, 10, 11, 14, 15]]
[[4, 14, 7, 30, 34, 71], [0, 3, 4, 7, 8, 9, 13, 17, 18, 19]]
[[4, 14, 7, 30, 34, 71], [1, 2, 3, 4, 5, 7, 8, 9, 11, 14, 15, 17, 18, 19]]
[[4, 14, 7, 30, 34, 71], [0, 1, 2, 4, 6, 7, 8, 12, 13, 14]]
[[4, 14, 7, 30, 34, 71], [2, 6, 7, 8, 11, 12, 15]]
[[4, 14, 7, 30, 29, 59], [0, 1, 2, 4, 6, 9, 10, 11, 12, 14]]
[[4, 14, 7, 30, 29, 59], [6, 9, 10, 13, 14, 15, 17, 18]]
[[4, 14, 7, 30, 29, 59], [0, 1, 2, 4, 5, 6, 7, 8, 10, 11, 12, 14, 15]]
[[4, 14, 7, 30, 29, 59], [6, 7, 8, 10, 13, 14, 17, 19]]
[[4, 14, 7, 30, 29, 59], [0, 1, 4, 5, 7, 8, 9, 11, 15, 17, 18, 19]]
[[4, 14, 7, 30, 29, 59], [0, 3, 5, 7, 8, 9, 13, 15, 19]]
[[4, 14, 7, 30, 29, 59], [0, 1, 2, 6, 7, 8, 11, 15]]
[[4, 14, 7, 30, 29, 59], [0, 1, 2, 6, 7, 8, 12, 13, 14, 15, 17, 19]]
[[4, 14, 7, 30, 39, 65], [1, 5, 7, 8, 9, 10, 11, 12, 17, 18, 19]]
[[4, 14, 7, 30, 39, 65], [0, 4, 7, 8, 9, 10, 12, 13, 14]]
[[4, 14, 7, 30, 39, 65], [0, 1, 3, 6, 9, 11, 15]]
[[4, 14, 7, 30, 39, 65], [0, 1, 2, 3, 4, 5, 6, 7, 8, 11, 15]]
[[4, 14, 7, 30, 39, 65], [0, 2, 3, 4, 7, 8, 9, 12, 13]]
[[4, 14, 7, 30, 39, 65], [0, 1, 2, 6, 9, 13, 14, 15, 17, 18, 19]]
[[4, 14, 4, 30, 44, 62], [2, 4, 6, 9, 10, 13]]
[[4, 14, 4, 30, 44, 62], [0, 1, 4, 5, 6, 9, 10, 11, 12, 15, 18, 19]]
[[4, 14, 4, 30, 44, 62], [2, 4, 6, 7, 8, 10, 13]]
[[4, 14, 4, 30, 44, 62], [0, 1, 4, 5, 6, 7, 8, 10, 11, 12, 15, 18, 19]]
[[4, 14, 4, 30, 44, 62], [1, 2, 3, 5, 7, 8, 9, 11, 17]]
[[4, 14, 4, 30, 44, 62], [0, 1, 4, 5, 7, 8, 9, 13, 14, 15, 17, 18, 19]]
[[4, 14, 4, 30, 44, 62], [0, 3, 5, 6, 7, 8, 12, 13]]
[[4, 14, 4, 30, 44, 62], [2, 4, 5, 6, 7, 8, 11, 12, 14, 15, 18, 19]]
[[4, 10, 7, 42, 19, 55], [0, 3, 5, 6, 9, 10, 13, 18, 19]]
[[4, 10, 7, 42, 19, 55], [5, 6, 9, 10, 11, 12, 15]]
[[4, 10, 7, 42, 19, 55], [1, 3, 4, 5, 6, 7, 8, 10, 11, 14]]
[[4, 10, 7, 42, 19, 55], [0, 1, 2, 6, 7, 8, 10, 12, 13, 14, 15, 18, 19]]
[[4, 10, 7, 42, 19, 55], [2, 7, 8, 9, 11, 14, 17, 18, 19]]
[[4, 10, 7, 42, 19, 55], [0, 3, 4, 5, 7, 8, 9, 12, 13, 14, 15, 17]]
[[4, 10, 7, 42, 19, 55], [1, 3, 6, 7, 8, 11, 12]]
[[4, 10, 7, 42, 19, 55], [0, 1, 6, 7, 8, 13, 15, 18, 19]]
[[4, 14, 4, 18, 34, 92], [5, 6, 9, 10, 13]]
[[4, 14, 4, 18, 34, 92], [0, 1, 2, 6, 9, 10, 11, 12, 15, 18, 19]]
[[4, 14, 4, 18, 34, 92], [5, 6, 7, 8, 10, 13]]
[[4, 14, 4, 18, 34, 92], [0, 1, 2, 6, 7, 8, 10, 11, 12, 15, 18, 19]]
[[4, 14, 4, 18, 34, 92], [1, 3, 4, 7, 8, 9, 11, 17]]
[[4, 14, 4, 18, 34, 92], [0, 1, 2, 7, 8, 9, 13, 14, 15, 17, 18, 19]]
[[4, 14, 4, 18, 34, 92], [0, 2, 3, 4, 6, 7, 8, 12, 13]]
[[4, 14, 4, 18, 34, 92], [6, 7, 8, 11, 12, 14, 15, 18, 19]]
[[4, 14, 4, 18, 29, 98], [6, 9, 10, 11, 12]]
[[4, 14, 4, 18, 29, 98], [0, 3, 5, 6, 9, 10, 13, 15]]
[[4, 14, 4, 18, 29, 98], [0, 1, 2, 6, 7, 8, 10, 12, 13, 14]]
[[4, 14, 4, 18, 29, 98], [1, 3, 4, 6, 7, 8, 10, 11, 14, 15]]
[[4, 14, 4, 18, 29, 98], [0, 2, 3, 7, 8, 9, 12, 13, 14, 17, 18, 19]]
[[4, 14, 4, 18, 29, 98], [1, 3, 5, 7, 8, 9, 11, 12, 15, 17, 18, 19]]
[[4, 14, 4, 18, 29, 98], [0, 1, 2, 4, 5, 6, 7, 8, 13]]
[[4, 14, 4, 18, 29, 98], [2, 5, 6, 7, 8, 11, 14, 15]]
[[4, 14, 4, 18, 29, 86], [1, 5, 7, 8, 9, 10, 11, 14, 15, 17, 18, 19]]
[[4, 14, 4, 18, 29, 86], [0, 4, 7, 8, 9, 10, 13, 15]]
[[4, 14, 4, 18, 29, 86], [0, 1, 3, 6, 9, 11, 12, 14]]
[[4, 14, 4, 18, 29, 86], [0, 1, 3, 6, 7, 8, 11, 12, 14]]
[[4, 14, 4, 18, 29, 86], [0, 3, 5, 7, 8, 9, 13, 14, 15]]
[[4, 14, 4, 18, 29, 86], [0, 1, 2, 6, 9, 12, 13, 17, 18, 19]]
[[4, 14, 10, 22, 29, 74], [1, 2, 3, 5, 6, 9, 10, 13, 18, 19]]
[[4, 14, 10, 22, 29, 74], [0, 3, 6, 9, 10, 11, 12, 15]]
[[4, 14, 10, 22, 29, 74], [1, 3, 4, 6, 7, 8, 10, 13, 18, 19]]
[[4, 14, 10, 22, 29, 74], [0, 2, 3, 4, 5, 6, 7, 8, 10, 11, 12, 15]]
[[4, 14, 10, 22, 29, 74], [5, 7, 8, 9, 11, 17, 18, 19]]
[[4, 14, 10, 22, 29, 74], [0, 2, 3, 4, 5, 7, 8, 9, 13, 14, 15, 17]]
[[4, 14, 10, 22, 29, 74], [0, 1, 4, 6, 7, 8, 12, 13, 18, 19]]
[[4, 14, 10, 22, 29, 74], [1, 2, 3, 6, 7, 8, 11, 12, 14, 15]]
[[4, 14, 10, 22, 44, 74], [0, 1, 2, 3, 4, 5, 7, 8, 9, 10, 11, 14, 15, 17, 18, 19]]
[[4, 14, 10, 22, 44, 74], [3, 4, 5, 7, 8, 9, 10, 12, 13, 14]]
[[4, 14, 10, 22, 44, 74], [0, 1, 3, 4, 6, 9, 11, 12]]
[[4, 14, 10, 22, 44, 74], [0, 1, 3, 4, 5, 6, 7, 8, 11, 12, 15]]
[[4, 14, 10, 22, 44, 74], [0, 3, 4, 7, 8, 9, 12, 13, 14, 15]]
[[4, 14, 10, 22, 44, 74], [0, 1, 5, 6, 9, 13, 15, 17, 18, 19]]
[[4, 14, 10, 22, 24, 86], [0, 2, 4, 7, 8, 9, 10, 11, 12, 14, 15, 17, 18, 19]]
[[4, 14, 10, 22, 24, 86], [1, 2, 4, 7, 8, 9, 10, 13, 14, 15, 17, 18]]
[[4, 14, 10, 22, 24, 86], [2, 3, 4, 5, 6, 9, 11, 14]]
[[4, 14, 10, 22, 24, 86], [1, 4, 5, 6, 7, 8, 11, 12]]
[[4, 14, 10, 22, 24, 86], [0, 2, 3, 7, 8, 9, 13, 14, 17, 19]]
[[4, 14, 10, 22, 24, 86], [0, 1, 6, 9, 12, 13, 15, 19]]
[[4, 10, 4, 18, 49, 70], [0, 1, 2, 4, 5, 6, 9, 10, 13]]
[[4, 10, 4, 18, 49, 70], [1, 2, 3, 4, 5, 6, 7, 8, 9, 10, 11, 12, 15, 18, 19]]
[[4, 10, 4, 18, 49, 70], [4, 5, 6, 7, 8, 10, 11, 14]]
[[4, 10, 4, 18, 49, 70], [0, 2, 3, 6, 10, 12, 13, 14, 15, 18, 19]]
[[4, 10, 4, 18, 49, 70], [1, 3, 4, 9, 11, 14, 17]]
[[4, 10, 4, 18, 49, 70], [0, 2, 3, 4, 7, 8, 9, 13, 15, 17, 18, 19]]
[[4, 10, 4, 18, 49, 70], [6, 7, 8, 11, 12]]
[[4, 10, 4, 18, 49, 70], [0, 1, 4, 5, 6, 12, 13, 14, 15, 18, 19]]
[[4, 10, 4, 18, 19, 88], [0, 1, 5, 6, 7, 8, 9, 10, 11, 12]]
[[4, 10, 4, 18, 19, 88], [2, 5, 6, 9, 10, 13, 15]]
[[4, 10, 4, 18, 19, 88], [0, 1, 6, 7, 8, 10, 11, 12, 18, 19]]
[[4, 10, 4, 18, 19, 88], [2, 6, 10, 13, 15, 18, 19]]
[[4, 10, 4, 18, 19, 88], [0, 1, 7, 8, 9, 13, 14, 17, 18, 19]]
[[4, 10, 4, 18, 19, 88], [1, 2, 3, 4, 5, 9, 11, 15, 17, 18, 19]]
[[4, 10, 4, 18, 19, 88], [2, 6, 7, 8, 11, 12, 14, 18, 19]]
[[4, 10, 4, 18, 19, 88], [0, 3, 4, 5, 6, 12, 13, 15, 18, 19]]
[[4, 10, 4, 18, 39, 70], [0, 1, 2, 5, 6, 7, 8, 9, 10, 11, 12, 18, 19]]
[[4, 10, 4, 18, 39, 70], [5, 6, 7, 8, 9, 10, 13, 15, 18, 19]]
[[4, 10, 4, 18, 39, 70], [0, 1, 2, 5, 6, 10, 11, 12, 18, 19]]
[[4, 10, 4, 18, 39, 70], [5, 6, 10, 13, 15, 18, 19]]
[[4, 10, 4, 18, 39, 70], [0, 3, 9, 12, 13, 17]]
[[4, 10, 4, 18, 39, 70], [1, 2, 3, 9, 11, 15, 17]]
[[4, 10, 4, 18, 39, 70], [2, 4, 6, 11, 12, 14, 18, 19]]
[[4, 10, 4, 18, 39, 70], [0, 1, 4, 6, 13, 14, 15, 18, 19]]
[[4, 8, 7, 44, 24, 71], [1, 2, 3, 4, 5, 6, 7, 8, 9, 10, 11, 12]]
[[4, 8, 7, 44, 24, 71], [0, 1, 2, 4, 6, 9, 10, 13, 15]]
[[4, 8, 7, 44, 24, 71], [0, 2, 3, 5, 6, 10, 12, 13, 14, 18, 19]]
[[4, 8, 7, 44, 24, 71], [4, 5, 6, 7, 8, 10, 11, 14, 15, 18, 19]]
[[4, 8, 7, 44, 24, 71], [0, 1, 4, 5, 7, 8, 9, 12, 13, 14, 17, 18, 19]]
[[4, 8, 7, 44, 24, 71], [1, 2, 3, 5, 9, 11, 14, 15, 17, 18, 19]]
[[4, 8, 7, 44, 24, 71], [0, 2, 3, 4, 6, 13, 18, 19]]
[[4, 8, 7, 44, 24, 71], [2, 4, 5, 6, 7, 8, 11, 12, 15, 18, 19]]
[[4, 12, 4, 36, 34, 60], [0, 1, 4, 5, 6, 9, 10, 11, 12, 14]]
[[4, 12, 4, 36, 34, 60], [2, 5, 6, 7, 8, 9, 10, 13, 14, 15, 17, 18]]
[[4, 12, 4, 36, 34, 60], [0, 1, 4, 5, 6, 10, 11, 12, 14, 15, 18, 19]]
[[4, 12, 4, 36, 34, 60], [2, 6, 7, 8, 10, 13, 14, 17, 18]]
[[4, 12, 4, 36, 34, 60], [0, 3, 4, 7, 8, 9, 11, 12, 14, 15, 17, 18, 19]]
[[4, 12, 4, 36, 34, 60], [0, 3, 4, 5, 9, 13, 15, 19]]
[[4, 12, 4, 36, 34, 60], [0, 2, 3, 6, 11, 12, 14, 15, 18, 19]]
[[4, 12, 4, 36, 34, 60], [0, 1, 2, 4, 5, 6, 7, 8, 12, 13, 14, 15, 17, 18]]
[[4, 14, 4, 34, 39, 50], [0, 2, 3, 4, 6, 9, 10, 12, 13, 14]]
[[4, 14, 4, 34, 39, 50], [6, 9, 10, 11, 14, 15]]
[[4, 14, 4, 34, 39, 50], [1, 2, 3, 5, 6, 7, 8, 10, 11, 12]]
[[4, 14, 4, 34, 39, 50], [0, 1, 2, 6, 7, 8, 10, 13, 15]]
[[4, 14, 4, 34, 39, 50], [1, 3, 5, 7, 8, 9, 11, 14, 17, 18, 19]]
[[4, 14, 4, 34, 39, 50], [0, 3, 4, 5, 7, 8, 9, 13, 15, 17, 18, 19]]
[[4, 14, 4, 34, 39, 50], [4, 6, 7, 8, 11, 12]]
[[4, 14, 4, 34, 39, 50], [0, 1, 2, 4, 5, 6, 7, 8, 12, 13, 14, 15]]
[[4, 14, 7, 26, 24, 89], [2, 4, 5, 6, 9, 10, 12, 13, 14]]
[[4, 14, 7, 26, 24, 89], [0, 1, 2, 6, 9, 10, 11, 14, 15]]
[[4, 14, 7, 26, 24, 89], [6, 7, 8, 10, 12, 13, 14]]
[[4, 14, 7, 26, 24, 89], [0, 1, 4, 5, 6, 7, 8, 10, 11, 14, 15]]
[[4, 14, 7, 26, 24, 89], [1, 2, 3, 5, 7, 8, 9, 11, 12, 14, 17, 18, 19]]
[[4, 14, 7, 26, 24, 89], [0, 2, 3, 4, 7, 8, 9, 13, 14, 15, 17, 18, 19]]
[[4, 14, 7, 26, 24, 89], [0, 1, 4, 5, 6, 7, 8, 12, 13]]
[[4, 14, 7, 26, 24, 89], [6, 7, 8, 11, 15]]
[[4, 14, 7, 26, 24, 77], [1, 2, 4, 7, 8, 9, 10, 11, 14, 17]]
[[4, 14, 7, 26, 24, 77], [0, 2, 7, 8, 9, 10, 13]]
[[4, 14, 7, 26, 24, 77], [0, 1, 3, 6, 9, 11, 12, 14, 15, 18, 19]]
[[4, 14, 7, 26, 24, 77], [0, 1, 3, 6, 7, 8, 11, 12, 14, 15, 18, 19]]
[[4, 14, 7, 26, 24, 77], [0, 1, 4, 5, 7, 8, 9, 12, 13]]
[[4, 14, 7, 26, 24, 77], [0, 2, 3, 4, 6, 9, 13, 14, 15, 17, 18, 19]]
[[4, 14, 7, 26, 39, 71], [3, 4, 5, 7, 8, 9, 10, 11, 14, 17]]
[[4, 14, 7, 26, 39, 71], [0, 1, 2, 3, 4, 7, 8, 9, 10, 13]]
[[4, 14, 7, 26, 39, 71], [0, 1, 3, 5, 6, 9, 11, 15, 18, 19]]
[[4, 14, 7, 26, 39, 71], [0, 1, 2, 3, 4, 6, 7, 8, 11, 15, 18, 19]]
[[4, 14, 7, 26, 39, 71], [0, 1, 4, 7, 8, 9, 13, 14]]
[[4, 14, 7, 26, 39, 71], [0, 3, 6, 9, 12, 13, 15, 17, 18, 19]]
[[4, 14, 7, 26, 24, 71], [1, 2, 4, 5, 7, 8, 9, 10, 11, 14, 17, 18, 19]]
[[4, 14, 7, 26, 24, 71], [0, 2, 5, 7, 8, 9, 10, 13, 18, 19]]
[[4, 14, 7, 26, 24, 71], [0, 4, 6, 9, 11, 15]]
[[4, 14, 7, 26, 24, 71], [0, 4, 6, 7, 8, 11, 15]]
[[4, 14, 7, 26, 24, 71], [0, 3, 5, 7, 8, 9, 13, 14, 18, 19]]
[[4, 14, 7, 26, 24, 71], [0, 1, 2, 6, 9, 12, 13, 15, 17]]
[[4, 14, 7, 26, 24, 83], [1, 3, 5, 7, 8, 9, 10, 13, 14]]
[[4, 14, 7, 26, 24, 83], [1, 2, 3, 4, 5, 7, 8, 9, 10, 13, 14, 15]]
[[4, 14, 7, 26, 24, 83], [0, 3, 5, 7, 8, 9, 10, 11, 12, 14, 17, 18]]
[[4, 14, 7, 26, 24, 83], [0, 2, 3, 4, 7, 8, 9, 10, 11, 12, 14, 15, 17, 19]]
[[4, 14, 7, 26, 24, 83], [0, 2, 5, 6, 9, 12, 13, 17, 18, 19]]
[[4, 14, 7, 26, 24, 83], [0, 1, 2, 3, 4, 5, 6, 9, 13, 14, 15, 17, 18, 19]]
[[4, 14, 7, 26, 24, 83], [0, 1, 2, 3, 4, 5, 6, 9, 11, 12, 19]]
[[4, 14, 7, 26, 24, 83], [0, 1, 2, 3, 4, 5, 6, 9, 11, 12, 15, 18]]
[[4, 14, 16, 18, 39, 56], [1, 2, 5, 7, 8, 9, 10, 11, 12, 14, 15, 17, 18, 19]]
[[4, 14, 16, 18, 39, 56], [0, 2, 5, 7, 8, 9, 10, 12, 13, 17, 18]]
[[4, 14, 16, 18, 39, 56], [2, 3, 6, 9, 11, 12, 14]]
[[4, 14, 16, 18, 39, 56], [1, 2, 4, 6, 7, 8, 11, 15]]
[[4, 14, 16, 18, 39, 56], [0, 2, 3, 4, 7, 8, 9, 13, 17, 19]]
[[4, 14, 16, 18, 39, 56], [0, 1, 4, 5, 6, 9, 12, 13, 14, 19]]
[[4, 14, 16, 18, 29, 68], [0, 3, 4, 7, 8, 9, 10, 12, 13, 15]]
[[4, 14, 16, 18, 29, 68], [0, 1, 5, 7, 8, 9, 10, 13, 14, 15]]
[[4, 14, 16, 18, 29, 68], [2, 4, 5, 7, 8, 9, 10, 11, 17, 19]]
[[4, 14, 16, 18, 29, 68], [1, 3, 4, 7, 8, 9, 10, 11, 12, 14, 17, 18]]
[[4, 14, 16, 18, 29, 68], [0, 1, 2, 3, 6, 9, 13, 17, 18, 19]]
[[4, 14, 16, 18, 29, 68], [0, 2, 4, 5, 6, 9, 12, 13, 14, 17, 18, 19]]
[[4, 14, 16, 18, 29, 68], [0, 1, 2, 3, 6, 9, 11, 19]]
[[4, 14, 16, 18, 29, 68], [0, 1, 3, 4, 6, 9, 11, 18]]
[[4, 8, 4, 8, 34, 44], [0, 1, 5, 6, 7, 8, 9, 10, 11, 12, 14, 15, 18, 19]]
[[4, 8, 4, 8, 34, 44], [2, 4, 6, 7, 8, 9, 10, 13, 14, 17, 18]]
[[4, 8, 4, 8, 34, 44], [0, 1, 6, 10, 11, 12, 14, 18, 19]]
[[4, 8, 4, 8, 34, 44], [2, 4, 6, 10, 13, 14, 15, 17, 19]]
[[4, 8, 4, 8, 34, 44], [0, 3, 9, 11, 12, 14, 17]]
[[4, 8, 4, 8, 34, 44], [0, 3, 9, 13, 19]]
[[4, 8, 4, 8, 34, 44], [0, 2, 3, 4, 5, 6, 11, 12, 14, 18, 19]]
[[4, 8, 4, 8, 34, 44], [0, 1, 2, 5, 6, 12, 13, 14, 17, 19]]
[[4, 12, 7, 40, 24, 45], [2, 3, 4, 7, 8, 9, 10, 11, 12, 17, 18, 19]]
[[4, 12, 7, 40, 24, 45], [0, 1, 3, 4, 5, 7, 8, 9, 10, 12, 13, 14, 18, 19]]
[[4, 12, 7, 40, 24, 45], [0, 2, 4, 5, 6, 9, 11, 15]]
[[4, 12, 7, 40, 24, 45], [0, 2, 4, 6, 11, 15, 18, 19]]
[[4, 12, 7, 40, 24, 45], [0, 3, 4, 9, 13, 14]]
[[4, 12, 7, 40, 24, 45], [0, 1, 2, 4, 6, 9, 12, 13, 15, 17]]
[[4, 14, 10, 18, 19, 110], [0, 2, 5, 7, 8, 9, 10, 11, 12, 17, 18, 19]]
[[4, 14, 10, 18, 19, 110], [1, 2, 4, 7, 8, 9, 10, 13, 15]]
[[4, 14, 10, 18, 19, 110], [0, 1, 2, 3, 6, 9, 11, 12, 15]]
[[4, 14, 10, 18, 19, 110], [0, 1, 2, 3, 5, 6, 7, 8, 11, 12]]
[[4, 14, 10, 18, 19, 110], [0, 3, 4, 5, 7, 8, 9, 12, 13, 14]]
[[4, 14, 10, 18, 19, 110], [0, 1, 6, 9, 13, 17, 18, 19]]
[[4, 14, 10, 18, 29, 86], [2, 3, 4, 7, 8, 9, 10, 12, 13, 17, 18, 19]]
[[4, 14, 10, 18, 29, 86], [0, 1, 3, 7, 8, 9, 10, 11, 17, 19]]
[[4, 14, 10, 18, 29, 86], [0, 2, 4, 5, 6, 9, 13, 15]]
[[4, 14, 10, 18, 29, 86], [0, 1, 3, 4, 5, 6, 7, 8, 12, 13, 14, 15]]
[[4, 14, 10, 18, 29, 86], [1, 3, 5, 7, 8, 9, 11, 12, 14, 15, 17, 18]]
[[4, 14, 10, 18, 29, 86], [2, 5, 6, 9, 11, 18]]
[[4, 14, 10, 18, 34, 92], [1, 7, 8, 9, 10, 11, 14, 17, 18, 19]]
[[4, 14, 10, 18, 34, 92], [0, 4, 7, 8, 9, 10, 13, 18, 19]]
[[4, 14, 10, 18, 34, 92], [0, 2, 5, 6, 9, 11, 15]]
[[4, 14, 10, 18, 34, 92], [0, 2, 5, 6, 7, 8, 11, 15]]
[[4, 14, 10, 18, 34, 92], [0, 2, 3, 4, 7, 8, 9, 13, 14, 18, 19]]
[[4, 14, 10, 18, 34, 92], [0, 1, 4, 5, 6, 9, 12, 13, 15, 17]]
[[4, 14, 10, 18, 34, 86], [1, 5, 7, 8, 9, 10, 11, 14, 17]]
[[4, 14, 10, 18, 34, 86], [0, 4, 5, 7, 8, 9, 10, 13]]
[[4, 14, 10, 18, 34, 86], [0, 1, 2, 3, 4, 5, 6, 9, 11, 12, 14, 15, 18, 19]]
[[4, 14, 10, 18, 34, 86], [0, 1, 2, 3, 4, 5, 6, 7, 8, 11, 12, 14, 15, 18, 19]]
[[4, 14, 10, 18, 34, 86], [0, 1, 2, 7, 8, 9, 12, 13]]
[[4, 14, 10, 18, 34, 86], [0, 3, 5, 6, 9, 13, 14, 15, 17, 18, 19]]
[[4, 14, 16, 22, 19, 68], [3, 4, 5, 7, 8, 9, 10, 11, 12, 17, 18, 19]]
[[4, 14, 16, 22, 19, 68], [0, 1, 2, 3, 4, 5, 7, 8, 9, 10, 12, 13, 14]]
[[4, 14, 16, 22, 19, 68], [0, 1, 2, 3, 4, 6, 9, 11, 12, 14, 15]]
[[4, 14, 16, 22, 19, 68], [0, 1, 2, 3, 4, 6, 7, 8, 11, 12, 14, 15]]
[[4, 14, 16, 22, 19, 68], [0, 3, 7, 8, 9, 13, 14]]
[[4, 14, 16, 22, 19, 68], [0, 1, 2, 5, 6, 9, 12, 13, 15, 17, 18, 19]]
[[4, 14, 16, 22, 14, 74], [0, 7, 8, 9, 10, 12, 13, 14, 15, 18]]
[[4, 14, 16, 22, 14, 74], [1, 4, 5, 7, 8, 9, 10, 11, 12, 15, 17, 19]]
[[4, 14, 16, 22, 14, 74], [0, 4, 6, 9, 12, 13, 14, 15, 17, 19]]
[[4, 14, 16, 22, 14, 74], [0, 1, 3, 6, 7, 8, 13, 15, 17, 18]]
[[4, 14, 16, 22, 14, 74], [0, 3, 5, 7, 8, 9, 11, 12, 17, 18]]
[[4, 14, 16, 22, 14, 74], [0, 2, 3, 4, 6, 9, 11, 12, 15, 18]]
[[4, 6, 13, 46, 24, 69], [2, 3, 4, 5, 9, 10, 12, 13, 17]]
[[4, 6, 13, 46, 24, 69], [0, 1, 3, 5, 9, 10, 11, 17, 18]]
[[4, 6, 13, 46, 24, 69], [0, 2, 4, 6, 7, 8, 9, 13, 15, 18, 19]]
[[4, 6, 13, 46, 24, 69], [0, 1, 3, 4, 6, 12, 13, 14, 15, 18, 19]]
[[4, 6, 13, 46, 24, 69], [1, 3, 9, 11, 12, 14, 15, 17, 19]]
[[4, 6, 13, 46, 24, 69], [2, 6, 7, 8, 9, 11, 19]]
[[4, 14, 13, 30, 29, 35], [1, 2, 5, 7, 8, 9, 10, 13, 14, 17, 18, 19]]
[[4, 14, 13, 30, 29, 35], [0, 2, 5, 7, 8, 9, 10, 11, 12, 14, 17, 18]]
[[4, 14, 13, 30, 29, 35], [0, 1, 2, 3, 6, 9, 12, 13, 14, 15]]
[[4, 14, 13, 30, 29, 35], [0, 6, 7, 8, 13, 15]]
[[4, 14, 13, 30, 29, 35], [1, 2, 3, 4, 5, 7, 8, 9, 11, 12, 14, 15, 17, 19]]
[[4, 14, 13, 30, 29, 35], [4, 5, 6, 9, 11, 19]]
[[4, 14, 16, 14, 24, 80], [1, 4, 5, 7, 8, 9, 10, 11, 15, 17, 18, 19]]
[[4, 14, 16, 14, 24, 80], [0, 4, 7, 8, 9, 10, 13, 14, 17, 19]]
[[4, 14, 16, 14, 24, 80], [1, 2, 4, 6, 9, 11, 12, 14]]
[[4, 14, 16, 14, 24, 80], [3, 4, 5, 6, 7, 8, 11, 15]]
[[4, 14, 16, 14, 24, 80], [0, 3, 5, 7, 8, 9, 12, 13, 14, 17, 18]]
[[4, 14, 16, 14, 24, 80], [0, 1, 4, 5, 6, 9, 13, 18]]
[[4, 10, 10, 42, 19, 52], [2, 3, 4, 5, 7, 8, 9, 10, 11, 12, 14, 15, 17, 18, 19]]
[[4, 10, 10, 42, 19, 52], [0, 1, 3, 7, 8, 9, 10, 12, 13, 17, 18]]
[[4, 10, 10, 42, 19, 52], [3, 4, 6, 9, 11]]
[[4, 10, 10, 42, 19, 52], [1, 2, 4, 5, 6, 7, 8, 11, 12, 14, 15]]
[[4, 10, 10, 42, 19, 52], [0, 3, 7, 8, 9, 12, 13, 14, 17, 19]]
[[4, 10, 10, 42, 19, 52], [0, 1, 4, 6, 9, 13, 19]]
[[4, 10, 10, 42, 29, 64], [1, 4, 5, 7, 8, 9, 10, 13, 15, 19]]
[[4, 10, 10, 42, 29, 64], [0, 5, 7, 8, 9, 10, 11, 12, 17, 19]]
[[4, 10, 10, 42, 29, 64], [0, 2, 4, 6, 9, 12, 13, 15, 17, 18]]
[[4, 10, 10, 42, 29, 64], [0, 1, 2, 3, 5, 6, 7, 8, 13, 14, 17, 19]]
[[4, 10, 10, 42, 29, 64], [0, 1, 5, 7, 8, 9, 11, 12, 14, 17, 18]]
[[4, 10, 10, 42, 29, 64], [0, 1, 6, 9, 11, 12, 14, 18]]
[[4, 10, 10, 42, 19, 46], [1, 3, 5, 7, 8, 9, 10, 12, 13, 18, 19]]
[[4, 10, 10, 42, 19, 46], [1, 3, 7, 8, 9, 10, 12, 13, 15, 18, 19]]
[[4, 10, 10, 42, 19, 46], [0, 3, 7, 8, 9, 10, 11, 17, 18]]
[[4, 10, 10, 42, 19, 46], [0, 3, 7, 8, 9, 10, 11, 15, 17, 19]]
[[4, 10, 10, 42, 19, 46], [0, 2, 5, 6, 9, 13, 14, 17]]
[[4, 10, 10, 42, 19, 46], [0, 1, 3, 6, 9, 12, 13, 15, 17]]
[[4, 10, 10, 42, 19, 46], [0, 4, 6, 9, 11, 12, 19]]
[[4, 10, 10, 42, 19, 46], [0, 2, 5, 6, 9, 11, 12, 15, 18]]
[[4, 6, 13, 6, 34, 75], [3, 4, 9, 10, 13, 19]]
[[4, 6, 13, 6, 34, 75], [0, 1, 2, 3, 4, 5, 9, 10, 11, 12, 15, 17, 19]]
[[4, 6, 13, 6, 34, 75], [0, 1, 3, 6, 7, 8, 9, 12, 13, 17, 18]]
[[4, 6, 13, 6, 34, 75], [0, 2, 5, 6, 7, 8, 13, 14, 15, 17, 18]]
[[4, 6, 13, 6, 34, 75], [0, 2, 3, 4, 7, 8, 9, 11, 12, 14, 15, 17, 19]]
[[4, 6, 13, 6, 34, 75], [0, 3, 5, 6, 7, 8, 9, 11, 12, 14, 15, 18]]
[[4, 6, 13, 6, 9, 87], [2, 3, 7, 8, 9, 10, 12, 13, 14, 15, 18]]
[[4, 6, 13, 6, 9, 87], [0, 1, 3, 5, 7, 8, 9, 10, 11, 14, 17, 18]]
[[4, 6, 13, 6, 9, 87], [0, 1, 2, 3, 4, 6, 9, 13, 14, 15, 17, 19]]
[[4, 6, 13, 6, 9, 87], [0, 2, 6, 12, 13, 17, 19]]
[[4, 6, 13, 6, 9, 87], [0, 2, 3, 4, 5, 9, 11, 17, 18]]
[[4, 6, 13, 6, 9, 87], [0, 2, 3, 4, 5, 6, 9, 11, 19]]
[[4, 6, 16, 42, 34, 48], [2, 3, 4, 9, 10, 13, 15, 19]]
[[4, 6, 16, 42, 34, 48], [0, 1, 3, 4, 5, 9, 10, 11, 12, 17, 19]]
[[4, 6, 16, 42, 34, 48], [0, 1, 2, 3, 6, 7, 8, 9, 12, 13, 15, 17, 18]]
[[4, 6, 16, 42, 34, 48], [0, 6, 13, 14, 17, 19]]
[[4, 6, 16, 42, 34, 48], [0, 3, 4, 5, 9, 11, 12, 14, 17, 18]]
[[4, 6, 16, 42, 34, 48], [0, 2, 3, 5, 6, 7, 8, 9, 11, 12, 14, 18]]
[[4, 12, 22, 12, 29, 54], [0, 1, 4, 7, 8, 9, 10, 12, 13, 15]]
[[4, 12, 22, 12, 29, 54], [0, 2, 3, 4, 5, 9, 10, 13, 14, 15, 18, 19]]
[[4, 12, 22, 12, 29, 54], [1, 2, 3, 4, 5, 9, 10, 11, 17, 19]]
[[4, 12, 22, 12, 29, 54], [2, 7, 8, 9, 10, 11, 12, 14, 17, 19]]
[[4, 12, 22, 12, 29, 54], [0, 2, 6, 9, 13, 17, 18, 19]]
[[4, 12, 22, 12, 29, 54], [0, 1, 3, 5, 6, 7, 8, 9, 12, 13, 14, 17]]
[[4, 12, 22, 12, 29, 54], [0, 1, 3, 5, 6, 9, 11, 12, 14, 18]]
[[4, 12, 22, 12, 29, 54], [0, 1, 3, 5, 6, 7, 8, 9, 11, 12, 14, 18]]
[[5, 9, 17, 29, 25, 57], [0, 1, 2, 6, 7, 9, 11, 12, 13, 14, 15, 17, 18, 19]]
[[5, 9, 17, 29, 25, 57], [0, 1, 2, 4, 5, 6, 8, 9, 11, 12, 13, 14, 19]]
[[5, 9, 17, 29, 25, 57], [1, 2, 4, 6, 8, 9, 11, 12, 13, 14, 17]]
[[5, 9, 17, 29, 25, 57], [0, 1, 2, 3, 4, 6, 7, 9, 11, 13, 14, 18]]
[[5, 9, 17, 29, 25, 57], [1, 4, 5, 6, 7, 9, 11, 13, 17, 18]]
[[5, 9, 17, 29, 25, 57], [0, 1, 2, 3, 4, 6, 8, 9, 11, 13, 14, 17, 19]]
[[5, 9, 17, 29, 20, 63], [1, 3, 4, 6, 9, 11, 13]]
[[5, 9, 17, 29, 20, 63], [4, 6, 7, 8, 9, 11, 13, 17, 18]]
[[5, 9, 17, 29, 20, 63], [0, 1, 2, 3, 4, 5, 7, 8, 9, 11, 12, 13, 14, 15, 17, 18, 19]]
[[5, 9, 17, 29, 20, 63], [2, 3, 9, 11, 13, 14, 19]]
[[5, 9, 17, 29, 20, 63], [6, 11, 12, 13, 14, 18, 19]]
[[5, 9, 17, 29, 20, 63], [1, 2, 3, 4, 6, 7, 8, 11, 12, 13, 14, 17, 18]]
[[5, 9, 17, 29, 20, 63], [0, 1, 2, 3, 7, 8, 9, 11, 12, 13, 14, 17, 18]]
[[5, 9, 17, 29, 20, 63], [2, 3, 9, 11, 12, 13, 15, 17, 18]]
[[5, 9, 17, 29, 20, 69], [3, 9, 10, 11, 17]]
[[5, 9, 17, 29, 20, 69], [0, 1, 3, 4, 5, 9, 10, 11, 17]]
[[5, 9, 17, 29, 20, 69], [2, 3, 9, 10, 12, 13, 17]]
[[5, 9, 17, 29, 20, 69], [3, 7, 8, 9, 10, 11, 14, 17]]
[[5, 9, 17, 29, 20, 69], [0, 1, 3, 4, 5, 7, 8, 9, 10, 11, 14, 17]]
[[5, 9, 17, 29, 20, 69], [0, 1, 2, 3, 4, 5, 9, 10, 13, 14, 15, 17]]
[[5, 9, 17, 29, 20, 69], [0, 1, 2, 3, 7, 8, 9, 10, 13, 18]]
[[5, 9, 17, 29, 20, 69], [2, 3, 4, 5, 7, 8, 9, 10, 12, 13, 14, 15, 18]]
[[5, 9, 17, 29, 20, 69], [0, 1, 2, 4, 7, 13, 15, 18, 19]]
[[5, 9, 17, 29, 20, 69], [0, 1, 2, 7, 13, 14, 15, 18, 19]]
[[5, 9, 17, 29, 20, 69], [0, 3, 4, 7, 13, 17, 19]]
[[5, 9, 17, 29, 20, 69], [0, 2, 3, 8, 11, 12, 17, 19]]
[[5, 9, 17, 29, 20, 69], [0, 3, 7, 13, 14, 17, 19]]
[[5, 9, 17, 29, 20, 69], [1, 2, 3, 4, 8, 11, 12, 14, 17, 18]]
[[5, 9, 17, 29, 20, 69], [0, 3, 5, 8, 11, 15, 17, 19]]
[[5, 9, 17, 29, 20, 69], [1, 3, 4, 5, 8, 11, 14, 15, 17, 18]]
[[5, 9, 17, 29, 20, 75], [0, 4, 6, 7, 8, 9, 10, 12, 13, 18, 19]]
[[5, 9, 17, 29, 20, 75], [0, 1, 2, 3, 6, 9, 10, 11, 15]]
[[5, 9, 17, 29, 20, 75], [3, 4, 6, 7, 8, 10, 12, 13, 15, 18, 19]]
[[5, 9, 17, 29, 20, 75], [1, 4, 6, 10, 11, 12, 14, 15, 18, 19]]
[[5, 9, 17, 29, 20, 75], [2, 5, 7, 8, 9, 10, 11, 14, 17, 18]]
[[5, 9, 17, 29, 20, 75], [0, 2, 3, 5, 9, 10, 11, 14, 15, 17, 18]]
[[5, 9, 17, 29, 20, 75], [0, 1, 3, 6, 9, 12, 13, 15]]
[[5, 9, 17, 29, 20, 75], [0, 2, 4, 6, 7, 8, 9, 12, 13, 14, 15, 18, 19]]
[[5, 9, 17, 29, 20, 75], [5, 6, 11, 12, 15, 18, 19]]
[[5, 9, 17, 29, 20, 75], [0, 1, 4, 6, 7, 8, 12, 13, 15, 18, 19]]
[[5, 9, 17, 29, 20, 75], [4, 5, 6, 9, 11, 12, 19]]
[[5, 9, 17, 29, 20, 75], [6, 7, 8, 9, 11, 12, 14, 15, 19]]
[[5, 9, 17, 29, 20, 57], [2, 3, 4, 5, 6, 7, 8, 9, 10, 12, 13, 14, 17, 18]]
[[5, 9, 17, 29, 20, 57], [0, 1, 3, 4, 6, 10, 11, 14, 15, 18, 19]]
[[5, 9, 17, 29, 20, 57], [1, 3, 9, 10, 13, 15, 17, 19]]
[[5, 9, 17, 29, 20, 57], [3, 6, 7, 8, 9, 11, 14, 15]]
[[5, 9, 17, 29, 20, 57], [0, 3, 5, 6, 11, 15, 18, 19]]
[[5, 9, 17, 29, 20, 57], [0, 2, 3, 4, 6, 7, 8, 9, 13, 14, 15, 18]]
[[5, 9, 17, 29, 30, 51], [1, 4, 6, 7, 8, 10, 12, 13, 14, 15, 17]]
[[5, 9, 17, 29, 30, 51], [1, 4, 6, 7, 8, 10, 11, 12, 15, 18]]
[[5, 9, 17, 29, 30, 51], [2, 3, 4, 8, 10, 11, 14, 17, 18, 19]]
[[5, 9, 17, 29, 30, 51], [1, 4, 5, 7, 10, 12, 13, 14, 15, 19]]
[[5, 9, 17, 29, 30, 51], [0, 2, 5, 6, 7, 8, 13, 14, 15, 17]]
[[5, 9, 17, 29, 30, 51], [0, 2, 5, 6, 7, 8, 11, 12, 14, 18]]
[[5, 9, 17, 29, 30, 51], [0, 4, 6, 8, 11, 12, 14, 18, 19]]
[[5, 9, 17, 29, 30, 51], [0, 1, 3, 6, 7, 12, 13, 17, 19]]
