[ 0, 10, 5, 14, 40, 17, 43, 52, 9, 51 ],1
[ 0, 10, 5, 14, 40, 49, 17, 52, 9, 51 ],1
[ 0, 10, 5, 14, 42, 17, 43, 52, 9, 51 ],1
[ 0, 1, 14, 7, 16, 42, 17, 50, 52, 18, 53, 54 ],1
[ 0, 10, 5, 14, 42, 17, 50, 52, 9, 51 ],1
[ 0, 10, 5, 14, 49, 17, 43, 52, 9, 51 ],1
[ 0, 10, 5, 14, 17, 43, 50, 52, 9, 51 ],1
[ 0, 1, 40, 7, 16, 17, 50, 52, 18, 51, 53, 54 ],1
[ 10, 5, 40, 16, 42, 52, 18, 53, 54 ],2
[ 0, 10, 5, 14, 17, 43, 52, 9, 53, 54 ],1
[ 0, 10, 5, 14, 17, 52, 9, 44, 53, 54 ],1
[ 0, 10, 5, 14, 49, 17, 50, 52, 9, 51 ],1
[ 0, 10, 5, 14, 49, 17, 52, 9, 53, 54 ],1
[ 0, 10, 5, 14, 17, 50, 52, 9, 53, 54 ],1
[ 0, 10, 5, 14, 17, 52, 9, 51, 53, 54 ],1
[ 0, 10, 5, 40, 16, 17, 52, 9, 18, 51 ],1
[ 0, 10, 5, 16, 42, 17, 52, 9, 18, 51 ],1
[ 0, 10, 5, 16, 17, 52, 9, 18, 53, 54 ],1
[ 0, 10, 5, 40, 16, 42, 17, 52, 9, 51 ],1
[ 0, 10, 5, 40, 16, 17, 52, 9, 44, 51 ],1
[ 0, 10, 5, 16, 42, 17, 43, 52, 9, 51 ],1
[ 0, 10, 5, 16, 42, 17, 50, 52, 9, 51 ],1
[ 0, 10, 5, 16, 42, 17, 52, 9, 53, 54 ],1
[ 0, 10, 5, 16, 17, 43, 52, 9, 44, 51 ],1
[ 0, 10, 5, 16, 49, 17, 43, 52, 9, 51 ],1
[ 0, 10, 5, 16, 17, 43, 50, 52, 9, 51 ],1
[ 0, 10, 5, 16, 17, 43, 52, 9, 53, 54 ],1
[ 0, 10, 5, 16, 17, 50, 52, 9, 44, 51 ],1
[ 0, 10, 5, 16, 17, 52, 9, 44, 53, 54 ],1
[ 0, 10, 5, 16, 17, 50, 52, 9, 53, 54 ],1
[ 0, 10, 5, 16, 17, 52, 9, 51, 53, 54 ],1
[ 0, 10, 5, 40, 42, 50, 52, 9, 18, 51 ],1
[ 0, 10, 5, 40, 50, 52, 9, 18, 44, 51 ],1
[ 1, 5, 14, 7, 42, 8, 50, 52, 9, 18, 53, 54 ],1
[ 0, 10, 5, 40, 50, 52, 9, 18, 53, 54 ],1
[ 0, 10, 5, 42, 43, 50, 52, 9, 18, 51 ],1
[ 0, 10, 5, 42, 50, 52, 9, 18, 44, 51 ],1
[ 0, 10, 5, 42, 50, 52, 9, 18, 53, 54 ],1
[ 1, 14, 7, 42, 49, 8, 43, 50, 52, 44, 51, 53, 54 ],1
[ 0, 10, 5, 43, 50, 52, 9, 18, 44, 51 ],1
[ 0, 10, 5, 43, 50, 52, 9, 18, 53, 54 ],1
[ 0, 10, 5, 49, 50, 52, 9, 18, 44, 51 ],1
[ 0, 10, 5, 50, 52, 9, 18, 44, 53, 54 ],1
[ 0, 10, 5, 40, 42, 43, 50, 52, 9, 51 ],1
[ 0, 10, 5, 40, 42, 50, 52, 9, 53, 54 ],1
[ 0, 10, 5, 40, 43, 50, 52, 9, 44, 51 ],1
[ 0, 10, 5, 40, 49, 43, 50, 52, 9, 51 ],1
[ 0, 10, 5, 40, 43, 50, 52, 9, 53, 54 ],1
[ 0, 10, 5, 40, 50, 52, 9, 44, 53, 54 ],1
[ 0, 10, 5, 40, 50, 52, 9, 51, 53, 54 ],1
[ 0, 10, 5, 42, 49, 50, 52, 9, 44, 51 ],1
[ 1, 5, 14, 7, 49, 8, 17, 52, 9, 51, 53, 54 ],1
[ 0, 10, 5, 42, 50, 52, 9, 51, 53, 54 ],1
[ 0, 10, 5, 43, 50, 52, 9, 44, 53, 54 ],1
[ 0, 10, 5, 49, 43, 50, 52, 9, 53, 54 ],1
[ 0, 10, 5, 49, 50, 52, 9, 51, 53, 54 ],1
