[ 1, 3, 4, 6, 7, 9, 10, 11, 12 ]
[ 6, 8, 9, 10, 11, 12 ]
[ 0, 3, 6, 8, 9, 10, 11, 12, 14, 18, 19 ]
[ 0, 1, 2, 6, 7, 9, 10, 12, 13, 14 ]
[ 0, 3, 5, 6, 8, 9, 10, 12, 13, 14 ]
[ 0, 3, 5, 6, 8, 9, 10, 13, 15 ]
[ 2, 4, 5, 6, 8, 9, 10, 11, 14, 15 ]
[ 0, 2, 3, 4, 5, 6, 8, 9, 10, 11, 12, 14, 15 ]
[ 1, 5, 6, 7, 9, 11, 18, 19 ]
[ 3, 4, 5, 6, 8, 9, 11, 18, 19 ]
[ 0, 1, 3, 5, 6, 7, 9, 11, 12, 18, 19 ]
[ 0, 4, 5, 6, 7, 9, 12, 13, 18, 19 ]
[ 0, 1, 2, 3, 4, 6, 8, 9, 12, 13, 18, 19 ]
[ 0, 1, 3, 5, 6, 7, 9, 11, 12, 15 ]
[ 0, 4, 5, 6, 7, 9, 13, 14, 15, 18, 19 ]
[ 0, 1, 3, 5, 6, 8, 9, 13, 14, 15, 18, 19 ]
[ 3, 4, 5, 6, 8, 9, 11, 12, 14, 15, 18, 19 ]
[ 0, 4, 6, 8, 9, 12, 13, 17, 18 ]
[ 0, 2, 6, 7, 9, 10, 12, 18 ]
[ 3, 5, 6, 7, 9, 10, 12, 14 ]
[ 0, 1, 3, 6, 8, 9, 10, 12, 14 ]
[ 3, 4, 6, 8, 9, 10, 11, 12, 13, 14, 15 ]
[ 0, 3, 6, 8, 9, 10, 11, 13 ]
[ 6, 7, 9, 10, 11, 13, 14, 18, 19 ]
[ 1, 2, 3, 4, 6, 7, 9, 10, 15, 18, 19 ]
[ 1, 3, 6, 8, 9, 10, 12, 15, 18, 19 ]
[ 0, 1, 3, 5, 6, 10, 12, 18, 19 ]
[ 1, 3, 7, 8, 9, 10, 17, 19 ]
[ 1, 2, 3, 5, 9, 10, 11, 12, 13, 17, 18 ]
[ 1, 4, 6, 8, 9, 11, 12, 13, 16, 17 ]
[ 0, 1, 2, 3, 4, 5, 6, 8, 9, 12, 14, 15, 16, 17 ]
[ 0, 2, 4, 5, 6, 7, 9, 14, 15, 16, 19 ]
[ 2, 4, 6, 7, 9, 10, 11, 12, 18, 19 ]
[ 1, 3, 6, 8, 9, 10, 12, 13, 14 ]
[ 0, 1, 4, 6, 8, 9, 10, 12, 13, 14, 18, 19 ]
[ 1, 3, 5, 6, 8, 9, 10, 12, 13, 14, 18, 19 ]
[ 0, 2, 3, 4, 5, 6, 7, 9, 10, 13, 15, 18, 19 ]
[ 0, 3, 4, 6, 7, 9, 10, 11, 14, 15, 18, 19 ]
[ 1, 2, 3, 6, 8, 9, 10, 11, 14, 15, 18, 19 ]
[ 2, 3, 6, 8, 9, 11, 12 ]
[ 0, 2, 5, 6, 8, 9, 12, 13 ]
[ 1, 2, 4, 6, 8, 9, 11, 14, 18, 19 ]
[ 0, 1, 2, 3, 4, 5, 6, 7, 9, 13, 14, 15 ]
[ 0, 2, 6, 7, 9, 12, 13, 14, 15 ]
[ 0, 2, 4, 6, 8, 9, 10 ]
[ 2, 3, 4, 5, 6, 8, 9, 10, 11, 12, 13, 18, 19 ]
[ 0, 4, 5, 6, 7, 9, 10, 12, 14, 18, 19 ]
[ 2, 3, 6, 7, 9, 10, 12, 15, 18, 19 ]
[ 1, 2, 3, 6, 7, 9, 10, 15, 18, 19 ]
[ 0, 2, 3, 4, 6, 7, 9, 10, 11, 13, 14, 15 ]
[ 1, 3, 5, 6, 8, 9, 10, 12, 14, 15 ]
[ 0, 2, 3, 4, 9, 10, 11, 13, 14, 17, 19 ]
[ 1, 3, 9, 10, 12, 14, 17, 18 ]
[ 0, 3, 4, 7, 8, 9, 10, 14, 15, 17, 19 ]
[ 0, 2, 4, 6, 8, 9, 12, 15, 16, 19 ]
[ 3, 4, 6, 7, 9, 11, 12, 13, 14, 15, 16, 19 ]
[ 1, 3, 5, 6, 7, 9, 10, 11, 12, 18, 19 ]
[ 1, 3, 4, 5, 6, 7, 9, 10, 11, 12, 18, 19 ]
[ 0, 2, 3, 4, 5, 6, 7, 9, 10, 11, 12, 18, 19 ]
[ 0, 3, 4, 6, 7, 9, 10, 11, 14 ]
[ 0, 3, 6, 8, 9, 10, 12, 13, 14, 18, 19 ]
[ 0, 3, 4, 5, 6, 8, 9, 10, 12, 13, 14 ]
[ 0, 1, 4, 6, 7, 9, 10, 13, 15, 18, 19 ]
[ 1, 3, 4, 5, 6, 7, 9, 10, 13, 15, 18, 19 ]
[ 0, 1, 6, 8, 9, 10, 13, 15, 18, 19 ]
[ 1, 2, 3, 6, 8, 9, 10, 13, 15, 18, 19 ]
[ 2, 5, 6, 7, 9, 10, 11, 14, 15 ]
[ 2, 4, 6, 8, 9, 10, 11, 14, 15, 18, 19 ]
[ 1, 3, 6, 8, 9, 10, 12, 13, 14, 15, 18, 19 ]
[ 1, 2, 6, 8, 9, 11, 18, 19 ]
[ 0, 1, 3, 5, 6, 7, 9, 13 ]
[ 0, 5, 6, 8, 9, 13 ]
[ 0, 5, 6, 7, 9, 13, 14 ]
[ 0, 2, 6, 8, 9, 13, 14 ]
[ 0, 1, 2, 3, 5, 6, 7, 9, 12, 13, 14 ]
[ 0, 4, 5, 6, 7, 9, 12, 13, 14, 18, 19 ]
[ 1, 5, 6, 8, 9, 11, 15 ]
[ 1, 2, 5, 6, 8, 9, 11, 12, 15 ]
[ 3, 4, 5, 6, 8, 9, 11, 12, 15, 18, 19 ]
[ 0, 1, 3, 5, 6, 7, 9, 12, 13, 15 ]
[ 0, 1, 2, 3, 5, 6, 7, 9, 12, 13, 15, 18, 19 ]
[ 3, 5, 6, 7, 9, 11, 14, 15 ]
[ 1, 5, 6, 8, 9, 11, 14, 15 ]
[ 2, 3, 4, 5, 6, 8, 9, 11, 12, 14, 15 ]
[ 3, 6, 8, 9, 10 ]
[ 4, 5, 6, 7, 9, 10, 11, 12, 18, 19 ]
[ 0, 3, 6, 7, 9, 10, 11, 12, 14, 18, 19 ]
[ 0, 1, 2, 4, 6, 8, 9, 10, 12, 13, 14 ]
[ 1, 3, 6, 7, 9, 10, 11, 15 ]
[ 0, 3, 4, 6, 8, 9, 10, 13, 15, 18, 19 ]
[ 0, 2, 3, 4, 5, 6, 7, 9, 10, 11, 12, 14, 15 ]
[ 4, 5, 6, 8, 9, 10, 11, 12, 14, 15 ]
[ 1, 3, 6, 8, 9, 10, 13, 14, 17, 19 ]
[ 0, 3, 5, 6, 8, 9, 10, 13, 14, 17, 19 ]
[ 1, 2, 3, 4, 6, 8, 9, 10, 13, 14, 15, 17, 19 ]
[ 0, 2, 5, 6, 7, 9, 11, 18, 19 ]
[ 0, 2, 4, 5, 6, 7, 9, 12, 13 ]
[ 0, 4, 6, 8, 9, 11, 14, 18, 19 ]
[ 1, 2, 5, 6, 8, 9, 11, 12, 14, 18, 19 ]
[ 0, 4, 6, 8, 9, 11, 14, 15 ]
[ 0, 1, 2, 3, 6, 7, 9, 13, 14, 15, 18, 19 ]
[ 0, 2, 6, 7, 9, 13, 17, 18 ]
[ 0, 1, 3, 5, 6, 7, 9, 13, 14, 17, 18 ]
[ 0, 1, 3, 5, 6, 8, 9, 12, 13, 14, 17, 19 ]
[ 0, 4, 5, 6, 7, 9, 12, 13, 15, 17, 18 ]
[ 0, 1, 3, 5, 6, 7, 9, 10 ]
[ 2, 3, 4, 5, 6, 7, 9, 10, 14 ]
[ 3, 4, 6, 8, 9, 10, 14 ]
[ 0, 2, 6, 7, 9, 10, 12, 14, 18, 19 ]
[ 0, 2, 4, 6, 8, 9, 10, 12, 14, 18, 19 ]
[ 0, 1, 3, 5, 6, 8, 9, 10, 14, 15, 18, 19 ]
[ 0, 5, 6, 8, 9, 10, 12, 14, 15 ]
[ 0, 1, 6, 8, 9, 10 ]
[ 0, 1, 2, 6, 7, 9, 10, 12, 14 ]
[ 1, 3, 4, 5, 6, 7, 9, 10, 12, 14, 18, 19 ]
[ 0, 1, 6, 7, 9, 10, 14, 15, 18, 19 ]
[ 0, 1, 4, 6, 8, 9, 10, 14, 15, 18, 19 ]
[ 1, 3, 4, 5, 6, 7, 9, 10, 12, 14, 15 ]
[ 1, 3, 6, 8, 9, 10, 12, 14, 15, 18, 19 ]
[ 1, 2, 3, 4, 6, 8, 9, 10, 12, 14, 15 ]
[ 0, 3, 5, 9, 10, 17, 19 ]
[ 0, 3, 4, 5, 9, 10, 12, 17, 18 ]
[ 1, 3, 4, 5, 9, 10, 12, 14, 17, 19 ]
[ 1, 2, 3, 4, 5, 9, 10, 12, 14, 17, 18 ]
[ 0, 1, 2, 3, 4, 6, 8, 9, 12, 16, 17 ]
[ 0, 5, 6, 7, 9, 14, 16, 17, 18, 19 ]
[ 0, 2, 6, 7, 9, 12, 16, 18 ]
[ 0, 1, 3, 5, 6, 7, 9, 14, 15, 16, 18 ]
[ 0, 1, 2, 3, 6, 8, 9, 14, 15, 16, 18 ]
[ 0, 1, 3, 4, 5, 6, 7, 9, 12, 14, 15, 16, 19 ]
[ 0, 2, 6, 8, 9, 12, 14, 15, 16, 19 ]
[ 1, 2, 3, 4, 6, 8, 9, 10, 11, 12, 18, 19 ]
[ 1, 2, 3, 5, 6, 8, 9, 10, 11, 12 ]
[ 1, 3, 4, 5, 6, 8, 9, 10, 11, 12, 18, 19 ]
[ 3, 4, 6, 8, 9, 10, 12, 15 ]
[ 2, 6, 7, 9, 10, 12, 13, 14, 18, 19 ]
[ 1, 5, 6, 8, 9, 10, 12, 19 ]
[ 0, 1, 2, 3, 4, 6, 7, 9, 10, 12, 18, 19 ]
[ 0, 1, 2, 3, 4, 5, 6, 8, 9, 10, 11, 12, 13 ]
[ 0, 1, 2, 3, 6, 7, 9, 10, 11, 13, 14 ]
[ 0, 1, 2, 3, 5, 6, 8, 9, 10, 11, 12, 13, 14 ]
[ 3, 5, 6, 7, 9, 10, 11, 12, 13, 15, 18, 19 ]
[ 2, 3, 4, 6, 7, 9, 10, 11, 13, 14, 15 ]
[ 3, 5, 6, 8, 9, 10, 11, 12, 13, 15, 17, 19 ]
[ 0, 1, 3, 4, 5, 6, 8, 9, 10, 11, 12, 13, 14, 15, 17, 18 ]
[ 0, 2, 3, 4, 5, 6, 8, 9, 10, 11, 12, 13, 18, 19 ]
[ 0, 2, 3, 4, 5, 6, 8, 9, 10, 11, 13, 14 ]
[ 0, 3, 6, 8, 9, 10, 12, 14, 15 ]
[ 0, 3, 5, 6, 7, 9, 10, 11, 12, 13, 14, 15, 18, 19 ]
[ 2, 4, 5, 6, 7, 9, 10, 11, 12, 13, 14, 15, 18, 19 ]
[ 0, 1, 5, 6, 8, 9, 10, 11, 12, 13, 14, 15, 18, 19 ]
[ 0, 2, 3, 5, 6, 7, 9, 10, 11, 13, 14, 15, 17, 19 ]
[ 2, 6, 7, 9, 10, 11, 12, 13, 14, 15, 17, 18 ]
[ 0, 1, 2, 3, 4, 6, 7, 8, 10 ]
[ 1, 2, 3, 4, 5, 7, 8, 9, 10, 11, 13, 18, 19 ]
[ 0, 2, 3, 9, 10, 11, 13, 14, 18, 19 ]
[ 1, 2, 3, 5, 7, 8, 9, 10, 11, 13, 17, 19 ]
[ 0, 1, 4, 7, 8, 9, 10, 15, 17, 19 ]
[ 0, 3, 7, 8, 9, 10, 11, 12, 13, 15, 17, 18 ]
[ 0, 2, 3, 4, 5, 7, 8, 9, 10, 11, 13, 14, 15, 17, 19 ]
[ 0, 1, 7, 8, 9, 10, 11, 12, 13, 14, 15, 17, 18 ]
[ 0, 2, 3, 4, 7, 8, 9, 10, 11, 12, 13, 14, 15, 17, 19 ]
[ 0, 2, 6, 7, 9, 11, 13, 14, 16, 17, 18, 19 ]
[ 1, 2, 4, 6, 7, 9, 11, 12, 13, 14, 16, 17, 18, 19 ]
[ 1, 4, 5, 6, 7, 9, 11, 13, 14, 15, 16, 17, 18, 19 ]
[ 2, 3, 5, 6, 8, 9, 11, 13, 14, 15, 16, 17 ]
[ 1, 2, 4, 6, 8, 9, 11, 13, 16, 18 ]
[ 3, 4, 5, 6, 8, 9, 11, 13, 16, 18 ]
[ 0, 5, 6, 8, 9, 12, 14, 16, 18 ]
[ 0, 1, 3, 6, 7, 9, 11, 13, 14, 15, 16, 19 ]
[ 1, 2, 4, 5, 6, 8, 9, 10, 11, 12, 13, 14, 17 ]
[ 0, 1, 2, 3, 4, 6, 7, 9, 10 ]
[ 3, 4, 5, 6, 8, 9, 10, 18, 19 ]
[ 0, 5, 6, 7, 9, 10, 12, 18, 19 ]
[ 0, 1, 3, 4, 6, 7, 9, 10, 12, 14 ]
[ 0, 5, 6, 8, 9, 10, 12, 14, 18, 19 ]
[ 3, 6, 7, 9, 10, 11, 12, 13, 14, 18, 19 ]
[ 2, 3, 5, 6, 8, 9, 10, 12, 15 ]
[ 0, 1, 3, 5, 6, 8, 9, 10, 11, 12, 13, 14, 15 ]
[ 0, 1, 2, 4, 5, 6, 7, 9, 10, 12, 18, 19 ]
[ 4, 5, 6, 7, 9, 10, 11, 12, 13, 14, 18, 19 ]
[ 1, 3, 4, 6, 7, 9, 10, 14, 15 ]
[ 1, 2, 3, 6, 7, 9, 10, 12, 14, 15 ]
[ 1, 2, 3, 4, 5, 6, 8, 9, 10, 12, 14, 15, 18, 19 ]
[ 0, 1, 2, 3, 4, 6, 7, 8, 10, 14, 15, 18, 19 ]
[ 1, 2, 3, 7, 8, 9, 10, 17, 18 ]
[ 1, 2, 3, 9, 10, 12, 14, 17, 19 ]
[ 1, 2, 3, 4, 9, 10, 12, 14, 17, 19 ]
[ 0, 3, 4, 5, 9, 10, 15, 17, 18 ]
[ 1, 3, 9, 10, 11, 13, 15, 17, 18 ]
[ 1, 2, 3, 4, 9, 10, 11, 12, 13, 15, 17, 18 ]
[ 0, 3, 4, 5, 9, 10, 14, 15, 17, 18 ]
[ 1, 2, 3, 5, 7, 8, 9, 10, 14, 15, 17, 18 ]
[ 0, 2, 4, 6, 7, 9, 12, 15, 16, 17, 18, 19 ]
[ 1, 4, 6, 7, 9, 11, 12, 13, 14, 15, 16, 17, 18, 19 ]
[ 0, 4, 5, 6, 8, 9, 16, 19 ]
[ 1, 6, 8, 9, 11, 12, 13, 16, 18 ]
[ 0, 1, 2, 3, 4, 5, 6, 8, 9, 12, 15, 16, 18 ]
[ 0, 1, 2, 3, 4, 6, 7, 9, 14, 15, 16, 18 ]
[ 0, 1, 3, 4, 5, 6, 8, 9, 14, 15, 16, 18 ]
[ 1, 3, 4, 6, 8, 9, 10, 11, 15 ]
[ 1, 2, 3, 5, 6, 8, 9, 10, 11, 15 ]
[ 1, 2, 3, 6, 7, 9, 10, 12, 13, 14, 18, 19 ]
[ 0, 6, 8, 9, 10, 11, 13, 14, 17 ]
[ 2, 3, 4, 6, 8, 9, 10, 15, 19 ]
[ 2, 3, 5, 6, 7, 9, 10, 12, 14, 15, 19 ]
[ 3, 4, 5, 6, 7, 9, 10, 12, 14, 15, 18 ]
[ 1, 4, 5, 6, 8, 9, 10, 12, 14, 15, 18 ]
[ 3, 4, 5, 6, 7, 9, 10, 11, 12, 13, 14, 15, 18 ]
[ 2, 3, 6, 7, 9, 10, 11, 13, 18, 19 ]
[ 1, 5, 6, 7, 9, 10, 11, 13, 18, 19 ]
[ 0, 1, 2, 3, 5, 6, 8, 9, 10, 11, 13, 18, 19 ]
[ 3, 4, 6, 7, 9, 10, 12, 18, 19 ]
[ 0, 1, 3, 4, 5, 6, 7, 9, 10, 12, 18, 19 ]
[ 0, 1, 2, 3, 4, 5, 6, 7, 9, 10, 12 ]
[ 0, 6, 8, 9, 10, 12 ]
[ 0, 1, 2, 3, 6, 7, 9, 10, 11, 12, 13, 18, 19 ]
[ 1, 6, 7, 9, 10, 11, 13, 14 ]
[ 1, 5, 6, 8, 9, 10, 11, 13, 14, 18, 19 ]
[ 1, 2, 4, 5, 6, 8, 9, 10, 11, 13, 14 ]
[ 0, 1, 2, 3, 4, 5, 6, 8, 9, 10, 11, 13, 14, 18, 19 ]
[ 0, 2, 4, 5, 6, 7, 9, 10, 12, 14 ]
[ 0, 2, 5, 6, 8, 9, 10, 12, 14 ]
[ 3, 4, 5, 6, 7, 9, 10, 11, 12, 13, 14 ]
[ 2, 3, 4, 6, 8, 9, 10, 11, 12, 13, 14 ]
[ 0, 1, 3, 5, 6, 8, 9, 10, 11, 12, 13, 14, 18, 19 ]
[ 3, 6, 8, 9, 10, 15, 18, 19 ]
[ 0, 5, 6, 8, 9, 10, 11, 12, 13, 15 ]
[ 0, 1, 3, 4, 5, 6, 8, 9, 10, 14, 15, 18, 19 ]
[ 1, 6, 7, 9, 10, 11, 13, 14, 15, 18, 19 ]
[ 0, 1, 2, 3, 5, 6, 7, 9, 10, 11, 13, 14, 15 ]
[ 1, 2, 6, 7, 9, 10, 12, 14, 15, 18, 19 ]
[ 0, 4, 5, 6, 8, 9, 10, 12, 14, 15 ]
[ 1, 2, 4, 5, 6, 8, 9, 10, 11, 12, 13, 14, 15 ]
[ 2, 3, 4, 5, 6, 7, 9, 10, 11, 13, 17, 18 ]
[ 2, 3, 6, 8, 9, 10, 11, 13, 17, 19 ]
[ 2, 3, 4, 5, 6, 8, 9, 10, 11, 13, 17, 18 ]
[ 1, 2, 6, 7, 9, 10, 11, 12, 13, 14, 17, 18 ]
[ 0, 1, 3, 5, 6, 8, 9, 10, 11, 13, 15, 17, 19 ]
[ 0, 1, 3, 4, 5, 6, 7, 9, 10, 11, 13, 14, 15, 17, 19 ]
[ 1, 6, 7, 9, 10, 11, 12, 13, 14, 15, 17, 18 ]
[ 0, 3, 4, 6, 7, 9, 10 ]
[ 2, 5, 6, 7, 9, 10, 18, 19 ]
[ 0, 3, 4, 5, 6, 7, 9, 10, 11, 13, 18, 19 ]
[ 0, 2, 3, 6, 8, 9, 10, 11, 13, 18, 19 ]
[ 5, 6, 7, 9, 10, 11, 12, 13, 18, 19 ]
[ 1, 3, 5, 6, 7, 9, 10, 14 ]
[ 1, 2, 3, 4, 6, 8, 9, 10, 14 ]
[ 0, 3, 4, 6, 8, 9, 10, 11, 13, 14 ]
[ 0, 1, 4, 6, 8, 9, 10, 15, 18, 19 ]
[ 0, 1, 5, 6, 8, 9, 10, 15 ]
[ 6, 7, 9, 10, 11, 13, 15 ]
[ 0, 2, 3, 4, 6, 7, 9, 10, 11, 13, 15 ]
[ 0, 1, 2, 4, 6, 8, 9, 10, 11, 13, 15 ]
[ 0, 1, 5, 6, 7, 9, 10, 11, 12, 13, 15, 18, 19 ]
[ 2, 4, 6, 8, 9, 10, 11, 12, 13, 15 ]
[ 0, 2, 3, 6, 8, 9, 10, 14, 15 ]
[ 0, 2, 3, 6, 7, 9, 10, 11, 13, 14, 15 ]
[ 2, 6, 7, 9, 10, 11, 13, 14, 15, 18, 19 ]
[ 2, 4, 6, 8, 9, 10, 11, 13, 14, 15, 18, 19 ]
[ 0, 2, 3, 5, 6, 8, 9, 10, 11, 13, 14, 15, 18, 19 ]
[ 2, 4, 5, 6, 8, 9, 10, 11, 13, 14, 15 ]
[ 0, 1, 2, 4, 6, 7, 9, 10, 12, 14, 15, 18, 19 ]
[ 1, 2, 3, 4, 5, 6, 7, 9, 10, 12, 14, 15, 18, 19 ]
[ 1, 3, 4, 6, 8, 9, 10, 12, 14, 15, 18, 19 ]
[ 2, 6, 7, 9, 10, 11, 12, 13, 14, 15 ]
[ 0, 3, 5, 6, 7, 9, 10, 11, 13, 17, 19 ]
[ 0, 2, 3, 5, 6, 7, 9, 10, 11, 13, 17, 18 ]
[ 0, 3, 5, 6, 8, 9, 10, 11, 13, 17, 19 ]
[ 0, 1, 4, 6, 8, 9, 10, 11, 12, 13, 14, 17, 19 ]
[ 0, 2, 3, 5, 6, 8, 9, 10, 11, 13, 15, 17, 19 ]
[ 5, 6, 8, 9, 10, 11, 12, 13, 15, 17, 18 ]
[ 0, 1, 2, 6, 7, 9, 10, 11, 13, 14, 15, 17, 18 ]
[ 2, 3, 4, 5, 6, 7, 8, 10 ]
[ 1, 4, 6, 7, 8, 10, 12, 14, 18, 19 ]
[ 1, 4, 6, 10, 11, 12, 13, 14, 18, 19 ]
[ 1, 4, 6, 10, 11, 12, 13, 14, 17, 19 ]
[ 0, 3, 5, 9, 10, 11, 13, 18, 19 ]
[ 0, 2, 3, 7, 8, 9, 10, 11, 13, 18, 19 ]
[ 0, 3, 5, 7, 8, 9, 10, 11, 13, 18, 19 ]
[ 0, 1, 4, 5, 7, 8, 9, 10, 11, 13, 14, 18, 19 ]
[ 0, 2, 3, 9, 10, 11, 13, 15 ]
[ 1, 3, 4, 5, 9, 10, 11, 13, 14, 15, 18, 19 ]
[ 0, 3, 4, 9, 10, 11, 13, 17, 18 ]
[ 1, 2, 3, 4, 5, 9, 10, 11, 13, 17, 19 ]
[ 0, 2, 3, 5, 7, 8, 9, 10, 11, 13, 17, 18 ]
[ 0, 1, 7, 8, 9, 10, 12, 17, 19 ]
[ 0, 1, 7, 8, 9, 10, 11, 12, 13, 17, 19 ]
[ 1, 2, 3, 4, 5, 9, 10, 14, 17, 19 ]
[ 1, 3, 7, 8, 9, 10, 14, 17, 19 ]
[ 0, 2, 3, 9, 10, 11, 13, 14, 17, 19 ]
[ 1, 3, 4, 5, 9, 10, 11, 13, 14, 17, 18 ]
[ 0, 2, 3, 5, 7, 8, 9, 10, 11, 13, 14, 17, 18 ]
[ 1, 3, 4, 7, 8, 9, 10, 12, 14, 17, 18 ]
[ 0, 1, 2, 4, 7, 8, 9, 10, 12, 14, 17, 18 ]
[ 1, 2, 3, 4, 7, 8, 9, 10, 12, 14, 17, 19 ]
[ 1, 2, 3, 5, 7, 8, 9, 10, 11, 12, 13, 14, 17, 18 ]
[ 2, 7, 8, 9, 10, 15, 17, 19 ]
[ 0, 3, 4, 7, 8, 9, 10, 15, 17, 19 ]
[ 0, 1, 7, 8, 9, 10, 11, 13, 15, 17, 19 ]
[ 0, 2, 3, 4, 7, 8, 9, 10, 11, 13, 15, 17, 18 ]
[ 1, 3, 7, 8, 9, 10, 11, 12, 13, 15, 17, 19 ]
[ 1, 3, 4, 7, 8, 9, 10, 11, 12, 13, 15, 17, 19 ]
[ 1, 3, 4, 5, 7, 8, 9, 10, 11, 12, 13, 15, 17, 18 ]
[ 0, 3, 4, 5, 9, 10, 11, 13, 14, 15, 17, 18 ]
[ 1, 2, 3, 7, 8, 9, 10, 11, 13, 14, 15, 17, 19 ]
[ 0, 3, 4, 9, 10, 12, 14, 15, 17, 18 ]
[ 0, 3, 7, 8, 9, 10, 12, 14, 15, 17, 18 ]
[ 0, 1, 2, 3, 4, 6, 7, 9, 16, 17, 18, 19 ]
[ 3, 6, 7, 9, 11, 13, 16, 17, 18, 19 ]
[ 0, 2, 4, 6, 8, 9, 12, 16, 17 ]
[ 1, 2, 4, 5, 6, 7, 9, 11, 12, 13, 16, 17 ]
[ 0, 1, 3, 4, 5, 6, 7, 9, 11, 13, 14, 16, 17, 18, 19 ]
[ 3, 4, 5, 6, 8, 9, 11, 13, 14, 16, 17 ]
[ 0, 4, 6, 8, 9, 12, 14, 16, 17, 18, 19 ]
[ 2, 3, 6, 7, 9, 11, 12, 13, 14, 16, 17, 18, 19 ]
[ 0, 4, 5, 6, 8, 9, 11, 13, 15, 16, 17 ]
[ 3, 5, 6, 7, 9, 11, 13, 14, 15, 16, 17, 18, 19 ]
[ 1, 2, 4, 5, 6, 8, 9, 11, 13, 14, 15, 16, 17 ]
[ 0, 4, 6, 7, 9, 16, 18 ]
[ 0, 1, 2, 3, 5, 6, 8, 9, 16, 18 ]
[ 0, 1, 2, 3, 6, 8, 9, 11, 13, 16, 19 ]
[ 1, 2, 5, 6, 8, 9, 11, 13, 16, 19 ]
[ 0, 5, 6, 7, 9, 12, 16, 18 ]
[ 1, 2, 4, 6, 7, 9, 11, 12, 13, 16, 19 ]
[ 1, 4, 5, 6, 8, 9, 11, 12, 13, 16, 19 ]
[ 1, 2, 6, 8, 9, 11, 13, 14, 16, 18 ]
[ 3, 5, 6, 8, 9, 11, 13, 14, 16, 18 ]
[ 0, 4, 5, 6, 8, 9, 12, 14, 16, 18 ]
[ 0, 1, 3, 4, 6, 7, 9, 11, 13, 15, 16, 19 ]
[ 1, 2, 5, 6, 7, 9, 11, 13, 15, 16, 18 ]
[ 0, 1, 2, 3, 4, 6, 8, 9, 11, 13, 15, 16, 18 ]
[ 0, 6, 7, 9, 12, 15, 16, 18 ]
[ 0, 1, 3, 6, 8, 9, 14, 15, 16, 19 ]
[ 0, 1, 2, 3, 4, 6, 7, 9, 12, 14, 15, 16, 19 ]
[ 2, 3, 4, 6, 7, 9, 11, 12, 13, 14, 15, 16, 18 ]
[ 0, 4, 5, 6, 7, 9, 11, 12, 13, 14, 15, 16, 19 ]
[ 2, 3, 4, 5, 6, 8, 9, 11, 12, 13, 14, 15, 16, 19 ]
[ 0, 5, 6, 7, 9, 10, 14 ]
[ 1, 6, 7, 9, 10, 11, 13 ]
[ 1, 4, 6, 8, 9, 10, 14 ]
[ 0, 1, 2, 3, 4, 5, 6, 7, 9, 10, 11, 12, 13, 14 ]
[ 0, 4, 5, 6, 8, 9, 10, 11, 13, 14, 15, 18, 19 ]
[ 3, 5, 6, 8, 9, 10, 11, 12, 13, 14, 15, 18, 19 ]
[ 0, 2, 6, 7, 9, 10, 11, 12, 13, 14, 17, 19 ]
[ 0, 2, 5, 6, 7, 9, 10, 11, 13, 14, 15, 17, 18 ]
[ 1, 4, 5, 6, 8, 9, 10, 11, 13, 14, 15, 17, 18 ]
[ 0, 1, 4, 6, 7, 9, 10, 11, 13 ]
[ 2, 6, 7, 9, 10, 11, 13, 14 ]
[ 1, 2, 3, 5, 6, 8, 9, 10, 11, 12, 13, 15, 18, 19 ]
[ 0, 3, 6, 7, 9, 10, 14, 15, 18, 19 ]
[ 4, 6, 8, 9, 10, 11, 12, 13, 14, 15, 18, 19 ]
[ 0, 2, 3, 4, 6, 8, 9, 10, 11, 12, 13, 17, 18 ]
[ 2, 6, 8, 9, 10, 11, 13, 14, 15, 17, 19 ]
[ 2, 5, 6, 7, 9, 10, 11, 12, 13, 14, 15, 17, 19 ]
[ 0, 3, 5, 9, 10, 11, 12, 13, 15, 18, 19 ]
[ 1, 3, 7, 8, 9, 10, 11, 12, 13, 15, 18, 19 ]
[ 1, 3, 5, 7, 8, 9, 10, 11, 13, 17, 18 ]
[ 0, 1, 2, 5, 7, 8, 9, 10, 11, 13, 17, 18 ]
[ 0, 1, 2, 5, 7, 8, 9, 10, 12, 17, 19 ]
[ 1, 3, 7, 8, 9, 10, 11, 12, 13, 17, 18 ]
[ 7, 8, 9, 10, 11, 13, 14, 15, 17, 18 ]
[ 2, 3, 4, 6, 8, 9, 11, 13, 16, 17 ]
[ 0, 2, 6, 7, 9, 12, 16, 17 ]
[ 3, 6, 7, 9, 11, 12, 13, 16, 17 ]
[ 0, 5, 6, 8, 9, 11, 12, 13, 15, 16, 17, 18, 19 ]
[ 2, 3, 4, 5, 6, 8, 9, 11, 13, 14, 16, 19 ]
[ 3, 4, 5, 6, 7, 9, 11, 13, 14, 15, 16, 19 ]
[ 0, 3, 5, 6, 7, 9, 10, 11, 12, 14 ]
[ 0, 1, 2, 4, 6, 8, 9, 10, 11, 12, 14 ]
[ 0, 1, 2, 4, 5, 6, 8, 9, 10, 11, 12, 14, 18, 19 ]
[ 0, 2, 3, 4, 6, 7, 9, 10, 11, 12, 14, 15, 18, 19 ]
[ 0, 1, 2, 4, 5, 6, 7, 9, 10, 11, 12, 14, 15 ]
[ 5, 6, 7, 9, 10, 13, 14, 17, 18 ]
[ 1, 3, 5, 6, 8, 9, 10, 13, 14, 17, 18 ]
[ 6, 8, 9, 10, 13, 14, 15, 17, 18 ]
[ 5, 6, 8, 9, 10, 13, 14, 15, 17, 19 ]
[ 1, 2, 3, 4, 5, 6, 8, 9, 10, 13, 14, 15, 17, 18 ]
[ 0, 6, 8, 9, 11, 12 ]
[ 0, 1, 3, 4, 6, 8, 9, 11, 14, 18, 19 ]
[ 0, 2, 4, 6, 7, 9, 11, 12, 15 ]
[ 0, 1, 3, 6, 8, 9, 11, 12, 15, 18, 19 ]
[ 0, 1, 2, 3, 6, 7, 9, 11, 14, 15, 18, 19 ]
[ 0, 4, 5, 6, 7, 9, 12, 13, 17, 19 ]
[ 0, 1, 3, 4, 6, 8, 9, 12, 13, 17, 18 ]
[ 0, 6, 8, 9, 13, 14, 17, 19 ]
[ 0, 2, 4, 6, 7, 9, 13, 14, 15, 17, 19 ]
[ 0, 1, 3, 5, 6, 7, 9, 13, 14, 15, 17, 19 ]
[ 0, 1, 3, 5, 6, 8, 9, 10, 11, 12, 13, 17 ]
[ 2, 3, 4, 5, 6, 7, 9, 10, 11, 12, 13, 18, 19 ]
[ 1, 2, 5, 6, 8, 9, 10, 11, 13, 14 ]
[ 0, 1, 2, 3, 4, 6, 8, 9, 10, 15, 18, 19 ]
[ 0, 1, 3, 5, 6, 7, 9, 10, 12, 15 ]
[ 0, 2, 4, 6, 8, 9, 10, 12, 15 ]
[ 0, 1, 2, 3, 6, 8, 9, 10, 14, 15, 18, 19 ]
[ 1, 2, 5, 6, 7, 9, 10, 11, 13, 14, 15, 18, 19 ]
[ 0, 6, 7, 9, 10, 12, 14, 15, 18, 19 ]
[ 1, 4, 6, 7, 9, 10, 12, 14, 15 ]
[ 1, 2, 4, 6, 8, 9, 10, 11, 13, 17, 19 ]
[ 0, 1, 2, 3, 4, 5, 6, 8, 9, 10, 11, 13, 17, 19 ]
[ 0, 1, 2, 3, 6, 7, 9, 10, 11, 12, 13, 17, 19 ]
[ 0, 1, 3, 4, 5, 6, 7, 9, 10, 11, 13, 14, 17, 18 ]
[ 0, 1, 3, 5, 6, 8, 9, 10, 11, 13, 14, 17, 18 ]
[ 1, 6, 7, 9, 10, 11, 12, 13, 14, 17, 19 ]
[ 0, 2, 6, 8, 9, 10, 11, 13, 14, 15, 17, 19 ]
[ 0, 2, 3, 6, 7, 9, 10, 18, 19 ]
[ 0, 2, 3, 5, 6, 7, 9, 10 ]
[ 4, 5, 6, 7, 9, 10 ]
[ 4, 5, 6, 8, 9, 10, 12, 18, 19 ]
[ 0, 1, 4, 5, 6, 8, 9, 10, 11, 12, 13 ]
[ 0, 3, 6, 8, 9, 10, 12, 14, 18, 19 ]
[ 1, 3, 4, 6, 8, 9, 10, 12, 14 ]
[ 0, 1, 2, 5, 6, 8, 9, 10, 11, 12, 13, 15 ]
[ 0, 2, 3, 4, 5, 6, 7, 9, 10, 11, 13, 14, 15, 18, 19 ]
[ 0, 3, 4, 6, 8, 9, 10, 11, 13, 17, 18 ]
[ 0, 2, 3, 4, 6, 7, 9, 10, 11, 12, 13, 17, 18 ]
[ 4, 5, 6, 7, 9, 10, 11, 12, 13, 17, 19 ]
[ 2, 4, 6, 8, 9, 10, 11, 12, 13, 17, 19 ]
[ 2, 4, 6, 8, 9, 10, 11, 13, 14, 17, 18 ]
[ 0, 3, 4, 5, 6, 7, 9, 10, 11, 12, 13, 14, 17, 18 ]
[ 2, 5, 6, 7, 9, 10, 11, 13, 14, 15, 17, 18 ]
[ 0, 1, 3, 4, 6, 7, 8, 10, 11, 13, 18, 19 ]
[ 0, 3, 4, 5, 9, 10, 11, 13, 18, 19 ]
[ 1, 3, 4, 5, 9, 10, 11, 12, 13, 18, 19 ]
[ 1, 3, 9, 10, 11, 13, 14, 18, 19 ]
[ 1, 2, 3, 9, 10, 11, 13, 14 ]
[ 0, 2, 3, 5, 7, 8, 9, 10, 11, 12, 13, 14, 18, 19 ]
[ 1, 3, 5, 9, 10, 11, 12, 13, 15 ]
[ 0, 3, 5, 7, 8, 9, 10, 11, 12, 13, 15, 18, 19 ]
[ 0, 1, 4, 7, 8, 9, 10, 17, 18 ]
[ 2, 5, 7, 8, 9, 10, 12, 17, 18 ]
[ 0, 1, 2, 5, 7, 8, 9, 10, 11, 12, 13, 17, 19 ]
[ 0, 2, 3, 4, 5, 9, 10, 11, 13, 14, 17, 18 ]
[ 0, 1, 7, 8, 9, 10, 12, 14, 17, 19 ]
[ 0, 1, 5, 7, 8, 9, 10, 12, 14, 17, 18 ]
[ 4, 7, 8, 9, 10, 15, 17, 18 ]
[ 0, 1, 4, 5, 7, 8, 9, 10, 11, 12, 13, 15, 17, 19 ]
[ 1, 3, 4, 7, 8, 9, 10, 12, 14, 15, 17, 19 ]
[ 0, 1, 3, 5, 6, 8, 9, 16, 17, 18, 19 ]
[ 0, 5, 6, 7, 9, 11, 13, 16, 17, 18, 19 ]
[ 0, 2, 6, 8, 9, 11, 12, 13, 14, 16, 17 ]
[ 0, 1, 3, 5, 6, 8, 9, 11, 12, 13, 14, 16, 17 ]
[ 0, 1, 2, 3, 6, 7, 9, 11, 13, 15, 16, 17 ]
[ 0, 1, 3, 4, 6, 7, 9, 11, 13, 14, 15, 16, 17, 18, 19 ]
[ 1, 2, 4, 5, 6, 8, 9, 11, 13, 16, 19 ]
[ 0, 2, 5, 6, 8, 9, 12, 16, 19 ]
[ 0, 1, 2, 3, 6, 7, 9, 14, 16, 19 ]
[ 0, 4, 5, 6, 7, 9, 15, 16, 18 ]
[ 0, 1, 2, 3, 6, 8, 9, 15, 16, 18 ]
[ 1, 6, 7, 9, 11, 13, 15, 16, 18 ]
[ 1, 2, 4, 5, 6, 8, 9, 11, 13, 15, 16, 18 ]
[ 0, 1, 3, 5, 6, 7, 9, 12, 14, 15, 16, 19 ]
[ 0, 1, 3, 4, 6, 7, 9, 11, 12, 13, 14, 15, 16, 18 ]
[ 0, 2, 4, 6, 8, 9, 11, 12, 13, 14, 15, 16, 19 ]
[ 0, 2, 3, 4, 6, 7, 9, 10, 11, 14, 18, 19 ]
[ 0, 5, 6, 8, 9, 10, 15, 18, 19 ]
[ 1, 2, 4, 6, 8, 9, 10, 11, 13, 14, 17 ]
[ 1, 2, 6, 8, 9, 10, 14, 15, 19 ]
[ 1, 5, 6, 8, 9, 10, 11, 12, 13, 14, 15, 18 ]
[ 1, 2, 6, 7, 9, 10, 18, 19 ]
[ 0, 1, 2, 3, 6, 8, 9, 10, 12, 18, 19 ]
[ 2, 3, 5, 6, 7, 9, 10, 11, 12, 13, 18, 19 ]
[ 1, 2, 4, 5, 6, 8, 9, 10, 11, 12, 13, 18, 19 ]
[ 3, 4, 6, 7, 9, 10, 14 ]
[ 0, 1, 2, 3, 4, 6, 8, 9, 10, 14 ]
[ 0, 5, 6, 8, 9, 10, 11, 13, 14 ]
[ 1, 4, 6, 8, 9, 10, 15, 18, 19 ]
[ 3, 4, 5, 6, 8, 9, 10, 15 ]
[ 0, 4, 5, 6, 8, 9, 10, 15, 18, 19 ]
[ 3, 5, 6, 8, 9, 10, 11, 13, 15 ]
[ 1, 2, 4, 6, 7, 9, 10, 12, 15, 18, 19 ]
[ 1, 2, 6, 8, 9, 10, 12, 15, 18, 19 ]
[ 0, 4, 5, 6, 7, 9, 10, 11, 12, 13, 15 ]
[ 1, 4, 6, 7, 9, 10, 14, 15, 18, 19 ]
[ 1, 4, 5, 6, 8, 9, 10, 14, 15 ]
[ 0, 1, 3, 4, 6, 7, 9, 10, 11, 13, 14, 15 ]
[ 0, 2, 4, 6, 8, 9, 10, 11, 13, 14, 15, 18, 19 ]
[ 2, 3, 5, 6, 7, 9, 10, 12, 14, 15 ]
[ 0, 5, 6, 7, 9, 10, 11, 12, 13, 14, 15 ]
[ 1, 2, 5, 6, 7, 9, 10, 11, 13, 14, 17, 18 ]
[ 3, 4, 6, 8, 9, 10, 11, 12, 13, 15, 17, 18 ]
[ 0, 1, 2, 3, 6, 7, 9, 10, 11, 13, 14, 15, 17, 19 ]
[ 1, 5, 6, 7, 9, 10, 11, 13, 14, 15, 17, 18 ]
[ 6, 8, 9, 10, 11, 13, 18, 19 ]
[ 0, 2, 3, 4, 6, 8, 9, 10, 11, 13, 18, 19 ]
[ 0, 3, 4, 5, 6, 8, 9, 10, 11, 13, 18, 19 ]
[ 0, 1, 2, 5, 6, 7, 9, 10, 12, 18, 19 ]
[ 1, 2, 3, 4, 5, 6, 7, 9, 10, 12 ]
[ 1, 2, 3, 6, 8, 9, 10, 12, 18, 19 ]
[ 4, 5, 6, 7, 9, 10, 11, 12, 13, 18, 19 ]
[ 0, 1, 2, 5, 6, 7, 9, 10, 14 ]
[ 1, 2, 3, 5, 6, 7, 9, 10, 14, 18, 19 ]
[ 0, 1, 6, 8, 9, 10, 14 ]
[ 4, 6, 7, 9, 10, 12, 14 ]
[ 0, 3, 4, 5, 6, 7, 9, 10, 11, 12, 13, 14 ]
[ 1, 2, 3, 4, 6, 8, 9, 10, 12, 15 ]
[ 0, 3, 4, 5, 6, 8, 9, 10, 12, 15, 18, 19 ]
[ 0, 1, 2, 4, 6, 7, 9, 10, 11, 13, 14, 15 ]
[ 0, 3, 4, 5, 6, 8, 9, 10, 11, 13, 14, 15 ]
[ 0, 1, 2, 6, 7, 9, 10, 12, 14, 15, 18, 19 ]
[ 0, 2, 3, 5, 6, 7, 9, 10, 12, 14, 15 ]
[ 0, 3, 4, 5, 6, 7, 9, 10, 11, 12, 13, 14, 15, 18, 19 ]
[ 2, 6, 8, 9, 10, 11, 12, 13, 14, 17, 19 ]
[ 2, 4, 6, 8, 9, 10, 11, 12, 13, 15, 17, 18 ]
[ 6, 7, 9, 10, 11, 12, 13, 14, 15, 17, 19 ]
[ 6, 8, 9, 10, 11, 12, 13, 14, 15, 17, 19 ]
[ 2, 3, 6, 7, 8, 10, 11, 13, 18, 19 ]
[ 1, 6, 10, 12, 14, 18, 19 ]
[ 3, 6, 7, 8, 10, 11, 12, 13, 14, 18, 19 ]
[ 0, 5, 6, 10, 15, 18, 19 ]
[ 2, 3, 6, 7, 8, 10, 11, 12, 13, 17, 18 ]
[ 1, 3, 4, 9, 10, 11, 13, 18, 19 ]
[ 1, 3, 4, 7, 8, 9, 10, 11, 13, 18, 19 ]
[ 1, 2, 3, 4, 5, 9, 10, 11, 13, 15 ]
[ 1, 2, 3, 9, 10, 11, 13, 14, 15, 18, 19 ]
[ 0, 2, 3, 4, 9, 10, 11, 13, 17, 19 ]
[ 0, 3, 4, 7, 8, 9, 10, 11, 13, 17, 18 ]
[ 1, 2, 3, 9, 10, 12, 17, 19 ]
[ 1, 2, 3, 4, 9, 10, 12, 17, 19 ]
[ 0, 1, 7, 8, 9, 10, 14, 17, 18 ]
[ 1, 3, 4, 7, 8, 9, 10, 14, 17, 19 ]
[ 0, 1, 7, 8, 9, 10, 11, 13, 14, 17, 18 ]
[ 1, 3, 7, 8, 9, 10, 11, 13, 14, 17, 19 ]
[ 0, 2, 3, 5, 9, 10, 11, 12, 13, 14, 17, 19 ]
[ 0, 3, 5, 9, 10, 15, 17, 18 ]
[ 0, 1, 2, 4, 7, 8, 9, 10, 15, 17, 18 ]
[ 0, 3, 4, 5, 7, 8, 9, 10, 12, 15, 17, 19 ]
[ 1, 2, 3, 4, 5, 7, 8, 9, 10, 12, 15, 17, 19 ]
[ 0, 2, 3, 4, 5, 7, 8, 9, 10, 12, 15, 17, 18 ]
[ 0, 3, 5, 9, 10, 14, 15, 17, 18 ]
[ 0, 3, 7, 8, 9, 10, 14, 15, 17, 19 ]
[ 2, 7, 8, 9, 10, 12, 14, 15, 17, 18 ]
[ 1, 2, 3, 5, 9, 10, 11, 12, 13, 14, 15, 17, 19 ]
[ 0, 2, 3, 5, 9, 10, 11, 12, 13, 14, 15, 17, 18 ]
[ 0, 1, 2, 3, 6, 8, 9, 12, 16, 17 ]
[ 3, 4, 6, 7, 9, 11, 12, 13, 16, 17 ]
[ 2, 3, 6, 8, 9, 11, 13, 14, 16, 17 ]
[ 2, 3, 4, 5, 6, 8, 9, 11, 13, 14, 16, 17, 18, 19 ]
[ 0, 1, 2, 3, 4, 6, 7, 9, 12, 14, 16, 17 ]
[ 0, 2, 4, 5, 6, 7, 9, 12, 14, 16, 17, 18, 19 ]
[ 0, 1, 3, 4, 5, 6, 8, 9, 12, 14, 16, 17 ]
[ 0, 4, 6, 8, 9, 15, 16, 17, 18, 19 ]
[ 0, 2, 6, 8, 9, 11, 13, 15, 16, 17 ]
[ 0, 4, 6, 7, 9, 12, 15, 16, 17 ]
[ 0, 1, 2, 3, 4, 5, 6, 7, 9, 12, 15, 16, 17 ]
[ 0, 4, 5, 6, 8, 9, 12, 15, 16, 17, 18, 19 ]
[ 0, 2, 4, 5, 6, 8, 9, 14, 15, 16, 17, 18, 19 ]
[ 1, 2, 4, 5, 6, 7, 9, 11, 13, 14, 15, 16, 17 ]
[ 3, 4, 6, 8, 9, 11, 12, 13, 14, 15, 16, 17, 18, 19 ]
[ 0, 2, 4, 6, 7, 9, 16, 19 ]
[ 0, 1, 3, 5, 6, 7, 9, 16, 19 ]
[ 0, 1, 3, 4, 5, 6, 7, 9, 12, 16, 18 ]
[ 2, 3, 4, 5, 6, 7, 9, 11, 13, 15, 16, 18 ]
[ 1, 4, 6, 8, 9, 11, 13, 15, 16, 18 ]
[ 0, 5, 6, 7, 9, 11, 12, 13, 15, 16, 19 ]
[ 1, 5, 6, 7, 9, 11, 13, 14, 15, 16, 19 ]
[ 0, 1, 3, 4, 6, 8, 9, 11, 13, 14, 15, 16, 19 ]
[ 0, 3, 4, 5, 6, 7, 9, 10, 11, 12, 14 ]
[ 4, 6, 7, 9, 10, 11, 15 ]
[ 0, 2, 3, 5, 6, 8, 9, 10, 11, 12, 14, 15 ]
[ 0, 2, 3, 4, 6, 7, 9, 10, 12, 13, 17, 18 ]
[ 1, 3, 4, 6, 8, 9, 10, 13, 14, 17, 19 ]
[ 0, 2, 6, 7, 9, 11, 12, 14, 18, 19 ]
[ 0, 2, 4, 6, 8, 9, 11, 14, 15, 18, 19 ]
[ 0, 1, 2, 3, 4, 5, 6, 8, 9, 13, 17, 19 ]
[ 0, 2, 4, 5, 6, 7, 9, 12, 13, 17, 18 ]
[ 0, 2, 5, 6, 7, 9, 12, 13, 14, 17, 18 ]
[ 0, 1, 2, 3, 6, 8, 9, 13, 14, 15, 17, 19 ]
[ 0, 5, 6, 8, 9, 10 ]
[ 3, 4, 6, 7, 9, 10, 12, 14, 18, 19 ]
[ 0, 2, 6, 7, 9, 10, 15, 18, 19 ]
[ 2, 3, 4, 5, 6, 8, 9, 10, 15, 18, 19 ]
[ 0, 1, 2, 3, 6, 8, 9, 10, 12, 14, 15 ]
[ 1, 2, 3, 4, 6, 8, 9, 10 ]
[ 1, 2, 3, 4, 6, 7, 9, 10, 14 ]
[ 1, 3, 4, 5, 6, 7, 9, 10, 15, 18, 19 ]
[ 1, 2, 3, 6, 8, 9, 10, 12, 15 ]
[ 1, 2, 3, 9, 10, 17, 18 ]
[ 0, 3, 4, 9, 10, 17, 18 ]
[ 1, 3, 9, 10, 15, 17, 18 ]
[ 1, 2, 3, 5, 9, 10, 15, 17, 18 ]
[ 0, 1, 3, 5, 6, 7, 9, 16, 17, 18, 19 ]
[ 0, 2, 4, 6, 8, 9, 15, 16, 17 ]
[ 0, 5, 6, 8, 9, 14, 16, 19 ]
[ 0, 2, 6, 8, 9, 15, 16, 18 ]
[ 0, 2, 6, 7, 9, 14, 15, 16, 18 ]
[ 1, 2, 4, 6, 7, 9, 10, 12 ]
[ 0, 2, 5, 6, 7, 9, 10, 12 ]
[ 0, 2, 4, 6, 8, 9, 10, 12, 18, 19 ]
[ 0, 1, 3, 4, 5, 6, 8, 9, 10, 14 ]
[ 1, 2, 4, 6, 8, 9, 10, 11, 13, 14, 18, 19 ]
[ 1, 6, 8, 9, 10, 11, 13, 15, 18, 19 ]
[ 0, 4, 5, 6, 8, 9, 10, 11, 13, 15, 18, 19 ]
[ 2, 3, 5, 6, 8, 9, 10, 11, 12, 13, 15 ]
[ 1, 2, 4, 6, 7, 9, 10, 11, 12, 13, 14, 15, 18, 19 ]
[ 1, 2, 5, 6, 7, 9, 10, 11, 12, 13, 17, 19 ]
[ 0, 1, 2, 3, 5, 6, 7, 9, 10, 11, 12, 13, 14, 17, 18 ]
[ 0, 1, 2, 3, 4, 6, 7, 9, 10, 11, 13, 15, 17, 19 ]
[ 0, 1, 2, 4, 5, 6, 7, 9, 10, 11, 12, 13, 18, 19 ]
[ 6, 8, 9, 10, 11, 12, 13 ]
[ 5, 6, 7, 9, 10, 11, 13, 14 ]
[ 4, 6, 7, 9, 10, 11, 12, 13, 14 ]
[ 0, 2, 3, 5, 6, 7, 9, 10, 15, 18, 19 ]
[ 0, 3, 4, 5, 6, 7, 9, 10, 15 ]
[ 0, 1, 2, 4, 5, 6, 8, 9, 10, 14, 15, 18, 19 ]
[ 0, 3, 4, 5, 6, 7, 9, 10, 11, 13, 14, 15 ]
[ 0, 1, 2, 6, 8, 9, 10, 12, 14, 15, 18, 19 ]
[ 4, 5, 6, 8, 9, 10, 11, 13, 17, 18 ]
[ 0, 2, 3, 6, 8, 9, 10, 11, 13, 14, 17, 19 ]
[ 0, 3, 6, 8, 9, 10, 11, 12, 13, 15, 17, 18 ]
[ 0, 2, 3, 5, 7, 8, 9, 10, 11, 13, 14, 15, 18, 19 ]
[ 1, 2, 3, 4, 5, 9, 10, 11, 12, 13, 14, 15, 18, 19 ]
[ 0, 2, 3, 7, 8, 9, 10, 12, 17, 18 ]
[ 1, 2, 3, 9, 10, 11, 12, 13, 17, 19 ]
[ 1, 3, 4, 7, 8, 9, 10, 11, 13, 14, 17, 19 ]
[ 0, 3, 5, 7, 8, 9, 10, 15, 17, 18 ]
[ 1, 3, 5, 9, 10, 11, 13, 15, 17, 19 ]
[ 0, 1, 2, 4, 7, 8, 9, 10, 11, 12, 13, 15, 17, 19 ]
[ 0, 1, 5, 7, 8, 9, 10, 12, 14, 15, 17, 19 ]
[ 0, 1, 2, 4, 5, 7, 8, 9, 10, 12, 14, 15, 17, 18 ]
[ 0, 1, 2, 3, 5, 6, 8, 9, 12, 16, 17, 18, 19 ]
[ 0, 5, 6, 8, 9, 11, 12, 13, 16, 17 ]
[ 3, 6, 7, 9, 11, 13, 15, 16, 17 ]
[ 0, 1, 3, 6, 8, 9, 11, 12, 13, 15, 16, 17 ]
[ 0, 2, 6, 7, 9, 16, 19 ]
[ 1, 2, 5, 6, 7, 9, 11, 13, 16, 19 ]
[ 0, 2, 6, 8, 9, 11, 13, 14, 16, 19 ]
[ 0, 1, 2, 3, 5, 6, 8, 9, 12, 14, 16, 19 ]
[ 1, 2, 6, 8, 9, 11, 13, 14, 15, 16, 19 ]
[ 0, 1, 2, 5, 6, 7, 9, 10, 11, 12, 14, 18, 19 ]
[ 1, 2, 3, 5, 6, 7, 9, 10, 11, 15 ]
[ 1, 2, 3, 4, 5, 6, 8, 9, 10, 11, 15 ]
[ 0, 1, 2, 5, 6, 7, 9, 10, 11, 12, 14, 15 ]
[ 2, 4, 5, 6, 7, 9, 10, 11, 12, 14, 15, 18, 19 ]
[ 0, 1, 4, 5, 6, 8, 9, 10, 12, 13, 17, 18 ]
[ 4, 6, 8, 9, 10, 13, 14, 17, 19 ]
[ 0, 2, 3, 5, 6, 8, 9, 10, 13, 14, 17, 18 ]
[ 4, 5, 6, 8, 9, 10, 13, 14, 15, 17, 19 ]
[ 0, 1, 3, 5, 6, 7, 9, 11, 12, 14, 18, 19 ]
[ 0, 1, 2, 3, 6, 8, 9, 11, 12, 14, 18, 19 ]
[ 0, 1, 3, 5, 6, 8, 9, 11, 12, 14, 18, 19 ]
[ 0, 1, 2, 3, 5, 6, 8, 9, 11, 12, 14 ]
[ 0, 4, 5, 6, 8, 9, 11, 12, 15 ]
[ 0, 2, 5, 6, 7, 9, 13, 17, 19 ]
[ 0, 2, 4, 5, 6, 7, 9, 13, 17, 19 ]
[ 0, 1, 2, 3, 4, 5, 6, 7, 9, 12, 13, 17, 18 ]
[ 0, 1, 3, 4, 5, 6, 7, 9, 12, 13, 14, 17, 19 ]
[ 0, 1, 3, 6, 8, 9, 12, 13, 14, 17, 18 ]
[ 0, 4, 6, 7, 9, 13, 14, 15, 17, 18 ]
[ 1, 5, 6, 7, 9, 10, 11, 12, 13, 17, 18, 19 ]
[ 0, 1, 2, 3, 6, 8, 9, 10, 11, 12, 13, 17 ]
[ 2, 3, 4, 5, 6, 8, 9, 10, 11, 13, 14, 15, 17 ]
[ 1, 4, 6, 7, 9, 10, 11, 12, 13, 14, 15, 17, 18, 19 ]
[ 0, 4, 6, 7, 9, 10, 15, 19 ]
[ 0, 5, 6, 7, 9, 10, 12, 15, 19 ]
[ 2, 3, 6, 8, 9, 10, 12, 15, 18 ]
[ 0, 1, 2, 3, 4, 5, 6, 8, 9, 10, 12, 15, 18 ]
[ 0, 5, 6, 7, 9, 10 ]
[ 2, 3, 6, 7, 9, 10, 12 ]
[ 0, 1, 2, 3, 4, 5, 6, 7, 9, 10, 14, 18, 19 ]
[ 0, 2, 4, 6, 7, 9, 10, 12, 14, 18, 19 ]
[ 1, 2, 4, 5, 6, 7, 9, 10, 12, 14, 18, 19 ]
[ 3, 4, 6, 8, 9, 10, 11, 12, 13, 14, 18, 19 ]
[ 2, 3, 4, 5, 6, 7, 9, 10, 15, 18, 19 ]
[ 0, 1, 3, 5, 6, 8, 9, 10, 15, 18, 19 ]
[ 0, 1, 2, 3, 6, 8, 9, 10, 11, 13, 14, 15, 18, 19 ]
[ 0, 1, 2, 3, 6, 7, 9, 10, 12, 14, 15 ]
[ 1, 4, 6, 8, 9, 10, 12, 14, 15 ]
[ 1, 2, 4, 5, 6, 8, 9, 10, 11, 12, 13, 17, 19 ]
[ 1, 2, 5, 6, 8, 9, 10, 11, 12, 13, 14, 17, 19 ]
[ 2, 3, 4, 5, 6, 8, 9, 10, 11, 12, 13, 14, 17, 19 ]
[ 0, 1, 2, 3, 6, 7, 9, 10, 11, 12, 13, 15, 17, 18 ]
[ 0, 1, 3, 5, 6, 8, 9, 10, 11, 13, 14, 15, 17, 19 ]
[ 2, 6, 7, 9, 10 ]
[ 0, 2, 3, 5, 6, 7, 9, 10, 11, 13 ]
[ 2, 5, 6, 8, 9, 10, 12 ]
[ 1, 3, 6, 7, 9, 10, 14, 18, 19 ]
[ 5, 6, 8, 9, 10, 12, 14, 18, 19 ]
[ 6, 8, 9, 10, 15 ]
[ 0, 1, 5, 6, 8, 9, 10, 12, 15, 18, 19 ]
[ 1, 2, 3, 5, 6, 8, 9, 10, 14, 15 ]
[ 2, 4, 5, 6, 7, 9, 10, 11, 13, 14, 15 ]
[ 6, 8, 9, 10, 12, 14, 15, 18, 19 ]
[ 0, 1, 2, 5, 6, 8, 9, 10, 12, 14, 15 ]
[ 0, 3, 6, 7, 9, 10, 11, 13, 17, 18 ]
[ 2, 4, 6, 7, 9, 10, 11, 13, 17, 18 ]
[ 0, 2, 3, 4, 6, 7, 9, 10, 11, 12, 13, 14, 17, 18 ]
[ 2, 6, 7, 9, 10, 11, 12, 13, 15, 17, 18 ]
[ 5, 6, 8, 9, 10, 11, 13, 14, 15, 17, 19 ]
[ 0, 1, 3, 4, 6, 7, 8, 10, 14, 18, 19 ]
[ 3, 4, 5, 6, 7, 8, 10, 12, 15, 18, 19 ]
[ 2, 3, 4, 6, 10, 11, 13, 17, 19 ]
[ 2, 3, 6, 10, 11, 13, 14, 17, 19 ]
[ 0, 1, 2, 3, 5, 6, 10, 11, 12, 13, 15, 17, 19 ]
[ 1, 4, 5, 6, 10, 11, 12, 13, 15, 17, 19 ]
[ 0, 3, 9, 10, 11, 13 ]
[ 0, 3, 5, 9, 10, 11, 12, 13, 14 ]
[ 1, 2, 3, 9, 10, 11, 12, 13, 15 ]
[ 1, 2, 3, 4, 5, 9, 10, 11, 13, 14, 15 ]
[ 1, 3, 4, 5, 9, 10, 11, 12, 13, 14, 15 ]
[ 7, 8, 9, 10, 17, 19 ]
[ 0, 2, 3, 9, 10, 11, 13, 17, 19 ]
[ 4, 5, 7, 8, 9, 10, 12, 17, 19 ]
[ 1, 2, 3, 4, 9, 10, 14, 17, 18 ]
[ 0, 2, 3, 5, 7, 8, 9, 10, 14, 17, 18 ]
[ 2, 4, 5, 7, 8, 9, 10, 12, 14, 17, 18 ]
[ 0, 3, 7, 8, 9, 10, 15, 17, 19 ]
[ 2, 5, 7, 8, 9, 10, 15, 17, 18 ]
[ 1, 3, 4, 9, 10, 11, 12, 13, 15, 17, 19 ]
[ 1, 3, 4, 9, 10, 14, 15, 17, 18 ]
[ 2, 4, 7, 8, 9, 10, 12, 14, 15, 17, 18 ]
[ 0, 1, 2, 3, 5, 6, 8, 9, 14, 16, 17 ]
[ 3, 4, 6, 7, 9, 11, 13, 14, 16, 17, 18, 19 ]
[ 0, 2, 6, 7, 9, 12, 14, 16, 17 ]
[ 0, 2, 6, 8, 9, 12, 14, 16, 17 ]
[ 0, 1, 2, 3, 4, 6, 8, 9, 11, 13, 15, 16, 17 ]
[ 0, 5, 6, 8, 9, 12, 14, 15, 16, 17, 18, 19 ]
[ 0, 1, 3, 4, 5, 6, 7, 9, 11, 12, 13, 14, 15, 16, 17, 18, 19 ]
[ 0, 2, 4, 5, 6, 8, 9, 16, 18 ]
[ 0, 1, 2, 3, 4, 6, 8, 9, 12, 16, 18 ]
[ 0, 1, 2, 3, 6, 7, 9, 11, 12, 13, 16, 18 ]
[ 0, 1, 3, 4, 5, 6, 7, 9, 14, 16, 19 ]
[ 3, 6, 7, 9, 11, 13, 14, 16, 19 ]
[ 0, 1, 3, 5, 6, 7, 9, 11, 13, 15, 16, 18 ]
[ 0, 1, 3, 5, 6, 8, 9, 12, 15, 16, 19 ]
[ 0, 1, 3, 5, 6, 7, 9, 11, 12, 13, 14, 15, 16, 19 ]
[ 0, 1, 2, 4, 5, 6, 7, 9, 10, 11, 12, 14, 18, 19 ]
[ 0, 1, 5, 6, 8, 9, 10, 11, 12, 14 ]
[ 0, 1, 2, 4, 6, 8, 9, 10, 11, 12, 14, 15, 18, 19 ]
[ 2, 4, 5, 6, 7, 9, 10, 13, 14, 17, 19 ]
[ 5, 6, 8, 9, 10, 13, 14, 17, 18 ]
[ 2, 4, 5, 6, 8, 9, 10, 13, 14, 15, 17, 18 ]
[ 0, 1, 3, 4, 5, 6, 7, 9, 11, 14 ]
[ 0, 1, 2, 3, 5, 6, 8, 9, 11, 14, 18, 19 ]
[ 0, 1, 2, 3, 5, 6, 8, 9, 11, 14, 15 ]
[ 0, 1, 2, 3, 5, 6, 8, 9, 12, 13, 17, 18 ]
[ 0, 2, 4, 5, 6, 8, 9, 13, 14, 15, 17, 18 ]
[ 0, 1, 3, 6, 7, 9, 10, 11, 13, 18, 19 ]
[ 1, 4, 5, 6, 7, 9, 10, 11, 12, 13 ]
[ 0, 4, 6, 8, 9, 10, 11, 12, 13 ]
[ 3, 6, 7, 9, 10, 11, 13, 14 ]
[ 0, 2, 4, 5, 6, 7, 9, 10, 11, 13, 14, 18, 19 ]
[ 1, 6, 8, 9, 10, 11, 13, 14 ]
[ 2, 3, 5, 6, 8, 9, 10, 11, 13, 14 ]
[ 3, 4, 5, 6, 8, 9, 10, 11, 13, 14, 18, 19 ]
[ 0, 6, 8, 9, 10, 11, 12, 13, 14 ]
[ 1, 4, 5, 6, 8, 9, 10, 11, 13, 15 ]
[ 1, 2, 5, 6, 7, 9, 10, 11, 12, 13, 15 ]
[ 0, 2, 4, 5, 6, 7, 9, 10, 11, 12, 13, 15, 18, 19 ]
[ 3, 4, 5, 6, 8, 9, 10, 11, 12, 13, 15, 18, 19 ]
[ 0, 6, 7, 9, 10, 11, 13, 14, 15 ]
[ 0, 4, 6, 8, 9, 10, 11, 13, 14, 15 ]
[ 0, 1, 3, 6, 7, 9, 10, 11, 12, 13, 14, 15, 18, 19 ]
[ 3, 4, 6, 8, 9, 10, 11, 13, 17, 18 ]
[ 0, 1, 2, 3, 5, 6, 8, 9, 10, 11, 13, 14, 17, 19 ]
[ 0, 1, 2, 3, 5, 6, 7, 9, 10, 11, 13, 15, 17, 18 ]
[ 1, 4, 5, 6, 7, 9, 10, 11, 13, 15, 17, 18 ]
[ 1, 4, 5, 6, 8, 9, 10, 11, 12, 13, 15, 17, 19 ]
[ 0, 2, 3, 5, 6, 8, 9, 10, 11, 13 ]
[ 0, 3, 4, 6, 7, 9, 10, 11, 13, 14 ]
[ 2, 5, 6, 7, 9, 10, 11, 13, 14, 18, 19 ]
[ 0, 1, 2, 6, 8, 9, 10, 11, 13, 14, 18, 19 ]
[ 0, 3, 6, 7, 9, 10, 11, 12, 13, 14, 18, 19 ]
[ 4, 6, 8, 9, 10, 11, 12, 13, 14 ]
[ 0, 2, 3, 5, 6, 8, 9, 10, 11, 12, 13, 14, 18, 19 ]
[ 0, 3, 6, 7, 9, 10, 11, 13, 15, 18, 19 ]
[ 2, 4, 6, 7, 9, 10, 11, 13, 15, 18, 19 ]
[ 4, 6, 8, 9, 10, 11, 13, 15 ]
[ 0, 3, 4, 6, 7, 9, 10, 11, 12, 13, 15 ]
[ 0, 1, 2, 4, 6, 7, 9, 10, 11, 12, 13, 15, 18, 19 ]
[ 0, 2, 3, 4, 6, 8, 9, 10, 11, 12, 13, 15, 18, 19 ]
[ 0, 1, 2, 4, 5, 6, 7, 9, 10, 11, 13, 14, 15, 18, 19 ]
[ 0, 1, 2, 5, 6, 8, 9, 10, 11, 13, 14, 15, 18, 19 ]
[ 0, 2, 3, 5, 6, 8, 9, 10, 11, 12, 13, 14, 15 ]
[ 6, 7, 9, 10, 11, 12, 13, 17, 18 ]
[ 1, 3, 6, 8, 9, 10, 11, 13, 14, 17, 19 ]
[ 4, 6, 7, 9, 10, 11, 13, 15, 17, 18 ]
[ 0, 2, 3, 6, 8, 9, 10, 11, 12, 13, 15, 17, 19 ]
[ 0, 2, 3, 4, 6, 8, 9, 10, 11, 12, 13, 14, 15, 17, 19 ]
[ 0, 3, 4, 7, 8, 9, 10, 11, 12, 13, 18, 19 ]
[ 4, 5, 7, 8, 9, 10, 11, 12, 13, 18, 19 ]
[ 1, 3, 4, 7, 8, 9, 10, 11, 13, 14, 18, 19 ]
[ 1, 2, 3, 4, 7, 8, 9, 10, 11, 12, 13, 14, 18, 19 ]
[ 0, 1, 5, 7, 8, 9, 10, 11, 12, 13, 14 ]
[ 0, 3, 5, 7, 8, 9, 10, 11, 12, 13, 14, 15, 18, 19 ]
[ 0, 2, 3, 7, 8, 9, 10, 11, 13, 17, 19 ]
[ 0, 2, 3, 7, 8, 9, 10, 11, 12, 13, 17, 18 ]
[ 1, 3, 5, 7, 8, 9, 10, 11, 12, 13, 17, 19 ]
[ 0, 1, 2, 4, 5, 7, 8, 9, 10, 11, 12, 13, 17, 19 ]
[ 0, 1, 4, 7, 8, 9, 10, 11, 13, 14, 17, 18 ]
[ 0, 1, 5, 7, 8, 9, 10, 11, 13, 14, 17, 19 ]
[ 1, 2, 3, 4, 7, 8, 9, 10, 11, 12, 13, 14, 17, 19 ]
[ 1, 3, 4, 5, 7, 8, 9, 10, 11, 12, 13, 14, 17, 19 ]
[ 0, 2, 3, 4, 5, 7, 8, 9, 10, 11, 12, 13, 14, 17, 19 ]
[ 0, 3, 7, 8, 9, 10, 11, 13, 15, 17, 19 ]
[ 1, 3, 5, 7, 8, 9, 10, 11, 13, 15, 17, 19 ]
[ 0, 1, 4, 5, 7, 8, 9, 10, 11, 13, 14, 15, 17, 18 ]
[ 0, 3, 4, 5, 7, 8, 9, 10, 11, 13, 14, 15, 17, 18 ]
[ 0, 3, 4, 5, 7, 8, 9, 10, 11, 12, 13, 14, 15, 17, 19 ]
[ 1, 5, 6, 7, 9, 11, 13, 16, 17 ]
[ 1, 4, 5, 6, 8, 9, 11, 13, 16, 17 ]
[ 2, 3, 6, 8, 9, 11, 12, 13, 16, 17, 18, 19 ]
[ 1, 5, 6, 8, 9, 11, 12, 13, 16, 17, 18, 19 ]
[ 1, 2, 6, 7, 9, 11, 13, 14, 16, 17 ]
[ 0, 1, 3, 6, 8, 9, 11, 13, 14, 16, 17 ]
[ 0, 1, 2, 3, 4, 5, 6, 7, 9, 11, 12, 13, 14, 16, 17, 18, 19 ]
[ 0, 1, 2, 3, 6, 8, 9, 11, 12, 13, 14, 16, 17 ]
[ 1, 2, 6, 7, 9, 11, 12, 13, 15, 16, 17 ]
[ 1, 5, 6, 8, 9, 11, 13, 14, 15, 16, 17, 18, 19 ]
[ 1, 4, 5, 6, 8, 9, 11, 12, 13, 14, 15, 16, 17 ]
[ 2, 3, 5, 6, 8, 9, 11, 13, 16, 19 ]
[ 2, 3, 4, 6, 7, 9, 11, 12, 13, 14, 16, 19 ]
[ 0, 1, 2, 3, 4, 5, 6, 8, 9, 11, 12, 13, 14, 16, 19 ]
[ 2, 3, 4, 6, 7, 9, 11, 13, 15, 16, 19 ]
[ 2, 3, 6, 8, 9, 11, 13, 15, 16, 19 ]
[ 3, 4, 6, 8, 9, 11, 13, 15, 16, 18 ]
[ 0, 1, 3, 6, 7, 9, 11, 12, 13, 15, 16, 18 ]
[ 1, 5, 6, 7, 9, 11, 12, 13, 15, 16, 18 ]
[ 0, 5, 6, 7, 9, 11, 12, 13, 14, 15, 16, 19 ]
[ 1, 2, 5, 6, 7, 9, 11, 12, 13, 14, 15, 16, 19 ]
[ 0, 1, 4, 6, 8, 9, 10, 11, 12, 14, 18, 19 ]
[ 0, 3, 4, 5, 6, 8, 9, 10, 11, 12, 14 ]
[ 6, 7, 9, 10, 12, 13, 14 ]
[ 1, 2, 3, 5, 6, 7, 9, 10, 12, 13, 14 ]
[ 2, 6, 8, 9, 10, 12, 13, 14, 18, 19 ]
[ 2, 3, 4, 6, 7, 9, 10, 11, 12, 13 ]
[ 1, 6, 7, 9, 10, 15, 18, 19 ]
[ 0, 1, 2, 3, 5, 6, 8, 9, 10, 11, 13, 15 ]
[ 1, 2, 5, 6, 8, 9, 10, 12, 14, 15 ]
[ 2, 4, 5, 6, 7, 9, 10, 11, 13, 18, 19 ]
[ 1, 3, 4, 6, 8, 9, 10, 12 ]
[ 0, 2, 3, 4, 5, 6, 8, 9, 10, 11, 13, 14, 15, 18, 19 ]
[ 1, 3, 4, 9, 10, 12, 17, 18 ]
[ 0, 2, 3, 4, 5, 7, 8, 9, 10, 11, 13, 14, 17, 18 ]
[ 0, 2, 4, 6, 8, 9, 16, 17, 18, 19 ]
[ 1, 2, 4, 6, 7, 9, 11, 13, 15, 16, 17, 18, 19 ]
[ 1, 3, 4, 6, 7, 9, 10, 11, 15 ]
[ 1, 2, 6, 8, 9, 10, 11, 13, 14, 17 ]
[ 0, 1, 3, 5, 6, 8, 9, 10, 11, 12, 13, 14, 17 ]
[ 3, 4, 6, 7, 9, 10, 11, 12, 13, 15, 17, 18, 19 ]
[ 0, 1, 3, 4, 5, 6, 7, 9, 10, 11, 12, 13, 14, 15, 17, 18, 19 ]
[ 3, 5, 6, 7, 9, 10, 14, 15, 19 ]
[ 3, 5, 6, 7, 9, 10, 18, 19 ]
[ 2, 3, 4, 5, 6, 7, 9, 10 ]
[ 2, 3, 4, 5, 6, 8, 9, 10, 11, 13, 14 ]
[ 0, 2, 5, 6, 7, 9, 10, 12, 15, 18, 19 ]
[ 0, 2, 4, 5, 6, 8, 9, 10, 12, 15, 18, 19 ]
[ 1, 2, 5, 6, 8, 9, 10, 11, 13, 14, 15, 18, 19 ]
[ 0, 1, 3, 5, 6, 8, 9, 10, 12, 14, 15 ]
[ 1, 4, 6, 7, 9, 10, 11, 12, 13, 14, 15 ]
[ 0, 1, 3, 5, 6, 7, 9, 10, 11, 13, 17, 18 ]
[ 3, 4, 6, 8, 9, 10, 11, 12, 13, 17, 19 ]
[ 4, 5, 6, 8, 9, 10, 11, 12, 13, 18, 19 ]
[ 0, 3, 6, 7, 9, 10, 11, 13, 14 ]
[ 0, 1, 2, 4, 6, 7, 9, 10, 12, 14 ]
[ 4, 5, 6, 7, 9, 10, 12, 14, 18, 19 ]
[ 0, 1, 4, 5, 6, 8, 9, 10, 12, 14 ]
[ 4, 6, 8, 9, 10, 12, 15, 18, 19 ]
[ 0, 3, 5, 6, 7, 9, 10, 11, 12, 13, 15, 18, 19 ]
[ 0, 3, 6, 8, 9, 10, 11, 12, 13, 17, 19 ]
[ 2, 4, 5, 6, 7, 9, 10, 11, 12, 13, 14, 17, 18 ]
[ 0, 1, 2, 3, 6, 7, 8, 10, 15, 18, 19 ]
[ 0, 2, 4, 5, 6, 7, 8, 10, 12, 15, 18, 19 ]
[ 3, 6, 7, 8, 10, 14, 15, 18, 19 ]
[ 0, 4, 5, 6, 7, 8, 10, 14, 15, 18, 19 ]
[ 2, 3, 4, 5, 6, 10, 11, 12, 13, 17, 19 ]
[ 0, 1, 3, 5, 6, 10, 11, 12, 13, 14, 17, 19 ]
[ 1, 6, 10, 11, 13, 14, 15, 17, 19 ]
[ 0, 1, 3, 4, 6, 10, 11, 12, 13, 14, 15, 17, 19 ]
[ 1, 2, 3, 5, 9, 10, 11, 13, 15 ]
[ 0, 2, 3, 4, 5, 9, 10, 11, 12, 13, 15 ]
[ 0, 3, 4, 7, 8, 9, 10, 17, 18 ]
[ 0, 2, 3, 4, 7, 8, 9, 10, 17, 19 ]
[ 0, 2, 3, 4, 9, 10, 11, 12, 13, 17, 18 ]
[ 1, 3, 9, 10, 11, 13, 14, 17, 19 ]
[ 2, 7, 8, 9, 10, 12, 15, 17, 18 ]
[ 1, 3, 5, 7, 8, 9, 10, 14, 15, 17, 19 ]
[ 0, 3, 9, 10, 11, 13, 14, 15, 17, 19 ]
[ 2, 5, 7, 8, 9, 10, 12, 14, 15, 17, 19 ]
[ 0, 1, 2, 3, 4, 6, 8, 9, 15, 16, 17 ]
[ 0, 1, 2, 3, 6, 8, 9, 11, 13, 14, 15, 16, 17 ]
[ 0, 2, 5, 6, 8, 9, 12, 14, 15, 16, 17 ]
[ 0, 5, 6, 7, 9, 14, 16, 19 ]
[ 0, 1, 3, 4, 5, 6, 7, 9, 11, 13, 14, 16, 19 ]
[ 3, 4, 6, 7, 9, 11, 12, 13, 14, 16, 18 ]
[ 3, 4, 6, 8, 9, 11, 12, 13, 15, 16, 19 ]
[ 1, 6, 7, 9, 11, 12, 13, 14, 15, 16, 19 ]
[ 2, 5, 6, 7, 9, 10, 11, 15 ]
[ 2, 3, 5, 6, 7, 9, 10 ]
[ 6, 8, 9, 10, 11, 15 ]
[ 0, 2, 4, 6, 7, 9, 10, 12, 18, 19 ]
[ 1, 2, 4, 6, 7, 9, 10, 11, 13, 18, 19 ]
[ 2, 3, 4, 5, 6, 8, 9, 10, 11, 12, 13, 17 ]
[ 0, 1, 2, 3, 5, 6, 8, 9, 10, 12, 19 ]
[ 2, 3, 6, 8, 9, 10, 14, 18 ]
[ 3, 6, 7, 9, 10, 15, 18 ]
[ 0, 1, 3, 6, 7, 8, 10, 18, 19 ]
[ 3, 4, 6, 10, 12, 14, 18, 19 ]
[ 1, 2, 6, 10, 11, 13, 14, 17, 19 ]
[ 1, 6, 7, 9, 10, 11, 13, 14, 17, 18, 19 ]
[ 3, 4, 6, 8, 9, 10, 12, 14, 18, 19 ]
[ 0, 1, 3, 6, 7, 8, 10, 12, 15, 18, 19 ]
[ 1, 2, 3, 4, 9, 10, 11, 12, 13, 14, 15 ]
[ 3, 4, 6, 7, 9, 10, 11, 13, 14, 17, 18, 19 ]
[ 0, 1, 2, 3, 4, 6, 7, 9, 10, 11, 13, 14, 17, 18, 19 ]
[ 1, 2, 6, 8, 9, 10, 11, 12, 13, 15, 17 ]
[ 0, 1, 2, 3, 5, 6, 7, 9, 10, 12, 19 ]
[ 2, 3, 5, 6, 8, 9, 10 ]
[ 3, 6, 7, 9, 10, 12, 14, 18, 19 ]
[ 2, 3, 5, 6, 8, 9, 10, 12, 14, 18, 19 ]
[ 2, 3, 5, 6, 7, 9, 10, 11, 13, 17, 18 ]
[ 3, 6, 8, 9, 10, 11, 12, 13, 14, 17, 19 ]
[ 3, 6, 7, 9, 10, 11, 12, 13, 15, 17, 18 ]
[ 2, 4, 5, 6, 7, 9, 10, 12, 15, 18, 19 ]
[ 6, 7, 9, 10, 14, 15 ]
[ 4, 6, 8, 9, 10, 14, 15 ]
[ 0, 2, 3, 6, 8, 9, 10, 11, 13, 17, 19 ]
[ 0, 3, 5, 6, 7, 9, 10, 11, 12, 13, 14, 17, 18 ]
[ 2, 5, 6, 8, 9, 10, 11, 12, 13, 14, 15, 17, 19 ]
[ 2, 3, 4, 5, 6, 7, 8, 10, 12, 18, 19 ]
[ 0, 1, 3, 5, 6, 7, 8, 10, 14, 15, 18, 19 ]
[ 1, 2, 4, 5, 6, 10, 11, 12, 13, 17, 19 ]
[ 3, 4, 6, 10, 11, 12, 13, 14, 17, 19 ]
[ 3, 6, 10, 11, 13, 14, 15, 17, 19 ]
[ 0, 1, 3, 5, 6, 10, 11, 13, 14, 15, 17, 19 ]
[ 1, 2, 3, 4, 9, 10, 11, 13 ]
[ 0, 2, 3, 5, 9, 10, 11, 13 ]
[ 0, 2, 3, 4, 9, 10, 11, 12, 13, 14 ]
[ 7, 8, 9, 10, 12, 15, 17, 19 ]
[ 7, 8, 9, 10, 14, 15, 17, 18 ]
[ 4, 5, 7, 8, 9, 10, 14, 15, 17, 19 ]
[ 0, 1, 2, 3, 6, 7, 9, 12, 14, 15, 16, 17, 18, 19 ]
[ 0, 2, 4, 6, 7, 9, 12, 14, 15, 16, 17, 18, 19 ]
[ 0, 1, 3, 5, 6, 8, 9, 11, 13, 14, 15, 16, 18 ]
[ 0, 1, 2, 3, 4, 6, 7, 9, 11, 12, 13, 14, 15, 16, 19 ]
[ 0, 2, 6, 8, 9, 10, 11, 13, 14, 17, 18, 19 ]
[ 0, 1, 3, 4, 5, 6, 7, 9, 10, 11, 13, 14 ]
[ 1, 2, 5, 6, 8, 9, 10, 14, 15, 18, 19 ]
[ 2, 3, 4, 5, 6, 8, 9, 10, 11, 12, 13, 17, 19 ]
[ 2, 3, 4, 6, 8, 9, 10, 11, 13, 14, 17, 19 ]
[ 0, 1, 2, 3, 6, 7, 9, 10, 11, 12, 13, 14, 17, 19 ]
[ 0, 2, 6, 8, 9, 10, 11, 12, 13, 14, 17, 19 ]
[ 0, 2, 4, 6, 7, 9, 10, 11, 13, 14, 15, 17, 19 ]
[ 0, 5, 6, 7, 9, 10, 11, 12, 13, 14, 15, 17, 18 ]
[ 0, 3, 6, 7, 9, 10, 14 ]
[ 0, 1, 2, 4, 6, 8, 9, 10, 11, 12, 13, 14, 15, 18, 19 ]
[ 1, 2, 3, 4, 6, 7, 9, 10, 11, 13, 17, 18 ]
[ 4, 5, 6, 7, 9, 10, 11, 13, 17, 18 ]
[ 0, 1, 2, 4, 6, 8, 9, 10, 11, 12, 13, 17, 18 ]
[ 0, 1, 2, 5, 6, 7, 9, 10, 11, 13, 14, 17, 18 ]
[ 6, 8, 9, 10, 11, 13, 14, 15, 17, 18 ]
[ 1, 6, 7, 8, 10, 11, 12, 13, 14, 17, 19 ]
[ 0, 1, 2, 4, 7, 8, 9, 10, 11, 13, 14, 18, 19 ]
[ 1, 2, 3, 5, 9, 10, 11, 12, 13, 15, 18, 19 ]
[ 0, 1, 2, 4, 5, 7, 8, 9, 10, 11, 12, 13, 15 ]
[ 0, 1, 4, 7, 8, 9, 10, 11, 13, 14, 15, 18, 19 ]
[ 2, 5, 7, 8, 9, 10, 11, 12, 13, 14, 15, 18, 19 ]
[ 1, 2, 3, 4, 5, 7, 8, 9, 10, 11, 12, 13, 14, 15, 18, 19 ]
[ 0, 1, 2, 5, 7, 8, 9, 10, 12, 15, 17, 18 ]
[ 0, 1, 2, 4, 5, 7, 8, 9, 10, 11, 12, 13, 14, 15, 17, 18 ]
[ 0, 1, 3, 5, 6, 8, 9, 11, 13, 14, 16, 17, 18, 19 ]
[ 0, 1, 3, 5, 6, 7, 9, 14, 15, 16, 17 ]
[ 0, 1, 2, 3, 6, 7, 9, 11, 13, 14, 15, 16, 17 ]
[ 0, 2, 6, 8, 9, 11, 13, 14, 15, 16, 17 ]
[ 3, 4, 6, 8, 9, 11, 13, 14, 15, 16, 17 ]
[ 0, 2, 6, 8, 9, 11, 12, 13, 14, 15, 16, 17, 18, 19 ]
[ 0, 1, 2, 3, 4, 5, 6, 7, 9, 11, 12, 13, 16, 19 ]
[ 0, 1, 3, 5, 6, 7, 9, 11, 13, 14, 16, 19 ]
[ 0, 1, 2, 3, 5, 6, 8, 9, 10, 11, 13, 17 ]
[ 2, 3, 5, 6, 8, 9, 10, 11, 13, 14, 17, 18, 19 ]
[ 2, 3, 6, 7, 9, 10, 11, 12, 13, 14, 17, 18, 19 ]
[ 0, 1, 2, 3, 5, 6, 8, 9, 10, 11, 12, 13, 14, 17, 18, 19 ]
[ 0, 1, 2, 3, 4, 5, 6, 7, 9, 10, 11, 13, 15, 17, 18, 19 ]
[ 3, 6, 7, 9, 10, 11, 13, 14, 15, 17 ]
[ 0, 1, 2, 3, 4, 6, 8, 9, 10, 11, 13, 14, 15, 17 ]
[ 0, 1, 3, 6, 7, 9, 10, 11, 12, 13, 14, 15, 17 ]
[ 3, 6, 7, 9, 10, 11, 13, 19 ]
[ 0, 1, 3, 4, 5, 6, 7, 9, 10, 11, 13, 19 ]
[ 0, 1, 3, 5, 6, 7, 9, 10, 12, 18, 19 ]
[ 3, 4, 6, 7, 9, 10, 11, 12, 13, 14, 18, 19 ]
[ 1, 2, 4, 5, 6, 8, 9, 10, 11, 12, 13, 15 ]
[ 0, 1, 2, 3, 6, 8, 9, 10, 11, 13, 17, 18 ]
[ 1, 2, 6, 7, 9, 10, 11, 13, 15, 17, 18 ]
[ 0, 1, 2, 3, 4, 5, 6, 8, 9, 10, 11, 13, 15, 17, 18 ]
[ 0, 1, 5, 6, 7, 9, 10, 11, 13, 14, 18, 19 ]
[ 1, 2, 3, 6, 8, 9, 10, 11, 12, 13, 15 ]
[ 0, 2, 3, 4, 5, 6, 8, 9, 10, 12, 14, 15 ]
[ 0, 3, 5, 6, 7, 9, 10, 11, 12, 13, 15, 17, 19 ]
[ 0, 3, 5, 6, 8, 9, 10, 11, 12, 13, 14, 15, 17, 19 ]
[ 0, 1, 2, 3, 5, 6, 7, 8, 10, 11, 13, 18, 19 ]
[ 1, 6, 7, 8, 10, 11, 13, 15, 18, 19 ]
[ 1, 6, 7, 8, 10, 11, 12, 13, 17, 19 ]
[ 0, 1, 3, 5, 6, 7, 8, 10, 11, 13, 14, 17, 18 ]
[ 0, 1, 2, 3, 6, 7, 8, 10, 11, 12, 13, 14, 17, 19 ]
[ 0, 1, 3, 6, 7, 8, 10, 11, 13, 15, 17, 18 ]
[ 1, 2, 4, 6, 7, 8, 10, 11, 13, 15, 17, 18 ]
[ 1, 2, 6, 7, 8, 10, 11, 12, 13, 15, 17, 19 ]
[ 0, 2, 3, 4, 7, 8, 9, 10, 11, 12, 13 ]
[ 0, 2, 3, 9, 10, 11, 12, 13, 15, 18, 19 ]
[ 0, 2, 3, 4, 7, 8, 9, 10, 11, 12, 13, 14, 15, 18, 19 ]
[ 0, 1, 2, 5, 7, 8, 9, 10, 15, 17, 19 ]
[ 5, 7, 8, 9, 10, 11, 13, 14, 15, 17, 19 ]
[ 0, 1, 2, 4, 5, 7, 8, 9, 10, 11, 13, 14, 15, 17, 19 ]
[ 0, 6, 7, 9, 11, 12, 13, 16, 17, 18, 19 ]
[ 0, 4, 5, 6, 7, 9, 11, 12, 13, 15, 16, 17, 18, 19 ]
[ 1, 2, 5, 6, 8, 9, 11, 12, 13, 16, 18 ]
[ 0, 2, 4, 6, 8, 9, 12, 14, 16, 18 ]
[ 1, 2, 5, 6, 7, 9, 11, 12, 13, 14, 16, 18 ]
[ 3, 4, 6, 8, 9, 10, 11, 12, 13, 17 ]
[ 0, 4, 6, 8, 9, 10, 11, 13, 14, 17 ]
[ 3, 6, 7, 9, 10, 11, 12, 13, 15, 17, 18, 19 ]
[ 1, 6, 7, 9, 10, 11, 12, 13, 14, 15, 17, 18, 19 ]
[ 0, 5, 6, 8, 9, 10, 19 ]
[ 1, 2, 4, 5, 6, 7, 9, 10, 11, 12, 13, 15, 19 ]
[ 0, 1, 2, 3, 5, 6, 8, 9, 10, 11, 12, 13, 15, 18 ]
[ 1, 5, 6, 8, 9, 10, 11, 13, 14, 15, 19 ]
[ 0, 2, 5, 6, 8, 9, 10, 11, 12, 13, 14, 15, 18 ]
[ 1, 2, 4, 5, 6, 8, 9, 10, 11, 13, 17, 18 ]
[ 3, 6, 7, 9, 10, 11, 12, 13, 14, 17, 19 ]
[ 0, 1, 2, 3, 4, 6, 8, 9, 10, 11, 13, 15, 17, 19 ]
[ 0, 1, 3, 4, 5, 6, 8, 9, 10, 11, 13, 14, 15, 17, 19 ]
[ 3, 6, 7, 9, 10, 11, 12, 13, 14, 15, 17, 18 ]
[ 0, 1, 5, 6, 7, 9, 10, 11, 13, 17, 19 ]
[ 0, 1, 4, 6, 8, 9, 10, 11, 13, 17, 18 ]
[ 1, 3, 4, 6, 8, 9, 10, 11, 13, 17, 19 ]
[ 0, 1, 2, 5, 6, 8, 9, 10, 11, 13, 15, 17, 19 ]
[ 1, 3, 4, 6, 7, 9, 10, 11, 13, 14, 15, 17, 18 ]
[ 0, 1, 4, 5, 6, 7, 9, 10, 11, 13, 14, 15, 17, 18 ]
[ 0, 1, 2, 3, 6, 7, 8, 10, 11, 12, 13, 18, 19 ]
[ 1, 4, 6, 7, 8, 10, 14 ]
[ 0, 1, 3, 6, 7, 8, 10, 11, 13, 14, 18, 19 ]
[ 0, 1, 2, 3, 5, 6, 7, 8, 10, 12, 14 ]
[ 3, 4, 6, 7, 8, 10, 11, 13, 14, 15, 18, 19 ]
[ 1, 6, 7, 8, 10, 11, 13, 14, 17, 18 ]
[ 0, 4, 6, 7, 8, 10, 11, 13, 14, 15, 17, 18 ]
[ 1, 4, 5, 6, 7, 8, 10, 11, 13, 14, 15, 17, 18 ]
[ 0, 1, 2, 5, 7, 8, 9, 10, 11, 13 ]
[ 0, 1, 2, 4, 5, 7, 8, 9, 10, 11, 13 ]
[ 0, 1, 2, 7, 8, 9, 10, 11, 13, 14, 18, 19 ]
[ 7, 8, 9, 10, 11, 12, 13, 15, 18, 19 ]
[ 7, 8, 9, 10, 11, 12, 13, 14, 15, 18, 19 ]
[ 0, 1, 2, 3, 6, 7, 9, 11, 13, 14, 16, 17, 18, 19 ]
[ 0, 1, 2, 3, 4, 6, 7, 9, 11, 12, 13, 14, 15, 16, 17, 18, 19 ]
[ 0, 1, 3, 4, 5, 6, 8, 9, 11, 13, 14, 16, 19 ]
[ 0, 1, 3, 5, 6, 8, 9, 11, 12, 13, 14, 16, 18 ]
[ 0, 2, 4, 6, 7, 9, 11, 13, 15, 16, 18 ]
[ 0, 4, 5, 6, 8, 9, 11, 13, 15, 16, 18 ]
[ 0, 2, 6, 8, 9, 10, 11, 12, 13, 14, 17 ]
[ 1, 2, 4, 5, 6, 8, 9, 10 ]
[ 0, 1, 3, 5, 6, 7, 9, 10, 14 ]
[ 1, 2, 4, 5, 6, 8, 9, 10, 15, 18, 19 ]
