[ 0, 3, 4, 5, 6, 7, 12, 15, 16 ],1
[ 0, 2, 4, 8, 12, 13, 15 ],1
[ 0, 1, 2, 3, 6, 8, 12, 13, 15, 16 ],1
[ 0, 2, 3, 6, 8, 12, 15, 16 ],1
[ 0, 1, 2, 3, 4, 6, 8, 12, 13, 15, 16 ],1
[ 0, 2, 4, 7, 8, 12, 13, 15 ],1
[ 0, 3, 4, 5, 6, 11, 12, 13, 15, 16 ],1
[ 0, 1, 2, 3, 8, 11, 12, 15 ],1
[ 0, 3, 4, 5, 6, 7, 11, 12, 13, 15, 16 ],1
[ 0, 1, 3, 4, 5, 8, 11, 12, 14, 15 ],1
[ 0, 2, 4, 6, 8, 11, 12, 15, 16 ],2
[ 0, 1, 2, 3, 4, 7, 8, 11, 12, 15 ],2
[ 0, 2, 6, 7, 8, 11, 12, 15, 16 ],1
[ 0, 2, 7, 8, 12, 13, 14, 15 ],2
[ 0, 5, 7, 8, 12, 13, 14, 15 ],2
[ 0, 1, 2, 3, 4, 8, 11, 12, 14, 15 ],1
