[ 2, 5, 6, 8, 9, 10, 11, 12, 13, 15, 16 ],1
[ 1, 2, 4, 5, 9, 10, 13, 14 ],1
[ 1, 2, 4, 5, 6, 9, 10, 13, 14, 16 ],1
[ 4, 6, 7, 9, 10, 12, 14, 15, 16 ],1
[ 1, 2, 4, 5, 6, 7, 8, 9, 10, 13, 14, 16 ],1
[ 3, 4, 9, 10, 11, 14 ],1
[ 2, 4, 5, 6, 9, 10, 11, 12, 13, 15, 16, 17 ],1
[ 1, 3, 7, 9, 10, 12, 14, 15 ],1
[ 1, 2, 4, 5, 7, 9, 10, 12, 13, 14, 15 ],1
[ 1, 2, 5, 6, 7, 9, 10, 12, 13, 14, 15, 16 ],1
[ 1, 2, 3, 5, 7, 9, 10, 17 ],1
[ 1, 2, 4, 5, 6, 7, 8, 9, 10, 12, 13, 15, 16, 17 ],1
[ 1, 2, 5, 8, 9, 10, 12, 13, 14, 15 ],1
[ 1, 2, 3, 5, 7, 8, 9, 10, 12, 14, 15 ],1
[ 1, 3, 4, 7, 8, 9, 10, 12, 14, 15 ],1
[ 3, 4, 6, 9, 10, 11, 12, 14, 15, 16 ],1
[ 1, 2, 3, 5, 8, 9, 10, 17 ],1
[ 1, 2, 4, 5, 8, 9, 10, 13, 14, 17 ],1
[ 2, 3, 5, 8, 9, 10, 11, 12, 14, 15 ],1
[ 1, 2, 3, 4, 5, 9, 10, 12, 15, 17 ],1
[ 1, 2, 3, 5, 6, 9, 10, 12, 15, 16, 17 ],1
[ 1, 4, 6, 9, 10, 12, 13, 15, 16, 17 ],1
[ 1, 2, 3, 5, 6, 7, 8, 9, 10, 12, 15, 16, 17 ],1
[ 3, 4, 9, 10, 11, 12, 15, 17 ],1
[ 2, 5, 7, 9, 10, 11, 12, 13, 15, 17 ],1
[ 1, 2, 5, 6, 9, 10, 12, 13, 14, 15, 16, 17 ],1
[ 3, 4, 7, 8, 9, 10, 11, 12, 15, 17 ],1
[ 1, 2, 5, 9, 10, 12, 13, 14, 15, 17 ],2
[ 1, 3, 6, 9, 10, 12, 14, 15, 16, 17 ],1
[ 1, 2, 4, 5, 6, 9, 10, 12, 13, 14, 15, 16, 17 ],1
[ 1, 2, 4, 5, 6, 7, 8, 9, 10, 12, 13, 14, 15, 16, 17 ],1
[ 1, 3, 4, 8, 9, 10, 12, 14, 15, 17 ],1
[ 0, 1, 2, 6, 9, 12, 15 ],1
[ 0, 1, 4, 5, 7, 9, 11, 12, 13, 15, 16 ],1
[ 0, 3, 4, 5, 6, 7, 9, 12, 15 ],1
[ 0, 3, 4, 5, 9, 11, 12, 13, 15, 16 ],1
[ 0, 1, 5, 9, 12, 15, 16 ],1
[ 0, 4, 5, 8, 9, 12, 13, 15, 16 ],1
[ 0, 5, 9, 11, 12, 15, 16 ],1
[ 0, 1, 2, 3, 6, 7, 9, 11, 12, 15 ],1
[ 0, 1, 2, 4, 6, 7, 9, 11, 12, 13, 15 ],1
[ 0, 4, 5, 6, 7, 9, 11, 12, 15 ],2
[ 0, 1, 2, 6, 8, 9, 11, 12, 13, 15 ],2
