[ 0, 2, 3, 4, 6, 7, 9, 11, 12, 13, 17, 18, 19 ],1
[ 1, 3, 5, 6, 7, 9, 11, 13, 14, 17, 18, 19 ],1
[ 0, 1, 5, 6, 8, 9, 11, 13, 14, 17 ],1
[ 0, 3, 4, 5, 6, 7, 9, 11, 12, 13, 14, 17, 18, 19 ],1
[ 0, 3, 4, 5, 6, 7, 8, 10, 12, 13, 15, 17 ],1
[ 1, 2, 4, 7, 8, 9, 10, 13, 14, 15, 17, 18, 19 ],1
[ 1, 2, 3, 6, 7, 9, 11, 13, 19 ],1
[ 1, 3, 4, 5, 6, 8, 9, 10, 13, 19 ],1
[ 0, 1, 2, 4, 6, 8, 9, 10, 13, 15, 19 ],2
[ 2, 4, 6, 8, 9, 10, 11, 12, 15, 19 ],2
[ 1, 3, 4, 6, 7, 8, 10, 11, 12, 19 ],1
[ 1, 3, 6, 7, 8, 10, 11, 14, 18 ],1
[ 1, 2, 3, 4, 6, 7, 8, 10, 12, 13, 14, 18 ],1
[ 0, 1, 3, 5, 7, 8, 9, 10, 11, 17, 18, 19 ],1
[ 0, 1, 3, 4, 9, 10, 11, 12, 17, 18, 19 ],1
[ 1, 2, 3, 5, 6, 10, 13, 15, 19 ],1
[ 0, 1, 2, 3, 5, 9, 10, 13, 15, 19 ],1
[ 0, 3, 5, 6, 9, 10, 11, 12, 14 ],1
[ 0, 1, 3, 4, 5, 9, 10, 11, 14, 17, 18, 19 ],1
[ 0, 1, 2, 3, 4, 9, 10, 11, 12, 14, 17 ],1
[ 0, 1, 2, 3, 7, 8, 9, 10, 11, 15, 17 ],1
[ 0, 1, 2, 3, 9, 10, 11, 14, 15, 17 ],1
[ 0, 4, 7, 8, 9, 10, 13, 18 ],1
[ 0, 1, 2, 3, 5, 7, 8, 9, 10, 12, 13, 14, 19 ],1
[ 1, 7, 8, 9, 10, 13, 15, 18 ],1
[ 0, 2, 3, 4, 5, 9, 10, 11, 14, 17, 18 ],1
[ 5, 6, 7, 9, 11, 12, 13, 17 ],1
[ 0, 2, 3, 5, 6, 8, 9, 11, 13, 14, 17, 18, 19 ],1
[ 0, 3, 6, 7, 9, 11, 13, 19 ],1
[ 0, 3, 4, 6, 7, 9, 11, 13, 15, 18 ],1
[ 0, 3, 4, 6, 7, 9, 11, 13, 14, 15, 18 ],1
[ 2, 4, 6, 8, 9, 10, 13, 14, 15, 17 ],1
[ 2, 4, 6, 8, 9, 10, 13, 19 ],1
[ 3, 5, 6, 8, 9, 10, 11, 12, 19 ],1
[ 0, 1, 4, 6, 9, 10, 11 ],1
[ 3, 5, 7, 8, 9, 10, 13, 14, 15, 17, 18, 19 ],1
[ 1, 3, 4, 9, 10, 12, 13 ],1
[ 0, 1, 5, 7, 8, 9, 10, 12, 13, 15, 18, 19 ],1
[ 4, 7, 8, 9, 10, 11, 12, 17, 18 ],1
[ 0, 1, 2, 4, 6, 7, 9, 11, 12, 13, 14, 17, 18, 19 ],1
[ 0, 1, 2, 6, 8, 9, 11, 12, 13, 14, 17, 18, 19 ],1
[ 0, 2, 3, 5, 6, 8, 9, 11, 12, 13, 14, 17 ],1
[ 3, 4, 5, 9, 10, 13, 14, 15, 17, 18, 19 ],1
[ 1, 3, 6, 8, 9, 11, 13, 18 ],1
[ 0, 1, 4, 6, 8, 9, 11, 13, 19 ],1
[ 0, 1, 2, 4, 5, 6, 7, 9, 10, 12, 13, 15, 17, 18, 19 ],1
[ 0, 1, 5, 6, 8, 9, 11, 13, 18 ],1
[ 0, 1, 4, 6, 8, 9, 10, 13, 14, 15, 17 ],1
[ 1, 5, 6, 8, 9, 10, 11, 12, 19 ],1
[ 1, 3, 5, 6, 10, 13, 14, 17, 18, 19 ],1
[ 1, 2, 3, 5, 6, 7, 8, 10, 13, 14, 17 ],1
[ 3, 4, 5, 9, 10, 11, 12, 15, 17 ],1
[ 0, 1, 3, 9, 10, 13, 18 ],1
[ 0, 1, 3, 5, 9, 10, 12, 13, 14, 18 ],1
[ 1, 2, 3, 4, 5, 9, 10, 12, 13 ],1
[ 0, 1, 5, 6, 7, 9, 11, 12, 13, 17, 18, 19 ],1
[ 2, 4, 5, 6, 7, 9, 11, 12, 13, 17, 18, 19 ],1
[ 0, 1, 2, 5, 6, 7, 9, 11, 13, 19 ],1
[ 0, 1, 2, 6, 7, 9, 11, 13, 15, 19 ],1
[ 0, 1, 5, 6, 7, 9, 11, 13, 14, 15, 19 ],1
[ 0, 4, 5, 6, 7, 9, 10, 11, 12, 18 ],1
[ 2, 3, 5, 6, 7, 9, 10, 11, 14, 15, 18 ],1
[ 2, 4, 6, 10, 13, 19 ],1
[ 1, 2, 3, 4, 6, 7, 8, 10, 11, 14, 19 ],1
[ 2, 4, 5, 6, 10, 12, 13, 14, 19 ],1
[ 0, 2, 3, 4, 5, 6, 7, 8, 9, 10, 11, 12, 18, 19 ],1
[ 0, 1, 2, 3, 4, 5, 9, 10, 11, 17 ],1
[ 3, 5, 9, 10, 11, 12, 17, 18, 19 ],1
[ 0, 3, 5, 9, 10, 11, 12, 17, 18 ],1
[ 0, 1, 2, 3, 5, 9, 10, 13, 14, 17 ],1
[ 2, 3, 9, 10, 12, 13, 15, 17 ],1
[ 1, 7, 8, 9, 10, 12, 13, 15, 17, 18, 19 ],1
[ 0, 1, 2, 3, 4, 9, 10, 11, 14, 15, 17 ],1
[ 3, 5, 9, 10, 11, 14, 15, 17, 18, 19 ],1
[ 0, 1, 2, 3, 4, 5, 9, 10, 11, 12, 14, 15, 17 ],1
[ 0, 1, 3, 5, 7, 8, 9, 10, 11, 12, 14, 15, 17, 18, 19 ],1
[ 0, 1, 2, 3, 4, 5, 9, 10, 13, 15, 19 ],1
[ 0, 3, 9, 10, 12, 13, 18, 19 ],1
[ 0, 1, 2, 7, 8, 9, 10, 12, 13 ],1
[ 1, 3, 9, 10, 13, 14, 18, 19 ],1
[ 0, 1, 7, 8, 9, 10, 11, 14, 17, 18 ],1
[ 2, 5, 6, 7, 9, 11, 12, 13, 17, 18, 19 ],1
[ 1, 3, 6, 8, 9, 11, 13, 14, 17 ],1
[ 2, 3, 4, 6, 7, 9, 10, 12, 13, 14, 17, 18, 19 ],1
[ 0, 1, 3, 4, 6, 7, 9, 10, 11, 18 ],1
[ 1, 3, 6, 8, 9, 10, 12, 13, 17, 18, 19 ],1
[ 0, 1, 4, 5, 6, 7, 9, 10, 13, 14, 17 ],1
[ 0, 1, 2, 6, 7, 9, 10, 12, 13, 15, 17 ],2
[ 0, 3, 4, 5, 6, 8, 9, 10, 12, 13, 15, 17 ],1
[ 1, 2, 3, 5, 6, 10, 12, 13, 14, 19 ],1
[ 0, 2, 3, 4, 5, 6, 7, 8, 9, 10, 11, 12, 14, 15 ],1
[ 0, 3, 5, 6, 7, 8, 10, 12, 13, 14, 19 ],1
[ 0, 1, 4, 5, 6, 7, 8, 10, 12, 13, 14, 19 ],1
[ 1, 3, 4, 5, 6, 10, 12, 13, 14, 15, 19 ],1
[ 1, 2, 3, 6, 7, 8, 9, 10, 11, 12, 14, 15 ],1
[ 0, 1, 2, 3, 9, 10, 11, 14, 17, 18, 19 ],1
[ 2, 3, 9, 10, 11, 12, 15, 17 ],1
[ 0, 1, 2, 5, 6, 7, 9, 11, 12, 13, 17 ],1
[ 1, 2, 7, 8, 9, 10, 12, 13, 14, 15, 18 ],1
[ 0, 1, 6, 8, 9, 11, 13, 14, 17, 18, 19 ],1
[ 1, 3, 4, 5, 6, 7, 8, 10, 11, 19 ],1
[ 0, 4, 7, 8, 9, 10, 11, 15, 17, 18, 19 ],1
[ 0, 3, 5, 6, 7, 9, 11, 12, 13, 14, 19 ],1
[ 0, 1, 2, 4, 6, 8, 9, 11, 13, 15, 19 ],1
[ 1, 2, 3, 6, 8, 9, 10, 12, 13, 17 ],1
[ 2, 5, 6, 8, 9, 10, 12, 13, 17, 18, 19 ],2
[ 0, 1, 2, 4, 6, 8, 9, 10, 13, 14, 17 ],1
[ 1, 2, 3, 6, 8, 9, 10, 13, 19 ],1
[ 0, 1, 6, 7, 8, 10, 13, 19 ],1
[ 5, 6, 7, 8, 9, 10, 11, 12, 18, 19 ],1
[ 2, 3, 4, 5, 9, 10, 11, 14, 15, 17 ],1
[ 0, 2, 3, 4, 5, 9, 10, 12, 13, 18, 19 ],1
[ 4, 5, 7, 8, 9, 10, 12, 13, 18, 19 ],1
[ 1, 2, 3, 9, 10, 13, 14 ],1
[ 0, 1, 2, 5, 7, 8, 9, 10, 12, 13, 15 ],1
[ 0, 3, 4, 5, 7, 8, 9, 10, 12, 13, 15, 18, 19 ],1
[ 0, 3, 4, 5, 6, 7, 9, 11, 12, 13, 17, 18, 19 ],1
[ 0, 1, 2, 4, 5, 6, 7, 9, 10, 13, 14, 17, 18, 19 ],1
[ 0, 1, 4, 5, 6, 7, 9, 10, 13, 18 ],2
[ 2, 6, 7, 8, 10, 11, 19 ],1
[ 0, 2, 7, 8, 9, 10, 12, 13, 14, 18 ],1
[ 2, 4, 6, 7, 8, 10, 11, 19 ],1
[ 5, 6, 10, 13, 19 ],1
[ 1, 3, 6, 9, 10, 11, 12, 14, 15, 18, 19 ],1
[ 0, 1, 4, 6, 10, 11, 12, 15, 19 ],1
[ 1, 3, 6, 7, 8, 9, 10, 11, 18, 19 ],1
[ 0, 3, 4, 5, 6, 9, 10, 11, 12 ],1
[ 0, 2, 3, 4, 5, 6, 9, 10, 11, 12, 18, 19 ],1
[ 0, 2, 4, 5, 7, 8, 9, 10, 11, 12, 14, 15, 17 ],1
[ 1, 3, 5, 6, 9, 10, 11, 12, 14, 18, 19 ],1
[ 6, 9, 10, 11, 15 ],1
[ 1, 3, 5, 6, 9, 10, 11, 15, 18, 19 ],1
[ 2, 4, 6, 9, 10, 11, 12, 14, 15 ],1
[ 0, 2, 5, 7, 8, 9, 10, 13, 18 ],1
[ 1, 4, 7, 8, 9, 10, 12, 13, 14, 15, 19 ],1
[ 0, 4, 5, 7, 8, 9, 10, 12, 13, 14, 18 ],1
[ 0, 1, 4, 5, 7, 8, 9, 10, 12, 13 ],1
[ 0, 2, 3, 4, 5, 6, 7, 9, 11, 12, 13, 17 ],1
[ 0, 1, 4, 6, 7, 9, 11, 13, 15, 18 ],1
[ 0, 1, 4, 5, 6, 9, 10, 13, 18, 19 ],1
[ 1, 3, 6, 7, 8, 9, 10, 13, 18, 19 ],1
[ 1, 3, 6, 9, 10, 12, 13, 14 ],1
[ 2, 5, 6, 7, 8, 9, 10, 12, 13, 14 ],1
[ 0, 7, 8, 9, 10, 13, 15, 19 ],1
[ 0, 1, 2, 3, 5, 7, 8, 9, 10, 13, 15, 19 ],1
[ 0, 4, 5, 7, 8, 9, 10, 13, 15, 18 ],1
[ 1, 2, 3, 4, 5, 6, 7, 9, 11, 12, 13, 17, 18, 19 ],1
[ 1, 2, 3, 4, 6, 8, 9, 11, 13, 14, 17, 18, 19 ],1
[ 0, 3, 6, 8, 9, 11, 12, 13, 14, 17 ],1
[ 2, 4, 5, 6, 7, 9, 11, 13, 15, 19 ],1
[ 1, 2, 3, 4, 6, 8, 9, 11, 13, 15, 18 ],1
[ 1, 2, 3, 5, 6, 8, 9, 11, 13, 15, 19 ],1
[ 0, 3, 5, 6, 7, 9, 10, 13, 14, 17 ],1
[ 0, 3, 4, 5, 6, 7, 8, 9, 10, 11, 18, 19 ],1
[ 0, 3, 6, 7, 8, 10, 12, 13, 17 ],1
[ 0, 1, 2, 6, 10, 12, 13, 14, 19 ],1
[ 1, 3, 5, 6, 7, 8, 10, 13, 19 ],1
[ 1, 3, 4, 6, 10, 11, 12, 19 ],1
[ 0, 2, 3, 6, 7, 8, 10, 11, 12, 14, 19 ],1
[ 2, 5, 6, 9, 10, 11, 12 ],1
[ 0, 3, 6, 7, 8, 9, 10, 11, 12, 18, 19 ],1
[ 2, 5, 6, 7, 8, 9, 10, 11, 12 ],1
[ 0, 1, 5, 6, 7, 8, 9, 10, 12, 13, 14 ],1
[ 0, 1, 3, 9, 10, 11, 14, 17 ],1
[ 1, 2, 7, 8, 9, 10, 12, 13, 15, 17 ],1
[ 1, 3, 5, 7, 8, 9, 10, 11, 12, 17, 19 ],1
[ 0, 3, 6, 8, 9, 11, 12, 13, 17 ],1
[ 0, 1, 3, 4, 5, 9, 10, 11, 12, 15, 17, 18, 19 ],1
[ 2, 5, 6, 7, 9, 10, 12, 13, 17, 18, 19 ],1
[ 4, 5, 6, 10, 11, 19 ],1
[ 1, 3, 6, 7, 8, 10, 11, 15, 19 ],1
[ 0, 1, 2, 5, 7, 8, 9, 10, 12, 13, 18, 19 ],1
[ 1, 2, 3, 4, 9, 10, 13, 14 ],1
[ 1, 3, 6, 8, 9, 11, 12, 13, 17, 18, 19 ],1
[ 1, 2, 3, 5, 6, 8, 9, 11, 13, 14, 17 ],1
[ 1, 3, 5, 6, 7, 9, 11, 13, 14, 15, 18 ],1
[ 6, 7, 9, 10, 13, 14, 17 ],2
[ 0, 6, 8, 9, 10, 12, 13, 14, 15, 17 ],1
[ 2, 3, 5, 6, 7, 9, 10, 12, 13, 18 ],1
[ 0, 5, 6, 7, 9, 10, 13, 14, 15, 18 ],1
[ 2, 6, 8, 9, 11, 12, 13, 17 ],1
[ 1, 2, 5, 7, 8, 9, 10, 11, 15, 17 ],1
[ 0, 3, 4, 6, 8, 9, 11, 13, 14, 17, 18, 19 ],1
[ 0, 3, 4, 6, 8, 9, 11, 13, 19 ],1
[ 0, 2, 3, 5, 6, 7, 9, 11, 13, 14, 15, 18 ],1
[ 1, 2, 3, 5, 6, 9, 10, 11, 12 ],1
[ 0, 4, 5, 7, 8, 9, 10, 13, 14, 17, 18, 19 ],1
[ 4, 6, 9, 10, 11, 12, 14 ],1
[ 0, 1, 3, 4, 5, 7, 8, 9, 10, 11, 14, 17, 18, 19 ],1
[ 0, 5, 7, 8, 9, 10, 12, 13, 15, 17, 18, 19 ],1
[ 1, 2, 3, 6, 8, 9, 11, 12, 13, 17 ],1
[ 4, 5, 6, 8, 9, 11, 12, 13, 17 ],1
[ 0, 3, 4, 5, 6, 7, 9, 11, 12, 13, 19 ],1
[ 1, 2, 3, 5, 6, 8, 9, 11, 12, 13, 19 ],1
[ 2, 5, 6, 7, 9, 11, 12, 13, 15, 18 ],1
[ 1, 2, 3, 4, 5, 6, 7, 9, 11, 12, 13, 15, 18 ],1
[ 1, 3, 4, 6, 7, 9, 10, 13, 14, 17 ],1
[ 1, 2, 3, 4, 5, 6, 8, 9, 10, 12, 13, 14, 19 ],1
[ 0, 1, 2, 3, 4, 6, 8, 9, 10, 13, 15, 17 ],1
[ 0, 4, 5, 6, 8, 9, 10, 13, 15, 17 ],1
[ 2, 3, 6, 8, 9, 10, 11, 15, 19 ],1
[ 0, 1, 3, 6, 8, 9, 10, 11, 12, 19 ],1
[ 0, 1, 2, 4, 6, 7, 8, 10, 13, 18 ],1
[ 3, 4, 7, 8, 9, 10, 11, 12, 14, 15, 17, 18, 19 ],1
[ 2, 4, 6, 7, 8, 10, 12, 13, 17 ],1
[ 2, 3, 4, 9, 10, 11, 14, 15, 17, 18, 19 ],1
[ 4, 5, 6, 7, 8, 10, 11, 14, 19 ],1
[ 1, 3, 4, 6, 10, 13, 15, 19 ],1
[ 0, 3, 4, 6, 7, 8, 10, 11, 14, 15, 18 ],1
[ 2, 3, 9, 10, 12, 13, 17, 18, 19 ],1
[ 5, 6, 7, 8, 9, 10, 11 ],1
[ 0, 2, 7, 8, 9, 10, 11, 17, 18, 19 ],1
[ 0, 1, 3, 5, 7, 8, 9, 10, 11, 12, 17 ],1
[ 0, 1, 3, 5, 9, 10, 12, 13, 17 ],1
[ 3, 4, 7, 8, 9, 10, 13, 14, 17, 18, 19 ],1
[ 2, 3, 5, 9, 10, 11, 12, 14, 17 ],1
[ 0, 1, 2, 3, 7, 8, 9, 10, 11, 12, 14, 17 ],1
[ 0, 1, 3, 9, 10, 11, 15, 17, 18, 19 ],1
[ 3, 4, 9, 10, 13, 14, 15, 17 ],1
[ 2, 3, 5, 9, 10, 11, 12, 14, 15, 17, 18, 19 ],1
[ 2, 4, 7, 8, 9, 10, 11, 12, 17, 19 ],1
[ 0, 3, 9, 10, 12, 13, 15 ],1
[ 0, 2, 3, 5, 7, 8, 9, 10, 13, 17, 18 ],1
[ 1, 3, 4, 5, 9, 10, 12, 13, 14, 17, 19 ],1
[ 2, 5, 7, 8, 9, 10, 12, 13, 14, 17, 18 ],1
[ 0, 3, 4, 6, 8, 9, 11, 12, 13, 17 ],1
[ 0, 3, 6, 9, 10, 13 ],1
[ 0, 2, 3, 4, 6, 9, 10, 11, 12 ],1
[ 0, 1, 2, 6, 9, 10, 11, 14, 18, 19 ],1
[ 1, 4, 7, 8, 9, 10, 11, 17, 18, 19 ],1
[ 2, 3, 4, 9, 10, 11, 12, 17, 18, 19 ],1
[ 1, 4, 5, 7, 8, 9, 10, 12, 13, 17, 18, 19 ],1
[ 0, 2, 4, 5, 7, 8, 9, 10, 11, 15, 17, 18, 19 ],1
[ 0, 1, 3, 4, 9, 10, 11, 12, 15, 17 ],1
[ 0, 1, 3, 7, 8, 9, 10, 11, 12, 15, 17 ],1
[ 0, 1, 4, 6, 8, 9, 11, 12, 13, 17 ],1
[ 0, 1, 6, 7, 9, 11, 12, 13, 14, 17 ],1
[ 6, 8, 9, 11, 13, 14, 17 ],1
[ 4, 6, 8, 9, 11, 13, 18 ],1
[ 0, 1, 2, 4, 6, 8, 9, 11, 12, 13, 19 ],1
[ 1, 2, 3, 5, 6, 7, 9, 10, 12, 13, 17, 18, 19 ],1
[ 0, 1, 3, 6, 8, 9, 10, 13, 17 ],1
[ 0, 2, 4, 5, 6, 7, 9, 10, 11, 18 ],1
[ 3, 9, 10, 11, 12, 15, 17, 18, 19 ],1
[ 0, 1, 2, 3, 9, 10, 12, 13, 14, 15, 19 ],1
[ 0, 1, 4, 5, 6, 10, 12, 13, 17, 18, 19 ],1
[ 0, 1, 4, 6, 10, 12, 13, 15, 17, 18, 19 ],1
[ 2, 4, 6, 10, 11, 14, 19 ],1
[ 0, 1, 4, 5, 6, 7, 8, 10, 12, 13, 15, 17 ],1
[ 0, 3, 5, 6, 10, 12, 13, 14, 19 ],1
[ 1, 3, 4, 5, 6, 7, 8, 9, 10, 11, 12, 14, 15 ],1
[ 3, 4, 9, 10, 11, 17, 18, 19 ],1
[ 2, 3, 4, 5, 9, 10, 11, 12, 15, 17, 18, 19 ],1
[ 0, 1, 2, 3, 4, 9, 10, 12, 13, 14, 18 ],1
[ 0, 3, 5, 9, 10, 12, 13 ],1
[ 0, 1, 4, 5, 7, 8, 9, 10, 12, 13, 15, 18, 19 ],1
[ 1, 2, 3, 4, 6, 8, 9, 11, 12, 13, 17 ],1
[ 0, 3, 4, 5, 6, 7, 9, 11, 13, 18 ],1
[ 0, 1, 4, 6, 8, 9, 10, 13, 19 ],1
[ 0, 1, 2, 3, 4, 6, 8, 9, 10, 12, 13, 15, 19 ],1
[ 1, 2, 3, 6, 7, 8, 9, 10, 11, 12, 18, 19 ],1
[ 2, 3, 7, 8, 9, 10, 12, 13, 17, 18, 19 ],1
[ 1, 2, 3, 9, 10, 13, 17, 18 ],1
[ 1, 5, 7, 8, 9, 10, 11, 12, 14, 17, 18, 19 ],1
[ 3, 7, 8, 9, 10, 11, 12, 15, 17, 18, 19 ],1
[ 0, 1, 2, 4, 5, 7, 8, 9, 10, 13, 17, 18 ],1
[ 3, 7, 8, 9, 10, 13, 15, 18 ],1
[ 2, 7, 8, 9, 10, 12, 13, 18, 19 ],1
[ 0, 1, 2, 4, 6, 8, 9, 11, 12, 13, 17, 18, 19 ],1
[ 0, 2, 3, 4, 9, 10, 12, 13 ],1
[ 5, 6, 8, 9, 11, 12, 13, 17 ],1
[ 2, 4, 5, 6, 8, 9, 11, 12, 13, 14, 17, 18, 19 ],1
[ 2, 5, 6, 8, 9, 11, 12, 13, 19 ],1
[ 4, 5, 6, 7, 9, 11, 13, 15, 18 ],1
[ 0, 1, 4, 5, 6, 7, 9, 10, 13, 14, 15, 17, 18, 19 ],1
[ 0, 1, 2, 3, 5, 6, 7, 9, 10, 11, 18 ],1
[ 0, 2, 4, 5, 6, 8, 9, 10, 12, 13, 19 ],1
[ 1, 4, 5, 6, 8, 9, 10, 11, 12, 14, 19 ],1
[ 0, 2, 5, 6, 7, 9, 10, 12, 13, 15, 18 ],1
[ 0, 3, 4, 9, 10, 11, 14, 17, 18 ],1
[ 2, 3, 6, 8, 9, 10, 13, 14, 15, 19 ],1
[ 0, 1, 5, 6, 10, 12, 13, 17, 18, 19 ],1
[ 0, 1, 2, 3, 9, 10, 12, 13, 17 ],1
[ 0, 1, 2, 3, 4, 9, 10, 11, 17, 18, 19 ],1
[ 0, 1, 2, 3, 4, 5, 9, 10, 12, 13, 14, 19 ],1
[ 2, 3, 9, 10, 13, 15, 19 ],1
[ 0, 2, 3, 4, 6, 8, 9, 11, 12, 13, 15, 18 ],1
[ 0, 3, 4, 5, 6, 8, 9, 11, 13, 14, 15, 19 ],1
[ 5, 6, 8, 9, 10, 13, 19 ],1
[ 0, 1, 6, 7, 9, 10, 11, 12, 18 ],1
[ 1, 4, 5, 6, 8, 9, 10, 11, 12, 19 ],1
[ 0, 1, 4, 6, 7, 8, 9, 10, 11, 12, 18, 19 ],1
[ 2, 6, 9, 10, 11, 12, 14, 18, 19 ],1
[ 0, 2, 3, 6, 9, 10, 11, 12, 14, 15, 18, 19 ],1
[ 1, 7, 8, 9, 10, 11, 17, 18, 19 ],1
[ 0, 2, 7, 8, 9, 10, 11, 14, 17, 18, 19 ],1
[ 0, 1, 2, 3, 7, 8, 9, 10, 13, 14, 17, 18, 19 ],1
[ 3, 5, 7, 8, 9, 10, 11, 15, 17, 18, 19 ],1
[ 1, 5, 7, 8, 9, 10, 11, 15, 17, 18, 19 ],1
[ 0, 1, 2, 3, 4, 5, 7, 8, 9, 10, 11, 15, 17, 18, 19 ],1
[ 1, 2, 3, 7, 8, 9, 10, 12, 13, 18, 19 ],1
[ 2, 7, 8, 9, 10, 11, 12, 17, 19 ],1
[ 0, 2, 3, 4, 5, 6, 8, 9, 11, 12, 13, 17 ],1
[ 0, 3, 4, 6, 7, 9, 11, 13, 14, 17, 18, 19 ],1
[ 1, 3, 4, 6, 7, 9, 11, 13, 14, 17 ],1
[ 4, 6, 7, 9, 11, 13, 18 ],1
[ 1, 3, 6, 7, 8, 10, 13, 15, 19 ],1
[ 1, 3, 4, 6, 7, 9, 11, 13, 18 ],1
[ 0, 2, 3, 5, 6, 7, 9, 11, 13, 14, 19 ],1
[ 0, 1, 2, 6, 8, 9, 11, 13, 14, 15, 19 ],1
[ 0, 1, 4, 5, 6, 7, 9, 10, 12, 13, 17, 18, 19 ],1
[ 4, 6, 8, 9, 10, 12, 13, 15, 17 ],1
[ 1, 2, 3, 6, 8, 9, 10, 13, 14, 15, 17 ],1
[ 0, 1, 3, 4, 6, 7, 9, 10, 13, 14, 18 ],1
[ 1, 2, 3, 6, 7, 8, 10, 12, 13, 17 ],1
[ 0, 2, 3, 6, 7, 8, 10, 13, 18 ],1
[ 3, 4, 5, 9, 10, 13, 18 ],1
[ 0, 3, 4, 5, 6, 10, 11, 12, 14, 19 ],1
[ 5, 6, 9, 10, 11, 12, 18, 19 ],1
[ 0, 3, 4, 6, 9, 10, 11, 12, 14, 18, 19 ],1
[ 2, 3, 9, 10, 12, 13, 14, 19 ],1
[ 3, 4, 7, 8, 9, 10, 12, 13, 14, 18 ],1
[ 0, 1, 4, 6, 7, 8, 9, 10, 12, 13, 14, 18, 19 ],1
[ 0, 2, 3, 4, 6, 9, 10, 11, 15 ],1
[ 2, 4, 6, 7, 8, 9, 10, 11, 15, 18, 19 ],1
[ 0, 1, 2, 3, 4, 5, 9, 10, 11, 15, 17, 18, 19 ],1
[ 1, 2, 4, 5, 7, 8, 9, 10, 12, 13, 15, 17, 18, 19 ],1
[ 2, 3, 5, 9, 10, 13, 14, 15, 17 ],1
[ 2, 3, 9, 10, 11, 12, 14, 15, 17 ],1
[ 0, 1, 3, 5, 9, 10, 13, 15, 18 ],1
[ 1, 2, 4, 7, 8, 9, 10, 12, 13, 14, 15, 18 ],1
[ 0, 1, 2, 4, 7, 8, 9, 10, 11, 12, 17, 18 ],1
[ 4, 5, 7, 8, 9, 10, 11, 12, 17, 19 ],1
[ 0, 2, 3, 4, 9, 10, 11, 14, 17, 19 ],1
[ 0, 2, 3, 5, 6, 8, 9, 11, 12, 13, 17 ],1
[ 1, 2, 3, 5, 6, 7, 9, 11, 13, 18 ],1
[ 0, 1, 2, 7, 8, 9, 10, 12, 13, 15, 18, 19 ],1
[ 1, 2, 3, 4, 6, 7, 9, 11, 12, 13, 18 ],1
[ 0, 2, 3, 4, 5, 6, 7, 9, 11, 12, 13, 18 ],1
[ 0, 3, 4, 6, 7, 9, 11, 13, 14, 19 ],1
[ 1, 3, 4, 5, 6, 7, 9, 11, 13, 15, 18 ],1
[ 0, 1, 2, 3, 4, 5, 7, 8, 9, 10, 13, 14, 15, 17, 18, 19 ],1
[ 4, 5, 6, 7, 9, 10, 12, 13, 15, 17, 18, 19 ],1
[ 1, 4, 6, 7, 9, 10, 11, 12, 18 ],1
[ 1, 2, 5, 6, 7, 9, 10, 11, 12, 18 ],1
[ 2, 3, 4, 6, 8, 9, 10, 12, 13, 19 ],1
[ 0, 1, 3, 4, 5, 7, 8, 9, 10, 12, 13, 14, 15, 19 ],1
[ 2, 3, 5, 6, 8, 9, 10, 13, 14, 19 ],1
[ 0, 1, 2, 3, 4, 5, 7, 8, 9, 10, 11, 12, 15, 17 ],1
[ 0, 2, 3, 7, 8, 9, 10, 11, 14, 17, 19 ],1
[ 0, 1, 2, 5, 6, 8, 9, 11, 12, 13, 17 ],1
[ 0, 2, 4, 6, 8, 9, 10, 13, 17, 18, 19 ],1
[ 1, 2, 4, 6, 8, 9, 10, 13, 17 ],1
[ 3, 5, 6, 8, 9, 10, 12, 13, 14, 17, 18, 19 ],1
[ 1, 5, 6, 8, 9, 10, 12, 13, 14, 15, 17 ],1
[ 0, 1, 2, 3, 5, 9, 10, 12, 13, 14, 19 ],1
[ 0, 3, 4, 5, 6, 8, 9, 11, 12, 13, 17, 18, 19 ],1
[ 0, 1, 4, 6, 7, 9, 11, 13, 19 ],1
[ 0, 1, 2, 3, 9, 10, 11, 12, 17 ],1
[ 0, 1, 3, 4, 5, 6, 7, 9, 10, 12, 13, 14, 15, 17, 18, 19 ],1
[ 3, 4, 6, 7, 9, 10, 12, 13, 18 ],1
[ 0, 1, 2, 3, 4, 5, 6, 8, 9, 10, 12, 13, 19 ],1
[ 0, 2, 4, 6, 8, 9, 10, 12, 13, 15, 19 ],1
[ 0, 1, 2, 3, 4, 7, 8, 9, 10, 11, 17, 18, 19 ],1
[ 0, 1, 3, 4, 5, 7, 8, 9, 10, 11, 12, 14, 17 ],1
[ 0, 1, 2, 3, 5, 7, 8, 9, 10, 12, 13, 15, 17 ],1
[ 3, 9, 10, 11, 14, 15, 17 ],1
[ 0, 1, 3, 4, 7, 8, 9, 10, 13, 18 ],1
[ 1, 3, 5, 9, 10, 13, 14 ],1
[ 0, 1, 7, 8, 9, 10, 13, 17, 18 ],1
[ 0, 1, 2, 4, 5, 6, 8, 9, 11, 12, 13, 17 ],1
[ 0, 3, 4, 6, 7, 9, 10, 11, 12, 18 ],1
[ 4, 6, 7, 8, 10, 11, 14, 18 ],1
[ 1, 2, 3, 4, 5, 6, 7, 8, 10, 11, 14, 18 ],1
[ 0, 1, 6, 7, 8, 10, 11, 12, 15, 19 ],1
[ 0, 1, 5, 6, 9, 10, 11, 18, 19 ],1
[ 4, 6, 7, 8, 9, 10, 11, 12 ],1
[ 1, 3, 4, 6, 9, 10, 11, 14, 18, 19 ],1
[ 1, 2, 3, 4, 6, 9, 10, 11, 14 ],1
[ 4, 6, 9, 10, 11, 15 ],1
[ 0, 4, 5, 7, 8, 9, 10, 11, 12, 17 ],1
[ 0, 5, 7, 8, 9, 10, 11, 14, 17, 18, 19 ],1
[ 1, 7, 8, 9, 10, 13, 14, 17, 18, 19 ],1
[ 0, 2, 4, 5, 7, 8, 9, 10, 12, 13, 15, 17 ],1
[ 0, 1, 3, 5, 7, 8, 9, 10, 11, 14, 15, 17 ],1
[ 1, 2, 4, 5, 6, 7, 9, 10, 11, 15, 18 ],1
[ 0, 1, 3, 5, 6, 8, 9, 10, 11, 14, 19 ],1
[ 0, 1, 2, 5, 6, 10, 13, 19 ],1
[ 3, 4, 5, 9, 10, 12, 13, 15, 17 ],1
[ 1, 2, 5, 7, 8, 9, 10, 12, 13, 14, 18 ],1
[ 0, 4, 6, 7, 9, 10, 13, 14, 18 ],1
[ 0, 3, 6, 7, 9, 11, 13, 14, 17, 18, 19 ],1
[ 1, 2, 3, 6, 7, 8, 9, 10, 12, 13, 14, 18, 19 ],1
[ 0, 5, 7, 8, 9, 10, 11, 15, 17 ],1
[ 2, 3, 4, 5, 7, 8, 9, 10, 11, 12, 15, 17, 18, 19 ],1
[ 0, 1, 6, 7, 9, 11, 13, 14, 17, 18, 19 ],1
[ 0, 1, 2, 6, 8, 9, 10, 12, 13, 15, 17 ],1
[ 0, 3, 4, 6, 10, 12, 13, 15, 17, 18, 19 ],1
[ 2, 6, 7, 9, 11, 13, 14, 17, 18, 19 ],1
[ 0, 1, 2, 3, 5, 9, 10, 12, 13, 15, 17 ],1
[ 0, 1, 4, 6, 7, 9, 11, 13, 14, 17, 18, 19 ],1
[ 0, 1, 2, 4, 5, 6, 8, 9, 11, 13, 14, 17, 18, 19 ],1
[ 0, 2, 3, 6, 7, 9, 11, 13, 18 ],1
[ 1, 3, 4, 5, 9, 10, 12, 13, 18, 19 ],1
[ 0, 2, 3, 4, 6, 8, 9, 11, 12, 13, 19 ],1
[ 0, 1, 2, 5, 6, 7, 9, 11, 12, 13, 14, 18 ],1
[ 0, 4, 5, 7, 8, 9, 10, 11, 12, 15, 17, 18, 19 ],1
[ 4, 6, 8, 9, 10, 12, 13, 17, 18, 19 ],1
[ 1, 4, 5, 7, 8, 9, 10, 11, 14, 15, 17, 18, 19 ],1
[ 0, 1, 2, 4, 7, 8, 9, 10, 12, 13, 15, 18, 19 ],1
[ 0, 1, 2, 4, 5, 6, 7, 9, 10, 13, 15, 18 ],1
[ 0, 2, 5, 6, 7, 9, 10, 11, 14, 18 ],1
[ 0, 1, 4, 6, 7, 8, 10, 11, 19 ],1
[ 1, 2, 3, 5, 6, 7, 8, 10, 11, 18 ],1
[ 0, 3, 4, 6, 7, 8, 10, 11, 14, 19 ],1
[ 1, 3, 5, 6, 7, 8, 10, 11, 14, 19 ],1
[ 0, 1, 6, 7, 8, 10, 12, 13, 14, 18 ],1
[ 1, 3, 4, 5, 6, 7, 8, 10, 11, 15, 18 ],1
[ 0, 2, 4, 5, 7, 8, 9, 10, 13, 18 ],1
[ 0, 2, 3, 7, 8, 9, 10, 12, 13 ],1
[ 0, 3, 4, 6, 9, 10, 13 ],1
[ 1, 3, 6, 7, 8, 9, 10, 11, 12 ],1
[ 0, 2, 3, 5, 6, 9, 10, 11, 15, 18, 19 ],1
[ 0, 1, 2, 4, 6, 7, 8, 9, 10, 11, 12, 14, 15, 18, 19 ],1
[ 1, 2, 7, 8, 9, 10, 11, 14, 15, 17, 18, 19 ],1
[ 3, 9, 10, 12, 13, 17 ],1
[ 0, 1, 2, 3, 4, 7, 8, 9, 10, 13, 14, 17, 18, 19 ],1
[ 3, 4, 9, 10, 11, 12, 14, 17 ],1
[ 0, 1, 2, 3, 5, 9, 10, 11, 12, 15, 17 ],1
[ 1, 2, 5, 7, 8, 9, 10, 11, 12, 14, 17 ],1
[ 0, 4, 5, 7, 8, 9, 10, 12, 13, 15, 17, 18, 19 ],1
[ 1, 7, 8, 9, 10, 11, 14, 15, 17 ],1
[ 1, 2, 7, 8, 9, 10, 12, 13, 14, 19 ],1
[ 0, 1, 2, 3, 5, 7, 8, 9, 10, 11, 12, 14, 15, 17 ],1
[ 0, 1, 2, 3, 7, 8, 9, 10, 12, 13, 14, 15, 19 ],1
[ 1, 2, 5, 7, 8, 9, 10, 12, 13, 14, 15, 19 ],1
[ 1, 2, 3, 5, 7, 8, 9, 10, 12, 13 ],1
[ 1, 3, 4, 9, 10, 13, 14, 18, 19 ],1
[ 1, 2, 3, 4, 6, 7, 9, 11, 13, 14, 17, 18, 19 ],1
[ 0, 1, 2, 4, 6, 7, 9, 10, 12, 13, 17, 18, 19 ],1
[ 1, 3, 4, 6, 8, 9, 10, 12, 13, 15, 17 ],1
[ 2, 3, 4, 5, 9, 10, 12, 13, 14, 15, 19 ],1
[ 0, 2, 6, 7, 9, 10, 12, 13, 14, 15, 17, 18, 19 ],1
[ 0, 1, 2, 3, 6, 7, 9, 10, 11, 12, 14, 18 ],1
[ 5, 6, 7, 9, 11, 13, 14, 17, 18, 19 ],1
[ 0, 2, 3, 4, 5, 6, 7, 9, 11, 13, 14, 17, 18, 19 ],1
[ 5, 6, 7, 8, 10, 11, 15, 18 ],1
[ 0, 3, 4, 6, 7, 8, 10, 12, 13, 17 ],1
[ 1, 3, 4, 5, 6, 9, 10, 11, 14 ],1
[ 2, 5, 6, 7, 8, 9, 10, 11, 14, 18, 19 ],1
[ 1, 4, 5, 7, 8, 9, 10, 11, 17 ],1
[ 2, 3, 4, 5, 7, 8, 9, 10, 11, 14, 17, 18, 19 ],1
[ 0, 5, 7, 8, 9, 10, 13, 14, 17, 18, 19 ],1
[ 0, 1, 2, 3, 4, 7, 8, 9, 10, 11, 12, 15, 17, 18, 19 ],1
[ 0, 7, 8, 9, 10, 13, 14, 15, 17, 18, 19 ],1
[ 0, 2, 5, 7, 8, 9, 10, 13, 14, 15, 17, 18, 19 ],1
[ 0, 2, 3, 4, 6, 7, 9, 11, 12, 13, 14, 19 ],1
[ 4, 6, 7, 9, 10, 12, 13, 17, 18, 19 ],1
[ 1, 3, 4, 6, 7, 9, 10, 12, 13, 17, 18, 19 ],1
[ 0, 1, 6, 7, 9, 10, 13, 14, 17, 18, 19 ],1
[ 2, 5, 6, 8, 9, 10, 11, 12, 19 ],1
[ 0, 1, 2, 3, 4, 6, 7, 9, 10, 11, 12, 18 ],1
[ 0, 2, 3, 5, 7, 8, 9, 10, 12, 13, 18, 19 ],1
[ 0, 2, 3, 5, 6, 7, 8, 10, 12, 13, 17 ],1
[ 0, 2, 3, 4, 5, 6, 10, 13, 19 ],1
[ 1, 3, 6, 7, 8, 10, 13, 18 ],1
[ 0, 1, 4, 5, 6, 10, 11, 12, 19 ],1
[ 0, 1, 5, 6, 7, 8, 10, 12, 13, 14, 19 ],1
[ 0, 1, 2, 4, 5, 6, 7, 8, 10, 12, 13, 14, 18 ],1
[ 1, 2, 3, 6, 9, 10, 11 ],1
[ 0, 2, 3, 6, 9, 10, 11, 18, 19 ],1
[ 1, 2, 3, 4, 5, 6, 9, 10, 11, 12 ],1
[ 4, 5, 6, 9, 10, 11, 15, 18, 19 ],1
[ 1, 5, 7, 8, 9, 10, 12, 13, 17, 18, 19 ],1
[ 2, 3, 4, 9, 10, 13, 14, 17 ],1
[ 3, 9, 10, 11, 12, 14, 17 ],1
[ 2, 3, 9, 10, 11, 12, 14, 17, 18, 19 ],1
[ 3, 4, 5, 7, 8, 9, 10, 11, 12, 14, 17, 18, 19 ],1
[ 0, 1, 2, 3, 7, 8, 9, 10, 12, 13, 14, 18 ],1
[ 2, 3, 4, 5, 7, 8, 9, 10, 12, 13, 14, 15, 19 ],1
[ 3, 4, 9, 10, 11, 15, 17 ],1
[ 1, 4, 7, 8, 9, 10, 13, 14, 15, 17 ],1
[ 3, 4, 9, 10, 12, 13, 14, 18 ],1
[ 2, 3, 4, 7, 8, 9, 10, 13, 18 ],1
[ 3, 4, 5, 7, 8, 9, 10, 13, 18 ],1
[ 0, 2, 7, 8, 9, 10, 13, 15, 18 ],1
[ 1, 3, 4, 7, 8, 9, 10, 13, 14, 18, 19 ],1
[ 0, 1, 2, 4, 7, 8, 9, 10, 13, 17, 19 ],1
[ 2, 4, 6, 8, 9, 11, 12, 13, 15, 19 ],1
[ 3, 4, 7, 8, 9, 10, 12, 13, 15, 17, 18, 19 ],1
[ 0, 1, 2, 3, 5, 6, 7, 9, 10, 11, 14, 18 ],1
[ 0, 1, 3, 5, 6, 7, 9, 10, 11, 15, 18 ],1
[ 0, 2, 3, 5, 6, 7, 9, 11, 13, 14, 17, 18, 19 ],1
[ 1, 3, 4, 5, 6, 7, 8, 10, 12, 13, 17 ],1
[ 0, 1, 4, 5, 6, 10, 12, 13, 14, 19 ],1
[ 5, 6, 7, 8, 9, 10, 11, 12, 14, 15 ],1
[ 2, 5, 6, 7, 8, 9, 10, 11, 12, 14, 15, 18, 19 ],1
[ 0, 3, 4, 5, 6, 7, 8, 9, 10, 11, 12, 14, 15, 18, 19 ],1
[ 0, 1, 2, 3, 4, 5, 9, 10, 11, 14, 17 ],1
[ 0, 1, 2, 4, 5, 6, 7, 9, 11, 13, 14, 17, 18, 19 ],1
[ 0, 3, 5, 6, 7, 9, 11, 12, 13, 14, 17, 18, 19 ],1
[ 1, 3, 4, 5, 6, 8, 9, 10, 12, 13, 17 ],1
[ 1, 2, 3, 6, 8, 9, 11, 13, 19 ],1
[ 1, 3, 6, 8, 9, 10, 13, 14, 17 ],1
[ 1, 6, 8, 9, 10, 13, 15, 17 ],1
[ 0, 1, 2, 3, 5, 6, 7, 9, 10, 11, 12, 15, 18 ],1
[ 0, 2, 4, 6, 7, 9, 10, 11, 12, 14, 18 ],1
[ 3, 4, 6, 8, 9, 10, 12, 13, 15, 19 ],1
[ 0, 1, 2, 5, 6, 10, 12, 13, 15, 17, 18, 19 ],1
[ 0, 1, 2, 4, 6, 8, 9, 11, 13, 14, 17 ],1
[ 0, 3, 4, 5, 6, 7, 9, 10, 12, 13, 17, 18, 19 ],1
[ 1, 2, 3, 5, 6, 7, 9, 10, 13, 14, 17 ],1
[ 0, 2, 3, 4, 6, 8, 9, 10, 13, 14, 17 ],1
[ 0, 1, 3, 6, 8, 9, 10, 11, 14, 15, 19 ],1
[ 0, 3, 5, 6, 10, 11, 14, 15, 19 ],1
[ 4, 6, 7, 8, 9, 10, 11, 18, 19 ],1
[ 0, 1, 4, 7, 8, 9, 10, 12, 13, 18, 19 ],1
[ 0, 3, 4, 6, 7, 9, 11, 12, 13, 14, 17 ],1
[ 1, 3, 4, 6, 7, 9, 11, 13, 14, 18 ],1
[ 0, 2, 3, 4, 6, 7, 9, 11, 13, 14, 18 ],1
[ 0, 1, 2, 3, 6, 7, 9, 10, 12, 13, 14, 15, 17, 18, 19 ],1
[ 1, 5, 6, 7, 9, 10, 11, 18 ],1
[ 3, 4, 5, 6, 8, 9, 10, 12, 13, 19 ],1
[ 0, 6, 7, 9, 10, 13, 14, 18 ],1
[ 1, 4, 6, 7, 9, 10, 11, 12, 14, 18 ],1
[ 0, 3, 9, 10, 11, 14, 17, 18 ],1
[ 0, 1, 3, 5, 6, 7, 9, 10, 11, 14, 15, 18 ],1
[ 0, 1, 3, 4, 7, 8, 9, 10, 11, 17 ],1
[ 3, 9, 10, 11, 15, 17 ],1
[ 2, 3, 4, 7, 8, 9, 10, 12, 13, 15, 17 ],1
[ 0, 1, 3, 4, 7, 8, 9, 10, 11, 14, 15, 17, 18, 19 ],1
[ 3, 7, 8, 9, 10, 13, 14, 15, 17 ],1
[ 0, 3, 6, 10, 12, 13, 15, 17, 18, 19 ],1
[ 0, 1, 2, 6, 7, 8, 10, 12, 13, 15, 17 ],1
[ 1, 3, 5, 6, 10, 11, 19 ],1
[ 4, 6, 7, 8, 9, 10, 11, 12, 14, 15, 18, 19 ],1
[ 1, 3, 5, 6, 8, 9, 11, 13, 14, 17, 18, 19 ],1
[ 4, 5, 6, 8, 9, 11, 13, 19 ],1
[ 0, 1, 6, 9, 10, 11, 14 ],1
[ 1, 2, 3, 4, 5, 6, 7, 8, 9, 10, 11, 14, 18, 19 ],1
[ 0, 4, 5, 7, 8, 9, 10, 11, 14, 17, 18, 19 ],1
[ 0, 1, 3, 4, 5, 7, 8, 9, 10, 13, 14, 17, 18, 19 ],1
[ 3, 4, 5, 7, 8, 9, 10, 11, 14, 15, 17, 18, 19 ],1
[ 1, 7, 8, 9, 10, 11, 12, 14, 15, 17, 18, 19 ],1
[ 1, 2, 3, 5, 9, 10, 13, 14, 18, 19 ],1
[ 1, 2, 3, 9, 10, 12, 13, 14, 17, 19 ],1
[ 4, 5, 6, 8, 9, 11, 13, 14, 17, 18, 19 ],1
[ 0, 1, 4, 6, 7, 9, 11, 12, 13, 14, 18 ],1
[ 0, 1, 2, 6, 7, 9, 10, 13, 18 ],1
[ 0, 2, 3, 4, 5, 6, 8, 9, 10, 11, 14, 19 ],1
[ 2, 3, 5, 6, 7, 9, 10, 11, 12, 18 ],1
[ 0, 1, 2, 3, 5, 6, 8, 9, 10, 11, 12, 19 ],1
[ 0, 3, 4, 6, 9, 10, 11 ],1
[ 1, 2, 3, 6, 9, 10, 13 ],1
[ 0, 3, 6, 9, 10, 11, 12, 14, 15 ],1
[ 0, 1, 3, 9, 10, 13, 14, 17 ],1
[ 0, 1, 3, 4, 7, 8, 9, 10, 11, 15, 17, 18, 19 ],1
[ 2, 5, 7, 8, 9, 10, 12, 13 ],1
[ 2, 3, 4, 7, 8, 9, 10, 11, 12, 14, 15, 17 ],1
[ 2, 3, 4, 7, 8, 9, 10, 12, 13, 14, 19 ],1
[ 1, 2, 5, 7, 8, 9, 10, 13, 15, 18 ],1
[ 0, 3, 4, 5, 6, 8, 9, 11, 13, 14, 17 ],1
[ 3, 5, 7, 8, 9, 10, 12, 13, 14, 15, 18 ],1
[ 5, 6, 7, 9, 11, 12, 13, 18 ],1
[ 0, 1, 3, 5, 6, 8, 9, 10, 13, 15, 17 ],1
[ 1, 2, 5, 6, 8, 9, 10, 11, 19 ],1
[ 0, 1, 2, 5, 6, 10, 11, 12, 15, 19 ],1
[ 2, 3, 4, 5, 7, 8, 9, 10, 12, 13, 17 ],1
[ 0, 1, 3, 4, 5, 7, 8, 9, 10, 13, 19 ],1
[ 0, 1, 3, 9, 10, 13, 15, 19 ],1
[ 1, 2, 3, 4, 5, 7, 8, 9, 10, 11, 12, 17, 18 ],1
[ 0, 1, 4, 5, 6, 8, 9, 11, 13, 14, 17 ],1
[ 1, 2, 3, 4, 5, 6, 7, 9, 11, 12, 13, 14, 17, 18, 19 ],1
[ 1, 3, 5, 6, 7, 9, 11, 12, 13, 15, 19 ],1
[ 1, 2, 3, 5, 6, 7, 9, 11, 12, 13, 15, 18 ],1
[ 1, 5, 6, 8, 9, 10, 13, 17 ],1
[ 0, 3, 4, 5, 6, 7, 8, 10, 11, 12, 14, 19 ],1
[ 0, 1, 2, 3, 4, 5, 7, 8, 9, 10, 12, 13, 14, 15, 18 ],1
[ 0, 4, 5, 6, 7, 9, 10, 12, 13, 14, 15, 17, 18, 19 ],1
[ 0, 4, 6, 8, 9, 10, 12, 13, 14, 15, 17 ],1
[ 1, 2, 6, 7, 9, 10, 11, 18 ],1
[ 0, 1, 2, 3, 4, 6, 7, 9, 10, 11, 12, 14, 18 ],1
[ 1, 2, 6, 8, 9, 10, 11, 15, 19 ],1
[ 0, 1, 3, 4, 9, 10, 13, 14, 17 ],1
[ 2, 4, 5, 6, 8, 9, 11, 13, 14, 17 ],1
[ 2, 3, 4, 7, 8, 9, 10, 13, 14, 15, 17, 18, 19 ],1
[ 0, 2, 3, 5, 6, 7, 9, 11, 13, 15, 18 ],1
[ 2, 6, 7, 8, 10, 11, 12, 18 ],1
[ 0, 3, 6, 7, 8, 10, 11, 12, 14, 18 ],1
[ 0, 3, 4, 6, 7, 8, 10, 12, 13, 14, 18 ],1
[ 3, 5, 7, 8, 9, 10, 11, 17 ],1
[ 2, 3, 5, 7, 8, 9, 10, 11, 12, 17 ],1
[ 0, 3, 4, 7, 8, 9, 10, 11, 14, 17, 18 ],1
[ 1, 3, 4, 6, 7, 8, 10, 13, 14, 17 ],1
[ 0, 3, 4, 6, 7, 8, 10, 13, 19 ],1
[ 5, 6, 10, 11, 14, 19 ],1
[ 5, 6, 7, 8, 10, 11, 14, 19 ],1
[ 0, 3, 6, 9, 10, 11, 12, 18, 19 ],1
[ 1, 3, 4, 5, 6, 7, 8, 9, 10, 11, 12, 18, 19 ],1
[ 1, 5, 7, 8, 9, 10, 13, 14, 15, 17, 18, 19 ],1
[ 0, 2, 3, 4, 6, 7, 9, 11, 12, 13, 14, 15, 18 ],1
[ 1, 2, 3, 4, 5, 7, 8, 9, 10, 12, 13 ],1
[ 0, 1, 5, 6, 8, 9, 10, 12, 13, 17, 18, 19 ],2
[ 0, 3, 5, 6, 9, 10, 11, 14, 18, 19 ],1
[ 0, 1, 2, 3, 5, 6, 7, 9, 10, 11, 12, 14, 15, 18 ],1
[ 0, 1, 2, 6, 7, 9, 11, 12, 13, 14, 17, 18, 19 ],1
[ 1, 2, 4, 5, 6, 8, 9, 10, 12, 13, 14, 17 ],1
[ 0, 2, 3, 4, 6, 7, 9, 11, 12, 13, 14, 17, 18, 19 ],1
[ 1, 2, 6, 7, 9, 10, 11, 14, 18 ],1
[ 0, 1, 3, 5, 9, 10, 11, 12, 14, 15, 17, 18, 19 ],1
[ 1, 3, 5, 6, 7, 9, 11, 12, 13, 14, 17 ],1
[ 2, 3, 4, 5, 6, 8, 9, 10, 13, 17, 18, 19 ],1
[ 2, 3, 7, 8, 9, 10, 13, 18 ],1
[ 0, 1, 2, 3, 4, 5, 9, 10, 11, 12, 14, 17, 18, 19 ],1
[ 0, 1, 2, 3, 4, 5, 7, 8, 9, 10, 13, 18 ],1
[ 2, 5, 6, 7, 9, 11, 12, 13, 14, 17, 18, 19 ],1
[ 1, 2, 3, 5, 6, 7, 9, 11, 12, 13, 14, 17, 18, 19 ],1
[ 0, 2, 4, 5, 6, 8, 9, 10, 12, 13, 14, 17, 18, 19 ],1
[ 0, 2, 6, 8, 9, 10, 13, 15, 17 ],1
[ 0, 1, 4, 5, 6, 7, 9, 11, 12, 13, 14, 17, 18, 19 ],1
[ 0, 1, 6, 8, 9, 11, 12, 13, 14, 17 ],1
[ 0, 2, 4, 6, 7, 9, 10, 13, 17, 18, 19 ],1
[ 1, 4, 6, 7, 9, 10, 12, 13, 14, 15, 17, 18, 19 ],1
[ 0, 6, 8, 9, 10, 13, 17 ],1
[ 0, 2, 5, 6, 7, 9, 10, 12, 13, 14, 17, 18, 19 ],1
[ 2, 3, 4, 5, 6, 8, 9, 10, 12, 13, 14, 17 ],1
[ 1, 2, 3, 4, 6, 10, 13, 14, 17, 18, 19 ],1
[ 0, 2, 3, 5, 6, 10, 12, 13, 15, 17, 18, 19 ],1
[ 2, 4, 5, 6, 7, 9, 11, 12, 13, 14, 17, 18, 19 ],1
[ 1, 3, 5, 6, 8, 9, 11, 12, 13, 14, 17 ],1
[ 0, 4, 6, 7, 9, 10, 13, 17 ],1
[ 2, 6, 8, 9, 11, 12, 13, 14, 17 ],1
[ 1, 3, 4, 5, 6, 8, 9, 11, 12, 13, 14, 17 ],1
[ 5, 6, 7, 9, 11, 13, 14, 15, 18 ],1
[ 0, 1, 2, 3, 9, 10, 13, 14, 15, 17 ],1
[ 3, 4, 5, 6, 7, 9, 10, 12, 13, 15, 18 ],1
[ 2, 3, 5, 7, 8, 9, 10, 12, 13, 14, 18 ],1
[ 3, 4, 9, 10, 13, 15, 18 ],1
