[[2, 5, 7], [3, 5], [4, 5, 7], [6, 7]]
[[4,10,10,30,34,82],[0, 1, 10, 42, 9, 53]]
[[5,13,11,21,20,109],[0, 1, 10, 52, 9, 44]]
[[5,11,8,23,35,62],[0, 1, 10, 50, 9, 53]]
[[4,10,10,38,29,70],[0, 1, 10, 52, 9, 51]]
[[4,10,13,14,54,55],[0, 1, 14, 52, 9, 51]]
[[7,9,7,21,42,69],[0, 1, 16, 17, 9, 53]]
[[6,10,15,22,31,55],[0, 1, 42, 17, 9, 53]]
[[4,12,7,36,29,63],[0, 1, 42, 17, 9, 54]]
[[5,9,14,25,25,90],[0, 1, 17, 43, 9, 54]]
[[7,7,13,23,22,97],[0, 1, 17, 9, 44, 53]]
[[5,9,20,17,35,78],[0, 1, 17, 9, 44, 54]]
[[6,8,12,24,46,74],[0, 1, 49, 17, 9, 54]]
[[7,13,7,17,42,67],[0, 1, 17, 52, 9, 54]]
[[8,8,14,20,23,86],[0, 1, 52, 9, 18, 53]]
[[7,13,7,29,22,49],[0, 1, 40, 52, 9, 44]]
[[4,6,13,26,34,69],[0, 1, 40, 52, 9, 51]]
[[6,12,9,32,26,57],[0, 1, 42, 52, 9, 44]]
[[5,13,14,13,50,52],[0, 1, 42, 52, 9, 51]]
[[6,14,12,14,26,86],[0, 1, 42, 52, 9, 53]]
[[7,11,10,23,22,86],[0, 1, 43, 52, 9, 44]]
[[4,10,16,26,24,88],[0, 1, 43, 52, 9, 51]]
[[4,10,16,26,24,88],[0, 1, 49, 52, 9, 44]]
[[5,7,14,27,45,70],[0, 1, 50, 52, 9, 44]]
[[5,11,14,23,45,44],[0, 1, 52, 9, 44, 54]]
[[7,11,10,23,22,86],[0, 1, 49, 52, 9, 51]]
[[7,13,10,17,32,58],[0, 1, 50, 52, 9, 53]]
[[3,11,9,23,28,95],[0, 1, 10, 14, 16, 53]]
[[4,10,7,30,24,73],[0, 1, 10, 14, 42, 53]]
[[5,11,14,23,35,56],[0, 1, 10, 14, 43, 53]]
[[5,13,11,21,20,109],[0, 1, 10, 14, 52, 44]]
[[5,13,11,29,15,73],[0, 1, 10, 16, 17, 53]]
[[4,10,7,26,24,67],[0, 1, 10, 16, 18, 53]]
[[3,9,9,25,23,57],[0, 1, 10, 40, 16, 53]]
[[3,11,15,23,18,101],[0, 1, 10, 16, 44, 53]]
[[5,13,14,13,50,52],[0, 1, 10, 16, 50, 53]]
[[6,12,12,24,36,42],[0, 1, 10, 16, 51, 53]]
[[5,15,11,27,20,45],[0, 1, 10, 16, 52, 53]]
[[5,15,8,23,35,66],[0, 1, 10, 16, 53, 54]]
[[5,11,14,23,40,80],[0, 1, 10, 40, 17, 53]]
[[4,10,16,26,29,76],[0, 1, 10, 42, 17, 54]]
[[5,9,14,25,20,84],[0, 1, 10, 17, 43, 54]]
[[5,9,14,25,25,90],[0, 1, 10, 17, 44, 53]]
[[4,12,10,32,34,60],[0, 1, 10, 49, 17, 54]]
[[5,13,8,21,40,64],[0, 1, 10, 17, 50, 53]]
[[4,12,7,28,54,75],[0, 1, 10, 17, 52, 51]]
[[4,14,10,34,24,44],[0, 1, 10, 17, 51, 54]]
[[5,13,8,29,30,70],[0, 1, 10, 17, 52, 53]]
[[3,11,9,31,43,59],[0, 1, 10, 42, 18, 53]]
[[4,14,10,26,24,74],[0, 1, 10, 43, 18, 53]]
[[5,13,14,25,25,58],[0, 1, 10, 49, 18, 53]]
[[4,12,4,28,29,78],[0, 1, 10, 50, 18, 53]]
[[5,13,8,37,25,52],[0, 1, 10, 18, 51, 53]]
[[4,10,10,30,34,82],[0, 1, 10, 40, 49, 53]]
[[3,11,9,31,33,71],[0, 1, 10, 40, 50, 53]]
[[4,12,13,24,34,87],[0, 1, 10, 40, 52, 51]]
[[5,9,14,17,30,84],[0, 1, 10, 40, 53, 54]]
[[4,12,4,28,29,78],[0, 1, 10, 42, 43, 53]]
[[4,14,4,26,34,68],[0, 1, 10, 42, 52, 44]]
[[4,12,10,28,34,84],[0, 1, 10, 42, 44, 53]]
[[4,14,10,26,24,74],[0, 1, 10, 42, 50, 53]]
[[5,11,17,15,40,53],[0, 1, 10, 42, 52, 51]]
[[5,15,14,19,10,84],[0, 1, 10, 43, 52, 44]]
[[5,11,17,19,25,83],[0, 1, 10, 43, 44, 53]]
[[4,12,13,16,44,69],[0, 1, 10, 49, 43, 53]]
[[3,11,9,31,43,59],[0, 1, 10, 43, 50, 53]]
[[4,10,10,22,24,82],[0, 1, 10, 43, 52, 51]]
[[4,10,10,22,24,82],[0, 1, 10, 49, 52, 44]]
[[4,12,13,16,44,69],[0, 1, 10, 44, 51, 53]]
[[5,15,14,19,10,84],[0, 1, 10, 49, 52, 51]]
[[5,11,17,19,25,83],[0, 1, 10, 49, 51, 53]]
[[4,12,13,36,19,57],[0, 1, 10, 49, 53, 54]]
[[6,12,9,20,46,57],[0, 1, 10, 50, 51, 53]]
[[5,15,5,31,25,57],[0, 1, 10, 50, 52, 53]]
[[5,15,11,19,40,51],[0, 1, 10, 50, 53, 54]]
[[4,14,10,34,29,44],[0, 1, 10, 51, 53, 54]]
[[5,13,8,25,40,58],[0, 1, 14, 16, 52, 44]]
[[6,10,12,30,16,82],[0, 1, 14, 16, 52, 51]]
[[5,13,8,29,15,82],[0, 1, 14, 16, 52, 53]]
[[6,10,12,22,36,70],[0, 1, 14, 17, 18, 53]]
[[6,10,9,26,31,79],[0, 1, 14, 42, 17, 53]]
[[6,10,9,30,31,67],[0, 1, 14, 42, 17, 54]]
[[7,13,10,17,32,52],[0, 1, 14, 17, 43, 53]]
[[7,13,13,17,17,55],[0, 1, 14, 17, 43, 54]]
[[7,9,13,29,27,51],[0, 1, 14, 17, 52, 44]]
[[7,9,10,25,47,36],[0, 1, 14, 17, 44, 54]]
[[6,12,12,24,26,60],[0, 1, 14, 49, 17, 53]]
[[5,11,14,23,40,50],[0, 1, 14, 17, 50, 53]]
[[6,10,12,30,36,64],[0, 1, 14, 17, 52, 51]]
[[4,6,16,22,34,60],[0, 1, 14, 17, 51, 54]]
[[6,10,12,22,51,40],[0, 1, 14, 52, 18, 44]]
[[5,11,14,23,35,56],[0, 1, 14, 40, 52, 44]]
[[6,14,9,26,16,71],[0, 1, 14, 42, 52, 53]]
[[6,12,12,16,31,90],[0, 1, 14, 43, 52, 51]]
[[6,12,12,16,31,90],[0, 1, 14, 49, 52, 44]]
[[5,9,8,25,50,72],[0, 1, 14, 50, 52, 44]]
[[7,11,10,31,27,32],[0, 1, 14, 52, 44, 54]]
[[6,10,12,22,36,70],[0, 1, 16, 17, 18, 53]]
[[6,12,9,24,36,69],[0, 1, 16, 17, 18, 54]]
[[5,9,11,21,45,45],[0, 1, 40, 16, 17, 53]]
[[6,14,9,14,36,89],[0, 1, 16, 42, 17, 53]]
[[5,9,11,21,35,57],[0, 1, 16, 17, 43, 53]]
[[5,9,8,25,30,72],[0, 1, 16, 17, 44, 54]]
[[6,14,12,18,21,80],[0, 1, 16, 49, 17, 54]]
[[7,15,7,19,22,63],[0, 1, 16, 17, 50, 53]]
[[7,11,13,15,37,59],[0, 1, 16, 17, 52, 53]]
[[7,11,10,27,22,62],[0, 1, 16, 52, 18, 51]]
[[6,10,9,26,36,67],[0, 1, 16, 52, 18, 53]]
[[6,12,9,16,51,57],[0, 1, 16, 52, 18, 54]]
[[6,12,12,28,21,60],[0, 1, 40, 16, 52, 51]]
[[5,15,8,19,25,102],[0, 1, 40, 16, 52, 53]]
[[5,13,14,29,15,40],[0, 1, 16, 43, 52, 44]]
[[5,7,11,23,50,85],[0, 1, 16, 52, 44, 53]]
[[5,13,14,29,15,40],[0, 1, 16, 49, 52, 51]]
[[6,12,6,32,31,60],[0, 1, 16, 50, 52, 51]]
[[7,13,10,17,37,40],[0, 1, 16, 50, 52, 53]]
[[5,9,5,29,65,51],[0, 1, 16, 52, 53, 54]]
[[6,12,15,12,36,69],[0, 1, 40, 17, 18, 53]]
[[5,11,11,31,20,65],[0, 1, 42, 17, 18, 54]]
[[7,9,16,21,27,66],[0, 1, 49, 17, 18, 53]]
[[5,11,8,31,40,80],[0, 1, 49, 17, 18, 54]]
[[6,12,12,16,31,90],[0, 1, 17, 50, 18, 53]]
[[6,14,9,18,41,53],[0, 1, 17, 50, 18, 54]]
[[7,11,10,27,22,68],[0, 1, 17, 18, 51, 53]]
[[5,9,14,33,20,60],[0, 1, 17, 18, 51, 54]]
[[8,10,11,22,33,37],[0, 1, 17, 18, 53, 54]]
[[6,8,12,24,46,74],[0, 1, 40, 42, 17, 54]]
[[6,10,15,22,31,55],[0, 1, 40, 49, 17, 53]]
[[4,12,7,36,29,63],[0, 1, 40, 49, 17, 54]]
[[5,7,17,35,15,61],[0, 1, 40, 17, 50, 53]]
[[5,9,8,25,60,54],[0, 1, 40, 17, 50, 54]]
[[6,6,12,26,46,60],[0, 1, 40, 17, 52, 51]]
[[4,12,13,20,24,87],[0, 1, 40, 17, 51, 54]]
[[7,7,10,23,32,88],[0, 1, 40, 17, 52, 53]]
[[7,13,13,13,27,67],[0, 1, 40, 17, 53, 54]]
[[6,12,12,16,31,90],[0, 1, 42, 17, 43, 53]]
[[6,14,9,18,41,53],[0, 1, 42, 17, 43, 54]]
[[6,8,9,20,46,53],[0, 1, 42, 17, 52, 44]]
[[6,14,6,30,26,56],[0, 1, 42, 17, 44, 53]]
[[6,12,9,36,16,57],[0, 1, 42, 17, 44, 54]]
[[7,15,7,19,22,63],[0, 1, 42, 17, 51, 53]]
[[6,8,12,24,31,80],[0, 1, 42, 17, 52, 54]]
[[7,13,10,25,17,46],[0, 1, 17, 43, 44, 54]]
[[4,8,13,28,39,65],[0, 1, 49, 17, 43, 54]]
[[5,11,11,31,20,65],[0, 1, 17, 43, 50, 54]]
[[5,13,17,21,20,55],[0, 1, 17, 50, 44, 53]]
[[4,8,13,28,39,65],[0, 1, 17, 44, 51, 54]]
[[7,11,10,23,37,44],[0, 1, 17, 52, 44, 53]]
[[6,16,9,16,26,67],[0, 1, 49, 17, 50, 54]]
[[7,13,10,25,17,46],[0, 1, 49, 17, 51, 54]]
[[6,14,12,22,16,50],[0, 1, 49, 17, 52, 54]]
[[7,11,10,19,32,80],[0, 1, 17, 50, 52, 53]]
[[7,13,13,13,22,73],[0, 1, 17, 50, 53, 54]]
[[6,14,9,18,26,95],[0, 1, 17, 52, 51, 54]]
[[6,10,15,18,41,49],[0, 1, 17, 51, 53, 54]]
[[5,7,14,27,45,70],[0, 1, 40, 52, 18, 51]]
[[5,11,14,23,25,80],[0, 1, 42, 52, 18, 44]]
[[5,13,14,21,20,82],[0, 1, 42, 52, 18, 53]]
[[5,13,8,25,45,58],[0, 1, 43, 52, 18, 51]]
[[6,12,9,24,31,87],[0, 1, 43, 52, 18, 53]]
[[5,13,8,25,45,58],[0, 1, 49, 52, 18, 44]]
[[4,6,13,26,34,69],[0, 1, 50, 52, 18, 44]]
[[5,13,17,13,25,73],[0, 1, 49, 52, 18, 54]]
[[7,13,7,29,22,49],[0, 1, 50, 52, 18, 51]]
[[6,8,12,16,41,74],[0, 1, 50, 52, 18, 53]]
[[6,10,12,26,21,70],[0, 1, 50, 52, 18, 54]]
[[5,7,17,15,30,91],[0, 1, 52, 18, 51, 54]]
[[4,10,16,26,24,88],[0, 1, 40, 42, 52, 44]]
[[7,11,10,23,22,86],[0, 1, 40, 42, 52, 51]]
[[5,13,14,13,50,52],[0, 1, 40, 43, 52, 44]]
[[6,12,9,32,26,57],[0, 1, 40, 43, 52, 51]]
[[6,12,9,32,26,57],[0, 1, 40, 49, 52, 44]]
[[5,13,14,13,50,52],[0, 1, 40, 49, 52, 51]]
[[6,14,12,14,26,86],[0, 1, 40, 49, 52, 53]]
[[5,9,14,21,40,90],[0, 1, 40, 50, 52, 53]]
[[5,9,14,17,30,84],[0, 1, 40, 52, 53, 54]]
[[4,6,13,26,34,69],[0, 1, 42, 43, 52, 44]]
[[7,13,7,29,22,49],[0, 1, 42, 43, 52, 51]]
[[6,8,12,16,41,74],[0, 1, 42, 43, 52, 53]]
[[6,10,12,26,21,70],[0, 1, 42, 43, 52, 54]]
[[7,13,7,29,22,49],[0, 1, 42, 49, 52, 44]]
[[6,12,12,16,51,30],[0, 1, 42, 52, 44, 54]]
[[4,6,13,26,34,69],[0, 1, 42, 49, 52, 51]]
[[5,13,8,25,45,58],[0, 1, 42, 50, 52, 51]]
[[6,12,9,24,31,87],[0, 1, 42, 50, 52, 53]]
[[6,10,6,34,26,82],[0, 1, 49, 43, 52, 44]]
[[5,11,14,23,25,80],[0, 1, 43, 50, 52, 44]]
[[6,8,9,32,46,53],[0, 1, 49, 43, 52, 53]]
[[5,13,14,21,20,82],[0, 1, 43, 50, 52, 53]]
[[4,10,10,22,24,82],[0, 1, 43, 52, 51, 54]]
[[4,10,10,22,24,82],[0, 1, 49, 52, 44, 54]]
[[6,8,9,32,46,53],[0, 1, 52, 44, 51, 53]]
[[5,11,14,23,25,80],[0, 1, 49, 50, 52, 51]]
[[4,12,13,20,59,57],[0, 1, 49, 52, 53, 54]]
[[5,9,8,25,35,60],[0, 1, 50, 52, 53, 54]]
[[4,8,16,24,39,116],[0, 1, 52, 51, 53, 54]]
[[5,15,8,23,25,78],[0, 5, 7, 8, 17, 53]]
[[6,10,12,30,26,64],[0, 10, 5, 7, 17, 53]]
[[4,10,13,34,24,73],[0, 10, 5, 7, 17, 54]]
[[6,10,6,26,41,64],[0, 5, 14, 7, 17, 53]]
[[4,8,22,16,24,92],[0, 5, 7, 16, 17, 54]]
[[3,5,12,29,18,68],[0, 5, 7, 17, 18, 54]]
[[6,12,6,32,31,66],[0, 5, 40, 7, 17, 53]]
[[5,11,17,15,35,71],[0, 5, 7, 42, 17, 54]]
[[4,4,16,28,39,40],[0, 5, 7, 17, 43, 54]]
[[6,6,9,26,56,63],[0, 5, 7, 17, 44, 53]]
[[5,9,17,21,30,69],[0, 5, 7, 49, 17, 53]]
[[4,12,19,20,19,75],[0, 5, 7, 17, 50, 54]]
[[5,11,17,15,30,89],[0, 5, 7, 17, 52, 51]]
[[6,14,15,14,26,35],[0, 5, 7, 17, 52, 53]]
[[4,8,19,24,39,89],[0, 5, 7, 17, 52, 54]]
[[4,8,13,32,24,89],[0, 5, 7, 17, 53, 54]]
[[4,12,16,24,19,78],[0, 10, 5, 16, 8, 53]]
[[6,10,15,26,31,31],[0, 5, 14, 8, 17, 53]]
[[4,10,10,26,54,88],[0, 5, 16, 8, 17, 53]]
[[5,9,20,17,40,72],[0, 5, 8, 17, 18, 53]]
[[6,14,12,14,31,74],[0, 5, 40, 8, 17, 54]]
[[5,5,14,29,30,74],[0, 5, 42, 8, 17, 54]]
[[6,10,12,22,46,52],[0, 5, 8, 17, 43, 54]]
[[6,6,15,22,21,81],[0, 5, 8, 17, 44, 53]]
[[5,9,11,29,55,63],[0, 5, 49, 8, 17, 53]]
[[3,9,9,25,18,75],[0, 5, 49, 8, 17, 54]]
[[4,12,13,20,24,87],[0, 5, 8, 17, 50, 53]]
[[4,8,19,24,39,89],[0, 5, 8, 17, 50, 54]]
[[5,5,14,29,20,80],[0, 5, 8, 17, 52, 51]]
[[3,7,9,35,13,61],[0, 5, 8, 17, 51, 54]]
[[6,6,15,22,21,81],[0, 5, 8, 17, 52, 54]]
[[7,7,10,23,27,100],[0, 10, 5, 40, 9, 53]]
[[7,13,7,29,22,49],[0, 10, 5, 9, 44, 53]]
[[4,12,16,24,19,78],[0, 10, 5, 49, 9, 53]]
[[4,10,13,26,34,91],[0, 10, 5, 9, 51, 53]]
[[7,7,10,23,27,100],[0, 10, 5, 52, 9, 53]]
[[5,11,14,23,45,44],[0, 10, 5, 9, 53, 54]]
[[5,11,17,15,35,71],[0, 5, 14, 17, 9, 54]]
[[5,9,11,29,55,63],[0, 5, 16, 17, 9, 53]]
[[3,9,9,25,18,75],[0, 5, 16, 17, 9, 54]]
[[6,12,12,32,11,60],[0, 5, 17, 9, 18, 53]]
[[4,8,22,12,19,104],[0, 5, 17, 9, 18, 54]]
[[7,15,7,19,22,69],[0, 5, 40, 17, 9, 53]]
[[6,10,6,26,41,64],[0, 5, 42, 17, 9, 53]]
[[5,9,17,13,45,81],[0, 5, 17, 9, 44, 54]]
[[4,10,10,26,54,88],[0, 5, 49, 17, 9, 53]]
[[4,8,10,28,24,44],[0, 5, 17, 52, 9, 51]]
[[5,9,20,17,35,78],[0, 5, 17, 9, 53, 54]]
[[5,15,8,19,35,78],[0, 10, 5, 16, 17, 54]]
[[6,10,12,22,51,40],[0, 10, 5, 52, 18, 44]]
[[5,13,8,25,40,58],[0, 10, 5, 18, 51, 53]]
[[4,12,16,24,19,78],[0, 10, 5, 40, 42, 53]]
[[5,11,14,23,35,56],[0, 10, 5, 40, 43, 53]]
[[6,10,12,18,46,64],[0, 10, 5, 40, 51, 53]]
[[4,10,16,26,24,88],[0, 10, 5, 42, 44, 53]]
[[7,7,10,23,27,100],[0, 10, 5, 42, 49, 53]]
[[7,7,13,23,47,55],[0, 10, 5, 42, 51, 53]]
[[6,12,12,16,51,30],[0, 10, 5, 42, 52, 53]]
[[6,12,12,32,11,54],[0, 10, 5, 42, 53, 54]]
[[5,13,11,21,20,109],[0, 10, 5, 43, 44, 53]]
[[6,12,12,16,31,90],[0, 10, 5, 49, 43, 53]]
[[6,12,9,32,26,57],[0, 10, 5, 43, 51, 53]]
[[7,9,7,29,42,45],[0, 10, 5, 43, 52, 53]]
[[7,11,10,31,27,32],[0, 10, 5, 43, 53, 54]]
[[6,12,9,32,26,57],[0, 10, 5, 49, 44, 53]]
[[5,9,11,21,50,57],[0, 10, 5, 50, 52, 44]]
[[6,12,12,16,31,90],[0, 10, 5, 44, 51, 53]]
[[5,13,11,21,20,109],[0, 10, 5, 49, 51, 53]]
[[6,12,12,24,21,66],[0, 10, 5, 52, 51, 53]]
[[5,11,11,23,55,35],[0, 5, 14, 16, 17, 54]]
[[6,10,12,22,46,52],[0, 5, 14, 17, 18, 54]]
[[5,9,17,21,30,69],[0, 5, 14, 40, 17, 53]]
[[5,11,17,15,30,89],[0, 5, 14, 17, 43, 54]]
[[6,12,6,32,31,66],[0, 5, 14, 49, 17, 53]]
[[5,7,14,27,35,58],[0, 5, 14, 17, 50, 54]]
[[6,12,9,20,36,75],[0, 5, 14, 17, 51, 53]]
[[7,7,13,31,32,61],[0, 5, 14, 17, 52, 53]]
[[7,13,10,25,17,46],[0, 5, 14, 17, 53, 54]]
[[4,12,10,28,39,72],[0, 5, 16, 17, 18, 54]]
[[5,5,14,29,30,74],[0, 5, 40, 16, 17, 54]]
[[6,14,12,14,31,74],[0, 5, 16, 42, 17, 54]]
[[5,5,14,25,20,50],[0, 5, 16, 17, 43, 54]]
[[5,9,8,29,45,90],[0, 5, 16, 17, 52, 44]]
[[5,13,11,29,15,67],[0, 5, 16, 17, 44, 54]]
[[5,11,17,23,30,47],[0, 5, 16, 17, 52, 54]]
[[5,7,8,31,30,82],[0, 5, 42, 17, 18, 54]]
[[6,12,12,20,16,108],[0, 5, 17, 43, 18, 54]]
[[4,12,10,24,24,72],[0, 5, 17, 50, 18, 53]]
[[5,13,14,21,30,64],[0, 5, 17, 52, 18, 51]]
[[3,11,9,31,33,65],[0, 5, 17, 18, 51, 54]]
[[6,12,12,20,16,108],[0, 5, 17, 52, 18, 53]]
[[4,10,10,26,54,88],[0, 5, 40, 42, 17, 53]]
[[5,11,11,19,30,95],[0, 5, 40, 17, 43, 53]]
[[5,11,17,19,35,59],[0, 5, 40, 17, 43, 54]]
[[5,11,17,19,35,59],[0, 5, 40, 17, 52, 44]]
[[5,11,17,15,40,59],[0, 5, 40, 17, 44, 53]]
[[6,10,6,26,41,64],[0, 5, 40, 49, 17, 53]]
[[5,9,8,25,60,54],[0, 5, 40, 17, 50, 53]]
[[4,8,19,24,39,89],[0, 5, 40, 17, 51, 54]]
[[4,12,10,24,24,72],[0, 5, 42, 17, 43, 53]]
[[4,10,10,30,24,94],[0, 5, 42, 17, 52, 44]]
[[4,8,10,28,24,44],[0, 5, 42, 17, 44, 54]]
[[7,15,7,19,22,69],[0, 5, 42, 49, 17, 53]]
[[6,12,12,20,16,108],[0, 5, 42, 17, 50, 54]]
[[6,10,15,22,21,79],[0, 5, 42, 17, 52, 53]]
[[6,10,9,26,46,55],[0, 5, 49, 17, 43, 53]]
[[5,7,8,31,30,82],[0, 5, 17, 43, 50, 54]]
[[6,8,12,28,11,98],[0, 5, 17, 43, 51, 53]]
[[7,13,10,13,47,34],[0, 5, 17, 43, 52, 53]]
[[7,9,10,25,47,36],[0, 5, 17, 43, 53, 54]]
[[6,8,12,28,11,98],[0, 5, 49, 17, 44, 53]]
[[5,9,8,25,30,72],[0, 5, 17, 50, 52, 44]]
[[5,9,17,17,45,63],[0, 5, 17, 50, 44, 54]]
[[6,10,9,26,46,55],[0, 5, 17, 44, 51, 53]]
[[7,9,10,25,47,36],[0, 5, 17, 52, 44, 53]]
[[7,13,10,13,47,34],[0, 5, 17, 44, 53, 54]]
[[6,16,9,16,26,67],[0, 5, 49, 17, 50, 53]]
[[6,12,9,20,41,57],[0, 5, 49, 17, 52, 53]]
[[6,16,9,16,26,67],[0, 5, 17, 50, 52, 51]]
[[4,12,19,20,19,75],[0, 5, 17, 50, 51, 54]]
[[5,13,11,29,15,67],[0, 5, 17, 50, 52, 53]]
[[5,9,17,25,35,81],[0, 5, 17, 50, 53, 54]]
[[4,10,13,34,24,73],[0, 5, 17, 52, 51, 54]]
[[5,11,8,31,35,74],[0, 7, 8, 17, 9, 53]]
[[5,9,14,17,35,108],[0, 10, 7, 8, 17, 54]]
[[3,9,9,33,23,57],[0, 14, 7, 8, 17, 54]]
[[3,9,15,21,13,111],[0, 40, 7, 8, 17, 54]]
[[6,8,18,20,46,50],[0, 7, 42, 8, 17, 53]]
[[4,8,19,20,19,89],[0, 7, 42, 8, 17, 54]]
[[5,9,17,25,20,75],[0, 7, 8, 17, 44, 53]]
[[6,8,15,32,26,59],[0, 7, 49, 8, 17, 54]]
[[5,7,20,23,35,70],[0, 7, 8, 17, 52, 54]]
[[4,10,13,14,54,55],[0, 10, 7, 43, 9, 53]]
[[4,6,13,26,34,69],[0, 10, 7, 9, 44, 53]]
[[4,6,10,30,4,60],[0, 14, 7, 17, 9, 53]]
[[4,4,16,32,34,76],[0, 14, 7, 17, 9, 54]]
[[6,8,15,32,26,59],[0, 7, 16, 17, 9, 54]]
[[4,14,10,26,44,68],[0, 40, 7, 17, 9, 53]]
[[5,9,14,25,20,84],[0, 7, 42, 17, 9, 53]]
[[4,10,10,30,34,82],[0, 7, 17, 43, 9, 54]]
[[4,8,13,28,24,53],[0, 7, 17, 9, 44, 53]]
[[6,12,12,28,16,72],[0, 7, 17, 52, 9, 53]]
[[6,6,15,30,21,87],[0, 7, 17, 9, 53, 54]]
[[4,12,16,24,24,72],[0, 10, 14, 7, 17, 54]]
[[6,14,12,18,21,80],[0, 10, 7, 16, 17, 54]]
[[5,13,14,29,15,40],[0, 10, 40, 7, 18, 53]]
[[6,12,12,28,21,60],[0, 10, 7, 49, 18, 53]]
[[6,8,15,24,31,65],[0, 10, 7, 52, 18, 51]]
[[6,10,12,30,16,82],[0, 10, 7, 18, 51, 53]]
[[5,11,11,23,35,95],[0, 10, 7, 52, 18, 54]]
[[5,9,17,21,40,75],[0, 10, 7, 18, 53, 54]]
[[6,10,6,34,26,82],[0, 10, 40, 7, 44, 53]]
[[5,15,14,19,10,84],[0, 10, 40, 7, 51, 53]]
[[6,12,12,24,31,48],[0, 10, 40, 7, 52, 53]]
[[4,10,10,34,29,76],[0, 10, 40, 7, 53, 54]]
[[7,11,10,23,22,86],[0, 10, 7, 42, 44, 53]]
[[4,8,16,28,39,50],[0, 10, 7, 42, 51, 53]]
[[6,14,9,22,21,77],[0, 10, 7, 43, 44, 53]]
[[5,13,14,13,50,52],[0, 10, 7, 43, 51, 53]]
[[5,13,14,13,50,52],[0, 10, 7, 49, 44, 53]]
[[6,10,9,26,41,61],[0, 10, 7, 50, 44, 53]]
[[6,6,12,30,56,60],[0, 10, 7, 52, 44, 53]]
[[4,8,13,20,34,107],[0, 10, 7, 44, 53, 54]]
[[5,11,14,27,30,74],[0, 10, 7, 49, 50, 53]]
[[6,14,9,22,21,77],[0, 10, 7, 49, 51, 53]]
[[5,13,14,21,20,82],[0, 10, 7, 50, 52, 51]]
[[6,14,9,22,31,59],[0, 10, 7, 50, 53, 54]]
[[7,11,10,31,27,38],[0, 10, 7, 52, 51, 53]]
[[7,13,10,17,37,40],[0, 10, 7, 51, 53, 54]]
[[6,14,9,18,26,101],[0, 14, 7, 16, 17, 53]]
[[3,7,12,31,28,64],[0, 14, 7, 17, 18, 54]]
[[5,13,11,25,45,37],[0, 14, 7, 42, 17, 54]]
[[6,14,9,26,26,47],[0, 14, 7, 17, 43, 53]]
[[4,12,16,24,24,72],[0, 14, 7, 17, 43, 54]]
[[4,10,13,34,24,73],[0, 14, 7, 17, 44, 54]]
[[4,8,19,20,19,89],[0, 14, 7, 17, 50, 54]]
[[5,9,14,17,25,108],[0, 14, 7, 17, 51, 53]]
[[4,8,10,40,14,56],[0, 14, 7, 17, 52, 54]]
[[5,11,17,19,35,59],[0, 7, 16, 17, 18, 54]]
[[6,8,18,20,46,50],[0, 40, 7, 16, 17, 53]]
[[4,8,19,20,19,89],[0, 40, 7, 16, 17, 54]]
[[3,9,15,21,13,111],[0, 7, 16, 42, 17, 54]]
[[4,8,22,12,19,104],[0, 7, 16, 17, 43, 54]]
[[5,11,8,31,35,74],[0, 7, 16, 49, 17, 53]]
[[6,12,9,36,16,57],[0, 7, 16, 17, 50, 53]]
[[4,8,10,28,24,44],[0, 7, 16, 17, 50, 54]]
[[5,9,8,25,60,54],[0, 7, 16, 17, 52, 51]]
[[5,9,8,25,30,72],[0, 7, 16, 17, 51, 53]]
[[5,13,11,29,15,67],[0, 7, 16, 17, 51, 54]]
[[6,12,12,32,11,60],[0, 7, 16, 17, 52, 54]]
[[6,16,9,16,26,67],[0, 7, 16, 17, 53, 54]]
[[5,13,20,13,20,64],[0, 40, 7, 17, 18, 53]]
[[3,13,9,29,13,73],[0, 40, 7, 17, 18, 54]]
[[5,11,8,31,40,80],[0, 7, 17, 43, 18, 53]]
[[5,7,14,27,40,88],[0, 7, 17, 52, 18, 44]]
[[3,5,12,29,18,68],[0, 7, 17, 18, 44, 54]]
[[6,14,12,14,36,44],[0, 7, 49, 17, 18, 53]]
[[5,11,17,23,25,95],[0, 7, 17, 50, 18, 54]]
[[6,12,9,20,51,39],[0, 7, 17, 52, 18, 51]]
[[6,10,15,26,26,43],[0, 7, 17, 18, 51, 54]]
[[5,7,14,19,30,76],[0, 7, 17, 18, 53, 54]]
[[6,10,9,30,16,91],[0, 40, 7, 17, 43, 53]]
[[5,9,14,25,20,84],[0, 40, 7, 49, 17, 53]]
[[4,8,22,12,19,104],[0, 40, 7, 17, 50, 54]]
[[5,11,17,15,30,89],[0, 40, 7, 17, 52, 51]]
[[5,11,17,15,35,71],[0, 40, 7, 17, 51, 53]]
[[5,11,17,15,30,89],[0, 40, 7, 17, 51, 54]]
[[4,12,16,24,24,72],[0, 40, 7, 17, 52, 54]]
[[4,12,19,28,9,81],[0, 40, 7, 17, 53, 54]]
[[5,11,17,23,25,95],[0, 7, 42, 17, 43, 54]]
[[7,11,10,23,37,44],[0, 7, 42, 17, 44, 53]]
[[4,14,10,26,44,68],[0, 7, 42, 49, 17, 53]]
[[5,11,8,31,40,80],[0, 7, 42, 17, 50, 53]]
[[4,10,10,30,34,82],[0, 7, 42, 17, 52, 51]]
[[7,11,10,23,37,44],[0, 7, 42, 17, 52, 53]]
[[5,9,14,25,25,90],[0, 7, 42, 17, 53, 54]]
[[6,12,9,24,36,69],[0, 7, 17, 43, 44, 53]]
[[4,12,10,28,39,72],[0, 7, 17, 43, 44, 54]]
[[5,9,17,25,35,51],[0, 7, 49, 17, 43, 53]]
[[5,11,17,19,35,59],[0, 7, 17, 43, 52, 51]]
[[5,11,17,19,35,59],[0, 7, 17, 43, 51, 54]]
[[6,14,9,22,26,71],[0, 7, 17, 43, 52, 53]]
[[4,10,7,30,24,79],[0, 7, 17, 43, 53, 54]]
[[5,11,17,19,35,59],[0, 7, 49, 17, 52, 44]]
[[5,11,17,19,35,59],[0, 7, 49, 17, 44, 54]]
[[5,9,17,25,35,51],[0, 7, 17, 44, 51, 53]]
[[5,11,11,31,20,65],[0, 7, 49, 17, 50, 53]]
[[5,7,8,31,30,82],[0, 7, 49, 17, 50, 54]]
[[6,12,9,24,36,69],[0, 7, 49, 17, 51, 53]]
[[4,12,10,28,39,72],[0, 7, 49, 17, 51, 54]]
[[5,15,8,27,25,66],[0, 7, 17, 50, 52, 51]]
[[5,11,11,31,30,59],[0, 7, 17, 50, 51, 53]]
[[5,11,14,31,20,68],[0, 7, 17, 50, 51, 54]]
[[6,14,9,18,26,101],[0, 7, 17, 50, 52, 54]]
[[6,14,9,18,26,101],[0, 7, 17, 50, 53, 54]]
[[7,11,13,23,27,47],[0, 7, 17, 52, 51, 53]]
[[7,11,13,23,27,47],[0, 7, 17, 51, 53, 54]]
[[4,8,13,28,39,65],[0, 7, 17, 52, 53, 54]]
[[6,10,12,22,51,40],[0, 10, 8, 43, 9, 53]]
[[6,10,12,22,51,40],[0, 10, 8, 52, 9, 44]]
[[6,8,18,20,46,50],[0, 14, 8, 17, 9, 53]]
[[4,8,19,20,19,89],[0, 14, 8, 17, 9, 54]]
[[7,11,13,23,27,47],[0, 8, 17, 9, 18, 53]]
[[6,14,9,18,26,101],[0, 40, 8, 17, 9, 53]]
[[3,9,9,33,23,57],[0, 42, 8, 17, 9, 54]]
[[6,12,12,28,21,66],[0, 8, 17, 43, 9, 53]]
[[6,14,9,18,26,101],[0, 8, 17, 52, 9, 44]]
[[4,8,22,12,19,104],[0, 8, 17, 9, 44, 54]]
[[6,14,9,18,41,53],[0, 8, 17, 50, 9, 53]]
[[5,11,11,31,30,59],[0, 8, 17, 52, 9, 51]]
[[5,5,14,25,20,50],[0, 8, 17, 9, 51, 54]]
[[6,12,12,16,46,42],[0, 10, 14, 8, 17, 54]]
[[6,10,18,22,21,46],[0, 10, 16, 8, 17, 53]]
[[5,11,17,19,25,83],[0, 10, 40, 8, 18, 53]]
[[6,12,6,32,31,60],[0, 10, 49, 8, 18, 53]]
[[5,7,14,27,35,70],[0, 10, 8, 50, 18, 53]]
[[6,10,9,30,46,43],[0, 10, 8, 18, 51, 53]]
[[4,8,16,28,29,68],[0, 10, 40, 8, 50, 53]]
[[5,13,14,21,20,82],[0, 10, 40, 8, 52, 51]]
[[5,11,11,23,35,83],[0, 10, 40, 8, 51, 53]]
[[5,7,14,27,35,70],[0, 10, 42, 8, 43, 53]]
[[5,9,14,17,40,90],[0, 10, 42, 8, 52, 44]]
[[5,13,8,25,45,58],[0, 10, 42, 8, 44, 53]]
[[6,10,9,26,41,61],[0, 10, 8, 43, 52, 44]]
[[5,11,14,23,25,80],[0, 10, 8, 43, 51, 53]]
[[6,10,12,30,16,82],[0, 10, 8, 43, 52, 54]]
[[5,11,14,23,25,80],[0, 10, 49, 8, 44, 53]]
[[4,6,16,18,29,66],[0, 10, 8, 50, 44, 53]]
[[6,10,9,26,41,61],[0, 10, 8, 44, 53, 54]]
[[6,10,9,26,41,61],[0, 10, 49, 8, 52, 51]]
[[5,11,11,23,35,95],[0, 10, 49, 8, 53, 54]]
[[7,9,16,21,27,54],[0, 10, 8, 50, 51, 53]]
[[6,12,9,16,51,57],[0, 10, 8, 50, 52, 53]]
[[6,10,6,30,31,70],[0, 10, 8, 50, 53, 54]]
[[5,11,11,23,35,83],[0, 10, 8, 51, 53, 54]]
[[4,14,10,26,44,68],[0, 14, 16, 8, 17, 53]]
[[6,8,15,32,26,59],[0, 14, 40, 8, 17, 54]]
[[5,11,8,31,35,74],[0, 14, 42, 8, 17, 53]]
[[6,10,15,18,31,55],[0, 14, 8, 17, 43, 53]]
[[6,12,12,20,16,108],[0, 14, 8, 17, 44, 54]]
[[3,9,15,21,13,111],[0, 14, 49, 8, 17, 54]]
[[6,10,15,18,31,55],[0, 14, 8, 17, 52, 54]]
[[5,11,11,23,25,95],[0, 16, 8, 17, 18, 54]]
[[4,6,10,30,4,60],[0, 40, 16, 8, 17, 53]]
[[4,4,16,32,34,76],[0, 40, 16, 8, 17, 54]]
[[4,8,10,32,24,44],[0, 16, 8, 17, 44, 53]]
[[5,13,11,25,45,37],[0, 16, 49, 8, 17, 54]]
[[6,8,15,32,26,59],[0, 16, 8, 17, 50, 54]]
[[7,9,10,25,17,108],[0, 16, 8, 17, 51, 53]]
[[5,11,17,15,35,71],[0, 16, 8, 17, 51, 54]]
[[6,12,12,28,21,60],[0, 16, 8, 17, 52, 53]]
[[6,12,15,24,16,51],[0, 16, 8, 17, 53, 54]]
[[5,11,17,23,25,95],[0, 40, 8, 17, 18, 54]]
[[5,9,14,25,25,90],[0, 8, 17, 43, 18, 53]]
[[5,11,17,23,25,95],[0, 8, 17, 52, 18, 44]]
[[6,12,12,24,41,36],[0, 49, 8, 17, 18, 53]]
[[4,10,10,30,34,82],[0, 49, 8, 17, 18, 54]]
[[5,15,8,27,25,66],[0, 8, 17, 50, 18, 53]]
[[6,12,12,28,16,72],[0, 8, 17, 18, 51, 53]]
[[3,9,9,33,23,57],[0, 40, 49, 8, 17, 54]]
[[4,8,13,28,39,65],[0, 40, 8, 17, 50, 53]]
[[5,7,14,19,30,76],[0, 40, 8, 17, 52, 51]]
[[5,9,14,29,20,84],[0, 40, 8, 17, 51, 53]]
[[3,11,12,27,28,92],[0, 40, 8, 17, 51, 54]]
[[6,10,15,26,26,43],[0, 40, 8, 17, 52, 53]]
[[6,12,9,20,51,39],[0, 40, 8, 17, 52, 54]]
[[5,15,8,27,25,66],[0, 42, 8, 17, 43, 53]]
[[5,11,11,31,20,65],[0, 42, 8, 17, 52, 44]]
[[5,15,11,23,25,51],[0, 42, 8, 17, 44, 53]]
[[5,13,11,13,50,67],[0, 42, 8, 17, 44, 54]]
[[6,14,9,18,26,101],[0, 42, 49, 8, 17, 53]]
[[5,9,14,25,25,90],[0, 42, 8, 17, 50, 53]]
[[6,12,12,28,21,66],[0, 42, 8, 17, 52, 51]]
[[4,10,16,26,19,82],[0, 42, 8, 17, 51, 54]]
[[5,7,8,31,30,82],[0, 42, 8, 17, 52, 53]]
[[5,9,14,21,45,72],[0, 42, 8, 17, 53, 54]]
[[6,14,12,14,36,44],[0, 8, 17, 43, 52, 44]]
[[6,8,15,20,36,59],[0, 8, 17, 43, 44, 53]]
[[6,10,12,22,46,52],[0, 8, 17, 43, 44, 54]]
[[5,13,8,25,20,88],[0, 8, 17, 43, 52, 51]]
[[5,13,8,25,20,88],[0, 49, 8, 17, 52, 44]]
[[4,8,10,40,14,56],[0, 8, 17, 50, 52, 44]]
[[4,12,16,24,24,72],[0, 8, 17, 50, 44, 54]]
[[5,11,17,19,35,59],[0, 49, 8, 17, 50, 54]]
[[6,14,12,14,36,44],[0, 49, 8, 17, 52, 51]]
[[6,8,15,20,36,59],[0, 49, 8, 17, 51, 53]]
[[6,10,12,22,46,52],[0, 49, 8, 17, 51, 54]]
[[5,11,8,31,40,80],[0, 49, 8, 17, 52, 54]]
[[5,9,17,25,35,57],[0, 49, 8, 17, 53, 54]]
[[7,13,13,17,17,55],[0, 8, 17, 50, 51, 53]]
[[5,11,17,15,30,89],[0, 8, 17, 50, 51, 54]]
[[6,12,9,20,31,81],[0, 8, 17, 50, 52, 53]]
[[5,13,20,13,20,64],[0, 8, 17, 52, 51, 54]]
[[5,7,14,27,40,88],[0, 8, 17, 51, 53, 54]]
[[7,11,10,23,22,86],[0, 10, 14, 9, 44, 53]]
[[4,8,16,28,39,50],[0, 10, 14, 9, 51, 53]]
[[6,12,6,32,31,60],[0, 10, 16, 9, 18, 53]]
[[5,11,14,23,25,80],[0, 10, 16, 9, 44, 53]]
[[6,10,12,30,16,82],[0, 10, 16, 49, 9, 53]]
[[6,10,9,26,41,61],[0, 10, 16, 52, 9, 51]]
[[5,11,11,23,35,95],[0, 10, 16, 9, 53, 54]]
[[7,11,13,19,32,47],[0, 10, 40, 17, 9, 53]]
[[5,11,17,15,35,71],[0, 10, 40, 17, 9, 54]]
[[4,12,16,24,24,72],[0, 10, 42, 17, 9, 54]]
[[6,10,18,22,21,46],[0, 10, 49, 17, 9, 53]]
[[5,13,14,21,30,64],[0, 10, 17, 50, 9, 54]]
[[4,12,10,24,44,84],[0, 10, 17, 52, 9, 51]]
[[6,8,12,24,31,80],[0, 10, 17, 9, 51, 53]]
[[5,17,11,17,25,53],[0, 10, 17, 52, 9, 54]]
[[7,13,7,17,42,67],[0, 10, 17, 9, 53, 54]]
[[3,9,15,21,13,111],[0, 14, 16, 17, 9, 54]]
[[6,12,9,20,31,81],[0, 14, 42, 17, 9, 53]]
[[4,8,10,40,14,56],[0, 14, 42, 17, 9, 54]]
[[5,11,17,23,25,95],[0, 14, 17, 43, 9, 54]]
[[7,11,10,23,37,44],[0, 14, 17, 9, 44, 53]]
[[4,14,10,26,44,68],[0, 14, 49, 17, 9, 53]]
[[5,11,8,31,40,80],[0, 14, 17, 50, 9, 53]]
[[4,10,10,30,34,82],[0, 14, 17, 52, 9, 51]]
[[7,11,10,23,37,44],[0, 14, 17, 52, 9, 53]]
[[5,9,14,25,25,90],[0, 14, 17, 9, 53, 54]]
[[6,12,12,24,41,36],[0, 16, 17, 9, 18, 53]]
[[4,10,10,30,34,82],[0, 16, 17, 9, 18, 54]]
[[3,9,9,33,23,57],[0, 40, 16, 17, 9, 54]]
[[6,14,9,18,26,101],[0, 16, 42, 17, 9, 53]]
[[5,13,8,25,20,88],[0, 16, 17, 52, 9, 44]]
[[6,12,9,20,51,39],[0, 16, 49, 17, 9, 53]]
[[6,10,15,26,26,43],[0, 16, 49, 17, 9, 54]]
[[5,11,17,19,35,59],[0, 16, 17, 50, 9, 54]]
[[6,14,12,14,36,44],[0, 16, 17, 52, 9, 51]]
[[6,8,15,20,36,59],[0, 16, 17, 9, 51, 53]]
[[6,10,12,22,46,52],[0, 16, 17, 9, 51, 54]]
[[5,11,8,31,40,80],[0, 16, 17, 52, 9, 54]]
[[5,9,17,25,35,57],[0, 16, 17, 9, 53, 54]]
[[3,7,12,31,28,64],[0, 42, 17, 9, 18, 54]]
[[4,8,19,20,19,89],[0, 17, 43, 9, 18, 54]]
[[6,10,12,30,36,58],[0, 17, 9, 18, 44, 53]]
[[5,11,11,23,25,95],[0, 49, 17, 9, 18, 54]]
[[6,14,9,26,26,47],[0, 17, 50, 9, 18, 53]]
[[4,12,16,24,24,72],[0, 17, 50, 9, 18, 54]]
[[5,11,8,23,50,56],[0, 17, 52, 9, 18, 51]]
[[5,15,8,19,35,78],[0, 17, 9, 18, 51, 53]]
[[5,17,5,25,25,65],[0, 17, 9, 18, 51, 54]]
[[6,14,12,18,21,80],[0, 17, 9, 18, 53, 54]]
[[4,6,10,30,4,60],[0, 40, 49, 17, 9, 53]]
[[4,4,16,32,34,76],[0, 40, 49, 17, 9, 54]]
[[5,9,14,33,20,60],[0, 40, 17, 50, 9, 53]]
[[3,11,9,31,33,65],[0, 40, 17, 50, 9, 54]]
[[4,4,16,32,34,76],[0, 40, 17, 52, 9, 51]]
[[4,10,16,26,29,76],[0, 40, 17, 9, 51, 53]]
[[7,9,10,25,17,108],[0, 40, 17, 52, 9, 53]]
[[5,11,17,15,35,71],[0, 40, 17, 52, 9, 54]]
[[6,14,9,26,26,47],[0, 42, 17, 43, 9, 53]]
[[4,12,16,24,24,72],[0, 42, 17, 43, 9, 54]]
[[4,10,13,34,24,73],[0, 42, 17, 9, 44, 54]]
