[ 1, 5, 14, 43, 52, 9, 44, 51, 53, 54 ],1
[ 0, 5, 14, 16, 8, 17, 52, 18, 44, 51, 54 ],1
[ 1, 7, 50, 52, 54 ],1
[ 1, 7, 52, 51, 54 ],1
[ 1, 7, 52, 53, 54 ],1
[ 1, 8, 50, 52, 54 ],1
[ 1, 8, 52, 51, 54 ],1
[ 1, 8, 52, 53, 54 ],1
[ 1, 50, 52, 53, 54 ],1
[ 1, 10, 52, 51, 54 ],1
[ 1, 10, 52, 53, 54 ],1
[ 1, 17, 50, 52, 54 ],1
[ 0, 5, 7, 16, 42, 17, 43, 52, 9, 18, 53, 54 ],1
[ 1, 17, 52, 51, 54 ],1
[ 1, 17, 52, 53, 54 ],1
[ 0, 5, 40, 8, 17, 52, 9, 44, 51, 53, 54 ],1
[ 1, 52, 18, 51, 54 ],1
[ 1, 52, 18, 53, 54 ],1
[ 0, 1, 5, 14, 40, 49, 43, 52, 9, 18, 51, 53, 54 ],1
[ 1, 43, 52, 51, 54 ],1
[ 1, 43, 52, 53, 54 ],1
[ 10, 5, 50, 52, 54 ],1
[ 0, 5, 16, 42, 8, 17, 50, 52, 9, 18, 54 ],1
[ 1, 52, 51, 54 ],1
[ 0, 5, 16, 42, 8, 17, 52, 9, 18, 51, 54 ],1
[ 1, 10, 5, 14, 16, 8, 43, 52, 44, 51, 54 ],1
[ 0, 5, 16, 42, 8, 17, 52, 9, 18, 53, 54 ],1
[ 0, 5, 16, 8, 17, 43, 50, 52, 9, 18, 54 ],1
[ 0, 5, 16, 8, 17, 43, 52, 9, 18, 51, 54 ],1
[ 0, 5, 16, 8, 17, 50, 52, 9, 18, 53, 54 ],1
[ 0, 1, 10, 5, 14, 40, 8, 50, 52, 51, 53, 54 ],1
[ 0, 5, 40, 16, 8, 17, 52, 9, 44, 51, 54 ],1
[ 0, 5, 16, 8, 17, 43, 50, 52, 9, 53, 54 ],1
[ 0, 5, 16, 8, 17, 43, 52, 9, 51, 53, 54 ],1
[ 1, 10, 14, 8, 17, 50, 52, 44, 51, 53, 54 ],1
[ 0, 5, 40, 42, 8, 17, 50, 52, 9, 18, 54 ],1
[ 0, 5, 40, 42, 8, 17, 52, 9, 18, 51, 54 ],1
[ 0, 5, 40, 42, 8, 17, 52, 9, 18, 53, 54 ],1
[ 0, 5, 40, 8, 17, 43, 50, 52, 9, 18, 54 ],1
[ 0, 5, 40, 8, 17, 43, 52, 9, 18, 51, 54 ],1
[ 0, 5, 40, 8, 17, 43, 52, 9, 18, 53, 54 ],1
[ 0, 5, 40, 8, 17, 50, 52, 9, 18, 53, 54 ],1
[ 0, 5, 40, 8, 17, 52, 9, 18, 51, 53, 54 ],1
[ 0, 5, 42, 8, 17, 43, 50, 52, 9, 18, 54 ],1
[ 0, 5, 42, 8, 17, 43, 52, 9, 18, 51, 54 ],1
[ 0, 5, 42, 8, 17, 43, 52, 9, 18, 53, 54 ],1
[ 0, 5, 42, 8, 17, 50, 52, 9, 18, 44, 54 ],1
[ 0, 5, 42, 8, 17, 52, 9, 18, 44, 51, 54 ],1
[ 0, 5, 42, 8, 17, 52, 9, 18, 44, 53, 54 ],1
[ 0, 5, 42, 8, 17, 50, 52, 9, 18, 53, 54 ],1
[ 1, 14, 16, 52, 18, 51, 54 ],1
[ 1, 16, 49, 8, 43, 50, 52, 18, 53, 54 ],1
[ 0, 5, 8, 17, 43, 50, 52, 9, 18, 44, 54 ],1
[ 1, 5, 14, 8, 17, 50, 52, 9, 18, 53, 54 ],1
[ 0, 5, 8, 17, 43, 52, 9, 18, 44, 51, 54 ],1
[ 0, 5, 8, 17, 43, 52, 9, 18, 44, 53, 54 ],1
[ 0, 5, 49, 8, 17, 43, 50, 52, 9, 18, 54 ],1
[ 1, 10, 5, 7, 43, 52, 44, 51, 53, 54 ],1
[ 0, 5, 49, 8, 17, 43, 52, 9, 18, 53, 54 ],1
[ 0, 5, 8, 17, 43, 50, 52, 9, 18, 53, 54 ],1
[ 0, 5, 8, 17, 43, 52, 9, 18, 51, 53, 54 ],1
[ 0, 5, 8, 17, 50, 52, 9, 18, 44, 53, 54 ],1
[ 0, 5, 8, 17, 52, 9, 18, 44, 51, 53, 54 ],1
