[[1, 5, 7], [2, 4], [3, 5], [6, 7]]
[[3,7,12,15,13,76],[0, 4, 5, 7, 42, 8, 53]]
[[4,8,4,24,59,68],[0, 4, 5, 7, 49, 8, 53]]
[[3,7,18,27,38,70],[0, 4, 5, 7, 8, 50, 54]]
[[3,9,18,13,28,66],[0, 4, 5, 7, 8, 51, 53]]
[[2,8,2,16,37,68],[0, 4, 5, 7, 52, 9, 51]]
[[3,7,18,27,43,64],[0, 4, 34, 5, 7, 50, 54]]
[[3,13,15,29,18,85],[0, 4, 5, 35, 7, 37, 53]]
[[4,8,4,24,59,68],[0, 4, 5, 35, 7, 42, 53]]
[[3,7,12,15,13,76],[0, 4, 5, 35, 7, 49, 53]]
[[2,10,11,18,27,61],[0, 4, 5, 35, 7, 50, 54]]
[[2,6,17,26,27,81],[0, 4, 5, 35, 7, 52, 51]]
[[2,4,8,8,27,106],[0, 4, 5, 35, 7, 51, 53]]
[[3,7,9,15,28,109],[0, 4, 5, 7, 37, 39, 53]]
[[2,2,17,18,32,107],[0, 4, 5, 7, 37, 52, 44]]
[[2,2,17,18,32,89],[0, 4, 5, 7, 37, 44, 53]]
[[4,8,13,16,34,41],[0, 4, 5, 7, 37, 52, 53]]
[[3,3,15,7,33,75],[0, 4, 5, 7, 37, 53, 54]]
[[4,6,19,26,34,81],[0, 4, 5, 7, 38, 50, 53]]
[[3,3,6,15,28,54],[0, 4, 5, 7, 38, 52, 51]]
[[3,7,6,31,38,82],[0, 4, 5, 7, 38, 51, 53]]
[[3,5,15,25,33,125],[0, 4, 5, 7, 50, 39, 53]]
[[2,2,14,10,32,92],[0, 4, 5, 7, 50, 39, 54]]
[[2,4,11,28,27,91],[0, 4, 5, 7, 52, 39, 51]]
[[2,12,8,24,27,72],[0, 4, 5, 40, 7, 50, 54]]
[[4,4,16,20,44,100],[0, 4, 5, 7, 42, 43, 53]]
[[3,3,6,15,28,54],[0, 4, 5, 7, 42, 52, 44]]
[[3,7,6,31,38,82],[0, 4, 5, 7, 42, 44, 53]]
[[3,5,12,21,38,50],[0, 4, 5, 7, 42, 52, 53]]
[[2,8,8,36,32,68],[0, 4, 5, 7, 42, 53, 54]]
[[3,9,21,25,18,87],[0, 4, 5, 7, 49, 43, 53]]
[[3,7,18,19,13,94],[0, 4, 5, 7, 43, 50, 53]]
[[2,6,20,26,22,96],[0, 4, 5, 7, 43, 50, 54]]
[[2,4,17,12,17,55],[0, 4, 5, 7, 43, 52, 51]]
[[2,2,17,18,27,101],[0, 4, 5, 7, 43, 51, 53]]
[[2,4,17,16,32,85],[0, 4, 5, 7, 50, 52, 44]]
[[2,4,20,20,32,94],[0, 4, 5, 7, 50, 44, 53]]
[[1,5,16,25,11,50],[0, 4, 5, 7, 50, 44, 54]]
[[3,5,9,37,33,65],[0, 4, 5, 7, 52, 51, 53]]
[[4,10,16,22,34,58],[0, 4, 5, 7, 51, 53, 54]]
[[3,5,9,21,38,89],[0, 4, 34, 5, 8, 9, 53]]
[[3,3,18,11,38,114],[0, 4, 5, 8, 38, 9, 53]]
[[4,8,16,36,29,68],[0, 4, 5, 8, 9, 39, 53]]
[[2,6,14,30,22,108],[0, 4, 5, 40, 8, 9, 53]]
[[2,4,20,28,32,106],[0, 4, 5, 8, 43, 9, 53]]
[[3,5,18,21,38,68],[0, 4, 5, 8, 9, 44, 53]]
[[3,5,18,13,38,116],[0, 4, 5, 8, 52, 9, 53]]
[[4,6,13,26,24,75],[0, 4, 5, 8, 9, 53, 54]]
[[4,6,16,26,34,78],[0, 4, 34, 5, 8, 38, 53]]
[[3,5,15,21,23,95],[0, 4, 34, 5, 8, 39, 53]]
[[3,7,12,15,13,76],[0, 4, 34, 5, 40, 8, 53]]
[[3,9,6,17,48,84],[0, 4, 34, 5, 8, 43, 53]]
[[2,2,5,18,37,53],[0, 4, 34, 5, 8, 52, 44]]
[[2,4,17,24,37,79],[0, 4, 34, 5, 8, 44, 53]]
[[3,9,9,13,58,51],[0, 4, 5, 35, 8, 38, 53]]
[[2,2,14,10,22,98],[0, 4, 5, 35, 8, 39, 53]]
[[2,4,11,12,27,97],[0, 4, 5, 35, 8, 53, 54]]
[[4,10,10,38,24,52],[0, 4, 5, 37, 49, 8, 53]]
[[4,8,4,20,29,68],[0, 4, 5, 37, 8, 50, 53]]
[[3,7,12,19,18,106],[0, 4, 5, 37, 8, 52, 51]]
[[3,7,15,27,38,91],[0, 4, 5, 37, 8, 51, 53]]
[[3,5,12,13,23,50],[0, 4, 5, 8, 38, 39, 53]]
[[3,7,15,27,43,73],[0, 4, 5, 40, 8, 38, 53]]
[[2,6,8,22,32,90],[0, 4, 5, 8, 38, 44, 53]]
[[4,6,25,14,44,93],[0, 4, 5, 8, 38, 52, 53]]
[[3,5,18,13,23,122],[0, 4, 5, 8, 38, 53, 54]]
[[2,4,5,20,17,85],[0, 4, 5, 40, 8, 39, 53]]
[[2,6,11,22,22,111],[0, 4, 5, 8, 43, 39, 53]]
[[3,5,12,9,33,74],[0, 4, 5, 8, 39, 44, 53]]
[[3,5,21,17,38,107],[0, 4, 5, 8, 52, 39, 53]]
[[2,6,11,14,22,75],[0, 4, 5, 8, 52, 39, 54]]
[[4,10,19,18,19,103],[0, 4, 5, 8, 39, 53, 54]]
[[4,8,16,20,34,86],[0, 4, 5, 40, 8, 43, 53]]
[[3,7,12,19,53,70],[0, 4, 5, 40, 8, 44, 53]]
[[3,7,12,15,43,88],[0, 4, 5, 40, 8, 52, 53]]
[[3,9,12,21,48,54],[0, 4, 5, 42, 49, 8, 53]]
[[3,5,3,13,18,107],[0, 4, 5, 42, 8, 50, 53]]
[[2,4,8,24,42,76],[0, 4, 5, 42, 8, 50, 54]]
[[2,6,8,22,32,90],[0, 4, 5, 42, 8, 51, 53]]
[[3,9,18,29,13,96],[0, 4, 5, 8, 43, 52, 53]]
[[2,2,14,18,27,116],[0, 4, 5, 8, 43, 53, 54]]
[[2,4,11,24,32,67],[0, 4, 5, 8, 52, 44, 53]]
[[3,5,12,45,43,62],[0, 4, 5, 8, 44, 53, 54]]
[[3,9,12,13,18,78],[0, 4, 5, 49, 8, 50, 54]]
[[3,11,12,23,43,92],[0, 4, 5, 49, 8, 52, 51]]
[[3,7,24,19,28,88],[0, 4, 5, 49, 8, 51, 53]]
[[3,9,9,25,38,87],[0, 4, 5, 8, 50, 51, 53]]
[[2,4,14,12,27,52],[0, 4, 34, 5, 35, 9, 53]]
[[3,5,15,21,48,53],[0, 4, 34, 5, 38, 9, 53]]
[[4,6,13,22,49,69],[0, 4, 34, 5, 9, 39, 53]]
[[2,4,5,24,32,67],[0, 4, 34, 5, 43, 9, 53]]
[[1,3,10,7,26,48],[0, 4, 34, 5, 52, 9, 44]]
[[3,5,21,25,43,71],[0, 4, 34, 5, 9, 44, 53]]
[[3,7,15,35,38,79],[0, 4, 34, 5, 52, 9, 53]]
[[4,6,19,14,39,81],[0, 4, 34, 5, 9, 53, 54]]
[[2,2,14,22,42,98],[0, 4, 5, 35, 38, 9, 53]]
[[3,9,12,29,33,96],[0, 4, 5, 35, 9, 39, 53]]
[[3,7,21,23,28,109],[0, 4, 5, 35, 40, 9, 53]]
[[3,5,15,21,48,71],[0, 4, 5, 35, 43, 9, 53]]
[[4,10,10,30,19,82],[0, 4, 5, 35, 9, 44, 53]]
[[2,4,5,12,27,85],[0, 4, 5, 37, 50, 9, 54]]
[[2,6,11,30,47,63],[0, 4, 5, 37, 52, 9, 51]]
[[2,6,17,26,57,57],[0, 4, 5, 40, 38, 9, 53]]
[[2,4,17,12,22,85],[0, 4, 5, 38, 43, 9, 53]]
[[1,3,16,27,11,108],[0, 4, 5, 38, 52, 9, 44]]
[[3,7,24,19,23,82],[0, 4, 5, 38, 52, 9, 53]]
[[2,6,14,22,22,102],[0, 4, 5, 38, 52, 9, 54]]
[[4,10,13,14,44,73],[0, 4, 5, 38, 9, 53, 54]]
[[3,5,9,17,33,137],[0, 4, 5, 40, 9, 39, 53]]
[[2,4,8,16,12,88],[0, 4, 5, 52, 9, 39, 44]]
[[2,4,20,20,32,94],[0, 4, 5, 9, 39, 44, 53]]
[[4,8,28,12,24,74],[0, 4, 5, 52, 9, 39, 53]]
[[3,5,18,9,23,98],[0, 4, 5, 52, 9, 39, 54]]
[[3,5,24,13,18,80],[0, 4, 5, 9, 39, 53, 54]]
[[3,7,12,39,28,88],[0, 4, 5, 40, 43, 9, 53]]
[[2,8,11,28,47,83],[0, 4, 5, 40, 52, 9, 44]]
[[4,12,10,24,24,90],[0, 4, 5, 40, 9, 44, 53]]
[[2,4,14,24,32,94],[0, 4, 5, 40, 52, 9, 53]]
[[3,5,15,17,28,107],[0, 4, 5, 40, 9, 53, 54]]
[[1,7,7,23,11,91],[0, 4, 5, 42, 50, 9, 54]]
[[1,3,16,27,11,108],[0, 4, 5, 42, 52, 9, 51]]
[[4,10,16,26,19,106],[0, 4, 5, 43, 9, 44, 53]]
[[2,2,14,18,32,86],[0, 4, 5, 43, 52, 9, 53]]
[[1,5,4,9,41,62],[0, 4, 5, 43, 52, 9, 54]]
[[3,7,15,27,38,91],[0, 4, 5, 43, 9, 53, 54]]
[[3,3,18,23,43,78],[0, 4, 5, 52, 9, 44, 53]]
[[2,4,17,20,17,79],[0, 4, 5, 52, 9, 44, 54]]
[[2,4,14,12,22,58],[0, 4, 5, 9, 44, 53, 54]]
[[2,6,14,34,27,102],[0, 4, 5, 50, 52, 9, 51]]
[[3,5,3,13,58,77],[0, 4, 34, 5, 35, 38, 53]]
[[2,6,8,22,47,66],[0, 4, 34, 5, 35, 39, 53]]
[[4,8,4,24,59,68],[0, 4, 34, 5, 35, 40, 53]]
[[3,7,15,31,43,79],[0, 4, 34, 5, 35, 52, 44]]
[[3,7,6,19,33,76],[0, 4, 34, 5, 35, 52, 53]]
[[2,2,23,18,37,101],[0, 4, 34, 5, 35, 53, 54]]
[[3,7,12,11,28,58],[0, 4, 34, 5, 37, 50, 54]]
[[3,5,12,25,48,80],[0, 4, 34, 5, 37, 52, 51]]
[[3,5,21,13,23,83],[0, 4, 34, 5, 38, 39, 53]]
[[3,11,6,27,53,98],[0, 4, 34, 5, 38, 43, 53]]
[[3,3,18,11,33,60],[0, 4, 34, 5, 38, 52, 54]]
[[3,7,24,23,38,64],[0, 4, 34, 5, 38, 53, 54]]
[[1,7,16,39,21,88],[0, 4, 34, 5, 52, 39, 44]]
[[3,11,15,19,23,83],[0, 4, 34, 5, 39, 44, 53]]
[[3,5,15,17,38,53],[0, 4, 34, 5, 52, 39, 53]]
[[2,4,17,28,47,79],[0, 4, 34, 5, 52, 39, 54]]
[[4,4,19,12,44,73],[0, 4, 34, 5, 39, 53, 54]]
[[4,4,16,20,44,100],[0, 4, 34, 5, 40, 43, 53]]
[[3,3,6,15,28,54],[0, 4, 34, 5, 40, 52, 44]]
[[3,7,6,31,38,82],[0, 4, 34, 5, 40, 44, 53]]
[[3,5,12,21,38,50],[0, 4, 34, 5, 40, 52, 53]]
[[2,8,8,36,32,68],[0, 4, 34, 5, 40, 53, 54]]
[[2,12,8,24,27,72],[0, 4, 34, 5, 42, 50, 54]]
[[3,7,15,19,18,121],[0, 4, 34, 5, 43, 52, 53]]
[[2,4,29,28,27,79],[0, 4, 34, 5, 43, 52, 54]]
[[2,2,26,18,32,80],[0, 4, 34, 5, 43, 53, 54]]
[[2,2,20,10,22,98],[0, 4, 34, 5, 52, 44, 53]]
[[1,1,19,21,16,67],[0, 4, 34, 5, 52, 44, 54]]
[[3,5,24,17,33,104],[0, 4, 34, 5, 44, 53, 54]]
[[3,7,12,19,28,94],[0, 4, 34, 5, 49, 52, 51]]
[[4,10,10,38,24,52],[0, 4, 5, 35, 37, 42, 53]]
[[3,9,12,17,43,78],[0, 4, 5, 35, 37, 50, 53]]
[[2,4,17,20,7,91],[0, 4, 5, 35, 37, 51, 53]]
[[2,6,8,14,32,66],[0, 4, 5, 35, 38, 39, 53]]
[[4,4,16,16,54,106],[0, 4, 5, 35, 40, 38, 53]]
[[4,10,16,22,24,94],[0, 4, 5, 35, 38, 43, 53]]
[[3,11,12,23,43,92],[0, 4, 5, 35, 38, 52, 44]]
[[3,7,24,19,28,88],[0, 4, 5, 35, 38, 44, 53]]
[[3,7,9,11,43,85],[0, 4, 5, 35, 38, 52, 53]]
[[2,2,32,22,42,56],[0, 4, 5, 35, 38, 53, 54]]
[[3,9,18,21,18,102],[0, 4, 5, 35, 43, 39, 53]]
[[4,12,10,16,44,84],[0, 4, 5, 35, 39, 44, 53]]
[[2,4,11,16,17,133],[0, 4, 5, 35, 52, 39, 53]]
[[1,1,19,25,21,91],[0, 4, 5, 35, 52, 39, 54]]
[[2,6,14,22,12,90],[0, 4, 5, 35, 40, 52, 44]]
[[2,2,11,18,27,101],[0, 4, 5, 35, 40, 44, 53]]
[[4,6,25,10,39,81],[0, 4, 5, 35, 40, 52, 53]]
[[3,9,12,13,18,78],[0, 4, 5, 35, 42, 50, 54]]
[[3,11,12,23,43,92],[0, 4, 5, 35, 42, 52, 51]]
[[3,7,24,19,28,88],[0, 4, 5, 35, 42, 51, 53]]
[[2,4,14,16,12,76],[0, 4, 5, 35, 43, 44, 53]]
[[3,3,24,11,43,84],[0, 4, 5, 35, 43, 52, 54]]
[[2,4,20,24,22,100],[0, 4, 5, 35, 52, 44, 54]]
[[3,5,3,13,18,107],[0, 4, 5, 35, 49, 50, 53]]
[[2,4,8,24,42,76],[0, 4, 5, 35, 49, 50, 54]]
[[2,6,8,22,32,90],[0, 4, 5, 35, 49, 51, 53]]
[[2,4,14,16,32,64],[0, 4, 5, 35, 50, 52, 51]]
[[2,4,17,24,22,109],[0, 4, 5, 35, 50, 51, 53]]
[[1,5,10,25,61,74],[0, 4, 5, 35, 50, 51, 54]]
[[0,4,12,16,45,64],[0, 4, 5, 35, 52, 53, 54]]
[[3,3,12,11,28,66],[0, 4, 5, 37, 42, 38, 53]]
[[4,8,16,12,24,92],[0, 4, 5, 37, 49, 38, 53]]
[[3,3,6,39,33,72],[0, 4, 5, 37, 38, 50, 54]]
[[3,7,18,27,23,88],[0, 4, 5, 37, 38, 51, 53]]
[[2,4,11,28,47,73],[0, 4, 5, 37, 42, 39, 53]]
[[3,7,12,39,28,88],[0, 4, 5, 37, 49, 39, 53]]
[[3,7,18,23,28,100],[0, 4, 5, 37, 50, 39, 53]]
[[2,6,8,46,47,78],[0, 4, 5, 37, 52, 39, 51]]
[[2,6,11,14,47,87],[0, 4, 5, 40, 37, 50, 54]]
[[2,6,11,14,22,75],[0, 4, 5, 40, 37, 52, 51]]
[[3,7,18,27,23,88],[0, 4, 5, 37, 42, 44, 53]]
[[3,3,9,15,23,51],[0, 4, 5, 37, 42, 52, 53]]
[[2,4,11,16,22,121],[0, 4, 5, 37, 42, 53, 54]]
[[3,5,9,17,33,137],[0, 4, 5, 37, 49, 43, 53]]
[[3,5,15,33,38,83],[0, 4, 5, 37, 43, 50, 53]]
[[2,2,14,14,37,86],[0, 4, 5, 37, 43, 52, 51]]
[[2,2,14,6,12,98],[0, 4, 5, 37, 43, 51, 53]]
[[2,4,11,12,17,103],[0, 4, 5, 37, 49, 52, 44]]
[[2,2,20,10,22,98],[0, 4, 5, 37, 49, 44, 53]]
[[2,4,5,12,37,79],[0, 4, 5, 37, 50, 44, 53]]
[[1,1,16,25,36,100],[0, 4, 5, 37, 50, 44, 54]]
[[3,3,12,11,28,66],[0, 4, 5, 37, 44, 51, 53]]
[[4,6,4,18,54,66],[0, 4, 5, 37, 49, 52, 53]]
[[3,3,18,11,38,84],[0, 4, 5, 37, 49, 53, 54]]
[[3,7,9,27,33,43],[0, 4, 5, 37, 50, 53, 54]]
[[3,9,12,17,28,60],[0, 4, 5, 37, 52, 51, 53]]
[[4,8,19,28,29,65],[0, 4, 5, 37, 51, 53, 54]]
[[2,8,8,8,52,74],[0, 4, 5, 40, 38, 39, 53]]
[[1,5,7,25,31,65],[0, 4, 5, 38, 52, 39, 44]]
[[3,3,12,27,38,72],[0, 4, 5, 38, 52, 39, 53]]
[[4,6,25,10,44,99],[0, 4, 5, 38, 39, 53, 54]]
[[4,10,16,30,19,88],[0, 4, 5, 40, 38, 43, 53]]
[[2,4,8,16,37,40],[0, 4, 5, 40, 38, 52, 54]]
[[3,9,9,13,58,51],[0, 4, 5, 42, 49, 38, 53]]
[[3,7,15,35,38,79],[0, 4, 5, 42, 38, 50, 53]]
[[2,6,17,18,42,81],[0, 4, 5, 42, 38, 52, 51]]
[[2,4,14,12,22,58],[0, 4, 5, 42, 38, 51, 53]]
[[3,5,9,17,43,125],[0, 4, 5, 38, 43, 52, 44]]
[[3,5,18,13,28,74],[0, 4, 5, 38, 43, 44, 53]]
[[3,5,15,13,18,65],[0, 4, 5, 38, 43, 52, 53]]
[[2,4,23,28,32,103],[0, 4, 5, 38, 43, 53, 54]]
[[2,2,8,22,32,86],[0, 4, 5, 38, 52, 44, 53]]
[[4,6,13,14,24,57],[0, 4, 5, 49, 38, 50, 53]]
[[3,11,15,35,23,83],[0, 4, 5, 38, 50, 51, 53]]
[[2,4,11,24,52,49],[0, 4, 5, 38, 50, 51, 54]]
[[1,5,4,33,51,74],[0, 4, 5, 38, 52, 53, 54]]
[[2,10,11,18,27,61],[0, 4, 5, 40, 52, 39, 44]]
[[1,7,10,15,26,52],[0, 4, 5, 40, 52, 39, 54]]
[[2,2,14,10,22,98],[0, 4, 5, 42, 49, 39, 53]]
[[2,8,5,20,12,95],[0, 4, 5, 42, 50, 39, 53]]
[[1,5,7,25,31,65],[0, 4, 5, 42, 52, 39, 51]]
[[2,2,11,18,42,53],[0, 4, 5, 43, 52, 39, 44]]
[[4,6,7,14,39,81],[0, 4, 5, 43, 39, 44, 53]]
[[2,6,5,34,37,45],[0, 4, 5, 43, 52, 39, 53]]
[[3,7,6,15,33,52],[0, 4, 5, 43, 39, 53, 54]]
[[2,2,17,14,32,83],[0, 4, 5, 39, 44, 53, 54]]
[[2,2,23,18,37,89],[0, 4, 5, 49, 50, 39, 54]]
[[4,8,7,24,34,77],[0, 4, 5, 49, 39, 51, 53]]
[[2,6,8,34,37,84],[0, 4, 5, 50, 52, 39, 51]]
[[4,4,10,8,29,94],[0, 4, 5, 50, 39, 51, 53]]
[[2,6,11,22,47,63],[0, 4, 5, 52, 39, 53, 54]]
[[3,7,18,27,43,64],[0, 4, 5, 40, 42, 50, 54]]
[[2,6,17,18,27,69],[0, 4, 5, 40, 43, 52, 44]]
[[2,6,20,22,32,66],[0, 4, 5, 40, 43, 44, 53]]
[[4,6,22,14,44,90],[0, 4, 5, 40, 43, 52, 53]]
[[3,3,18,7,18,72],[0, 4, 5, 40, 43, 52, 54]]
[[3,5,21,25,43,71],[0, 4, 5, 40, 52, 44, 53]]
[[2,4,11,8,27,73],[0, 4, 5, 40, 52, 44, 54]]
[[4,6,19,14,54,111],[0, 4, 5, 40, 44, 53, 54]]
[[2,4,11,20,22,85],[0, 4, 5, 40, 50, 52, 51]]
[[1,5,19,33,36,77],[0, 4, 5, 40, 50, 51, 54]]
[[4,6,7,14,39,93],[0, 4, 5, 42, 43, 50, 53]]
[[3,5,12,21,28,110],[0, 4, 5, 42, 43, 50, 54]]
[[3,5,9,17,43,125],[0, 4, 5, 42, 43, 52, 51]]
[[3,5,18,13,28,74],[0, 4, 5, 42, 43, 51, 53]]
[[3,11,15,35,23,83],[0, 4, 5, 42, 50, 44, 53]]
[[2,4,11,24,52,49],[0, 4, 5, 42, 50, 44, 54]]
[[2,4,11,12,27,97],[0, 4, 5, 42, 49, 53, 54]]
[[3,3,15,11,33,99],[0, 4, 5, 42, 50, 52, 53]]
[[2,6,11,14,22,99],[0, 4, 5, 42, 50, 53, 54]]
[[2,2,8,22,32,86],[0, 4, 5, 42, 52, 51, 53]]
[[2,6,5,42,47,57],[0, 4, 5, 49, 43, 50, 54]]
[[2,2,23,18,32,95],[0, 4, 5, 49, 43, 52, 51]]
[[2,6,23,30,7,93],[0, 4, 5, 43, 50, 51, 53]]
[[1,7,16,27,31,64],[0, 4, 5, 43, 50, 51, 54]]
[[2,4,11,16,17,115],[0, 4, 5, 49, 50, 44, 53]]
[[1,1,13,29,41,121],[0, 4, 5, 49, 50, 44, 54]]
[[3,9,9,13,58,51],[0, 4, 5, 49, 44, 51, 53]]
[[3,7,15,35,38,79],[0, 4, 5, 50, 44, 51, 53]]
[[1,7,1,23,21,73],[0, 4, 5, 52, 44, 53, 54]]
[[4,4,19,20,49,79],[0, 4, 5, 49, 50, 52, 53]]
[[3,7,21,11,13,73],[0, 4, 5, 49, 50, 53, 54]]
[[3,3,21,7,43,105],[0, 4, 5, 49, 52, 51, 53]]
[[4,6,10,38,34,72],[0, 4, 5, 49, 51, 53, 54]]
[[3,9,15,21,23,93],[0, 4, 5, 50, 52, 51, 53]]
[[2,6,8,42,47,60],[0, 4, 7, 37, 8, 9, 53]]
[[3,5,24,25,48,74],[0, 4, 7, 42, 8, 9, 53]]
[[2,4,8,28,27,88],[0, 4, 7, 49, 8, 9, 53]]
[[2,4,17,16,32,61],[0, 4, 7, 8, 50, 9, 53]]
[[1,1,16,25,31,106],[0, 4, 7, 8, 50, 9, 54]]
[[1,3,4,11,36,54],[0, 4, 7, 8, 52, 9, 51]]
[[3,5,12,21,28,74],[0, 4, 7, 8, 9, 51, 53]]
[[4,4,10,16,39,88],[0, 4, 34, 7, 42, 8, 53]]
[[3,7,12,27,23,100],[0, 4, 34, 7, 49, 8, 53]]
[[3,5,15,13,28,65],[0, 4, 34, 7, 8, 50, 53]]
[[2,4,14,20,42,64],[0, 4, 34, 7, 8, 50, 54]]
[[2,2,23,14,27,71],[0, 4, 34, 7, 8, 52, 51]]
[[2,4,20,20,12,100],[0, 4, 34, 7, 8, 51, 53]]
[[4,4,13,16,49,103],[0, 4, 35, 7, 37, 8, 53]]
[[4,8,19,28,29,89],[0, 4, 35, 7, 49, 8, 53]]
[[3,5,6,25,28,116],[0, 4, 35, 7, 8, 51, 53]]
[[3,7,9,23,43,85],[0, 4, 7, 37, 8, 38, 53]]
[[2,2,8,22,32,86],[0, 4, 7, 37, 8, 39, 53]]
[[4,10,10,22,24,82],[0, 4, 7, 37, 8, 43, 53]]
[[3,5,9,17,28,89],[0, 4, 7, 37, 8, 44, 53]]
[[4,6,19,14,34,75],[0, 4, 7, 42, 8, 38, 53]]
[[3,5,9,13,28,65],[0, 4, 7, 49, 8, 38, 53]]
[[2,4,17,20,17,73],[0, 4, 7, 8, 38, 51, 53]]
[[2,8,20,28,27,74],[0, 4, 7, 49, 8, 39, 53]]
[[2,4,11,16,22,109],[0, 4, 7, 8, 50, 39, 53]]
[[1,3,7,23,36,81],[0, 4, 7, 8, 50, 39, 54]]
[[1,5,13,25,11,95],[0, 4, 7, 8, 52, 39, 51]]
[[3,9,15,25,18,93],[0, 4, 40, 7, 42, 8, 53]]
[[4,4,13,20,39,79],[0, 4, 40, 7, 8, 50, 53]]
[[3,3,12,15,33,84],[0, 4, 40, 7, 8, 50, 54]]
[[3,7,6,19,48,94],[0, 4, 40, 7, 8, 52, 51]]
[[2,4,17,20,17,73],[0, 4, 7, 42, 8, 44, 53]]
[[4,8,4,16,29,80],[0, 4, 7, 42, 8, 52, 53]]
[[3,5,15,17,38,77],[0, 4, 7, 42, 8, 53, 54]]
[[3,5,21,29,38,95],[0, 4, 7, 8, 43, 50, 54]]
[[3,5,18,13,28,62],[0, 4, 7, 49, 8, 52, 44]]
[[3,5,9,17,18,65],[0, 4, 7, 49, 8, 44, 53]]
[[3,7,12,31,33,76],[0, 4, 7, 8, 50, 52, 44]]
[[2,2,20,10,22,68],[0, 4, 7, 8, 50, 44, 54]]
[[4,6,19,14,34,75],[0, 4, 7, 8, 44, 51, 53]]
[[3,5,18,13,18,62],[0, 4, 7, 49, 8, 52, 53]]
[[3,11,15,15,33,65],[0, 4, 7, 8, 50, 52, 53]]
[[2,10,11,34,32,79],[0, 4, 7, 8, 50, 53, 54]]
[[2,2,11,14,27,95],[0, 4, 34, 7, 37, 9, 53]]
[[3,5,12,29,58,50],[0, 4, 34, 7, 42, 9, 53]]
[[2,6,14,26,37,78],[0, 4, 34, 7, 50, 9, 53]]
[[1,1,22,25,31,82],[0, 4, 34, 7, 50, 9, 54]]
[[1,1,19,25,21,91],[0, 4, 34, 7, 52, 9, 51]]
[[3,5,15,17,48,89],[0, 4, 35, 7, 37, 9, 53]]
[[2,4,8,28,27,88],[0, 4, 35, 7, 42, 9, 53]]
[[3,5,24,25,48,74],[0, 4, 35, 7, 49, 9, 53]]
[[3,5,12,13,43,122],[0, 4, 35, 7, 50, 9, 53]]
[[2,4,20,28,32,112],[0, 4, 35, 7, 52, 9, 51]]
[[2,2,20,14,32,86],[0, 4, 7, 37, 38, 9, 53]]
[[3,11,15,27,33,65],[0, 4, 7, 37, 9, 39, 53]]
[[3,5,9,21,28,77],[0, 4, 7, 37, 43, 9, 53]]
[[2,6,5,26,42,81],[0, 4, 7, 37, 52, 9, 44]]
[[4,10,13,22,44,79],[0, 4, 7, 37, 9, 44, 53]]
[[2,6,11,22,27,99],[0, 4, 7, 37, 52, 9, 53]]
[[2,8,8,24,22,74],[0, 4, 7, 49, 38, 9, 53]]
[[2,2,11,18,37,77],[0, 4, 7, 38, 50, 9, 53]]
[[1,3,10,23,51,72],[0, 4, 7, 38, 50, 9, 54]]
[[1,3,13,19,21,69],[0, 4, 7, 38, 52, 9, 51]]
[[3,7,15,23,18,109],[0, 4, 7, 38, 9, 51, 53]]
[[4,6,10,22,34,114],[0, 4, 7, 42, 9, 39, 53]]
[[3,7,18,23,33,118],[0, 4, 7, 50, 9, 39, 53]]
[[2,2,14,22,32,98],[0, 4, 7, 9, 39, 51, 53]]
[[2,6,14,18,27,78],[0, 4, 40, 7, 42, 9, 53]]
[[3,5,18,13,13,92],[0, 4, 40, 7, 49, 9, 53]]
[[2,4,8,16,12,100],[0, 4, 40, 7, 50, 9, 54]]
[[2,2,2,18,37,32],[0, 4, 40, 7, 52, 9, 51]]
[[2,4,17,20,27,85],[0, 4, 7, 42, 43, 9, 53]]
[[1,3,13,19,21,69],[0, 4, 7, 42, 52, 9, 44]]
[[3,7,15,23,18,109],[0, 4, 7, 42, 9, 44, 53]]
[[3,7,6,27,23,94],[0, 4, 7, 42, 52, 9, 53]]
[[4,8,7,12,59,59],[0, 4, 7, 42, 9, 53, 54]]
[[3,3,12,23,48,60],[0, 4, 7, 49, 43, 9, 53]]
[[3,5,15,21,33,71],[0, 4, 7, 43, 50, 9, 53]]
[[2,6,14,18,27,90],[0, 4, 7, 49, 52, 9, 44]]
[[4,6,16,30,44,78],[0, 4, 7, 50, 9, 44, 53]]
[[2,6,8,22,17,138],[0, 4, 7, 49, 52, 9, 53]]
[[3,11,9,23,28,77],[0, 4, 7, 49, 9, 53, 54]]
[[2,8,11,28,32,65],[0, 4, 7, 9, 51, 53, 54]]
[[3,7,12,27,23,100],[0, 4, 34, 35, 7, 42, 53]]
[[4,4,10,16,39,88],[0, 4, 34, 35, 7, 49, 53]]
[[3,5,24,17,33,86],[0, 4, 34, 35, 7, 50, 54]]
[[3,5,12,29,43,86],[0, 4, 34, 35, 7, 51, 53]]
[[3,5,18,21,28,80],[0, 4, 34, 7, 37, 38, 53]]
[[2,4,26,28,37,82],[0, 4, 34, 7, 37, 39, 53]]
[[4,8,7,24,29,77],[0, 4, 34, 40, 7, 37, 53]]
[[3,5,6,21,53,74],[0, 4, 34, 7, 37, 52, 44]]
[[3,5,6,25,33,38],[0, 4, 34, 7, 37, 44, 53]]
[[3,11,12,23,48,50],[0, 4, 34, 7, 37, 52, 53]]
[[2,6,5,42,42,69],[0, 4, 34, 7, 37, 53, 54]]
[[3,9,12,25,23,78],[0, 4, 34, 7, 49, 38, 53]]
[[2,4,8,12,7,112],[0, 4, 34, 7, 38, 52, 51]]
[[2,4,11,20,27,85],[0, 4, 34, 7, 38, 51, 53]]
[[2,4,14,16,32,82],[0, 4, 34, 7, 49, 39, 53]]
[[2,4,5,16,22,73],[0, 4, 34, 7, 50, 39, 53]]
[[1,1,22,25,31,82],[0, 4, 34, 7, 50, 39, 54]]
[[1,1,16,25,31,106],[0, 4, 34, 7, 52, 39, 51]]
[[3,9,9,21,33,75],[0, 4, 34, 40, 7, 42, 53]]
[[4,6,10,14,19,90],[0, 4, 34, 40, 7, 50, 53]]
[[3,7,3,31,33,67],[0, 4, 34, 40, 7, 50, 54]]
[[3,5,9,9,23,101],[0, 4, 34, 40, 7, 51, 53]]
[[3,3,15,27,43,75],[0, 4, 34, 7, 42, 43, 53]]
[[2,4,8,12,7,112],[0, 4, 34, 7, 42, 52, 44]]
[[2,4,11,20,27,85],[0, 4, 34, 7, 42, 44, 53]]
[[4,6,22,10,34,90],[0, 4, 34, 7, 42, 52, 53]]
[[3,9,9,25,48,63],[0, 4, 34, 7, 42, 53, 54]]
[[4,6,7,26,49,63],[0, 4, 34, 7, 49, 43, 53]]
[[3,5,6,17,43,62],[0, 4, 34, 7, 43, 50, 54]]
[[3,7,15,19,23,103],[0, 4, 34, 7, 43, 51, 53]]
[[3,7,9,15,58,85],[0, 4, 34, 7, 49, 44, 53]]
[[3,9,9,29,43,93],[0, 4, 34, 7, 50, 52, 44]]
[[2,6,11,14,27,99],[0, 4, 34, 7, 50, 44, 54]]
[[2,8,17,32,12,89],[0, 4, 34, 7, 49, 53, 54]]
[[3,7,9,23,43,49],[0, 4, 34, 7, 50, 52, 53]]
[[2,4,2,16,22,82],[0, 4, 34, 7, 50, 53, 54]]
[[2,4,11,16,22,73],[0, 4, 34, 7, 52, 51, 53]]
[[3,9,9,29,33,93],[0, 4, 34, 7, 51, 53, 54]]
[[3,3,12,19,28,42],[0, 4, 35, 7, 37, 39, 53]]
[[3,5,3,13,38,77],[0, 4, 35, 40, 7, 37, 53]]
[[3,7,9,27,23,97],[0, 4, 35, 7, 37, 43, 53]]
[[2,2,20,10,12,80],[0, 4, 35, 7, 37, 52, 44]]
[[2,2,8,14,22,98],[0, 4, 35, 7, 37, 44, 53]]
[[4,10,16,26,19,106],[0, 4, 35, 7, 37, 52, 53]]
[[3,7,15,15,18,55],[0, 4, 35, 7, 37, 53, 54]]
[[3,5,9,13,28,65],[0, 4, 35, 7, 42, 38, 53]]
[[4,6,19,14,34,75],[0, 4, 35, 7, 49, 38, 53]]
[[4,6,4,26,49,108],[0, 4, 35, 7, 38, 50, 53]]
[[3,3,21,15,38,81],[0, 4, 35, 7, 38, 50, 54]]
[[3,5,18,13,28,62],[0, 4, 35, 7, 38, 52, 51]]
[[3,5,9,17,18,65],[0, 4, 35, 7, 38, 51, 53]]
[[2,8,20,28,27,74],[0, 4, 35, 7, 42, 39, 53]]
[[3,7,3,15,48,79],[0, 4, 35, 7, 50, 39, 53]]
[[2,4,5,36,37,73],[0, 4, 35, 7, 52, 39, 51]]
[[4,4,7,24,34,85],[0, 4, 35, 7, 39, 51, 53]]
[[3,9,15,25,18,93],[0, 4, 35, 40, 7, 49, 53]]
[[2,6,5,30,27,51],[0, 4, 35, 40, 7, 50, 54]]
[[2,6,20,26,22,96],[0, 4, 35, 40, 7, 52, 51]]
[[2,2,17,6,17,77],[0, 4, 35, 40, 7, 51, 53]]
[[3,5,18,13,28,62],[0, 4, 35, 7, 42, 52, 44]]
[[3,5,9,17,18,65],[0, 4, 35, 7, 42, 44, 53]]
[[3,5,18,13,18,62],[0, 4, 35, 7, 42, 52, 53]]
[[2,6,8,22,42,90],[0, 4, 35, 7, 43, 52, 51]]
[[2,4,14,12,7,94],[0, 4, 35, 7, 43, 51, 53]]
[[2,4,17,20,17,73],[0, 4, 35, 7, 49, 44, 53]]
[[2,6,14,18,32,66],[0, 4, 35, 7, 50, 44, 53]]
[[1,5,10,25,61,74],[0, 4, 35, 7, 50, 44, 54]]
[[3,5,9,13,28,65],[0, 4, 35, 7, 44, 51, 53]]
[[4,8,4,16,29,80],[0, 4, 35, 7, 49, 52, 53]]
[[3,5,15,17,38,77],[0, 4, 35, 7, 49, 53, 54]]
[[3,7,12,11,28,88],[0, 4, 35, 7, 52, 51, 53]]
[[4,10,13,38,24,73],[0, 4, 35, 7, 51, 53, 54]]
[[2,2,8,6,17,98],[0, 4, 7, 37, 38, 39, 53]]
[[4,6,19,34,39,51],[0, 4, 40, 7, 37, 38, 53]]
[[3,9,9,17,43,99],[0, 4, 7, 37, 38, 52, 53]]
[[2,4,8,20,27,76],[0, 4, 7, 37, 38, 53, 54]]
[[3,3,12,23,48,60],[0, 4, 40, 7, 37, 39, 53]]
[[3,5,18,13,13,92],[0, 4, 7, 37, 43, 39, 53]]
[[4,8,16,16,19,92],[0, 4, 7, 37, 39, 44, 53]]
[[2,4,8,20,17,94],[0, 4, 7, 37, 52, 39, 53]]
[[1,3,16,15,21,60],[0, 4, 7, 37, 52, 39, 54]]
[[4,8,16,8,29,80],[0, 4, 40, 7, 37, 52, 53]]
[[3,5,24,25,38,92],[0, 4, 40, 7, 37, 53, 54]]
[[4,4,13,16,49,103],[0, 4, 7, 37, 42, 49, 53]]
[[2,2,14,22,37,110],[0, 4, 7, 37, 43, 44, 53]]
[[3,3,12,7,33,120],[0, 4, 7, 37, 43, 52, 54]]
[[3,3,27,11,43,69],[0, 4, 7, 37, 43, 53, 54]]
[[3,5,18,25,43,62],[0, 4, 7, 37, 52, 44, 53]]
[[2,4,8,16,42,64],[0, 4, 7, 37, 49, 50, 54]]
[[2,6,8,26,27,120],[0, 4, 7, 37, 49, 52, 51]]
[[2,4,17,16,27,115],[0, 4, 7, 37, 49, 51, 53]]
[[2,2,11,26,32,83],[0, 4, 7, 37, 50, 51, 53]]
[[1,1,22,21,21,46],[0, 4, 7, 37, 50, 51, 54]]
[[0,2,0,18,55,80],[0, 4, 7, 37, 52, 53, 54]]
[[3,5,18,25,43,56],[0, 4, 7, 42, 38, 39, 53]]
[[2,4,14,16,17,58],[0, 4, 7, 49, 38, 39, 53]]
[[2,2,17,14,22,71],[0, 4, 7, 38, 50, 39, 53]]
[[1,1,10,17,31,70],[0, 4, 7, 38, 50, 39, 54]]
[[1,5,4,25,11,86],[0, 4, 7, 38, 52, 39, 51]]
[[4,8,10,16,34,56],[0, 4, 40, 7, 49, 38, 53]]
[[4,8,10,28,19,68],[0, 4, 40, 7, 38, 50, 53]]
[[3,5,12,37,43,68],[0, 4, 40, 7, 38, 52, 51]]
[[3,7,6,35,33,70],[0, 4, 7, 42, 38, 43, 53]]
[[2,2,20,22,42,98],[0, 4, 7, 42, 38, 44, 53]]
[[3,5,18,25,33,98],[0, 4, 7, 42, 38, 53, 54]]
[[4,6,4,26,49,102],[0, 4, 7, 49, 38, 43, 53]]
[[3,9,12,17,53,78],[0, 4, 7, 38, 43, 50, 54]]
[[3,5,18,17,23,98],[0, 4, 7, 38, 43, 52, 51]]
[[3,9,18,25,8,102],[0, 4, 7, 38, 43, 51, 53]]
[[3,5,6,25,28,116],[0, 4, 7, 49, 38, 44, 53]]
[[3,7,27,23,28,61],[0, 4, 7, 38, 50, 52, 44]]
[[3,9,15,33,18,81],[0, 4, 7, 38, 50, 44, 53]]
[[2,4,20,28,27,100],[0, 4, 7, 38, 50, 44, 54]]
[[4,8,19,28,29,89],[0, 4, 7, 38, 44, 51, 53]]
[[2,2,14,10,27,68],[0, 4, 7, 49, 38, 52, 54]]
[[2,4,14,16,12,76],[0, 4, 7, 49, 38, 53, 54]]
[[3,5,24,25,38,92],[0, 4, 7, 38, 50, 52, 53]]
[[2,2,17,18,32,89],[0, 4, 7, 38, 52, 51, 53]]
[[1,1,13,13,16,79],[0, 4, 7, 38, 52, 51, 54]]
[[3,3,18,23,48,78],[0, 4, 7, 38, 51, 53, 54]]
[[2,4,8,12,27,88],[0, 4, 40, 7, 42, 39, 53]]
[[3,5,9,21,28,77],[0, 4, 40, 7, 49, 39, 53]]
[[2,2,14,22,52,74],[0, 4, 40, 7, 50, 39, 54]]
[[2,6,11,30,32,99],[0, 4, 7, 42, 43, 39, 53]]
[[1,5,4,25,11,86],[0, 4, 7, 42, 52, 39, 44]]
[[2,6,20,30,22,102],[0, 4, 7, 42, 52, 39, 54]]
[[3,5,6,17,23,92],[0, 4, 7, 43, 50, 39, 53]]
[[2,4,17,16,32,61],[0, 4, 7, 43, 50, 39, 54]]
[[2,8,8,24,32,116],[0, 4, 7, 43, 52, 39, 51]]
[[4,8,13,24,24,77],[0, 4, 7, 43, 39, 51, 53]]
[[2,6,5,30,27,51],[0, 4, 7, 49, 52, 39, 44]]
[[2,6,5,26,42,63],[0, 4, 7, 50, 52, 39, 44]]
[[4,8,10,16,29,110],[0, 4, 7, 50, 39, 44, 53]]
[[3,9,15,25,33,81],[0, 4, 7, 50, 39, 44, 54]]
[[3,5,18,25,43,56],[0, 4, 7, 39, 44, 51, 53]]
[[2,4,11,20,27,55],[0, 4, 7, 49, 52, 39, 53]]
[[3,5,12,21,33,122],[0, 4, 7, 49, 39, 53, 54]]
[[2,4,17,16,22,85],[0, 4, 7, 50, 52, 39, 53]]
[[1,1,4,25,51,70],[0, 4, 7, 50, 52, 39, 54]]
[[2,4,8,16,42,64],[0, 4, 7, 52, 39, 51, 54]]
[[2,2,14,22,32,98],[0, 4, 7, 39, 51, 53, 54]]
[[3,5,12,37,43,68],[0, 4, 40, 7, 42, 52, 44]]
[[3,7,9,23,38,85],[0, 4, 40, 7, 42, 52, 53]]
[[2,4,17,16,17,109],[0, 4, 40, 7, 42, 53, 54]]
[[3,11,15,27,33,65],[0, 4, 40, 7, 49, 43, 53]]
[[3,3,15,15,43,111],[0, 4, 40, 7, 43, 50, 53]]
[[2,6,14,22,32,114],[0, 4, 40, 7, 43, 50, 54]]
[[2,4,20,16,22,64],[0, 4, 40, 7, 43, 52, 51]]
[[2,4,20,20,27,88],[0, 4, 40, 7, 49, 44, 53]]
[[2,6,11,26,12,87],[0, 4, 40, 7, 50, 44, 53]]
[[1,3,13,23,41,75],[0, 4, 40, 7, 50, 44, 54]]
[[4,10,13,26,29,103],[0, 4, 40, 7, 50, 52, 53]]
[[3,9,21,17,18,75],[0, 4, 40, 7, 50, 53, 54]]
[[3,7,9,27,23,97],[0, 4, 40, 7, 52, 51, 53]]
[[3,5,18,17,23,98],[0, 4, 7, 42, 43, 52, 44]]
[[3,9,18,25,8,102],[0, 4, 7, 42, 43, 44, 53]]
[[3,5,6,13,43,104],[0, 4, 7, 42, 43, 52, 53]]
[[2,2,20,14,32,86],[0, 4, 7, 42, 43, 52, 54]]
[[2,6,20,30,27,102],[0, 4, 7, 42, 43, 53, 54]]
[[2,2,17,18,32,89],[0, 4, 7, 42, 52, 44, 53]]
[[1,1,13,13,16,79],[0, 4, 7, 42, 52, 44, 54]]
[[3,3,18,23,48,78],[0, 4, 7, 42, 44, 53, 54]]
[[3,5,6,25,28,116],[0, 4, 7, 42, 49, 51, 53]]
[[3,7,27,23,28,61],[0, 4, 7, 42, 50, 52, 51]]
[[3,9,15,33,18,81],[0, 4, 7, 42, 50, 51, 53]]
[[2,4,20,28,27,100],[0, 4, 7, 42, 50, 51, 54]]
[[1,7,13,27,11,67],[0, 4, 7, 42, 52, 53, 54]]
[[2,2,11,22,27,95],[0, 4, 7, 49, 43, 52, 44]]
[[2,6,26,30,17,78],[0, 4, 7, 49, 43, 44, 53]]
[[2,2,23,18,32,71],[0, 4, 7, 43, 50, 52, 44]]
[[2,2,11,26,42,83],[0, 4, 7, 43, 50, 44, 53]]
[[1,5,7,25,31,65],[0, 4, 7, 43, 50, 44, 54]]
[[3,7,6,35,33,70],[0, 4, 7, 43, 44, 51, 53]]
[[4,6,22,14,39,96],[0, 4, 7, 49, 43, 52, 53]]
[[3,7,24,19,13,94],[0, 4, 7, 49, 43, 53, 54]]
[[3,5,18,25,43,98],[0, 4, 7, 43, 50, 52, 54]]
[[3,5,18,21,38,110],[0, 4, 7, 43, 52, 51, 53]]
[[3,7,15,23,18,109],[0, 4, 7, 49, 52, 44, 53]]
[[2,10,14,14,47,58],[0, 4, 7, 49, 52, 44, 54]]
[[4,8,16,20,39,80],[0, 4, 7, 49, 44, 53, 54]]
[[3,5,18,25,33,98],[0, 4, 7, 44, 51, 53, 54]]
[[2,4,14,20,27,100],[0, 4, 7, 49, 50, 52, 51]]
[[1,1,7,21,36,91],[0, 4, 7, 49, 50, 51, 54]]
[[0,4,9,16,30,61],[0, 4, 7, 49, 52, 53, 54]]
[[1,3,7,23,31,87],[0, 4, 7, 52, 51, 53, 54]]
[[3,5,18,13,13,92],[0, 4, 34, 35, 8, 9, 53]]
[[3,7,9,27,23,97],[0, 4, 34, 8, 9, 39, 53]]
[[3,5,24,25,48,74],[0, 4, 34, 40, 8, 9, 53]]
[[3,3,12,19,28,42],[0, 4, 34, 8, 43, 9, 53]]
[[4,6,13,46,24,63],[0, 4, 34, 8, 9, 44, 53]]
[[3,11,12,19,53,86],[0, 4, 34, 8, 9, 53, 54]]
[[3,3,12,11,28,84],[0, 4, 35, 8, 38, 9, 53]]
[[2,4,26,28,37,82],[0, 4, 35, 8, 43, 9, 53]]
[[1,1,22,21,21,46],[0, 4, 35, 8, 52, 9, 44]]
[[4,8,19,20,39,65],[0, 4, 35, 8, 9, 53, 54]]
[[2,4,14,24,47,88],[0, 4, 37, 49, 8, 9, 53]]
[[2,6,5,30,27,87],[0, 4, 37, 8, 50, 9, 53]]
[[1,3,4,27,26,90],[0, 4, 37, 8, 50, 9, 54]]
[[3,9,15,29,33,75],[0, 4, 37, 8, 9, 51, 53]]
[[3,7,9,19,48,121],[0, 4, 8, 38, 9, 39, 53]]
[[3,3,24,19,48,78],[0, 4, 8, 38, 43, 9, 53]]
[[2,8,20,32,32,80],[0, 4, 8, 38, 52, 9, 44]]
[[4,8,7,16,59,65],[0, 4, 8, 38, 9, 44, 53]]
[[1,3,4,27,26,90],[0, 4, 8, 38, 52, 9, 54]]
[[4,8,10,36,19,62],[0, 4, 40, 8, 9, 39, 53]]
[[3,5,15,25,33,83],[0, 4, 8, 52, 9, 39, 44]]
[[3,5,12,21,53,56],[0, 4, 8, 9, 39, 44, 53]]
[[3,7,15,15,23,91],[0, 4, 8, 52, 9, 39, 53]]
[[2,6,17,26,17,105],[0, 4, 8, 52, 9, 39, 54]]
[[2,2,20,22,42,98],[0, 4, 8, 9, 39, 53, 54]]
[[2,4,11,16,22,73],[0, 4, 40, 8, 43, 9, 53]]
[[1,3,7,19,6,105],[0, 4, 40, 8, 52, 9, 44]]
[[3,3,12,15,38,90],[0, 4, 40, 8, 9, 44, 53]]
[[3,5,12,17,28,86],[0, 4, 40, 8, 52, 9, 53]]
[[4,8,16,28,29,98],[0, 4, 40, 8, 9, 53, 54]]
[[3,7,15,27,23,79],[0, 4, 42, 49, 8, 9, 53]]
[[3,3,9,31,28,45],[0, 4, 42, 8, 50, 9, 53]]
[[2,4,8,24,32,100],[0, 4, 42, 8, 50, 9, 54]]
[[2,8,20,32,32,80],[0, 4, 42, 8, 52, 9, 51]]
[[4,8,7,16,59,65],[0, 4, 42, 8, 9, 51, 53]]
[[1,3,4,19,11,84],[0, 4, 8, 43, 52, 9, 44]]
[[3,5,15,21,38,119],[0, 4, 8, 43, 9, 44, 53]]
[[3,7,12,23,38,112],[0, 4, 8, 43, 52, 9, 53]]
[[4,6,13,18,44,99],[0, 4, 8, 43, 9, 53, 54]]
[[4,10,16,18,39,64],[0, 4, 8, 52, 9, 44, 53]]
[[3,5,18,13,33,116],[0, 4, 8, 9, 44, 53, 54]]
[[2,6,8,22,22,96],[0, 4, 49, 8, 50, 9, 53]]
[[1,3,10,19,6,90],[0, 4, 49, 8, 50, 9, 54]]
[[1,3,16,15,21,60],[0, 4, 49, 8, 52, 9, 51]]
[[3,3,15,27,43,63],[0, 4, 49, 8, 9, 51, 53]]
[[1,1,22,25,31,82],[0, 4, 8, 50, 52, 9, 51]]
[[2,4,2,32,22,52],[0, 4, 8, 50, 9, 51, 54]]
[[1,7,16,19,41,82],[0, 4, 8, 52, 9, 53, 54]]
[[4,8,10,16,34,56],[0, 4, 34, 35, 8, 38, 53]]
[[3,5,9,21,28,77],[0, 4, 34, 35, 8, 39, 53]]
[[3,11,15,27,33,65],[0, 4, 34, 35, 8, 43, 53]]
[[2,4,20,20,27,88],[0, 4, 34, 35, 8, 44, 53]]
[[3,5,3,13,38,77],[0, 4, 34, 37, 49, 8, 53]]
[[3,9,6,21,23,66],[0, 4, 34, 37, 8, 50, 53]]
[[2,2,17,10,27,89],[0, 4, 34, 37, 8, 52, 51]]
[[2,2,14,14,27,98],[0, 4, 34, 37, 8, 51, 53]]
[[2,4,11,12,12,97],[0, 4, 34, 8, 38, 39, 53]]
[[4,6,19,14,34,75],[0, 4, 34, 40, 8, 38, 53]]
[[3,7,6,19,48,94],[0, 4, 34, 8, 38, 52, 44]]
[[3,7,18,23,23,100],[0, 4, 34, 8, 38, 52, 53]]
[[2,2,14,22,37,110],[0, 4, 34, 8, 38, 53, 54]]
[[3,5,15,17,48,89],[0, 4, 34, 8, 43, 39, 53]]
[[2,2,8,26,37,92],[0, 4, 34, 8, 52, 39, 44]]
[[4,6,4,22,39,78],[0, 4, 34, 8, 39, 44, 53]]
[[2,2,14,14,22,62],[0, 4, 34, 8, 52, 39, 53]]
[[1,3,16,27,11,108],[0, 4, 34, 8, 52, 39, 54]]
[[3,7,9,31,23,55],[0, 4, 34, 8, 39, 53, 54]]
[[2,4,17,20,17,73],[0, 4, 34, 40, 8, 44, 53]]
[[4,8,4,16,29,80],[0, 4, 34, 40, 8, 52, 53]]
[[3,5,15,17,38,77],[0, 4, 34, 40, 8, 53, 54]]
[[4,4,13,20,39,79],[0, 4, 34, 42, 8, 50, 53]]
[[3,3,12,15,33,84],[0, 4, 34, 42, 8, 50, 54]]
[[3,7,6,19,48,94],[0, 4, 34, 42, 8, 52, 51]]
[[2,4,14,24,27,124],[0, 4, 34, 8, 43, 52, 44]]
[[3,5,21,17,23,83],[0, 4, 34, 8, 43, 52, 54]]
[[2,8,17,24,42,65],[0, 4, 34, 8, 52, 44, 54]]
[[2,6,5,30,27,51],[0, 4, 34, 49, 8, 50, 54]]
[[2,6,20,26,22,96],[0, 4, 34, 49, 8, 52, 51]]
[[2,2,17,6,17,77],[0, 4, 34, 49, 8, 51, 53]]
[[2,6,8,18,12,102],[0, 4, 34, 8, 50, 51, 53]]
[[3,3,18,27,48,66],[0, 4, 35, 37, 42, 8, 53]]
[[4,8,7,24,29,77],[0, 4, 35, 37, 49, 8, 53]]
[[4,4,4,16,44,76],[0, 4, 35, 37, 8, 50, 53]]
[[3,5,18,25,33,98],[0, 4, 35, 37, 8, 50, 54]]
[[3,5,21,25,33,95],[0, 4, 35, 37, 8, 52, 51]]
[[3,5,21,9,18,89],[0, 4, 35, 37, 8, 51, 53]]
[[3,5,12,17,43,116],[0, 4, 35, 8, 38, 39, 53]]
[[3,9,12,25,23,78],[0, 4, 35, 40, 8, 38, 53]]
[[3,7,21,27,28,103],[0, 4, 35, 8, 38, 43, 53]]
[[2,2,14,14,32,98],[0, 4, 35, 8, 38, 52, 44]]
[[2,6,14,22,57,42],[0, 4, 35, 8, 38, 44, 53]]
[[4,4,16,16,34,76],[0, 4, 35, 8, 38, 52, 53]]
[[3,5,21,9,23,83],[0, 4, 35, 8, 38, 52, 54]]
[[2,4,14,16,32,82],[0, 4, 35, 40, 8, 39, 53]]
[[2,2,11,14,27,95],[0, 4, 35, 8, 43, 39, 53]]
[[1,3,4,27,26,90],[0, 4, 35, 8, 52, 39, 44]]
[[3,5,18,21,38,92],[0, 4, 35, 8, 52, 39, 53]]
[[4,8,13,28,34,95],[0, 4, 35, 8, 39, 53, 54]]
[[4,6,7,26,49,63],[0, 4, 35, 40, 8, 43, 53]]
[[3,7,9,15,58,85],[0, 4, 35, 40, 8, 44, 53]]
[[2,8,17,32,12,89],[0, 4, 35, 40, 8, 53, 54]]
[[3,9,9,21,33,75],[0, 4, 35, 42, 49, 8, 53]]
[[3,3,15,11,38,87],[0, 4, 35, 42, 8, 50, 53]]
[[2,2,14,14,32,98],[0, 4, 35, 42, 8, 52, 51]]
[[2,6,14,22,57,42],[0, 4, 35, 42, 8, 51, 53]]
[[3,7,6,27,48,94],[0, 4, 35, 8, 43, 52, 44]]
[[3,7,12,11,18,88],[0, 4, 35, 8, 43, 52, 53]]
[[2,2,20,14,22,92],[0, 4, 35, 8, 43, 53, 54]]
[[1,3,13,15,26,81],[0, 4, 35, 8, 52, 44, 54]]
[[3,7,9,15,38,109],[0, 4, 35, 8, 44, 53, 54]]
[[4,6,10,14,19,90],[0, 4, 35, 49, 8, 50, 53]]
[[3,7,3,31,33,67],[0, 4, 35, 49, 8, 50, 54]]
[[3,5,9,9,23,101],[0, 4, 35, 49, 8, 51, 53]]
[[3,9,15,21,8,93],[0, 4, 35, 8, 50, 51, 53]]
[[4,8,16,24,29,98],[0, 4, 37, 42, 8, 38, 53]]
[[3,7,9,23,23,85],[0, 4, 37, 8, 38, 50, 53]]
[[2,8,11,36,47,65],[0, 4, 37, 8, 38, 50, 54]]
[[2,4,20,32,37,112],[0, 4, 37, 8, 38, 51, 53]]
[[3,5,9,29,33,65],[0, 4, 37, 42, 8, 39, 53]]
[[2,4,11,16,22,73],[0, 4, 37, 49, 8, 39, 53]]
[[2,2,8,22,32,50],[0, 4, 37, 8, 50, 39, 53]]
[[1,1,13,13,16,79],[0, 4, 37, 8, 50, 39, 54]]
[[3,5,12,17,43,74],[0, 4, 37, 8, 39, 51, 53]]
[[4,6,16,22,34,60],[0, 4, 40, 37, 8, 50, 53]]
[[3,5,9,37,33,65],[0, 4, 37, 42, 8, 43, 53]]
[[2,4,20,32,37,112],[0, 4, 37, 42, 8, 44, 53]]
[[3,9,21,21,18,87],[0, 4, 37, 42, 8, 53, 54]]
[[4,8,10,36,19,62],[0, 4, 37, 49, 8, 43, 53]]
[[3,7,21,15,28,85],[0, 4, 37, 8, 43, 50, 54]]
[[3,5,12,29,28,50],[0, 4, 37, 8, 43, 52, 51]]
[[3,11,15,35,38,41],[0, 4, 37, 49, 8, 44, 53]]
[[3,5,12,17,43,74],[0, 4, 37, 8, 50, 52, 44]]
[[3,3,3,11,28,87],[0, 4, 37, 8, 50, 44, 53]]
[[4,8,16,24,29,98],[0, 4, 37, 8, 44, 51, 53]]
[[3,5,9,29,38,89],[0, 4, 37, 49, 8, 52, 53]]
[[3,9,12,21,23,90],[0, 4, 37, 8, 50, 52, 53]]
[[2,6,8,22,22,96],[0, 4, 37, 8, 50, 53, 54]]
[[2,4,11,28,47,73],[0, 4, 37, 8, 52, 51, 53]]
[[3,9,12,21,63,60],[0, 4, 37, 8, 51, 53, 54]]
[[3,5,12,21,38,50],[0, 4, 40, 8, 38, 39, 53]]
[[3,3,12,19,28,90],[0, 4, 8, 38, 43, 39, 53]]
[[2,4,17,20,32,61],[0, 4, 8, 38, 52, 39, 53]]
[[2,2,23,14,27,71],[0, 4, 40, 8, 38, 52, 44]]
[[2,4,20,20,12,100],[0, 4, 40, 8, 38, 44, 53]]
[[4,6,13,14,39,63],[0, 4, 40, 8, 38, 52, 53]]
[[3,3,21,11,33,75],[0, 4, 40, 8, 38, 53, 54]]
[[4,4,4,20,44,94],[0, 4, 42, 49, 8, 38, 53]]
[[3,5,9,29,23,53],[0, 4, 42, 8, 38, 52, 51]]
[[3,5,21,17,28,89],[0, 4, 8, 38, 43, 53, 54]]
[[3,7,9,27,43,79],[0, 4, 8, 38, 52, 44, 53]]
[[3,3,18,19,33,72],[0, 4, 49, 8, 38, 50, 53]]
[[2,4,23,24,37,85],[0, 4, 49, 8, 38, 50, 54]]
[[2,4,26,28,32,88],[0, 4, 49, 8, 38, 52, 51]]
[[2,2,26,14,22,62],[0, 4, 49, 8, 38, 51, 53]]
[[2,6,20,26,32,72],[0, 4, 8, 38, 50, 52, 51]]
[[2,4,17,28,27,97],[0, 4, 8, 38, 50, 51, 53]]
[[0,6,12,30,30,66],[0, 4, 8, 38, 52, 53, 54]]
[[2,4,14,24,47,88],[0, 4, 40, 8, 43, 39, 53]]
[[1,3,22,35,21,96],[0, 4, 40, 8, 52, 39, 44]]
[[3,5,15,13,18,107],[0, 4, 40, 8, 39, 44, 53]]
[[2,4,8,16,27,64],[0, 4, 40, 8, 52, 39, 54]]
[[3,5,15,9,33,89],[0, 4, 42, 49, 8, 39, 53]]
[[2,4,17,16,27,73],[0, 4, 42, 8, 50, 39, 54]]
[[1,7,10,27,26,94],[0, 4, 8, 43, 52, 39, 44]]
[[3,7,12,31,48,70],[0, 4, 8, 43, 39, 44, 53]]
[[3,5,15,17,28,137],[0, 4, 8, 43, 52, 39, 53]]
[[4,8,10,16,29,80],[0, 4, 8, 43, 39, 53, 54]]
[[4,10,16,18,19,112],[0, 4, 8, 52, 39, 44, 53]]
[[3,9,18,17,38,48],[0, 4, 8, 39, 44, 53, 54]]
[[2,6,11,14,12,69],[0, 4, 49, 8, 50, 39, 53]]
[[1,5,13,25,56,65],[0, 4, 49, 8, 50, 39, 54]]
[[1,1,22,25,16,76],[0, 4, 49, 8, 52, 39, 51]]
[[3,7,18,15,28,88],[0, 4, 49, 8, 39, 51, 53]]
[[1,3,7,19,31,63],[0, 4, 8, 50, 52, 39, 51]]
[[1,7,7,23,41,91],[0, 4, 8, 52, 39, 53, 54]]
[[3,7,12,27,23,100],[0, 4, 40, 42, 49, 8, 53]]
[[3,5,15,13,28,65],[0, 4, 40, 42, 8, 50, 53]]
[[2,4,14,20,42,64],[0, 4, 40, 42, 8, 50, 54]]
[[2,2,23,14,27,71],[0, 4, 40, 42, 8, 52, 51]]
[[2,4,20,20,12,100],[0, 4, 40, 42, 8, 51, 53]]
[[3,5,21,17,33,95],[0, 4, 40, 8, 43, 52, 44]]
[[3,5,15,25,43,83],[0, 4, 40, 8, 43, 44, 53]]
[[2,6,20,26,27,84],[0, 4, 40, 8, 43, 52, 54]]
[[2,6,20,22,42,54],[0, 4, 40, 8, 43, 53, 54]]
[[2,8,17,32,27,77],[0, 4, 40, 8, 52, 44, 53]]
[[1,5,7,13,11,77],[0, 4, 40, 8, 52, 44, 54]]
[[3,7,15,19,43,103],[0, 4, 40, 8, 44, 53, 54]]
[[3,5,24,17,33,86],[0, 4, 40, 49, 8, 50, 54]]
[[3,5,12,29,43,86],[0, 4, 40, 49, 8, 51, 53]]
[[3,5,12,25,48,62],[0, 4, 40, 8, 50, 51, 53]]
[[2,2,26,14,22,62],[0, 4, 40, 8, 50, 51, 54]]
[[3,5,9,29,43,77],[0, 4, 42, 8, 43, 50, 53]]
[[2,6,2,38,27,42],[0, 4, 42, 8, 43, 50, 54]]
[[2,4,26,28,32,88],[0, 4, 42, 49, 8, 52, 44]]
[[2,2,26,14,22,62],[0, 4, 42, 49, 8, 44, 53]]
[[2,6,20,26,32,72],[0, 4, 42, 8, 50, 52, 44]]
[[2,4,17,28,27,97],[0, 4, 42, 8, 50, 44, 53]]
[[3,11,12,23,28,74],[0, 4, 42, 8, 44, 51, 53]]
[[4,6,22,10,34,102],[0, 4, 42, 8, 50, 52, 53]]
[[3,7,6,35,33,94],[0, 4, 42, 8, 50, 53, 54]]
[[3,7,9,27,43,79],[0, 4, 42, 8, 52, 51, 53]]
[[2,6,20,30,27,90],[0, 4, 8, 43, 52, 44, 53]]
[[3,5,18,21,43,68],[0, 4, 8, 43, 44, 53, 54]]
[[4,6,22,10,34,84],[0, 4, 49, 8, 43, 50, 53]]
[[3,7,18,23,33,64],[0, 4, 49, 8, 43, 52, 51]]
[[3,3,21,31,53,87],[0, 4, 49, 8, 43, 51, 53]]
[[3,9,6,29,28,96],[0, 4, 49, 8, 50, 44, 53]]
[[4,4,4,20,44,94],[0, 4, 49, 8, 44, 51, 53]]
[[2,8,11,24,62,65],[0, 4, 49, 8, 50, 53, 54]]
[[2,8,14,28,37,74],[0, 4, 49, 8, 52, 51, 53]]
[[3,9,6,29,28,96],[0, 4, 49, 8, 51, 53, 54]]
[[2,4,14,16,17,58],[0, 4, 8, 50, 52, 51, 53]]
[[3,7,18,23,28,100],[0, 4, 8, 50, 51, 53, 54]]
[[3,7,21,27,28,79],[0, 4, 34, 35, 38, 9, 53]]
[[4,10,10,22,24,82],[0, 4, 34, 35, 9, 39, 53]]
[[2,4,8,28,27,88],[0, 4, 34, 35, 40, 9, 53]]
[[2,2,8,22,32,86],[0, 4, 34, 35, 43, 9, 53]]
[[3,5,15,13,13,101],[0, 4, 34, 35, 9, 44, 53]]
[[3,9,12,45,33,60],[0, 4, 34, 35, 52, 9, 53]]
[[2,6,11,30,32,99],[0, 4, 34, 37, 49, 9, 53]]
[[2,4,8,12,32,82],[0, 4, 34, 37, 50, 9, 53]]
[[1,3,10,23,51,72],[0, 4, 34, 37, 50, 9, 54]]
[[1,3,13,23,51,75],[0, 4, 34, 37, 52, 9, 51]]
[[3,5,12,25,38,92],[0, 4, 34, 38, 43, 9, 53]]
[[2,2,2,18,37,32],[0, 4, 34, 38, 52, 9, 44]]
[[2,2,14,14,32,98],[0, 4, 34, 38, 52, 9, 53]]
[[1,5,7,29,41,89],[0, 4, 34, 38, 52, 9, 54]]
[[3,9,18,17,33,66],[0, 4, 34, 38, 9, 53, 54]]
[[4,6,10,22,34,114],[0, 4, 34, 40, 9, 39, 53]]
[[4,4,13,16,49,103],[0, 4, 34, 43, 9, 39, 53]]
[[3,7,24,23,28,76],[0, 4, 34, 52, 9, 39, 44]]
[[3,3,6,15,28,84],[0, 4, 34, 9, 39, 44, 53]]
[[3,7,21,23,23,103],[0, 4, 34, 52, 9, 39, 53]]
[[2,4,14,20,52,64],[0, 4, 34, 52, 9, 39, 54]]
[[2,4,14,16,27,100],[0, 4, 34, 9, 39, 53, 54]]
[[2,4,17,20,27,85],[0, 4, 34, 40, 43, 9, 53]]
[[1,3,13,19,21,69],[0, 4, 34, 40, 52, 9, 44]]
[[3,7,15,23,18,109],[0, 4, 34, 40, 9, 44, 53]]
[[3,7,6,27,23,94],[0, 4, 34, 40, 52, 9, 53]]
[[4,8,7,12,59,59],[0, 4, 34, 40, 9, 53, 54]]
[[3,5,18,13,13,92],[0, 4, 34, 42, 49, 9, 53]]
[[2,4,8,16,12,100],[0, 4, 34, 42, 50, 9, 54]]
[[2,2,2,18,37,32],[0, 4, 34, 42, 52, 9, 51]]
[[1,3,22,31,26,72],[0, 4, 34, 43, 52, 9, 44]]
[[3,5,6,9,53,104],[0, 4, 34, 43, 9, 44, 53]]
[[3,5,21,17,33,95],[0, 4, 34, 43, 52, 9, 53]]
[[4,6,19,10,29,93],[0, 4, 34, 43, 9, 53, 54]]
[[4,8,16,20,49,80],[0, 4, 34, 52, 9, 44, 53]]
[[2,6,2,18,32,102],[0, 4, 34, 49, 50, 9, 53]]
[[1,5,7,29,41,89],[0, 4, 34, 49, 50, 9, 54]]
[[3,7,21,23,38,73],[0, 4, 34, 49, 9, 51, 53]]
[[1,5,7,33,61,89],[0, 4, 34, 50, 52, 9, 51]]
[[3,5,9,13,33,83],[0, 4, 34, 50, 9, 51, 53]]
[[1,9,10,25,26,90],[0, 4, 34, 52, 9, 53, 54]]
[[2,4,14,24,47,88],[0, 4, 35, 37, 42, 9, 53]]
[[3,9,3,25,38,87],[0, 4, 35, 37, 50, 9, 53]]
[[2,2,11,18,37,53],[0, 4, 35, 37, 50, 9, 54]]
[[2,4,8,24,32,100],[0, 4, 35, 37, 52, 9, 51]]
[[2,4,8,12,37,94],[0, 4, 35, 40, 38, 9, 53]]
[[2,2,14,18,32,74],[0, 4, 35, 38, 43, 9, 53]]
[[1,3,16,15,21,60],[0, 4, 35, 38, 52, 9, 44]]
[[3,3,15,27,43,63],[0, 4, 35, 38, 9, 44, 53]]
[[3,5,9,21,48,41],[0, 4, 35, 38, 52, 9, 53]]
[[2,6,17,18,27,69],[0, 4, 35, 38, 52, 9, 54]]
[[4,6,28,14,44,72],[0, 4, 35, 38, 9, 53, 54]]
[[3,5,9,37,33,65],[0, 4, 35, 40, 9, 39, 53]]
[[2,2,8,30,42,86],[0, 4, 35, 52, 9, 39, 44]]
[[2,2,17,18,32,83],[0, 4, 35, 9, 39, 44, 53]]
[[3,5,9,29,33,65],[0, 4, 35, 40, 43, 9, 53]]
[[4,8,16,20,29,128],[0, 4, 35, 40, 9, 44, 53]]
[[2,6,8,18,17,108],[0, 4, 35, 40, 52, 9, 53]]
[[2,2,23,10,12,47],[0, 4, 35, 42, 49, 9, 53]]
[[2,6,8,22,22,96],[0, 4, 35, 42, 50, 9, 53]]
[[1,3,10,19,6,90],[0, 4, 35, 42, 50, 9, 54]]
[[1,3,16,15,21,60],[0, 4, 35, 42, 52, 9, 51]]
[[3,3,15,27,43,63],[0, 4, 35, 42, 9, 51, 53]]
[[2,4,8,12,22,76],[0, 4, 35, 43, 52, 9, 53]]
[[1,5,16,25,66,68],[0, 4, 35, 43, 52, 9, 54]]
[[3,3,18,19,43,96],[0, 4, 35, 52, 9, 44, 53]]
[[2,2,17,10,17,101],[0, 4, 35, 9, 44, 53, 54]]
[[3,3,9,31,28,45],[0, 4, 35, 49, 50, 9, 53]]
[[2,4,8,24,32,100],[0, 4, 35, 49, 50, 9, 54]]
[[2,8,20,32,32,80],[0, 4, 35, 49, 52, 9, 51]]
[[4,8,7,16,59,65],[0, 4, 35, 49, 9, 51, 53]]
[[2,6,5,42,47,57],[0, 4, 35, 50, 52, 9, 51]]
[[3,5,6,29,38,86],[0, 4, 35, 50, 9, 51, 54]]
