[[1, 5, 7], [2, 4], [3, 5], [6, 7]]
[[2,6,20,30,27,90],[0, 4, 5, 7, 38, 53]]
[[3,9,21,25,18,87],[0, 4, 5, 7, 39, 53]]
[[2,8,8,28,17,92],[0, 4, 5, 7, 52, 44]]
[[2,4,17,12,7,49],[0, 4, 5, 7, 52, 53]]
[[2,6,14,30,22,108],[0, 4, 5, 37, 8, 53]]
[[3,9,18,21,18,102],[0, 4, 5, 42, 8, 53]]
[[2,6,11,22,22,111],[0, 4, 5, 49, 8, 53]]
[[2,6,11,22,27,63],[0, 4, 5, 8, 50, 53]]
[[1,7,16,39,21,88],[0, 4, 5, 8, 50, 54]]
[[1,5,10,5,36,74],[0, 4, 5, 8, 52, 51]]
[[3,11,18,19,28,68],[0, 4, 5, 8, 51, 53]]
[[2,6,11,14,47,87],[0, 4, 5, 50, 9, 54]]
[[2,6,11,14,22,75],[0, 4, 5, 52, 9, 51]]
[[1,7,16,35,16,94],[0, 4, 34, 5, 52, 51]]
[[3,7,21,23,28,109],[0, 4, 5, 35, 37, 53]]
[[2,6,11,22,22,111],[0, 4, 5, 35, 42, 53]]
[[3,9,18,21,18,102],[0, 4, 5, 35, 49, 53]]
[[2,6,17,22,27,87],[0, 4, 5, 35, 50, 54]]
[[2,6,17,26,57,57],[0, 4, 5, 37, 38, 53]]
[[3,5,9,17,33,137],[0, 4, 5, 37, 39, 53]]
[[3,7,12,39,28,88],[0, 4, 5, 37, 43, 53]]
[[2,8,11,28,47,83],[0, 4, 5, 37, 52, 44]]
[[4,12,10,24,24,90],[0, 4, 5, 37, 44, 53]]
[[2,4,14,24,32,94],[0, 4, 5, 37, 52, 53]]
[[3,5,15,17,28,107],[0, 4, 5, 37, 53, 54]]
[[3,3,15,19,43,87],[0, 4, 5, 42, 38, 53]]
[[2,4,17,24,22,97],[0, 4, 5, 38, 50, 53]]
[[1,5,10,25,11,74],[0, 4, 5, 38, 50, 54]]
[[1,5,4,21,41,68],[0, 4, 5, 38, 52, 51]]
[[3,5,6,33,33,86],[0, 4, 5, 38, 51, 53]]
[[2,6,5,42,47,57],[0, 4, 5, 50, 39, 54]]
[[2,2,23,18,32,95],[0, 4, 5, 52, 39, 51]]
[[2,4,5,12,27,85],[0, 4, 5, 40, 50, 54]]
[[2,6,11,30,47,63],[0, 4, 5, 40, 52, 51]]
[[2,2,14,10,22,98],[0, 4, 5, 42, 43, 53]]
[[1,5,4,21,41,68],[0, 4, 5, 42, 52, 44]]
[[3,5,6,33,33,86],[0, 4, 5, 42, 44, 53]]
[[3,3,18,27,48,90],[0, 4, 5, 49, 43, 53]]
[[2,2,23,18,37,89],[0, 4, 5, 43, 50, 54]]
[[4,8,7,24,34,77],[0, 4, 5, 43, 51, 53]]
[[2,2,11,18,42,53],[0, 4, 5, 49, 52, 44]]
[[4,6,7,14,39,81],[0, 4, 5, 49, 44, 53]]
[[2,6,8,30,22,66],[0, 4, 5, 50, 52, 44]]
[[3,5,9,21,13,77],[0, 4, 5, 50, 44, 54]]
[[3,3,15,19,43,87],[0, 4, 5, 44, 51, 53]]
[[2,6,5,34,37,45],[0, 4, 5, 49, 52, 53]]
[[3,7,6,15,33,52],[0, 4, 5, 49, 53, 54]]
[[2,6,14,26,37,78],[0, 4, 5, 50, 52, 53]]
[[3,5,3,17,33,113],[0, 4, 5, 50, 53, 54]]
[[3,9,9,29,33,63],[0, 4, 5, 52, 51, 53]]
[[2,4,17,24,32,91],[0, 4, 5, 51, 53, 54]]
[[2,6,11,30,32,99],[0, 4, 35, 7, 8, 53]]
[[3,5,18,25,38,98],[0, 4, 7, 8, 38, 53]]
[[2,6,8,42,47,60],[0, 4, 40, 7, 8, 53]]
[[2,8,20,28,27,74],[0, 4, 7, 8, 43, 53]]
[[1,3,7,35,46,105],[0, 4, 7, 8, 52, 44]]
[[4,8,7,24,29,77],[0, 4, 34, 7, 9, 53]]
[[3,5,3,13,38,77],[0, 4, 35, 7, 9, 53]]
[[4,6,19,34,39,51],[0, 4, 7, 38, 9, 53]]
[[3,3,12,23,48,60],[0, 4, 7, 9, 39, 53]]
[[4,8,16,8,29,80],[0, 4, 7, 52, 9, 53]]
[[3,5,24,25,38,92],[0, 4, 7, 9, 53, 54]]
[[2,4,14,24,47,88],[0, 4, 34, 35, 7, 53]]
[[3,3,15,7,33,87],[0, 4, 34, 7, 38, 53]]
[[4,6,7,26,49,63],[0, 4, 34, 7, 39, 53]]
[[2,2,11,14,27,95],[0, 4, 34, 40, 7, 53]]
[[2,4,14,16,32,82],[0, 4, 34, 7, 43, 53]]
[[1,7,16,31,26,82],[0, 4, 34, 7, 52, 44]]
[[3,5,15,25,33,95],[0, 4, 34, 7, 44, 53]]
[[2,6,5,18,37,69],[0, 4, 35, 7, 38, 53]]
[[3,5,15,17,48,89],[0, 4, 35, 40, 7, 53]]
[[2,6,11,14,47,63],[0, 4, 35, 7, 52, 44]]
[[2,8,8,16,37,92],[0, 4, 35, 7, 52, 53]]
[[3,9,15,33,18,81],[0, 4, 35, 7, 53, 54]]
[[2,6,14,18,27,78],[0, 4, 7, 37, 42, 53]]
[[3,5,18,13,13,92],[0, 4, 7, 37, 49, 53]]
[[2,4,8,16,12,100],[0, 4, 7, 37, 50, 54]]
[[2,2,2,18,37,32],[0, 4, 7, 37, 52, 51]]
[[4,6,4,26,49,102],[0, 4, 7, 38, 39, 53]]
[[2,2,20,14,32,86],[0, 4, 40, 7, 38, 53]]
[[2,4,14,16,17,58],[0, 4, 7, 38, 43, 53]]
[[1,3,13,23,51,75],[0, 4, 7, 38, 52, 44]]
[[3,7,21,23,33,79],[0, 4, 7, 38, 52, 53]]
[[4,10,16,30,24,82],[0, 4, 7, 38, 53, 54]]
[[3,11,15,27,33,65],[0, 4, 40, 7, 39, 53]]
[[2,2,11,22,27,95],[0, 4, 7, 52, 39, 44]]
[[2,6,26,30,17,78],[0, 4, 7, 39, 44, 53]]
[[4,6,22,14,39,96],[0, 4, 7, 52, 39, 53]]
[[3,7,24,19,13,94],[0, 4, 7, 39, 53, 54]]
[[3,5,9,21,28,77],[0, 4, 40, 7, 43, 53]]
[[2,6,5,26,42,81],[0, 4, 40, 7, 52, 44]]
[[4,10,13,22,44,79],[0, 4, 40, 7, 44, 53]]
[[2,6,11,22,27,99],[0, 4, 40, 7, 52, 53]]
[[2,6,11,30,32,99],[0, 4, 7, 42, 49, 53]]
[[2,4,8,12,32,82],[0, 4, 7, 42, 50, 53]]
[[1,3,10,23,51,72],[0, 4, 7, 42, 50, 54]]
[[1,3,13,23,51,75],[0, 4, 7, 42, 52, 51]]
[[2,6,5,30,27,51],[0, 4, 7, 43, 52, 44]]
[[2,4,11,20,27,55],[0, 4, 7, 43, 52, 53]]
[[3,5,12,21,33,122],[0, 4, 7, 43, 53, 54]]
[[3,5,6,17,23,92],[0, 4, 7, 49, 50, 53]]
[[2,4,17,16,32,61],[0, 4, 7, 49, 50, 54]]
[[2,8,8,24,32,116],[0, 4, 7, 49, 52, 51]]
[[4,8,13,24,24,77],[0, 4, 7, 49, 51, 53]]
[[4,8,10,40,29,74],[0, 4, 7, 50, 51, 53]]
[[4,4,10,16,39,88],[0, 4, 37, 8, 9, 53]]
[[4,6,16,22,34,60],[0, 4, 8, 50, 9, 53]]
[[3,5,24,25,48,74],[0, 4, 34, 37, 8, 53]]
[[2,6,8,42,47,60],[0, 4, 34, 42, 8, 53]]
[[3,5,15,17,48,89],[0, 4, 34, 49, 8, 53]]
[[2,4,20,16,22,64],[0, 4, 34, 8, 50, 54]]
[[4,10,16,26,29,94],[0, 4, 34, 8, 51, 53]]
[[3,3,12,31,43,66],[0, 4, 35, 42, 8, 53]]
[[2,2,11,14,27,95],[0, 4, 35, 49, 8, 53]]
[[2,4,17,20,32,79],[0, 4, 35, 8, 50, 53]]
[[1,5,16,25,21,74],[0, 4, 35, 8, 52, 51]]
[[3,7,15,19,23,121],[0, 4, 35, 8, 51, 53]]
[[4,8,10,36,19,62],[0, 4, 37, 8, 39, 53]]
[[2,2,23,10,12,47],[0, 4, 40, 37, 8, 53]]
[[2,4,11,16,22,73],[0, 4, 37, 8, 43, 53]]
[[1,3,7,19,6,105],[0, 4, 37, 8, 52, 44]]
[[3,3,12,15,38,90],[0, 4, 37, 8, 44, 53]]
[[3,5,12,17,28,86],[0, 4, 37, 8, 52, 53]]
[[4,8,16,28,29,98],[0, 4, 37, 8, 53, 54]]
[[2,4,17,20,22,127],[0, 4, 42, 8, 38, 53]]
[[3,3,12,19,28,90],[0, 4, 49, 8, 38, 53]]
[[3,7,15,23,43,79],[0, 4, 8, 38, 50, 53]]
[[2,2,11,18,22,101],[0, 4, 8, 38, 50, 54]]
[[2,2,2,10,22,68],[0, 4, 8, 38, 52, 51]]
[[4,6,22,10,34,84],[0, 4, 8, 50, 39, 53]]
[[3,7,18,23,33,64],[0, 4, 8, 52, 39, 51]]
[[3,3,21,31,53,87],[0, 4, 8, 39, 51, 53]]
[[2,4,14,24,47,88],[0, 4, 40, 49, 8, 53]]
[[2,6,5,30,27,87],[0, 4, 40, 8, 50, 53]]
[[1,3,4,27,26,90],[0, 4, 40, 8, 50, 54]]
[[3,9,15,29,33,75],[0, 4, 40, 8, 51, 53]]
[[3,5,15,9,33,89],[0, 4, 42, 8, 43, 53]]
[[2,2,2,10,22,68],[0, 4, 42, 8, 52, 44]]
[[2,8,5,40,32,53],[0, 4, 42, 8, 52, 53]]
[[2,6,14,30,32,102],[0, 4, 49, 8, 43, 53]]
[[2,6,11,14,12,69],[0, 4, 8, 43, 50, 53]]
[[1,5,13,25,56,65],[0, 4, 8, 43, 50, 54]]
[[1,1,22,25,16,76],[0, 4, 8, 43, 52, 51]]
[[3,7,18,15,28,88],[0, 4, 8, 43, 51, 53]]
[[1,7,10,27,26,94],[0, 4, 49, 8, 52, 44]]
[[3,7,12,31,48,70],[0, 4, 49, 8, 44, 53]]
[[1,1,16,17,21,58],[0, 4, 8, 50, 52, 44]]
[[3,5,15,17,43,113],[0, 4, 8, 50, 44, 53]]
[[2,4,17,20,22,127],[0, 4, 8, 44, 51, 53]]
[[3,5,15,17,28,137],[0, 4, 49, 8, 52, 53]]
[[4,8,10,16,29,80],[0, 4, 49, 8, 53, 54]]
[[4,8,13,24,24,95],[0, 4, 8, 52, 51, 53]]
[[3,5,27,21,38,77],[0, 4, 8, 51, 53, 54]]
[[4,8,19,28,29,89],[0, 4, 34, 37, 9, 53]]
[[4,4,13,16,49,103],[0, 4, 34, 49, 9, 53]]
