[[1, 5, 7], [2, 4], [3, 5], [6, 7]]
[[3,7,15,23,28,73],[5, 35, 40, 42, 49, 9, 53]]
[[3,5,12,17,33,140],[5, 35, 40, 42, 50, 9, 53]]
[[2,4,14,24,27,124],[5, 35, 40, 42, 50, 9, 54]]
[[2,2,14,14,22,110],[5, 35, 40, 42, 52, 9, 51]]
[[3,7,18,23,43,64],[5, 35, 40, 43, 52, 9, 44]]
[[3,9,15,25,18,81],[5, 35, 40, 43, 52, 9, 53]]
[[2,8,8,12,42,80],[5, 35, 40, 43, 52, 9, 54]]
[[4,8,13,28,34,77],[5, 35, 40, 43, 9, 53, 54]]
[[4,8,25,16,24,101],[5, 35, 40, 52, 9, 44, 53]]
[[3,7,9,43,33,49],[5, 35, 40, 9, 44, 53, 54]]
[[4,6,22,14,34,84],[5, 35, 40, 49, 50, 9, 53]]
[[3,5,21,9,23,83],[5, 35, 40, 49, 50, 9, 54]]
[[5,9,20,17,30,72],[5, 35, 40, 49, 9, 51, 53]]
[[5,9,17,29,30,57],[5, 35, 40, 50, 9, 51, 53]]
[[3,3,15,27,38,69],[5, 35, 42, 49, 43, 9, 53]]
[[3,7,18,31,28,88],[5, 35, 42, 43, 50, 9, 53]]
[[2,4,14,16,32,64],[5, 35, 42, 43, 50, 9, 54]]
[[2,4,20,12,12,52],[5, 35, 42, 43, 52, 9, 51]]
[[2,4,20,28,27,100],[5, 35, 42, 49, 52, 9, 44]]
[[4,4,13,36,29,85],[5, 35, 42, 50, 9, 44, 53]]
[[3,7,12,23,43,88],[5, 35, 42, 50, 9, 44, 54]]
[[3,7,15,23,23,115],[5, 35, 42, 9, 44, 51, 53]]
[[4,4,10,8,34,58],[5, 35, 42, 49, 52, 9, 53]]
[[5,11,23,19,10,71],[5, 35, 42, 49, 9, 53, 54]]
[[4,8,16,32,24,68],[5, 35, 42, 9, 51, 53, 54]]
[[4,8,22,20,29,92],[5, 35, 43, 52, 9, 44, 53]]
[[3,3,6,19,28,54],[5, 35, 43, 9, 44, 53, 54]]
[[3,5,18,17,33,86],[5, 35, 49, 43, 50, 9, 54]]
[[5,9,17,29,30,51],[5, 35, 49, 43, 9, 51, 53]]
[[3,7,21,23,28,85],[5, 35, 43, 50, 52, 9, 51]]
[[4,6,19,22,34,87],[5, 35, 43, 50, 9, 51, 54]]
[[3,5,27,17,28,89],[5, 35, 43, 52, 9, 53, 54]]
[[3,7,9,35,43,79],[5, 35, 49, 50, 52, 9, 44]]
[[4,8,22,20,29,92],[5, 35, 49, 9, 44, 51, 53]]
[[4,4,16,4,34,88],[5, 35, 50, 9, 44, 51, 53]]
[[3,5,18,17,38,128],[5, 35, 50, 9, 44, 51, 54]]
[[2,4,17,16,22,97],[5, 35, 52, 9, 44, 53, 54]]
[[3,7,9,19,28,91],[5, 35, 49, 50, 52, 9, 53]]
[[4,4,13,24,34,91],[5, 35, 49, 52, 9, 51, 53]]
[[3,5,12,21,38,80],[5, 35, 49, 9, 51, 53, 54]]
[[4,4,16,24,34,76],[5, 35, 50, 52, 9, 51, 53]]
[[3,7,12,23,43,112],[5, 35, 50, 9, 51, 53, 54]]
[[5,7,20,23,30,70],[5, 37, 49, 38, 9, 39, 53]]
[[4,10,13,14,44,73],[5, 37, 38, 9, 39, 51, 53]]
[[4,6,25,22,39,57],[5, 40, 37, 42, 38, 9, 53]]
[[3,5,21,25,43,71],[5, 40, 37, 49, 38, 9, 53]]
[[3,7,12,19,43,64],[5, 40, 37, 38, 50, 9, 53]]
[[2,6,14,30,32,102],[5, 40, 37, 38, 50, 9, 54]]
[[2,4,14,16,22,100],[5, 40, 37, 38, 52, 9, 51]]
[[4,8,28,16,29,62],[5, 40, 37, 38, 9, 51, 53]]
[[3,9,12,17,53,78],[5, 37, 42, 38, 52, 9, 44]]
[[3,7,12,15,38,40],[5, 37, 42, 38, 52, 9, 53]]
[[4,12,16,24,14,90],[5, 37, 42, 38, 9, 53, 54]]
[[3,5,21,29,43,83],[5, 37, 49, 38, 43, 9, 53]]
[[3,9,15,29,33,57],[5, 37, 38, 43, 50, 9, 53]]
[[2,2,14,14,32,98],[5, 37, 38, 43, 50, 9, 54]]
[[2,2,14,18,37,80],[5, 37, 38, 43, 52, 9, 51]]
[[4,4,13,28,44,85],[5, 37, 38, 43, 9, 51, 53]]
[[2,4,29,28,27,79],[5, 37, 49, 38, 52, 9, 44]]
[[4,8,19,16,29,101],[5, 37, 49, 38, 9, 44, 53]]
[[2,2,17,18,37,77],[5, 37, 38, 50, 52, 9, 44]]
[[4,6,13,14,34,75],[5, 37, 38, 50, 9, 44, 53]]
[[3,7,18,23,28,100],[5, 37, 38, 9, 44, 51, 53]]
[[3,7,18,19,38,70],[5, 37, 49, 38, 52, 9, 54]]
[[3,7,15,15,13,91],[5, 37, 38, 50, 52, 9, 54]]
[[5,7,23,11,50,79],[5, 37, 38, 52, 9, 51, 53]]
[[4,6,16,14,34,78],[5, 37, 38, 52, 9, 51, 54]]
[[4,10,16,22,39,76],[5, 37, 38, 9, 51, 53, 54]]
[[5,9,20,25,30,48],[5, 40, 37, 42, 9, 39, 53]]
[[4,4,19,24,44,73],[5, 40, 37, 50, 9, 39, 53]]
[[3,5,9,17,23,71],[5, 40, 37, 50, 9, 39, 54]]
[[3,3,24,7,43,96],[5, 40, 37, 9, 39, 51, 53]]
[[5,9,17,41,10,39],[5, 37, 42, 43, 9, 39, 53]]
[[4,10,13,14,44,73],[5, 37, 42, 9, 39, 44, 53]]
[[4,8,19,28,29,65],[5, 37, 42, 52, 9, 39, 53]]
[[4,6,7,34,24,87],[5, 37, 49, 43, 9, 39, 53]]
[[4,6,22,10,34,102],[5, 37, 43, 50, 9, 39, 53]]
[[3,5,21,17,38,89],[5, 37, 43, 50, 9, 39, 54]]
[[3,5,12,33,33,86],[5, 37, 43, 52, 9, 39, 51]]
[[3,3,15,15,38,57],[5, 37, 43, 9, 39, 51, 53]]
[[3,3,18,7,28,66],[5, 37, 49, 9, 39, 44, 53]]
[[3,5,27,17,33,71],[5, 37, 50, 9, 39, 44, 53]]
[[2,2,14,22,32,86],[5, 37, 50, 9, 39, 44, 54]]
[[4,8,16,20,39,104],[5, 37, 49, 9, 39, 53, 54]]
[[5,7,17,31,25,43],[5, 37, 50, 52, 9, 39, 53]]
[[4,8,16,16,39,80],[5, 37, 50, 52, 9, 39, 54]]
[[4,12,13,24,44,69],[5, 37, 52, 9, 39, 51, 53]]
[[3,9,18,33,33,66],[5, 37, 52, 9, 39, 51, 54]]
[[5,9,14,25,25,90],[5, 37, 9, 39, 51, 53, 54]]
[[3,3,15,27,43,75],[5, 40, 37, 42, 43, 9, 53]]
[[2,4,14,16,22,100],[5, 40, 37, 42, 52, 9, 44]]
[[4,8,28,16,29,62],[5, 40, 37, 42, 9, 44, 53]]
[[4,6,4,22,54,60],[5, 40, 37, 42, 52, 9, 53]]
[[5,9,20,21,30,72],[5, 40, 37, 42, 9, 53, 54]]
[[4,8,16,20,49,92],[5, 40, 37, 49, 43, 9, 53]]
[[4,6,16,14,24,78],[5, 40, 37, 43, 50, 9, 53]]
[[3,7,18,19,38,82],[5, 40, 37, 43, 52, 9, 51]]
[[5,9,14,33,25,54],[5, 40, 37, 43, 9, 51, 53]]
[[5,5,17,25,40,83],[5, 40, 37, 50, 9, 44, 53]]
[[4,6,25,22,39,57],[5, 40, 37, 9, 44, 51, 53]]
[[3,3,9,43,33,69],[5, 40, 37, 49, 52, 9, 53]]
[[4,10,16,38,19,64],[5, 40, 37, 49, 9, 53, 54]]
[[3,7,12,23,43,106],[5, 40, 37, 50, 52, 9, 53]]
[[4,4,13,20,39,79],[5, 40, 37, 50, 9, 53, 54]]
[[3,7,18,31,28,94],[5, 40, 37, 9, 51, 53, 54]]
[[2,2,14,18,37,80],[5, 37, 42, 43, 52, 9, 44]]
[[4,4,13,28,44,85],[5, 37, 42, 43, 9, 44, 53]]
[[3,7,12,19,28,94],[5, 37, 42, 43, 52, 9, 54]]
[[5,9,14,25,40,84],[5, 37, 42, 43, 9, 53, 54]]
[[5,7,23,11,50,79],[5, 37, 42, 52, 9, 44, 53]]
[[4,6,16,14,34,78],[5, 37, 42, 52, 9, 44, 54]]
[[4,10,16,22,39,76],[5, 37, 42, 9, 44, 53, 54]]
[[3,3,12,19,33,96],[5, 37, 42, 49, 50, 9, 53]]
[[2,4,8,28,42,52],[5, 37, 42, 49, 50, 9, 54]]
[[2,4,29,28,27,79],[5, 37, 42, 49, 52, 9, 51]]
[[4,8,19,16,29,101],[5, 37, 42, 49, 9, 51, 53]]
[[2,2,17,18,37,77],[5, 37, 42, 50, 52, 9, 51]]
[[4,6,13,14,34,75],[5, 37, 42, 50, 9, 51, 53]]
[[2,8,5,32,47,71],[5, 37, 42, 52, 9, 53, 54]]
[[3,7,12,11,23,52],[5, 37, 49, 43, 52, 9, 44]]
[[5,9,20,17,35,96],[5, 37, 49, 43, 9, 44, 53]]
[[5,11,23,19,10,71],[5, 37, 43, 50, 9, 44, 53]]
[[3,7,9,31,28,49],[5, 37, 49, 43, 52, 9, 53]]
[[2,8,8,24,32,116],[5, 37, 49, 43, 52, 9, 54]]
[[2,4,8,24,27,76],[5, 37, 43, 50, 52, 9, 54]]
[[4,10,16,22,24,94],[5, 37, 43, 50, 9, 53, 54]]
[[4,6,16,26,34,96],[5, 37, 43, 52, 9, 51, 53]]
[[3,7,12,31,48,70],[5, 37, 49, 9, 44, 53, 54]]
[[4,8,10,16,49,74],[5, 37, 50, 52, 9, 44, 53]]
[[3,5,9,17,33,137],[5, 37, 50, 9, 44, 53, 54]]
[[3,7,12,15,38,40],[5, 37, 52, 9, 44, 51, 53]]
[[4,12,16,24,14,90],[5, 37, 9, 44, 51, 53, 54]]
[[3,3,21,11,38,93],[5, 37, 49, 50, 52, 9, 51]]
[[5,7,14,19,45,94],[5, 37, 49, 50, 9, 51, 53]]
[[3,5,24,17,33,92],[5, 37, 49, 52, 9, 53, 54]]
[[3,7,12,19,38,124],[5, 37, 50, 52, 9, 53, 54]]
[[5,7,17,19,35,85],[5, 40, 38, 43, 9, 39, 53]]
[[4,8,19,16,34,65],[5, 40, 38, 9, 39, 44, 53]]
[[4,6,10,18,49,120],[5, 40, 38, 52, 9, 39, 53]]
[[4,4,10,16,54,88],[5, 42, 38, 50, 9, 39, 53]]
[[3,7,18,19,33,76],[5, 42, 38, 50, 9, 39, 54]]
[[3,5,24,25,43,74],[5, 42, 38, 52, 9, 39, 51]]
[[3,5,27,21,38,83],[5, 42, 38, 9, 39, 51, 53]]
[[4,6,31,6,39,63],[5, 38, 43, 52, 9, 39, 44]]
[[4,4,19,12,44,73],[5, 38, 43, 9, 39, 44, 53]]
[[4,12,13,24,44,69],[5, 38, 9, 39, 44, 53, 54]]
[[4,6,7,30,29,87],[5, 49, 38, 52, 9, 39, 51]]
[[4,10,13,26,34,85],[5, 38, 50, 9, 39, 51, 53]]
[[3,7,21,23,13,103],[5, 38, 50, 9, 39, 51, 54]]
[[2,6,26,34,17,84],[5, 38, 52, 9, 39, 53, 54]]
[[4,4,22,12,54,88],[5, 40, 42, 49, 38, 9, 53]]
[[4,4,22,16,49,70],[5, 40, 42, 38, 50, 9, 53]]
[[4,10,16,26,24,76],[5, 40, 38, 43, 9, 44, 53]]
[[4,4,13,20,49,109],[5, 40, 38, 43, 52, 9, 53]]
[[5,5,11,25,35,83],[5, 40, 38, 43, 9, 53, 54]]
[[4,6,22,14,44,90],[5, 40, 38, 9, 44, 53, 54]]
[[3,5,6,13,38,80],[5, 40, 49, 38, 50, 9, 53]]
[[2,4,23,20,22,73],[5, 40, 49, 38, 50, 9, 54]]
[[2,4,20,16,22,76],[5, 40, 49, 38, 52, 9, 51]]
[[4,4,13,36,39,79],[5, 40, 49, 38, 9, 51, 53]]
[[3,7,12,31,33,76],[5, 40, 38, 50, 9, 51, 54]]
[[4,4,19,12,44,73],[5, 42, 49, 38, 43, 9, 53]]
[[3,3,24,11,43,96],[5, 42, 38, 43, 50, 9, 54]]
[[3,5,18,25,33,98],[5, 42, 38, 43, 52, 9, 51]]
[[5,9,23,17,25,69],[5, 42, 49, 38, 9, 44, 53]]
[[3,9,21,25,23,81],[5, 42, 38, 50, 52, 9, 44]]
[[5,5,20,33,30,62],[5, 42, 38, 50, 9, 44, 53]]
[[4,4,16,16,44,88],[5, 42, 38, 50, 9, 44, 54]]
[[4,4,19,16,49,79],[5, 42, 38, 9, 44, 51, 53]]
[[3,7,12,39,33,76],[5, 42, 49, 38, 52, 9, 53]]
[[2,4,11,20,27,55],[5, 42, 49, 38, 52, 9, 54]]
[[3,11,12,19,53,86],[5, 42, 38, 50, 52, 9, 53]]
[[3,7,24,19,28,82],[5, 42, 38, 9, 51, 53, 54]]
[[5,9,14,33,25,54],[5, 38, 43, 52, 9, 44, 53]]
[[3,7,15,23,33,67],[5, 49, 38, 43, 50, 9, 53]]
[[2,8,11,28,27,65],[5, 49, 38, 43, 50, 9, 54]]
[[4,8,16,24,34,68],[5, 49, 38, 43, 9, 51, 53]]
[[2,2,14,18,37,80],[5, 38, 43, 50, 52, 9, 51]]
[[4,4,10,40,19,76],[5, 38, 43, 50, 9, 51, 53]]
[[2,6,14,30,22,126],[5, 49, 38, 50, 52, 9, 44]]
[[3,9,6,41,33,54],[5, 49, 38, 50, 9, 44, 54]]
[[3,5,12,13,28,98],[5, 49, 38, 9, 44, 51, 53]]
[[3,7,6,35,33,94],[5, 38, 50, 9, 44, 51, 53]]
[[2,4,8,16,12,88],[5, 38, 50, 9, 44, 51, 54]]
[[4,8,10,16,29,110],[5, 49, 38, 50, 52, 9, 53]]
[[3,7,12,27,38,118],[5, 49, 38, 50, 52, 9, 54]]
[[5,7,17,27,35,61],[5, 49, 38, 50, 9, 53, 54]]
[[5,13,8,25,30,82],[5, 49, 38, 52, 9, 51, 53]]
[[4,8,10,24,24,92],[5, 49, 38, 52, 9, 51, 54]]
[[4,8,28,16,29,62],[5, 49, 38, 9, 51, 53, 54]]
[[4,8,19,16,34,89],[5, 38, 50, 52, 9, 51, 54]]
[[5,7,17,19,50,79],[5, 40, 42, 49, 9, 39, 53]]
[[4,8,22,20,29,110],[5, 40, 42, 50, 9, 39, 54]]
[[4,8,19,16,34,65],[5, 40, 42, 9, 39, 51, 53]]
[[3,5,21,13,33,89],[5, 40, 43, 9, 39, 44, 53]]
[[4,6,19,34,34,75],[5, 40, 43, 9, 39, 53, 54]]
[[4,6,13,14,44,87],[5, 40, 52, 9, 39, 44, 53]]
[[4,6,19,18,39,99],[5, 40, 49, 50, 9, 39, 53]]
[[3,7,24,23,18,112],[5, 40, 49, 50, 9, 39, 54]]
[[3,3,12,31,33,48],[5, 40, 49, 52, 9, 39, 51]]
[[3,7,21,23,33,91],[5, 40, 49, 9, 39, 51, 53]]
[[3,5,15,25,33,113],[5, 40, 50, 52, 9, 39, 51]]
[[2,8,23,28,27,59],[5, 40, 50, 9, 39, 51, 54]]
[[5,9,20,17,40,78],[5, 42, 43, 50, 9, 39, 53]]
[[4,6,31,6,39,63],[5, 42, 43, 52, 9, 39, 51]]
[[4,4,19,12,44,73],[5, 42, 43, 9, 39, 51, 53]]
[[4,6,7,30,29,87],[5, 42, 49, 52, 9, 39, 44]]
[[4,10,13,26,34,85],[5, 42, 50, 9, 39, 44, 53]]
[[3,7,21,23,13,103],[5, 42, 50, 9, 39, 44, 54]]
[[4,12,7,24,29,93],[5, 42, 49, 52, 9, 39, 53]]
[[3,7,6,23,28,70],[5, 42, 49, 9, 39, 53, 54]]
[[3,9,12,29,38,54],[5, 42, 50, 9, 39, 53, 54]]
[[4,12,13,24,44,69],[5, 42, 9, 39, 51, 53, 54]]
[[4,8,16,24,34,80],[5, 49, 43, 50, 9, 39, 53]]
[[3,7,24,23,28,76],[5, 49, 43, 50, 9, 39, 54]]
[[3,7,24,19,13,94],[5, 49, 43, 9, 39, 51, 53]]
[[3,5,9,25,33,113],[5, 43, 50, 52, 9, 39, 51]]
[[3,7,21,23,28,91],[5, 43, 50, 9, 39, 51, 53]]
[[2,4,14,24,22,88],[5, 43, 50, 9, 39, 51, 54]]
[[1,3,19,31,16,99],[5, 43, 52, 9, 39, 53, 54]]
[[3,5,18,17,38,128],[5, 49, 50, 52, 9, 39, 44]]
[[2,6,8,22,42,90],[5, 49, 50, 9, 39, 44, 54]]
[[4,4,10,16,54,88],[5, 50, 9, 39, 44, 51, 53]]
[[3,7,18,19,33,76],[5, 50, 9, 39, 44, 51, 54]]
[[5,7,23,7,40,73],[5, 49, 50, 52, 9, 39, 53]]
[[4,8,19,28,29,71],[5, 49, 50, 52, 9, 39, 54]]
[[4,8,22,8,19,104],[5, 49, 50, 9, 39, 53, 54]]
[[4,6,16,30,44,54],[5, 49, 52, 9, 39, 51, 53]]
[[3,7,18,15,33,64],[5, 49, 52, 9, 39, 51, 54]]
[[4,12,10,16,44,84],[5, 50, 52, 9, 39, 51, 53]]
[[5,7,11,23,55,79],[5, 50, 9, 39, 51, 53, 54]]
[[3,5,9,21,33,83],[5, 40, 42, 49, 43, 9, 53]]
[[3,5,12,13,38,110],[5, 40, 42, 43, 50, 9, 53]]
[[4,10,16,26,24,76],[5, 40, 42, 43, 9, 51, 53]]
[[2,4,20,16,22,76],[5, 40, 42, 49, 52, 9, 44]]
[[4,4,13,36,39,79],[5, 40, 42, 49, 9, 44, 53]]
[[3,7,12,31,33,76],[5, 40, 42, 50, 9, 44, 54]]
[[4,4,13,20,39,79],[5, 40, 42, 50, 52, 9, 53]]
[[5,5,11,17,45,65],[5, 40, 42, 50, 9, 53, 54]]
[[4,6,22,14,44,90],[5, 40, 42, 9, 51, 53, 54]]
[[3,3,6,27,33,48],[5, 40, 43, 9, 44, 53, 54]]
[[4,8,19,20,34,107],[5, 40, 49, 43, 50, 9, 53]]
[[3,3,18,15,38,72],[5, 40, 49, 43, 50, 9, 54]]
[[3,7,12,23,43,112],[5, 40, 49, 43, 52, 9, 51]]
[[5,7,17,39,15,67],[5, 40, 43, 50, 9, 51, 53]]
[[3,5,12,21,18,74],[5, 40, 49, 50, 52, 9, 44]]
[[5,9,23,13,30,87],[5, 40, 49, 50, 9, 44, 53]]
[[4,6,13,26,49,81],[5, 40, 49, 50, 9, 44, 54]]
[[4,4,22,12,54,88],[5, 40, 49, 9, 44, 51, 53]]
[[4,4,22,16,49,70],[5, 40, 50, 9, 44, 51, 53]]
[[3,7,3,15,53,91],[5, 40, 49, 50, 52, 9, 53]]
[[4,8,10,24,54,116],[5, 40, 49, 50, 9, 53, 54]]
[[4,8,19,24,34,71],[5, 40, 49, 52, 9, 51, 53]]
[[3,5,18,21,38,92],[5, 40, 49, 9, 51, 53, 54]]
[[4,4,13,24,39,55],[5, 40, 50, 52, 9, 51, 53]]
[[3,7,18,19,13,94],[5, 40, 50, 9, 51, 53, 54]]
[[4,8,16,24,34,68],[5, 42, 49, 43, 9, 44, 53]]
[[2,2,14,18,37,80],[5, 42, 43, 50, 52, 9, 44]]
[[4,4,10,40,19,76],[5, 42, 43, 50, 9, 44, 53]]
[[3,5,27,17,33,71],[5, 42, 43, 9, 44, 51, 53]]
[[4,6,16,10,29,72],[5, 42, 49, 43, 52, 9, 53]]
[[3,7,12,27,33,88],[5, 42, 49, 43, 52, 9, 54]]
[[5,9,20,17,30,72],[5, 42, 49, 43, 9, 53, 54]]
[[3,5,6,21,53,74],[5, 42, 43, 50, 52, 9, 54]]
[[5,9,14,33,25,54],[5, 42, 43, 52, 9, 51, 53]]
[[5,13,8,25,30,82],[5, 42, 49, 52, 9, 44, 53]]
[[4,8,10,24,24,92],[5, 42, 49, 52, 9, 44, 54]]
[[4,8,28,16,29,62],[5, 42, 49, 9, 44, 53, 54]]
[[4,8,19,16,34,89],[5, 42, 50, 52, 9, 44, 54]]
[[4,8,13,20,39,107],[5, 42, 52, 9, 44, 51, 53]]
[[5,9,17,25,25,57],[5, 42, 9, 44, 51, 53, 54]]
[[2,6,14,30,22,126],[5, 42, 49, 50, 52, 9, 51]]
[[3,9,6,41,33,54],[5, 42, 49, 50, 9, 51, 54]]
[[2,6,23,22,32,57],[5, 42, 50, 52, 9, 53, 54]]
[[3,5,12,25,38,104],[5, 49, 43, 50, 52, 9, 44]]
[[4,6,22,22,34,66],[5, 49, 43, 50, 9, 44, 54]]
[[4,4,19,12,44,73],[5, 49, 43, 9, 44, 51, 53]]
[[3,3,24,11,43,96],[5, 43, 50, 9, 44, 51, 54]]
[[2,4,17,24,37,97],[5, 43, 52, 9, 44, 53, 54]]
[[3,9,6,33,28,96],[5, 49, 43, 50, 52, 9, 53]]
[[2,8,11,28,47,83],[5, 49, 43, 50, 52, 9, 54]]
[[4,6,4,30,39,102],[5, 49, 43, 50, 9, 53, 54]]
[[3,7,12,31,33,112],[5, 49, 43, 52, 9, 51, 54]]
[[3,5,9,21,33,77],[5, 49, 43, 9, 51, 53, 54]]
[[4,10,16,30,24,82],[5, 43, 50, 52, 9, 51, 53]]
[[3,7,6,15,48,100],[5, 43, 50, 52, 9, 51, 54]]
[[3,9,12,25,23,78],[5, 43, 50, 9, 51, 53, 54]]
[[4,6,19,14,49,99],[5, 49, 50, 52, 9, 44, 53]]
[[3,11,15,31,13,83],[5, 49, 50, 52, 9, 44, 54]]
[[3,7,3,35,28,73],[5, 49, 50, 9, 44, 53, 54]]
[[3,7,12,39,33,76],[5, 49, 52, 9, 44, 51, 53]]
[[2,4,11,20,27,55],[5, 49, 52, 9, 44, 51, 54]]
[[3,11,12,19,53,86],[5, 50, 52, 9, 44, 51, 53]]
[[2,8,20,24,27,74],[5, 49, 52, 9, 51, 53, 54]]
[[2,6,8,22,37,60],[5, 50, 52, 9, 51, 53, 54]]
[[4,6,19,18,34,63],[34, 5, 35, 37, 49, 38, 53]]
[[4,6,22,10,34,90],[34, 5, 35, 37, 38, 50, 53]]
[[3,5,24,17,28,92],[34, 5, 35, 37, 38, 50, 54]]
[[3,3,18,15,38,66],[34, 5, 35, 37, 38, 52, 51]]
[[3,5,27,13,28,83],[34, 5, 35, 37, 38, 51, 53]]
[[3,9,24,21,23,60],[34, 5, 35, 37, 49, 39, 53]]
[[3,5,15,9,23,47],[34, 5, 35, 37, 50, 39, 53]]
[[2,6,14,14,22,78],[34, 5, 35, 37, 50, 39, 54]]
[[2,4,14,16,12,88],[34, 5, 35, 37, 52, 39, 51]]
[[4,6,16,14,34,102],[34, 5, 35, 37, 39, 51, 53]]
[[4,10,19,30,19,73],[34, 5, 35, 40, 37, 42, 53]]
[[4,8,16,32,29,80],[34, 5, 35, 40, 37, 50, 54]]
[[4,8,16,24,29,104],[34, 5, 35, 40, 37, 52, 51]]
[[4,6,16,14,44,108],[34, 5, 35, 40, 37, 51, 53]]
[[3,3,18,15,38,66],[34, 5, 35, 37, 42, 52, 44]]
[[3,5,27,13,28,83],[34, 5, 35, 37, 42, 44, 53]]
[[5,9,17,29,30,63],[34, 5, 35, 37, 42, 52, 53]]
[[4,6,25,18,44,69],[34, 5, 35, 37, 42, 53, 54]]
[[5,9,20,9,35,102],[34, 5, 35, 37, 49, 43, 53]]
[[4,6,13,18,29,69],[34, 5, 35, 37, 43, 51, 53]]
[[4,6,7,30,29,99],[34, 5, 35, 37, 49, 52, 44]]
[[4,8,25,16,24,101],[34, 5, 35, 37, 49, 44, 53]]
[[3,3,18,11,33,72],[34, 5, 35, 37, 50, 44, 54]]
[[4,8,10,16,24,104],[34, 5, 35, 37, 49, 52, 53]]
[[3,5,12,13,43,74],[34, 5, 35, 37, 49, 53, 54]]
[[3,5,21,13,23,107],[34, 5, 35, 37, 50, 53, 54]]
[[3,7,18,27,23,88],[34, 5, 35, 37, 52, 51, 53]]
[[4,6,16,10,29,72],[34, 5, 35, 37, 51, 53, 54]]
[[4,6,25,18,44,75],[34, 5, 35, 38, 43, 39, 53]]
[[3,3,12,23,38,102],[34, 5, 35, 38, 52, 39, 44]]
[[3,5,9,21,28,119],[34, 5, 35, 38, 52, 39, 53]]
[[4,8,4,28,39,92],[34, 5, 35, 38, 39, 53, 54]]
[[4,6,16,14,19,78],[34, 5, 35, 40, 38, 43, 53]]
[[3,5,18,25,38,98],[34, 5, 35, 40, 38, 44, 53]]
[[4,6,16,18,39,84],[34, 5, 35, 40, 38, 52, 54]]
[[4,8,16,24,34,68],[34, 5, 35, 40, 38, 53, 54]]
[[5,5,20,21,50,68],[34, 5, 35, 42, 38, 50, 53]]
[[4,8,16,16,39,80],[34, 5, 35, 42, 38, 52, 51]]
[[4,6,19,14,54,111],[34, 5, 35, 42, 38, 51, 53]]
[[3,5,21,13,28,107],[34, 5, 35, 38, 43, 52, 44]]
[[4,4,10,16,54,88],[34, 5, 35, 49, 38, 50, 53]]
[[3,7,18,15,33,64],[34, 5, 35, 49, 38, 50, 54]]
[[3,9,18,29,13,96],[34, 5, 35, 38, 50, 51, 53]]
[[2,6,17,22,52,63],[34, 5, 35, 38, 50, 51, 54]]
[[1,7,13,23,31,67],[34, 5, 35, 38, 52, 53, 54]]
[[3,5,21,13,28,95],[34, 5, 35, 40, 43, 39, 53]]
[[2,4,11,8,32,85],[34, 5, 35, 40, 52, 39, 44]]
[[4,6,19,22,44,93],[34, 5, 35, 40, 39, 44, 53]]
[[4,10,19,18,24,91],[34, 5, 35, 40, 52, 39, 53]]
[[3,5,12,17,33,122],[34, 5, 35, 40, 52, 39, 54]]
[[5,7,5,27,65,49],[34, 5, 35, 40, 39, 53, 54]]
[[4,4,13,28,34,67],[34, 5, 35, 42, 49, 39, 53]]
[[4,6,7,18,39,87],[34, 5, 35, 42, 50, 39, 53]]
[[3,3,15,11,28,69],[34, 5, 35, 42, 50, 39, 54]]
[[3,3,12,23,38,102],[34, 5, 35, 42, 52, 39, 51]]
[[4,6,16,22,39,114],[34, 5, 35, 43, 39, 44, 53]]
[[4,6,13,30,29,93],[34, 5, 35, 43, 52, 39, 53]]
[[5,7,14,35,20,76],[34, 5, 35, 43, 39, 53, 54]]
[[5,11,14,19,30,92],[34, 5, 35, 52, 39, 44, 53]]
[[4,4,19,8,49,91],[34, 5, 35, 39, 44, 53, 54]]
[[3,7,21,23,38,85],[34, 5, 35, 49, 50, 39, 53]]
[[2,4,11,12,17,109],[34, 5, 35, 49, 52, 39, 51]]
[[4,6,16,14,44,78],[34, 5, 35, 49, 39, 51, 53]]
[[2,8,20,36,17,92],[34, 5, 35, 50, 52, 39, 51]]
[[4,6,25,14,44,81],[34, 5, 35, 50, 39, 51, 53]]
[[2,12,8,24,37,78],[34, 5, 35, 52, 39, 53, 54]]
[[4,8,22,16,34,68],[34, 5, 35, 40, 42, 50, 53]]
[[3,9,21,13,13,69],[34, 5, 35, 40, 42, 50, 54]]
[[3,5,18,25,38,98],[34, 5, 35, 40, 42, 51, 53]]
[[4,6,16,26,34,66],[34, 5, 35, 40, 43, 44, 53]]
[[4,10,16,22,24,100],[34, 5, 35, 40, 43, 52, 53]]
[[3,7,12,11,28,82],[34, 5, 35, 40, 43, 52, 54]]
[[3,11,18,19,28,68],[34, 5, 35, 40, 43, 53, 54]]
[[3,7,6,31,38,82],[34, 5, 35, 40, 52, 44, 53]]
[[2,6,14,18,37,96],[34, 5, 35, 40, 52, 44, 54]]
[[4,12,10,24,24,90],[34, 5, 35, 40, 44, 53, 54]]
[[5,5,17,21,30,71],[34, 5, 35, 40, 49, 50, 53]]
[[4,4,10,16,29,64],[34, 5, 35, 40, 49, 52, 51]]
[[4,10,19,18,19,103],[34, 5, 35, 40, 49, 51, 53]]
[[4,6,10,14,39,90],[34, 5, 35, 40, 50, 52, 51]]
[[3,7,24,15,8,82],[34, 5, 35, 40, 50, 51, 54]]
[[2,4,14,16,42,94],[34, 5, 35, 40, 52, 53, 54]]
[[4,8,13,24,24,95],[34, 5, 35, 42, 49, 43, 53]]
[[4,10,16,14,24,88],[34, 5, 35, 42, 43, 50, 53]]
[[3,5,18,29,48,62],[34, 5, 35, 42, 43, 50, 54]]
[[3,5,21,13,28,107],[34, 5, 35, 42, 43, 52, 51]]
[[3,9,18,29,13,96],[34, 5, 35, 42, 50, 44, 53]]
[[2,6,17,22,52,63],[34, 5, 35, 42, 50, 44, 54]]
[[4,6,19,18,34,87],[34, 5, 35, 42, 49, 53, 54]]
[[5,5,8,21,55,98],[34, 5, 35, 42, 50, 52, 53]]
[[4,4,19,20,49,79],[34, 5, 35, 42, 50, 53, 54]]
[[3,3,15,11,23,57],[34, 5, 35, 43, 52, 44, 53]]
[[4,8,10,28,44,74],[34, 5, 35, 43, 44, 53, 54]]
[[3,7,15,15,18,73],[34, 5, 35, 43, 50, 51, 54]]
[[2,4,11,28,42,79],[34, 5, 35, 43, 52, 53, 54]]
[[4,6,10,22,44,54],[34, 5, 35, 49, 50, 44, 53]]
[[5,5,20,21,50,68],[34, 5, 35, 50, 44, 51, 53]]
[[3,9,12,37,28,72],[34, 5, 35, 52, 44, 53, 54]]
[[4,6,10,34,24,78],[34, 5, 35, 49, 50, 52, 53]]
[[3,5,15,21,23,95],[34, 5, 35, 49, 52, 51, 53]]
[[4,8,16,24,39,80],[34, 5, 35, 49, 51, 53, 54]]
[[3,7,12,23,18,76],[34, 5, 35, 50, 52, 51, 53]]
[[3,5,9,29,48,77],[34, 5, 37, 42, 38, 39, 53]]
[[4,4,16,16,29,64],[34, 5, 37, 49, 38, 39, 53]]
[[4,6,10,14,44,66],[34, 5, 37, 38, 50, 39, 53]]
[[3,7,12,11,28,58],[34, 5, 37, 38, 52, 39, 51]]
[[4,10,10,14,19,100],[34, 5, 40, 37, 49, 38, 53]]
[[4,6,19,26,44,63],[34, 5, 40, 37, 38, 50, 53]]
[[3,5,15,9,23,101],[34, 5, 40, 37, 38, 52, 51]]
[[3,9,21,33,18,87],[34, 5, 40, 37, 38, 51, 53]]
[[5,7,20,19,45,82],[34, 5, 37, 42, 38, 43, 53]]
[[4,8,13,28,34,95],[34, 5, 37, 42, 38, 44, 53]]
[[3,7,6,31,28,64],[34, 5, 37, 42, 38, 52, 54]]
[[3,11,15,19,23,83],[34, 5, 37, 42, 38, 53, 54]]
[[3,7,21,19,23,103],[34, 5, 37, 38, 43, 50, 54]]
[[3,3,12,19,28,90],[34, 5, 37, 38, 43, 52, 51]]
[[3,5,21,17,33,101],[34, 5, 37, 38, 43, 51, 53]]
[[3,7,18,27,28,106],[34, 5, 37, 49, 38, 52, 44]]
[[3,3,24,15,48,84],[34, 5, 37, 38, 50, 52, 44]]
[[3,3,9,15,33,99],[34, 5, 37, 38, 50, 44, 53]]
[[2,4,17,20,37,91],[34, 5, 37, 38, 50, 44, 54]]
[[4,10,22,18,19,88],[34, 5, 37, 38, 44, 51, 53]]
[[5,7,11,23,40,103],[34, 5, 37, 49, 38, 52, 53]]
[[4,10,22,22,19,76],[34, 5, 37, 49, 38, 53, 54]]
[[5,7,26,11,40,52],[34, 5, 37, 38, 50, 52, 53]]
[[4,8,7,20,64,71],[34, 5, 37, 38, 50, 53, 54]]
[[4,8,10,40,14,62],[34, 5, 37, 38, 52, 51, 53]]
[[3,9,15,17,23,69],[34, 5, 37, 38, 52, 51, 54]]
[[5,9,14,33,25,60],[34, 5, 37, 38, 51, 53, 54]]
[[4,4,13,24,34,91],[34, 5, 40, 37, 42, 39, 53]]
[[3,5,18,9,28,92],[34, 5, 40, 37, 49, 39, 53]]
[[3,9,12,25,43,72],[34, 5, 40, 37, 50, 39, 53]]
[[2,8,17,28,37,71],[34, 5, 40, 37, 50, 39, 54]]
[[2,6,20,22,22,78],[34, 5, 40, 37, 52, 39, 51]]
[[3,7,12,11,28,58],[34, 5, 37, 42, 52, 39, 44]]
[[3,11,15,35,23,83],[34, 5, 37, 42, 52, 39, 53]]
[[4,8,16,24,29,80],[34, 5, 37, 42, 39, 53, 54]]
[[3,9,21,25,3,105],[34, 5, 37, 49, 43, 39, 53]]
[[3,3,12,27,38,78],[34, 5, 37, 43, 50, 39, 53]]
[[2,4,23,20,27,79],[34, 5, 37, 43, 50, 39, 54]]
[[2,8,17,32,12,101],[34, 5, 37, 43, 52, 39, 51]]
[[4,6,19,22,39,81],[34, 5, 37, 43, 39, 51, 53]]
[[2,4,8,16,12,100],[34, 5, 37, 49, 52, 39, 44]]
[[2,4,17,12,17,73],[34, 5, 37, 50, 52, 39, 44]]
[[4,4,13,12,39,85],[34, 5, 37, 50, 39, 44, 53]]
[[3,7,18,23,33,64],[34, 5, 37, 50, 39, 44, 54]]
[[3,5,9,29,48,77],[34, 5, 37, 39, 44, 51, 53]]
[[3,9,15,25,53,63],[34, 5, 37, 49, 52, 39, 54]]
[[4,8,13,20,59,65],[34, 5, 37, 50, 52, 39, 53]]
[[3,7,12,31,28,76],[34, 5, 37, 50, 52, 39, 54]]
[[5,7,20,23,30,70],[34, 5, 37, 50, 39, 53, 54]]
[[4,6,10,38,34,90],[34, 5, 37, 52, 39, 51, 54]]
[[4,10,10,14,44,82],[34, 5, 37, 39, 51, 53, 54]]
[[4,10,16,18,24,94],[34, 5, 40, 37, 42, 43, 53]]
[[3,5,15,9,23,101],[34, 5, 40, 37, 42, 52, 44]]
[[3,9,21,33,18,87],[34, 5, 40, 37, 42, 44, 53]]
[[5,7,11,15,45,73],[34, 5, 40, 37, 43, 50, 53]]
[[4,4,7,20,29,55],[34, 5, 40, 37, 43, 50, 54]]
[[4,6,22,14,34,66],[34, 5, 40, 37, 43, 52, 51]]
[[4,8,19,20,24,101],[34, 5, 40, 37, 50, 52, 44]]
[[4,8,10,24,14,68],[34, 5, 40, 37, 50, 44, 53]]
[[3,7,21,19,28,73],[34, 5, 40, 37, 50, 44, 54]]
[[3,7,12,19,43,46],[34, 5, 40, 37, 49, 53, 54]]
[[4,4,19,8,54,109],[34, 5, 40, 37, 50, 52, 53]]
[[3,7,12,11,18,46],[34, 5, 40, 37, 50, 53, 54]]
[[3,5,9,21,28,77],[34, 5, 40, 37, 52, 51, 53]]
[[4,8,4,20,49,86],[34, 5, 40, 37, 51, 53, 54]]
[[3,3,12,19,28,90],[34, 5, 37, 42, 43, 52, 44]]
[[3,5,21,17,33,101],[34, 5, 37, 42, 43, 44, 53]]
[[5,9,17,21,30,75],[34, 5, 37, 42, 43, 52, 53]]
[[4,8,16,24,29,104],[34, 5, 37, 42, 43, 52, 54]]
[[4,6,13,18,44,69],[34, 5, 37, 42, 43, 53, 54]]
[[4,8,10,40,14,62],[34, 5, 37, 42, 52, 44, 53]]
[[3,9,15,17,23,69],[34, 5, 37, 42, 52, 44, 54]]
[[5,9,14,33,25,60],[34, 5, 37, 42, 44, 53, 54]]
[[4,8,16,16,24,74],[34, 5, 37, 42, 49, 50, 53]]
[[3,7,18,27,28,106],[34, 5, 37, 42, 49, 52, 51]]
[[3,3,24,15,48,84],[34, 5, 37, 42, 50, 52, 51]]
[[3,3,9,15,33,99],[34, 5, 37, 42, 50, 51, 53]]
[[2,4,17,20,37,91],[34, 5, 37, 42, 50, 51, 54]]
[[4,4,10,24,24,88],[34, 5, 37, 49, 43, 52, 44]]
[[4,6,22,18,39,96],[34, 5, 37, 49, 43, 44, 53]]
[[4,8,19,20,29,77],[34, 5, 37, 43, 50, 52, 44]]
[[3,3,12,7,33,108],[34, 5, 37, 43, 50, 44, 54]]
[[5,7,20,19,45,82],[34, 5, 37, 43, 44, 51, 53]]
[[3,7,15,19,43,67],[34, 5, 37, 49, 43, 53, 54]]
[[4,10,19,26,24,73],[34, 5, 37, 43, 50, 52, 53]]
[[3,11,6,23,48,92],[34, 5, 37, 43, 50, 52, 54]]
[[3,13,15,25,43,55],[34, 5, 37, 43, 50, 53, 54]]
[[3,9,15,29,23,105],[34, 5, 37, 43, 52, 51, 53]]
[[2,6,8,14,22,54],[34, 5, 37, 43, 52, 51, 54]]
[[3,5,9,17,18,65],[34, 5, 37, 49, 52, 44, 53]]
[[3,7,15,39,38,73],[34, 5, 37, 50, 52, 44, 53]]
[[2,6,5,22,37,87],[34, 5, 37, 50, 52, 44, 54]]
[[4,10,13,18,44,85],[34, 5, 37, 50, 44, 53, 54]]
[[3,7,6,31,28,64],[34, 5, 37, 52, 44, 51, 54]]
[[3,11,15,19,23,83],[34, 5, 37, 44, 51, 53, 54]]
[[4,8,10,24,24,92],[34, 5, 37, 49, 50, 52, 51]]
[[4,8,16,24,34,98],[34, 5, 37, 49, 50, 51, 53]]
[[3,5,15,9,23,101],[34, 5, 37, 49, 50, 51, 54]]
[[2,6,14,18,27,66],[34, 5, 37, 49, 52, 53, 54]]
[[3,5,12,17,33,104],[34, 5, 37, 52, 51, 53, 54]]
[[3,5,18,17,43,98],[34, 5, 40, 38, 52, 39, 44]]
[[3,5,12,13,23,80],[34, 5, 40, 38, 52, 39, 53]]
[[4,8,13,20,59,65],[34, 5, 40, 38, 39, 53, 54]]
[[3,5,18,17,28,62],[34, 5, 42, 49, 38, 39, 53]]
[[3,5,15,17,23,77],[34, 5, 42, 38, 50, 39, 53]]
[[2,4,20,24,27,100],[34, 5, 42, 38, 52, 39, 51]]
[[4,8,16,20,34,98],[34, 5, 42, 38, 39, 51, 53]]
[[3,7,6,23,38,52],[34, 5, 38, 43, 52, 39, 44]]
[[5,13,8,21,35,88],[34, 5, 38, 43, 39, 44, 53]]
[[2,6,17,22,17,63],[34, 5, 38, 43, 52, 39, 54]]
[[4,8,10,24,34,92],[34, 5, 38, 52, 39, 44, 53]]
[[3,7,12,27,28,94],[34, 5, 38, 52, 39, 44, 54]]
[[3,7,12,27,48,58],[34, 5, 38, 39, 44, 53, 54]]
[[3,7,27,23,23,79],[34, 5, 49, 38, 50, 39, 54]]
[[5,9,14,25,30,102],[34, 5, 49, 38, 39, 51, 53]]
[[3,7,12,27,28,94],[34, 5, 38, 50, 52, 39, 51]]
[[4,10,13,38,19,55],[34, 5, 38, 50, 39, 51, 54]]
[[3,7,24,23,23,106],[34, 5, 38, 52, 39, 53, 54]]
[[5,11,14,19,30,92],[34, 5, 40, 42, 49, 38, 53]]
[[4,6,13,18,44,99],[34, 5, 40, 42, 38, 50, 54]]
[[4,6,16,18,39,108],[34, 5, 40, 42, 38, 51, 53]]
[[3,3,18,7,38,120],[34, 5, 40, 38, 43, 44, 53]]
[[5,7,11,15,45,73],[34, 5, 40, 38, 43, 52, 53]]
[[4,6,25,14,39,69],[34, 5, 40, 38, 43, 53, 54]]
[[4,10,13,18,44,85],[34, 5, 40, 38, 52, 44, 53]]
[[5,9,23,13,30,87],[34, 5, 40, 38, 44, 53, 54]]
[[3,7,21,15,23,79],[34, 5, 40, 49, 38, 50, 54]]
[[3,3,21,7,33,87],[34, 5, 40, 49, 38, 52, 51]]
[[3,3,21,7,38,99],[34, 5, 40, 49, 38, 51, 53]]
[[3,7,21,23,23,103],[34, 5, 40, 38, 50, 51, 53]]
[[5,7,17,11,40,97],[34, 5, 42, 38, 43, 50, 53]]
[[4,10,7,22,49,67],[34, 5, 42, 38, 43, 50, 54]]
[[4,6,19,14,44,123],[34, 5, 42, 38, 43, 51, 53]]
[[4,6,16,14,34,90],[34, 5, 42, 49, 38, 52, 44]]
[[4,8,13,20,24,83],[34, 5, 42, 38, 50, 44, 53]]
[[3,9,15,25,18,81],[34, 5, 42, 38, 50, 44, 54]]
[[5,9,8,33,30,78],[34, 5, 42, 38, 44, 51, 53]]
[[4,10,19,18,14,103],[34, 5, 42, 49, 38, 52, 53]]
[[3,5,12,17,33,92],[34, 5, 42, 49, 38, 53, 54]]
[[4,8,19,12,24,107],[34, 5, 42, 38, 50, 52, 53]]
[[3,9,15,25,33,81],[34, 5, 42, 38, 50, 52, 54]]
[[3,9,12,17,63,72],[34, 5, 42, 38, 50, 53, 54]]
[[3,7,15,19,43,103],[34, 5, 42, 38, 52, 51, 53]]
[[2,4,14,16,22,52],[34, 5, 42, 38, 52, 51, 54]]
[[3,7,12,27,48,94],[34, 5, 38, 43, 52, 44, 54]]
[[4,4,16,24,34,64],[34, 5, 49, 38, 43, 50, 53]]
[[3,3,21,11,38,93],[34, 5, 49, 38, 43, 51, 53]]
[[3,3,24,19,48,78],[34, 5, 38, 43, 50, 52, 51]]
[[3,5,27,13,23,83],[34, 5, 38, 43, 50, 51, 53]]
[[2,2,23,14,27,71],[34, 5, 38, 43, 50, 51, 54]]
[[1,5,13,21,16,71],[34, 5, 38, 43, 52, 53, 54]]
[[3,5,21,17,33,83],[34, 5, 49, 38, 50, 44, 53]]
[[2,2,20,10,12,80],[34, 5, 49, 38, 50, 44, 54]]
[[4,6,13,14,44,81],[34, 5, 49, 38, 44, 51, 53]]
[[3,5,12,21,28,86],[34, 5, 38, 50, 44, 51, 54]]
[[2,8,20,32,12,92],[34, 5, 38, 52, 44, 53, 54]]
[[4,10,16,22,34,94],[34, 5, 49, 38, 50, 52, 54]]
[[4,10,22,18,19,88],[34, 5, 49, 38, 50, 53, 54]]
[[4,12,16,20,14,102],[34, 5, 49, 38, 52, 51, 53]]
[[3,9,12,9,13,66],[34, 5, 49, 38, 52, 51, 54]]
[[5,13,8,25,30,82],[34, 5, 49, 38, 51, 53, 54]]
[[4,8,7,16,59,65],[34, 5, 38, 50, 52, 51, 53]]
[[5,7,17,19,35,79],[34, 5, 38, 50, 51, 53, 54]]
[[4,8,19,20,29,65],[34, 5, 40, 42, 49, 39, 53]]
[[4,6,22,22,44,60],[34, 5, 40, 42, 50, 39, 53]]
[[3,5,18,17,43,98],[34, 5, 40, 42, 52, 39, 51]]
[[2,2,26,14,22,62],[34, 5, 40, 43, 52, 39, 44]]
[[4,8,19,24,39,59],[34, 5, 40, 43, 52, 39, 53]]
[[5,9,17,25,25,69],[34, 5, 40, 43, 39, 53, 54]]
[[5,9,20,21,25,72],[34, 5, 40, 52, 39, 44, 53]]
[[4,10,10,18,19,88],[34, 5, 40, 39, 44, 53, 54]]
[[3,5,21,13,23,101],[34, 5, 40, 49, 50, 39, 53]]
[[2,4,11,20,37,61],[34, 5, 40, 49, 50, 39, 54]]
[[2,4,14,16,22,100],[34, 5, 40, 49, 52, 39, 51]]
[[4,8,19,24,34,77],[34, 5, 40, 49, 39, 51, 53]]
[[2,4,17,20,27,85],[34, 5, 40, 50, 52, 39, 51]]
[[4,4,16,12,49,112],[34, 5, 40, 50, 39, 51, 53]]
[[3,5,24,13,28,86],[34, 5, 40, 50, 39, 51, 54]]
[[4,4,13,16,54,103],[34, 5, 42, 49, 43, 39, 53]]
[[4,8,25,24,29,65],[34, 5, 42, 43, 50, 39, 53]]
[[3,5,24,13,28,98],[34, 5, 42, 43, 50, 39, 54]]
[[3,7,6,23,38,52],[34, 5, 42, 43, 52, 39, 51]]
[[5,13,8,21,35,88],[34, 5, 42, 43, 39, 51, 53]]
[[5,9,14,25,30,102],[34, 5, 42, 49, 39, 44, 53]]
[[3,7,12,27,28,94],[34, 5, 42, 50, 52, 39, 44]]
[[4,10,13,38,19,55],[34, 5, 42, 50, 39, 44, 54]]
[[4,10,16,26,34,82],[34, 5, 42, 39, 44, 51, 53]]
[[3,5,12,17,38,116],[34, 5, 42, 49, 52, 39, 53]]
[[2,6,11,30,47,63],[34, 5, 42, 49, 52, 39, 54]]
[[3,7,9,23,18,97],[34, 5, 42, 50, 52, 39, 53]]
[[2,6,14,18,17,96],[34, 5, 42, 50, 52, 39, 54]]
[[4,6,10,38,9,66],[34, 5, 42, 50, 39, 53, 54]]
[[4,8,10,24,34,92],[34, 5, 42, 52, 39, 51, 53]]
[[3,7,12,27,28,94],[34, 5, 42, 52, 39, 51, 54]]
[[3,7,12,27,48,58],[34, 5, 42, 39, 51, 53, 54]]
[[4,6,10,22,49,66],[34, 5, 43, 39, 44, 53, 54]]
[[3,11,15,15,33,65],[34, 5, 49, 43, 50, 39, 53]]
[[2,4,17,20,22,109],[34, 5, 49, 43, 50, 39, 54]]
[[2,2,20,14,32,86],[34, 5, 49, 43, 52, 39, 51]]
[[2,4,20,12,2,52],[34, 5, 43, 50, 52, 39, 51]]
[[4,6,22,14,39,72],[34, 5, 43, 50, 39, 51, 53]]
[[3,5,21,25,38,89],[34, 5, 43, 50, 39, 51, 54]]
[[2,6,23,26,17,75],[34, 5, 43, 52, 39, 53, 54]]
[[2,2,20,14,22,86],[34, 5, 49, 50, 52, 39, 44]]
[[4,6,25,18,44,69],[34, 5, 49, 50, 39, 44, 53]]
[[3,5,15,21,33,77],[34, 5, 49, 50, 39, 44, 54]]
[[3,5,18,17,28,62],[34, 5, 49, 39, 44, 51, 53]]
[[3,5,15,17,23,77],[34, 5, 50, 39, 44, 51, 53]]
[[1,3,13,19,46,75],[34, 5, 52, 39, 44, 53, 54]]
[[3,9,12,17,38,60],[34, 5, 49, 50, 52, 39, 54]]
[[5,9,11,29,45,81],[34, 5, 49, 50, 39, 53, 54]]
[[5,11,20,15,15,104],[34, 5, 49, 52, 39, 51, 53]]
[[4,10,16,26,24,76],[34, 5, 49, 39, 51, 53, 54]]
[[4,8,16,28,24,68],[34, 5, 50, 52, 39, 51, 54]]
[[4,6,19,14,44,99],[34, 5, 40, 42, 49, 43, 53]]
[[4,8,16,8,24,86],[34, 5, 40, 42, 43, 50, 53]]
[[3,3,18,7,38,120],[34, 5, 40, 42, 43, 51, 53]]
[[3,3,21,7,33,87],[34, 5, 40, 42, 49, 52, 44]]
[[3,3,21,7,38,99],[34, 5, 40, 42, 49, 44, 53]]
[[3,7,21,23,23,103],[34, 5, 40, 42, 50, 44, 53]]
[[4,4,13,16,54,109],[34, 5, 40, 42, 44, 51, 53]]
[[5,11,11,19,20,119],[34, 5, 40, 42, 49, 52, 53]]
[[4,4,10,16,34,82],[34, 5, 40, 42, 49, 53, 54]]
[[4,6,7,22,34,63],[34, 5, 40, 42, 50, 53, 54]]
[[4,10,13,18,44,85],[34, 5, 40, 42, 52, 51, 53]]
[[5,9,23,13,30,87],[34, 5, 40, 42, 51, 53, 54]]
[[3,3,12,11,28,84],[34, 5, 40, 43, 52, 44, 53]]
[[4,8,19,24,34,71],[34, 5, 40, 43, 44, 53, 54]]
[[5,7,11,23,25,67],[34, 5, 40, 49, 43, 50, 53]]
[[4,8,19,20,29,89],[34, 5, 40, 49, 43, 50, 54]]
[[4,8,7,28,19,77],[34, 5, 40, 43, 50, 52, 51]]
[[3,5,24,13,28,98],[34, 5, 40, 43, 50, 51, 54]]
[[2,4,14,20,27,88],[34, 5, 40, 43, 52, 53, 54]]
[[4,6,7,14,34,105],[34, 5, 40, 49, 50, 44, 53]]
[[5,11,14,19,30,92],[34, 5, 40, 49, 44, 51, 53]]
[[4,6,13,18,44,99],[34, 5, 40, 50, 44, 51, 54]]
[[4,6,19,14,39,117],[34, 5, 40, 49, 50, 52, 53]]
[[3,5,15,13,28,65],[34, 5, 40, 49, 50, 53, 54]]
[[3,5,12,29,43,80],[34, 5, 40, 49, 52, 51, 53]]
[[3,7,24,23,33,70],[34, 5, 40, 50, 52, 51, 53]]
[[4,4,13,28,49,79],[34, 5, 40, 50, 51, 53, 54]]
[[3,3,21,11,38,93],[34, 5, 42, 49, 43, 44, 53]]
[[3,3,24,19,48,78],[34, 5, 42, 43, 50, 52, 44]]
[[3,5,27,13,23,83],[34, 5, 42, 43, 50, 44, 53]]
[[2,2,23,14,27,71],[34, 5, 42, 43, 50, 44, 54]]
[[4,8,22,8,19,104],[34, 5, 42, 43, 44, 51, 53]]
[[5,11,11,19,45,59],[34, 5, 42, 49, 43, 52, 53]]
[[4,10,7,22,49,67],[34, 5, 42, 49, 43, 52, 54]]
[[4,8,13,20,49,65],[34, 5, 42, 49, 43, 53, 54]]
[[5,9,14,17,40,84],[34, 5, 42, 43, 50, 52, 53]]
[[4,8,16,16,29,92],[34, 5, 42, 43, 50, 53, 54]]
[[3,7,12,27,48,94],[34, 5, 42, 43, 52, 51, 54]]
[[4,12,16,20,14,102],[34, 5, 42, 49, 52, 44, 53]]
[[3,9,12,9,13,66],[34, 5, 42, 49, 52, 44, 54]]
[[5,13,8,25,30,82],[34, 5, 42, 49, 44, 53, 54]]
[[4,8,7,16,59,65],[34, 5, 42, 50, 52, 44, 53]]
[[5,7,17,19,35,79],[34, 5, 42, 50, 44, 53, 54]]
[[4,6,13,22,19,75],[34, 5, 42, 52, 44, 51, 54]]
[[3,5,21,17,33,83],[34, 5, 42, 49, 50, 51, 53]]
[[2,2,20,10,12,80],[34, 5, 42, 49, 50, 51, 54]]
[[1,5,13,17,21,41],[34, 5, 42, 49, 52, 53, 54]]
[[1,7,7,11,31,67],[34, 5, 42, 50, 52, 53, 54]]
[[2,8,20,32,12,92],[34, 5, 42, 52, 51, 53, 54]]
[[4,8,16,36,34,50],[34, 5, 49, 43, 50, 44, 53]]
[[5,7,17,11,40,97],[34, 5, 43, 50, 44, 51, 53]]
[[4,10,7,22,49,67],[34, 5, 43, 50, 44, 51, 54]]
[[3,9,15,29,28,99],[34, 5, 43, 52, 44, 53, 54]]
[[3,5,24,17,28,92],[34, 5, 49, 43, 50, 52, 54]]
[[3,7,9,23,33,67],[34, 5, 49, 43, 50, 53, 54]]
[[2,10,11,30,27,103],[34, 5, 49, 43, 52, 51, 54]]
[[3,9,12,33,18,84],[34, 5, 43, 50, 52, 51, 53]]
[[2,4,14,20,42,76],[34, 5, 43, 50, 52, 51, 54]]
[[4,6,13,14,44,87],[34, 5, 43, 50, 51, 53, 54]]
[[3,7,15,27,38,91],[34, 5, 49, 50, 52, 44, 53]]
[[4,6,13,22,49,69],[34, 5, 49, 50, 44, 53, 54]]
[[4,10,19,18,14,103],[34, 5, 49, 52, 44, 51, 53]]
[[3,5,12,17,33,92],[34, 5, 49, 44, 51, 53, 54]]
[[4,8,19,12,24,107],[34, 5, 50, 52, 44, 51, 53]]
[[3,9,15,25,33,81],[34, 5, 50, 52, 44, 51, 54]]
[[3,9,12,17,63,72],[34, 5, 50, 44, 51, 53, 54]]
[[2,6,23,26,27,75],[34, 5, 49, 50, 52, 53, 54]]
[[3,7,18,15,28,64],[34, 5, 50, 52, 51, 53, 54]]
[[4,4,22,8,44,70],[5, 35, 37, 42, 38, 39, 53]]
[[3,7,21,15,28,85],[5, 35, 37, 49, 38, 39, 53]]
[[2,4,20,24,32,100],[5, 35, 37, 38, 50, 39, 54]]
[[4,6,19,22,34,69],[5, 35, 37, 38, 39, 51, 53]]
[[5,7,23,15,45,67],[5, 35, 40, 37, 49, 38, 53]]
[[5,7,20,19,45,88],[5, 35, 40, 37, 38, 50, 53]]
[[4,10,19,26,24,85],[5, 35, 40, 37, 38, 52, 51]]
[[4,8,13,32,29,59],[5, 35, 37, 42, 38, 43, 53]]
[[3,5,21,25,33,95],[5, 35, 37, 42, 38, 52, 44]]
[[3,5,21,17,38,107],[5, 35, 37, 42, 38, 44, 53]]
[[5,11,14,35,15,56],[5, 35, 37, 42, 38, 52, 53]]
[[4,8,19,16,29,101],[5, 35, 37, 42, 38, 53, 54]]
[[5,5,14,17,65,86],[5, 35, 37, 38, 43, 50, 53]]
[[4,6,31,6,39,63],[5, 35, 37, 38, 43, 50, 54]]
[[4,6,28,14,44,72],[5, 35, 37, 38, 43, 51, 53]]
[[4,8,16,20,39,86],[5, 35, 37, 49, 38, 44, 53]]
[[4,8,19,20,29,89],[5, 35, 37, 38, 50, 52, 44]]
[[4,4,16,20,49,94],[5, 35, 37, 38, 50, 44, 53]]
[[3,3,24,11,43,84],[5, 35, 37, 38, 50, 44, 54]]
[[5,7,14,39,15,70],[5, 35, 37, 38, 44, 51, 53]]
[[4,6,13,26,34,87],[5, 35, 37, 49, 38, 52, 53]]
[[3,7,15,31,33,103],[5, 35, 37, 49, 38, 53, 54]]
[[4,10,13,26,34,85],[5, 35, 37, 38, 50, 52, 53]]
[[3,9,12,25,28,84],[5, 35, 37, 38, 50, 52, 54]]
[[3,9,9,21,33,75],[5, 35, 37, 38, 50, 53, 54]]
[[3,7,18,23,38,94],[5, 35, 37, 38, 52, 51, 53]]
[[2,6,2,38,27,42],[5, 35, 37, 38, 52, 51, 54]]
[[3,3,15,27,38,69],[5, 35, 40, 37, 42, 39, 53]]
[[4,4,19,4,44,85],[5, 35, 40, 37, 49, 39, 53]]
[[3,5,18,17,33,86],[5, 35, 40, 37, 50, 39, 54]]
[[5,9,17,29,30,51],[5, 35, 40, 37, 39, 51, 53]]
[[3,7,15,23,28,73],[5, 35, 37, 42, 43, 39, 53]]
[[4,6,19,22,34,69],[5, 35, 37, 42, 39, 44, 53]]
[[3,7,6,19,48,94],[5, 35, 37, 42, 52, 39, 54]]
[[4,6,22,14,34,84],[5, 35, 37, 43, 50, 39, 53]]
[[3,5,21,9,23,83],[5, 35, 37, 43, 50, 39, 54]]
[[5,9,20,17,30,72],[5, 35, 37, 43, 39, 51, 53]]
[[3,7,18,23,43,64],[5, 35, 37, 49, 52, 39, 44]]
[[3,3,21,15,38,81],[5, 35, 37, 50, 52, 39, 44]]
[[4,8,16,12,19,116],[5, 35, 37, 50, 39, 44, 54]]
[[4,4,22,8,44,70],[5, 35, 37, 39, 44, 51, 53]]
[[3,9,15,25,18,81],[5, 35, 37, 49, 52, 39, 53]]
[[2,8,8,12,42,80],[5, 35, 37, 49, 52, 39, 54]]
[[4,8,13,28,34,77],[5, 35, 37, 49, 39, 53, 54]]
[[2,6,14,22,32,54],[5, 35, 37, 50, 52, 39, 54]]
[[4,8,16,32,24,68],[5, 35, 37, 52, 39, 51, 53]]
[[3,5,18,17,43,98],[5, 35, 37, 52, 39, 51, 54]]
[[3,5,9,17,23,59],[5, 35, 37, 39, 51, 53, 54]]
[[4,10,19,26,24,85],[5, 35, 40, 37, 42, 52, 44]]
[[4,8,19,20,29,77],[5, 35, 40, 37, 42, 52, 53]]
[[3,3,6,35,23,48],[5, 35, 40, 37, 42, 53, 54]]
[[4,8,19,24,29,89],[5, 35, 40, 37, 49, 43, 53]]
[[4,4,13,40,24,61],[5, 35, 40, 37, 43, 50, 53]]
[[3,3,18,19,38,78],[5, 35, 40, 37, 43, 52, 51]]
[[3,5,24,21,33,92],[5, 35, 40, 37, 43, 51, 53]]
[[3,7,18,19,18,94],[5, 35, 40, 37, 49, 52, 44]]
[[3,3,15,27,43,93],[5, 35, 40, 37, 49, 44, 53]]
[[3,5,15,13,28,101],[5, 35, 40, 37, 50, 44, 53]]
[[2,2,17,10,17,65],[5, 35, 40, 37, 50, 44, 54]]
[[4,4,13,8,44,103],[5, 35, 40, 37, 50, 53, 54]]
[[4,4,16,20,39,76],[5, 35, 40, 37, 52, 51, 53]]
[[5,9,17,21,30,75],[5, 35, 40, 37, 51, 53, 54]]
[[4,6,28,14,44,72],[5, 35, 37, 42, 43, 44, 53]]
[[3,5,12,41,33,74],[5, 35, 37, 42, 43, 52, 54]]
[[3,7,18,23,23,88],[5, 35, 37, 42, 43, 53, 54]]
[[3,7,18,23,38,94],[5, 35, 37, 42, 52, 44, 53]]
[[2,6,2,38,27,42],[5, 35, 37, 42, 52, 44, 54]]
[[4,6,10,18,59,96],[5, 35, 37, 42, 49, 50, 54]]
[[4,8,16,20,39,86],[5, 35, 37, 42, 49, 51, 53]]
[[4,8,19,20,29,89],[5, 35, 37, 42, 50, 52, 51]]
[[4,4,16,20,49,94],[5, 35, 37, 42, 50, 51, 53]]
[[3,3,24,11,43,84],[5, 35, 37, 42, 50, 51, 54]]
[[2,4,17,24,22,115],[5, 35, 37, 42, 52, 53, 54]]
[[3,5,24,13,28,98],[5, 35, 37, 49, 43, 52, 44]]
[[3,3,12,19,28,90],[5, 35, 37, 49, 43, 44, 53]]
[[3,5,12,29,23,80],[5, 35, 37, 43, 50, 52, 44]]
[[3,3,21,11,38,75],[5, 35, 37, 43, 50, 44, 53]]
[[2,2,14,14,37,86],[5, 35, 37, 43, 50, 44, 54]]
[[4,8,13,32,29,59],[5, 35, 37, 43, 44, 51, 53]]
[[5,9,23,13,30,87],[5, 35, 37, 49, 43, 52, 53]]
[[4,6,13,18,39,93],[5, 35, 37, 49, 43, 52, 54]]
[[4,8,19,16,29,101],[5, 35, 37, 49, 43, 53, 54]]
[[4,12,13,36,24,45],[5, 35, 37, 43, 52, 51, 53]]
[[5,9,20,25,30,60],[5, 35, 37, 43, 51, 53, 54]]
[[4,8,13,32,44,53],[5, 35, 37, 49, 52, 44, 53]]
[[3,11,12,27,28,98],[5, 35, 37, 49, 52, 44, 54]]
[[5,11,17,27,15,65],[5, 35, 37, 49, 44, 53, 54]]
[[3,7,15,31,43,79],[5, 35, 37, 50, 52, 44, 54]]
[[5,11,14,35,15,56],[5, 35, 37, 52, 44, 51, 53]]
[[4,8,19,16,29,101],[5, 35, 37, 44, 51, 53, 54]]
[[2,4,20,20,22,100],[5, 35, 37, 49, 50, 51, 54]]
[[1,5,13,17,61,53],[5, 35, 37, 49, 52, 53, 54]]
[[1,9,19,41,16,63],[5, 35, 37, 50, 52, 53, 54]]
[[2,4,26,24,32,82],[5, 35, 37, 52, 51, 53, 54]]
[[3,5,24,25,43,74],[5, 35, 40, 38, 43, 39, 53]]
[[2,4,8,36,57,52],[5, 35, 40, 38, 52, 39, 44]]
[[4,4,13,24,39,55],[5, 35, 42, 49, 38, 39, 53]]
[[3,3,12,7,33,120],[5, 35, 42, 38, 50, 39, 54]]
[[5,11,14,27,15,86],[5, 35, 42, 38, 39, 51, 53]]
[[2,6,17,26,17,105],[5, 35, 38, 43, 52, 39, 44]]
[[4,8,25,20,29,83],[5, 35, 38, 43, 39, 44, 53]]
[[4,10,16,22,24,106],[5, 35, 38, 43, 52, 39, 53]]
[[3,5,15,25,33,83],[5, 35, 38, 43, 52, 39, 54]]
[[4,10,19,18,14,109],[5, 35, 38, 52, 39, 44, 54]]
[[4,6,16,14,44,78],[5, 35, 38, 39, 44, 53, 54]]
[[3,9,9,17,33,51],[5, 35, 49, 38, 50, 39, 53]]
[[2,4,26,24,32,76],[5, 35, 49, 38, 50, 39, 54]]
[[2,4,8,24,32,100],[5, 35, 49, 38, 52, 39, 51]]
[[2,6,23,22,27,51],[5, 35, 38, 50, 52, 39, 51]]
[[4,6,16,18,49,120],[5, 35, 38, 50, 39, 51, 53]]
[[3,7,12,27,38,118],[5, 35, 38, 50, 39, 51, 54]]
[[3,3,24,11,43,84],[5, 35, 40, 42, 38, 52, 51]]
[[3,3,18,23,43,78],[5, 35, 40, 42, 38, 51, 53]]
[[4,6,22,6,29,90],[5, 35, 40, 38, 43, 52, 44]]
[[4,8,25,12,19,101],[5, 35, 40, 38, 43, 44, 53]]
[[3,5,15,9,33,89],[5, 35, 40, 38, 52, 44, 53]]
[[4,10,7,34,34,79],[5, 35, 40, 38, 44, 53, 54]]
[[4,6,10,38,34,90],[5, 35, 40, 49, 38, 50, 54]]
[[4,8,16,20,39,80],[5, 35, 40, 49, 38, 51, 53]]
[[4,8,13,32,24,77],[5, 35, 40, 38, 50, 52, 51]]
[[4,8,19,24,34,83],[5, 35, 40, 38, 50, 51, 53]]
[[2,4,11,12,17,91],[5, 35, 40, 38, 52, 53, 54]]
[[4,8,19,20,19,95],[5, 35, 42, 49, 38, 43, 53]]
[[3,5,9,21,43,89],[5, 35, 42, 38, 43, 52, 51]]
[[3,7,15,19,48,91],[5, 35, 42, 38, 43, 51, 53]]
[[3,3,24,11,43,96],[5, 35, 42, 49, 38, 52, 44]]
[[3,3,15,15,33,81],[5, 35, 42, 49, 38, 44, 53]]
[[3,5,15,21,38,95],[5, 35, 42, 38, 50, 52, 44]]
[[3,9,18,17,33,78],[5, 35, 42, 38, 50, 44, 53]]
[[2,4,8,12,7,112],[5, 35, 42, 38, 50, 44, 54]]
[[4,6,13,26,19,81],[5, 35, 42, 49, 38, 52, 54]]
[[5,7,14,35,20,76],[5, 35, 42, 38, 50, 52, 53]]
[[4,6,7,14,39,81],[5, 35, 42, 38, 52, 51, 53]]
[[3,5,9,17,23,71],[5, 35, 42, 38, 52, 51, 54]]
[[5,9,8,21,65,48],[5, 35, 42, 38, 51, 53, 54]]
[[3,5,18,17,28,56],[5, 35, 38, 43, 52, 44, 53]]
[[2,4,5,16,17,97],[5, 35, 38, 43, 52, 44, 54]]
[[5,5,17,17,45,83],[5, 35, 49, 38, 43, 50, 53]]
[[4,6,19,22,29,75],[5, 35, 49, 38, 43, 50, 54]]
[[4,6,13,22,19,75],[5, 35, 49, 38, 43, 52, 51]]
[[4,8,31,12,24,65],[5, 35, 49, 38, 43, 51, 53]]
[[4,6,7,18,59,69],[5, 35, 38, 43, 50, 51, 53]]
[[4,6,22,14,29,78],[5, 35, 49, 38, 50, 52, 44]]
[[4,10,19,26,24,73],[5, 35, 49, 38, 50, 44, 53]]
[[3,5,12,13,33,116],[5, 35, 49, 38, 50, 44, 54]]
[[4,8,10,32,44,92],[5, 35, 49, 38, 50, 52, 53]]
[[3,7,12,23,43,112],[5, 35, 49, 38, 50, 52, 54]]
[[3,11,9,39,33,59],[5, 35, 49, 38, 50, 53, 54]]
[[3,7,9,15,58,85],[5, 35, 49, 38, 52, 51, 53]]
[[4,10,13,38,24,67],[5, 35, 49, 38, 51, 53, 54]]
[[3,7,18,35,33,76],[5, 35, 38, 50, 52, 51, 53]]
[[4,8,16,20,34,86],[5, 35, 38, 50, 51, 53, 54]]
[[3,7,15,11,33,85],[5, 35, 40, 42, 49, 39, 53]]
[[3,5,21,21,38,77],[5, 35, 40, 42, 50, 39, 53]]
[[2,2,14,10,12,92],[5, 35, 40, 42, 50, 39, 54]]
[[2,4,8,36,57,52],[5, 35, 40, 42, 52, 39, 51]]
[[3,5,24,17,28,92],[5, 35, 40, 43, 52, 39, 44]]
[[5,7,17,19,30,67],[5, 35, 40, 43, 39, 44, 53]]
[[4,6,25,22,39,57],[5, 35, 40, 52, 39, 44, 53]]
[[3,5,21,13,28,65],[5, 35, 40, 39, 44, 53, 54]]
[[4,4,7,8,39,61],[5, 35, 40, 49, 50, 39, 53]]
[[3,11,15,11,43,71],[5, 35, 40, 49, 52, 39, 51]]
[[3,3,15,15,28,57],[5, 35, 40, 50, 52, 39, 51]]
[[5,7,11,23,40,103],[5, 35, 40, 50, 39, 51, 53]]
[[3,7,27,27,23,85],[5, 35, 40, 52, 39, 53, 54]]
[[3,3,9,19,33,81],[5, 35, 42, 49, 43, 39, 53]]
[[3,7,21,11,13,73],[5, 35, 42, 43, 50, 39, 53]]
[[2,6,17,26,17,105],[5, 35, 42, 43, 52, 39, 51]]
[[4,8,25,20,29,83],[5, 35, 42, 43, 39, 51, 53]]
[[2,4,8,24,32,100],[5, 35, 42, 49, 52, 39, 44]]
[[2,6,23,22,27,51],[5, 35, 42, 50, 52, 39, 44]]
[[4,6,16,18,49,120],[5, 35, 42, 50, 39, 44, 53]]
[[3,7,12,27,38,118],[5, 35, 42, 50, 39, 44, 54]]
[[4,6,13,26,34,87],[5, 35, 42, 49, 52, 39, 53]]
[[5,9,17,17,30,87],[5, 35, 42, 49, 39, 53, 54]]
[[4,8,28,16,24,74],[5, 35, 42, 50, 52, 39, 53]]
[[3,5,21,25,38,89],[5, 35, 42, 50, 52, 39, 54]]
[[5,9,8,25,30,90],[5, 35, 42, 50, 39, 53, 54]]
[[4,10,19,18,14,109],[5, 35, 42, 52, 39, 51, 54]]
[[4,6,16,14,44,78],[5, 35, 42, 39, 51, 53, 54]]
[[4,10,16,22,24,112],[5, 35, 43, 52, 39, 44, 53]]
[[3,7,9,27,23,79],[5, 35, 43, 52, 39, 44, 54]]
[[3,5,21,25,43,71],[5, 35, 43, 39, 44, 53, 54]]
[[4,6,25,10,34,81],[5, 35, 49, 43, 50, 39, 53]]
[[3,5,21,17,33,95],[5, 35, 49, 43, 52, 39, 51]]
[[5,7,17,23,30,85],[5, 35, 49, 43, 39, 51, 53]]
[[3,7,21,15,28,85],[5, 35, 43, 50, 52, 39, 51]]
[[4,6,19,18,34,93],[5, 35, 43, 50, 39, 51, 54]]
[[3,7,18,23,23,106],[5, 35, 43, 52, 39, 53, 54]]
[[3,5,18,17,43,98],[5, 35, 49, 50, 52, 39, 44]]
[[5,5,17,25,30,65],[5, 35, 49, 50, 39, 44, 53]]
[[4,4,13,24,39,55],[5, 35, 49, 39, 44, 51, 53]]
[[3,3,12,7,33,120],[5, 35, 50, 39, 44, 51, 54]]
[[2,4,23,24,22,103],[5, 35, 52, 39, 44, 53, 54]]
[[3,15,12,31,28,54],[5, 35, 49, 50, 52, 39, 53]]
[[4,8,25,12,19,101],[5, 35, 49, 52, 39, 51, 53]]
[[3,9,9,29,23,81],[5, 35, 49, 39, 51, 53, 54]]
[[3,7,18,27,33,106],[5, 35, 50, 39, 51, 53, 54]]
[[5,11,11,31,20,83],[5, 35, 40, 42, 49, 43, 53]]
[[5,5,20,13,45,62],[5, 35, 40, 42, 43, 50, 53]]
[[4,6,22,6,29,90],[5, 35, 40, 42, 43, 52, 51]]
[[4,8,25,12,19,101],[5, 35, 40, 42, 43, 51, 53]]
[[4,8,16,20,39,80],[5, 35, 40, 42, 49, 44, 53]]
[[4,8,13,32,24,77],[5, 35, 40, 42, 50, 52, 44]]
[[4,8,19,24,34,83],[5, 35, 40, 42, 50, 44, 53]]
[[3,5,12,17,18,86],[5, 35, 40, 42, 49, 53, 54]]
[[4,10,13,34,24,79],[5, 35, 40, 42, 50, 52, 53]]
[[3,5,15,9,33,89],[5, 35, 40, 42, 52, 51, 53]]
[[4,10,7,34,34,79],[5, 35, 40, 42, 51, 53, 54]]
[[4,6,4,18,79,66],[5, 35, 40, 43, 52, 44, 53]]
[[5,9,14,29,20,84],[5, 35, 40, 43, 44, 53, 54]]
[[3,7,24,19,23,88],[5, 35, 40, 49, 43, 51, 53]]
[[3,7,18,23,28,88],[5, 35, 40, 43, 50, 51, 53]]
[[2,4,8,20,27,76],[5, 35, 40, 43, 50, 51, 54]]
[[1,7,16,35,36,88],[5, 35, 40, 43, 52, 53, 54]]
[[2,8,14,32,57,56],[5, 35, 40, 52, 44, 53, 54]]
[[5,5,14,21,35,80],[5, 35, 40, 49, 50, 52, 53]]
[[4,10,13,26,29,103],[5, 35, 40, 49, 50, 53, 54]]
[[4,8,16,20,34,86],[5, 35, 40, 49, 52, 51, 53]]
[[5,5,17,25,25,47],[5, 35, 40, 49, 51, 53, 54]]
[[4,6,13,22,19,75],[5, 35, 42, 49, 43, 52, 44]]
[[4,8,31,12,24,65],[5, 35, 42, 49, 43, 44, 53]]
[[4,6,7,18,59,69],[5, 35, 42, 43, 50, 44, 53]]
[[4,10,13,38,24,73],[5, 35, 42, 49, 43, 52, 53]]
[[3,9,15,29,33,75],[5, 35, 42, 49, 43, 53, 54]]
[[4,8,13,20,24,83],[5, 35, 42, 43, 50, 52, 53]]
[[3,7,6,39,33,76],[5, 35, 42, 43, 50, 52, 54]]
[[3,9,3,25,23,69],[5, 35, 42, 43, 50, 53, 54]]
[[3,5,18,17,28,56],[5, 35, 42, 43, 52, 51, 53]]
[[2,4,5,16,17,97],[5, 35, 42, 43, 52, 51, 54]]
[[3,7,9,15,58,85],[5, 35, 42, 49, 52, 44, 53]]
[[4,10,13,38,24,67],[5, 35, 42, 49, 44, 53, 54]]
[[3,7,18,35,33,76],[5, 35, 42, 50, 52, 44, 53]]
[[4,8,16,20,34,86],[5, 35, 42, 50, 44, 53, 54]]
[[3,7,18,27,43,64],[5, 35, 42, 52, 44, 51, 54]]
[[3,7,18,23,38,100],[5, 35, 42, 44, 51, 53, 54]]
[[4,6,22,14,29,78],[5, 35, 42, 49, 50, 52, 51]]
[[4,10,19,26,24,73],[5, 35, 42, 49, 50, 51, 53]]
[[3,5,12,13,33,116],[5, 35, 42, 49, 50, 51, 54]]
[[2,4,11,12,27,91],[5, 35, 42, 49, 52, 53, 54]]
[[3,5,15,17,38,77],[5, 35, 49, 43, 50, 44, 53]]
[[2,4,14,32,42,88],[5, 35, 49, 43, 50, 44, 54]]
[[4,8,19,20,19,95],[5, 35, 49, 43, 44, 51, 53]]
[[2,8,8,20,47,98],[5, 35, 43, 52, 44, 53, 54]]
[[4,8,13,16,39,101],[5, 35, 49, 43, 50, 53, 54]]
[[3,7,9,19,53,43],[5, 35, 49, 43, 52, 51, 54]]
[[4,8,13,24,39,47],[5, 35, 43, 50, 52, 51, 53]]
[[3,9,21,25,13,99],[5, 35, 43, 50, 52, 51, 54]]
[[5,7,17,19,35,85],[5, 35, 43, 50, 51, 53, 54]]
[[4,10,16,14,44,70],[5, 35, 49, 50, 52, 44, 53]]
[[4,6,13,26,19,81],[5, 35, 49, 52, 44, 51, 54]]
[[5,7,14,35,20,76],[5, 35, 50, 52, 44, 51, 53]]
[[2,6,5,38,32,51],[5, 35, 49, 52, 51, 53, 54]]
[[4,4,19,12,44,73],[5, 40, 37, 42, 38, 39, 53]]
[[3,5,27,17,33,71],[5, 40, 37, 49, 38, 39, 53]]
[[3,7,15,23,33,67],[5, 40, 37, 38, 50, 39, 53]]
[[2,8,11,28,27,65],[5, 40, 37, 38, 50, 39, 54]]
[[4,8,16,24,34,68],[5, 40, 37, 38, 39, 51, 53]]
[[4,4,22,12,54,88],[5, 37, 42, 38, 43, 39, 53]]
[[3,7,12,23,43,112],[5, 37, 42, 38, 52, 39, 44]]
[[3,7,3,15,48,79],[5, 37, 42, 38, 52, 39, 53]]
[[4,8,10,40,29,74],[5, 37, 42, 38, 39, 53, 54]]
[[3,5,6,13,38,80],[5, 37, 38, 43, 50, 39, 53]]
[[2,4,23,20,22,73],[5, 37, 38, 43, 50, 39, 54]]
[[2,4,20,16,22,76],[5, 37, 38, 43, 52, 39, 51]]
[[4,4,13,36,39,79],[5, 37, 38, 43, 39, 51, 53]]
[[4,10,16,26,24,76],[5, 37, 49, 38, 39, 44, 53]]
[[2,2,20,10,17,62],[5, 37, 38, 50, 52, 39, 44]]
[[4,4,16,36,29,52],[5, 37, 38, 50, 39, 44, 53]]
[[3,5,9,21,33,83],[5, 37, 38, 39, 44, 51, 53]]
[[4,4,13,20,49,109],[5, 37, 49, 38, 52, 39, 53]]
[[5,5,11,25,35,83],[5, 37, 49, 38, 39, 53, 54]]
[[4,10,13,22,19,103],[5, 37, 38, 50, 52, 39, 53]]
[[3,7,24,19,13,94],[5, 40, 37, 42, 38, 44, 53]]
[[4,8,13,12,39,95],[5, 40, 37, 42, 38, 52, 54]]
[[4,6,19,10,39,93],[5, 40, 37, 42, 38, 53, 54]]
[[4,6,7,30,29,87],[5, 40, 37, 38, 43, 52, 51]]
[[4,6,31,6,39,63],[5, 40, 37, 49, 38, 52, 44]]
[[4,4,19,12,44,73],[5, 40, 37, 49, 38, 44, 53]]
[[4,8,19,24,34,101],[5, 40, 37, 38, 50, 44, 53]]
[[4,6,13,26,24,75],[5, 40, 37, 38, 50, 52, 53]]
[[3,13,15,29,18,85],[5, 40, 37, 38, 50, 53, 54]]
[[3,7,12,19,53,70],[5, 40, 37, 38, 52, 51, 53]]
[[2,4,8,40,52,64],[5, 40, 37, 38, 52, 51, 54]]
[[4,6,19,30,44,57],[5, 40, 37, 38, 51, 53, 54]]
[[3,3,12,31,33,48],[5, 37, 42, 38, 43, 52, 44]]
[[3,7,21,23,33,91],[5, 37, 42, 38, 43, 44, 53]]
[[5,5,14,33,20,62],[5, 37, 42, 38, 43, 52, 53]]
[[4,6,16,14,29,108],[5, 37, 42, 38, 43, 53, 54]]
[[4,6,7,26,49,63],[5, 37, 42, 38, 52, 44, 53]]
[[5,7,17,23,45,85],[5, 37, 42, 38, 44, 53, 54]]
[[4,10,16,26,19,106],[5, 37, 42, 49, 38, 50, 53]]
[[3,5,21,13,33,89],[5, 37, 42, 49, 38, 51, 53]]
[[3,5,18,13,18,86],[5, 37, 42, 38, 50, 52, 51]]
[[3,7,18,23,38,82],[5, 37, 42, 38, 50, 51, 53]]
[[2,2,17,18,27,89],[5, 37, 42, 38, 50, 51, 54]]
[[1,5,4,13,36,62],[5, 37, 42, 38, 52, 53, 54]]
[[4,8,19,16,34,65],[5, 37, 49, 38, 43, 44, 53]]
[[4,6,25,10,44,93],[5, 37, 38, 43, 50, 44, 53]]
[[3,5,15,25,33,113],[5, 37, 38, 43, 50, 44, 54]]
[[5,7,17,19,50,79],[5, 37, 38, 43, 44, 51, 53]]
[[4,6,10,18,49,120],[5, 37, 49, 38, 43, 52, 53]]
[[3,7,9,23,23,91],[5, 37, 38, 43, 50, 53, 54]]
[[3,7,21,23,43,79],[5, 37, 38, 43, 52, 51, 53]]
[[4,10,16,22,24,106],[5, 37, 38, 43, 51, 53, 54]]
[[3,3,18,27,48,90],[5, 37, 49, 38, 52, 44, 53]]
[[4,4,13,44,24,73],[5, 37, 49, 38, 44, 53, 54]]
[[4,8,16,16,49,80],[5, 37, 38, 52, 44, 51, 53]]
[[4,6,22,18,44,96],[5, 37, 49, 38, 50, 52, 51]]
[[3,3,18,7,33,96],[5, 37, 49, 38, 50, 51, 54]]
[[2,6,20,26,27,78],[5, 37, 49, 38, 52, 53, 54]]
[[2,4,17,20,42,91],[5, 37, 38, 50, 52, 53, 54]]
[[3,7,27,19,13,85],[5, 37, 38, 52, 51, 53, 54]]
[[3,5,12,13,28,98],[5, 40, 37, 42, 43, 39, 53]]
[[4,8,16,24,34,68],[5, 40, 37, 42, 39, 44, 53]]
[[4,6,16,10,29,72],[5, 40, 37, 42, 52, 39, 53]]
[[3,7,12,27,33,88],[5, 40, 37, 42, 52, 39, 54]]
[[5,9,20,17,30,72],[5, 40, 37, 42, 39, 53, 54]]
[[4,4,19,16,49,79],[5, 40, 37, 49, 43, 39, 53]]
[[3,3,12,7,28,72],[5, 40, 37, 43, 50, 39, 54]]
[[5,9,23,17,25,69],[5, 40, 37, 43, 39, 51, 53]]
[[3,5,18,25,33,98],[5, 40, 37, 49, 52, 39, 44]]
[[3,5,12,25,38,104],[5, 40, 37, 50, 52, 39, 44]]
[[4,6,22,22,34,66],[5, 40, 37, 50, 39, 44, 54]]
[[4,4,19,12,44,73],[5, 40, 37, 39, 44, 51, 53]]
[[2,10,8,34,37,76],[5, 40, 37, 49, 52, 39, 54]]
[[3,9,6,33,28,96],[5, 40, 37, 50, 52, 39, 53]]
[[2,8,11,28,47,83],[5, 40, 37, 50, 52, 39, 54]]
[[4,6,4,30,39,102],[5, 40, 37, 50, 39, 53, 54]]
[[3,7,12,31,33,112],[5, 40, 37, 52, 39, 51, 54]]
[[3,5,9,21,33,77],[5, 40, 37, 39, 51, 53, 54]]
[[2,4,20,16,22,76],[5, 37, 42, 43, 52, 39, 44]]
[[4,4,13,36,39,79],[5, 37, 42, 43, 39, 44, 53]]
[[3,5,12,13,38,110],[5, 37, 42, 49, 50, 39, 53]]
[[4,10,16,26,24,76],[5, 37, 42, 49, 39, 51, 53]]
[[2,2,20,10,17,62],[5, 37, 42, 50, 52, 39, 51]]
[[4,4,16,36,29,52],[5, 37, 42, 50, 39, 51, 53]]
[[2,6,5,26,27,63],[5, 37, 42, 52, 39, 53, 54]]
[[3,5,12,21,18,74],[5, 37, 43, 50, 52, 39, 44]]
[[5,9,23,13,30,87],[5, 37, 43, 50, 39, 44, 53]]
[[4,6,13,26,49,81],[5, 37, 43, 50, 39, 44, 54]]
[[4,4,22,12,54,88],[5, 37, 43, 39, 44, 51, 53]]
[[3,9,18,29,13,90],[5, 37, 49, 43, 52, 39, 53]]
[[3,7,3,15,53,91],[5, 37, 43, 50, 52, 39, 53]]
[[4,8,10,24,54,116],[5, 37, 43, 50, 39, 53, 54]]
[[4,8,19,24,34,71],[5, 37, 43, 52, 39, 51, 53]]
[[3,5,18,21,38,92],[5, 37, 43, 39, 51, 53, 54]]
[[3,3,6,27,33,48],[5, 37, 49, 39, 44, 53, 54]]
[[3,7,3,15,48,79],[5, 37, 52, 39, 44, 51, 53]]
[[4,8,10,40,29,74],[5, 37, 39, 44, 51, 53, 54]]
[[5,7,17,39,15,67],[5, 37, 49, 50, 39, 51, 53]]
[[3,7,24,23,23,106],[5, 37, 50, 52, 39, 53, 54]]
[[2,8,17,24,32,77],[5, 37, 52, 39, 51, 53, 54]]
[[4,6,7,30,29,87],[5, 40, 37, 42, 43, 52, 44]]
[[4,12,7,24,29,93],[5, 40, 37, 42, 43, 52, 53]]
[[3,7,6,23,28,70],[5, 40, 37, 42, 43, 53, 54]]
[[3,7,12,19,53,70],[5, 40, 37, 42, 52, 44, 53]]
[[2,4,8,40,52,64],[5, 40, 37, 42, 52, 44, 54]]
[[4,6,19,30,44,57],[5, 40, 37, 42, 44, 53, 54]]
[[5,9,20,17,40,78],[5, 40, 37, 42, 49, 50, 53]]
[[4,6,31,6,39,63],[5, 40, 37, 42, 49, 52, 51]]
[[4,4,19,12,44,73],[5, 40, 37, 42, 49, 51, 53]]
[[4,8,19,24,34,101],[5, 40, 37, 42, 50, 51, 53]]
[[3,5,24,25,43,74],[5, 40, 37, 49, 43, 52, 44]]
[[3,5,27,21,38,83],[5, 40, 37, 49, 43, 44, 53]]
[[3,5,18,17,38,128],[5, 40, 37, 43, 50, 52, 44]]
[[2,6,8,22,42,90],[5, 40, 37, 43, 50, 44, 54]]
[[5,7,23,7,40,73],[5, 40, 37, 43, 50, 52, 53]]
[[4,8,19,28,29,71],[5, 40, 37, 43, 50, 52, 54]]
[[4,8,22,8,19,104],[5, 40, 37, 43, 50, 53, 54]]
[[4,6,16,30,44,54],[5, 40, 37, 43, 52, 51, 53]]
[[3,7,18,15,33,64],[5, 40, 37, 43, 52, 51, 54]]
[[4,8,13,28,34,77],[5, 40, 37, 50, 52, 44, 53]]
[[3,7,9,23,33,67],[5, 40, 37, 50, 52, 44, 54]]
[[5,9,20,9,35,102],[5, 40, 37, 50, 44, 53, 54]]
[[4,8,13,12,39,95],[5, 40, 37, 52, 44, 51, 54]]
[[4,6,19,10,39,93],[5, 40, 37, 44, 51, 53, 54]]
[[3,5,9,25,33,113],[5, 40, 37, 49, 50, 52, 51]]
[[3,7,21,23,28,91],[5, 40, 37, 49, 50, 51, 53]]
[[2,4,14,24,22,88],[5, 40, 37, 49, 50, 51, 54]]
[[1,3,19,31,16,99],[5, 40, 37, 49, 52, 53, 54]]
[[1,11,19,15,41,83],[5, 40, 37, 50, 52, 53, 54]]
[[2,6,8,34,47,78],[5, 40, 37, 52, 51, 53, 54]]
[[3,7,21,23,43,79],[5, 37, 42, 43, 52, 44, 53]]
[[4,10,16,22,24,106],[5, 37, 42, 43, 44, 53, 54]]
[[4,8,22,20,29,110],[5, 37, 42, 49, 43, 50, 54]]
[[4,8,19,16,34,65],[5, 37, 42, 49, 43, 51, 53]]
[[4,6,25,10,44,93],[5, 37, 42, 43, 50, 51, 53]]
[[3,5,15,25,33,113],[5, 37, 42, 43, 50, 51, 54]]
[[2,4,26,24,32,82],[5, 37, 42, 43, 52, 53, 54]]
[[4,6,22,18,44,96],[5, 37, 42, 49, 50, 52, 44]]
[[3,3,18,7,33,96],[5, 37, 42, 49, 50, 44, 54]]
[[5,7,17,19,35,85],[5, 37, 42, 49, 44, 51, 53]]
[[5,7,14,19,30,76],[5, 37, 42, 50, 44, 51, 53]]
[[3,7,27,19,13,85],[5, 37, 42, 52, 44, 53, 54]]
[[4,6,16,26,29,54],[5, 37, 42, 49, 50, 52, 53]]
[[3,7,9,27,33,97],[5, 37, 42, 49, 50, 53, 54]]
[[3,3,18,27,48,90],[5, 37, 42, 49, 52, 51, 53]]
[[4,4,13,44,24,73],[5, 37, 42, 49, 51, 53, 54]]
[[4,6,13,14,44,87],[5, 37, 49, 43, 52, 44, 53]]
[[5,5,14,33,20,62],[5, 37, 43, 52, 44, 51, 53]]
[[4,6,16,14,29,108],[5, 37, 43, 44, 51, 53, 54]]
[[3,5,15,25,33,113],[5, 37, 49, 43, 50, 52, 51]]
[[2,8,23,28,27,59],[5, 37, 49, 43, 50, 51, 54]]
[[1,5,13,33,36,95],[5, 37, 43, 50, 52, 53, 54]]
[[4,10,16,26,19,106],[5, 37, 49, 50, 44, 51, 53]]
[[2,6,11,30,37,75],[5, 37, 49, 52, 44, 53, 54]]
[[2,6,20,30,37,90],[5, 37, 50, 52, 44, 53, 54]]
[[1,5,4,13,36,62],[5, 37, 52, 44, 51, 53, 54]]
[[4,6,13,14,34,93],[5, 37, 49, 50, 52, 51, 53]]
[[5,9,23,13,30,81],[5, 37, 49, 50, 51, 53, 54]]
[[4,6,19,10,34,99],[5, 40, 42, 38, 50, 39, 53]]
[[3,3,24,11,48,102],[5, 40, 42, 38, 50, 39, 54]]
[[3,7,12,11,23,52],[5, 40, 42, 38, 52, 39, 51]]
[[5,9,20,17,35,96],[5, 40, 42, 38, 39, 51, 53]]
[[2,4,29,28,27,79],[5, 40, 38, 43, 52, 39, 44]]
[[4,8,19,16,29,101],[5, 40, 38, 43, 39, 44, 53]]
[[3,7,18,19,38,70],[5, 40, 38, 43, 52, 39, 54]]
[[4,8,22,16,34,92],[5, 40, 38, 52, 39, 44, 54]]
[[3,9,15,29,33,57],[5, 40, 49, 38, 50, 39, 53]]
[[2,2,14,14,32,98],[5, 40, 49, 38, 50, 39, 54]]
[[2,2,14,18,37,80],[5, 40, 49, 38, 52, 39, 51]]
[[4,4,13,28,44,85],[5, 40, 49, 38, 39, 51, 53]]
[[2,4,14,16,22,100],[5, 40, 38, 50, 52, 39, 51]]
[[3,5,12,25,23,98],[5, 40, 38, 50, 39, 51, 54]]
[[2,4,8,24,32,82],[5, 40, 38, 52, 39, 53, 54]]
[[4,6,25,22,39,57],[5, 42, 49, 38, 43, 39, 53]]
[[3,7,24,23,18,88],[5, 42, 38, 43, 50, 39, 54]]
[[3,7,18,19,38,82],[5, 42, 49, 38, 52, 39, 44]]
[[5,9,14,33,25,54],[5, 42, 49, 38, 39, 44, 53]]
[[3,7,18,19,33,100],[5, 42, 38, 50, 52, 39, 44]]
[[4,6,10,22,54,102],[5, 42, 38, 50, 39, 44, 54]]
[[4,8,16,20,49,92],[5, 42, 38, 39, 44, 51, 53]]
[[3,3,9,23,48,51],[5, 42, 49, 38, 52, 39, 53]]
[[4,6,19,30,34,81],[5, 42, 38, 50, 39, 53, 54]]
[[4,4,10,32,29,100],[5, 42, 38, 52, 39, 51, 53]]
[[3,3,15,15,38,93],[5, 42, 38, 39, 51, 53, 54]]
[[5,9,20,9,35,102],[5, 38, 43, 52, 39, 44, 53]]
[[4,6,16,18,44,108],[5, 38, 43, 39, 44, 53, 54]]
[[3,7,12,19,43,64],[5, 49, 38, 43, 50, 39, 53]]
[[2,6,14,30,32,102],[5, 49, 38, 43, 50, 39, 54]]
[[2,4,14,16,22,100],[5, 49, 38, 43, 52, 39, 51]]
[[4,8,28,16,29,62],[5, 49, 38, 43, 39, 51, 53]]
[[4,4,16,32,44,64],[5, 38, 43, 50, 39, 51, 53]]
[[2,2,14,10,27,80],[5, 49, 38, 50, 52, 39, 44]]
[[3,5,15,45,43,77],[5, 49, 38, 50, 39, 44, 54]]
[[3,3,15,27,43,75],[5, 49, 38, 39, 44, 51, 53]]
[[3,9,12,29,28,120],[5, 38, 50, 39, 44, 51, 53]]
[[2,4,20,16,27,76],[5, 38, 50, 39, 44, 51, 54]]
[[1,3,13,27,11,93],[5, 38, 52, 39, 44, 53, 54]]
[[5,11,14,31,15,68],[5, 49, 38, 52, 39, 51, 53]]
[[4,6,16,18,44,132],[5, 49, 38, 39, 51, 53, 54]]
[[4,10,19,22,19,97],[5, 38, 50, 39, 51, 53, 54]]
[[4,8,10,36,24,80],[5, 40, 42, 38, 43, 50, 53]]
[[3,7,12,19,28,94],[5, 40, 42, 38, 43, 50, 54]]
[[3,3,18,7,28,66],[5, 40, 42, 38, 43, 51, 53]]
[[3,5,12,33,33,86],[5, 40, 42, 49, 38, 52, 44]]
[[3,3,15,15,38,57],[5, 40, 42, 49, 38, 44, 53]]
[[3,3,15,11,28,69],[5, 40, 42, 38, 50, 52, 44]]
[[3,5,18,21,38,104],[5, 40, 42, 38, 50, 44, 53]]
[[2,2,23,18,27,77],[5, 40, 42, 38, 50, 44, 54]]
[[4,6,7,34,24,87],[5, 40, 42, 38, 44, 51, 53]]
[[5,9,14,29,20,84],[5, 40, 42, 49, 38, 52, 53]]
[[4,6,19,22,44,93],[5, 40, 42, 49, 38, 53, 54]]
[[4,12,13,28,29,87],[5, 40, 42, 38, 50, 52, 54]]
[[4,10,13,22,54,67],[5, 40, 42, 38, 52, 51, 53]]
[[3,7,15,31,43,43],[5, 40, 38, 43, 52, 44, 53]]
[[4,8,13,24,34,65],[5, 40, 38, 43, 44, 53, 54]]
[[4,10,13,14,44,73],[5, 40, 49, 38, 43, 51, 53]]
[[4,8,22,16,34,92],[5, 40, 38, 43, 50, 52, 51]]
[[4,4,13,8,44,91],[5, 40, 38, 43, 50, 51, 53]]
[[2,6,20,26,17,96],[5, 40, 38, 43, 52, 53, 54]]
[[3,5,24,21,38,86],[5, 40, 49, 38, 50, 44, 54]]
[[5,9,17,41,10,39],[5, 40, 49, 38, 44, 51, 53]]
[[3,5,27,17,28,89],[5, 40, 38, 52, 44, 53, 54]]
[[3,7,9,31,33,79],[5, 40, 49, 38, 50, 52, 54]]
[[3,5,12,45,43,62],[5, 40, 49, 38, 52, 51, 53]]
[[2,10,14,38,32,70],[5, 40, 49, 38, 52, 51, 54]]
[[4,8,10,40,14,62],[5, 40, 49, 38, 51, 53, 54]]
[[3,9,21,25,18,81],[5, 40, 38, 50, 52, 51, 53]]
[[4,6,10,22,34,114],[5, 40, 38, 50, 51, 53, 54]]
[[3,3,24,7,43,96],[5, 42, 49, 38, 43, 44, 53]]
[[3,7,24,19,13,88],[5, 42, 38, 43, 50, 52, 44]]
[[3,7,21,23,28,97],[5, 42, 38, 43, 50, 44, 53]]
[[2,2,8,14,22,98],[5, 42, 38, 43, 50, 44, 54]]
[[5,5,14,21,25,62],[5, 42, 38, 43, 50, 52, 53]]
[[4,4,10,16,54,88],[5, 42, 38, 43, 50, 53, 54]]
[[4,6,19,34,39,51],[5, 42, 38, 43, 52, 51, 53]]
[[5,9,11,33,30,63],[5, 42, 38, 43, 51, 53, 54]]
[[4,10,16,18,44,70],[5, 42, 38, 50, 52, 44, 53]]
[[5,5,20,13,45,62],[5, 42, 38, 50, 44, 53, 54]]
[[5,5,17,17,30,71],[5, 42, 38, 52, 44, 51, 53]]
[[4,4,13,8,44,91],[5, 42, 38, 44, 51, 53, 54]]
[[3,3,15,15,28,75],[5, 42, 49, 38, 50, 51, 53]]
[[1,3,16,31,41,102],[5, 42, 49, 38, 52, 53, 54]]
[[1,7,16,27,16,64],[5, 42, 38, 50, 52, 53, 54]]
[[4,6,22,18,39,84],[5, 49, 38, 43, 50, 52, 44]]
[[4,6,19,14,39,99],[5, 49, 38, 43, 50, 44, 53]]
[[3,5,15,21,23,101],[5, 49, 38, 43, 50, 44, 54]]
[[5,9,20,25,30,48],[5, 49, 38, 43, 44, 51, 53]]
[[5,7,11,27,50,91],[5, 38, 43, 50, 44, 51, 53]]
[[4,4,13,32,24,49],[5, 49, 38, 43, 50, 52, 53]]
[[3,7,12,23,18,112],[5, 49, 38, 43, 50, 53, 54]]
[[3,5,15,21,48,53],[5, 49, 38, 43, 52, 51, 53]]
[[4,4,10,24,29,94],[5, 49, 38, 43, 51, 53, 54]]
[[3,7,18,15,13,94],[5, 38, 43, 50, 52, 51, 53]]
[[3,5,12,25,38,92],[5, 49, 38, 50, 52, 44, 53]]
[[4,4,7,32,34,97],[5, 49, 38, 50, 44, 53, 54]]
[[4,8,10,32,29,98],[5, 49, 38, 52, 44, 51, 53]]
[[3,3,21,19,43,93],[5, 49, 38, 44, 51, 53, 54]]
[[3,5,3,13,18,107],[5, 38, 50, 44, 51, 53, 54]]
[[3,7,27,19,13,85],[5, 49, 38, 52, 51, 53, 54]]
[[3,9,21,29,28,75],[5, 38, 50, 52, 51, 53, 54]]
[[3,7,18,23,28,100],[5, 40, 42, 49, 43, 39, 53]]
[[3,3,12,19,33,96],[5, 40, 42, 43, 50, 39, 53]]
[[2,4,8,28,42,52],[5, 40, 42, 43, 50, 39, 54]]
[[2,4,29,28,27,79],[5, 40, 42, 43, 52, 39, 51]]
[[4,8,19,16,29,101],[5, 40, 42, 43, 39, 51, 53]]
[[2,2,14,18,37,80],[5, 40, 42, 49, 52, 39, 44]]
[[4,4,13,28,44,85],[5, 40, 42, 49, 39, 44, 53]]
[[2,4,14,16,22,100],[5, 40, 42, 50, 52, 39, 44]]
[[3,5,12,25,23,98],[5, 40, 42, 50, 39, 44, 54]]
[[3,5,21,29,43,83],[5, 40, 42, 39, 44, 51, 53]]
[[3,7,12,19,28,94],[5, 40, 42, 49, 52, 39, 54]]
[[5,9,14,25,40,84],[5, 40, 42, 49, 39, 53, 54]]
[[4,8,10,36,39,68],[5, 40, 42, 50, 52, 39, 53]]
[[5,13,14,21,15,88],[5, 40, 42, 50, 39, 53, 54]]
[[4,8,22,16,34,92],[5, 40, 42, 52, 39, 51, 54]]
[[3,7,12,31,48,70],[5, 40, 43, 39, 44, 53, 54]]
[[4,8,13,8,39,71],[5, 40, 49, 43, 50, 39, 53]]
[[3,9,12,17,53,78],[5, 40, 49, 43, 52, 39, 51]]
[[3,3,21,11,38,93],[5, 40, 43, 50, 52, 39, 51]]
[[5,7,14,19,45,94],[5, 40, 43, 50, 39, 51, 53]]
[[3,5,24,17,33,92],[5, 40, 43, 52, 39, 53, 54]]
[[5,11,23,19,10,71],[5, 40, 49, 50, 39, 44, 53]]
[[4,6,19,10,34,99],[5, 40, 50, 39, 44, 51, 53]]
[[3,3,24,11,48,102],[5, 40, 50, 39, 44, 51, 54]]
[[2,6,14,14,42,84],[5, 40, 52, 39, 44, 53, 54]]
[[2,4,8,24,27,76],[5, 40, 49, 50, 52, 39, 54]]
[[4,10,16,22,24,94],[5, 40, 49, 50, 39, 53, 54]]
[[4,6,16,26,34,96],[5, 40, 49, 52, 39, 51, 53]]
[[4,6,22,18,39,96],[5, 40, 50, 52, 39, 51, 53]]
[[3,7,3,31,33,67],[5, 40, 50, 52, 39, 51, 54]]
[[3,9,15,33,23,111],[5, 40, 50, 39, 51, 53, 54]]
[[2,4,14,16,22,100],[5, 42, 49, 43, 52, 39, 44]]
[[4,8,28,16,29,62],[5, 42, 49, 43, 39, 44, 53]]
[[4,4,16,32,44,64],[5, 42, 43, 50, 39, 44, 53]]
[[3,5,21,25,43,71],[5, 42, 43, 39, 44, 51, 53]]
[[4,6,4,22,54,60],[5, 42, 49, 43, 52, 39, 53]]
[[5,9,20,21,30,72],[5, 42, 49, 43, 39, 53, 54]]
[[4,6,16,10,39,96],[5, 42, 43, 50, 52, 39, 53]]
[[5,9,20,9,35,102],[5, 42, 43, 52, 39, 51, 53]]
[[4,6,16,18,44,108],[5, 42, 43, 39, 51, 53, 54]]
[[5,11,14,31,15,68],[5, 42, 49, 52, 39, 44, 53]]
[[4,6,16,18,44,132],[5, 42, 49, 39, 44, 53, 54]]
[[4,10,19,22,19,97],[5, 42, 50, 39, 44, 53, 54]]
[[4,6,13,30,24,39],[5, 42, 52, 39, 44, 51, 53]]
[[5,7,23,7,40,73],[5, 42, 39, 44, 51, 53, 54]]
[[2,2,14,10,27,80],[5, 42, 49, 50, 52, 39, 51]]
[[3,5,15,45,43,77],[5, 42, 49, 50, 39, 51, 54]]
[[2,4,26,28,32,82],[5, 42, 50, 52, 39, 53, 54]]
[[1,3,13,27,11,93],[5, 42, 52, 39, 51, 53, 54]]
[[5,5,17,25,40,83],[5, 49, 43, 50, 39, 44, 53]]
[[4,6,25,22,39,57],[5, 49, 43, 39, 44, 51, 53]]
[[3,7,24,23,18,88],[5, 43, 50, 39, 44, 51, 54]]
[[2,6,17,26,22,93],[5, 43, 52, 39, 44, 53, 54]]
[[3,7,12,23,43,106],[5, 49, 43, 50, 52, 39, 53]]
[[4,4,13,20,39,79],[5, 49, 43, 50, 39, 53, 54]]
[[3,7,18,31,28,94],[5, 49, 43, 39, 51, 53, 54]]
[[4,4,7,40,19,103],[5, 43, 50, 52, 39, 51, 53]]
[[3,3,12,11,28,108],[5, 43, 50, 39, 51, 53, 54]]
[[4,6,16,18,39,96],[5, 49, 50, 52, 39, 44, 53]]
[[3,7,3,31,23,73],[5, 49, 50, 39, 44, 53, 54]]
[[3,3,9,23,48,51],[5, 49, 52, 39, 44, 51, 53]]
[[4,6,19,30,34,81],[5, 50, 39, 44, 51, 53, 54]]
[[3,5,15,13,33,89],[5, 49, 50, 52, 39, 53, 54]]
[[2,4,17,16,22,73],[5, 49, 52, 39, 51, 53, 54]]
[[4,10,13,14,44,73],[5, 40, 42, 49, 43, 44, 53]]
[[4,8,22,16,34,92],[5, 40, 42, 43, 50, 52, 44]]
[[4,4,13,8,44,91],[5, 40, 42, 43, 50, 44, 53]]
[[5,7,20,23,30,70],[5, 40, 42, 43, 44, 51, 53]]
[[4,8,19,28,29,65],[5, 40, 42, 49, 43, 52, 53]]
[[4,10,16,26,29,100],[5, 40, 42, 43, 50, 52, 53]]
[[3,7,9,35,23,79],[5, 40, 42, 43, 50, 53, 54]]
[[3,7,15,31,43,43],[5, 40, 42, 43, 52, 51, 53]]
[[4,8,13,24,34,65],[5, 40, 42, 43, 51, 53, 54]]
[[3,5,12,45,43,62],[5, 40, 42, 49, 52, 44, 53]]
[[2,10,14,38,32,70],[5, 40, 42, 49, 52, 44, 54]]
[[4,8,10,40,14,62],[5, 40, 42, 49, 44, 53, 54]]
[[3,9,21,25,18,81],[5, 40, 42, 50, 52, 44, 53]]
[[4,6,10,22,34,114],[5, 40, 42, 50, 44, 53, 54]]
[[4,8,13,32,24,89],[5, 40, 42, 52, 44, 51, 53]]
[[3,7,12,27,38,82],[5, 40, 42, 52, 44, 51, 54]]
[[3,5,24,21,38,86],[5, 40, 42, 49, 50, 51, 54]]
[[2,6,17,22,47,69],[5, 40, 42, 49, 52, 53, 54]]
[[2,8,14,36,47,68],[5, 40, 42, 50, 52, 53, 54]]
[[3,5,27,17,28,89],[5, 40, 42, 52, 51, 53, 54]]
[[3,5,27,17,33,71],[5, 40, 49, 43, 50, 44, 53]]
[[2,2,14,22,32,86],[5, 40, 49, 43, 50, 44, 54]]
[[4,8,10,36,24,80],[5, 40, 43, 50, 44, 51, 53]]
[[3,7,12,19,28,94],[5, 40, 43, 50, 44, 51, 54]]
[[2,8,17,28,47,77],[5, 40, 43, 52, 44, 53, 54]]
[[5,7,17,31,25,43],[5, 40, 49, 43, 50, 52, 53]]
[[4,8,16,16,39,80],[5, 40, 49, 43, 50, 52, 54]]
[[4,12,13,24,44,69],[5, 40, 49, 43, 52, 51, 53]]
[[3,9,18,33,33,66],[5, 40, 49, 43, 52, 51, 54]]
[[5,9,14,25,25,90],[5, 40, 49, 43, 51, 53, 54]]
[[3,11,15,23,23,83],[5, 40, 43, 50, 52, 51, 54]]
[[4,10,19,18,29,67],[5, 40, 49, 50, 52, 44, 53]]
[[5,11,11,23,35,89],[5, 40, 49, 50, 44, 53, 54]]
[[5,9,14,29,20,84],[5, 40, 49, 52, 44, 51, 53]]
[[4,6,19,22,44,93],[5, 40, 49, 44, 51, 53, 54]]
[[4,12,13,28,29,87],[5, 40, 50, 52, 44, 51, 54]]
[[1,5,4,29,31,74],[5, 40, 49, 50, 52, 53, 54]]
[[2,6,20,26,27,78],[5, 40, 50, 52, 51, 53, 54]]
[[3,5,15,21,48,53],[5, 42, 49, 43, 52, 44, 53]]
[[4,4,10,24,29,94],[5, 42, 49, 43, 44, 53, 54]]
[[3,7,18,15,13,94],[5, 42, 43, 50, 52, 44, 53]]
[[4,8,19,20,34,107],[5, 42, 43, 52, 44, 51, 53]]
[[3,5,12,21,28,68],[5, 42, 43, 44, 51, 53, 54]]
[[4,6,22,18,39,84],[5, 42, 49, 43, 50, 52, 51]]
[[4,6,19,14,39,99],[5, 42, 49, 43, 50, 51, 53]]
[[3,5,15,21,23,101],[5, 42, 49, 43, 50, 51, 54]]
[[2,6,17,22,52,63],[5, 42, 49, 43, 52, 53, 54]]
[[2,6,8,10,32,102],[5, 42, 43, 50, 52, 53, 54]]
[[4,6,22,14,34,78],[5, 42, 49, 50, 44, 51, 54]]
[[3,7,27,19,13,85],[5, 42, 49, 52, 44, 53, 54]]
[[3,9,21,29,28,75],[5, 42, 50, 52, 44, 53, 54]]
[[3,5,12,25,38,92],[5, 42, 49, 50, 52, 51, 53]]
[[4,4,7,32,34,97],[5, 42, 49, 50, 51, 53, 54]]
[[4,8,7,20,74,59],[5, 49, 43, 50, 52, 44, 53]]
[[5,9,17,29,30,63],[5, 49, 43, 50, 44, 53, 54]]
[[5,5,14,21,25,62],[5, 43, 50, 52, 44, 51, 53]]
[[4,4,10,16,54,88],[5, 43, 50, 44, 51, 53, 54]]
[[2,4,17,24,37,97],[5, 43, 50, 52, 51, 53, 54]]
[[2,6,11,34,32,87],[5, 49, 50, 52, 44, 53, 54]]
[[1,3,16,31,41,102],[5, 49, 52, 44, 51, 53, 54]]
[[1,7,16,27,16,64],[5, 50, 52, 44, 51, 53, 54]]
