[[1, 5, 7], [2, 4], [3, 5], [6, 7]]
[[2,4,14,12,22,64],[0, 34, 8, 9, 53]]
[[3,7,15,31,33,73],[0, 35, 8, 9, 53]]
[[2,2,17,10,22,71],[0, 8, 38, 9, 53]]
[[3,5,12,29,43,80],[0, 8, 43, 9, 53]]
[[2,4,11,24,37,73],[0, 8, 52, 9, 44]]
[[2,2,11,18,37,77],[0, 8, 52, 9, 53]]
[[3,7,18,23,23,88],[0, 8, 9, 53, 54]]
[[4,8,10,24,29,92],[0, 34, 35, 8, 53]]
[[3,9,15,33,23,111],[0, 34, 8, 38, 53]]
[[2,6,11,26,37,81],[0, 34, 8, 39, 53]]
[[4,6,4,26,39,84],[0, 34, 8, 43, 53]]
[[3,3,18,23,48,78],[0, 34, 8, 44, 53]]
[[2,2,14,18,37,80],[0, 34, 8, 53, 54]]
[[3,5,18,29,38,86],[0, 35, 8, 39, 53]]
[[3,7,15,15,38,49],[0, 35, 40, 8, 53]]
[[3,7,12,47,43,52],[0, 35, 8, 43, 53]]
[[2,4,14,16,32,76],[0, 35, 8, 52, 44]]
[[2,4,14,20,32,88],[0, 35, 8, 44, 53]]
[[4,6,19,18,44,81],[0, 35, 8, 52, 53]]
[[3,7,12,39,38,82],[0, 35, 8, 53, 54]]
[[4,10,7,26,19,67],[0, 37, 42, 8, 53]]
[[3,9,12,13,48,66],[0, 37, 49, 8, 53]]
[[3,7,12,31,23,94],[0, 37, 8, 50, 53]]
[[2,4,14,24,37,88],[0, 37, 8, 52, 51]]
[[2,6,14,14,17,60],[0, 37, 8, 51, 53]]
[[4,6,13,14,44,87],[0, 40, 8, 38, 53]]
[[3,7,21,19,23,103],[0, 8, 38, 52, 44]]
[[3,7,21,23,28,97],[0, 8, 38, 52, 53]]
[[2,4,5,12,27,85],[0, 8, 38, 52, 54]]
[[2,2,11,26,42,77],[0, 8, 38, 53, 54]]
[[3,5,24,17,38,92],[0, 40, 8, 39, 53]]
[[3,5,24,17,38,104],[0, 8, 43, 39, 53]]
[[2,4,17,28,27,97],[0, 8, 52, 39, 53]]
[[3,9,18,13,28,66],[0, 8, 39, 53, 54]]
[[3,5,3,13,53,53],[0, 40, 8, 43, 53]]
[[2,2,8,14,17,86],[0, 40, 8, 44, 53]]
[[3,5,21,17,33,83],[0, 40, 8, 53, 54]]
[[4,8,10,24,34,80],[0, 42, 49, 8, 53]]
[[4,8,19,16,24,83],[0, 42, 8, 50, 53]]
[[3,7,21,19,23,103],[0, 42, 8, 52, 51]]
[[2,10,17,14,47,67],[0, 8, 43, 52, 44]]
[[4,4,16,12,54,100],[0, 8, 43, 52, 53]]
[[3,5,18,17,38,116],[0, 8, 52, 44, 53]]
[[2,4,20,16,27,76],[0, 8, 52, 44, 54]]
[[4,10,16,26,29,64],[0, 8, 44, 53, 54]]
[[3,5,6,9,38,104],[0, 49, 8, 50, 53]]
[[2,6,8,26,47,72],[0, 49, 8, 50, 54]]
[[2,6,20,22,42,54],[0, 49, 8, 51, 53]]
[[2,10,14,14,47,58],[0, 8, 50, 52, 51]]
[[2,8,5,24,27,83],[0, 8, 50, 51, 53]]
[[1,7,16,31,26,82],[0, 8, 50, 51, 54]]
[[3,7,18,15,13,94],[0, 34, 35, 9, 53]]
[[2,6,23,30,12,99],[0, 34, 38, 9, 53]]
[[3,9,12,21,53,78],[0, 34, 9, 39, 53]]
[[3,3,6,27,38,66],[0, 34, 43, 9, 53]]
[[4,10,13,22,54,67],[0, 34, 9, 44, 53]]
[[2,2,8,30,32,86],[0, 34, 52, 9, 53]]
[[3,5,12,13,43,74],[0, 35, 38, 9, 53]]
[[2,6,14,18,42,78],[0, 35, 40, 9, 53]]
[[1,5,19,33,36,77],[0, 35, 52, 9, 44]]
[[3,5,18,21,33,104],[0, 35, 9, 44, 53]]
[[3,3,12,19,38,108],[0, 35, 52, 9, 53]]
[[4,4,13,8,44,91],[0, 35, 9, 53, 54]]
[[3,5,15,13,28,83],[0, 37, 42, 9, 53]]
[[2,6,11,14,7,87],[0, 37, 49, 9, 53]]
[[2,6,8,14,22,66],[0, 37, 50, 9, 53]]
[[3,9,9,21,38,69],[0, 38, 9, 39, 53]]
[[3,3,18,19,33,72],[0, 40, 38, 9, 53]]
[[3,7,18,27,33,94],[0, 38, 43, 9, 53]]
[[4,8,7,24,34,95],[0, 38, 9, 44, 53]]
[[2,2,23,14,22,71],[0, 38, 52, 9, 53]]
[[1,3,13,23,31,87],[0, 38, 52, 9, 54]]
[[4,8,7,12,49,71],[0, 40, 9, 39, 53]]
[[3,9,9,13,23,69],[0, 52, 9, 39, 44]]
[[3,5,21,13,33,101],[0, 52, 9, 39, 53]]
[[2,2,17,14,27,71],[0, 9, 39, 53, 54]]
[[2,6,14,30,32,78],[0, 40, 43, 9, 53]]
[[3,5,9,13,18,47],[0, 40, 9, 44, 53]]
[[3,7,15,31,33,73],[0, 42, 49, 9, 53]]
[[4,8,7,24,34,95],[0, 42, 9, 51, 53]]
[[1,5,7,29,41,89],[0, 43, 52, 9, 44]]
[[3,3,15,27,53,57],[0, 43, 52, 9, 53]]
[[2,4,14,20,22,64],[0, 43, 52, 9, 54]]
[[4,8,16,20,39,86],[0, 43, 9, 53, 54]]
[[4,6,10,22,49,66],[0, 52, 9, 44, 53]]
[[3,3,18,11,33,84],[0, 9, 44, 53, 54]]
[[2,8,11,28,17,125],[0, 49, 50, 9, 53]]
[[3,7,18,19,33,88],[0, 49, 9, 51, 53]]
[[3,11,9,39,33,59],[0, 34, 35, 40, 53]]
[[3,7,9,27,43,79],[0, 34, 35, 43, 53]]
[[2,4,20,20,22,100],[0, 34, 35, 52, 44]]
[[2,4,20,24,22,100],[0, 34, 35, 44, 53]]
[[4,4,10,16,54,88],[0, 34, 35, 52, 53]]
[[3,3,15,7,23,63],[0, 34, 35, 53, 54]]
[[4,8,19,24,24,83],[0, 34, 37, 42, 53]]
[[3,11,6,31,28,50],[0, 34, 37, 50, 53]]
[[2,6,20,30,27,102],[0, 34, 37, 51, 53]]
[[2,4,20,20,22,76],[0, 34, 38, 39, 53]]
[[4,6,16,26,24,72],[0, 34, 40, 38, 53]]
[[2,4,11,8,32,85],[0, 34, 38, 52, 54]]
[[2,2,20,18,32,116],[0, 34, 38, 53, 54]]
[[3,5,21,13,23,89],[0, 34, 40, 39, 53]]
[[4,10,10,14,14,106],[0, 34, 39, 44, 53]]
[[2,2,17,22,37,107],[0, 34, 52, 39, 53]]
[[1,3,13,23,51,75],[0, 34, 52, 39, 54]]
[[2,2,14,22,42,86],[0, 34, 40, 52, 44]]
[[2,4,11,36,52,85],[0, 34, 40, 44, 53]]
[[4,4,10,24,34,64],[0, 34, 40, 52, 53]]
[[3,3,15,7,23,99],[0, 34, 40, 53, 54]]
[[4,8,10,24,29,92],[0, 34, 42, 49, 53]]
[[2,8,14,24,32,56],[0, 34, 43, 44, 53]]
[[3,7,27,23,23,79],[0, 34, 43, 52, 54]]
[[3,7,18,19,28,106],[0, 34, 43, 53, 54]]
[[3,5,15,25,38,89],[0, 34, 52, 44, 53]]
[[2,6,14,14,22,78],[0, 34, 52, 44, 54]]
[[3,7,12,11,18,46],[0, 34, 49, 50, 53]]
[[2,4,23,20,12,73],[0, 34, 49, 51, 53]]
[[2,6,14,18,32,96],[0, 34, 50, 51, 53]]
[[0,4,12,16,80,88],[0, 34, 52, 53, 54]]
[[3,9,12,13,48,66],[0, 35, 37, 42, 53]]
[[4,10,7,26,19,67],[0, 35, 37, 49, 53]]
[[3,13,12,25,28,88],[0, 35, 37, 50, 54]]
[[2,6,20,22,42,54],[0, 35, 38, 44, 53]]
[[3,5,27,13,23,77],[0, 35, 38, 52, 54]]
[[2,4,14,16,32,100],[0, 35, 43, 39, 53]]
[[1,7,7,31,51,79],[0, 35, 52, 39, 44]]
[[3,3,9,19,43,51],[0, 35, 52, 39, 53]]
[[3,5,18,17,23,110],[0, 35, 40, 44, 53]]
[[3,7,21,23,33,79],[0, 35, 40, 52, 53]]
[[2,4,14,24,22,136],[0, 35, 40, 53, 54]]
[[3,5,6,9,38,104],[0, 35, 42, 50, 53]]
[[2,6,8,26,47,72],[0, 35, 42, 50, 54]]
[[2,6,20,22,42,54],[0, 35, 42, 51, 53]]
[[3,9,9,13,43,81],[0, 35, 43, 52, 44]]
[[3,11,9,19,53,71],[0, 35, 43, 52, 53]]
[[2,8,17,32,12,101],[0, 35, 43, 52, 54]]
[[2,4,20,20,12,100],[0, 35, 43, 53, 54]]
[[1,3,4,31,51,72],[0, 35, 52, 44, 54]]
[[3,5,6,25,33,38],[0, 35, 44, 53, 54]]
[[4,8,19,16,24,83],[0, 35, 49, 50, 53]]
[[3,7,21,19,23,103],[0, 35, 49, 52, 51]]
[[3,9,9,13,28,75],[0, 35, 50, 52, 51]]
[[2,6,11,18,42,57],[0, 35, 50, 51, 54]]
[[1,7,13,23,41,91],[0, 35, 52, 53, 54]]
[[3,5,3,25,33,83],[0, 37, 49, 38, 53]]
[[3,9,12,45,33,60],[0, 37, 38, 50, 53]]
[[2,4,17,20,37,91],[0, 37, 38, 52, 51]]
[[2,4,14,12,32,76],[0, 37, 38, 51, 53]]
[[2,6,14,30,32,78],[0, 37, 49, 39, 53]]
[[2,6,14,30,22,102],[0, 37, 50, 39, 53]]
[[1,5,7,33,61,89],[0, 37, 50, 39, 54]]
[[1,3,4,27,41,84],[0, 37, 52, 39, 51]]
[[3,9,12,17,63,72],[0, 40, 37, 42, 53]]
[[4,6,16,10,39,96],[0, 40, 37, 50, 53]]
[[3,5,12,9,28,80],[0, 40, 37, 51, 53]]
[[3,5,9,21,28,89],[0, 37, 42, 43, 53]]
[[2,4,17,20,37,91],[0, 37, 42, 52, 44]]
[[2,4,14,12,32,76],[0, 37, 42, 44, 53]]
[[4,6,10,18,34,114],[0, 37, 42, 52, 53]]
[[3,3,21,11,38,75],[0, 37, 42, 53, 54]]
[[4,8,7,12,49,71],[0, 37, 49, 43, 53]]
[[3,5,21,17,33,101],[0, 37, 43, 50, 54]]
[[3,7,15,19,43,103],[0, 37, 49, 44, 53]]
[[3,9,18,25,33,78],[0, 37, 50, 52, 44]]
[[2,4,17,16,32,49],[0, 37, 50, 44, 54]]
[[3,7,15,15,28,109],[0, 37, 50, 52, 53]]
[[2,2,2,30,27,62],[0, 37, 50, 53, 54]]
[[2,4,8,12,27,88],[0, 37, 52, 51, 53]]
[[3,7,18,15,28,94],[0, 37, 51, 53, 54]]
[[3,3,6,31,33,48],[0, 38, 43, 39, 53]]
[[2,2,8,30,62,38],[0, 38, 52, 39, 44]]
[[4,6,16,30,44,54],[0, 38, 39, 44, 53]]
[[2,4,14,20,42,64],[0, 38, 52, 39, 53]]
[[3,9,12,29,38,54],[0, 40, 38, 43, 53]]
[[2,8,17,36,22,89],[0, 40, 38, 44, 53]]
[[4,6,19,18,39,105],[0, 40, 38, 52, 53]]
[[3,5,9,21,43,89],[0, 40, 38, 52, 54]]
[[3,5,12,13,38,122],[0, 40, 38, 53, 54]]
[[4,4,4,24,19,70],[0, 42, 38, 50, 53]]
[[3,5,3,17,33,137],[0, 42, 38, 50, 54]]
[[3,5,12,25,33,86],[0, 42, 38, 52, 51]]
[[3,5,24,13,28,86],[0, 42, 38, 51, 53]]
[[2,2,14,22,32,86],[0, 38, 43, 52, 44]]
[[2,8,20,24,12,68],[0, 49, 38, 50, 54]]
[[2,4,14,16,32,76],[0, 49, 38, 52, 51]]
[[2,4,14,20,32,88],[0, 49, 38, 51, 53]]
[[2,4,14,16,7,112],[0, 38, 50, 51, 53]]
[[0,2,9,26,45,101],[0, 38, 52, 53, 54]]
[[2,6,11,14,7,87],[0, 40, 43, 39, 53]]
[[1,7,10,15,51,52],[0, 40, 52, 39, 44]]
[[3,7,21,23,33,67],[0, 40, 39, 44, 53]]
[[3,5,15,21,43,77],[0, 40, 52, 39, 53]]
[[2,2,14,14,32,98],[0, 40, 52, 39, 54]]
[[3,5,18,29,38,86],[0, 42, 49, 39, 53]]
[[3,7,3,19,43,85],[0, 42, 50, 39, 53]]
[[2,2,17,18,27,101],[0, 42, 50, 39, 54]]
[[2,2,8,30,62,38],[0, 42, 52, 39, 51]]
[[4,6,16,30,44,54],[0, 42, 39, 51, 53]]
[[1,5,16,25,41,62],[0, 43, 52, 39, 44]]
[[3,5,3,13,33,89],[0, 43, 52, 39, 53]]
[[4,10,19,14,19,103],[0, 43, 39, 53, 54]]
[[4,10,16,30,34,58],[0, 52, 39, 44, 53]]
[[3,7,15,39,43,55],[0, 39, 44, 53, 54]]
[[2,4,17,20,32,61],[0, 49, 50, 39, 53]]
[[1,3,13,23,21,87],[0, 49, 50, 39, 54]]
[[1,3,19,23,31,63],[0, 49, 52, 39, 51]]
[[1,3,10,19,1,96],[0, 50, 52, 39, 51]]
[[3,3,6,31,28,60],[0, 50, 39, 51, 53]]
[[2,4,8,16,27,100],[0, 50, 39, 51, 54]]
[[3,7,15,15,38,49],[0, 40, 42, 49, 53]]
[[2,8,17,36,22,89],[0, 40, 42, 51, 53]]
[[3,9,18,17,33,66],[0, 40, 43, 44, 53]]
[[2,2,8,30,42,62],[0, 40, 43, 52, 54]]
[[2,4,14,12,32,76],[0, 40, 52, 44, 53]]
[[1,1,4,17,31,70],[0, 40, 52, 44, 54]]
[[4,8,10,24,54,116],[0, 40, 49, 50, 53]]
[[3,9,9,9,78,69],[0, 40, 49, 51, 53]]
[[1,7,4,35,46,70],[0, 40, 52, 53, 54]]
[[3,7,12,47,43,52],[0, 42, 49, 43, 53]]
[[3,5,3,25,23,65],[0, 42, 43, 50, 53]]
[[2,2,14,22,32,86],[0, 42, 43, 52, 51]]
[[2,4,14,16,32,76],[0, 42, 49, 52, 44]]
[[2,4,14,20,32,88],[0, 42, 49, 44, 53]]
[[2,4,14,16,7,112],[0, 42, 50, 44, 53]]
[[3,9,12,21,28,66],[0, 42, 44, 51, 53]]
[[4,6,19,18,44,81],[0, 42, 49, 52, 53]]
[[3,7,12,39,38,82],[0, 42, 49, 53, 54]]
[[2,4,14,16,22,76],[0, 43, 52, 44, 53]]
[[4,10,13,42,19,49],[0, 49, 43, 50, 53]]
[[3,7,18,27,23,112],[0, 43, 50, 52, 51]]
[[3,9,9,25,33,69],[0, 43, 50, 51, 53]]
[[2,4,8,24,37,76],[0, 43, 50, 51, 54]]
[[1,3,10,19,66,42],[0, 43, 52, 53, 54]]
[[3,9,3,33,33,81],[0, 49, 50, 44, 53]]
[[4,4,4,24,19,70],[0, 50, 44, 51, 53]]
[[3,5,3,17,33,137],[0, 50, 44, 51, 54]]
[[3,3,12,27,38,78],[0, 49, 50, 52, 53]]
[[2,6,11,22,27,63],[0, 49, 50, 53, 54]]
[[2,4,17,12,22,85],[0, 50, 52, 51, 53]]
[[3,5,15,9,18,41],[0, 50, 51, 53, 54]]
[[5,9,11,29,35,69],[4, 5, 7, 37, 53]]
[[4,6,13,18,19,69],[4, 5, 7, 42, 53]]
[[4,6,16,18,39,84],[4, 5, 7, 50, 54]]
[[4,8,28,20,24,68],[4, 5, 7, 51, 53]]
[[4,8,19,20,34,83],[4, 5, 8, 9, 53]]
[[5,9,11,25,55,57],[4, 5, 8, 38, 53]]
[[4,8,22,20,29,92],[4, 5, 8, 39, 53]]
[[4,6,7,14,44,75],[4, 5, 40, 8, 53]]
[[4,12,13,20,14,111],[4, 5, 8, 43, 53]]
[[3,5,9,17,48,77],[4, 5, 8, 52, 44]]
[[3,5,21,13,33,107],[4, 5, 8, 44, 53]]
[[4,4,7,16,34,91],[4, 34, 5, 9, 53]]
[[4,6,22,22,39,72],[4, 5, 38, 9, 53]]
[[5,11,11,23,35,89],[4, 5, 9, 39, 53]]
[[3,7,18,23,33,106],[4, 5, 40, 9, 53]]
[[3,5,30,17,33,68],[4, 5, 43, 9, 53]]
[[2,8,11,20,57,71],[4, 5, 52, 9, 44]]
[[4,8,25,24,34,47],[4, 5, 9, 44, 53]]
[[4,6,19,26,34,81],[4, 5, 52, 9, 53]]
[[5,7,23,15,40,73],[4, 5, 9, 53, 54]]
[[4,12,13,24,34,69],[4, 34, 5, 35, 53]]
[[4,6,13,18,19,69],[4, 34, 5, 40, 53]]
[[4,8,10,24,54,104],[4, 34, 5, 43, 53]]
[[3,5,12,13,33,116],[4, 34, 5, 52, 44]]
[[3,5,27,21,38,83],[4, 34, 5, 44, 53]]
[[4,10,13,14,44,73],[4, 5, 35, 38, 53]]
[[3,7,21,15,8,97],[4, 5, 35, 39, 53]]
[[4,8,28,16,24,80],[4, 5, 35, 52, 44]]
[[4,6,22,10,39,96],[4, 5, 35, 52, 53]]
[[3,3,15,15,33,75],[4, 5, 35, 53, 54]]
[[4,6,10,30,44,66],[4, 5, 37, 42, 53]]
[[5,5,17,21,45,83],[4, 5, 37, 49, 53]]
[[4,6,7,30,29,87],[4, 5, 37, 50, 54]]
[[4,4,7,20,39,109],[4, 5, 37, 52, 51]]
[[4,6,7,14,54,69],[4, 5, 38, 39, 53]]
[[4,8,19,24,24,83],[4, 5, 38, 43, 53]]
[[4,6,10,18,59,96],[4, 5, 38, 52, 54]]
[[4,4,7,20,39,43],[4, 5, 38, 53, 54]]
[[3,7,6,23,53,64],[4, 5, 40, 39, 53]]
[[3,5,12,21,28,110],[4, 5, 43, 39, 53]]
[[2,4,8,28,42,52],[4, 5, 52, 39, 44]]
[[4,6,19,10,39,93],[4, 5, 39, 44, 53]]
[[4,4,13,44,24,73],[4, 5, 52, 39, 53]]
[[3,3,6,31,28,84],[4, 5, 52, 39, 54]]
[[5,5,17,33,30,65],[4, 5, 39, 53, 54]]
[[4,8,16,20,29,68],[4, 5, 40, 52, 44]]
[[4,10,16,22,24,112],[4, 5, 40, 44, 53]]
[[4,4,16,4,34,88],[4, 5, 40, 52, 53]]
[[3,5,12,13,48,98],[4, 5, 40, 53, 54]]
[[4,4,7,12,29,61],[4, 5, 42, 50, 53]]
[[3,5,15,25,33,83],[4, 5, 42, 50, 54]]
[[4,8,10,28,24,80],[4, 5, 43, 52, 44]]
[[4,10,16,18,24,100],[4, 5, 43, 52, 53]]
[[3,7,6,23,38,52],[4, 5, 43, 52, 54]]
[[3,3,9,35,38,69],[4, 5, 43, 53, 54]]
[[3,3,6,27,33,96],[4, 5, 52, 44, 53]]
[[2,6,14,30,47,66],[4, 5, 52, 44, 54]]
[[4,4,13,20,49,97],[4, 5, 44, 53, 54]]
[[5,5,8,21,55,98],[4, 5, 49, 50, 53]]
[[4,10,7,22,49,67],[4, 5, 49, 52, 51]]
[[4,4,13,12,34,79],[4, 5, 49, 51, 53]]
[[4,8,7,8,54,53],[4, 5, 50, 51, 53]]
[[5,5,23,9,60,65],[4, 7, 42, 8, 53]]
[[4,6,13,10,19,93],[4, 7, 49, 8, 53]]
[[4,10,16,22,24,100],[4, 7, 8, 50, 53]]
[[3,5,18,21,28,98],[4, 7, 8, 50, 54]]
[[3,3,24,19,48,66],[4, 7, 8, 52, 51]]
[[3,3,21,11,43,99],[4, 7, 8, 51, 53]]
[[3,7,18,27,38,94],[4, 7, 37, 9, 53]]
[[3,7,15,15,8,109],[4, 7, 49, 9, 53]]
[[3,5,21,17,23,77],[4, 7, 50, 9, 53]]
[[2,4,14,16,22,124],[4, 7, 50, 9, 54]]
[[2,4,14,24,37,88],[4, 7, 52, 9, 51]]
[[4,10,25,18,14,85],[4, 34, 7, 37, 53]]
[[5,9,20,17,35,96],[4, 34, 7, 42, 53]]
[[4,8,19,16,29,89],[4, 34, 7, 50, 53]]
[[3,5,30,17,33,74],[4, 34, 7, 51, 53]]
[[5,7,20,31,30,40],[4, 35, 7, 37, 53]]
[[4,6,13,10,19,93],[4, 35, 7, 42, 53]]
[[5,5,23,9,60,65],[4, 35, 7, 49, 53]]
[[4,8,22,16,34,80],[4, 35, 7, 50, 54]]
[[4,10,19,18,29,67],[4, 35, 7, 51, 53]]
[[4,6,19,18,24,81],[4, 7, 37, 38, 53]]
[[3,5,21,17,33,101],[4, 7, 37, 39, 53]]
[[5,9,14,17,40,72],[4, 40, 7, 37, 53]]
[[4,6,16,26,39,90],[4, 7, 37, 52, 44]]
[[4,4,10,24,44,76],[4, 7, 37, 44, 53]]
[[4,6,16,34,39,48],[4, 7, 37, 52, 53]]
[[4,6,10,14,34,90],[4, 7, 49, 38, 53]]
[[4,8,16,8,29,80],[4, 7, 38, 50, 53]]
[[3,7,24,15,8,82],[4, 7, 38, 52, 51]]
[[3,5,15,21,28,83],[4, 7, 38, 51, 53]]
[[3,5,18,17,28,86],[4, 7, 49, 39, 53]]
[[2,4,20,24,22,100],[4, 7, 50, 39, 54]]
[[2,4,26,24,22,76],[4, 7, 52, 39, 51]]
[[4,8,10,20,49,92],[4, 40, 7, 42, 53]]
[[5,5,14,21,35,80],[4, 40, 7, 50, 53]]
[[4,6,13,26,19,81],[4, 40, 7, 50, 54]]
[[4,6,13,18,44,99],[4, 40, 7, 51, 53]]
[[4,6,25,18,44,69],[4, 7, 42, 43, 53]]
[[3,7,24,15,8,82],[4, 7, 42, 52, 44]]
[[3,5,15,21,28,83],[4, 7, 42, 44, 53]]
[[5,7,20,19,45,88],[4, 7, 42, 52, 53]]
[[4,4,10,40,19,76],[4, 7, 42, 53, 54]]
[[5,7,20,23,30,64],[4, 7, 49, 43, 53]]
[[4,4,16,8,54,112],[4, 7, 43, 50, 54]]
[[4,8,16,20,44,68],[4, 7, 43, 51, 53]]
[[4,6,13,38,34,87],[4, 7, 49, 44, 53]]
[[4,8,22,16,24,104],[4, 7, 50, 52, 44]]
[[3,3,15,7,33,75],[4, 7, 50, 44, 54]]
[[4,8,22,20,34,62],[4, 7, 50, 52, 53]]
[[3,3,3,19,28,111],[4, 7, 50, 53, 54]]
[[3,3,12,19,28,42],[4, 7, 52, 51, 53]]
[[4,6,13,22,39,87],[4, 7, 51, 53, 54]]
[[4,4,13,20,29,61],[4, 35, 8, 9, 53]]
[[3,5,21,13,23,101],[4, 8, 38, 9, 53]]
[[4,6,16,14,34,102],[4, 8, 9, 39, 53]]
[[4,4,13,16,49,91],[4, 40, 8, 9, 53]]
[[4,6,25,18,44,75],[4, 8, 43, 9, 53]]
[[5,7,17,15,35,91],[4, 8, 9, 44, 53]]
[[3,7,15,19,33,73],[4, 8, 52, 9, 53]]
[[4,10,10,22,29,100],[4, 8, 9, 53, 54]]
[[4,8,19,12,34,77],[4, 34, 8, 38, 53]]
[[3,3,15,7,23,99],[4, 34, 8, 39, 53]]
[[5,5,23,9,60,65],[4, 34, 40, 8, 53]]
[[4,10,13,38,19,67],[4, 34, 8, 52, 44]]
[[4,8,4,16,39,44],[4, 34, 8, 52, 53]]
[[3,5,21,17,28,77],[4, 34, 8, 53, 54]]
[[5,7,11,23,55,79],[4, 35, 8, 38, 53]]
[[4,8,19,24,34,71],[4, 35, 8, 39, 53]]
[[4,10,16,18,24,106],[4, 35, 8, 43, 53]]
[[4,8,22,16,29,86],[4, 37, 49, 8, 53]]
[[4,6,16,22,54,72],[4, 37, 8, 50, 53]]
[[3,3,12,7,33,120],[4, 37, 8, 52, 51]]
[[3,3,15,3,28,105],[4, 8, 38, 39, 53]]
[[5,9,23,13,35,81],[4, 40, 8, 38, 53]]
[[4,10,25,14,9,91],[4, 8, 38, 52, 44]]
[[4,8,19,28,29,77],[4, 8, 38, 52, 53]]
[[3,9,12,41,23,66],[4, 8, 38, 53, 54]]
[[4,8,10,24,49,56],[4, 8, 43, 39, 53]]
[[3,5,21,25,33,83],[4, 8, 52, 39, 44]]
[[3,7,9,47,33,55],[4, 8, 52, 39, 53]]
[[2,8,2,16,37,68],[4, 8, 52, 39, 54]]
[[4,10,16,14,44,70],[4, 8, 39, 53, 54]]
[[4,6,10,22,54,114],[4, 40, 8, 43, 53]]
[[3,3,18,11,48,114],[4, 40, 8, 52, 44]]
[[3,5,12,33,38,56],[4, 40, 8, 44, 53]]
[[5,9,17,9,30,105],[4, 40, 8, 52, 53]]
[[4,8,16,24,29,104],[4, 40, 8, 53, 54]]
[[5,7,11,27,30,67],[4, 42, 8, 50, 53]]
[[4,10,25,14,9,91],[4, 42, 8, 52, 51]]
[[3,3,18,11,33,60],[4, 8, 43, 52, 44]]
[[3,3,21,7,28,69],[4, 8, 43, 44, 53]]
[[4,6,16,26,39,72],[4, 8, 43, 52, 54]]
[[3,7,24,19,18,94],[4, 8, 52, 44, 54]]
[[3,7,6,27,48,94],[4, 49, 8, 50, 54]]
[[3,3,15,19,38,81],[4, 49, 8, 52, 51]]
[[3,5,24,17,28,86],[4, 49, 8, 51, 53]]
[[3,7,15,19,13,97],[4, 8, 50, 51, 53]]
[[2,4,8,32,32,76],[4, 8, 50, 51, 54]]
[[1,5,13,25,36,77],[4, 8, 52, 53, 54]]
[[4,6,22,14,39,102],[4, 34, 35, 9, 53]]
[[3,3,21,15,43,75],[4, 34, 38, 9, 53]]
[[4,12,10,28,19,96],[4, 34, 9, 39, 53]]
[[4,6,19,14,39,99],[4, 34, 43, 9, 53]]
[[5,11,17,23,20,77],[4, 34, 9, 44, 53]]
[[4,6,19,18,39,93],[4, 34, 9, 53, 54]]
[[4,4,13,16,34,67],[4, 35, 38, 9, 53]]
[[5,7,20,23,35,52],[4, 35, 9, 39, 53]]
[[3,5,24,9,18,80],[4, 35, 40, 9, 53]]
[[4,8,19,20,24,101],[4, 35, 9, 44, 53]]
[[4,4,10,24,49,100],[4, 35, 52, 9, 53]]
[[3,7,15,19,18,103],[4, 37, 49, 9, 53]]
[[3,7,6,31,23,94],[4, 37, 50, 9, 53]]
[[2,2,8,30,42,86],[4, 37, 50, 9, 54]]
[[2,2,8,30,42,62],[4, 37, 52, 9, 51]]
[[4,4,19,16,39,73],[4, 37, 9, 51, 53]]
[[4,6,16,18,39,72],[4, 38, 43, 9, 53]]
[[3,7,18,19,33,88],[4, 38, 52, 9, 44]]
[[2,8,11,32,52,65],[4, 38, 52, 9, 54]]
[[4,10,10,14,14,106],[4, 38, 9, 53, 54]]
[[5,7,17,19,35,79],[4, 40, 9, 39, 53]]
[[5,9,17,21,20,93],[4, 43, 9, 39, 53]]
[[4,8,13,12,39,95],[4, 52, 9, 39, 44]]
[[4,6,22,18,44,90],[4, 9, 39, 44, 53]]
[[4,10,16,18,39,88],[4, 52, 9, 39, 53]]
[[3,5,12,21,28,74],[4, 9, 39, 53, 54]]
[[3,5,15,21,33,101],[4, 40, 43, 9, 53]]
[[2,8,8,20,47,62],[4, 40, 52, 9, 44]]
[[4,6,13,14,24,57],[4, 40, 52, 9, 53]]
[[5,9,11,33,15,69],[4, 40, 9, 53, 54]]
[[4,4,13,20,29,61],[4, 42, 49, 9, 53]]
[[3,5,24,25,43,74],[4, 42, 50, 9, 54]]
[[3,7,18,19,33,88],[4, 42, 52, 9, 51]]
[[2,4,11,20,37,91],[4, 43, 52, 9, 44]]
[[4,4,25,16,59,67],[4, 43, 9, 44, 53]]
[[4,8,13,24,14,89],[4, 43, 52, 9, 53]]
[[5,11,20,19,15,80],[4, 43, 9, 53, 54]]
[[5,9,17,25,25,63],[4, 52, 9, 44, 53]]
[[4,8,22,12,29,92],[4, 9, 44, 53, 54]]
[[3,5,6,13,38,80],[4, 49, 50, 9, 53]]
[[2,4,17,24,42,73],[4, 49, 50, 9, 54]]
[[4,8,16,20,39,104],[4, 49, 9, 51, 53]]
[[2,2,23,18,32,95],[4, 50, 52, 9, 51]]
[[4,4,19,20,54,79],[4, 50, 9, 51, 53]]
[[2,8,8,8,37,86],[4, 52, 9, 53, 54]]
[[5,7,14,39,20,76],[4, 34, 35, 38, 53]]
[[4,4,22,8,39,58],[4, 34, 35, 39, 53]]
[[4,6,13,10,19,93],[4, 34, 35, 40, 53]]
[[3,3,27,11,48,81],[4, 34, 35, 52, 44]]
[[3,3,21,11,38,81],[4, 34, 35, 44, 53]]
[[5,9,14,17,40,72],[4, 34, 37, 42, 53]]
[[4,6,7,22,59,111],[4, 34, 37, 49, 53]]
[[3,9,9,13,23,69],[4, 34, 37, 50, 54]]
[[3,5,24,17,38,104],[4, 34, 37, 52, 51]]
[[3,3,15,15,38,93],[4, 34, 37, 51, 53]]
[[3,3,15,3,28,111],[4, 34, 38, 39, 53]]
[[5,9,17,17,35,57],[4, 34, 38, 43, 53]]
[[4,6,13,18,44,99],[4, 34, 38, 44, 53]]
[[3,13,12,25,28,88],[4, 34, 38, 52, 54]]
[[3,7,21,19,23,85],[4, 34, 38, 53, 54]]
[[4,6,22,14,49,102],[4, 34, 43, 39, 53]]
[[3,7,18,27,38,70],[4, 34, 52, 39, 44]]
[[5,9,17,25,25,57],[4, 34, 39, 44, 53]]
[[3,7,18,15,28,94],[4, 34, 52, 39, 53]]
[[2,6,20,30,32,90],[4, 34, 52, 39, 54]]
[[4,12,7,16,29,93],[4, 34, 39, 53, 54]]
[[4,6,25,18,44,69],[4, 34, 40, 43, 53]]
[[3,7,24,15,8,82],[4, 34, 40, 52, 44]]
[[3,5,15,21,28,83],[4, 34, 40, 44, 53]]
[[5,7,20,19,45,88],[4, 34, 40, 52, 53]]
[[4,4,10,40,19,76],[4, 34, 40, 53, 54]]
[[5,5,14,21,35,80],[4, 34, 42, 50, 53]]
[[4,6,13,26,19,81],[4, 34, 42, 50, 54]]
[[4,6,13,18,44,99],[4, 34, 42, 51, 53]]
[[3,3,18,27,48,90],[4, 34, 43, 52, 44]]
[[3,3,12,11,23,102],[4, 34, 43, 44, 53]]
[[4,6,16,14,34,90],[4, 34, 43, 52, 54]]
[[3,7,21,23,38,61],[4, 34, 52, 44, 54]]
[[4,8,13,12,44,59],[4, 34, 49, 50, 53]]
[[3,7,27,23,23,79],[4, 34, 49, 52, 51]]
[[3,5,15,13,28,107],[4, 34, 50, 52, 51]]
[[3,3,12,15,33,120],[4, 34, 50, 51, 53]]
[[2,2,17,10,22,101],[4, 34, 50, 51, 54]]
[[1,3,16,23,26,78],[4, 34, 52, 53, 54]]
[[4,8,22,16,29,86],[4, 35, 37, 42, 53]]
[[5,7,14,31,25,76],[4, 35, 37, 50, 53]]
[[4,6,13,22,19,75],[4, 35, 37, 50, 54]]
[[4,6,19,10,29,93],[4, 35, 37, 51, 53]]
[[4,4,19,16,54,91],[4, 35, 38, 39, 53]]
[[4,6,22,14,34,84],[4, 35, 40, 38, 53]]
[[4,8,16,16,29,92],[4, 35, 38, 43, 53]]
[[3,3,15,19,38,81],[4, 35, 38, 52, 44]]
[[3,5,24,17,28,86],[4, 35, 38, 44, 53]]
[[5,13,11,33,20,67],[4, 35, 38, 52, 53]]
[[4,10,13,14,44,73],[4, 35, 38, 53, 54]]
[[3,5,21,29,38,89],[4, 35, 40, 39, 53]]
[[3,3,21,7,33,87],[4, 35, 43, 39, 53]]
[[2,4,11,20,27,109],[4, 35, 52, 39, 44]]
[[4,6,13,18,44,75],[4, 35, 39, 44, 53]]
[[4,10,7,34,34,79],[4, 35, 52, 39, 53]]
[[4,6,28,10,44,84],[4, 35, 40, 52, 44]]
[[4,4,16,24,39,64],[4, 35, 40, 52, 53]]
[[4,8,16,16,29,104],[4, 35, 42, 49, 53]]
[[3,7,6,27,48,94],[4, 35, 42, 50, 54]]
[[3,3,15,19,38,81],[4, 35, 42, 52, 51]]
[[3,5,24,17,28,86],[4, 35, 42, 51, 53]]
[[3,5,18,21,33,122],[4, 35, 43, 53, 54]]
[[3,5,12,25,33,62],[4, 35, 52, 44, 53]]
[[2,6,5,42,47,57],[4, 35, 52, 44, 54]]
[[5,7,11,27,30,67],[4, 35, 49, 50, 53]]
[[4,10,25,14,9,91],[4, 35, 49, 52, 51]]
[[4,6,25,10,44,99],[4, 35, 50, 51, 53]]
[[5,9,20,21,25,72],[4, 37, 42, 38, 53]]
[[4,10,16,30,34,58],[4, 37, 49, 38, 53]]
[[4,6,7,14,34,75],[4, 37, 38, 50, 53]]
[[3,5,18,13,33,98],[4, 37, 38, 52, 51]]
[[3,5,24,17,33,86],[4, 37, 38, 51, 53]]
[[4,6,10,10,39,78],[4, 37, 42, 39, 53]]
[[3,5,15,21,33,101],[4, 37, 49, 39, 53]]
[[3,5,15,13,18,65],[4, 37, 50, 39, 53]]
[[2,2,20,14,22,74],[4, 37, 50, 39, 54]]
[[2,2,26,18,37,92],[4, 37, 52, 39, 51]]
[[4,10,25,18,14,85],[4, 40, 37, 42, 53]]
[[5,9,17,21,20,93],[4, 40, 37, 49, 53]]
[[4,6,19,14,44,123],[4, 40, 37, 52, 51]]
[[3,5,18,13,33,98],[4, 37, 42, 52, 44]]
[[3,5,24,17,33,86],[4, 37, 42, 44, 53]]
[[5,5,11,13,50,71],[4, 37, 42, 52, 53]]
[[4,8,25,16,29,77],[4, 37, 42, 53, 54]]
[[5,7,17,19,35,79],[4, 37, 49, 43, 53]]
[[5,11,23,15,15,77],[4, 37, 43, 50, 53]]
[[4,6,10,18,39,72],[4, 37, 43, 52, 51]]
[[4,8,22,20,29,80],[4, 37, 49, 44, 53]]
[[4,10,13,18,24,85],[4, 37, 50, 44, 53]]
[[5,9,20,21,25,72],[4, 37, 44, 51, 53]]
[[4,8,10,12,39,50],[4, 37, 49, 52, 53]]
[[3,7,21,15,28,67],[4, 37, 49, 53, 54]]
[[3,3,15,11,38,87],[4, 37, 50, 53, 54]]
[[3,3,9,15,28,93],[4, 37, 52, 51, 53]]
[[4,8,16,20,29,68],[4, 37, 51, 53, 54]]
[[4,6,13,22,34,93],[4, 40, 38, 39, 53]]
[[4,4,13,8,34,73],[4, 38, 43, 39, 53]]
[[3,5,15,21,33,71],[4, 38, 52, 39, 53]]
[[4,14,10,34,19,50],[4, 38, 39, 53, 54]]
[[4,8,22,24,24,86],[4, 40, 38, 43, 53]]
[[3,5,30,17,33,74],[4, 40, 38, 44, 53]]
[[4,6,13,18,44,75],[4, 40, 38, 53, 54]]
[[5,7,11,23,55,79],[4, 42, 49, 38, 53]]
[[5,5,11,13,50,71],[4, 42, 38, 50, 53]]
[[4,6,19,18,34,93],[4, 42, 38, 52, 51]]
[[3,5,12,9,43,98],[4, 38, 43, 52, 44]]
[[3,3,24,11,43,96],[4, 38, 43, 44, 53]]
[[5,7,17,15,40,79],[4, 38, 43, 52, 53]]
[[4,4,19,28,44,67],[4, 38, 43, 53, 54]]
[[4,8,10,36,19,62],[4, 38, 52, 44, 53]]
[[5,9,14,21,25,78],[4, 38, 44, 53, 54]]
[[4,8,13,16,34,41],[4, 49, 38, 50, 53]]
[[3,7,12,27,48,94],[4, 49, 38, 50, 54]]
[[3,9,15,29,33,57],[4, 38, 50, 52, 51]]
[[3,5,21,13,33,101],[4, 38, 50, 51, 53]]
[[2,2,17,14,27,83],[4, 38, 50, 51, 54]]
[[1,5,16,33,31,98],[4, 38, 52, 53, 54]]
[[3,7,15,19,18,103],[4, 40, 43, 39, 53]]
[[2,6,17,22,27,87],[4, 40, 52, 39, 44]]
[[4,10,22,22,19,76],[4, 40, 39, 44, 53]]
[[3,5,12,25,33,62],[4, 40, 52, 39, 54]]
[[4,8,19,24,34,71],[4, 42, 49, 39, 53]]
[[3,7,21,23,23,91],[4, 42, 50, 39, 54]]
[[2,2,17,18,22,89],[4, 43, 52, 39, 44]]
[[4,4,16,4,39,76],[4, 43, 39, 44, 53]]
[[4,4,13,24,34,79],[4, 43, 52, 39, 53]]
[[5,7,11,23,45,97],[4, 43, 39, 53, 54]]
[[5,7,17,19,35,85],[4, 52, 39, 44, 53]]
[[4,6,25,14,44,81],[4, 39, 44, 53, 54]]
[[3,7,15,15,38,85],[4, 49, 50, 39, 53]]
[[2,8,17,24,42,65],[4, 49, 50, 39, 54]]
[[2,6,20,22,2,78],[4, 49, 52, 39, 51]]
[[2,2,14,10,27,92],[4, 50, 52, 39, 51]]
[[4,6,13,14,39,63],[4, 50, 39, 51, 53]]
[[4,8,19,16,29,89],[4, 40, 42, 50, 53]]
[[3,5,30,17,33,74],[4, 40, 42, 51, 53]]
[[4,6,19,14,39,75],[4, 40, 43, 52, 44]]
[[4,8,7,12,39,65],[4, 40, 43, 52, 53]]
[[3,9,12,17,53,78],[4, 40, 43, 52, 54]]
[[3,7,18,19,33,88],[4, 40, 43, 53, 54]]
[[3,7,18,27,23,88],[4, 40, 52, 44, 53]]
[[2,6,2,22,17,102],[4, 40, 52, 44, 54]]
[[4,6,19,22,44,99],[4, 40, 44, 53, 54]]
[[4,6,19,18,34,81],[4, 40, 49, 51, 53]]
[[4,8,13,24,49,89],[4, 40, 50, 52, 51]]
[[4,4,16,28,34,64],[4, 40, 50, 51, 53]]
[[3,3,18,15,38,66],[4, 40, 50, 51, 54]]
[[2,6,11,30,27,105],[4, 40, 52, 53, 54]]
[[4,10,16,18,24,106],[4, 42, 49, 43, 53]]
[[4,4,13,16,44,73],[4, 42, 43, 50, 53]]
[[3,3,9,15,33,111],[4, 42, 43, 50, 54]]
[[3,5,12,9,43,98],[4, 42, 43, 52, 51]]
[[3,3,24,11,43,96],[4, 42, 43, 51, 53]]
[[3,9,15,29,33,57],[4, 42, 50, 52, 44]]
[[3,5,21,13,33,101],[4, 42, 50, 44, 53]]
[[2,2,17,14,27,83],[4, 42, 50, 44, 54]]
[[5,5,11,29,45,95],[4, 42, 50, 52, 53]]
[[4,6,13,30,29,69],[4, 42, 50, 53, 54]]
[[4,8,10,36,19,62],[4, 42, 52, 51, 53]]
[[5,9,14,21,25,78],[4, 42, 51, 53, 54]]
[[3,5,12,9,18,98],[4, 43, 52, 44, 53]]
[[4,8,13,20,39,107],[4, 43, 44, 53, 54]]
[[4,10,16,22,34,94],[4, 49, 43, 52, 51]]
[[4,4,16,20,29,52],[4, 49, 43, 51, 53]]
[[4,8,19,28,29,77],[4, 43, 50, 51, 53]]
[[4,6,25,14,39,75],[4, 49, 50, 52, 44]]
[[3,7,12,19,28,106],[4, 49, 50, 44, 54]]
[[5,7,11,23,55,79],[4, 49, 44, 51, 53]]
[[5,5,11,13,50,71],[4, 50, 44, 51, 53]]
[[4,6,25,18,39,75],[4, 49, 50, 52, 53]]
[[3,7,12,27,28,88],[4, 49, 50, 53, 54]]
[[3,5,15,21,48,71],[4, 49, 52, 51, 53]]
[[4,6,4,22,49,102],[4, 49, 51, 53, 54]]
[[3,7,18,27,33,94],[4, 50, 52, 51, 53]]
[[5,9,14,25,45,72],[5, 7, 49, 8, 53]]
[[5,5,17,21,30,71],[5, 7, 8, 50, 53]]
[[4,4,10,16,29,64],[5, 7, 8, 52, 51]]
[[4,10,19,18,19,103],[5, 7, 8, 51, 53]]
[[4,4,13,16,54,103],[5, 7, 37, 9, 53]]
[[3,9,21,25,3,105],[5, 7, 42, 9, 53]]
[[4,6,19,14,39,117],[5, 7, 50, 9, 53]]
[[3,3,15,7,33,87],[5, 7, 50, 9, 54]]
[[3,7,12,11,28,82],[5, 7, 52, 9, 51]]
[[5,5,17,33,30,65],[5, 7, 9, 51, 53]]
[[4,6,7,34,24,87],[34, 5, 7, 42, 53]]
[[5,9,17,41,10,39],[34, 5, 7, 49, 53]]
[[4,8,13,20,39,95],[34, 5, 7, 52, 51]]
[[4,6,19,14,49,99],[34, 5, 7, 51, 53]]
[[4,10,19,30,19,73],[5, 35, 7, 37, 53]]
[[5,9,14,25,45,72],[5, 35, 7, 42, 53]]
[[4,8,22,16,34,68],[5, 35, 7, 50, 53]]
[[3,9,21,13,13,69],[5, 35, 7, 50, 54]]
[[3,5,18,25,38,98],[5, 35, 7, 51, 53]]
[[4,4,13,24,34,91],[5, 7, 37, 39, 53]]
[[4,10,22,18,19,88],[5, 40, 7, 37, 53]]
[[4,10,16,18,24,94],[5, 7, 37, 43, 53]]
[[3,5,15,9,23,101],[5, 7, 37, 52, 44]]
[[3,9,21,33,18,87],[5, 7, 37, 44, 53]]
[[4,4,13,16,54,109],[5, 7, 42, 38, 53]]
[[5,11,14,19,30,92],[5, 7, 49, 38, 53]]
[[4,6,13,18,44,99],[5, 7, 38, 50, 54]]
[[4,6,16,18,39,108],[5, 7, 38, 51, 53]]
[[3,7,15,31,28,85],[5, 7, 42, 39, 53]]
[[4,8,19,20,29,65],[5, 7, 49, 39, 53]]
[[4,6,22,22,44,60],[5, 7, 50, 39, 53]]
[[3,5,18,17,43,98],[5, 7, 52, 39, 51]]
[[5,9,8,33,30,78],[5, 40, 7, 42, 53]]
[[4,6,13,14,44,81],[5, 40, 7, 49, 53]]
[[3,5,12,21,28,86],[5, 40, 7, 50, 54]]
[[3,3,18,7,18,72],[5, 40, 7, 52, 51]]
[[3,3,21,11,38,93],[5, 40, 7, 51, 53]]
[[4,6,16,18,39,108],[5, 7, 42, 44, 53]]
[[4,6,10,22,44,108],[5, 7, 42, 52, 53]]
[[3,7,15,11,18,91],[5, 7, 42, 53, 54]]
[[4,6,19,14,44,99],[5, 7, 49, 43, 53]]
[[4,8,16,8,24,86],[5, 7, 43, 50, 53]]
[[3,3,18,7,38,120],[5, 7, 43, 51, 53]]
[[3,3,21,7,33,87],[5, 7, 49, 52, 44]]
[[3,3,21,7,38,99],[5, 7, 49, 44, 53]]
[[3,7,21,23,23,103],[5, 7, 50, 44, 53]]
[[4,4,13,16,54,109],[5, 7, 44, 51, 53]]
[[5,11,11,19,20,119],[5, 7, 49, 52, 53]]
[[4,4,10,16,34,82],[5, 7, 49, 53, 54]]
[[4,6,7,22,34,63],[5, 7, 50, 53, 54]]
[[4,10,13,18,44,85],[5, 7, 52, 51, 53]]
[[5,9,23,13,30,87],[5, 7, 51, 53, 54]]
[[4,6,16,18,39,96],[34, 5, 8, 9, 53]]
[[3,5,12,13,28,98],[5, 35, 8, 9, 53]]
[[4,8,22,20,29,92],[5, 8, 38, 9, 53]]
[[3,7,15,23,28,73],[5, 40, 8, 9, 53]]
[[3,3,15,27,38,69],[5, 8, 43, 9, 53]]
[[2,4,20,28,27,100],[5, 8, 52, 9, 44]]
[[4,4,10,8,34,58],[5, 8, 52, 9, 53]]
[[5,11,23,19,10,71],[5, 8, 9, 53, 54]]
[[4,6,13,14,44,81],[34, 5, 35, 8, 53]]
[[4,4,13,28,34,67],[34, 5, 8, 39, 53]]
[[4,8,13,24,24,95],[34, 5, 8, 43, 53]]
[[4,6,19,18,34,87],[34, 5, 8, 53, 54]]
[[4,8,10,24,29,86],[5, 35, 8, 38, 53]]
[[3,3,15,27,43,75],[5, 35, 8, 39, 53]]
[[5,9,17,41,10,39],[5, 35, 40, 8, 53]]
[[5,9,20,25,30,48],[5, 35, 8, 43, 53]]
[[4,8,16,16,34,104],[5, 35, 8, 52, 44]]
[[4,6,16,14,44,108],[5, 35, 8, 44, 53]]
[[4,8,10,32,29,98],[5, 35, 8, 52, 53]]
[[3,3,21,19,43,93],[5, 35, 8, 53, 54]]
[[4,4,13,24,24,61],[5, 37, 42, 8, 53]]
[[5,7,14,39,15,70],[5, 37, 49, 8, 53]]
[[4,6,10,18,59,96],[5, 37, 8, 50, 54]]
[[4,8,16,20,39,86],[5, 37, 8, 51, 53]]
[[4,4,13,24,39,55],[5, 8, 38, 39, 53]]
[[4,8,19,20,19,95],[5, 8, 38, 43, 53]]
[[3,3,24,11,43,96],[5, 8, 38, 52, 44]]
[[3,3,15,15,33,81],[5, 8, 38, 44, 53]]
[[4,6,13,26,19,81],[5, 8, 38, 52, 54]]
[[3,7,15,11,33,85],[5, 40, 8, 39, 53]]
[[3,3,9,19,33,81],[5, 8, 43, 39, 53]]
[[2,4,8,24,32,100],[5, 8, 52, 39, 44]]
[[4,6,13,26,34,87],[5, 8, 52, 39, 53]]
[[5,9,17,17,30,87],[5, 8, 39, 53, 54]]
[[5,11,11,31,20,83],[5, 40, 8, 43, 53]]
[[4,8,16,20,39,80],[5, 40, 8, 44, 53]]
[[3,5,12,17,18,86],[5, 40, 8, 53, 54]]
[[4,6,13,30,29,69],[5, 42, 8, 50, 53]]
[[3,3,24,11,43,96],[5, 42, 8, 52, 51]]
[[3,3,15,15,33,81],[5, 42, 8, 51, 53]]
[[4,6,13,22,19,75],[5, 8, 43, 52, 44]]
[[4,8,31,12,24,65],[5, 8, 43, 44, 53]]
[[4,10,13,38,24,73],[5, 8, 43, 52, 53]]
[[3,9,15,29,33,75],[5, 8, 43, 53, 54]]
[[3,7,9,15,58,85],[5, 8, 52, 44, 53]]
[[4,10,13,38,24,67],[5, 8, 44, 53, 54]]
[[4,6,22,14,29,78],[5, 8, 50, 52, 51]]
[[4,10,19,26,24,73],[5, 8, 50, 51, 53]]
[[3,5,12,13,33,116],[5, 8, 50, 51, 54]]
[[2,4,11,12,27,91],[5, 8, 52, 53, 54]]
[[3,5,30,17,33,74],[34, 5, 35, 9, 53]]
[[4,4,19,24,39,43],[34, 5, 38, 9, 53]]
[[3,9,21,25,3,105],[34, 5, 40, 9, 53]]
[[3,5,18,9,28,92],[34, 5, 43, 9, 53]]
[[4,8,25,12,24,89],[34, 5, 9, 44, 53]]
[[4,4,4,24,19,70],[34, 5, 52, 9, 53]]
[[3,7,15,23,23,115],[5, 35, 38, 9, 53]]
[[4,8,19,24,29,89],[5, 35, 9, 39, 53]]
[[4,4,19,4,44,85],[5, 35, 43, 9, 53]]
[[5,11,17,27,15,65],[5, 35, 9, 44, 53]]
[[3,5,15,29,33,65],[5, 35, 52, 9, 53]]
[[4,8,13,20,19,107],[5, 35, 9, 53, 54]]
[[3,7,18,23,28,100],[5, 37, 42, 9, 53]]
[[4,8,28,12,24,74],[5, 37, 49, 9, 53]]
[[4,8,13,8,39,71],[5, 37, 50, 9, 53]]
[[3,9,12,17,53,78],[5, 37, 52, 9, 51]]
[[3,5,27,17,33,71],[5, 38, 43, 9, 53]]
[[2,2,17,14,27,95],[5, 38, 52, 9, 44]]
[[4,8,13,20,39,107],[5, 38, 52, 9, 53]]
[[5,9,17,25,25,57],[5, 38, 9, 53, 54]]
[[3,5,24,25,43,74],[5, 52, 9, 39, 44]]
[[3,5,27,21,38,83],[5, 9, 39, 44, 53]]
[[3,9,18,29,13,90],[5, 40, 52, 9, 53]]
[[3,5,12,13,28,98],[5, 42, 49, 9, 53]]
[[3,7,6,35,33,94],[5, 42, 50, 9, 53]]
[[2,4,8,16,12,88],[5, 42, 50, 9, 54]]
[[2,2,17,14,27,95],[5, 42, 52, 9, 51]]
[[3,5,18,25,33,98],[5, 43, 52, 9, 44]]
[[2,10,8,34,37,76],[5, 43, 52, 9, 54]]
[[3,7,24,19,28,82],[5, 9, 44, 53, 54]]
[[3,3,12,7,28,72],[5, 49, 50, 9, 54]]
[[5,9,23,17,25,69],[5, 49, 9, 51, 53]]
[[3,9,21,25,23,81],[5, 50, 52, 9, 51]]
[[5,5,20,33,30,62],[5, 50, 9, 51, 53]]
[[4,4,16,16,44,88],[5, 50, 9, 51, 54]]
[[3,5,15,13,28,53],[34, 5, 35, 39, 53]]
[[5,9,14,25,45,72],[34, 5, 35, 40, 53]]
[[5,5,14,29,20,80],[34, 5, 35, 43, 53]]
[[4,8,16,16,39,80],[34, 5, 35, 52, 44]]
[[4,6,19,14,54,111],[34, 5, 35, 44, 53]]
[[4,6,10,14,29,90],[34, 5, 35, 52, 53]]
[[3,7,21,23,28,85],[34, 5, 35, 53, 54]]
[[4,10,22,18,19,88],[34, 5, 37, 42, 53]]
[[4,8,13,12,39,95],[34, 5, 37, 50, 54]]
[[4,8,13,28,34,95],[34, 5, 37, 51, 53]]
[[4,10,16,26,34,82],[34, 5, 38, 39, 53]]
[[4,4,13,16,54,109],[34, 5, 40, 38, 53]]
[[4,8,22,8,19,104],[34, 5, 38, 43, 53]]
[[3,3,18,7,18,72],[34, 5, 38, 52, 44]]
[[3,3,21,11,38,93],[34, 5, 38, 44, 53]]
[[4,6,13,22,19,75],[34, 5, 38, 52, 54]]
[[3,7,15,31,28,85],[34, 5, 40, 39, 53]]
[[3,3,24,19,48,72],[34, 5, 43, 39, 53]]
[[2,4,20,24,27,100],[34, 5, 52, 39, 44]]
[[4,8,16,20,34,98],[34, 5, 39, 44, 53]]
[[4,8,16,20,29,68],[34, 5, 52, 39, 53]]
[[4,6,16,18,39,108],[34, 5, 40, 44, 53]]
[[4,6,10,22,44,108],[34, 5, 40, 52, 53]]
[[3,7,15,11,18,91],[34, 5, 40, 53, 54]]
[[4,6,13,14,44,81],[34, 5, 42, 49, 53]]
[[3,5,12,21,28,86],[34, 5, 42, 50, 54]]
[[3,3,18,7,18,72],[34, 5, 42, 52, 51]]
[[3,3,21,11,38,93],[34, 5, 42, 51, 53]]
[[4,6,19,14,44,123],[34, 5, 43, 44, 53]]
[[3,9,18,17,33,66],[34, 5, 43, 52, 54]]
[[3,7,21,23,38,73],[34, 5, 43, 53, 54]]
[[3,7,15,19,43,103],[34, 5, 52, 44, 53]]
[[2,4,14,16,22,52],[34, 5, 52, 44, 54]]
[[5,5,11,17,45,65],[34, 5, 49, 50, 53]]
[[4,6,16,14,34,90],[34, 5, 49, 52, 51]]
[[4,8,13,20,24,83],[34, 5, 50, 51, 53]]
[[3,9,15,25,18,81],[34, 5, 50, 51, 54]]
[[2,8,8,12,27,62],[34, 5, 52, 53, 54]]
[[5,7,14,39,15,70],[5, 35, 37, 42, 53]]
[[4,4,13,24,24,61],[5, 35, 37, 49, 53]]
[[3,5,21,25,33,95],[5, 35, 37, 52, 51]]
[[3,5,21,17,38,107],[5, 35, 37, 51, 53]]
[[3,7,18,27,43,64],[5, 35, 38, 52, 54]]
[[3,7,18,23,38,100],[5, 35, 38, 53, 54]]
[[4,6,19,18,44,87],[5, 35, 40, 39, 53]]
[[4,6,25,10,39,87],[5, 35, 43, 39, 53]]
[[5,11,14,27,15,86],[5, 35, 39, 44, 53]]
[[3,5,9,29,28,101],[5, 35, 52, 39, 53]]
[[2,8,8,40,42,80],[5, 35, 52, 39, 54]]
[[4,8,10,16,29,110],[5, 35, 39, 53, 54]]
[[4,6,10,30,34,84],[5, 35, 40, 43, 53]]
[[3,3,24,11,43,84],[5, 35, 40, 52, 44]]
[[3,3,18,23,43,78],[5, 35, 40, 44, 53]]
[[5,5,20,21,50,68],[5, 35, 40, 52, 53]]
[[4,4,10,4,44,82],[5, 35, 40, 53, 54]]
[[3,5,9,21,43,89],[5, 35, 43, 52, 44]]
[[3,7,15,19,48,91],[5, 35, 43, 44, 53]]
[[5,9,8,37,30,84],[5, 35, 43, 52, 53]]
[[4,6,31,6,39,63],[5, 35, 43, 52, 54]]
[[4,8,19,12,34,95],[5, 35, 43, 53, 54]]
[[4,6,7,14,39,81],[5, 35, 52, 44, 53]]
[[3,5,9,17,23,71],[5, 35, 52, 44, 54]]
[[5,9,8,21,65,48],[5, 35, 44, 53, 54]]
[[4,6,13,30,29,69],[5, 35, 49, 50, 53]]
[[3,3,24,11,43,96],[5, 35, 49, 52, 51]]
[[3,3,15,15,33,81],[5, 35, 49, 51, 53]]
[[3,5,15,21,38,95],[5, 35, 50, 52, 51]]
[[3,9,18,17,33,78],[5, 35, 50, 51, 53]]
[[2,4,8,12,7,112],[5, 35, 50, 51, 54]]
[[5,7,17,19,35,85],[5, 37, 49, 38, 53]]
[[5,7,14,19,30,76],[5, 37, 38, 50, 53]]
[[4,4,16,16,44,88],[5, 37, 38, 52, 51]]
[[4,6,22,10,29,90],[5, 37, 38, 51, 53]]
[[3,5,9,21,33,83],[5, 37, 42, 39, 53]]
[[4,8,19,20,34,107],[5, 37, 50, 39, 53]]
[[3,3,18,15,38,72],[5, 37, 50, 39, 54]]
[[3,7,12,23,43,112],[5, 37, 52, 39, 51]]
[[4,8,16,24,34,80],[5, 40, 37, 50, 53]]
[[3,7,24,23,28,76],[5, 40, 37, 50, 54]]
[[3,7,24,19,13,94],[5, 40, 37, 51, 53]]
[[5,7,17,19,50,79],[5, 37, 42, 43, 53]]
[[4,4,16,16,44,88],[5, 37, 42, 52, 44]]
[[4,6,22,10,29,90],[5, 37, 42, 44, 53]]
[[4,8,16,16,49,80],[5, 37, 42, 52, 53]]
[[4,6,19,18,39,99],[5, 37, 43, 50, 53]]
[[3,7,24,23,18,112],[5, 37, 43, 50, 54]]
[[3,3,12,31,33,48],[5, 37, 43, 52, 51]]
[[3,7,21,23,33,91],[5, 37, 43, 51, 53]]
[[3,5,21,13,33,89],[5, 37, 49, 44, 53]]
[[3,5,18,13,18,86],[5, 37, 50, 52, 44]]
[[3,7,18,23,38,82],[5, 37, 50, 44, 53]]
[[2,2,17,18,27,89],[5, 37, 50, 44, 54]]
[[4,6,19,34,34,75],[5, 37, 49, 53, 54]]
[[4,6,7,26,49,63],[5, 37, 52, 51, 53]]
[[5,7,17,23,45,85],[5, 37, 51, 53, 54]]
[[3,5,21,29,43,83],[5, 40, 38, 39, 53]]
[[3,5,21,25,43,71],[5, 38, 43, 39, 53]]
[[2,2,11,14,27,71],[5, 38, 52, 39, 44]]
[[4,4,19,28,39,55],[5, 38, 39, 44, 53]]
[[4,6,13,30,24,39],[5, 38, 52, 39, 53]]
[[5,7,23,7,40,73],[5, 38, 39, 53, 54]]
[[5,7,20,23,30,70],[5, 40, 38, 43, 53]]
[[4,8,13,20,39,95],[5, 40, 38, 52, 44]]
[[4,6,19,14,49,99],[5, 40, 38, 44, 53]]
[[4,8,13,32,24,89],[5, 40, 38, 52, 53]]
[[3,7,12,27,38,82],[5, 40, 38, 52, 54]]
[[4,8,10,24,29,86],[5, 42, 49, 38, 53]]
[[4,6,10,18,34,114],[5, 42, 38, 50, 53]]
[[3,3,6,15,28,48],[5, 42, 38, 50, 54]]
[[3,5,12,17,33,98],[5, 42, 38, 52, 51]]
[[3,3,18,11,33,84],[5, 42, 38, 51, 53]]
[[4,10,13,38,19,55],[5, 38, 43, 52, 44]]
[[4,8,19,20,34,107],[5, 38, 43, 52, 53]]
[[3,5,12,21,28,68],[5, 38, 43, 53, 54]]
[[3,3,15,23,48,93],[5, 38, 52, 44, 53]]
[[4,8,10,28,39,44],[5, 38, 44, 53, 54]]
[[4,6,22,14,34,78],[5, 49, 38, 50, 54]]
[[4,8,16,16,34,104],[5, 49, 38, 52, 51]]
[[4,6,16,14,44,108],[5, 49, 38, 51, 53]]
[[4,10,16,18,39,88],[5, 38, 50, 51, 53]]
[[4,8,28,12,24,74],[5, 40, 43, 39, 53]]
[[3,7,12,11,23,52],[5, 40, 52, 39, 44]]
[[5,9,20,17,35,96],[5, 40, 39, 44, 53]]
[[3,7,9,31,28,49],[5, 40, 52, 39, 53]]
[[2,8,8,24,32,116],[5, 40, 52, 39, 54]]
[[3,3,15,27,43,75],[5, 42, 49, 39, 53]]
[[3,9,12,29,28,120],[5, 42, 50, 39, 53]]
[[2,4,20,16,27,76],[5, 42, 50, 39, 54]]
[[2,2,11,14,27,71],[5, 42, 52, 39, 51]]
[[4,4,19,28,39,55],[5, 42, 39, 51, 53]]
[[3,3,9,43,33,69],[5, 43, 52, 39, 53]]
[[4,10,16,38,19,64],[5, 43, 39, 53, 54]]
[[4,4,10,32,29,100],[5, 52, 39, 44, 53]]
[[3,3,15,15,38,93],[5, 39, 44, 53, 54]]
[[4,6,16,14,24,78],[5, 49, 50, 39, 53]]
[[3,7,18,19,38,82],[5, 49, 52, 39, 51]]
[[5,9,14,33,25,54],[5, 49, 39, 51, 53]]
[[3,7,18,19,33,100],[5, 50, 52, 39, 51]]
[[4,6,10,22,54,102],[5, 50, 39, 51, 54]]
[[5,9,17,41,10,39],[5, 40, 42, 49, 53]]
[[4,8,13,20,39,95],[5, 40, 42, 52, 51]]
[[4,6,19,14,49,99],[5, 40, 42, 51, 53]]
[[3,3,18,7,28,66],[5, 40, 43, 44, 53]]
[[4,8,16,20,39,104],[5, 40, 43, 53, 54]]
[[4,10,13,22,54,67],[5, 40, 52, 44, 53]]
[[4,6,22,10,34,102],[5, 40, 49, 50, 53]]
[[3,5,21,17,38,89],[5, 40, 49, 50, 54]]
[[3,5,12,33,33,86],[5, 40, 49, 52, 51]]
[[3,3,15,15,38,57],[5, 40, 49, 51, 53]]
[[3,3,15,11,28,69],[5, 40, 50, 52, 51]]
[[3,5,18,21,38,104],[5, 40, 50, 51, 53]]
[[2,2,23,18,27,77],[5, 40, 50, 51, 54]]
[[1,7,10,27,21,94],[5, 40, 52, 53, 54]]
[[5,9,20,25,30,48],[5, 42, 49, 43, 53]]
[[5,7,11,27,50,91],[5, 42, 43, 50, 53]]
[[4,10,13,38,19,55],[5, 42, 43, 52, 51]]
[[4,8,16,16,34,104],[5, 42, 49, 52, 44]]
[[4,6,16,14,44,108],[5, 42, 49, 44, 53]]
[[4,10,16,18,39,88],[5, 42, 50, 44, 53]]
[[4,8,10,32,29,98],[5, 42, 49, 52, 53]]
[[3,3,21,19,43,93],[5, 42, 49, 53, 54]]
[[3,5,3,13,18,107],[5, 42, 50, 53, 54]]
[[3,3,15,23,48,93],[5, 42, 52, 51, 53]]
[[4,8,10,28,39,44],[5, 42, 51, 53, 54]]
[[4,6,19,34,39,51],[5, 43, 52, 44, 53]]
[[5,9,11,33,30,63],[5, 43, 44, 53, 54]]
[[4,4,19,24,44,73],[5, 49, 43, 50, 53]]
[[3,5,9,17,23,71],[5, 49, 43, 50, 54]]
[[3,3,24,7,43,96],[5, 49, 43, 51, 53]]
[[3,7,24,19,13,88],[5, 43, 50, 52, 51]]
[[3,7,21,23,28,97],[5, 43, 50, 51, 53]]
[[2,2,8,14,22,98],[5, 43, 50, 51, 54]]
[[1,7,13,31,36,73],[5, 43, 52, 53, 54]]
[[3,3,15,15,28,75],[5, 49, 50, 44, 53]]
[[4,8,10,24,29,86],[5, 49, 44, 51, 53]]
[[4,6,10,18,34,114],[5, 50, 44, 51, 53]]
[[3,3,6,15,28,48],[5, 50, 44, 51, 54]]
[[5,9,20,17,40,78],[5, 49, 50, 52, 53]]
[[4,10,16,22,24,100],[5, 49, 50, 53, 54]]
[[4,10,16,18,44,70],[5, 50, 52, 51, 53]]
[[5,5,20,13,45,62],[5, 50, 51, 53, 54]]
