[[2,4,14,24,57,52],[1, 3, 4, 6, 7, 9, 10, 11, 12]]
[[2,4,14,24,37,70],[6, 8, 9, 10, 11, 12]]
[[2,4,14,24,27,100],[0, 3, 6, 8, 9, 10, 11, 12, 14, 18, 19]]
[[2,4,14,24,37,70],[0, 1, 2, 6, 7, 9, 10, 12, 13, 14]]
[[2,4,14,24,57,52],[0, 3, 5, 6, 8, 9, 10, 12, 13, 14]]
[[2,4,14,24,57,52],[0, 1, 4, 5, 6, 7, 9, 10, 13, 15]]
[[2,4,14,24,37,70],[0, 3, 5, 6, 8, 9, 10, 13, 15]]
[[2,4,14,24,37,70],[1, 3, 4, 6, 7, 9, 10, 11, 14, 15]]
[[2,4,14,24,57,52],[2, 4, 5, 6, 8, 9, 10, 11, 14, 15]]
[[2,4,14,24,27,100],[0, 2, 3, 4, 5, 6, 8, 9, 10, 11, 12, 14, 15]]
[[2,4,14,24,27,100],[1, 3, 6, 7, 9, 10, 13, 14, 17, 19]]
[[2,4,14,24,27,100],[1, 2, 3, 4, 6, 7, 9, 10, 13, 14, 15, 17, 19]]
[[2,4,14,24,57,52],[1, 5, 6, 7, 9, 11, 18, 19]]
[[2,4,14,24,37,70],[3, 4, 5, 6, 8, 9, 11, 18, 19]]
[[2,4,14,24,27,100],[0, 1, 3, 5, 6, 7, 9, 11, 12, 18, 19]]
[[2,4,14,24,37,70],[0, 4, 5, 6, 7, 9, 12, 13, 18, 19]]
[[2,4,14,24,57,52],[0, 1, 2, 3, 4, 6, 8, 9, 12, 13, 18, 19]]
[[2,4,14,24,27,100],[0, 1, 3, 5, 6, 7, 9, 11, 12, 15]]
[[2,4,14,24,57,52],[0, 4, 5, 6, 7, 9, 13, 14, 15, 18, 19]]
[[2,4,14,24,37,70],[0, 1, 3, 5, 6, 8, 9, 13, 14, 15, 18, 19]]
[[2,4,14,24,37,70],[1, 2, 4, 6, 7, 9, 11, 12, 14, 15, 18, 19]]
[[2,4,14,24,57,52],[3, 4, 5, 6, 8, 9, 11, 12, 14, 15, 18, 19]]
[[2,4,14,24,27,100],[0, 4, 6, 8, 9, 12, 13, 17, 18]]
[[2,4,14,24,27,100],[0, 1, 3, 6, 8, 9, 13, 14, 15, 17, 18]]
[[2,4,14,24,27,106],[0, 2, 6, 7, 9, 10, 12, 18]]
[[2,4,14,24,27,106],[0, 5, 6, 8, 9, 10, 14, 19]]
[[2,4,14,24,27,106],[0, 5, 6, 8, 9, 10, 12, 15, 19]]
[[2,4,14,24,27,106],[0, 2, 6, 7, 9, 10, 14, 15, 18]]
[[2,4,14,24,47,58],[3, 5, 6, 7, 9, 10, 12, 14]]
[[2,4,14,24,42,88],[0, 1, 3, 6, 8, 9, 10, 12, 14]]
[[2,4,14,24,42,88],[0, 1, 2, 3, 4, 6, 7, 9, 10, 11, 13, 14, 15, 18, 19]]
[[2,4,14,24,47,58],[3, 4, 6, 8, 9, 10, 11, 12, 13, 14, 15]]
[[2,4,14,24,42,88],[0, 3, 6, 8, 9, 10, 11, 13]]
[[2,4,14,24,47,58],[6, 7, 9, 10, 11, 13, 14, 18, 19]]
[[2,4,14,24,42,88],[1, 2, 3, 4, 6, 7, 9, 10, 15, 18, 19]]
[[2,4,14,24,47,58],[1, 3, 6, 8, 9, 10, 12, 15, 18, 19]]
[[2,4,14,24,27,106],[0, 1, 3, 5, 6, 10, 12, 18, 19]]
[[2,4,14,24,27,106],[0, 1, 3, 4, 6, 10, 14, 18, 19]]
[[2,4,14,24,27,106],[0, 1, 2, 3, 5, 6, 10, 12, 15, 18, 19]]
[[2,4,14,24,27,106],[0, 1, 2, 3, 4, 6, 10, 14, 15, 18, 19]]
[[2,4,14,24,42,88],[1, 3, 7, 8, 9, 10, 17, 19]]
[[2,4,14,24,42,88],[0, 3, 9, 10, 11, 13, 17, 18]]
[[2,4,14,24,47,58],[1, 2, 3, 5, 9, 10, 11, 12, 13, 17, 18]]
[[2,4,14,24,47,58],[1, 3, 5, 7, 8, 9, 10, 12, 15, 17, 18]]
[[2,4,14,24,42,88],[1, 4, 6, 8, 9, 11, 12, 13, 16, 17]]
[[2,4,14,24,47,58],[0, 1, 2, 3, 4, 5, 6, 8, 9, 12, 14, 15, 16, 17]]
[[2,4,14,24,47,58],[1, 4, 6, 7, 9, 11, 12, 13, 15, 16, 19]]
[[2,4,14,24,42,88],[0, 2, 4, 5, 6, 7, 9, 14, 15, 16, 19]]
[[2,4,17,28,47,91],[2, 4, 6, 7, 9, 10, 11, 12, 18, 19]]
[[2,4,17,28,32,91],[1, 3, 6, 8, 9, 10, 12, 13, 14]]
[[2,4,17,28,47,91],[0, 1, 4, 6, 8, 9, 10, 12, 13, 14, 18, 19]]
[[2,4,17,28,32,91],[1, 3, 5, 6, 8, 9, 10, 12, 13, 14, 18, 19]]
[[2,4,17,28,47,91],[0, 2, 3, 4, 5, 6, 7, 9, 10, 13, 15, 18, 19]]
[[2,4,17,28,32,91],[0, 3, 4, 6, 7, 9, 10, 11, 14, 15, 18, 19]]
[[2,4,17,28,32,91],[0, 3, 4, 5, 6, 7, 9, 10, 11, 14, 15]]
[[2,4,17,28,47,91],[1, 2, 3, 6, 8, 9, 10, 11, 14, 15, 18, 19]]
[[2,4,17,28,47,91],[2, 3, 5, 6, 7, 9, 11]]
[[2,4,17,28,32,91],[2, 3, 6, 8, 9, 11, 12]]
[[2,4,17,28,47,91],[0, 2, 5, 6, 8, 9, 12, 13]]
[[2,4,17,28,32,91],[1, 2, 4, 6, 8, 9, 11, 14, 18, 19]]
[[2,4,17,28,32,91],[0, 1, 2, 3, 4, 6, 7, 9, 13, 15, 18, 19]]
[[2,4,17,28,47,91],[0, 1, 2, 3, 4, 5, 6, 7, 9, 13, 14, 15]]
[[2,4,17,28,47,91],[1, 6, 8, 9, 11, 12, 14, 15]]
[[2,4,17,28,32,91],[0, 2, 6, 7, 9, 12, 13, 14, 15]]
[[2,4,17,28,42,91],[0, 2, 4, 6, 8, 9, 10]]
[[2,4,17,28,32,91],[2, 3, 4, 5, 6, 8, 9, 10, 11, 12, 13, 18, 19]]
[[2,4,17,28,42,91],[0, 4, 5, 6, 7, 9, 10, 12, 14, 18, 19]]
[[2,4,17,28,32,91],[2, 3, 6, 7, 9, 10, 12, 15, 18, 19]]
[[2,4,17,28,32,91],[0, 1, 2, 4, 6, 8, 9, 10, 12]]
[[2,4,17,28,42,91],[1, 2, 3, 6, 7, 9, 10, 15, 18, 19]]
[[2,4,17,28,32,91],[0, 2, 3, 4, 6, 7, 9, 10, 11, 13, 14, 15]]
[[2,4,17,28,42,91],[1, 3, 5, 6, 8, 9, 10, 12, 14, 15]]
[[2,4,17,28,42,91],[1, 3, 4, 5, 9, 10, 17, 18]]
[[2,4,17,28,32,91],[0, 2, 3, 4, 9, 10, 11, 13, 14, 17, 19]]
[[2,4,17,28,42,91],[1, 3, 9, 10, 12, 14, 17, 18]]
[[2,4,17,28,32,91],[0, 3, 4, 7, 8, 9, 10, 14, 15, 17, 19]]
[[2,4,17,28,32,91],[0, 2, 4, 5, 6, 8, 9, 12, 15, 16, 17]]
[[2,4,17,28,42,91],[0, 2, 4, 6, 8, 9, 12, 15, 16, 19]]
[[2,4,17,28,42,91],[0, 4, 5, 6, 7, 9, 14, 15, 16, 18]]
[[2,4,17,28,32,91],[3, 4, 6, 7, 9, 11, 12, 13, 14, 15, 16, 19]]
[[2,2,23,14,22,77],[1, 3, 5, 6, 7, 9, 10, 11, 12, 18, 19]]
[[2,2,23,14,27,89],[1, 3, 4, 5, 6, 7, 9, 10, 11, 12, 18, 19]]
[[2,2,23,14,22,59],[0, 2, 3, 4, 5, 6, 7, 9, 10, 11, 12, 18, 19]]
[[2,2,23,14,22,59],[0, 3, 6, 8, 9, 10, 11, 12, 18, 19]]
[[2,2,23,14,27,65],[0, 3, 4, 6, 7, 9, 10, 11, 14]]
[[2,2,23,14,27,65],[0, 3, 4, 5, 6, 7, 9, 10, 11, 14, 18, 19]]
[[2,2,23,14,27,89],[0, 3, 6, 8, 9, 10, 12, 13, 14, 18, 19]]
[[2,2,23,14,22,77],[0, 3, 4, 5, 6, 8, 9, 10, 12, 13, 14]]
[[2,2,23,14,27,89],[0, 1, 4, 6, 7, 9, 10, 13, 15, 18, 19]]
[[2,2,23,14,22,59],[1, 3, 4, 5, 6, 7, 9, 10, 13, 15, 18, 19]]
[[2,2,23,14,22,77],[0, 1, 6, 8, 9, 10, 13, 15, 18, 19]]
[[2,2,23,14,22,59],[1, 2, 3, 6, 8, 9, 10, 13, 15, 18, 19]]
[[2,2,23,14,22,77],[2, 5, 6, 7, 9, 10, 11, 14, 15]]
[[2,2,23,14,27,89],[2, 4, 6, 8, 9, 10, 11, 14, 15, 18, 19]]
[[2,2,23,14,27,65],[1, 3, 6, 8, 9, 10, 12, 13, 14, 15, 18, 19]]
[[2,2,23,14,27,65],[1, 3, 5, 6, 8, 9, 10, 12, 13, 14, 15]]
[[2,2,23,14,22,77],[1, 2, 6, 8, 9, 11, 18, 19]]
[[2,2,23,14,27,65],[0, 1, 3, 5, 6, 7, 9, 13]]
[[2,2,23,14,22,59],[0, 5, 6, 8, 9, 13]]
[[2,2,23,14,22,77],[0, 5, 6, 7, 9, 13, 14]]
[[2,2,23,14,27,89],[0, 2, 6, 8, 9, 13, 14]]
[[2,2,23,14,27,89],[3, 4, 5, 6, 7, 9, 11, 12, 14]]
[[2,2,23,14,22,59],[0, 1, 2, 3, 5, 6, 7, 9, 12, 13, 14]]
[[2,2,23,14,27,65],[0, 4, 5, 6, 7, 9, 12, 13, 14, 18, 19]]
[[2,2,23,14,27,89],[1, 5, 6, 8, 9, 11, 15]]
[[2,2,23,14,22,59],[1, 2, 5, 6, 8, 9, 11, 12, 15]]
[[2,2,23,14,27,65],[3, 4, 5, 6, 8, 9, 11, 12, 15, 18, 19]]
[[2,2,23,14,27,89],[0, 1, 3, 5, 6, 7, 9, 12, 13, 15]]
[[2,2,23,14,22,77],[0, 1, 2, 3, 5, 6, 7, 9, 12, 13, 15, 18, 19]]
[[2,2,23,14,22,59],[3, 5, 6, 7, 9, 11, 14, 15]]
[[2,2,23,14,27,65],[1, 5, 6, 8, 9, 11, 14, 15]]
[[2,2,23,14,22,77],[2, 3, 4, 5, 6, 8, 9, 11, 12, 14, 15]]
[[2,2,23,14,22,77],[3, 6, 8, 9, 10]]
[[2,2,23,14,22,77],[0, 1, 2, 3, 4, 6, 7, 9, 10, 12, 14, 18, 19]]
[[2,2,23,14,22,77],[1, 3, 6, 8, 9, 10, 15]]
[[2,2,23,14,22,77],[1, 2, 3, 4, 6, 7, 9, 10, 14, 15, 18, 19]]
[[2,2,23,14,22,77],[1, 2, 3, 4, 9, 10, 17, 18]]
[[2,2,23,14,22,77],[1, 3, 9, 10, 14, 15, 17, 18]]
[[2,2,23,14,22,77],[0, 2, 6, 7, 9, 12, 14, 15, 16, 17, 18, 19]]
[[2,2,23,14,22,77],[0, 5, 6, 8, 9, 14, 15, 16, 18]]
[[2,2,17,10,22,101],[4, 5, 6, 7, 9, 10, 11, 12, 18, 19]]
[[2,2,17,10,17,89],[0, 3, 6, 7, 9, 10, 11, 12, 14, 18, 19]]
[[2,2,17,10,22,101],[0, 1, 2, 4, 6, 8, 9, 10, 12, 13, 14]]
[[2,2,17,10,22,83],[1, 3, 6, 7, 9, 10, 11, 15]]
[[2,2,17,10,22,101],[0, 3, 4, 6, 8, 9, 10, 13, 15, 18, 19]]
[[2,2,17,10,22,101],[1, 3, 6, 7, 9, 10, 11, 14, 15]]
[[2,2,17,10,17,89],[0, 2, 3, 4, 5, 6, 7, 9, 10, 11, 12, 14, 15]]
[[2,2,17,10,22,83],[4, 5, 6, 8, 9, 10, 11, 12, 14, 15]]
[[2,2,17,10,22,83],[0, 1, 2, 6, 7, 9, 10, 12, 13, 17, 18]]
[[2,2,17,10,17,89],[1, 3, 6, 8, 9, 10, 13, 14, 17, 19]]
[[2,2,17,10,22,83],[0, 3, 5, 6, 8, 9, 10, 13, 14, 17, 19]]
[[2,2,17,10,17,89],[1, 2, 3, 4, 6, 8, 9, 10, 13, 14, 15, 17, 19]]
[[2,2,17,10,22,83],[0, 2, 5, 6, 7, 9, 11, 18, 19]]
[[2,2,17,10,22,83],[0, 2, 5, 6, 8, 9, 11, 18, 19]]
[[2,2,17,10,22,101],[0, 2, 4, 5, 6, 7, 9, 12, 13]]
[[2,2,17,10,17,89],[0, 4, 6, 8, 9, 11, 14, 18, 19]]
[[2,2,17,10,22,101],[1, 2, 5, 6, 8, 9, 11, 12, 14, 18, 19]]
[[2,2,17,10,22,101],[3, 5, 6, 8, 9, 11, 15]]
[[2,2,17,10,17,89],[0, 4, 6, 8, 9, 11, 14, 15]]
[[2,2,17,10,22,101],[0, 1, 2, 3, 6, 7, 9, 13, 14, 15, 18, 19]]
[[2,2,17,10,22,83],[0, 2, 6, 7, 9, 13, 17, 18]]
[[2,2,17,10,17,89],[0, 1, 3, 5, 6, 7, 9, 13, 14, 17, 18]]
[[2,2,17,10,22,83],[0, 1, 3, 5, 6, 8, 9, 12, 13, 14, 17, 19]]
[[2,2,17,10,17,89],[0, 4, 5, 6, 7, 9, 12, 13, 15, 17, 18]]
[[2,2,17,10,17,95],[0, 1, 3, 5, 6, 7, 9, 10]]
[[2,2,17,10,22,83],[2, 3, 4, 5, 6, 7, 9, 10, 14]]
[[2,2,17,10,17,95],[3, 4, 6, 8, 9, 10, 14]]
[[2,2,17,10,22,65],[0, 2, 6, 7, 9, 10, 12, 14, 18, 19]]
[[2,2,17,10,17,77],[0, 2, 4, 6, 8, 9, 10, 12, 14, 18, 19]]
[[2,2,17,10,17,77],[0, 2, 4, 6, 7, 9, 10, 14, 15, 18, 19]]
[[2,2,17,10,22,83],[0, 1, 3, 5, 6, 8, 9, 10, 14, 15, 18, 19]]
[[2,2,17,10,22,65],[0, 5, 6, 8, 9, 10, 12, 14, 15]]
[[2,2,17,10,17,77],[0, 1, 6, 8, 9, 10]]
[[2,2,17,10,22,83],[0, 1, 2, 6, 7, 9, 10, 12, 14]]
[[2,2,17,10,22,65],[1, 3, 4, 5, 6, 7, 9, 10, 12, 14, 18, 19]]
[[2,2,17,10,17,95],[0, 1, 6, 7, 9, 10, 14, 15, 18, 19]]
[[2,2,17,10,22,83],[0, 1, 4, 6, 8, 9, 10, 14, 15, 18, 19]]
[[2,2,17,10,17,77],[1, 3, 4, 5, 6, 7, 9, 10, 12, 14, 15]]
[[2,2,17,10,17,95],[1, 3, 6, 8, 9, 10, 12, 14, 15, 18, 19]]
[[2,2,17,10,22,65],[1, 2, 3, 4, 6, 8, 9, 10, 12, 14, 15]]
[[2,2,17,10,22,83],[0, 3, 5, 9, 10, 17, 19]]
[[2,2,17,10,22,83],[0, 3, 9, 10, 12, 17, 19]]
[[2,2,17,10,17,95],[0, 3, 4, 5, 9, 10, 12, 17, 18]]
[[2,2,17,10,17,95],[1, 3, 5, 9, 10, 12, 14, 17, 19]]
[[2,2,17,10,17,77],[1, 3, 4, 5, 9, 10, 12, 14, 17, 19]]
[[2,2,17,10,17,77],[0, 3, 4, 5, 9, 10, 12, 14, 17, 18]]
[[2,2,17,10,22,65],[1, 2, 3, 4, 5, 9, 10, 12, 14, 17, 18]]
[[2,2,17,10,22,65],[1, 3, 4, 5, 9, 10, 12, 14, 15, 17, 18]]
[[2,2,17,10,22,83],[0, 1, 2, 3, 4, 6, 8, 9, 12, 16, 17]]
[[2,2,17,10,17,95],[0, 5, 6, 7, 9, 14, 16, 17, 18, 19]]
[[2,2,17,10,22,65],[0, 2, 6, 7, 9, 12, 16, 18]]
[[2,2,17,10,22,65],[0, 5, 6, 8, 9, 12, 15, 16, 19]]
[[2,2,17,10,17,77],[0, 1, 3, 5, 6, 7, 9, 14, 15, 16, 18]]
[[2,2,17,10,17,95],[0, 1, 2, 3, 6, 8, 9, 14, 15, 16, 18]]
[[2,2,17,10,22,83],[0, 1, 3, 4, 5, 6, 7, 9, 12, 14, 15, 16, 19]]
[[2,2,17,10,17,77],[0, 2, 6, 8, 9, 12, 14, 15, 16, 19]]
[[2,4,20,12,12,58],[1, 2, 3, 4, 6, 8, 9, 10, 11, 12, 18, 19]]
[[2,4,20,12,12,58],[0, 2, 3, 6, 7, 9, 10, 12, 13, 14]]
[[2,4,20,12,12,58],[0, 1, 2, 4, 5, 6, 7, 9, 10, 13, 15, 18, 19]]
[[2,4,20,12,12,58],[4, 6, 8, 9, 10, 11, 14, 15]]
[[2,4,20,12,12,58],[0, 1, 2, 3, 5, 6, 8, 9, 12, 13]]
[[2,4,20,12,12,58],[3, 6, 7, 9, 11, 12, 14, 18, 19]]
[[2,4,20,12,12,58],[1, 4, 5, 6, 7, 9, 11, 15]]
[[2,4,20,12,12,58],[0, 5, 6, 8, 9, 13, 14, 15, 18, 19]]
[[2,2,23,18,32,83],[1, 2, 3, 5, 6, 8, 9, 10, 11, 12]]
[[2,2,23,18,32,83],[0, 2, 3, 4, 6, 7, 9, 10, 12, 13, 14]]
[[2,2,23,18,32,83],[0, 1, 2, 6, 8, 9, 10, 13, 15]]
[[2,2,23,18,32,83],[6, 7, 9, 10, 11, 14, 15]]
[[2,2,23,18,32,83],[0, 4, 6, 7, 9, 13, 14, 18, 19]]
[[2,2,23,18,32,83],[2, 3, 5, 6, 8, 9, 11, 12, 14, 18, 19]]
[[2,2,23,18,32,83],[1, 2, 4, 5, 6, 7, 9, 11, 15, 18, 19]]
[[2,2,23,18,32,83],[0, 1, 2, 3, 4, 5, 6, 8, 9, 12, 13, 15, 18, 19]]
[[2,2,17,18,32,83],[1, 3, 4, 5, 6, 8, 9, 10, 11, 12, 18, 19]]
[[2,2,17,18,32,83],[0, 3, 6, 7, 9, 10, 12, 13, 14, 18, 19]]
[[2,2,17,18,32,83],[0, 1, 4, 6, 8, 9, 10, 13, 15, 18, 19]]
[[2,2,17,18,32,83],[2, 4, 6, 7, 9, 10, 11, 14, 15, 18, 19]]
[[2,2,17,18,32,83],[1, 6, 8, 9, 11]]
[[2,2,17,18,32,83],[0, 1, 2, 3, 4, 5, 6, 7, 9, 12, 13]]
[[2,2,17,18,32,83],[0, 4, 6, 8, 9, 13, 14, 15]]
[[2,2,17,18,32,83],[3, 4, 6, 7, 9, 11, 12, 14, 15]]
[[2,2,17,18,37,89],[3, 4, 6, 8, 9, 10, 12, 15]]
[[2,2,17,18,37,89],[0, 1, 3, 5, 6, 7, 9, 10, 12, 14, 15]]
[[2,2,17,18,37,89],[1, 3, 6, 8, 9, 10, 18, 19]]
[[2,2,17,18,37,89],[0, 1, 6, 7, 9, 10, 12, 18, 19]]
[[2,2,17,18,37,89],[1, 2, 3, 4, 9, 10, 15, 17, 19]]
[[2,2,17,18,37,89],[0, 2, 3, 9, 10, 14, 15, 17, 18]]
[[2,2,17,18,37,89],[0, 5, 6, 7, 9, 12, 15, 16, 17, 18, 19]]
[[2,2,17,18,37,89],[0, 1, 2, 3, 6, 8, 9, 12, 16, 18]]
[[2,8,17,20,47,53],[2, 6, 7, 9, 10, 12, 13, 14, 18, 19]]
[[2,8,17,20,47,53],[4, 6, 7, 9, 10, 12, 13, 14]]
[[2,8,17,20,47,53],[0, 1, 5, 6, 8, 9, 10, 11, 14, 15]]
[[2,8,17,20,47,53],[0, 1, 2, 4, 5, 6, 8, 9, 10, 11, 14, 15, 18, 19]]
[[2,8,17,20,47,53],[1, 2, 4, 6, 7, 9, 11, 12]]
[[2,8,17,20,47,53],[3, 4, 5, 6, 7, 9, 11, 14, 18, 19]]
[[2,8,17,20,47,53],[0, 4, 5, 6, 8, 9, 13, 15, 18, 19]]
[[2,8,17,20,47,53],[0, 1, 2, 3, 4, 6, 8, 9, 12, 13, 14, 15]]
[[2,8,17,20,32,65],[1, 5, 6, 8, 9, 10, 12, 19]]
[[2,8,17,20,32,65],[0, 2, 6, 7, 9, 10, 12, 14, 18]]
[[2,8,17,20,32,65],[1, 2, 6, 7, 9, 10, 11, 12, 13, 15, 18]]
[[2,8,17,20,32,65],[0, 5, 6, 8, 9, 10, 11, 12, 13, 14, 15, 19]]
[[2,8,17,20,42,71],[0, 1, 2, 3, 4, 6, 7, 9, 10, 12, 18, 19]]
[[2,8,17,20,32,71],[0, 1, 2, 3, 4, 5, 6, 8, 9, 10, 11, 12, 13]]
[[2,8,17,20,52,77],[0, 1, 2, 3, 6, 7, 9, 10, 11, 13, 14]]
[[2,8,17,20,12,59],[0, 1, 2, 3, 5, 6, 8, 9, 10, 11, 12, 13, 14]]
[[2,8,17,20,32,71],[3, 5, 6, 7, 9, 10, 11, 12, 13, 15, 18, 19]]
[[2,8,17,20,12,59],[2, 3, 4, 6, 7, 9, 10, 11, 13, 14, 15]]
[[2,8,17,20,52,77],[3, 5, 6, 8, 9, 10, 11, 12, 13, 15, 17, 19]]
[[2,8,17,20,42,71],[0, 1, 3, 4, 5, 6, 8, 9, 10, 11, 12, 13, 14, 15, 17, 18]]
[[2,8,17,20,12,59],[0, 2, 3, 4, 5, 6, 8, 9, 10, 11, 12, 13, 18, 19]]
[[2,8,17,20,32,71],[0, 2, 3, 4, 5, 6, 8, 9, 10, 11, 13, 14]]
[[2,8,17,20,42,71],[0, 3, 6, 8, 9, 10, 12, 14, 15]]
[[2,8,17,20,32,71],[0, 3, 5, 6, 7, 9, 10, 11, 12, 13, 14, 15, 18, 19]]
[[2,8,17,20,12,59],[2, 4, 5, 6, 7, 9, 10, 11, 12, 13, 14, 15, 18, 19]]
[[2,8,17,20,52,77],[0, 1, 5, 6, 8, 9, 10, 11, 12, 13, 14, 15, 18, 19]]
[[2,8,17,20,42,71],[0, 2, 3, 5, 6, 7, 9, 10, 11, 13, 14, 15, 17, 19]]
[[2,8,17,20,52,77],[2, 6, 7, 9, 10, 11, 12, 13, 14, 15, 17, 18]]
[[2,8,17,20,32,65],[0, 1, 2, 3, 4, 6, 7, 8, 10]]
[[2,8,17,20,32,65],[1, 5, 6, 7, 8, 10, 12]]
[[2,8,17,20,32,65],[3, 6, 10, 11, 13, 14, 15, 18, 19]]
[[2,8,17,20,32,65],[0, 2, 4, 5, 6, 10, 11, 12, 13, 14, 15, 18, 19]]
[[2,8,17,20,52,77],[1, 2, 3, 4, 5, 7, 8, 9, 10, 11, 13, 18, 19]]
[[2,8,17,20,42,71],[0, 2, 3, 9, 10, 11, 13, 14, 18, 19]]
[[2,8,17,20,12,59],[1, 2, 3, 5, 7, 8, 9, 10, 11, 13, 17, 19]]
[[2,8,17,20,42,71],[0, 1, 4, 7, 8, 9, 10, 15, 17, 19]]
[[2,8,17,20,12,59],[0, 3, 7, 8, 9, 10, 11, 12, 13, 15, 17, 18]]
[[2,8,17,20,32,71],[0, 2, 3, 4, 5, 7, 8, 9, 10, 11, 13, 14, 15, 17, 19]]
[[2,8,17,20,52,77],[0, 1, 7, 8, 9, 10, 11, 12, 13, 14, 15, 17, 18]]
[[2,8,17,20,32,71],[0, 2, 3, 4, 7, 8, 9, 10, 11, 12, 13, 14, 15, 17, 19]]
[[2,8,17,20,42,71],[0, 2, 6, 7, 9, 11, 13, 14, 16, 17, 18, 19]]
[[2,8,17,20,12,59],[1, 2, 4, 6, 7, 9, 11, 12, 13, 14, 16, 17, 18, 19]]
[[2,8,17,20,32,71],[1, 4, 5, 6, 7, 9, 11, 13, 14, 15, 16, 17, 18, 19]]
[[2,8,17,20,52,77],[2, 3, 5, 6, 8, 9, 11, 13, 14, 15, 16, 17]]
[[2,8,17,20,32,71],[1, 2, 4, 6, 8, 9, 11, 13, 16, 18]]
[[2,8,17,20,12,59],[3, 4, 5, 6, 8, 9, 11, 13, 16, 18]]
[[2,8,17,20,42,71],[0, 5, 6, 8, 9, 12, 14, 16, 18]]
[[2,8,17,20,52,77],[0, 1, 3, 6, 7, 9, 11, 13, 14, 15, 16, 19]]
[[2,4,11,28,27,85],[1, 2, 4, 5, 6, 8, 9, 10, 11, 12, 13, 14, 17]]
[[2,4,11,28,27,85],[0, 1, 3, 5, 6, 7, 9, 10, 11, 12, 13, 15, 17, 18, 19]]
[[2,4,11,28,27,85],[0, 1, 3, 4, 6, 7, 9, 10, 12, 19]]
[[2,4,11,28,27,85],[0, 2, 6, 8, 9, 10, 12, 18]]
[[2,4,11,28,67,49],[0, 1, 2, 3, 4, 6, 7, 9, 10]]
[[2,4,11,28,32,103],[3, 4, 5, 6, 8, 9, 10, 18, 19]]
[[2,4,11,28,42,55],[0, 5, 6, 7, 9, 10, 12, 18, 19]]
[[2,4,11,28,42,79],[0, 1, 3, 4, 6, 7, 9, 10, 12, 14]]
[[2,4,11,28,42,55],[0, 5, 6, 8, 9, 10, 12, 14, 18, 19]]
[[2,4,11,28,32,103],[3, 6, 7, 9, 10, 11, 12, 13, 14, 18, 19]]
[[2,4,11,28,67,49],[2, 3, 5, 6, 8, 9, 10, 12, 15]]
[[2,4,11,28,42,79],[0, 1, 3, 5, 6, 8, 9, 10, 11, 12, 13, 14, 15]]
[[2,4,11,28,67,49],[0, 1, 2, 4, 5, 6, 7, 9, 10, 12, 18, 19]]
[[2,4,11,28,42,79],[4, 5, 6, 7, 9, 10, 11, 12, 13, 14, 18, 19]]
[[2,4,11,28,42,79],[1, 3, 4, 5, 6, 8, 9, 10, 15, 18, 19]]
[[2,4,11,28,32,103],[1, 3, 4, 6, 7, 9, 10, 14, 15]]
[[2,4,11,28,32,103],[4, 6, 8, 9, 10, 11, 13, 14, 15]]
[[2,4,11,28,42,55],[1, 2, 3, 6, 7, 9, 10, 12, 14, 15]]
[[2,4,11,28,42,55],[0, 1, 2, 4, 5, 6, 8, 9, 10, 12, 14, 15]]
[[2,4,11,28,67,49],[1, 2, 3, 4, 5, 6, 8, 9, 10, 12, 14, 15, 18, 19]]
[[2,4,11,28,27,85],[0, 1, 2, 3, 4, 6, 7, 8, 10, 14, 15, 18, 19]]
[[2,4,11,28,27,85],[0, 2, 4, 6, 7, 8, 10, 14, 15, 18, 19]]
[[2,4,11,28,27,85],[0, 1, 3, 5, 6, 10, 11, 12, 13, 17, 19]]
[[2,4,11,28,27,85],[3, 4, 6, 10, 11, 13, 15, 17, 19]]
[[2,4,11,28,42,79],[1, 2, 3, 7, 8, 9, 10, 17, 18]]
[[2,4,11,28,42,55],[1, 2, 3, 9, 10, 12, 14, 17, 19]]
[[2,4,11,28,67,49],[1, 2, 3, 4, 9, 10, 12, 14, 17, 19]]
[[2,4,11,28,42,55],[0, 3, 4, 5, 9, 10, 15, 17, 18]]
[[2,4,11,28,42,79],[1, 3, 9, 10, 11, 13, 15, 17, 18]]
[[2,4,11,28,32,103],[1, 2, 3, 4, 9, 10, 11, 12, 13, 15, 17, 18]]
[[2,4,11,28,67,49],[0, 3, 4, 5, 9, 10, 14, 15, 17, 18]]
[[2,4,11,28,32,103],[1, 2, 3, 5, 7, 8, 9, 10, 14, 15, 17, 18]]
[[2,4,11,28,32,103],[0, 1, 2, 3, 5, 6, 7, 9, 15, 16, 17, 18, 19]]
[[2,4,11,28,67,49],[0, 2, 4, 6, 7, 9, 12, 15, 16, 17, 18, 19]]
[[2,4,11,28,42,79],[1, 4, 6, 7, 9, 11, 12, 13, 14, 15, 16, 17, 18, 19]]
[[2,4,11,28,42,55],[0, 4, 5, 6, 8, 9, 16, 19]]
[[2,4,11,28,32,103],[1, 6, 8, 9, 11, 12, 13, 16, 18]]
[[2,4,11,28,42,79],[0, 1, 2, 3, 4, 5, 6, 8, 9, 12, 15, 16, 18]]
[[2,4,11,28,42,55],[0, 1, 2, 3, 4, 6, 7, 9, 14, 15, 16, 18]]
[[2,4,11,28,67,49],[0, 1, 3, 4, 5, 6, 8, 9, 14, 15, 16, 18]]
[[2,2,14,6,22,86],[1, 3, 4, 6, 8, 9, 10, 11, 15]]
[[2,2,14,6,22,86],[1, 2, 3, 5, 6, 8, 9, 10, 11, 15]]
[[2,2,14,6,22,86],[6, 8, 9, 10, 11, 12, 14, 15, 18, 19]]
[[2,2,14,6,22,86],[2, 4, 5, 6, 8, 9, 10, 11, 12, 14, 15, 18, 19]]
[[2,2,14,6,22,86],[0, 1, 2, 4, 6, 7, 9, 10, 12, 13, 17, 18]]
[[2,2,14,6,22,86],[0, 1, 5, 6, 7, 9, 10, 12, 13, 17, 18]]
[[2,2,14,6,22,86],[0, 3, 4, 6, 7, 9, 10, 13, 14, 17, 18]]
[[2,2,14,6,22,86],[0, 2, 3, 5, 6, 7, 9, 10, 13, 14, 17, 18]]
[[2,2,14,6,22,86],[0, 6, 7, 9, 11, 18, 19]]
[[2,2,14,6,22,86],[0, 2, 4, 6, 7, 9, 11]]
[[2,2,14,6,22,86],[0, 5, 6, 7, 9, 11]]
[[2,2,14,6,22,86],[0, 2, 4, 5, 6, 7, 9, 11, 18, 19]]
[[2,2,14,6,22,86],[0, 6, 8, 9, 13, 17, 19]]
[[2,2,14,6,22,86],[0, 2, 4, 5, 6, 8, 9, 13, 17, 19]]
[[2,2,14,6,22,86],[0, 1, 2, 3, 6, 8, 9, 12, 13, 14, 17, 19]]
[[2,2,14,6,22,86],[0, 1, 3, 4, 5, 6, 8, 9, 12, 13, 14, 17, 19]]
[[2,6,17,26,17,81],[1, 2, 3, 6, 7, 9, 10, 12, 13, 14, 18, 19]]
[[2,6,17,26,17,81],[1, 2, 3, 6, 8, 9, 10, 12, 13, 14, 18, 19]]
[[2,6,17,26,17,81],[0, 2, 3, 4, 5, 6, 7, 9, 10, 11, 14, 15, 18, 19]]
[[2,6,17,26,17,81],[0, 2, 3, 4, 5, 6, 8, 9, 10, 11, 14, 15, 18, 19]]
[[2,6,17,26,17,81],[2, 3, 4, 6, 7, 9, 11, 12]]
[[2,6,17,26,17,81],[1, 2, 5, 6, 8, 9, 11, 14]]
[[2,6,17,26,17,81],[0, 1, 2, 3, 5, 6, 7, 9, 13, 15]]
[[2,6,17,26,17,81],[0, 2, 4, 6, 8, 9, 12, 13, 14, 15]]
[[2,6,17,26,7,105],[0, 6, 8, 9, 10, 11, 13, 14, 17]]
[[2,6,17,26,7,105],[2, 3, 4, 6, 7, 9, 10, 11, 13, 15, 17, 18, 19]]
[[2,6,17,26,22,117],[2, 3, 4, 6, 8, 9, 10, 15, 19]]
[[2,6,17,26,22,117],[2, 3, 4, 6, 8, 9, 10, 11, 13, 15, 19]]
[[2,6,17,26,7,105],[2, 3, 5, 6, 7, 9, 10, 12, 14, 15, 19]]
[[2,6,17,26,22,117],[3, 4, 5, 6, 7, 9, 10, 12, 14, 15, 18]]
[[2,6,17,26,7,105],[1, 4, 5, 6, 8, 9, 10, 12, 14, 15, 18]]
[[2,6,17,26,22,117],[3, 4, 5, 6, 7, 9, 10, 11, 12, 13, 14, 15, 18]]
[[2,6,17,26,47,63],[2, 3, 6, 7, 9, 10, 11, 13, 18, 19]]
[[2,6,17,26,27,75],[1, 5, 6, 7, 9, 10, 11, 13, 18, 19]]
[[2,6,17,26,17,111],[0, 1, 2, 3, 5, 6, 8, 9, 10, 11, 13, 18, 19]]
[[2,6,17,26,32,99],[3, 4, 6, 7, 9, 10, 12, 18, 19]]
[[2,6,17,26,42,63],[0, 1, 3, 4, 5, 6, 7, 9, 10, 12, 18, 19]]
[[2,6,17,26,12,99],[0, 1, 2, 3, 4, 5, 6, 7, 9, 10, 12]]
[[2,6,17,26,37,93],[0, 6, 8, 9, 10, 12]]
[[2,6,17,26,22,87],[0, 1, 2, 3, 6, 7, 9, 10, 11, 12, 13, 18, 19]]
[[2,6,17,26,37,93],[1, 6, 7, 9, 10, 11, 13, 14]]
[[2,6,17,26,27,75],[1, 5, 6, 8, 9, 10, 11, 13, 14, 18, 19]]
[[2,6,17,26,12,123],[1, 2, 4, 5, 6, 8, 9, 10, 11, 13, 14]]
[[2,6,17,26,47,63],[0, 1, 2, 3, 4, 5, 6, 8, 9, 10, 11, 13, 14, 18, 19]]
[[2,6,17,26,32,105],[0, 2, 4, 5, 6, 7, 9, 10, 12, 14]]
[[2,6,17,26,27,99],[0, 2, 5, 6, 8, 9, 10, 12, 14]]
[[2,6,17,26,17,111],[3, 4, 5, 6, 7, 9, 10, 11, 12, 13, 14]]
[[2,6,17,26,17,99],[2, 3, 4, 6, 8, 9, 10, 11, 12, 13, 14]]
[[2,6,17,26,12,99],[0, 1, 3, 5, 6, 8, 9, 10, 11, 12, 13, 14, 18, 19]]
[[2,6,17,26,42,63],[3, 6, 8, 9, 10, 15, 18, 19]]
[[2,6,17,26,12,117],[0, 5, 6, 8, 9, 10, 11, 12, 13, 15]]
[[2,6,17,26,37,69],[0, 1, 3, 4, 5, 6, 8, 9, 10, 14, 15, 18, 19]]
[[2,6,17,26,27,99],[1, 6, 7, 9, 10, 11, 13, 14, 15, 18, 19]]
[[2,6,17,26,17,99],[0, 1, 2, 3, 5, 6, 7, 9, 10, 11, 13, 14, 15]]
[[2,6,17,26,12,117],[1, 2, 6, 7, 9, 10, 12, 14, 15, 18, 19]]
[[2,6,17,26,22,87],[0, 4, 5, 6, 8, 9, 10, 12, 14, 15]]
[[2,6,17,26,32,105],[1, 2, 4, 5, 6, 8, 9, 10, 11, 12, 13, 14, 15]]
[[2,6,17,26,27,81],[2, 3, 4, 5, 6, 7, 9, 10, 11, 13, 17, 18]]
[[2,6,17,26,22,87],[2, 3, 6, 8, 9, 10, 11, 13, 17, 19]]
[[2,6,17,26,32,99],[2, 3, 4, 5, 6, 8, 9, 10, 11, 13, 17, 18]]
[[2,6,17,26,12,123],[1, 2, 6, 7, 9, 10, 11, 12, 13, 14, 17, 18]]
[[2,6,17,26,27,81],[0, 1, 3, 5, 6, 8, 9, 10, 11, 13, 15, 17, 19]]
[[2,6,17,26,37,69],[0, 1, 3, 4, 5, 6, 7, 9, 10, 11, 13, 14, 15, 17, 19]]
[[2,6,17,26,22,87],[1, 6, 7, 9, 10, 11, 12, 13, 14, 15, 17, 18]]
[[2,6,17,26,37,69],[0, 3, 4, 6, 7, 9, 10]]
[[2,6,17,26,22,87],[2, 5, 6, 7, 9, 10, 18, 19]]
[[2,6,17,26,12,117],[0, 3, 4, 5, 6, 7, 9, 10, 11, 13, 18, 19]]
[[2,6,17,26,17,99],[0, 2, 3, 6, 8, 9, 10, 11, 13, 18, 19]]
[[2,6,17,26,32,105],[5, 6, 7, 9, 10, 11, 12, 13, 18, 19]]
[[2,6,17,26,42,63],[1, 3, 5, 6, 7, 9, 10, 14]]
[[2,6,17,26,12,117],[1, 2, 3, 4, 6, 8, 9, 10, 14]]
[[2,6,17,26,27,99],[0, 3, 4, 6, 8, 9, 10, 11, 13, 14]]
[[2,6,17,26,12,99],[0, 1, 4, 6, 8, 9, 10, 15, 18, 19]]
[[2,6,17,26,42,63],[0, 1, 5, 6, 8, 9, 10, 15]]
[[2,6,17,26,17,111],[6, 7, 9, 10, 11, 13, 15]]
[[2,6,17,26,47,63],[0, 2, 3, 4, 6, 7, 9, 10, 11, 13, 15]]
[[2,6,17,26,22,87],[0, 1, 2, 4, 6, 8, 9, 10, 11, 13, 15]]
[[2,6,17,26,12,123],[0, 1, 5, 6, 7, 9, 10, 11, 12, 13, 15, 18, 19]]
[[2,6,17,26,47,63],[2, 4, 6, 8, 9, 10, 11, 12, 13, 15]]
[[2,6,17,26,32,99],[0, 2, 3, 6, 8, 9, 10, 14, 15]]
[[2,6,17,26,27,75],[0, 2, 3, 6, 7, 9, 10, 11, 13, 14, 15]]
[[2,6,17,26,17,99],[2, 6, 7, 9, 10, 11, 13, 14, 15, 18, 19]]
[[2,6,17,26,17,111],[2, 4, 6, 8, 9, 10, 11, 13, 14, 15, 18, 19]]
[[2,6,17,26,37,93],[0, 2, 3, 5, 6, 8, 9, 10, 11, 13, 14, 15, 18, 19]]
[[2,6,17,26,27,75],[2, 4, 5, 6, 8, 9, 10, 11, 13, 14, 15]]
[[2,6,17,26,37,93],[0, 1, 2, 4, 6, 7, 9, 10, 12, 14, 15, 18, 19]]
[[2,6,17,26,27,99],[1, 2, 3, 4, 5, 6, 7, 9, 10, 12, 14, 15, 18, 19]]
[[2,6,17,26,32,105],[1, 3, 4, 6, 8, 9, 10, 12, 14, 15, 18, 19]]
[[2,6,17,26,12,99],[2, 6, 7, 9, 10, 11, 12, 13, 14, 15]]
[[2,6,17,26,32,99],[0, 3, 5, 6, 7, 9, 10, 11, 13, 17, 19]]
[[2,6,17,26,22,87],[0, 2, 3, 5, 6, 7, 9, 10, 11, 13, 17, 18]]
[[2,6,17,26,12,123],[0, 3, 5, 6, 8, 9, 10, 11, 13, 17, 19]]
[[2,6,17,26,27,81],[0, 1, 4, 6, 8, 9, 10, 11, 12, 13, 14, 17, 19]]
[[2,6,17,26,22,87],[0, 2, 3, 5, 6, 8, 9, 10, 11, 13, 15, 17, 19]]
[[2,6,17,26,37,69],[5, 6, 8, 9, 10, 11, 12, 13, 15, 17, 18]]
[[2,6,17,26,27,81],[0, 1, 2, 6, 7, 9, 10, 11, 13, 14, 15, 17, 18]]
[[2,6,17,26,22,117],[2, 3, 4, 5, 6, 7, 8, 10]]
[[2,6,17,26,22,117],[1, 5, 6, 10, 11, 13, 18, 19]]
[[2,6,17,26,22,117],[2, 3, 6, 7, 8, 10, 12, 14]]
[[2,6,17,26,7,105],[1, 4, 6, 7, 8, 10, 12, 14, 18, 19]]
[[2,6,17,26,7,105],[3, 4, 6, 7, 8, 10, 12, 14, 18, 19]]
[[2,6,17,26,22,117],[1, 4, 6, 10, 11, 12, 13, 14, 18, 19]]
[[2,6,17,26,7,105],[1, 4, 6, 10, 11, 12, 13, 14, 17, 19]]
[[2,6,17,26,7,105],[0, 5, 6, 10, 11, 13, 14, 15, 17, 19]]
[[2,6,17,26,32,99],[0, 3, 5, 9, 10, 11, 13, 18, 19]]
[[2,6,17,26,22,87],[0, 2, 3, 7, 8, 9, 10, 11, 13, 18, 19]]
[[2,6,17,26,12,123],[0, 3, 5, 7, 8, 9, 10, 11, 13, 18, 19]]
[[2,6,17,26,27,81],[0, 1, 4, 5, 7, 8, 9, 10, 11, 13, 14, 18, 19]]
[[2,6,17,26,27,81],[0, 1, 4, 7, 8, 9, 10, 11, 12, 13, 14, 18, 19]]
[[2,6,17,26,22,87],[0, 2, 3, 9, 10, 11, 13, 15]]
[[2,6,17,26,37,69],[1, 3, 4, 5, 9, 10, 11, 13, 14, 15, 18, 19]]
[[2,6,17,26,12,117],[0, 3, 4, 9, 10, 11, 13, 17, 18]]
[[2,6,17,26,12,99],[1, 2, 3, 4, 5, 9, 10, 11, 13, 17, 19]]
[[2,6,17,26,17,99],[0, 2, 3, 5, 7, 8, 9, 10, 11, 13, 17, 18]]
[[2,6,17,26,32,99],[0, 1, 7, 8, 9, 10, 12, 17, 19]]
[[2,6,17,26,12,123],[0, 1, 7, 8, 9, 10, 11, 12, 13, 17, 19]]
[[2,6,17,26,42,63],[1, 2, 3, 4, 5, 9, 10, 14, 17, 19]]
[[2,6,17,26,12,117],[1, 3, 7, 8, 9, 10, 14, 17, 19]]
[[2,6,17,26,37,93],[0, 2, 3, 9, 10, 11, 13, 14, 17, 19]]
[[2,6,17,26,32,105],[1, 3, 4, 5, 9, 10, 11, 13, 14, 17, 18]]
[[2,6,17,26,27,75],[0, 2, 3, 5, 7, 8, 9, 10, 11, 13, 14, 17, 18]]
[[2,6,17,26,32,105],[1, 3, 4, 7, 8, 9, 10, 12, 14, 17, 18]]
[[2,6,17,26,37,69],[0, 1, 2, 4, 7, 8, 9, 10, 12, 14, 17, 18]]
[[2,6,17,26,27,99],[1, 2, 3, 4, 7, 8, 9, 10, 12, 14, 17, 19]]
[[2,6,17,26,17,111],[1, 2, 3, 5, 7, 8, 9, 10, 11, 12, 13, 14, 17, 18]]
[[2,6,17,26,22,87],[2, 7, 8, 9, 10, 15, 17, 19]]
[[2,6,17,26,37,93],[0, 3, 4, 7, 8, 9, 10, 15, 17, 19]]
[[2,6,17,26,22,87],[0, 1, 7, 8, 9, 10, 11, 13, 15, 17, 19]]
[[2,6,17,26,47,63],[0, 2, 3, 4, 7, 8, 9, 10, 11, 13, 15, 17, 18]]
[[2,6,17,26,17,99],[1, 3, 7, 8, 9, 10, 11, 12, 13, 15, 17, 19]]
[[2,6,17,26,27,75],[1, 3, 4, 7, 8, 9, 10, 11, 12, 13, 15, 17, 19]]
[[2,6,17,26,17,111],[1, 3, 4, 5, 7, 8, 9, 10, 11, 12, 13, 15, 17, 18]]
[[2,6,17,26,27,99],[0, 3, 4, 5, 9, 10, 11, 13, 14, 15, 17, 18]]
[[2,6,17,26,47,63],[1, 2, 3, 7, 8, 9, 10, 11, 13, 14, 15, 17, 19]]
[[2,6,17,26,42,63],[0, 3, 4, 9, 10, 12, 14, 15, 17, 18]]
[[2,6,17,26,12,99],[0, 3, 7, 8, 9, 10, 12, 14, 15, 17, 18]]
[[2,6,17,26,42,63],[0, 1, 2, 3, 4, 6, 7, 9, 16, 17, 18, 19]]
[[2,6,17,26,12,99],[3, 6, 7, 9, 11, 13, 16, 17, 18, 19]]
[[2,6,17,26,32,99],[0, 2, 4, 6, 8, 9, 12, 16, 17]]
[[2,6,17,26,12,117],[1, 2, 4, 5, 6, 7, 9, 11, 12, 13, 16, 17]]
[[2,6,17,26,27,81],[0, 1, 3, 4, 5, 6, 7, 9, 11, 13, 14, 16, 17, 18, 19]]
[[2,6,17,26,17,99],[3, 4, 5, 6, 8, 9, 11, 13, 14, 16, 17]]
[[2,6,17,26,12,117],[0, 4, 6, 8, 9, 12, 14, 16, 17, 18, 19]]
[[2,6,17,26,17,111],[2, 3, 6, 7, 9, 11, 12, 13, 14, 16, 17, 18, 19]]
[[2,6,17,26,37,69],[0, 4, 5, 6, 8, 9, 11, 13, 15, 16, 17]]
[[2,6,17,26,47,63],[3, 5, 6, 7, 9, 11, 13, 14, 15, 16, 17, 18, 19]]
[[2,6,17,26,22,87],[1, 2, 4, 5, 6, 8, 9, 11, 13, 14, 15, 16, 17]]
[[2,6,17,26,37,93],[0, 4, 6, 7, 9, 16, 18]]
[[2,6,17,26,12,99],[0, 1, 2, 3, 5, 6, 8, 9, 16, 18]]
[[2,6,17,26,22,87],[0, 1, 2, 3, 6, 8, 9, 11, 13, 16, 19]]
[[2,6,17,26,27,99],[1, 2, 5, 6, 8, 9, 11, 13, 16, 19]]
[[2,6,17,26,22,87],[0, 5, 6, 7, 9, 12, 16, 18]]
[[2,6,17,26,17,99],[1, 2, 4, 6, 7, 9, 11, 12, 13, 16, 19]]
[[2,6,17,26,27,75],[1, 4, 5, 6, 8, 9, 11, 12, 13, 16, 19]]
[[2,6,17,26,47,63],[1, 2, 6, 8, 9, 11, 13, 14, 16, 18]]
[[2,6,17,26,17,111],[3, 5, 6, 8, 9, 11, 13, 14, 16, 18]]
[[2,6,17,26,42,63],[0, 4, 5, 6, 8, 9, 12, 14, 16, 18]]
[[2,6,17,26,22,87],[0, 1, 3, 4, 6, 7, 9, 11, 13, 15, 16, 19]]
[[2,6,17,26,12,123],[1, 2, 5, 6, 7, 9, 11, 13, 15, 16, 18]]
[[2,6,17,26,12,123],[0, 1, 3, 6, 8, 9, 11, 13, 15, 16, 19]]
[[2,6,17,26,27,81],[0, 1, 2, 3, 4, 6, 8, 9, 11, 13, 15, 16, 18]]
[[2,6,17,26,27,99],[0, 6, 7, 9, 12, 15, 16, 18]]
[[2,6,17,26,32,105],[0, 1, 3, 6, 8, 9, 14, 15, 16, 19]]
[[2,6,17,26,32,105],[1, 2, 5, 6, 7, 9, 11, 13, 14, 15, 16, 18]]
[[2,6,17,26,37,69],[0, 1, 2, 3, 4, 6, 7, 9, 12, 14, 15, 16, 19]]
[[2,6,17,26,27,75],[2, 3, 4, 6, 7, 9, 11, 12, 13, 14, 15, 16, 18]]
[[2,6,17,26,32,99],[0, 4, 5, 6, 7, 9, 11, 12, 13, 14, 15, 16, 19]]
[[2,6,17,26,37,93],[2, 3, 4, 5, 6, 8, 9, 11, 12, 13, 14, 15, 16, 19]]
[[2,2,11,18,37,83],[0, 5, 6, 7, 9, 10, 14]]
[[2,2,11,18,37,83],[0, 2, 6, 8, 9, 10, 14, 15, 18, 19]]
[[2,2,11,18,37,83],[0, 1, 2, 5, 6, 7, 9, 10]]
[[2,2,11,18,37,83],[0, 1, 6, 8, 9, 10, 15, 18, 19]]
[[2,2,11,18,37,83],[0, 2, 3, 4, 5, 9, 10, 12, 14, 17, 19]]
[[2,2,11,18,37,83],[0, 3, 4, 5, 9, 10, 12, 14, 15, 17, 19]]
[[2,2,11,18,37,83],[0, 1, 3, 5, 6, 8, 9, 16, 19]]
[[2,2,11,18,37,83],[0, 1, 2, 3, 6, 7, 9, 15, 16, 18]]
[[2,8,17,24,22,77],[1, 6, 7, 9, 10, 11, 13]]
[[2,8,17,24,22,77],[1, 4, 6, 8, 9, 10, 14]]
[[2,8,17,24,17,77],[0, 1, 2, 3, 4, 5, 6, 7, 9, 10, 11, 12, 13, 14]]
[[2,8,17,24,22,89],[0, 4, 5, 6, 8, 9, 10, 11, 13, 14, 15, 18, 19]]
[[2,8,17,24,17,77],[3, 5, 6, 8, 9, 10, 11, 12, 13, 14, 15, 18, 19]]
[[2,8,17,24,22,77],[0, 2, 6, 7, 9, 10, 11, 12, 13, 14, 17, 19]]
[[2,8,17,24,22,89],[0, 2, 5, 6, 7, 9, 10, 11, 13, 14, 15, 17, 18]]
[[2,8,17,24,22,77],[1, 4, 5, 6, 8, 9, 10, 11, 13, 14, 15, 17, 18]]
[[2,8,17,24,22,89],[0, 1, 4, 6, 7, 9, 10, 11, 13]]
[[2,8,17,24,17,77],[2, 6, 7, 9, 10, 11, 13, 14]]
[[2,8,17,24,22,77],[1, 2, 3, 5, 6, 8, 9, 10, 11, 12, 13, 15, 18, 19]]
[[2,8,17,24,22,77],[0, 3, 6, 7, 9, 10, 14, 15, 18, 19]]
[[2,8,17,24,17,77],[4, 6, 8, 9, 10, 11, 12, 13, 14, 15, 18, 19]]
[[2,8,17,24,22,77],[0, 2, 3, 4, 6, 8, 9, 10, 11, 12, 13, 17, 18]]
[[2,8,17,24,22,89],[2, 6, 8, 9, 10, 11, 13, 14, 15, 17, 19]]
[[2,8,17,24,22,77],[2, 5, 6, 7, 9, 10, 11, 12, 13, 14, 15, 17, 19]]
[[2,8,17,24,22,77],[1, 2, 3, 4, 7, 8, 9, 10, 11, 13]]
[[2,8,17,24,22,77],[0, 3, 5, 9, 10, 11, 12, 13, 15, 18, 19]]
[[2,8,17,24,22,89],[1, 3, 7, 8, 9, 10, 11, 12, 13, 15, 18, 19]]
[[2,8,17,24,17,77],[1, 3, 5, 7, 8, 9, 10, 11, 13, 17, 18]]
[[2,8,17,24,22,89],[0, 1, 2, 5, 7, 8, 9, 10, 11, 13, 17, 18]]
[[2,8,17,24,22,77],[0, 1, 2, 5, 7, 8, 9, 10, 12, 17, 19]]
[[2,8,17,24,17,77],[1, 3, 7, 8, 9, 10, 11, 12, 13, 17, 18]]
[[2,8,17,24,22,77],[7, 8, 9, 10, 11, 13, 14, 15, 17, 18]]
[[2,8,17,24,17,77],[2, 3, 4, 6, 8, 9, 11, 13, 16, 17]]
[[2,8,17,24,22,77],[0, 2, 6, 7, 9, 12, 16, 17]]
[[2,8,17,24,22,89],[3, 6, 7, 9, 11, 12, 13, 16, 17]]
[[2,8,17,24,22,89],[0, 1, 2, 3, 5, 6, 8, 9, 11, 13, 15, 16, 17, 18, 19]]
[[2,8,17,24,22,77],[0, 5, 6, 8, 9, 11, 12, 13, 15, 16, 17, 18, 19]]
[[2,8,17,24,22,77],[2, 3, 4, 5, 6, 8, 9, 11, 13, 14, 16, 19]]
[[2,8,17,24,22,77],[0, 4, 6, 7, 9, 11, 12, 13, 15, 16, 18]]
[[2,8,17,24,17,77],[3, 4, 5, 6, 7, 9, 11, 13, 14, 15, 16, 19]]
[[2,6,11,14,17,69],[0, 3, 5, 6, 7, 9, 10, 11, 12, 14]]
[[2,6,11,14,37,111],[0, 1, 2, 4, 6, 8, 9, 10, 11, 12, 14]]
[[2,6,11,14,7,63],[0, 1, 2, 4, 5, 6, 8, 9, 10, 11, 12, 14, 18, 19]]
[[2,6,11,14,7,63],[0, 1, 2, 4, 6, 7, 9, 10, 11, 12, 14, 15, 18, 19]]
[[2,6,11,14,17,69],[0, 2, 3, 4, 6, 7, 9, 10, 11, 12, 14, 15, 18, 19]]
[[2,6,11,14,37,111],[0, 1, 2, 4, 5, 6, 7, 9, 10, 11, 12, 14, 15]]
[[2,6,11,14,37,111],[6, 7, 9, 10, 13, 14, 17, 19]]
[[2,6,11,14,7,63],[5, 6, 7, 9, 10, 13, 14, 17, 18]]
[[2,6,11,14,17,69],[1, 3, 5, 6, 8, 9, 10, 13, 14, 17, 18]]
[[2,6,11,14,37,111],[6, 8, 9, 10, 13, 14, 15, 17, 18]]
[[2,6,11,14,7,63],[5, 6, 8, 9, 10, 13, 14, 15, 17, 19]]
[[2,6,11,14,17,69],[1, 2, 3, 4, 5, 6, 8, 9, 10, 13, 14, 15, 17, 18]]
[[2,6,11,14,17,69],[0, 1, 3, 6, 8, 9, 11, 12]]
[[2,6,11,14,7,63],[0, 6, 8, 9, 11, 12]]
[[2,6,11,14,37,111],[0, 1, 3, 4, 6, 8, 9, 11, 14, 18, 19]]
[[2,6,11,14,7,63],[0, 2, 4, 6, 7, 9, 11, 12, 15]]
[[2,6,11,14,17,69],[0, 1, 3, 6, 8, 9, 11, 12, 15, 18, 19]]
[[2,6,11,14,37,111],[0, 1, 2, 3, 6, 7, 9, 11, 14, 15, 18, 19]]
[[2,6,11,14,17,69],[0, 4, 5, 6, 7, 9, 12, 13, 17, 19]]
[[2,6,11,14,37,111],[0, 1, 3, 4, 6, 8, 9, 12, 13, 17, 18]]
[[2,6,11,14,7,63],[0, 6, 8, 9, 13, 14, 17, 19]]
[[2,6,11,14,7,63],[0, 1, 2, 3, 6, 7, 9, 12, 13, 15, 17, 18]]
[[2,6,11,14,37,111],[0, 2, 4, 6, 7, 9, 13, 14, 15, 17, 19]]
[[2,6,11,14,17,69],[0, 1, 3, 5, 6, 7, 9, 13, 14, 15, 17, 19]]
[[2,6,11,14,37,69],[0, 1, 3, 5, 6, 8, 9, 10, 11, 12, 13, 17]]
[[2,6,11,14,37,69],[3, 4, 5, 6, 7, 9, 10, 11, 13, 15, 17, 18, 19]]
[[2,6,11,14,37,69],[0, 1, 2, 3, 6, 7, 9, 10, 11, 13, 19]]
[[2,6,11,14,37,69],[2, 3, 4, 6, 8, 9, 10, 11, 13, 14, 18]]
[[2,6,11,14,27,75],[2, 3, 4, 5, 6, 7, 9, 10, 11, 12, 13, 18, 19]]
[[2,6,11,14,52,63],[1, 2, 5, 6, 8, 9, 10, 11, 13, 14]]
[[2,6,11,14,37,63],[0, 1, 2, 3, 4, 6, 8, 9, 10, 15, 18, 19]]
[[2,6,11,14,22,81],[0, 1, 3, 5, 6, 7, 9, 10, 12, 15]]
[[2,6,11,14,52,63],[0, 2, 4, 6, 8, 9, 10, 12, 15]]
[[2,6,11,14,37,99],[0, 1, 2, 3, 6, 8, 9, 10, 14, 15, 18, 19]]
[[2,6,11,14,37,99],[1, 2, 5, 6, 7, 9, 10, 11, 13, 14, 15, 18, 19]]
[[2,6,11,14,52,63],[0, 6, 7, 9, 10, 12, 14, 15, 18, 19]]
[[2,6,11,14,17,99],[1, 4, 6, 7, 9, 10, 12, 14, 15]]
[[2,6,11,14,37,99],[1, 2, 4, 6, 8, 9, 10, 11, 13, 17, 19]]
[[2,6,11,14,27,75],[0, 1, 2, 3, 4, 5, 6, 8, 9, 10, 11, 13, 17, 19]]
[[2,6,11,14,37,99],[0, 1, 2, 3, 6, 7, 9, 10, 11, 12, 13, 17, 19]]
[[2,6,11,14,37,63],[0, 1, 3, 4, 5, 6, 7, 9, 10, 11, 13, 14, 17, 18]]
[[2,6,11,14,22,81],[0, 1, 3, 5, 6, 8, 9, 10, 11, 13, 14, 17, 18]]
[[2,6,11,14,52,63],[1, 6, 7, 9, 10, 11, 12, 13, 14, 17, 19]]
[[2,6,11,14,17,99],[0, 2, 6, 8, 9, 10, 11, 13, 14, 15, 17, 19]]
[[2,6,11,14,52,63],[0, 2, 3, 6, 7, 9, 10, 18, 19]]
[[2,6,11,14,37,99],[0, 2, 3, 5, 6, 7, 9, 10]]
[[2,6,11,14,37,63],[4, 5, 6, 7, 9, 10]]
[[2,6,11,14,17,99],[4, 5, 6, 8, 9, 10, 12, 18, 19]]
[[2,6,11,14,37,99],[0, 1, 4, 5, 6, 8, 9, 10, 11, 12, 13]]
[[2,6,11,14,22,81],[0, 3, 6, 8, 9, 10, 12, 14, 18, 19]]
[[2,6,11,14,52,63],[1, 3, 4, 6, 8, 9, 10, 12, 14]]
[[2,6,11,14,27,75],[0, 1, 2, 5, 6, 8, 9, 10, 11, 12, 13, 15]]
[[2,6,11,14,52,63],[0, 2, 3, 4, 5, 6, 7, 9, 10, 11, 13, 14, 15, 18, 19]]
[[2,6,11,14,52,63],[0, 3, 4, 6, 8, 9, 10, 11, 13, 17, 18]]
[[2,6,11,14,27,75],[0, 2, 3, 4, 6, 7, 9, 10, 11, 12, 13, 17, 18]]
[[2,6,11,14,22,81],[4, 5, 6, 7, 9, 10, 11, 12, 13, 17, 19]]
[[2,6,11,14,37,63],[2, 4, 6, 8, 9, 10, 11, 12, 13, 17, 19]]
[[2,6,11,14,37,99],[2, 4, 6, 8, 9, 10, 11, 13, 14, 17, 18]]
[[2,6,11,14,37,99],[0, 3, 4, 5, 6, 7, 9, 10, 11, 12, 13, 14, 17, 18]]
[[2,6,11,14,17,99],[2, 5, 6, 7, 9, 10, 11, 13, 14, 15, 17, 18]]
[[2,6,11,14,37,69],[0, 1, 3, 4, 6, 7, 8, 10, 11, 13, 18, 19]]
[[2,6,11,14,37,69],[1, 4, 6, 7, 8, 10, 11, 12, 13, 18, 19]]
[[2,6,11,14,37,69],[1, 2, 4, 6, 7, 8, 10, 11, 12, 13, 14, 17, 18]]
[[2,6,11,14,37,69],[0, 1, 3, 5, 6, 7, 8, 10, 11, 12, 13, 15, 17, 18]]
[[2,6,11,14,52,63],[0, 3, 4, 5, 9, 10, 11, 13, 18, 19]]
[[2,6,11,14,37,99],[1, 3, 4, 5, 9, 10, 11, 12, 13, 18, 19]]
[[2,6,11,14,22,81],[1, 3, 9, 10, 11, 13, 14, 18, 19]]
[[2,6,11,14,37,63],[1, 2, 3, 9, 10, 11, 13, 14]]
[[2,6,11,14,37,99],[0, 2, 3, 5, 7, 8, 9, 10, 11, 12, 13, 14, 18, 19]]
[[2,6,11,14,17,99],[1, 3, 5, 9, 10, 11, 12, 13, 15]]
[[2,6,11,14,27,75],[0, 3, 5, 7, 8, 9, 10, 11, 12, 13, 15, 18, 19]]
[[2,6,11,14,22,81],[0, 1, 4, 7, 8, 9, 10, 17, 18]]
[[2,6,11,14,17,99],[2, 5, 7, 8, 9, 10, 12, 17, 18]]
[[2,6,11,14,27,75],[0, 1, 2, 5, 7, 8, 9, 10, 11, 12, 13, 17, 19]]
[[2,6,11,14,52,63],[0, 2, 3, 4, 5, 9, 10, 11, 13, 14, 17, 18]]
[[2,6,11,14,52,63],[0, 1, 7, 8, 9, 10, 12, 14, 17, 19]]
[[2,6,11,14,37,99],[0, 1, 5, 7, 8, 9, 10, 12, 14, 17, 18]]
[[2,6,11,14,37,63],[4, 7, 8, 9, 10, 15, 17, 18]]
[[2,6,11,14,37,99],[0, 1, 4, 5, 7, 8, 9, 10, 11, 12, 13, 15, 17, 19]]
[[2,6,11,14,52,63],[1, 3, 4, 7, 8, 9, 10, 12, 14, 15, 17, 19]]
[[2,6,11,14,17,99],[0, 1, 3, 5, 6, 8, 9, 16, 17, 18, 19]]
[[2,6,11,14,22,81],[0, 5, 6, 7, 9, 11, 13, 16, 17, 18, 19]]
[[2,6,11,14,37,99],[0, 2, 6, 8, 9, 11, 12, 13, 14, 16, 17]]
[[2,6,11,14,37,63],[0, 1, 3, 5, 6, 8, 9, 11, 12, 13, 14, 16, 17]]
[[2,6,11,14,17,99],[0, 1, 2, 3, 6, 7, 9, 11, 13, 15, 16, 17]]
[[2,6,11,14,27,75],[0, 1, 3, 4, 6, 7, 9, 11, 13, 14, 15, 16, 17, 18, 19]]
[[2,6,11,14,37,99],[1, 2, 4, 5, 6, 8, 9, 11, 13, 16, 19]]
[[2,6,11,14,52,63],[0, 2, 5, 6, 8, 9, 12, 16, 19]]
[[2,6,11,14,37,63],[0, 1, 2, 3, 6, 7, 9, 14, 16, 19]]
[[2,6,11,14,52,63],[0, 4, 5, 6, 7, 9, 15, 16, 18]]
[[2,6,11,14,22,81],[0, 1, 2, 3, 6, 8, 9, 15, 16, 18]]
[[2,6,11,14,52,63],[1, 6, 7, 9, 11, 13, 15, 16, 18]]
[[2,6,11,14,27,75],[1, 2, 4, 5, 6, 8, 9, 11, 13, 15, 16, 18]]
[[2,6,11,14,37,99],[0, 1, 3, 5, 6, 7, 9, 12, 14, 15, 16, 19]]
[[2,6,11,14,37,99],[0, 1, 3, 4, 6, 7, 9, 11, 12, 13, 14, 15, 16, 18]]
[[2,6,11,14,52,63],[0, 2, 4, 6, 8, 9, 11, 12, 13, 14, 15, 16, 19]]
[[2,2,17,6,17,65],[0, 2, 3, 4, 6, 7, 9, 10, 11, 14, 18, 19]]
[[2,2,17,6,17,65],[0, 2, 3, 4, 6, 8, 9, 10, 11, 14, 18, 19]]
[[2,2,17,6,17,65],[1, 2, 3, 6, 7, 9, 10, 12, 13, 14, 15]]
[[2,2,17,6,17,65],[1, 2, 3, 6, 8, 9, 10, 12, 13, 14, 15]]
[[2,2,17,6,17,65],[0, 1, 3, 4, 6, 7, 9, 13, 18, 19]]
[[2,2,17,6,17,65],[0, 5, 6, 8, 9, 12, 13, 14, 18, 19]]
[[2,2,17,6,17,65],[3, 6, 8, 9, 11, 12, 15]]
[[2,2,17,6,17,65],[1, 4, 5, 6, 7, 9, 11, 14, 15]]
[[2,2,17,6,17,83],[0, 5, 6, 8, 9, 10, 15, 18, 19]]
[[2,2,17,6,17,83],[0, 5, 6, 7, 9, 10, 14, 15, 18, 19]]
[[2,2,17,6,17,83],[1, 2, 3, 6, 7, 9, 10]]
[[2,2,17,6,17,83],[0, 1, 2, 4, 5, 6, 8, 9, 10]]
[[2,2,17,6,17,83],[0, 2, 3, 9, 10, 12, 14, 17, 18]]
[[2,2,17,6,17,83],[1, 3, 4, 5, 9, 10, 15, 17, 19]]
[[2,2,17,6,17,83],[0, 1, 2, 3, 4, 6, 7, 9, 12, 16, 18]]
[[2,2,17,6,17,83],[0, 4, 5, 6, 8, 9, 12, 14, 15, 16, 19]]
[[2,6,14,18,37,84],[1, 2, 4, 6, 8, 9, 10, 11, 13, 14, 17]]
[[2,6,14,18,37,84],[1, 2, 6, 7, 9, 10, 11, 13, 14, 15, 17, 18, 19]]
[[2,6,14,18,37,84],[1, 4, 5, 6, 7, 9, 10, 11, 13, 15, 19]]
[[2,6,14,18,27,96],[1, 2, 6, 8, 9, 10, 14, 15, 19]]
[[2,6,14,18,27,96],[3, 5, 6, 7, 9, 10, 12, 14, 15, 18]]
[[2,6,14,18,27,96],[0, 1, 2, 3, 5, 6, 7, 9, 10, 12, 14, 15, 18]]
[[2,6,14,18,27,96],[1, 6, 8, 9, 10, 12, 14, 15, 19]]
[[2,6,14,18,37,84],[1, 5, 6, 8, 9, 10, 11, 12, 13, 14, 15, 18]]
[[2,6,14,18,52,72],[1, 2, 6, 7, 9, 10, 18, 19]]
[[2,6,14,18,37,66],[0, 1, 2, 3, 6, 8, 9, 10, 12, 18, 19]]
[[2,6,14,18,22,66],[2, 3, 5, 6, 7, 9, 10, 11, 12, 13, 18, 19]]
[[2,6,14,18,37,96],[1, 2, 4, 5, 6, 8, 9, 10, 11, 12, 13, 18, 19]]
[[2,6,14,18,22,78],[3, 4, 6, 7, 9, 10, 14]]
[[2,6,14,18,42,42],[0, 1, 2, 3, 4, 6, 8, 9, 10, 14]]
[[2,6,14,18,52,72],[0, 5, 6, 8, 9, 10, 11, 13, 14]]
[[2,6,14,18,22,72],[1, 4, 6, 8, 9, 10, 15, 18, 19]]
[[2,6,14,18,22,66],[3, 4, 5, 6, 8, 9, 10, 15]]
[[2,6,14,18,17,60],[0, 4, 5, 6, 8, 9, 10, 15, 18, 19]]
[[2,6,14,18,32,60],[3, 5, 6, 8, 9, 10, 11, 13, 15]]
[[2,6,14,18,12,84],[1, 2, 4, 6, 7, 9, 10, 12, 15, 18, 19]]
[[2,6,14,18,7,72],[1, 2, 6, 8, 9, 10, 12, 15, 18, 19]]
[[2,6,14,18,37,60],[0, 4, 5, 6, 7, 9, 10, 11, 12, 13, 15]]
[[2,6,14,18,22,72],[1, 4, 6, 7, 9, 10, 14, 15, 18, 19]]
[[2,6,14,18,37,60],[1, 4, 5, 6, 8, 9, 10, 14, 15]]
[[2,6,14,18,32,60],[0, 1, 3, 4, 6, 7, 9, 10, 11, 13, 14, 15]]
[[2,6,14,18,12,84],[0, 2, 4, 6, 8, 9, 10, 11, 13, 14, 15, 18, 19]]
[[2,6,14,18,42,42],[2, 3, 5, 6, 7, 9, 10, 12, 14, 15]]
[[2,6,14,18,7,72],[0, 5, 6, 7, 9, 10, 11, 12, 13, 14, 15]]
[[2,6,14,18,17,60],[1, 2, 5, 6, 7, 9, 10, 11, 13, 14, 17, 18]]
[[2,6,14,18,22,78],[3, 4, 6, 8, 9, 10, 11, 12, 13, 15, 17, 18]]
[[2,6,14,18,37,66],[0, 1, 2, 3, 6, 7, 9, 10, 11, 13, 14, 15, 17, 19]]
[[2,6,14,18,37,96],[1, 5, 6, 7, 9, 10, 11, 13, 14, 15, 17, 18]]
[[2,6,14,18,7,72],[6, 8, 9, 10, 11, 13, 18, 19]]
[[2,6,14,18,37,60],[0, 2, 3, 4, 6, 8, 9, 10, 11, 13, 18, 19]]
[[2,6,14,18,32,60],[0, 3, 4, 5, 6, 8, 9, 10, 11, 13, 18, 19]]
[[2,6,14,18,37,60],[0, 1, 2, 5, 6, 7, 9, 10, 12, 18, 19]]
[[2,6,14,18,22,72],[1, 2, 3, 4, 5, 6, 7, 9, 10, 12]]
[[2,6,14,18,22,72],[0, 1, 2, 6, 8, 9, 10, 12]]
[[2,6,14,18,42,42],[1, 2, 3, 6, 8, 9, 10, 12, 18, 19]]
[[2,6,14,18,32,60],[4, 5, 6, 7, 9, 10, 11, 12, 13, 18, 19]]
[[2,6,14,18,7,72],[0, 1, 2, 5, 6, 7, 9, 10, 14]]
[[2,6,14,18,22,66],[1, 2, 3, 5, 6, 7, 9, 10, 14, 18, 19]]
[[2,6,14,18,12,84],[0, 1, 6, 8, 9, 10, 14]]
[[2,6,14,18,17,60],[4, 6, 7, 9, 10, 12, 14]]
[[2,6,14,18,12,84],[0, 3, 4, 5, 6, 7, 9, 10, 11, 12, 13, 14]]
[[2,6,14,18,52,72],[1, 2, 3, 4, 6, 8, 9, 10, 12, 15]]
[[2,6,14,18,22,78],[0, 3, 4, 5, 6, 8, 9, 10, 12, 15, 18, 19]]
[[2,6,14,18,37,96],[0, 1, 2, 4, 6, 7, 9, 10, 11, 13, 14, 15]]
[[2,6,14,18,22,66],[0, 3, 4, 5, 6, 8, 9, 10, 11, 13, 14, 15]]
[[2,6,14,18,42,42],[0, 1, 2, 6, 7, 9, 10, 12, 14, 15, 18, 19]]
[[2,6,14,18,37,66],[0, 2, 3, 5, 6, 7, 9, 10, 12, 14, 15]]
[[2,6,14,18,52,72],[0, 3, 4, 5, 6, 7, 9, 10, 11, 12, 13, 14, 15, 18, 19]]
[[2,6,14,18,17,60],[2, 6, 8, 9, 10, 11, 12, 13, 14, 17, 19]]
[[2,6,14,18,37,66],[2, 4, 6, 8, 9, 10, 11, 12, 13, 15, 17, 18]]
[[2,6,14,18,22,78],[6, 7, 9, 10, 11, 12, 13, 14, 15, 17, 19]]
[[2,6,14,18,37,96],[6, 8, 9, 10, 11, 12, 13, 14, 15, 17, 19]]
[[2,6,14,18,37,84],[2, 3, 6, 7, 8, 10, 11, 13, 18, 19]]
[[2,6,14,18,27,96],[1, 6, 10, 12, 14, 18, 19]]
[[2,6,14,18,27,96],[2, 3, 4, 5, 6, 10, 12, 14, 18, 19]]
[[2,6,14,18,37,84],[3, 6, 7, 8, 10, 11, 12, 13, 14, 18, 19]]
[[2,6,14,18,27,96],[0, 5, 6, 10, 15, 18, 19]]
[[2,6,14,18,27,96],[1, 4, 6, 10, 14, 15, 18, 19]]
[[2,6,14,18,37,84],[2, 3, 6, 7, 8, 10, 11, 12, 13, 17, 18]]
[[2,6,14,18,37,84],[2, 3, 4, 5, 6, 7, 8, 10, 11, 12, 13, 15, 17, 18]]
[[2,6,14,18,22,78],[1, 3, 4, 9, 10, 11, 13, 18, 19]]
[[2,6,14,18,37,96],[1, 3, 4, 7, 8, 9, 10, 11, 13, 18, 19]]
[[2,6,14,18,17,60],[1, 2, 3, 4, 5, 9, 10, 11, 13, 15]]
[[2,6,14,18,37,66],[1, 2, 3, 9, 10, 11, 13, 14, 15, 18, 19]]
[[2,6,14,18,37,60],[0, 2, 3, 4, 9, 10, 11, 13, 17, 19]]
[[2,6,14,18,32,60],[0, 3, 4, 7, 8, 9, 10, 11, 13, 17, 18]]
[[2,6,14,18,42,42],[1, 2, 3, 9, 10, 12, 17, 19]]
[[2,6,14,18,22,72],[1, 2, 3, 4, 9, 10, 12, 17, 19]]
[[2,6,14,18,22,78],[0, 1, 7, 8, 9, 10, 14, 17, 18]]
[[2,6,14,18,22,66],[1, 3, 4, 7, 8, 9, 10, 14, 17, 19]]
[[2,6,14,18,22,66],[0, 3, 4, 9, 10, 11, 13, 14, 17, 18]]
[[2,6,14,18,37,96],[0, 1, 7, 8, 9, 10, 11, 13, 14, 17, 18]]
[[2,6,14,18,32,60],[1, 3, 7, 8, 9, 10, 11, 13, 14, 17, 19]]
[[2,6,14,18,12,84],[0, 2, 3, 5, 9, 10, 11, 12, 13, 14, 17, 19]]
[[2,6,14,18,42,42],[0, 3, 5, 9, 10, 15, 17, 18]]
[[2,6,14,18,37,66],[0, 1, 2, 4, 7, 8, 9, 10, 15, 17, 18]]
[[2,6,14,18,12,84],[0, 3, 4, 5, 7, 8, 9, 10, 12, 15, 17, 19]]
[[2,6,14,18,52,72],[1, 2, 3, 4, 5, 7, 8, 9, 10, 12, 15, 17, 19]]
[[2,6,14,18,7,72],[0, 2, 3, 4, 5, 7, 8, 9, 10, 12, 15, 17, 18]]
[[2,6,14,18,22,72],[0, 3, 5, 9, 10, 14, 15, 17, 18]]
[[2,6,14,18,37,60],[0, 3, 7, 8, 9, 10, 14, 15, 17, 19]]
[[2,6,14,18,17,60],[2, 7, 8, 9, 10, 12, 14, 15, 17, 18]]
[[2,6,14,18,7,72],[1, 2, 3, 5, 9, 10, 11, 12, 13, 14, 15, 17, 19]]
[[2,6,14,18,52,72],[0, 2, 3, 5, 9, 10, 11, 12, 13, 14, 15, 17, 18]]
[[2,6,14,18,22,78],[0, 1, 2, 3, 6, 8, 9, 12, 16, 17]]
[[2,6,14,18,12,84],[3, 4, 6, 7, 9, 11, 12, 13, 16, 17]]
[[2,6,14,18,32,60],[2, 3, 6, 8, 9, 11, 13, 14, 16, 17]]
[[2,6,14,18,37,60],[2, 3, 4, 5, 6, 8, 9, 11, 13, 14, 16, 17, 18, 19]]
[[2,6,14,18,22,72],[0, 1, 2, 3, 4, 6, 7, 9, 12, 14, 16, 17]]
[[2,6,14,18,22,66],[0, 2, 4, 5, 6, 7, 9, 12, 14, 16, 17, 18, 19]]
[[2,6,14,18,42,42],[0, 1, 3, 4, 5, 6, 8, 9, 12, 14, 16, 17]]
[[2,6,14,18,52,72],[0, 4, 6, 8, 9, 15, 16, 17, 18, 19]]
[[2,6,14,18,37,66],[0, 2, 6, 8, 9, 11, 13, 15, 16, 17]]
[[2,6,14,18,37,60],[0, 4, 6, 7, 9, 12, 15, 16, 17]]
[[2,6,14,18,7,72],[0, 1, 2, 3, 4, 5, 6, 7, 9, 12, 15, 16, 17]]
[[2,6,14,18,22,72],[0, 4, 5, 6, 8, 9, 12, 15, 16, 17, 18, 19]]
[[2,6,14,18,12,84],[0, 2, 4, 5, 6, 8, 9, 14, 15, 16, 17, 18, 19]]
[[2,6,14,18,52,72],[1, 2, 4, 5, 6, 7, 9, 11, 13, 14, 15, 16, 17]]
[[2,6,14,18,7,72],[3, 4, 6, 8, 9, 11, 12, 13, 14, 15, 16, 17, 18, 19]]
[[2,6,14,18,42,42],[0, 2, 4, 6, 7, 9, 16, 19]]
[[2,6,14,18,37,66],[0, 1, 3, 5, 6, 7, 9, 16, 19]]
[[2,6,14,18,17,60],[0, 1, 3, 4, 5, 6, 7, 9, 12, 16, 18]]
[[2,6,14,18,17,60],[0, 1, 2, 3, 4, 6, 8, 9, 11, 13, 14, 16, 19]]
[[2,6,14,18,37,96],[2, 3, 4, 5, 6, 7, 9, 11, 13, 15, 16, 18]]
[[2,6,14,18,22,66],[1, 4, 6, 8, 9, 11, 13, 15, 16, 18]]
[[2,6,14,18,22,78],[0, 5, 6, 7, 9, 11, 12, 13, 15, 16, 19]]
[[2,6,14,18,32,60],[1, 5, 6, 7, 9, 11, 13, 14, 15, 16, 19]]
[[2,6,14,18,37,96],[0, 1, 3, 4, 6, 8, 9, 11, 13, 14, 15, 16, 19]]
[[2,2,11,14,37,59],[0, 3, 4, 5, 6, 7, 9, 10, 11, 12, 14]]
[[2,2,11,14,22,107],[4, 6, 7, 9, 10, 11, 15]]
[[2,2,11,14,22,107],[1, 2, 3, 4, 6, 8, 9, 10, 11, 12, 14, 15]]
[[2,2,11,14,37,59],[0, 2, 3, 5, 6, 8, 9, 10, 11, 12, 14, 15]]
[[2,2,11,14,22,107],[0, 2, 3, 4, 6, 7, 9, 10, 12, 13, 17, 18]]
[[2,2,11,14,22,107],[0, 1, 2, 6, 8, 9, 10, 13, 14, 17, 19]]
[[2,2,11,14,37,59],[1, 3, 4, 6, 8, 9, 10, 13, 14, 17, 19]]
[[2,2,11,14,37,59],[1, 2, 3, 5, 6, 7, 9, 10, 13, 14, 15, 17, 18]]
[[2,2,11,14,37,59],[0, 2, 4, 5, 6, 7, 9, 11, 14, 18, 19]]
[[2,2,11,14,22,107],[0, 2, 6, 7, 9, 11, 12, 14, 18, 19]]
[[2,2,11,14,22,107],[0, 4, 5, 6, 8, 9, 11, 12, 14, 18, 19]]
[[2,2,11,14,37,59],[0, 2, 4, 6, 8, 9, 11, 14, 15, 18, 19]]
[[2,2,11,14,22,107],[0, 1, 2, 3, 4, 5, 6, 8, 9, 13, 17, 19]]
[[2,2,11,14,37,59],[0, 2, 4, 5, 6, 7, 9, 12, 13, 17, 18]]
[[2,2,11,14,22,107],[0, 2, 5, 6, 7, 9, 12, 13, 14, 17, 18]]
[[2,2,11,14,37,59],[0, 1, 2, 3, 6, 8, 9, 13, 14, 15, 17, 19]]
[[2,2,11,14,32,83],[0, 5, 6, 8, 9, 10]]
[[2,2,11,14,37,89],[3, 4, 6, 7, 9, 10, 12, 14, 18, 19]]
[[2,2,11,14,32,83],[0, 2, 6, 7, 9, 10, 15, 18, 19]]
[[2,2,11,14,37,53],[2, 3, 4, 5, 6, 8, 9, 10, 15, 18, 19]]
[[2,2,11,14,37,53],[0, 1, 2, 3, 6, 7, 9, 10, 14, 15, 18, 19]]
[[2,2,11,14,37,89],[0, 1, 2, 3, 6, 8, 9, 10, 12, 14, 15]]
[[2,2,11,14,37,89],[1, 3, 4, 6, 7, 9, 10, 18, 19]]
[[2,2,11,14,32,83],[1, 2, 3, 4, 6, 8, 9, 10]]
[[2,2,11,14,37,53],[1, 2, 3, 4, 6, 7, 9, 10, 14]]
[[2,2,11,14,37,53],[0, 1, 2, 4, 6, 8, 9, 10, 12, 14]]
[[2,2,11,14,32,83],[1, 3, 4, 5, 6, 7, 9, 10, 15, 18, 19]]
[[2,2,11,14,37,89],[1, 2, 3, 6, 8, 9, 10, 12, 15]]
[[2,2,11,14,32,83],[1, 2, 3, 9, 10, 17, 18]]
[[2,2,11,14,37,53],[0, 3, 4, 9, 10, 17, 18]]
[[2,2,11,14,37,53],[1, 3, 9, 10, 14, 17, 19]]
[[2,2,11,14,32,83],[1, 3, 9, 10, 15, 17, 18]]
[[2,2,11,14,37,89],[1, 2, 3, 5, 9, 10, 15, 17, 18]]
[[2,2,11,14,37,89],[1, 2, 3, 9, 10, 12, 15, 17, 18]]
[[2,2,11,14,37,53],[0, 1, 3, 5, 6, 7, 9, 16, 17, 18, 19]]
[[2,2,11,14,37,89],[0, 2, 4, 6, 8, 9, 15, 16, 17]]
[[2,2,11,14,37,89],[0, 4, 5, 6, 7, 9, 14, 16, 19]]
[[2,2,11,14,32,83],[0, 5, 6, 8, 9, 14, 16, 19]]
[[2,2,11,14,37,53],[0, 2, 6, 8, 9, 15, 16, 18]]
[[2,2,11,14,32,83],[0, 2, 6, 7, 9, 14, 15, 16, 18]]
[[2,8,14,16,52,68],[1, 2, 4, 6, 7, 9, 10, 12]]
[[2,8,14,16,22,50],[0, 2, 5, 6, 7, 9, 10, 12]]
[[2,8,14,16,47,80],[0, 2, 4, 6, 8, 9, 10, 12, 18, 19]]
[[2,8,14,16,22,74],[0, 1, 3, 4, 5, 6, 8, 9, 10, 14]]
[[2,8,14,16,32,50],[1, 2, 4, 6, 8, 9, 10, 11, 13, 14, 18, 19]]
[[2,8,14,16,22,50],[1, 6, 8, 9, 10, 11, 13, 15, 18, 19]]
[[2,8,14,16,52,68],[0, 4, 5, 6, 8, 9, 10, 11, 13, 15, 18, 19]]
[[2,8,14,16,32,68],[2, 3, 5, 6, 8, 9, 10, 11, 12, 13, 15]]
[[2,8,14,16,32,50],[1, 2, 4, 6, 7, 9, 10, 11, 12, 13, 14, 15, 18, 19]]
[[2,8,14,16,47,80],[1, 2, 5, 6, 7, 9, 10, 11, 12, 13, 17, 19]]
[[2,8,14,16,32,68],[0, 1, 2, 3, 5, 6, 7, 9, 10, 11, 12, 13, 14, 17, 18]]
[[2,8,14,16,22,74],[0, 1, 2, 3, 4, 6, 7, 9, 10, 11, 13, 15, 17, 19]]
[[2,8,14,16,32,68],[0, 1, 2, 4, 5, 6, 7, 9, 10, 11, 12, 13, 18, 19]]
[[2,8,14,16,32,50],[6, 8, 9, 10, 11, 12, 13]]
[[2,8,14,16,22,50],[5, 6, 7, 9, 10, 11, 13, 14]]
[[2,8,14,16,52,68],[4, 6, 7, 9, 10, 11, 12, 13, 14]]
[[2,8,14,16,22,74],[0, 2, 3, 5, 6, 7, 9, 10, 15, 18, 19]]
[[2,8,14,16,47,80],[0, 3, 4, 5, 6, 7, 9, 10, 15]]
[[2,8,14,16,52,68],[0, 1, 2, 4, 5, 6, 8, 9, 10, 14, 15, 18, 19]]
[[2,8,14,16,32,50],[0, 3, 4, 5, 6, 7, 9, 10, 11, 13, 14, 15]]
[[2,8,14,16,22,50],[0, 1, 2, 6, 8, 9, 10, 12, 14, 15, 18, 19]]
[[2,8,14,16,47,80],[4, 5, 6, 8, 9, 10, 11, 13, 17, 18]]
[[2,8,14,16,32,68],[0, 2, 3, 6, 8, 9, 10, 11, 13, 14, 17, 19]]
[[2,8,14,16,22,74],[0, 3, 6, 8, 9, 10, 11, 12, 13, 15, 17, 18]]
[[2,8,14,16,22,74],[0, 2, 3, 4, 5, 9, 10, 11, 12, 13, 18, 19]]
[[2,8,14,16,32,68],[0, 2, 3, 5, 7, 8, 9, 10, 11, 13, 14, 15, 18, 19]]
[[2,8,14,16,47,80],[1, 2, 3, 4, 5, 9, 10, 11, 12, 13, 14, 15, 18, 19]]
[[2,8,14,16,52,68],[0, 2, 3, 7, 8, 9, 10, 12, 17, 18]]
[[2,8,14,16,22,50],[1, 2, 3, 9, 10, 11, 12, 13, 17, 19]]
[[2,8,14,16,32,50],[1, 3, 4, 7, 8, 9, 10, 11, 13, 14, 17, 19]]
[[2,8,14,16,32,50],[0, 3, 4, 7, 8, 9, 10, 11, 13, 14, 17, 18]]
[[2,8,14,16,22,50],[0, 3, 5, 7, 8, 9, 10, 15, 17, 18]]
[[2,8,14,16,52,68],[1, 3, 5, 9, 10, 11, 13, 15, 17, 19]]
[[2,8,14,16,32,68],[0, 1, 2, 4, 7, 8, 9, 10, 11, 12, 13, 15, 17, 19]]
[[2,8,14,16,22,74],[0, 1, 5, 7, 8, 9, 10, 12, 14, 15, 17, 19]]
[[2,8,14,16,47,80],[0, 1, 2, 4, 5, 7, 8, 9, 10, 12, 14, 15, 17, 18]]
[[2,8,14,16,52,68],[0, 1, 2, 3, 5, 6, 8, 9, 12, 16, 17, 18, 19]]
[[2,8,14,16,22,74],[0, 5, 6, 8, 9, 11, 12, 13, 16, 17]]
[[2,8,14,16,52,68],[3, 6, 7, 9, 11, 13, 15, 16, 17]]
[[2,8,14,16,32,68],[0, 1, 3, 6, 8, 9, 11, 12, 13, 15, 16, 17]]
[[2,8,14,16,22,74],[0, 2, 6, 7, 9, 16, 19]]
[[2,8,14,16,32,68],[1, 2, 5, 6, 7, 9, 11, 13, 16, 19]]
[[2,8,14,16,47,80],[0, 2, 6, 8, 9, 11, 13, 14, 16, 19]]
[[2,8,14,16,47,80],[0, 1, 3, 5, 6, 7, 9, 12, 14, 16, 18]]
[[2,8,14,16,22,50],[0, 1, 2, 3, 5, 6, 8, 9, 12, 14, 16, 19]]
[[2,8,14,16,22,50],[3, 6, 7, 9, 11, 13, 14, 15, 16, 18]]
[[2,8,14,16,32,50],[1, 2, 6, 8, 9, 11, 13, 14, 15, 16, 19]]
[[2,8,14,16,32,50],[3, 5, 6, 7, 9, 11, 12, 13, 14, 15, 16, 18]]
[[2,4,11,12,17,109],[0, 1, 2, 5, 6, 7, 9, 10, 11, 12, 14, 18, 19]]
[[2,4,11,12,22,61],[1, 2, 3, 5, 6, 7, 9, 10, 11, 15]]
[[2,4,11,12,32,91],[1, 2, 3, 4, 5, 6, 8, 9, 10, 11, 15]]
[[2,4,11,12,32,91],[2, 6, 7, 9, 10, 11, 12, 14, 15]]
[[2,4,11,12,17,109],[0, 1, 2, 5, 6, 7, 9, 10, 11, 12, 14, 15]]
[[2,4,11,12,22,61],[2, 4, 5, 6, 7, 9, 10, 11, 12, 14, 15, 18, 19]]
[[2,4,11,12,22,61],[0, 1, 5, 6, 8, 9, 10, 12, 13, 17, 18]]
[[2,4,11,12,32,91],[0, 1, 4, 5, 6, 8, 9, 10, 12, 13, 17, 18]]
[[2,4,11,12,32,91],[0, 2, 3, 4, 6, 7, 9, 10, 13, 14, 17, 19]]
[[2,4,11,12,17,109],[4, 6, 8, 9, 10, 13, 14, 17, 19]]
[[2,4,11,12,22,61],[0, 2, 3, 5, 6, 8, 9, 10, 13, 14, 17, 18]]
[[2,4,11,12,17,109],[4, 5, 6, 8, 9, 10, 13, 14, 15, 17, 19]]
[[2,4,11,12,17,109],[0, 2, 6, 8, 9, 11, 12, 18, 19]]
[[2,4,11,12,32,91],[0, 1, 3, 5, 6, 7, 9, 11, 12, 14, 18, 19]]
[[2,4,11,12,22,61],[0, 1, 2, 3, 6, 8, 9, 11, 12, 14, 18, 19]]
[[2,4,11,12,32,91],[0, 1, 3, 5, 6, 8, 9, 11, 12, 14, 18, 19]]
[[2,4,11,12,22,61],[0, 1, 2, 3, 5, 6, 8, 9, 11, 12, 14]]
[[2,4,11,12,17,109],[0, 4, 5, 6, 8, 9, 11, 12, 15]]
[[2,4,11,12,32,91],[0, 2, 5, 6, 7, 9, 13, 17, 19]]
[[2,4,11,12,22,61],[0, 2, 4, 5, 6, 7, 9, 13, 17, 19]]
[[2,4,11,12,17,109],[0, 1, 2, 3, 4, 5, 6, 7, 9, 12, 13, 17, 18]]
[[2,4,11,12,22,61],[0, 1, 3, 4, 5, 6, 7, 9, 12, 13, 14, 17, 19]]
[[2,4,11,12,32,91],[0, 1, 3, 6, 8, 9, 12, 13, 14, 17, 18]]
[[2,4,11,12,17,109],[0, 4, 6, 7, 9, 13, 14, 15, 17, 18]]
[[2,4,11,12,12,103],[1, 5, 6, 7, 9, 10, 11, 12, 13, 17, 18, 19]]
[[2,4,11,12,17,103],[0, 1, 2, 3, 6, 8, 9, 10, 11, 12, 13, 17]]
[[2,4,11,12,12,103],[2, 3, 4, 5, 6, 8, 9, 10, 11, 13, 14, 15, 17]]
[[2,4,11,12,17,103],[1, 4, 6, 7, 9, 10, 11, 12, 13, 14, 15, 17, 18, 19]]
[[2,4,11,12,12,103],[0, 4, 6, 7, 9, 10, 15, 19]]
[[2,4,11,12,17,103],[0, 5, 6, 7, 9, 10, 12, 15, 19]]
[[2,4,11,12,12,103],[2, 3, 6, 8, 9, 10, 12, 15, 18]]
[[2,4,11,12,17,103],[0, 1, 2, 3, 4, 5, 6, 8, 9, 10, 12, 15, 18]]
[[2,4,11,12,17,85],[0, 5, 6, 7, 9, 10]]
[[2,4,11,12,32,61],[2, 3, 6, 7, 9, 10, 12]]
[[2,4,11,12,27,73],[0, 1, 2, 3, 4, 5, 6, 7, 9, 10, 14, 18, 19]]
[[2,4,11,12,37,79],[0, 2, 4, 6, 7, 9, 10, 12, 14, 18, 19]]
[[2,4,11,12,22,97],[1, 2, 4, 5, 6, 7, 9, 10, 12, 14, 18, 19]]
[[2,4,11,12,32,61],[3, 4, 6, 8, 9, 10, 11, 12, 13, 14, 18, 19]]
[[2,4,11,12,47,73],[2, 3, 4, 5, 6, 7, 9, 10, 15, 18, 19]]
[[2,4,11,12,17,103],[0, 1, 3, 5, 6, 8, 9, 10, 15, 18, 19]]
[[2,4,11,12,27,73],[0, 1, 2, 3, 6, 8, 9, 10, 11, 13, 14, 15, 18, 19]]
[[2,4,11,12,37,85],[0, 1, 2, 3, 6, 7, 9, 10, 12, 14, 15]]
[[2,4,11,12,22,97],[1, 4, 6, 8, 9, 10, 12, 14, 15]]
[[2,4,11,12,17,85],[1, 2, 4, 5, 6, 8, 9, 10, 11, 12, 13, 17, 19]]
[[2,4,11,12,37,79],[1, 2, 5, 6, 8, 9, 10, 11, 12, 13, 14, 17, 19]]
[[2,4,11,12,47,73],[2, 3, 4, 5, 6, 8, 9, 10, 11, 12, 13, 14, 17, 19]]
[[2,4,11,12,17,103],[0, 1, 2, 3, 6, 7, 9, 10, 11, 12, 13, 15, 17, 18]]
[[2,4,11,12,37,85],[0, 1, 3, 5, 6, 8, 9, 10, 11, 13, 14, 15, 17, 19]]
[[2,4,11,12,17,103],[2, 6, 7, 9, 10]]
[[2,4,11,12,27,73],[0, 2, 3, 5, 6, 7, 9, 10, 11, 13]]
[[2,4,11,12,47,73],[2, 5, 6, 8, 9, 10, 12]]
[[2,4,11,12,22,97],[1, 3, 6, 7, 9, 10, 14, 18, 19]]
[[2,4,11,12,37,85],[5, 6, 8, 9, 10, 12, 14, 18, 19]]
[[2,4,11,12,37,79],[6, 8, 9, 10, 15]]
[[2,4,11,12,32,61],[0, 1, 5, 6, 8, 9, 10, 12, 15, 18, 19]]
[[2,4,11,12,22,97],[1, 2, 3, 5, 6, 8, 9, 10, 14, 15]]
[[2,4,11,12,32,61],[2, 4, 5, 6, 7, 9, 10, 11, 13, 14, 15]]
[[2,4,11,12,17,85],[6, 8, 9, 10, 12, 14, 15, 18, 19]]
[[2,4,11,12,27,73],[0, 1, 2, 5, 6, 8, 9, 10, 12, 14, 15]]
[[2,4,11,12,37,79],[0, 3, 6, 7, 9, 10, 11, 13, 17, 18]]
[[2,4,11,12,17,85],[2, 4, 6, 7, 9, 10, 11, 13, 17, 18]]
[[2,4,11,12,47,73],[0, 2, 3, 4, 6, 7, 9, 10, 11, 12, 13, 14, 17, 18]]
[[2,4,11,12,37,85],[2, 6, 7, 9, 10, 11, 12, 13, 15, 17, 18]]
[[2,4,11,12,17,103],[5, 6, 8, 9, 10, 11, 13, 14, 15, 17, 19]]
[[2,4,11,12,17,103],[0, 1, 3, 4, 6, 7, 8, 10, 14, 18, 19]]
[[2,4,11,12,17,103],[0, 4, 6, 7, 8, 10, 14, 18, 19]]
[[2,4,11,12,12,103],[3, 4, 5, 6, 7, 8, 10, 12, 15, 18, 19]]
[[2,4,11,12,12,103],[0, 1, 2, 3, 4, 5, 6, 7, 8, 10, 12, 14, 15, 18, 19]]
[[2,4,11,12,17,103],[2, 3, 4, 6, 10, 11, 13, 17, 19]]
[[2,4,11,12,12,103],[2, 3, 6, 10, 11, 13, 14, 17, 19]]
[[2,4,11,12,17,103],[0, 1, 2, 3, 5, 6, 10, 11, 12, 13, 15, 17, 19]]
[[2,4,11,12,12,103],[1, 4, 5, 6, 10, 11, 12, 13, 15, 17, 19]]
[[2,4,11,12,37,79],[0, 3, 9, 10, 11, 13]]
[[2,4,11,12,47,73],[0, 3, 5, 9, 10, 11, 12, 13, 14]]
[[2,4,11,12,17,103],[1, 2, 3, 9, 10, 11, 12, 13, 15]]
[[2,4,11,12,37,85],[1, 2, 3, 4, 5, 9, 10, 11, 13, 14, 15]]
[[2,4,11,12,17,85],[1, 3, 4, 5, 9, 10, 11, 12, 13, 14, 15]]
[[2,4,11,12,37,79],[7, 8, 9, 10, 17, 19]]
[[2,4,11,12,27,73],[0, 2, 3, 9, 10, 11, 13, 17, 19]]
[[2,4,11,12,47,73],[4, 5, 7, 8, 9, 10, 12, 17, 19]]
[[2,4,11,12,22,97],[1, 2, 3, 4, 9, 10, 14, 17, 18]]
[[2,4,11,12,32,61],[0, 2, 3, 5, 7, 8, 9, 10, 14, 17, 18]]
[[2,4,11,12,17,85],[2, 4, 5, 7, 8, 9, 10, 12, 14, 17, 18]]
[[2,4,11,12,27,73],[0, 3, 7, 8, 9, 10, 15, 17, 19]]
[[2,4,11,12,17,103],[2, 5, 7, 8, 9, 10, 15, 17, 18]]
[[2,4,11,12,32,61],[1, 3, 4, 9, 10, 11, 12, 13, 15, 17, 19]]
[[2,4,11,12,22,97],[1, 3, 4, 9, 10, 14, 15, 17, 18]]
[[2,4,11,12,37,85],[2, 4, 7, 8, 9, 10, 12, 14, 15, 17, 18]]
[[2,4,11,12,32,61],[0, 1, 2, 3, 5, 6, 8, 9, 14, 16, 17]]
[[2,4,11,12,27,73],[3, 4, 6, 7, 9, 11, 13, 14, 16, 17, 18, 19]]
[[2,4,11,12,22,97],[0, 2, 6, 7, 9, 12, 14, 16, 17]]
[[2,4,11,12,47,73],[0, 2, 6, 8, 9, 12, 14, 16, 17]]
[[2,4,11,12,17,103],[0, 1, 2, 3, 4, 6, 8, 9, 11, 13, 15, 16, 17]]
[[2,4,11,12,22,97],[0, 5, 6, 8, 9, 12, 14, 15, 16, 17, 18, 19]]
[[2,4,11,12,37,85],[0, 1, 3, 4, 5, 6, 7, 9, 11, 12, 13, 14, 15, 16, 17, 18, 19]]
[[2,4,11,12,27,73],[0, 2, 4, 5, 6, 8, 9, 16, 18]]
[[2,4,11,12,37,85],[0, 1, 2, 3, 4, 6, 8, 9, 12, 16, 18]]
[[2,4,11,12,17,85],[0, 1, 2, 3, 6, 7, 9, 11, 12, 13, 16, 18]]
[[2,4,11,12,17,103],[0, 1, 3, 4, 5, 6, 7, 9, 14, 16, 19]]
[[2,4,11,12,32,61],[3, 6, 7, 9, 11, 13, 14, 16, 19]]
[[2,4,11,12,37,79],[0, 1, 3, 5, 6, 7, 9, 11, 13, 15, 16, 18]]
[[2,4,11,12,37,79],[0, 2, 6, 8, 9, 12, 15, 16, 19]]
[[2,4,11,12,17,85],[0, 1, 3, 5, 6, 8, 9, 12, 15, 16, 19]]
[[2,4,11,12,47,73],[0, 1, 3, 5, 6, 7, 9, 11, 12, 13, 14, 15, 16, 19]]
[[2,8,14,20,42,68],[0, 1, 2, 4, 5, 6, 7, 9, 10, 11, 12, 14, 18, 19]]
[[2,8,14,20,7,68],[0, 1, 5, 6, 8, 9, 10, 11, 12, 14]]
[[2,8,14,20,7,68],[0, 1, 6, 7, 9, 10, 11, 12, 14, 15]]
[[2,8,14,20,42,68],[0, 1, 2, 4, 6, 8, 9, 10, 11, 12, 14, 15, 18, 19]]
[[2,8,14,20,7,68],[2, 4, 5, 6, 7, 9, 10, 13, 14, 17, 19]]
[[2,8,14,20,42,68],[5, 6, 8, 9, 10, 13, 14, 17, 18]]
[[2,8,14,20,42,68],[5, 6, 7, 9, 10, 13, 14, 15, 17, 19]]
[[2,8,14,20,7,68],[2, 4, 5, 6, 8, 9, 10, 13, 14, 15, 17, 18]]
[[2,8,14,20,42,68],[0, 1, 3, 4, 5, 6, 7, 9, 11, 14]]
[[2,8,14,20,7,68],[0, 1, 2, 3, 5, 6, 8, 9, 11, 14, 18, 19]]
[[2,8,14,20,7,68],[0, 1, 3, 4, 5, 6, 7, 9, 11, 14, 15, 18, 19]]
[[2,8,14,20,42,68],[0, 1, 2, 3, 5, 6, 8, 9, 11, 14, 15]]
[[2,8,14,20,42,68],[0, 1, 3, 4, 5, 6, 7, 9, 12, 13, 17, 19]]
[[2,8,14,20,7,68],[0, 1, 2, 3, 5, 6, 8, 9, 12, 13, 17, 18]]
[[2,8,14,20,7,68],[0, 5, 6, 7, 9, 13, 14, 15, 17, 19]]
[[2,8,14,20,42,68],[0, 2, 4, 5, 6, 8, 9, 13, 14, 15, 17, 18]]
[[2,8,14,20,12,62],[0, 1, 3, 6, 7, 9, 10, 11, 13, 18, 19]]
[[2,8,14,20,57,44],[1, 4, 5, 6, 7, 9, 10, 11, 12, 13]]
[[2,8,14,20,17,74],[0, 4, 6, 8, 9, 10, 11, 12, 13]]
[[2,8,14,20,37,104],[3, 6, 7, 9, 10, 11, 13, 14]]
[[2,8,14,20,42,56],[0, 2, 4, 5, 6, 7, 9, 10, 11, 13, 14, 18, 19]]
[[2,8,14,20,52,68],[1, 6, 8, 9, 10, 11, 13, 14]]
[[2,8,14,20,47,44],[2, 3, 5, 6, 8, 9, 10, 11, 13, 14]]
[[2,8,14,20,22,62],[3, 4, 5, 6, 8, 9, 10, 11, 13, 14, 18, 19]]
[[2,8,14,20,37,92],[0, 6, 8, 9, 10, 11, 12, 13, 14]]
[[2,8,14,20,57,44],[1, 4, 5, 6, 8, 9, 10, 11, 13, 15]]
[[2,8,14,20,37,56],[1, 2, 5, 6, 7, 9, 10, 11, 12, 13, 15]]
[[2,8,14,20,17,74],[0, 2, 4, 5, 6, 7, 9, 10, 11, 12, 13, 15, 18, 19]]
[[2,8,14,20,12,62],[3, 4, 5, 6, 8, 9, 10, 11, 12, 13, 15, 18, 19]]
[[2,8,14,20,37,92],[0, 6, 7, 9, 10, 11, 13, 14, 15]]
[[2,8,14,20,42,56],[0, 4, 6, 8, 9, 10, 11, 13, 14, 15]]
[[2,8,14,20,22,62],[0, 1, 3, 6, 7, 9, 10, 11, 12, 13, 14, 15, 18, 19]]
[[2,8,14,20,22,68],[3, 4, 6, 8, 9, 10, 11, 13, 17, 18]]
[[2,8,14,20,22,68],[0, 1, 3, 5, 6, 7, 9, 10, 11, 13, 14, 17, 18]]
[[2,8,14,20,37,104],[0, 1, 2, 3, 5, 6, 8, 9, 10, 11, 13, 14, 17, 19]]
[[2,8,14,20,47,44],[0, 1, 2, 3, 5, 6, 7, 9, 10, 11, 13, 15, 17, 18]]
[[2,8,14,20,52,68],[1, 4, 5, 6, 7, 9, 10, 11, 13, 15, 17, 18]]
[[2,8,14,20,37,56],[1, 4, 5, 6, 8, 9, 10, 11, 12, 13, 15, 17, 19]]
[[2,8,14,20,17,74],[0, 2, 3, 5, 6, 8, 9, 10, 11, 13]]
[[2,8,14,20,12,62],[0, 3, 4, 6, 7, 9, 10, 11, 13, 14]]
[[2,8,14,20,57,44],[2, 5, 6, 7, 9, 10, 11, 13, 14, 18, 19]]
[[2,8,14,20,37,56],[0, 1, 2, 6, 8, 9, 10, 11, 13, 14, 18, 19]]
[[2,8,14,20,42,56],[0, 3, 6, 7, 9, 10, 11, 12, 13, 14, 18, 19]]
[[2,8,14,20,22,62],[4, 6, 8, 9, 10, 11, 12, 13, 14]]
[[2,8,14,20,37,92],[0, 2, 3, 5, 6, 8, 9, 10, 11, 12, 13, 14, 18, 19]]
[[2,8,14,20,17,74],[0, 3, 6, 7, 9, 10, 11, 13, 15, 18, 19]]
[[2,8,14,20,37,92],[2, 4, 6, 7, 9, 10, 11, 13, 15, 18, 19]]
[[2,8,14,20,12,62],[4, 6, 8, 9, 10, 11, 13, 15]]
[[2,8,14,20,22,62],[0, 3, 4, 6, 7, 9, 10, 11, 12, 13, 15]]
[[2,8,14,20,52,68],[0, 1, 2, 4, 6, 7, 9, 10, 11, 12, 13, 15, 18, 19]]
[[2,8,14,20,57,44],[0, 2, 3, 4, 6, 8, 9, 10, 11, 12, 13, 15, 18, 19]]
[[2,8,14,20,47,44],[0, 1, 2, 4, 5, 6, 7, 9, 10, 11, 13, 14, 15, 18, 19]]
[[2,8,14,20,37,104],[0, 1, 2, 5, 6, 8, 9, 10, 11, 13, 14, 15, 18, 19]]
[[2,8,14,20,42,56],[0, 2, 3, 5, 6, 8, 9, 10, 11, 12, 13, 14, 15]]
[[2,8,14,20,37,104],[6, 7, 9, 10, 11, 12, 13, 17, 18]]
[[2,8,14,20,22,68],[1, 3, 6, 8, 9, 10, 11, 13, 14, 17, 19]]
[[2,8,14,20,22,68],[0, 1, 6, 7, 9, 10, 11, 12, 13, 14, 17, 19]]
[[2,8,14,20,37,56],[4, 6, 7, 9, 10, 11, 13, 15, 17, 18]]
[[2,8,14,20,47,44],[0, 2, 3, 6, 8, 9, 10, 11, 12, 13, 15, 17, 19]]
[[2,8,14,20,52,68],[0, 2, 3, 4, 6, 8, 9, 10, 11, 12, 13, 14, 15, 17, 19]]
[[2,8,14,20,47,44],[0, 3, 4, 7, 8, 9, 10, 11, 12, 13, 18, 19]]
[[2,8,14,20,22,68],[4, 5, 7, 8, 9, 10, 11, 12, 13, 18, 19]]
[[2,8,14,20,37,104],[1, 3, 4, 7, 8, 9, 10, 11, 13, 14, 18, 19]]
[[2,8,14,20,37,56],[1, 2, 3, 4, 7, 8, 9, 10, 11, 12, 13, 14, 18, 19]]
[[2,8,14,20,22,68],[0, 1, 5, 7, 8, 9, 10, 11, 12, 13, 14]]
[[2,8,14,20,52,68],[0, 3, 5, 7, 8, 9, 10, 11, 12, 13, 14, 15, 18, 19]]
[[2,8,14,20,17,74],[0, 2, 3, 7, 8, 9, 10, 11, 13, 17, 19]]
[[2,8,14,20,22,62],[0, 2, 3, 7, 8, 9, 10, 11, 12, 13, 17, 18]]
[[2,8,14,20,57,44],[1, 3, 5, 7, 8, 9, 10, 11, 12, 13, 17, 19]]
[[2,8,14,20,57,44],[0, 3, 5, 7, 8, 9, 10, 11, 12, 13, 17, 18]]
[[2,8,14,20,52,68],[0, 1, 2, 4, 5, 7, 8, 9, 10, 11, 12, 13, 17, 19]]
[[2,8,14,20,37,104],[0, 1, 4, 7, 8, 9, 10, 11, 13, 14, 17, 18]]
[[2,8,14,20,47,44],[0, 1, 5, 7, 8, 9, 10, 11, 13, 14, 17, 19]]
[[2,8,14,20,12,62],[1, 2, 3, 4, 7, 8, 9, 10, 11, 12, 13, 14, 17, 19]]
[[2,8,14,20,37,92],[1, 3, 4, 5, 7, 8, 9, 10, 11, 12, 13, 14, 17, 19]]
[[2,8,14,20,37,92],[0, 3, 4, 5, 7, 8, 9, 10, 11, 12, 13, 14, 17, 18]]
[[2,8,14,20,42,56],[0, 2, 3, 4, 5, 7, 8, 9, 10, 11, 12, 13, 14, 17, 19]]
[[2,8,14,20,17,74],[0, 3, 7, 8, 9, 10, 11, 13, 15, 17, 19]]
[[2,8,14,20,22,62],[1, 3, 5, 7, 8, 9, 10, 11, 13, 15, 17, 19]]
[[2,8,14,20,37,56],[0, 1, 4, 5, 7, 8, 9, 10, 11, 13, 14, 15, 17, 18]]
[[2,8,14,20,12,62],[0, 3, 4, 5, 7, 8, 9, 10, 11, 13, 14, 15, 17, 18]]
[[2,8,14,20,42,56],[0, 3, 4, 5, 7, 8, 9, 10, 11, 12, 13, 14, 15, 17, 19]]
[[2,8,14,20,37,92],[1, 5, 6, 7, 9, 11, 13, 16, 17]]
[[2,8,14,20,12,62],[1, 4, 5, 6, 8, 9, 11, 13, 16, 17]]
[[2,8,14,20,37,92],[2, 3, 6, 8, 9, 11, 12, 13, 16, 17, 18, 19]]
[[2,8,14,20,17,74],[1, 5, 6, 8, 9, 11, 12, 13, 16, 17, 18, 19]]
[[2,8,14,20,42,56],[1, 2, 6, 7, 9, 11, 13, 14, 16, 17]]
[[2,8,14,20,47,44],[0, 1, 3, 6, 8, 9, 11, 13, 14, 16, 17]]
[[2,8,14,20,37,104],[0, 1, 2, 3, 4, 5, 6, 7, 9, 11, 12, 13, 14, 16, 17, 18, 19]]
[[2,8,14,20,22,68],[0, 1, 2, 3, 6, 8, 9, 11, 12, 13, 14, 16, 17]]
[[2,8,14,20,17,74],[1, 2, 6, 7, 9, 11, 12, 13, 15, 16, 17]]
[[2,8,14,20,42,56],[1, 5, 6, 8, 9, 11, 13, 14, 15, 16, 17, 18, 19]]
[[2,8,14,20,22,62],[1, 4, 5, 6, 8, 9, 11, 12, 13, 14, 15, 16, 17]]
[[2,8,14,20,37,56],[2, 3, 5, 6, 8, 9, 11, 13, 16, 19]]
[[2,8,14,20,12,62],[2, 3, 4, 6, 7, 9, 11, 12, 13, 14, 16, 19]]
[[2,8,14,20,52,68],[0, 1, 2, 3, 4, 5, 6, 8, 9, 11, 12, 13, 14, 16, 19]]
[[2,8,14,20,52,68],[1, 4, 6, 7, 9, 11, 13, 15, 16, 18]]
[[2,8,14,20,22,62],[2, 3, 4, 6, 7, 9, 11, 13, 15, 16, 19]]
[[2,8,14,20,57,44],[2, 3, 6, 8, 9, 11, 13, 15, 16, 19]]
[[2,8,14,20,37,104],[3, 4, 6, 8, 9, 11, 13, 15, 16, 18]]
[[2,8,14,20,37,56],[0, 1, 3, 6, 7, 9, 11, 12, 13, 15, 16, 18]]
[[2,8,14,20,57,44],[1, 5, 6, 7, 9, 11, 12, 13, 15, 16, 18]]
[[2,8,14,20,22,68],[0, 5, 6, 7, 9, 11, 12, 13, 14, 15, 16, 19]]
[[2,8,14,20,47,44],[1, 2, 5, 6, 7, 9, 11, 12, 13, 14, 15, 16, 19]]
[[2,8,20,36,22,92],[0, 1, 4, 6, 8, 9, 10, 11, 12, 14, 18, 19]]
[[2,8,20,36,22,92],[0, 1, 4, 6, 8, 9, 10, 11, 12, 14, 15]]
[[2,8,20,36,22,92],[2, 5, 6, 7, 9, 10, 13, 14, 17, 19]]
[[2,8,20,36,22,92],[2, 6, 7, 9, 10, 13, 14, 15, 17, 19]]
[[2,8,20,36,22,92],[0, 1, 3, 6, 7, 9, 11, 14, 18, 19]]
[[2,8,20,36,22,92],[0, 1, 2, 3, 4, 5, 6, 7, 9, 11, 14, 15]]
[[2,8,20,36,22,92],[0, 4, 5, 6, 8, 9, 13, 14, 17, 18]]
[[2,8,20,36,22,92],[0, 1, 2, 3, 4, 6, 8, 9, 12, 13, 15, 17, 18]]
[[2,4,26,20,22,58],[0, 3, 4, 5, 6, 8, 9, 10, 11, 12, 14]]
[[2,4,26,20,22,58],[0, 2, 3, 5, 6, 7, 9, 10, 11, 12, 14, 15]]
[[2,4,26,20,22,58],[1, 3, 4, 6, 7, 9, 10, 13, 14, 17, 19]]
[[2,4,26,20,22,58],[1, 2, 3, 5, 6, 8, 9, 10, 13, 14, 15, 17, 18]]
[[2,4,26,20,22,58],[0, 1, 2, 3, 6, 8, 9, 11, 12, 18, 19]]
[[2,4,26,20,22,58],[0, 1, 2, 3, 5, 6, 7, 9, 11, 12, 15, 18, 19]]
[[2,4,26,20,22,58],[0, 1, 2, 3, 6, 8, 9, 13, 14, 17, 18]]
[[2,4,26,20,22,58],[0, 2, 4, 5, 6, 7, 9, 12, 13, 15, 17, 19]]
[[2,6,26,30,27,66],[6, 7, 9, 10, 12, 13, 14]]
[[2,6,26,30,27,66],[2, 4, 5, 6, 8, 9, 10, 12, 13, 14]]
[[2,6,26,30,27,66],[0, 1, 4, 5, 6, 7, 9, 10, 11, 14, 15]]
[[2,6,26,30,27,66],[0, 1, 2, 6, 8, 9, 10, 11, 14, 15]]
[[2,6,26,30,27,66],[1, 4, 6, 7, 9, 11, 12, 18, 19]]
[[2,6,26,30,27,66],[2, 3, 4, 6, 8, 9, 11, 14, 18, 19]]
[[2,6,26,30,27,66],[0, 5, 6, 7, 9, 13, 15, 18, 19]]
[[2,6,26,30,27,66],[0, 1, 2, 3, 5, 6, 8, 9, 12, 13, 14, 15, 18, 19]]
[[2,2,26,22,42,92],[1, 2, 3, 5, 6, 7, 9, 10, 12, 13, 14]]
[[2,2,26,22,42,92],[1, 2, 3, 5, 6, 8, 9, 10, 12, 13, 14]]
[[2,2,26,22,42,92],[0, 2, 3, 4, 6, 7, 9, 10, 11, 14, 15]]
[[2,2,26,22,42,92],[0, 2, 3, 4, 6, 8, 9, 10, 11, 14, 15]]
[[2,2,26,22,42,92],[2, 3, 4, 5, 6, 8, 9, 11, 12, 18, 19]]
[[2,2,26,22,42,92],[1, 2, 6, 7, 9, 11, 14, 18, 19]]
[[2,2,26,22,42,92],[0, 1, 2, 3, 6, 8, 9, 13, 15, 18, 19]]
[[2,2,26,22,42,92],[0, 2, 4, 5, 6, 7, 9, 12, 13, 14, 15, 18, 19]]
[[2,8,17,16,32,53],[2, 6, 8, 9, 10, 12, 13, 14, 18, 19]]
[[2,8,17,16,32,53],[4, 6, 8, 9, 10, 12, 13, 14]]
[[2,8,17,16,32,53],[0, 1, 5, 6, 7, 9, 10, 11, 14, 15]]
[[2,8,17,16,32,53],[0, 1, 2, 4, 5, 6, 7, 9, 10, 11, 14, 15, 18, 19]]
[[2,8,17,16,32,53],[1, 6, 8, 9, 11, 12, 18, 19]]
[[2,8,17,16,32,53],[2, 3, 5, 6, 8, 9, 11, 14]]
[[2,8,17,16,32,53],[0, 2, 5, 6, 7, 9, 13, 15]]
[[2,8,17,16,32,53],[0, 1, 3, 6, 7, 9, 12, 13, 14, 15, 18, 19]]
[[2,8,17,16,42,53],[2, 3, 4, 6, 7, 9, 10, 11, 12, 13]]
[[2,8,17,16,37,65],[1, 6, 7, 9, 10, 15, 18, 19]]
[[2,8,17,16,42,53],[0, 1, 2, 3, 5, 6, 8, 9, 10, 11, 13, 15]]
[[2,8,17,16,37,65],[1, 2, 5, 6, 8, 9, 10, 12, 14, 15]]
[[2,8,17,16,42,53],[2, 4, 5, 6, 7, 9, 10, 11, 13, 18, 19]]
[[2,8,17,16,37,65],[1, 3, 4, 6, 8, 9, 10, 12]]
[[2,8,17,16,37,65],[1, 2, 3, 4, 5, 6, 7, 9, 10, 14, 18, 19]]
[[2,8,17,16,42,53],[0, 2, 3, 4, 5, 6, 8, 9, 10, 11, 13, 14, 15, 18, 19]]
[[2,8,17,16,37,65],[1, 3, 4, 9, 10, 12, 17, 18]]
[[2,8,17,16,37,65],[1, 3, 5, 9, 10, 14, 17, 18]]
[[2,8,17,16,42,53],[0, 2, 3, 4, 5, 7, 8, 9, 10, 11, 13, 14, 17, 18]]
[[2,8,17,16,42,53],[1, 3, 4, 7, 8, 9, 10, 11, 12, 13, 14, 15, 17, 19]]
[[2,8,17,16,37,65],[0, 2, 4, 6, 8, 9, 16, 17, 18, 19]]
[[2,8,17,16,37,65],[0, 4, 5, 6, 7, 9, 12, 14, 16, 17]]
[[2,8,17,16,42,53],[1, 2, 4, 6, 7, 9, 11, 13, 15, 16, 17, 18, 19]]
[[2,8,17,16,42,53],[3, 4, 5, 6, 8, 9, 11, 12, 13, 14, 15, 16, 18]]
[[2,4,11,20,22,115],[1, 3, 4, 6, 7, 9, 10, 11, 15]]
[[2,4,11,20,22,115],[6, 7, 9, 10, 11, 12, 14, 15, 18, 19]]
[[2,4,11,20,22,115],[0, 1, 2, 4, 6, 8, 9, 10, 12, 13, 17, 18]]
[[2,4,11,20,22,115],[0, 3, 4, 6, 8, 9, 10, 13, 14, 17, 18]]
[[2,4,11,20,22,115],[0, 1, 3, 4, 6, 8, 9, 11, 12, 14]]
[[2,4,11,20,22,115],[0, 1, 3, 4, 5, 6, 8, 9, 11, 12, 14, 18, 19]]
[[2,4,11,20,22,115],[0, 6, 7, 9, 13, 17, 19]]
[[2,4,11,20,22,115],[0, 1, 2, 3, 6, 7, 9, 12, 13, 14, 17, 19]]
[[2,4,11,20,42,85],[1, 2, 6, 8, 9, 10, 11, 13, 14, 17]]
[[2,4,11,20,22,103],[0, 1, 3, 5, 6, 8, 9, 10, 11, 12, 13, 14, 17]]
[[2,4,11,20,42,85],[3, 4, 6, 7, 9, 10, 11, 12, 13, 15, 17, 18, 19]]
[[2,4,11,20,22,103],[0, 1, 3, 4, 5, 6, 7, 9, 10, 11, 12, 13, 14, 15, 17, 18, 19]]
[[2,4,11,20,22,103],[0, 1, 2, 3, 4, 6, 8, 9, 10, 12, 18]]
[[2,4,11,20,22,103],[0, 1, 2, 3, 6, 7, 9, 10, 14, 19]]
[[2,4,11,20,42,85],[3, 5, 6, 7, 9, 10, 14, 15, 19]]
[[2,4,11,20,42,85],[0, 2, 4, 5, 6, 8, 9, 10, 12, 14, 15, 18]]
[[2,4,11,20,17,67],[3, 5, 6, 7, 9, 10, 18, 19]]
[[2,4,11,20,32,85],[2, 3, 4, 5, 6, 7, 9, 10]]
[[2,4,11,20,17,67],[2, 3, 4, 5, 6, 8, 9, 10, 11, 13, 14]]
[[2,4,11,20,27,85],[0, 2, 5, 6, 7, 9, 10, 12, 15, 18, 19]]
[[2,4,11,20,12,115],[0, 2, 4, 5, 6, 8, 9, 10, 12, 15, 18, 19]]
[[2,4,11,20,27,85],[1, 2, 5, 6, 8, 9, 10, 11, 13, 14, 15, 18, 19]]
[[2,4,11,20,32,109],[0, 1, 3, 5, 6, 8, 9, 10, 12, 14, 15]]
[[2,4,11,20,12,115],[1, 4, 6, 7, 9, 10, 11, 12, 13, 14, 15]]
[[2,4,11,20,32,109],[0, 1, 3, 5, 6, 7, 9, 10, 11, 13, 17, 18]]
[[2,4,11,20,32,85],[3, 4, 6, 8, 9, 10, 11, 12, 13, 17, 19]]
[[2,4,11,20,12,115],[4, 5, 6, 8, 9, 10, 11, 12, 13, 18, 19]]
[[2,4,11,20,27,85],[0, 3, 6, 7, 9, 10, 11, 13, 14]]
[[2,4,11,20,12,115],[0, 1, 2, 4, 6, 7, 9, 10, 12, 14]]
[[2,4,11,20,32,109],[4, 5, 6, 7, 9, 10, 12, 14, 18, 19]]
[[2,4,11,20,27,85],[0, 1, 4, 5, 6, 8, 9, 10, 12, 14]]
[[2,4,11,20,32,85],[4, 6, 8, 9, 10, 12, 15, 18, 19]]
[[2,4,11,20,17,67],[0, 3, 5, 6, 7, 9, 10, 11, 12, 13, 15, 18, 19]]
[[2,4,11,20,17,67],[1, 2, 3, 4, 5, 6, 8, 9, 10, 14, 15]]
[[2,4,11,20,32,109],[0, 3, 6, 8, 9, 10, 11, 12, 13, 17, 19]]
[[2,4,11,20,32,85],[2, 4, 5, 6, 7, 9, 10, 11, 12, 13, 14, 17, 18]]
[[2,4,11,20,42,85],[0, 1, 2, 3, 6, 7, 8, 10, 15, 18, 19]]
[[2,4,11,20,22,103],[0, 2, 4, 5, 6, 7, 8, 10, 12, 15, 18, 19]]
[[2,4,11,20,42,85],[3, 6, 7, 8, 10, 14, 15, 18, 19]]
[[2,4,11,20,22,103],[0, 4, 5, 6, 7, 8, 10, 14, 15, 18, 19]]
[[2,4,11,20,42,85],[2, 3, 4, 5, 6, 10, 11, 12, 13, 17, 19]]
[[2,4,11,20,22,103],[0, 1, 3, 5, 6, 10, 11, 12, 13, 14, 17, 19]]
[[2,4,11,20,42,85],[1, 6, 10, 11, 13, 14, 15, 17, 19]]
[[2,4,11,20,22,103],[0, 1, 3, 4, 6, 10, 11, 12, 13, 14, 15, 17, 19]]
[[2,4,11,20,32,85],[1, 2, 3, 5, 9, 10, 11, 13, 15]]
[[2,4,11,20,32,109],[0, 2, 3, 4, 5, 9, 10, 11, 12, 13, 15]]
[[2,4,11,20,12,115],[0, 3, 4, 7, 8, 9, 10, 17, 18]]
[[2,4,11,20,27,85],[0, 2, 3, 4, 7, 8, 9, 10, 17, 19]]
[[2,4,11,20,17,67],[0, 2, 3, 4, 9, 10, 11, 12, 13, 17, 18]]
[[2,4,11,20,12,115],[1, 3, 9, 10, 11, 13, 14, 17, 19]]
[[2,4,11,20,32,85],[2, 7, 8, 9, 10, 12, 15, 17, 18]]
[[2,4,11,20,17,67],[1, 3, 5, 7, 8, 9, 10, 14, 15, 17, 19]]
[[2,4,11,20,27,85],[0, 3, 9, 10, 11, 13, 14, 15, 17, 19]]
[[2,4,11,20,32,109],[2, 5, 7, 8, 9, 10, 12, 14, 15, 17, 19]]
[[2,4,11,20,32,85],[0, 1, 2, 3, 4, 6, 8, 9, 15, 16, 17]]
[[2,4,11,20,32,109],[0, 1, 2, 3, 6, 8, 9, 11, 13, 14, 15, 16, 17]]
[[2,4,11,20,17,67],[0, 2, 5, 6, 8, 9, 12, 14, 15, 16, 17]]
[[2,4,11,20,32,109],[0, 5, 6, 7, 9, 14, 16, 19]]
[[2,4,11,20,32,85],[0, 1, 3, 4, 5, 6, 7, 9, 11, 13, 14, 16, 19]]
[[2,4,11,20,27,85],[3, 4, 6, 7, 9, 11, 12, 13, 14, 16, 18]]
[[2,4,11,20,27,85],[0, 2, 4, 5, 6, 8, 9, 15, 16, 19]]
[[2,4,11,20,12,115],[3, 4, 6, 8, 9, 11, 12, 13, 15, 16, 19]]
[[2,4,11,20,12,115],[0, 1, 2, 3, 4, 5, 6, 7, 9, 12, 14, 15, 16, 18]]
[[2,4,11,20,17,67],[1, 6, 7, 9, 11, 12, 13, 14, 15, 16, 19]]
[[2,2,14,26,32,104],[2, 5, 6, 7, 9, 10, 11, 15]]
[[2,2,14,26,32,104],[1, 3, 5, 6, 8, 9, 10, 11, 12, 14, 15]]
[[2,2,14,26,32,104],[0, 3, 5, 6, 7, 9, 10, 12, 13, 17, 18]]
[[2,2,14,26,32,104],[0, 1, 4, 5, 6, 8, 9, 10, 13, 14, 17, 19]]
[[2,2,14,26,32,104],[0, 4, 5, 6, 7, 9, 11, 12, 14, 18, 19]]
[[2,2,14,26,32,104],[0, 2, 6, 8, 9, 11, 12, 14, 18, 19]]
[[2,2,14,26,32,104],[0, 1, 3, 6, 8, 9, 13, 17, 19]]
[[2,2,14,26,32,104],[0, 4, 6, 7, 9, 12, 13, 14, 17, 18]]
[[2,2,14,26,52,86],[2, 3, 5, 6, 7, 9, 10]]
[[2,2,14,26,52,86],[0, 1, 2, 3, 4, 6, 8, 9, 10, 12, 15]]
[[2,2,14,26,52,86],[0, 1, 2, 6, 7, 9, 10, 18, 19]]
[[2,2,14,26,52,86],[1, 2, 3, 6, 8, 9, 10, 14, 15, 18, 19]]
[[2,2,14,26,52,86],[0, 2, 3, 4, 9, 10, 12, 14, 17, 18]]
[[2,2,14,26,52,86],[1, 3, 4, 5, 9, 10, 14, 15, 17, 19]]
[[2,2,14,26,52,86],[0, 1, 3, 4, 5, 6, 8, 9, 15, 16, 17]]
[[2,2,14,26,52,86],[0, 2, 4, 6, 7, 9, 12, 14, 15, 16, 19]]
[[2,2,11,26,42,89],[6, 8, 9, 10, 11, 15]]
[[2,2,11,26,42,89],[1, 2, 3, 5, 6, 8, 9, 10, 11, 12, 14, 15, 18, 19]]
[[2,2,11,26,42,89],[0, 2, 3, 6, 7, 9, 10, 12, 13, 17, 18]]
[[2,2,11,26,42,89],[0, 1, 2, 4, 5, 6, 7, 9, 10, 13, 14, 17, 18]]
[[2,2,11,26,42,89],[0, 6, 7, 9, 11, 12, 14]]
[[2,2,11,26,42,89],[0, 2, 4, 6, 7, 9, 11, 12, 14, 18, 19]]
[[2,2,11,26,42,89],[0, 1, 3, 4, 6, 8, 9, 13, 17, 19]]
[[2,2,11,26,42,89],[0, 5, 6, 8, 9, 12, 13, 14, 17, 19]]
[[2,4,23,32,37,103],[0, 2, 4, 6, 7, 9, 10, 12, 18, 19]]
[[2,4,23,32,37,103],[0, 2, 4, 6, 8, 9, 10, 15, 18, 19]]
[[2,4,23,32,37,103],[1, 3, 4, 5, 6, 7, 9, 10]]
[[2,4,23,32,37,103],[0, 1, 6, 8, 9, 10, 12, 14, 15]]
[[2,4,23,32,37,103],[1, 2, 3, 9, 10, 15, 17, 19]]
[[2,4,23,32,37,103],[0, 2, 3, 9, 10, 15, 17, 18]]
[[2,4,23,32,37,103],[0, 2, 6, 8, 9, 16, 19]]
[[2,4,23,32,37,103],[0, 1, 3, 5, 6, 7, 9, 12, 16, 18]]
[[2,6,14,10,17,66],[1, 2, 4, 6, 7, 9, 10, 11, 13, 18, 19]]
[[2,6,14,10,17,66],[1, 2, 4, 6, 8, 9, 10, 11, 12, 13, 15, 18, 19]]
[[2,6,14,10,17,66],[0, 3, 4, 5, 6, 7, 9, 10, 11, 12, 13]]
[[2,6,14,10,17,66],[6, 8, 9, 10, 11, 13, 14, 15]]
[[2,6,14,10,17,66],[1, 2, 3, 5, 7, 8, 9, 10, 11, 12, 13, 15, 17, 19]]
[[2,6,14,10,17,66],[0, 2, 3, 5, 7, 8, 9, 10, 11, 12, 13, 15, 17, 18]]
[[2,6,14,10,17,66],[3, 5, 6, 7, 9, 11, 13, 16, 18]]
[[2,6,14,10,17,66],[1, 2, 6, 8, 9, 11, 12, 13, 16, 19]]
[[2,4,8,28,42,82],[2, 3, 4, 5, 6, 8, 9, 10, 11, 12, 13, 17]]
[[2,4,8,28,42,82],[1, 5, 6, 7, 9, 10, 11, 13, 14, 15, 17, 18, 19]]
[[2,4,8,28,37,58],[0, 1, 2, 3, 5, 6, 8, 9, 10, 12, 19]]
[[2,4,8,28,37,58],[0, 1, 3, 6, 7, 9, 10, 14, 18]]
[[2,4,8,28,42,82],[2, 3, 6, 8, 9, 10, 14, 18]]
[[2,4,8,28,42,82],[0, 4, 6, 7, 9, 10, 12, 14, 19]]
[[2,4,8,28,37,58],[3, 6, 7, 9, 10, 15, 18]]
[[2,4,8,28,37,58],[2, 3, 5, 6, 8, 9, 10, 12, 14, 15, 19]]
[[2,4,8,28,37,58],[3, 5, 6, 10, 18, 19]]
[[2,4,8,28,42,82],[0, 1, 3, 6, 7, 8, 10, 18, 19]]
[[2,4,8,28,42,82],[2, 3, 6, 7, 8, 10, 14, 18, 19]]
[[2,4,8,28,37,58],[3, 4, 6, 10, 12, 14, 18, 19]]
[[2,4,8,28,37,58],[0, 4, 6, 10, 12, 15, 18, 19]]
[[2,4,8,28,37,58],[0, 5, 6, 10, 14, 15, 18, 19]]
[[2,4,8,28,42,82],[1, 2, 6, 10, 11, 13, 14, 17, 19]]
[[2,4,8,28,42,82],[3, 4, 5, 6, 10, 11, 12, 13, 15, 17, 19]]
[[2,4,8,16,12,88],[1, 6, 7, 9, 10, 11, 13, 14, 17, 18, 19]]
[[2,4,8,16,12,88],[1, 4, 6, 8, 9, 10, 11, 13, 14, 15, 17]]
[[2,4,8,16,12,88],[0, 2, 4, 5, 6, 7, 9, 10, 12, 19]]
[[2,4,8,16,12,88],[0, 2, 5, 6, 8, 9, 10, 14, 18]]
[[2,4,8,16,32,64],[3, 4, 6, 8, 9, 10, 12, 14, 18, 19]]
[[2,4,8,16,32,64],[2, 3, 4, 5, 6, 7, 9, 10, 11, 13, 14, 17, 18]]
[[2,4,8,16,32,64],[2, 4, 5, 6, 7, 9, 10, 14, 15]]
[[2,4,8,16,32,64],[4, 6, 8, 9, 10, 11, 13, 17, 19]]
[[2,4,8,16,12,88],[0, 1, 3, 6, 7, 8, 10, 12, 15, 18, 19]]
[[2,4,8,16,12,88],[0, 1, 2, 3, 6, 7, 8, 10, 14, 15, 18, 19]]
[[2,4,8,16,12,88],[3, 4, 6, 10, 11, 12, 13, 17, 19]]
[[2,4,8,16,12,88],[3, 5, 6, 10, 11, 12, 13, 15, 17, 19]]
[[2,4,8,16,32,64],[1, 2, 3, 4, 9, 10, 11, 12, 13, 14, 15]]
[[2,4,8,16,32,64],[2, 4, 5, 7, 8, 9, 10, 14, 15, 17, 18]]
[[2,4,8,16,32,64],[0, 1, 3, 4, 5, 6, 7, 9, 12, 14, 15, 16, 17, 18, 19]]
[[2,4,8,16,32,64],[0, 1, 2, 3, 4, 6, 8, 9, 11, 12, 13, 16, 18]]
[[2,4,8,12,27,94],[3, 4, 6, 7, 9, 10, 11, 13, 14, 17, 18, 19]]
[[2,4,8,12,37,70],[0, 1, 2, 3, 4, 6, 7, 9, 10, 11, 13, 14, 17, 18, 19]]
[[2,4,8,12,37,70],[1, 6, 8, 9, 10, 11, 13, 15, 17]]
[[2,4,8,12,27,94],[1, 2, 6, 8, 9, 10, 11, 12, 13, 15, 17]]
[[2,4,8,12,27,94],[0, 2, 4, 5, 6, 8, 9, 10, 18]]
[[2,4,8,12,27,94],[3, 5, 6, 7, 9, 10, 12, 19]]
[[2,4,8,12,37,70],[0, 1, 2, 3, 5, 6, 7, 9, 10, 12, 19]]
[[2,4,8,12,37,70],[0, 4, 5, 6, 8, 9, 10, 12, 18]]
[[2,4,8,12,27,58],[2, 3, 5, 6, 8, 9, 10]]
[[2,4,8,12,42,76],[3, 6, 7, 9, 10, 12, 14, 18, 19]]
[[2,4,8,12,27,64],[2, 3, 5, 6, 8, 9, 10, 12, 14, 18, 19]]
[[2,4,8,12,27,58],[2, 3, 5, 6, 7, 9, 10, 11, 13, 17, 18]]
[[2,4,8,12,42,76],[3, 6, 8, 9, 10, 11, 12, 13, 14, 17, 19]]
[[2,4,8,12,27,64],[3, 6, 7, 9, 10, 11, 12, 13, 15, 17, 18]]
[[2,4,8,12,27,58],[2, 4, 5, 6, 7, 9, 10, 12, 15, 18, 19]]
[[2,4,8,12,27,64],[6, 7, 9, 10, 14, 15]]
[[2,4,8,12,42,76],[4, 6, 8, 9, 10, 14, 15]]
[[2,4,8,12,27,58],[0, 2, 3, 6, 8, 9, 10, 11, 13, 17, 19]]
[[2,4,8,12,42,76],[0, 3, 5, 6, 7, 9, 10, 11, 12, 13, 14, 17, 18]]
[[2,4,8,12,27,64],[2, 5, 6, 8, 9, 10, 11, 12, 13, 14, 15, 17, 19]]
[[2,4,8,12,27,94],[2, 3, 4, 5, 6, 7, 8, 10, 12, 18, 19]]
[[2,4,8,12,27,94],[0, 1, 3, 4, 5, 6, 7, 8, 10, 12, 14, 18, 19]]
[[2,4,8,12,37,70],[0, 1, 3, 5, 6, 7, 8, 10, 14, 15, 18, 19]]
[[2,4,8,12,37,70],[0, 5, 6, 7, 8, 10, 14, 15, 18, 19]]
[[2,4,8,12,27,94],[1, 2, 4, 5, 6, 10, 11, 12, 13, 17, 19]]
[[2,4,8,12,37,70],[3, 4, 6, 10, 11, 12, 13, 14, 17, 19]]
[[2,4,8,12,27,94],[3, 6, 10, 11, 13, 14, 15, 17, 19]]
[[2,4,8,12,37,70],[0, 1, 3, 5, 6, 10, 11, 13, 14, 15, 17, 19]]
[[2,4,8,12,27,64],[1, 2, 3, 4, 9, 10, 11, 13]]
[[2,4,8,12,27,58],[0, 2, 3, 5, 9, 10, 11, 13]]
[[2,4,8,12,42,76],[0, 2, 3, 4, 9, 10, 11, 12, 13, 14]]
[[2,4,8,12,27,58],[7, 8, 9, 10, 12, 15, 17, 19]]
[[2,4,8,12,27,64],[7, 8, 9, 10, 14, 15, 17, 18]]
[[2,4,8,12,42,76],[4, 5, 7, 8, 9, 10, 14, 15, 17, 19]]
[[2,4,8,12,42,76],[0, 4, 5, 6, 8, 9, 15, 16, 17]]
[[2,4,8,12,27,64],[0, 1, 2, 3, 6, 7, 9, 12, 14, 15, 16, 17, 18, 19]]
[[2,4,8,12,27,58],[0, 2, 4, 6, 7, 9, 12, 14, 15, 16, 17, 18, 19]]
[[2,4,8,12,27,58],[0, 1, 3, 4, 5, 6, 8, 9, 11, 13, 15, 16, 18]]
[[2,4,8,12,27,64],[0, 1, 3, 5, 6, 8, 9, 11, 13, 14, 15, 16, 18]]
[[2,4,8,12,42,76],[0, 1, 2, 3, 4, 6, 7, 9, 11, 12, 13, 14, 15, 16, 19]]
[[2,8,8,16,12,92],[0, 2, 6, 8, 9, 10, 11, 13, 14, 17, 18, 19]]
[[2,8,8,16,12,92],[0, 1, 3, 5, 6, 7, 9, 10, 11, 12, 13, 14, 17]]
[[2,8,8,16,12,92],[2, 3, 5, 6, 7, 9, 10, 11, 13, 15, 17]]
[[2,8,8,16,12,92],[0, 6, 8, 9, 10, 11, 13, 15, 17, 18, 19]]
[[2,8,8,16,22,44],[0, 1, 3, 4, 5, 6, 7, 9, 10, 11, 13, 14]]
[[2,8,8,16,37,80],[1, 2, 5, 6, 8, 9, 10, 14, 15, 18, 19]]
[[2,8,8,16,27,56],[2, 3, 4, 5, 6, 8, 9, 10, 11, 12, 13, 17, 19]]
[[2,8,8,16,22,44],[2, 3, 4, 6, 8, 9, 10, 11, 13, 14, 17, 19]]
[[2,8,8,16,27,56],[0, 1, 2, 3, 6, 7, 9, 10, 11, 12, 13, 14, 17, 19]]
[[2,8,8,16,37,68],[0, 2, 6, 8, 9, 10, 11, 12, 13, 14, 17, 19]]
[[2,8,8,16,37,80],[0, 2, 4, 6, 7, 9, 10, 11, 13, 14, 15, 17, 19]]
[[2,8,8,16,37,68],[0, 5, 6, 7, 9, 10, 11, 12, 13, 14, 15, 17, 18]]
[[2,8,8,16,37,80],[0, 3, 6, 7, 9, 10, 14]]
[[2,8,8,16,22,44],[0, 1, 2, 4, 6, 8, 9, 10, 11, 12, 13, 14, 15, 18, 19]]
[[2,8,8,16,27,56],[1, 2, 3, 4, 6, 7, 9, 10, 11, 13, 17, 18]]
[[2,8,8,16,22,44],[4, 5, 6, 7, 9, 10, 11, 13, 17, 18]]
[[2,8,8,16,27,56],[0, 1, 2, 4, 6, 8, 9, 10, 11, 12, 13, 17, 18]]
[[2,8,8,16,37,68],[0, 1, 2, 5, 6, 7, 9, 10, 11, 13, 14, 17, 18]]
[[2,8,8,16,37,68],[0, 1, 6, 8, 9, 10, 11, 13, 14, 15, 17, 19]]
[[2,8,8,16,37,80],[6, 8, 9, 10, 11, 13, 14, 15, 17, 18]]
[[2,8,8,16,12,92],[1, 6, 7, 8, 10, 11, 12, 13, 14, 17, 19]]
[[2,8,8,16,12,92],[0, 1, 3, 5, 6, 7, 8, 10, 11, 12, 13, 14, 17, 19]]
[[2,8,8,16,12,92],[0, 5, 6, 7, 8, 10, 11, 13, 15, 17, 19]]
[[2,8,8,16,12,92],[0, 2, 6, 7, 8, 10, 11, 13, 14, 15, 17, 19]]
[[2,8,8,16,37,68],[0, 1, 2, 4, 7, 8, 9, 10, 11, 13, 14, 18, 19]]
[[2,8,8,16,37,80],[1, 2, 3, 5, 9, 10, 11, 12, 13, 15, 18, 19]]
[[2,8,8,16,27,56],[0, 1, 2, 4, 5, 7, 8, 9, 10, 11, 12, 13, 15]]
[[2,8,8,16,37,68],[0, 1, 4, 7, 8, 9, 10, 11, 13, 14, 15, 18, 19]]
[[2,8,8,16,27,56],[2, 5, 7, 8, 9, 10, 11, 12, 13, 14, 15, 18, 19]]
[[2,8,8,16,22,44],[1, 2, 3, 4, 5, 7, 8, 9, 10, 11, 12, 13, 14, 15, 18, 19]]
[[2,8,8,16,37,80],[0, 1, 2, 5, 7, 8, 9, 10, 12, 15, 17, 18]]
[[2,8,8,16,22,44],[0, 1, 2, 4, 5, 7, 8, 9, 10, 11, 12, 13, 14, 15, 17, 18]]
[[2,8,8,16,37,68],[0, 1, 3, 5, 6, 8, 9, 11, 13, 14, 16, 17, 18, 19]]
[[2,8,8,16,37,80],[0, 1, 3, 5, 6, 7, 9, 14, 15, 16, 17]]
[[2,8,8,16,37,68],[0, 1, 2, 3, 6, 7, 9, 11, 13, 14, 15, 16, 17]]
[[2,8,8,16,27,56],[0, 2, 6, 8, 9, 11, 13, 14, 15, 16, 17]]
[[2,8,8,16,22,44],[3, 4, 6, 8, 9, 11, 13, 14, 15, 16, 17]]
[[2,8,8,16,37,80],[0, 2, 6, 8, 9, 11, 12, 13, 14, 15, 16, 17, 18, 19]]
[[2,8,8,16,22,44],[0, 1, 2, 3, 4, 5, 6, 7, 9, 11, 12, 13, 16, 19]]
[[2,8,8,16,27,56],[0, 1, 3, 5, 6, 7, 9, 11, 13, 14, 16, 19]]
[[2,8,11,36,42,71],[0, 1, 2, 3, 5, 6, 8, 9, 10, 11, 13, 17]]
[[2,8,11,36,27,71],[2, 3, 5, 6, 8, 9, 10, 11, 13, 14, 17, 18, 19]]
[[2,8,11,36,42,71],[2, 3, 6, 7, 9, 10, 11, 12, 13, 14, 17, 18, 19]]
[[2,8,11,36,27,71],[0, 1, 2, 3, 5, 6, 8, 9, 10, 11, 12, 13, 14, 17, 18, 19]]
[[2,8,11,36,42,71],[0, 1, 2, 3, 4, 5, 6, 7, 9, 10, 11, 13, 15, 17, 18, 19]]
[[2,8,11,36,27,71],[3, 6, 7, 9, 10, 11, 13, 14, 15, 17]]
[[2,8,11,36,42,71],[0, 1, 2, 3, 4, 6, 8, 9, 10, 11, 13, 14, 15, 17]]
[[2,8,11,36,27,71],[0, 1, 3, 6, 7, 9, 10, 11, 12, 13, 14, 15, 17]]
[[2,8,11,36,42,71],[3, 6, 7, 9, 10, 11, 13, 19]]
[[2,8,11,36,42,71],[0, 1, 3, 4, 5, 6, 7, 9, 10, 11, 13, 19]]
[[2,8,11,36,42,71],[3, 5, 6, 8, 9, 10, 11, 13, 14, 18]]
[[2,8,11,36,42,71],[3, 4, 6, 8, 9, 10, 11, 12, 13, 14, 18]]
[[2,8,11,36,47,71],[0, 1, 3, 5, 6, 7, 9, 10, 12, 18, 19]]
[[2,8,11,36,42,71],[3, 4, 6, 7, 9, 10, 11, 12, 13, 14, 18, 19]]
[[2,8,11,36,57,65],[1, 2, 4, 5, 6, 8, 9, 10, 11, 12, 13, 15]]
[[2,8,11,36,47,71],[0, 1, 2, 3, 6, 8, 9, 10, 11, 13, 17, 18]]
[[2,8,11,36,57,65],[1, 2, 6, 7, 9, 10, 11, 13, 15, 17, 18]]
[[2,8,11,36,42,71],[0, 1, 2, 3, 4, 5, 6, 8, 9, 10, 11, 13, 15, 17, 18]]
[[2,8,11,36,57,65],[0, 1, 5, 6, 7, 9, 10, 11, 13, 14, 18, 19]]
[[2,8,11,36,42,71],[1, 2, 3, 6, 8, 9, 10, 11, 12, 13, 15]]
[[2,8,11,36,47,71],[0, 2, 3, 4, 5, 6, 8, 9, 10, 12, 14, 15]]
[[2,8,11,36,47,71],[0, 3, 4, 6, 7, 9, 10, 11, 12, 13, 17, 19]]
[[2,8,11,36,42,71],[0, 3, 5, 6, 7, 9, 10, 11, 12, 13, 15, 17, 19]]
[[2,8,11,36,57,65],[0, 3, 5, 6, 8, 9, 10, 11, 12, 13, 14, 15, 17, 19]]
[[2,8,11,36,42,71],[0, 1, 2, 3, 5, 6, 7, 8, 10, 11, 13, 18, 19]]
[[2,8,11,36,42,71],[1, 2, 5, 6, 7, 8, 10, 11, 12, 13, 18, 19]]
[[2,8,11,36,42,71],[1, 6, 7, 8, 10, 11, 13, 15, 18, 19]]
[[2,8,11,36,42,71],[1, 2, 6, 7, 8, 10, 11, 12, 13, 14, 15, 18, 19]]
[[2,8,11,36,42,71],[0, 1, 3, 4, 5, 6, 7, 8, 10, 11, 13, 17, 18]]
[[2,8,11,36,27,71],[1, 6, 7, 8, 10, 11, 12, 13, 17, 19]]
[[2,8,11,36,42,71],[0, 1, 3, 5, 6, 7, 8, 10, 11, 13, 14, 17, 18]]
[[2,8,11,36,27,71],[0, 1, 2, 3, 6, 7, 8, 10, 11, 12, 13, 14, 17, 19]]
[[2,8,11,36,42,71],[0, 1, 3, 6, 7, 8, 10, 11, 13, 15, 17, 18]]
[[2,8,11,36,42,71],[1, 2, 4, 6, 7, 8, 10, 11, 13, 15, 17, 18]]
[[2,8,11,36,27,71],[1, 2, 6, 7, 8, 10, 11, 12, 13, 15, 17, 19]]
[[2,8,11,36,27,71],[0, 1, 3, 6, 7, 8, 10, 11, 12, 13, 14, 15, 17, 19]]
[[2,8,11,36,42,71],[0, 2, 3, 4, 7, 8, 9, 10, 11, 12, 13]]
[[2,8,11,36,47,71],[0, 2, 3, 9, 10, 11, 12, 13, 15, 18, 19]]
[[2,8,11,36,57,65],[0, 2, 3, 4, 7, 8, 9, 10, 11, 12, 13, 14, 15, 18, 19]]
[[2,8,11,36,47,71],[0, 1, 2, 5, 7, 8, 9, 10, 15, 17, 19]]
[[2,8,11,36,42,71],[5, 7, 8, 9, 10, 11, 13, 14, 15, 17, 19]]
[[2,8,11,36,57,65],[0, 1, 2, 4, 5, 7, 8, 9, 10, 11, 13, 14, 15, 17, 19]]
[[2,8,11,36,42,71],[0, 6, 7, 9, 11, 12, 13, 16, 17, 18, 19]]
[[2,8,11,36,47,71],[0, 4, 5, 6, 7, 9, 11, 12, 13, 15, 16, 17, 18, 19]]
[[2,8,11,36,42,71],[1, 2, 5, 6, 8, 9, 11, 12, 13, 16, 18]]
[[2,8,11,36,47,71],[0, 2, 4, 6, 8, 9, 12, 14, 16, 18]]
[[2,8,11,36,57,65],[1, 2, 5, 6, 7, 9, 11, 12, 13, 14, 16, 18]]
[[2,8,11,36,57,65],[0, 1, 3, 6, 8, 9, 11, 12, 13, 14, 16, 19]]
[[2,8,8,20,17,98],[3, 4, 6, 8, 9, 10, 11, 12, 13, 17]]
[[2,8,8,20,17,56],[0, 4, 6, 8, 9, 10, 11, 13, 14, 17]]
[[2,8,8,20,17,98],[3, 6, 7, 9, 10, 11, 12, 13, 15, 17, 18, 19]]
[[2,8,8,20,17,56],[1, 6, 7, 9, 10, 11, 12, 13, 14, 15, 17, 18, 19]]
[[2,8,8,20,37,80],[0, 5, 6, 8, 9, 10, 19]]
[[2,8,8,20,37,80],[1, 2, 6, 7, 9, 10, 14, 18]]
[[2,8,8,20,37,80],[0, 2, 6, 7, 9, 10, 11, 13, 15, 18]]
[[2,8,8,20,17,56],[1, 2, 4, 5, 6, 7, 9, 10, 11, 12, 13, 15, 19]]
[[2,8,8,20,17,98],[0, 1, 2, 3, 5, 6, 8, 9, 10, 11, 12, 13, 15, 18]]
[[2,8,8,20,17,98],[0, 1, 2, 3, 4, 5, 6, 7, 9, 10, 11, 13, 14, 15, 19]]
[[2,8,8,20,37,80],[1, 5, 6, 8, 9, 10, 11, 13, 14, 15, 19]]
[[2,8,8,20,17,56],[0, 2, 5, 6, 8, 9, 10, 11, 12, 13, 14, 15, 18]]
[[2,8,8,20,17,80],[1, 2, 4, 5, 6, 8, 9, 10, 11, 13, 17, 18]]
[[2,8,8,20,17,80],[1, 2, 4, 5, 6, 7, 9, 10, 11, 13, 14, 17, 18]]
[[2,8,8,20,47,68],[3, 6, 7, 9, 10, 11, 12, 13, 14, 17, 19]]
[[2,8,8,20,12,56],[0, 1, 2, 3, 4, 6, 8, 9, 10, 11, 13, 15, 17, 19]]
[[2,8,8,20,47,68],[0, 1, 3, 4, 5, 6, 8, 9, 10, 11, 13, 14, 15, 17, 19]]
[[2,8,8,20,12,56],[3, 6, 7, 9, 10, 11, 12, 13, 14, 15, 17, 18]]
[[2,8,8,20,17,80],[0, 1, 5, 6, 7, 9, 10, 11, 13, 17, 19]]
[[2,8,8,20,47,68],[0, 1, 4, 6, 8, 9, 10, 11, 13, 17, 18]]
[[2,8,8,20,17,80],[1, 3, 4, 6, 8, 9, 10, 11, 13, 17, 19]]
[[2,8,8,20,12,56],[0, 1, 2, 5, 6, 8, 9, 10, 11, 13, 15, 17, 19]]
[[2,8,8,20,47,68],[1, 3, 4, 6, 7, 9, 10, 11, 13, 14, 15, 17, 18]]
[[2,8,8,20,12,56],[0, 1, 4, 5, 6, 7, 9, 10, 11, 13, 14, 15, 17, 18]]
[[2,8,8,20,17,98],[0, 1, 2, 3, 6, 7, 8, 10, 11, 12, 13, 18, 19]]
[[2,8,8,20,37,80],[1, 4, 6, 7, 8, 10, 14]]
[[2,8,8,20,17,98],[0, 1, 3, 6, 7, 8, 10, 11, 13, 14, 18, 19]]
[[2,8,8,20,37,80],[0, 1, 2, 3, 5, 6, 7, 8, 10, 12, 14]]
[[2,8,8,20,37,80],[0, 2, 6, 10, 11, 13, 15, 18, 19]]
[[2,8,8,20,37,80],[3, 4, 5, 6, 10, 11, 12, 13, 15, 18, 19]]
[[2,8,8,20,17,56],[3, 4, 6, 7, 8, 10, 11, 13, 14, 15, 18, 19]]
[[2,8,8,20,17,56],[0, 4, 6, 7, 8, 10, 11, 12, 13, 14, 15, 18, 19]]
[[2,8,8,20,17,56],[2, 3, 5, 6, 7, 8, 10, 11, 13, 17, 18]]
[[2,8,8,20,17,98],[1, 6, 7, 8, 10, 11, 13, 14, 17, 18]]
[[2,8,8,20,17,56],[0, 4, 6, 7, 8, 10, 11, 13, 14, 15, 17, 18]]
[[2,8,8,20,17,98],[1, 4, 5, 6, 7, 8, 10, 11, 13, 14, 15, 17, 18]]
[[2,8,8,20,47,68],[0, 1, 2, 5, 7, 8, 9, 10, 11, 13]]
[[2,8,8,20,17,80],[0, 1, 2, 4, 5, 7, 8, 9, 10, 11, 13]]
[[2,8,8,20,12,56],[0, 1, 2, 7, 8, 9, 10, 11, 13, 14, 18, 19]]
[[2,8,8,20,12,56],[0, 1, 4, 7, 8, 9, 10, 11, 13, 15, 18, 19]]
[[2,8,8,20,47,68],[7, 8, 9, 10, 11, 12, 13, 15, 18, 19]]
[[2,8,8,20,17,80],[7, 8, 9, 10, 11, 12, 13, 14, 15, 18, 19]]
[[2,8,8,20,12,56],[0, 1, 2, 3, 6, 7, 9, 11, 13, 14, 16, 17, 18, 19]]
[[2,8,8,20,47,68],[0, 1, 2, 3, 4, 6, 7, 9, 11, 12, 13, 14, 15, 16, 17, 18, 19]]
[[2,8,8,20,17,80],[0, 1, 3, 4, 5, 6, 8, 9, 11, 13, 14, 16, 19]]
[[2,8,8,20,12,56],[0, 1, 3, 5, 6, 8, 9, 11, 12, 13, 14, 16, 18]]
[[2,8,8,20,17,80],[0, 2, 4, 6, 7, 9, 11, 13, 15, 16, 18]]
[[2,8,8,20,47,68],[0, 4, 5, 6, 8, 9, 11, 13, 15, 16, 18]]
[[2,6,8,14,37,90],[0, 2, 6, 8, 9, 10, 11, 12, 13, 14, 17]]
[[2,6,8,14,37,90],[0, 1, 3, 4, 6, 7, 9, 10, 11, 13, 15, 17, 18, 19]]
[[2,6,8,14,37,90],[1, 2, 4, 5, 6, 8, 9, 10, 14, 15, 18]]
[[2,6,8,14,37,90],[0, 1, 3, 5, 6, 7, 9, 10, 12, 14, 15, 19]]
[[2,6,8,14,52,90],[1, 2, 4, 5, 6, 8, 9, 10]]
[[2,6,8,14,42,72],[0, 1, 3, 5, 6, 7, 9, 10, 14]]
[[2,6,8,14,42,90],[1, 2, 4, 5, 6, 8, 9, 10, 15, 18, 19]]
[[2,6,8,14,42,90],[0, 5, 6, 7, 9, 10, 11, 12, 13, 15, 17, 18]]
[[2,6,8,14,42,72],[0, 1, 3, 5, 6, 8, 9, 10, 11, 12, 13, 15, 17, 18]]
[[2,6,8,14,52,90],[0, 2, 6, 7, 9, 10, 11, 12, 13, 14, 15, 17, 18]]
[[2,6,8,14,42,90],[2, 4, 6, 7, 9, 10, 14]]
[[2,6,8,14,42,72],[0, 3, 6, 8, 9, 10, 15, 18, 19]]
[[2,6,8,14,52,90],[5, 6, 7, 9, 10, 14, 15, 18, 19]]
[[2,6,8,14,42,90],[6, 8, 9, 10, 11, 12, 13, 15, 17, 19]]
[[2,6,8,14,52,90],[0, 3, 5, 6, 8, 9, 10, 11, 12, 13, 15, 17, 19]]
[[2,6,8,14,42,72],[4, 5, 6, 7, 9, 10, 11, 13, 14, 15, 17, 19]]
[[2,6,8,14,37,90],[0, 2, 6, 7, 8, 10, 15, 18, 19]]
[[2,6,8,14,37,90],[1, 6, 7, 8, 10, 14, 15, 18, 19]]
[[2,6,8,14,37,90],[0, 4, 5, 6, 10, 11, 12, 13, 14, 17, 19]]
[[2,6,8,14,37,90],[0, 1, 2, 3, 6, 10, 11, 13, 15, 17, 19]]
[[2,6,8,14,52,90],[0, 2, 3, 4, 9, 10, 11, 12, 13]]
[[2,6,8,14,42,72],[1, 2, 3, 4, 5, 9, 10, 11, 12, 13, 15, 18, 19]]
[[2,6,8,14,42,90],[1, 3, 4, 9, 10, 11, 13, 14, 15]]
[[2,6,8,14,42,90],[2, 4, 7, 8, 9, 10, 14, 17, 18]]
[[2,6,8,14,52,90],[5, 7, 8, 9, 10, 14, 15, 17, 19]]
[[2,6,8,14,42,72],[0, 1, 2, 5, 7, 8, 9, 10, 12, 14, 15, 17, 18]]
[[2,6,8,14,52,90],[0, 1, 3, 4, 5, 6, 8, 9, 11, 13, 14, 16, 17, 18, 19]]
[[2,6,8,14,42,90],[0, 1, 2, 3, 6, 7, 9, 12, 14, 16, 17]]
[[2,6,8,14,52,90],[0, 2, 4, 6, 7, 9, 15, 16, 17]]
[[2,6,8,14,42,72],[0, 5, 6, 7, 9, 11, 12, 13, 14, 15, 16, 17, 18, 19]]
[[2,6,8,14,42,90],[0, 1, 3, 5, 6, 8, 9, 11, 12, 13, 14, 15, 16, 17, 18, 19]]
[[2,6,8,14,42,72],[0, 1, 2, 3, 6, 8, 9, 12, 14, 16, 18]]
[[2,4,8,24,22,106],[0, 1, 3, 5, 6, 7, 9, 10, 11, 13, 14, 17, 18, 19]]
[[2,4,8,24,22,106],[1, 2, 4, 5, 6, 8, 9, 10, 11, 13, 15, 17]]
[[2,4,8,24,22,106],[0, 1, 3, 4, 6, 7, 9, 10, 14, 15, 19]]
[[2,4,8,24,22,106],[0, 2, 6, 8, 9, 10, 14, 15, 18]]
[[2,4,8,24,22,76],[0, 1, 3, 5, 6, 8, 9, 10]]
[[2,4,8,24,52,64],[0, 5, 6, 7, 9, 10, 12, 14, 15]]
[[2,4,8,24,52,64],[1, 2, 4, 5, 6, 8, 9, 10, 11, 13, 14, 15, 17, 19]]
[[2,4,8,24,22,76],[0, 1, 3, 5, 6, 7, 9, 10, 11, 12, 13, 14, 15, 17, 18]]
[[2,4,8,24,52,64],[6, 8, 9, 10, 18, 19]]
[[2,4,8,24,22,76],[4, 5, 6, 7, 9, 10, 15, 18, 19]]
[[2,4,8,24,22,76],[0, 3, 6, 8, 9, 10, 11, 13, 14, 15, 17, 19]]
[[2,4,8,24,52,64],[2, 4, 6, 7, 9, 10, 11, 12, 13, 14, 15, 17, 18]]
[[2,4,8,24,22,106],[0, 1, 3, 5, 6, 7, 8, 10, 12, 18, 19]]
[[2,4,8,24,22,106],[0, 5, 6, 7, 8, 10, 12, 18, 19]]
[[2,4,8,24,22,106],[2, 3, 5, 6, 10, 11, 12, 13, 14, 17, 19]]
[[2,4,8,24,22,106],[0, 1, 2, 3, 4, 6, 10, 11, 13, 14, 15, 17, 19]]
[[2,4,8,24,52,64],[1, 2, 3, 9, 10, 11, 13]]
[[2,4,8,24,22,76],[0, 3, 9, 10, 11, 13, 14]]
[[2,4,8,24,22,76],[4, 7, 8, 9, 10, 17, 19]]
[[2,4,8,24,52,64],[7, 8, 9, 10, 15, 17, 18]]
[[2,4,8,24,22,76],[0, 1, 2, 3, 6, 8, 9, 11, 12, 13, 16, 17]]
[[2,4,8,24,52,64],[0, 1, 3, 5, 6, 8, 9, 14, 16, 19]]
[[2,4,8,24,22,76],[0, 5, 6, 7, 9, 12, 15, 16, 19]]
[[2,4,8,24,52,64],[0, 1, 2, 3, 6, 7, 9, 11, 13, 14, 15, 16, 18]]
[[2,6,8,18,37,102],[1, 2, 6, 8, 9, 10, 11, 13, 17]]
[[2,6,8,18,37,102],[0, 2, 5, 6, 7, 9, 10, 11, 12, 13, 17, 18, 19]]
[[2,6,8,18,7,78],[0, 2, 4, 6, 8, 9, 10, 11, 12, 13, 17]]
[[2,6,8,18,12,84],[3, 5, 6, 7, 9, 10, 11, 12, 13, 14, 17, 18, 19]]
[[2,6,8,18,7,78],[1, 2, 6, 7, 9, 10, 11, 13, 15, 17, 18, 19]]
[[2,6,8,18,12,84],[0, 2, 4, 5, 6, 8, 9, 10, 11, 12, 13, 15, 17]]
[[2,6,8,18,37,102],[0, 1, 3, 4, 6, 7, 9, 10, 11, 13, 14, 15, 17, 18, 19]]
[[2,6,8,18,37,102],[3, 4, 5, 6, 8, 9, 10, 11, 12, 13, 14, 15, 17]]
[[2,6,8,18,17,78],[0, 2, 5, 6, 8, 9, 10, 12, 19]]
[[2,6,8,18,17,78],[0, 6, 7, 9, 10, 14, 18]]
[[2,6,8,18,37,102],[1, 2, 4, 6, 7, 9, 10, 15, 19]]
[[2,6,8,18,17,114],[1, 2, 5, 6, 7, 9, 10, 15, 18]]
[[2,6,8,18,37,102],[3, 6, 8, 9, 10, 15, 18]]
[[2,6,8,18,17,114],[0, 1, 3, 6, 8, 9, 10, 15, 19]]
[[2,6,8,18,17,114],[2, 3, 6, 8, 9, 10, 15, 19]]
[[2,6,8,18,17,78],[1, 6, 7, 9, 10, 11, 13, 15, 18]]
[[2,6,8,18,37,102],[3, 5, 6, 7, 9, 10, 11, 13, 15, 19]]
[[2,6,8,18,37,102],[1, 2, 4, 5, 6, 8, 9, 10, 11, 13, 15, 18]]
[[2,6,8,18,17,114],[1, 5, 6, 7, 9, 10, 12, 15, 18]]
[[2,6,8,18,7,78],[1, 5, 6, 8, 9, 10, 12, 15, 18]]
[[2,6,8,18,12,84],[3, 4, 6, 7, 9, 10, 12, 14, 15, 19]]
[[2,6,8,18,7,78],[0, 4, 5, 6, 7, 9, 10, 12, 14, 15, 19]]
[[2,6,8,18,12,84],[1, 2, 6, 8, 9, 10, 12, 14, 15, 18]]
[[2,6,8,18,17,78],[1, 2, 5, 6, 8, 9, 10, 11, 12, 13, 14, 15, 19]]
[[2,6,8,18,22,90],[0, 5, 6, 8, 9, 10, 14]]
[[2,6,8,18,27,66],[3, 6, 8, 9, 10, 12, 15]]
[[2,6,8,18,12,66],[0, 1, 2, 3, 4, 6, 7, 9, 10, 14, 15, 18, 19]]
[[2,6,8,18,12,66],[0, 1, 3, 4, 5, 6, 8, 9, 10, 11, 13, 17, 18]]
[[2,6,8,18,27,66],[2, 3, 5, 6, 7, 9, 10, 11, 12, 13, 14, 17, 19]]
[[2,6,8,18,22,90],[1, 2, 4, 5, 6, 7, 9, 10, 11, 12, 13, 14, 17, 19]]
[[2,6,8,18,12,66],[0, 3, 6, 8, 9, 10]]
[[2,6,8,18,27,66],[0, 2, 3, 4, 6, 7, 9, 10, 14, 18, 19]]
[[2,6,8,18,22,90],[0, 3, 4, 5, 6, 7, 9, 10, 12, 14, 15, 18, 19]]
[[2,6,8,18,22,90],[0, 2, 3, 5, 6, 8, 9, 10, 11, 13, 17, 18]]
[[2,6,8,18,12,66],[0, 2, 3, 5, 6, 7, 9, 10, 11, 12, 13, 17, 19]]
[[2,6,8,18,27,66],[0, 3, 4, 5, 6, 8, 9, 10, 11, 12, 13, 14, 17, 18]]
[[2,6,8,18,17,114],[2, 3, 6, 10, 18, 19]]
[[2,6,8,18,17,114],[1, 4, 5, 6, 10, 18, 19]]
[[2,6,8,18,37,102],[1, 5, 6, 7, 8, 10, 18, 19]]
[[2,6,8,18,37,102],[3, 5, 6, 7, 8, 10, 18, 19]]
[[2,6,8,18,17,78],[3, 5, 6, 10, 11, 13, 18, 19]]
[[2,6,8,18,12,84],[1, 2, 5, 6, 7, 8, 10, 12, 14, 18, 19]]
[[2,6,8,18,12,84],[2, 3, 5, 6, 7, 8, 10, 12, 14, 18, 19]]
[[2,6,8,18,17,78],[3, 4, 6, 10, 11, 12, 13, 14, 18, 19]]
[[2,6,8,18,37,102],[1, 2, 5, 6, 7, 8, 10, 11, 12, 13, 14, 18, 19]]
[[2,6,8,18,37,102],[2, 3, 5, 6, 7, 8, 10, 11, 12, 13, 14, 18, 19]]
[[2,6,8,18,7,78],[0, 1, 3, 5, 6, 7, 8, 10, 15, 18, 19]]
[[2,6,8,18,17,114],[1, 5, 6, 10, 12, 15, 18, 19]]
[[2,6,8,18,17,78],[0, 1, 2, 3, 6, 7, 8, 10, 12, 15]]
[[2,6,8,18,7,78],[1, 5, 6, 7, 8, 10, 12, 15, 18, 19]]
[[2,6,8,18,17,78],[0, 1, 2, 3, 4, 5, 6, 7, 8, 10, 14, 15]]
[[2,6,8,18,17,114],[0, 4, 6, 10, 12, 14, 15, 18, 19]]
[[2,6,8,18,37,102],[1, 5, 6, 10, 11, 13, 17, 19]]
[[2,6,8,18,12,84],[0, 5, 6, 10, 11, 12, 13, 17, 19]]
[[2,6,8,18,37,102],[0, 1, 2, 3, 6, 7, 8, 10, 11, 13, 14, 17, 18]]
[[2,6,8,18,7,78],[2, 3, 4, 5, 6, 10, 11, 12, 13, 14, 17, 19]]
[[2,6,8,18,12,84],[1, 4, 6, 10, 11, 13, 15, 17, 19]]
[[2,6,8,18,7,78],[0, 6, 10, 11, 12, 13, 15, 17, 19]]
[[2,6,8,18,37,102],[0, 4, 6, 10, 11, 12, 13, 15, 17, 19]]
[[2,6,8,18,37,102],[2, 3, 4, 5, 6, 7, 8, 10, 11, 12, 13, 14, 15, 17, 18]]
[[2,6,8,18,22,90],[0, 2, 3, 9, 10, 11, 13, 18, 19]]
[[2,6,8,18,27,66],[0, 2, 3, 5, 9, 10, 11, 12, 13, 14, 18, 19]]
[[2,6,8,18,12,66],[0, 3, 4, 5, 9, 10, 11, 12, 13, 15, 18, 19]]
[[2,6,8,18,12,66],[0, 1, 2, 5, 7, 8, 9, 10, 12, 14, 17, 19]]
[[2,6,8,18,22,90],[0, 1, 7, 8, 9, 10, 15, 17, 19]]
[[2,6,8,18,27,66],[0, 1, 4, 5, 7, 8, 9, 10, 12, 15, 17, 19]]
[[2,6,8,18,27,66],[0, 2, 6, 7, 9, 12, 15, 16, 17, 18, 19]]
[[2,6,8,18,12,66],[0, 2, 6, 7, 9, 11, 12, 13, 15, 16, 17, 18, 19]]
[[2,6,8,18,22,90],[0, 2, 6, 7, 9, 12, 14, 16, 18]]
[[2,6,8,18,12,66],[0, 5, 6, 8, 9, 15, 16, 18]]
[[2,6,8,18,27,66],[0, 5, 6, 8, 9, 11, 13, 15, 16, 18]]
[[2,6,8,18,22,90],[0, 5, 6, 8, 9, 11, 12, 13, 14, 15, 16, 19]]
[[2,8,20,28,37,74],[0, 5, 6, 8, 9, 10, 11, 12, 13, 18, 19]]
[[2,8,20,28,52,50],[0, 1, 3, 6, 7, 9, 10, 11, 13, 15]]
[[2,8,20,28,27,74],[0, 1, 3, 5, 6, 7, 9, 10, 11, 13, 15, 18, 19]]
[[2,8,20,28,37,74],[1, 5, 6, 7, 9, 10, 12, 15, 18, 19]]
[[2,8,20,28,52,50],[2, 3, 4, 6, 8, 9, 10, 11, 12, 13, 14, 15, 18, 19]]
[[2,8,20,28,27,74],[2, 3, 6, 8, 9, 10, 11, 12, 13, 14, 17, 18]]
[[2,8,20,28,52,50],[2, 5, 6, 8, 9, 10, 11, 13, 18, 19]]
[[2,8,20,28,37,74],[0, 1, 2, 4, 5, 6, 8, 9, 10, 14]]
[[2,8,20,28,52,50],[4, 5, 6, 7, 9, 10, 11, 13, 14]]
[[2,8,20,28,27,74],[1, 2, 3, 4, 5, 6, 8, 9, 10, 11, 12, 13, 14]]
[[2,8,20,28,37,74],[0, 2, 3, 6, 7, 9, 10, 11, 13, 15]]
[[2,8,20,28,27,74],[0, 3, 4, 6, 7, 9, 10, 11, 12, 13, 14, 17, 19]]
[[2,8,20,28,27,74],[0, 2, 3, 7, 8, 9, 10, 11, 12, 13, 14]]
[[2,8,20,28,52,50],[1, 2, 3, 4, 5, 7, 8, 9, 10, 11, 12, 13, 17, 18]]
[[2,8,20,28,37,74],[0, 2, 3, 5, 9, 10, 11, 13, 15, 17, 19]]
[[2,8,20,28,27,74],[4, 5, 7, 8, 9, 10, 11, 13, 15, 17, 19]]
[[2,8,20,28,37,74],[0, 2, 3, 7, 8, 9, 10, 12, 15, 17, 19]]
[[2,8,20,28,52,50],[1, 3, 5, 7, 8, 9, 10, 11, 12, 13, 14, 15, 17, 18]]
[[2,8,20,28,27,74],[1, 2, 5, 6, 8, 9, 11, 13, 15, 16, 17]]
[[2,8,20,28,37,74],[0, 6, 8, 9, 14, 15, 16, 17, 18, 19]]
[[2,8,20,28,37,74],[2, 3, 5, 6, 7, 9, 11, 13, 14, 15, 16, 17]]
[[2,8,20,28,52,50],[3, 5, 6, 8, 9, 11, 12, 13, 14, 15, 16, 17]]
[[2,8,20,28,27,74],[0, 6, 7, 9, 11, 13, 15, 16, 19]]
[[2,8,20,28,52,50],[2, 3, 6, 7, 9, 11, 13, 14, 15, 16, 19]]
[[2,4,11,8,17,85],[0, 1, 2, 3, 6, 7, 9, 10, 12, 14, 18, 19]]
[[2,4,11,8,17,85],[0, 1, 2, 3, 6, 8, 9, 10, 11, 13, 15, 17, 19]]
[[2,4,11,8,17,85],[2, 4, 6, 8, 9, 10, 12, 14, 15]]
[[2,4,11,8,17,85],[0, 2, 3, 5, 6, 7, 9, 10, 11, 12, 13, 15, 17, 18]]
[[2,4,11,8,17,85],[0, 3, 4, 5, 9, 10, 11, 12, 13]]
[[2,4,11,8,17,85],[5, 7, 8, 9, 10, 12, 14, 17, 19]]
[[2,4,11,8,17,85],[0, 1, 3, 5, 6, 7, 9, 11, 13, 14, 16, 17, 18, 19]]
[[2,4,11,8,17,85],[0, 2, 6, 8, 9, 14, 15, 16, 18]]
