[[0, 1, 4, 7], [2, 4], [3, 5], [6, 7]]
[[4,4,7,16,54,91],[14, 16, 37, 42, 49, 17, 38, 44, 53]]
[[3,7,9,23,33,103],[14, 16, 37, 42, 17, 38, 50, 52, 44]]
[[3,5,3,17,43,59],[14, 16, 37, 42, 17, 38, 52, 44, 51]]
[[4,4,7,16,44,85],[14, 16, 37, 42, 17, 38, 44, 51, 53]]
[[3,9,18,25,23,102],[14, 16, 37, 42, 17, 38, 44, 51, 54]]
[[4,10,16,10,29,88],[14, 16, 37, 42, 17, 38, 52, 44, 53]]
[[3,9,12,25,43,78],[14, 16, 37, 42, 17, 38, 52, 44, 54]]
[[4,10,13,30,29,97],[14, 16, 37, 42, 17, 38, 44, 53, 54]]
[[3,5,9,13,38,83],[14, 16, 37, 42, 49, 17, 38, 50, 53]]
[[3,5,6,29,33,86],[14, 16, 37, 42, 49, 17, 38, 51, 53]]
[[3,5,21,21,33,101],[14, 16, 37, 42, 49, 17, 38, 53, 54]]
[[3,7,6,35,28,58],[14, 16, 37, 42, 17, 38, 50, 51, 53]]
[[3,9,9,33,28,57],[14, 16, 37, 42, 17, 38, 52, 51, 53]]
[[3,5,3,25,28,101],[14, 16, 37, 42, 17, 38, 51, 53, 54]]
[[1,5,16,33,31,86],[14, 16, 37, 42, 17, 38, 52, 53, 54]]
[[3,7,18,15,38,94],[14, 16, 37, 49, 17, 38, 43, 52, 44]]
[[4,8,19,20,34,107],[14, 16, 37, 49, 17, 38, 43, 44, 53]]
[[3,3,12,7,33,114],[14, 16, 37, 49, 17, 38, 43, 44, 54]]
[[3,5,9,25,48,65],[14, 16, 37, 17, 38, 43, 50, 52, 44]]
[[4,6,10,22,34,114],[14, 16, 37, 17, 38, 43, 50, 44, 53]]
[[3,5,6,17,43,116],[14, 16, 37, 17, 38, 43, 52, 44, 51]]
[[4,8,19,36,24,65],[14, 16, 37, 17, 38, 43, 44, 51, 53]]
[[3,9,9,33,33,93],[14, 16, 37, 17, 38, 43, 44, 51, 54]]
[[4,6,19,34,39,57],[14, 16, 37, 17, 38, 43, 52, 44, 53]]
[[4,10,13,22,24,109],[14, 16, 37, 17, 38, 43, 44, 53, 54]]
[[3,7,9,23,33,79],[14, 16, 37, 49, 17, 38, 43, 50, 53]]
[[3,9,12,33,38,78],[14, 16, 37, 49, 17, 38, 43, 51, 53]]
[[2,4,17,12,17,85],[14, 16, 37, 49, 17, 38, 43, 51, 54]]
[[3,9,12,33,38,84],[14, 16, 37, 49, 17, 38, 43, 52, 53]]
[[2,6,14,18,52,60],[14, 16, 37, 49, 17, 38, 43, 52, 54]]
[[3,5,12,25,38,116],[14, 16, 37, 17, 38, 43, 50, 51, 53]]
[[3,7,12,31,38,70],[14, 16, 37, 17, 38, 43, 50, 52, 53]]
[[3,5,21,17,33,71],[14, 16, 37, 17, 38, 43, 52, 51, 53]]
[[2,4,14,20,52,70],[14, 16, 37, 17, 38, 43, 52, 51, 54]]
[[3,9,12,29,23,84],[14, 16, 37, 17, 38, 43, 51, 53, 54]]
[[1,9,7,13,31,93],[14, 16, 37, 17, 38, 43, 52, 53, 54]]
[[2,4,5,16,42,67],[14, 16, 37, 49, 17, 38, 50, 52, 44]]
[[3,5,9,29,38,71],[14, 16, 37, 49, 17, 38, 50, 44, 53]]
[[2,8,20,32,32,74],[14, 16, 37, 49, 17, 38, 52, 44, 51]]
[[2,4,11,12,32,73],[14, 16, 37, 49, 17, 38, 44, 51, 54]]
[[3,7,6,43,18,34],[14, 16, 37, 49, 17, 38, 44, 53, 54]]
[[2,4,11,20,37,61],[14, 16, 37, 17, 38, 50, 52, 44, 51]]
[[3,3,6,23,18,84],[14, 16, 37, 17, 38, 50, 44, 51, 53]]
[[3,9,9,25,23,117],[14, 16, 37, 17, 38, 50, 52, 44, 53]]
[[3,5,6,25,43,98],[14, 16, 37, 17, 38, 50, 44, 53, 54]]
[[3,3,15,11,38,129],[14, 16, 37, 17, 38, 52, 44, 51, 53]]
[[2,8,5,28,37,89],[14, 16, 37, 17, 38, 52, 44, 51, 54]]
[[3,7,18,27,23,106],[14, 16, 37, 17, 38, 44, 51, 53, 54]]
[[1,7,7,27,16,85],[14, 16, 37, 17, 38, 52, 44, 53, 54]]
[[4,14,7,22,39,77],[14, 16, 37, 49, 17, 38, 50, 51, 53]]
[[4,10,13,42,19,49],[14, 16, 37, 49, 17, 38, 50, 52, 53]]
[[4,10,10,34,29,88],[14, 16, 37, 49, 17, 38, 50, 53, 54]]
[[4,8,19,20,34,113],[14, 16, 37, 49, 17, 38, 51, 53, 54]]
[[4,12,10,20,54,72],[14, 16, 37, 17, 38, 50, 52, 51, 53]]
[[4,8,22,24,34,50],[14, 16, 37, 17, 38, 50, 51, 53, 54]]
[[2,6,26,34,22,84],[14, 16, 37, 17, 38, 52, 51, 53, 54]]
[[2,2,5,18,22,89],[14, 40, 16, 37, 42, 17, 43, 39, 54]]
[[2,6,8,18,42,36],[14, 40, 16, 37, 42, 17, 52, 39, 44]]
[[3,7,12,19,13,88],[14, 40, 16, 37, 42, 17, 39, 44, 53]]
[[2,6,11,14,62,75],[14, 40, 16, 37, 42, 17, 39, 44, 54]]
[[4,8,13,28,24,65],[14, 40, 16, 37, 42, 17, 50, 39, 53]]
[[4,10,19,22,24,103],[14, 40, 16, 37, 42, 17, 39, 51, 53]]
[[3,9,18,29,23,102],[14, 40, 16, 37, 42, 17, 39, 51, 54]]
[[2,4,11,16,22,97],[14, 40, 16, 37, 17, 43, 52, 39, 44]]
[[3,9,6,33,28,96],[14, 40, 16, 37, 17, 43, 39, 44, 53]]
[[2,4,11,16,32,97],[14, 40, 16, 37, 17, 43, 39, 44, 54]]
[[4,12,10,20,54,72],[14, 40, 16, 37, 17, 43, 39, 51, 53]]
[[3,3,9,11,38,129],[14, 40, 16, 37, 17, 43, 39, 51, 54]]
[[3,7,12,23,38,112],[14, 40, 16, 37, 17, 50, 52, 39, 44]]
[[4,8,13,36,24,65],[14, 40, 16, 37, 17, 50, 39, 44, 53]]
[[3,5,15,13,38,113],[14, 40, 16, 37, 17, 52, 39, 44, 51]]
[[4,8,10,16,39,80],[14, 40, 16, 37, 17, 39, 44, 51, 53]]
[[3,13,12,25,33,58],[14, 40, 16, 37, 17, 39, 44, 51, 54]]
[[3,7,12,23,18,82],[14, 40, 16, 37, 49, 17, 50, 39, 53]]
[[3,7,12,19,28,106],[14, 40, 16, 37, 49, 17, 39, 51, 53]]
[[2,6,5,22,42,75],[14, 40, 16, 37, 49, 17, 39, 51, 54]]
[[3,7,15,19,28,103],[14, 40, 16, 37, 17, 50, 39, 51, 53]]
[[3,9,18,37,28,66],[14, 40, 16, 37, 17, 50, 52, 39, 53]]
[[3,9,15,29,28,63],[14, 40, 16, 37, 17, 50, 39, 53, 54]]
[[3,9,12,17,53,78],[14, 40, 16, 37, 17, 52, 39, 51, 53]]
[[3,9,15,33,38,63],[14, 40, 16, 37, 17, 39, 51, 53, 54]]
[[2,4,5,12,12,121],[14, 16, 37, 42, 17, 43, 52, 39, 44]]
[[3,9,15,33,23,81],[14, 16, 37, 42, 17, 43, 39, 44, 53]]
[[2,8,11,20,32,101],[14, 16, 37, 42, 17, 43, 39, 44, 54]]
[[4,8,19,28,39,65],[14, 16, 37, 42, 49, 17, 43, 39, 53]]
[[4,6,13,14,39,111],[14, 16, 37, 42, 17, 43, 50, 39, 53]]
[[4,12,13,36,24,45],[14, 16, 37, 42, 17, 43, 39, 51, 53]]
[[3,7,6,43,33,70],[14, 16, 37, 42, 17, 43, 39, 51, 54]]
[[4,6,10,22,54,78],[14, 16, 37, 42, 17, 43, 52, 39, 53]]
[[3,9,18,25,33,78],[14, 16, 37, 42, 49, 17, 52, 39, 44]]
[[4,10,13,34,29,67],[14, 16, 37, 42, 49, 17, 39, 44, 53]]
[[3,7,9,11,48,79],[14, 16, 37, 42, 17, 50, 52, 39, 44]]
[[4,8,13,24,24,107],[14, 16, 37, 42, 17, 50, 39, 44, 53]]
[[3,7,12,15,33,88],[14, 16, 37, 42, 17, 52, 39, 44, 51]]
[[4,10,19,22,19,97],[14, 16, 37, 42, 17, 39, 44, 51, 53]]
[[4,8,13,28,39,59],[14, 16, 37, 42, 17, 52, 39, 44, 53]]
[[4,8,22,24,34,50],[14, 16, 37, 42, 17, 39, 44, 53, 54]]
[[3,5,6,13,43,86],[14, 16, 37, 42, 49, 17, 50, 39, 53]]
[[3,7,9,39,33,79],[14, 16, 37, 42, 49, 17, 39, 51, 53]]
[[2,6,8,30,47,48],[14, 16, 37, 42, 49, 17, 39, 51, 54]]
[[3,3,12,15,28,96],[14, 16, 37, 42, 49, 17, 52, 39, 53]]
[[3,7,24,23,28,88],[14, 16, 37, 42, 49, 17, 39, 53, 54]]
[[3,7,15,23,28,121],[14, 16, 37, 42, 17, 50, 39, 51, 53]]
[[3,9,6,37,28,54],[14, 16, 37, 42, 17, 50, 52, 39, 53]]
[[3,9,18,29,38,54],[14, 16, 37, 42, 17, 50, 39, 53, 54]]
[[3,7,9,35,33,55],[14, 16, 37, 42, 17, 52, 39, 51, 53]]
[[3,7,15,27,13,91],[14, 16, 37, 42, 17, 39, 51, 53, 54]]
[[1,7,19,23,31,43],[14, 16, 37, 42, 17, 52, 39, 53, 54]]
[[3,9,21,25,23,87],[14, 16, 37, 49, 17, 43, 52, 39, 44]]
[[4,6,13,22,39,81],[14, 16, 37, 49, 17, 43, 39, 44, 53]]
[[4,6,10,26,29,84],[14, 16, 37, 17, 43, 50, 39, 44, 53]]
[[3,11,15,35,33,59],[14, 16, 37, 17, 43, 52, 39, 44, 51]]
[[4,10,16,22,24,112],[14, 16, 37, 17, 43, 39, 44, 51, 53]]
[[3,3,6,7,33,138],[14, 16, 37, 17, 43, 39, 44, 51, 54]]
[[4,8,16,16,34,68],[14, 16, 37, 17, 43, 52, 39, 44, 53]]
[[4,8,16,20,24,98],[14, 16, 37, 17, 43, 39, 44, 53, 54]]
[[3,11,18,27,13,92],[14, 16, 37, 49, 17, 43, 50, 39, 53]]
[[3,7,18,31,38,88],[14, 16, 37, 49, 17, 43, 39, 51, 53]]
[[2,6,17,22,27,87],[14, 16, 37, 49, 17, 43, 39, 51, 54]]
[[3,7,9,23,33,127],[14, 16, 37, 49, 17, 43, 52, 39, 53]]
[[3,11,9,27,33,71],[14, 16, 37, 49, 17, 43, 39, 53, 54]]
[[3,13,12,21,43,76],[14, 16, 37, 17, 43, 50, 39, 51, 53]]
[[3,3,6,11,28,102],[14, 16, 37, 17, 43, 50, 52, 39, 53]]
[[2,8,14,28,27,104],[14, 16, 37, 17, 43, 50, 52, 39, 54]]
[[3,7,15,19,28,97],[14, 16, 37, 17, 43, 50, 39, 53, 54]]
[[2,6,17,18,22,81],[14, 16, 37, 17, 43, 52, 39, 51, 54]]
[[3,7,9,19,18,97],[14, 16, 37, 17, 43, 39, 51, 53, 54]]
[[1,7,10,19,26,70],[14, 16, 37, 17, 43, 52, 39, 53, 54]]
[[2,2,14,14,27,104],[14, 16, 37, 49, 17, 50, 52, 39, 44]]
[[3,7,15,27,48,67],[14, 16, 37, 49, 17, 50, 39, 44, 53]]
[[2,8,8,32,27,86],[14, 16, 37, 49, 17, 52, 39, 44, 51]]
[[3,3,15,19,43,93],[14, 16, 37, 49, 17, 39, 44, 51, 53]]
[[2,10,11,14,62,97],[14, 16, 37, 49, 17, 52, 39, 44, 54]]
[[3,7,6,19,33,112],[14, 16, 37, 49, 17, 39, 44, 53, 54]]
[[3,9,18,25,18,102],[14, 16, 37, 17, 50, 39, 44, 51, 53]]
[[3,11,12,43,28,56],[14, 16, 37, 17, 50, 52, 39, 44, 53]]
[[2,2,8,14,32,80],[14, 16, 37, 17, 50, 52, 39, 44, 54]]
[[3,7,9,23,53,67],[14, 16, 37, 17, 50, 39, 44, 53, 54]]
[[3,7,12,19,43,106],[14, 16, 37, 17, 52, 39, 44, 51, 53]]
[[2,4,8,8,37,82],[14, 16, 37, 17, 52, 39, 44, 51, 54]]
[[3,3,15,15,38,105],[14, 16, 37, 17, 39, 44, 51, 53, 54]]
[[1,3,13,11,26,69],[14, 16, 37, 17, 52, 39, 44, 53, 54]]
[[4,8,22,16,29,86],[14, 16, 37, 49, 17, 50, 39, 51, 53]]
[[4,16,7,24,29,73],[14, 16, 37, 49, 17, 50, 39, 53, 54]]
[[4,8,19,24,24,95],[14, 16, 37, 49, 17, 52, 39, 51, 53]]
[[4,8,16,12,24,92],[14, 16, 37, 49, 17, 39, 51, 53, 54]]
[[4,10,10,30,29,88],[14, 16, 37, 17, 50, 39, 51, 53, 54]]
[[2,6,5,18,17,105],[14, 16, 37, 17, 52, 39, 51, 53, 54]]
[[3,5,6,17,53,86],[14, 40, 16, 37, 42, 17, 43, 52, 44]]
[[4,6,16,26,29,72],[14, 40, 16, 37, 42, 17, 43, 44, 53]]
[[2,8,14,40,42,80],[14, 40, 16, 37, 42, 49, 17, 43, 54]]
[[3,7,24,19,23,94],[14, 40, 16, 37, 42, 17, 43, 50, 53]]
[[3,5,6,21,38,122],[14, 40, 16, 37, 42, 17, 43, 51, 53]]
[[2,8,5,28,37,107],[14, 40, 16, 37, 42, 17, 43, 51, 54]]
[[3,7,18,27,28,94],[14, 40, 16, 37, 42, 17, 43, 52, 53]]
[[2,12,5,28,52,93],[14, 40, 16, 37, 42, 49, 17, 52, 44]]
[[2,4,5,12,12,97],[14, 40, 16, 37, 42, 49, 17, 44, 54]]
[[2,4,5,32,27,97],[14, 40, 16, 37, 42, 17, 50, 52, 44]]
[[3,5,12,17,33,110],[14, 40, 16, 37, 42, 17, 50, 44, 53]]
[[2,8,2,24,32,92],[14, 40, 16, 37, 42, 17, 52, 44, 51]]
[[3,7,3,31,28,97],[14, 40, 16, 37, 42, 17, 44, 51, 53]]
[[2,4,14,16,12,100],[14, 40, 16, 37, 42, 17, 44, 51, 54]]
[[3,5,6,29,33,86],[14, 40, 16, 37, 42, 17, 52, 44, 53]]
[[3,5,12,21,43,110],[14, 40, 16, 37, 42, 17, 44, 53, 54]]
[[4,12,13,32,24,51],[14, 40, 16, 37, 42, 49, 17, 50, 53]]
[[4,10,16,18,29,82],[14, 40, 16, 37, 42, 49, 17, 51, 53]]
[[3,9,18,25,38,78],[14, 40, 16, 37, 42, 49, 17, 51, 54]]
[[4,6,19,10,39,105],[14, 40, 16, 37, 42, 49, 17, 52, 53]]
[[3,7,12,43,33,64],[14, 40, 16, 37, 42, 49, 17, 52, 54]]
[[4,6,4,26,49,120],[14, 40, 16, 37, 42, 49, 17, 53, 54]]
[[4,8,10,28,44,74],[14, 40, 16, 37, 42, 17, 50, 51, 53]]
[[4,6,19,18,39,63],[14, 40, 16, 37, 42, 17, 50, 52, 53]]
[[3,11,9,31,43,65],[14, 40, 16, 37, 42, 17, 50, 52, 54]]
[[4,14,16,22,14,80],[14, 40, 16, 37, 42, 17, 50, 53, 54]]
[[4,8,16,28,39,86],[14, 40, 16, 37, 42, 17, 52, 51, 53]]
[[3,7,6,19,48,112],[14, 40, 16, 37, 42, 17, 52, 51, 54]]
[[2,12,5,32,42,69],[14, 40, 16, 37, 42, 17, 52, 53, 54]]
[[2,6,8,26,37,66],[14, 40, 16, 37, 49, 17, 43, 52, 44]]
[[2,6,20,22,37,84],[14, 40, 16, 37, 49, 17, 43, 44, 54]]
[[2,12,11,20,52,99],[14, 40, 16, 37, 17, 43, 50, 52, 44]]
[[3,9,12,25,28,114],[14, 40, 16, 37, 17, 43, 50, 44, 53]]
[[3,9,9,45,33,57],[14, 40, 16, 37, 17, 43, 44, 51, 53]]
[[2,6,17,18,22,87],[14, 40, 16, 37, 17, 43, 44, 51, 54]]
[[3,7,12,27,28,118],[14, 40, 16, 37, 17, 43, 52, 44, 53]]
[[2,6,17,22,32,81],[14, 40, 16, 37, 17, 43, 52, 44, 54]]
[[3,7,6,23,38,118],[14, 40, 16, 37, 17, 43, 44, 53, 54]]
[[4,4,22,8,59,100],[14, 40, 16, 37, 49, 17, 43, 50, 53]]
[[4,8,10,28,39,86],[14, 40, 16, 37, 49, 17, 43, 51, 53]]
[[4,8,13,24,54,89],[14, 40, 16, 37, 49, 17, 43, 52, 53]]
[[4,8,13,16,39,107],[14, 40, 16, 37, 17, 43, 50, 51, 53]]
[[4,10,19,22,29,67],[14, 40, 16, 37, 17, 43, 50, 52, 53]]
[[4,6,10,26,49,120],[14, 40, 16, 37, 17, 43, 50, 53, 54]]
[[4,10,19,26,24,67],[14, 40, 16, 37, 17, 43, 52, 51, 53]]
[[4,6,16,22,39,78],[14, 40, 16, 37, 17, 43, 51, 53, 54]]
[[2,10,11,26,37,109],[14, 40, 16, 37, 17, 43, 52, 53, 54]]
[[3,7,6,15,63,88],[14, 40, 16, 37, 49, 17, 50, 52, 44]]
[[4,12,7,28,44,87],[14, 40, 16, 37, 49, 17, 50, 44, 53]]
[[3,9,18,25,23,108],[14, 40, 16, 37, 49, 17, 52, 44, 51]]
[[4,8,16,24,44,86],[14, 40, 16, 37, 49, 17, 44, 51, 53]]
[[3,9,9,29,28,99],[14, 40, 16, 37, 49, 17, 44, 51, 54]]
[[4,8,25,24,29,59],[14, 40, 16, 37, 49, 17, 52, 44, 53]]
[[4,4,13,12,49,121],[14, 40, 16, 37, 49, 17, 44, 53, 54]]
[[3,9,6,33,43,78],[14, 40, 16, 37, 17, 50, 52, 44, 51]]
[[4,10,22,14,19,88],[14, 40, 16, 37, 17, 50, 52, 44, 53]]
[[4,10,13,26,44,73],[14, 40, 16, 37, 17, 50, 44, 53, 54]]
[[4,6,13,14,54,105],[14, 40, 16, 37, 17, 52, 44, 51, 53]]
[[4,6,22,18,34,84],[14, 40, 16, 37, 17, 44, 51, 53, 54]]
[[2,10,8,34,27,82],[14, 40, 16, 37, 17, 52, 44, 53, 54]]
[[2,6,11,30,52,63],[14, 40, 16, 37, 49, 17, 50, 52, 54]]
[[3,5,18,29,33,98],[14, 40, 16, 37, 49, 17, 52, 51, 53]]
[[2,8,17,32,57,53],[14, 40, 16, 37, 49, 17, 52, 51, 54]]
[[3,5,15,21,28,113],[14, 40, 16, 37, 49, 17, 51, 53, 54]]
[[1,7,16,15,61,64],[14, 40, 16, 37, 49, 17, 52, 53, 54]]
[[2,4,5,12,27,73],[14, 40, 16, 37, 17, 50, 52, 51, 54]]
[[3,5,15,13,38,95],[14, 40, 16, 37, 17, 50, 51, 53, 54]]
[[1,13,10,17,31,94],[14, 40, 16, 37, 17, 50, 52, 53, 54]]
[[1,5,7,25,6,101],[14, 40, 16, 37, 17, 52, 51, 53, 54]]
[[3,3,21,7,33,93],[14, 16, 37, 42, 49, 17, 43, 44, 53]]
[[2,12,8,24,22,78],[14, 16, 37, 42, 17, 43, 50, 52, 44]]
[[3,9,24,25,18,84],[14, 16, 37, 42, 17, 43, 50, 44, 53]]
[[3,7,12,19,43,106],[14, 16, 37, 42, 17, 43, 44, 51, 53]]
[[2,12,8,32,37,66],[14, 16, 37, 42, 17, 43, 44, 51, 54]]
[[3,13,12,33,18,82],[14, 16, 37, 42, 17, 43, 52, 44, 53]]
[[2,4,2,12,27,64],[14, 16, 37, 42, 17, 43, 52, 44, 54]]
[[3,9,9,25,38,123],[14, 16, 37, 42, 17, 43, 44, 53, 54]]
[[4,6,10,22,54,102],[14, 16, 37, 42, 49, 17, 43, 50, 53]]
[[4,8,19,20,39,89],[14, 16, 37, 42, 49, 17, 43, 51, 53]]
[[3,3,18,11,43,114],[14, 16, 37, 42, 49, 17, 43, 51, 54]]
[[4,6,10,22,49,120],[14, 16, 37, 42, 17, 43, 50, 52, 53]]
[[4,6,10,30,39,108],[14, 16, 37, 42, 17, 43, 50, 53, 54]]
[[4,8,13,32,34,65],[14, 16, 37, 42, 17, 43, 52, 51, 53]]
[[4,8,7,24,44,65],[14, 16, 37, 42, 17, 43, 51, 53, 54]]
[[3,7,24,27,23,100],[14, 16, 37, 42, 49, 17, 50, 52, 44]]
[[4,4,13,8,34,85],[14, 16, 37, 42, 49, 17, 50, 44, 53]]
[[3,11,12,27,28,74],[14, 16, 37, 42, 49, 17, 52, 44, 51]]
[[4,10,13,22,54,67],[14, 16, 37, 42, 49, 17, 44, 51, 53]]
[[3,7,18,19,18,118],[14, 16, 37, 42, 49, 17, 44, 51, 54]]
[[4,8,16,28,29,62],[14, 16, 37, 42, 17, 50, 44, 53, 54]]
[[4,6,10,42,24,84],[14, 16, 37, 42, 17, 52, 44, 51, 53]]
[[4,10,22,18,24,76],[14, 16, 37, 42, 17, 44, 51, 53, 54]]
[[3,9,15,25,38,93],[14, 16, 37, 42, 49, 17, 50, 51, 53]]
[[3,5,12,29,33,110],[14, 16, 37, 42, 49, 17, 50, 52, 53]]
[[2,6,17,18,37,87],[14, 16, 37, 42, 49, 17, 50, 52, 54]]
[[3,5,15,29,48,53],[14, 16, 37, 42, 49, 17, 50, 53, 54]]
[[2,6,17,22,17,81],[14, 16, 37, 42, 49, 17, 52, 51, 54]]
[[3,7,15,31,33,103],[14, 16, 37, 42, 49, 17, 51, 53, 54]]
[[1,5,22,37,16,74],[14, 16, 37, 42, 49, 17, 52, 53, 54]]
[[3,11,9,23,28,83],[14, 16, 37, 42, 17, 50, 52, 51, 53]]
[[2,6,11,26,32,87],[14, 16, 37, 42, 17, 50, 52, 51, 54]]
[[3,3,6,15,43,60],[14, 16, 37, 42, 17, 50, 51, 53, 54]]
[[1,11,16,23,46,92],[14, 16, 37, 42, 17, 50, 52, 53, 54]]
[[1,5,10,25,11,110],[14, 16, 37, 42, 17, 52, 51, 53, 54]]
[[3,9,18,25,23,72],[14, 16, 37, 49, 17, 43, 50, 52, 44]]
[[4,10,13,22,24,115],[14, 16, 37, 49, 17, 43, 50, 44, 53]]
[[4,10,13,26,39,103],[14, 16, 37, 49, 17, 43, 44, 51, 53]]
[[4,6,10,18,49,108],[14, 16, 37, 17, 43, 50, 52, 44, 53]]
[[3,9,18,25,38,78],[14, 16, 37, 17, 43, 50, 52, 44, 54]]
[[4,6,13,18,44,135],[14, 16, 37, 17, 43, 50, 44, 53, 54]]
[[4,10,16,22,34,88],[14, 16, 37, 17, 43, 52, 44, 51, 53]]
[[3,7,12,23,33,136],[14, 16, 37, 17, 43, 52, 44, 51, 54]]
[[4,10,13,30,29,91],[14, 16, 37, 17, 43, 44, 51, 53, 54]]
[[3,15,12,31,23,54],[14, 16, 37, 49, 17, 43, 50, 51, 53]]
[[3,3,6,27,28,78],[14, 16, 37, 49, 17, 43, 50, 52, 53]]
[[3,15,9,27,33,63],[14, 16, 37, 49, 17, 43, 52, 51, 53]]
[[3,3,6,11,33,102],[14, 16, 37, 49, 17, 43, 51, 53, 54]]
[[3,5,15,13,18,71],[14, 16, 37, 17, 43, 50, 52, 51, 53]]
[[3,5,15,33,38,95],[14, 16, 37, 17, 43, 50, 51, 53, 54]]
[[1,9,7,25,46,81],[14, 16, 37, 17, 43, 50, 52, 53, 54]]
[[1,13,16,25,36,82],[14, 16, 37, 17, 43, 52, 51, 53, 54]]
[[3,7,15,23,33,103],[14, 16, 37, 49, 17, 50, 44, 51, 53]]
[[3,7,18,23,33,88],[14, 16, 37, 49, 17, 50, 52, 44, 53]]
[[3,7,9,15,33,73],[14, 16, 37, 49, 17, 50, 44, 53, 54]]
[[3,7,18,23,18,118],[14, 16, 37, 49, 17, 52, 44, 51, 53]]
[[3,7,9,31,43,73],[14, 16, 37, 49, 17, 44, 51, 53, 54]]
[[1,9,13,17,56,81],[14, 16, 37, 49, 17, 52, 44, 53, 54]]
[[3,5,15,25,38,113],[14, 16, 37, 17, 50, 52, 44, 51, 53]]
[[3,9,21,21,13,93],[14, 16, 37, 17, 50, 44, 51, 53, 54]]
[[1,9,7,25,31,105],[14, 16, 37, 17, 50, 52, 44, 53, 54]]
[[1,5,1,21,26,77],[14, 16, 37, 17, 52, 44, 51, 53, 54]]
[[2,10,8,30,27,82],[14, 16, 37, 49, 17, 50, 52, 53, 54]]
[[3,5,9,25,23,95],[14, 40, 16, 42, 17, 38, 43, 39, 53]]
[[2,4,17,28,27,109],[14, 40, 16, 42, 17, 38, 43, 39, 54]]
[[2,6,17,26,12,117],[14, 40, 16, 42, 17, 38, 52, 39, 44]]
[[3,5,12,21,18,98],[14, 40, 16, 42, 17, 38, 39, 44, 53]]
[[2,6,2,26,32,90],[14, 40, 16, 42, 17, 38, 39, 44, 54]]
[[4,14,13,30,14,65],[14, 40, 16, 42, 49, 17, 38, 39, 53]]
[[4,6,25,10,39,93],[14, 40, 16, 42, 17, 38, 52, 39, 53]]
[[3,9,18,29,13,96],[14, 40, 16, 42, 17, 38, 52, 39, 54]]
[[4,6,16,22,44,114],[14, 40, 16, 42, 17, 38, 39, 53, 54]]
[[3,7,12,19,43,106],[14, 40, 16, 17, 38, 43, 39, 44, 53]]
[[2,12,8,32,37,66],[14, 40, 16, 17, 38, 43, 39, 44, 54]]
[[4,8,19,20,39,89],[14, 40, 16, 49, 17, 38, 43, 39, 53]]
[[3,3,18,11,43,114],[14, 40, 16, 49, 17, 38, 43, 39, 54]]
[[4,8,13,32,34,65],[14, 40, 16, 17, 38, 43, 52, 39, 53]]
[[4,8,7,24,44,65],[14, 40, 16, 17, 38, 43, 39, 53, 54]]
[[3,11,12,27,28,74],[14, 40, 16, 49, 17, 38, 52, 39, 44]]
[[4,10,13,22,54,67],[14, 40, 16, 49, 17, 38, 39, 44, 53]]
[[3,7,18,19,18,118],[14, 40, 16, 49, 17, 38, 39, 44, 54]]
[[4,6,10,42,24,84],[14, 40, 16, 17, 38, 52, 39, 44, 53]]
[[4,10,22,18,24,76],[14, 40, 16, 17, 38, 39, 44, 53, 54]]
[[3,9,15,25,38,93],[14, 40, 16, 49, 17, 38, 50, 39, 53]]
[[3,9,9,25,43,87],[14, 40, 16, 49, 17, 38, 39, 51, 53]]
[[2,6,11,18,12,105],[14, 40, 16, 49, 17, 38, 39, 51, 54]]
[[2,6,17,22,17,81],[14, 40, 16, 49, 17, 38, 52, 39, 54]]
[[3,7,15,31,33,103],[14, 40, 16, 49, 17, 38, 39, 53, 54]]
[[3,7,15,31,28,103],[14, 40, 16, 17, 38, 50, 39, 51, 53]]
[[3,11,9,23,28,83],[14, 40, 16, 17, 38, 50, 52, 39, 53]]
[[2,6,11,26,32,87],[14, 40, 16, 17, 38, 50, 52, 39, 54]]
[[3,3,6,15,43,60],[14, 40, 16, 17, 38, 50, 39, 53, 54]]
[[3,3,3,7,23,123],[14, 40, 16, 17, 38, 52, 39, 51, 53]]
[[2,8,11,32,27,113],[14, 40, 16, 17, 38, 52, 39, 51, 54]]
[[3,7,24,19,13,88],[14, 40, 16, 17, 38, 39, 51, 53, 54]]
[[1,5,10,25,11,110],[14, 40, 16, 17, 38, 52, 39, 53, 54]]
[[3,9,9,45,33,57],[14, 16, 42, 17, 38, 43, 39, 44, 53]]
[[2,6,17,18,22,87],[14, 16, 42, 17, 38, 43, 39, 44, 54]]
[[4,8,10,28,39,86],[14, 16, 42, 49, 17, 38, 43, 39, 53]]
[[4,8,13,16,39,107],[14, 16, 42, 17, 38, 43, 50, 39, 53]]
[[4,10,19,26,24,67],[14, 16, 42, 17, 38, 43, 52, 39, 53]]
[[4,6,16,22,39,78],[14, 16, 42, 17, 38, 43, 39, 53, 54]]
[[3,9,18,25,23,108],[14, 16, 42, 49, 17, 38, 52, 39, 44]]
[[4,8,16,24,44,86],[14, 16, 42, 49, 17, 38, 39, 44, 53]]
[[3,9,9,29,28,99],[14, 16, 42, 49, 17, 38, 39, 44, 54]]
[[3,9,6,33,43,78],[14, 16, 42, 17, 38, 50, 52, 39, 44]]
[[3,9,21,25,23,87],[14, 16, 42, 17, 38, 52, 39, 44, 51]]
[[4,14,10,22,29,86],[14, 16, 42, 17, 38, 39, 44, 51, 53]]
[[4,6,13,14,54,105],[14, 16, 42, 17, 38, 52, 39, 44, 53]]
[[4,6,22,18,34,84],[14, 16, 42, 17, 38, 39, 44, 53, 54]]
[[3,3,24,11,43,96],[14, 16, 42, 49, 17, 38, 39, 51, 53]]
[[2,4,11,20,32,85],[14, 16, 42, 49, 17, 38, 39, 51, 54]]
[[3,5,18,29,33,98],[14, 16, 42, 49, 17, 38, 52, 39, 53]]
[[2,8,17,32,57,53],[14, 16, 42, 49, 17, 38, 52, 39, 54]]
[[3,5,15,21,28,113],[14, 16, 42, 49, 17, 38, 39, 53, 54]]
[[3,5,21,17,38,113],[14, 16, 42, 17, 38, 50, 39, 51, 53]]
[[2,4,5,12,27,73],[14, 16, 42, 17, 38, 50, 52, 39, 54]]
[[3,5,15,13,38,95],[14, 16, 42, 17, 38, 50, 39, 53, 54]]
[[3,3,15,11,28,93],[14, 16, 42, 17, 38, 52, 39, 51, 53]]
[[3,11,3,23,48,101],[14, 16, 42, 17, 38, 39, 51, 53, 54]]
[[1,5,7,25,6,101],[14, 16, 42, 17, 38, 52, 39, 53, 54]]
[[3,13,12,25,33,58],[14, 16, 49, 17, 38, 43, 52, 39, 44]]
[[4,8,16,24,39,68],[14, 16, 49, 17, 38, 43, 39, 44, 53]]
[[3,5,15,13,38,113],[14, 16, 49, 17, 38, 43, 39, 44, 54]]
[[3,7,18,27,28,106],[14, 16, 17, 38, 43, 50, 52, 39, 44]]
[[4,6,7,26,54,81],[14, 16, 17, 38, 43, 50, 39, 44, 53]]
[[3,5,6,17,53,86],[14, 16, 17, 38, 43, 52, 39, 44, 51]]
[[4,6,16,26,29,72],[14, 16, 17, 38, 43, 39, 44, 51, 53]]
[[4,6,10,18,59,72],[14, 16, 17, 38, 43, 52, 39, 44, 53]]
[[3,7,15,35,33,73],[14, 16, 17, 38, 43, 52, 39, 44, 54]]
[[4,6,13,26,49,93],[14, 16, 17, 38, 43, 39, 44, 53, 54]]
[[2,8,14,40,42,80],[14, 16, 49, 17, 38, 43, 39, 51, 54]]
[[3,13,12,25,38,76],[14, 16, 49, 17, 38, 43, 52, 39, 53]]
[[3,5,24,17,28,92],[14, 16, 49, 17, 38, 43, 39, 53, 54]]
[[3,7,24,19,23,94],[14, 16, 17, 38, 43, 50, 39, 51, 53]]
[[3,7,12,27,43,76],[14, 16, 17, 38, 43, 50, 52, 39, 53]]
[[3,7,18,19,23,112],[14, 16, 17, 38, 43, 50, 39, 53, 54]]
[[3,7,18,27,28,94],[14, 16, 17, 38, 43, 52, 39, 51, 53]]
[[1,5,16,21,16,50],[14, 16, 17, 38, 43, 52, 39, 53, 54]]
[[2,6,11,22,47,87],[14, 16, 49, 17, 38, 50, 52, 39, 44]]
[[3,13,9,25,18,85],[14, 16, 49, 17, 38, 50, 39, 44, 53]]
[[2,12,5,28,52,93],[14, 16, 49, 17, 38, 52, 39, 44, 51]]
[[2,4,5,12,12,97],[14, 16, 49, 17, 38, 39, 44, 51, 54]]
[[3,7,18,15,23,76],[14, 16, 49, 17, 38, 52, 39, 44, 53]]
[[3,3,18,15,43,108],[14, 16, 49, 17, 38, 39, 44, 53, 54]]
[[2,4,5,32,27,97],[14, 16, 17, 38, 50, 52, 39, 44, 51]]
[[3,5,12,17,33,110],[14, 16, 17, 38, 50, 39, 44, 51, 53]]
[[3,9,18,25,33,102],[14, 16, 17, 38, 50, 52, 39, 44, 53]]
[[3,5,12,25,33,86],[14, 16, 17, 38, 50, 39, 44, 53, 54]]
[[3,5,6,29,33,86],[14, 16, 17, 38, 52, 39, 44, 51, 53]]
[[3,5,12,21,43,110],[14, 16, 17, 38, 39, 44, 51, 53, 54]]
[[1,7,13,23,16,61],[14, 16, 17, 38, 52, 39, 44, 53, 54]]
[[4,12,13,32,24,51],[14, 16, 49, 17, 38, 50, 39, 51, 53]]
[[4,10,13,22,64,55],[14, 16, 49, 17, 38, 50, 52, 39, 53]]
[[3,5,18,13,43,110],[14, 16, 49, 17, 38, 50, 52, 39, 54]]
[[4,14,16,26,14,74],[14, 16, 49, 17, 38, 50, 39, 53, 54]]
[[4,6,19,10,39,105],[14, 16, 49, 17, 38, 52, 39, 51, 53]]
[[3,7,12,43,33,64],[14, 16, 49, 17, 38, 52, 39, 51, 54]]
[[4,6,4,26,49,120],[14, 16, 49, 17, 38, 39, 51, 53, 54]]
[[4,6,19,18,39,63],[14, 16, 17, 38, 50, 52, 39, 51, 53]]
[[3,11,9,31,43,65],[14, 16, 17, 38, 50, 52, 39, 51, 54]]
[[4,14,16,22,14,80],[14, 16, 17, 38, 50, 39, 51, 53, 54]]
[[2,8,5,16,37,89],[14, 16, 17, 38, 50, 52, 39, 53, 54]]
[[2,12,5,32,42,69],[14, 16, 17, 38, 52, 39, 51, 53, 54]]
[[3,11,15,35,33,59],[14, 40, 16, 42, 17, 38, 43, 52, 44]]
[[4,10,16,22,24,112],[14, 40, 16, 42, 17, 38, 43, 44, 53]]
[[3,3,6,7,33,138],[14, 40, 16, 42, 17, 38, 43, 44, 54]]
[[3,7,18,31,38,88],[14, 40, 16, 42, 49, 17, 38, 43, 53]]
[[2,6,17,22,27,87],[14, 40, 16, 42, 49, 17, 38, 43, 54]]
[[3,13,12,21,43,76],[14, 40, 16, 42, 17, 38, 43, 50, 53]]
[[3,7,18,23,28,106],[14, 40, 16, 42, 17, 38, 43, 51, 53]]
[[2,8,5,28,42,101],[14, 40, 16, 42, 17, 38, 43, 51, 54]]
[[2,6,17,18,22,81],[14, 40, 16, 42, 17, 38, 43, 52, 54]]
[[3,7,9,19,18,97],[14, 40, 16, 42, 17, 38, 43, 53, 54]]
[[2,8,8,32,27,86],[14, 40, 16, 42, 49, 17, 38, 52, 44]]
[[3,3,15,19,43,93],[14, 40, 16, 42, 49, 17, 38, 44, 53]]
[[3,9,18,25,18,102],[14, 40, 16, 42, 17, 38, 50, 44, 53]]
[[3,7,15,31,28,85],[14, 40, 16, 42, 17, 38, 44, 51, 53]]
[[2,6,2,14,47,72],[14, 40, 16, 42, 17, 38, 44, 51, 54]]
[[3,7,12,19,43,106],[14, 40, 16, 42, 17, 38, 52, 44, 53]]
[[2,4,8,8,37,82],[14, 40, 16, 42, 17, 38, 52, 44, 54]]
[[3,3,15,15,38,105],[14, 40, 16, 42, 17, 38, 44, 53, 54]]
[[4,8,22,16,29,86],[14, 40, 16, 42, 49, 17, 38, 50, 53]]
[[4,6,10,18,49,108],[14, 40, 16, 42, 49, 17, 38, 51, 53]]
[[4,8,19,24,24,95],[14, 40, 16, 42, 49, 17, 38, 52, 53]]
[[4,8,16,12,24,92],[14, 40, 16, 42, 49, 17, 38, 53, 54]]
[[4,10,7,26,64,85],[14, 40, 16, 42, 17, 38, 50, 51, 53]]
[[4,10,10,30,29,88],[14, 40, 16, 42, 17, 38, 50, 53, 54]]
[[4,4,4,20,54,76],[14, 40, 16, 42, 17, 38, 52, 51, 53]]
[[4,8,4,24,59,92],[14, 40, 16, 42, 17, 38, 51, 53, 54]]
[[2,6,5,18,17,105],[14, 40, 16, 42, 17, 38, 52, 53, 54]]
[[2,6,17,22,27,99],[14, 40, 16, 49, 17, 38, 43, 52, 44]]
[[2,6,17,30,27,111],[14, 40, 16, 49, 17, 38, 43, 44, 54]]
[[2,10,17,30,27,79],[14, 40, 16, 17, 38, 43, 50, 52, 44]]
[[3,9,9,37,23,57],[14, 40, 16, 17, 38, 43, 50, 44, 53]]
[[2,4,5,12,12,121],[14, 40, 16, 17, 38, 43, 52, 44, 51]]
[[3,9,15,33,23,81],[14, 40, 16, 17, 38, 43, 44, 51, 53]]
[[2,8,11,20,32,101],[14, 40, 16, 17, 38, 43, 44, 51, 54]]
[[3,9,9,33,33,99],[14, 40, 16, 17, 38, 43, 52, 44, 53]]
[[3,13,15,33,13,67],[14, 40, 16, 17, 38, 43, 44, 53, 54]]
[[4,8,19,20,34,107],[14, 40, 16, 49, 17, 38, 43, 50, 53]]
[[4,8,19,28,39,65],[14, 40, 16, 49, 17, 38, 43, 51, 53]]
[[4,6,13,18,29,81],[14, 40, 16, 49, 17, 38, 43, 52, 53]]
[[3,9,18,25,23,72],[14, 40, 16, 49, 17, 38, 43, 52, 54]]
[[4,6,16,26,34,72],[14, 40, 16, 49, 17, 38, 43, 53, 54]]
[[4,6,13,14,39,111],[14, 40, 16, 17, 38, 43, 50, 51, 53]]
[[4,10,16,22,49,34],[14, 40, 16, 17, 38, 43, 50, 52, 53]]
[[3,9,12,21,53,90],[14, 40, 16, 17, 38, 43, 50, 52, 54]]
[[4,6,7,26,29,99],[14, 40, 16, 17, 38, 43, 50, 53, 54]]
[[4,6,10,22,54,78],[14, 40, 16, 17, 38, 43, 52, 51, 53]]
[[2,4,8,12,42,64],[14, 40, 16, 17, 38, 43, 52, 53, 54]]
[[3,3,6,3,38,102],[14, 40, 16, 49, 17, 38, 50, 52, 44]]
[[4,10,10,30,29,106],[14, 40, 16, 49, 17, 38, 50, 44, 53]]
[[3,9,18,25,33,78],[14, 40, 16, 49, 17, 38, 52, 44, 51]]
[[4,10,13,34,29,67],[14, 40, 16, 49, 17, 38, 44, 51, 53]]
[[4,8,13,20,54,83],[14, 40, 16, 49, 17, 38, 52, 44, 53]]
[[3,5,15,13,38,113],[14, 40, 16, 49, 17, 38, 52, 44, 54]]
[[4,8,16,20,19,98],[14, 40, 16, 49, 17, 38, 44, 53, 54]]
[[3,7,9,11,48,79],[14, 40, 16, 17, 38, 50, 52, 44, 51]]
[[4,8,13,24,24,107],[14, 40, 16, 17, 38, 50, 44, 51, 53]]
[[3,9,9,21,53,105],[14, 40, 16, 17, 38, 50, 52, 44, 54]]
[[4,12,13,24,39,69],[14, 40, 16, 17, 38, 50, 44, 53, 54]]
[[4,8,13,28,39,59],[14, 40, 16, 17, 38, 52, 44, 51, 53]]
[[4,8,22,24,34,50],[14, 40, 16, 17, 38, 44, 51, 53, 54]]
[[2,6,2,14,37,72],[14, 40, 16, 17, 38, 52, 44, 53, 54]]
[[3,5,6,13,43,86],[14, 40, 16, 49, 17, 38, 50, 51, 53]]
[[3,7,18,23,28,106],[14, 40, 16, 49, 17, 38, 50, 52, 53]]
[[3,7,12,15,38,82],[14, 40, 16, 49, 17, 38, 50, 53, 54]]
[[3,3,12,15,28,96],[14, 40, 16, 49, 17, 38, 52, 51, 53]]
[[3,7,24,23,28,88],[14, 40, 16, 49, 17, 38, 51, 53, 54]]
[[1,7,7,23,31,79],[14, 40, 16, 49, 17, 38, 52, 53, 54]]
[[3,9,6,37,28,54],[14, 40, 16, 17, 38, 50, 52, 51, 53]]
[[3,9,18,29,38,54],[14, 40, 16, 17, 38, 50, 51, 53, 54]]
[[1,11,7,31,36,65],[14, 40, 16, 17, 38, 50, 52, 53, 54]]
[[1,7,19,23,31,43],[14, 40, 16, 17, 38, 52, 51, 53, 54]]
[[2,4,5,16,12,103],[14, 16, 42, 49, 17, 38, 43, 52, 44]]
[[3,11,9,35,38,77],[14, 16, 42, 49, 17, 38, 43, 44, 53]]
[[2,4,8,24,47,64],[14, 16, 42, 49, 17, 38, 43, 44, 54]]
[[2,4,11,16,22,97],[14, 16, 42, 17, 38, 43, 52, 44, 51]]
[[3,9,6,33,28,96],[14, 16, 42, 17, 38, 43, 44, 51, 53]]
[[2,4,11,16,32,97],[14, 16, 42, 17, 38, 43, 44, 51, 54]]
[[3,9,21,25,33,63],[14, 16, 42, 17, 38, 43, 52, 44, 53]]
[[3,13,6,25,33,88],[14, 16, 42, 17, 38, 43, 44, 53, 54]]
[[4,8,16,32,29,62],[14, 16, 42, 49, 17, 38, 43, 52, 53]]
[[4,8,19,20,29,89],[14, 16, 42, 49, 17, 38, 52, 44, 53]]
[[3,5,15,13,38,113],[14, 16, 42, 49, 17, 38, 52, 44, 54]]
[[4,4,16,12,49,94],[14, 16, 42, 49, 17, 38, 44, 53, 54]]
[[3,7,12,23,38,112],[14, 16, 42, 17, 38, 50, 52, 44, 51]]
[[4,8,13,36,24,65],[14, 16, 42, 17, 38, 50, 44, 51, 53]]
[[2,12,5,32,47,75],[14, 16, 42, 17, 38, 52, 44, 53, 54]]
[[3,7,12,23,18,82],[14, 16, 42, 49, 17, 38, 50, 51, 53]]
[[3,5,12,21,38,44],[14, 16, 42, 49, 17, 38, 50, 53, 54]]
[[1,3,13,19,26,87],[14, 16, 42, 49, 17, 38, 52, 53, 54]]
[[3,9,18,37,28,66],[14, 16, 42, 17, 38, 50, 52, 51, 53]]
[[3,9,15,29,28,63],[14, 16, 42, 17, 38, 50, 51, 53, 54]]
[[1,3,13,23,6,105],[14, 16, 42, 17, 38, 50, 52, 53, 54]]
[[4,8,16,20,29,104],[14, 16, 49, 17, 38, 43, 52, 44, 53]]
[[4,12,16,28,19,84],[14, 16, 49, 17, 38, 43, 44, 53, 54]]
[[3,5,21,21,38,95],[14, 16, 17, 38, 43, 50, 52, 44, 51]]
[[4,10,16,30,29,88],[14, 16, 17, 38, 43, 50, 44, 51, 53]]
[[3,5,18,17,28,80],[14, 16, 49, 17, 38, 43, 50, 51, 53]]
[[3,7,12,19,33,94],[14, 16, 49, 17, 38, 43, 50, 52, 53]]
[[2,6,11,18,42,63],[14, 16, 49, 17, 38, 43, 50, 52, 54]]
[[3,7,15,27,48,73],[14, 16, 49, 17, 38, 43, 50, 53, 54]]
[[2,12,11,24,37,81],[14, 16, 49, 17, 38, 43, 52, 51, 54]]
[[3,15,9,19,23,87],[14, 16, 49, 17, 38, 43, 51, 53, 54]]
[[1,7,16,35,31,82],[14, 16, 49, 17, 38, 43, 52, 53, 54]]
[[3,7,15,27,43,91],[14, 16, 17, 38, 43, 50, 52, 51, 53]]
[[2,4,17,32,42,103],[14, 16, 17, 38, 43, 50, 52, 51, 54]]
[[3,7,6,27,33,88],[14, 16, 17, 38, 43, 50, 51, 53, 54]]
[[1,5,19,37,26,89],[14, 16, 17, 38, 43, 50, 52, 53, 54]]
[[1,5,13,21,21,77],[14, 16, 17, 38, 43, 52, 51, 53, 54]]
[[2,2,26,14,27,68],[14, 16, 49, 17, 38, 50, 52, 44, 51]]
[[3,7,15,31,28,103],[14, 16, 49, 17, 38, 50, 44, 51, 53]]
[[3,5,12,13,38,110],[14, 16, 49, 17, 38, 50, 52, 44, 53]]
[[2,6,14,10,27,66],[14, 16, 49, 17, 38, 50, 52, 44, 54]]
[[3,5,3,21,43,101],[14, 16, 49, 17, 38, 52, 44, 51, 53]]
[[2,8,8,20,37,44],[14, 16, 49, 17, 38, 52, 44, 51, 54]]
[[3,9,12,37,23,84],[14, 16, 49, 17, 38, 44, 51, 53, 54]]
[[1,9,19,29,36,63],[14, 16, 49, 17, 38, 52, 44, 53, 54]]
[[3,5,12,21,33,110],[14, 16, 17, 38, 50, 52, 44, 51, 53]]
[[2,4,2,20,32,70],[14, 16, 17, 38, 50, 52, 44, 51, 54]]
[[3,5,9,21,48,41],[14, 16, 17, 38, 50, 44, 51, 53, 54]]
[[1,7,4,23,11,100],[14, 16, 17, 38, 50, 52, 44, 53, 54]]
[[1,7,7,19,36,85],[14, 16, 17, 38, 52, 44, 51, 53, 54]]
[[4,16,7,28,39,55],[14, 16, 49, 17, 38, 50, 51, 53, 54]]
[[2,4,29,28,32,73],[14, 16, 17, 38, 50, 52, 51, 53, 54]]
[[3,5,6,17,43,116],[14, 40, 16, 42, 17, 43, 52, 39, 44]]
[[4,8,19,36,24,65],[14, 40, 16, 42, 17, 43, 39, 44, 53]]
[[3,9,9,33,33,93],[14, 40, 16, 42, 17, 43, 39, 44, 54]]
[[3,9,12,33,38,78],[14, 40, 16, 42, 49, 17, 43, 39, 53]]
[[2,4,17,12,17,85],[14, 40, 16, 42, 49, 17, 43, 39, 54]]
[[3,5,12,25,38,116],[14, 40, 16, 42, 17, 43, 50, 39, 53]]
[[2,10,5,30,27,55],[14, 40, 16, 42, 17, 43, 39, 51, 54]]
[[3,5,21,17,33,71],[14, 40, 16, 42, 17, 43, 52, 39, 53]]
[[2,4,14,20,52,70],[14, 40, 16, 42, 17, 43, 52, 39, 54]]
[[3,9,12,29,23,84],[14, 40, 16, 42, 17, 43, 39, 53, 54]]
[[2,8,20,32,32,74],[14, 40, 16, 42, 49, 17, 52, 39, 44]]
[[2,4,11,12,32,73],[14, 40, 16, 42, 49, 17, 39, 44, 54]]
[[2,4,11,20,37,61],[14, 40, 16, 42, 17, 50, 52, 39, 44]]
[[3,3,6,23,18,84],[14, 40, 16, 42, 17, 50, 39, 44, 53]]
[[3,3,15,19,38,117],[14, 40, 16, 42, 17, 39, 44, 51, 53]]
[[2,6,23,34,22,93],[14, 40, 16, 42, 17, 39, 44, 51, 54]]
[[3,3,15,11,38,129],[14, 40, 16, 42, 17, 52, 39, 44, 53]]
[[2,8,5,28,37,89],[14, 40, 16, 42, 17, 52, 39, 44, 54]]
[[3,7,18,27,23,106],[14, 40, 16, 42, 17, 39, 44, 53, 54]]
[[4,14,7,22,39,77],[14, 40, 16, 42, 49, 17, 50, 39, 53]]
[[4,6,7,26,54,81],[14, 40, 16, 42, 49, 17, 39, 51, 53]]
[[3,11,15,31,18,89],[14, 40, 16, 42, 49, 17, 39, 51, 54]]
[[4,8,19,20,34,113],[14, 40, 16, 42, 49, 17, 39, 53, 54]]
[[4,8,10,20,44,104],[14, 40, 16, 42, 17, 50, 39, 51, 53]]
[[4,12,10,20,54,72],[14, 40, 16, 42, 17, 50, 52, 39, 53]]
[[4,8,22,24,34,50],[14, 40, 16, 42, 17, 50, 39, 53, 54]]
[[4,8,10,24,44,92],[14, 40, 16, 42, 17, 52, 39, 51, 53]]
[[4,8,16,20,34,116],[14, 40, 16, 42, 17, 39, 51, 53, 54]]
[[2,6,26,34,22,84],[14, 40, 16, 42, 17, 52, 39, 53, 54]]
[[2,6,14,22,32,54],[14, 40, 16, 49, 17, 43, 52, 39, 44]]
[[3,9,12,29,23,90],[14, 40, 16, 49, 17, 43, 39, 44, 53]]
[[2,6,2,30,22,66],[14, 40, 16, 49, 17, 43, 39, 44, 54]]
[[2,4,2,36,32,64],[14, 40, 16, 17, 43, 50, 52, 39, 44]]
[[3,7,3,19,33,121],[14, 40, 16, 17, 43, 50, 39, 44, 53]]
[[2,8,14,20,47,50],[14, 40, 16, 17, 43, 52, 39, 44, 51]]
[[3,9,6,25,28,120],[14, 40, 16, 17, 43, 39, 44, 51, 53]]
[[2,8,8,36,37,74],[14, 40, 16, 17, 43, 39, 44, 51, 54]]
[[4,10,10,26,49,94],[14, 40, 16, 49, 17, 43, 50, 39, 53]]
[[4,4,7,24,49,109],[14, 40, 16, 49, 17, 43, 39, 51, 53]]
[[3,5,21,21,28,101],[14, 40, 16, 49, 17, 43, 39, 51, 54]]
[[4,10,16,30,29,88],[14, 40, 16, 49, 17, 43, 52, 39, 53]]
[[3,5,6,25,33,98],[14, 40, 16, 49, 17, 43, 52, 39, 54]]
[[4,6,19,18,29,81],[14, 40, 16, 49, 17, 43, 39, 53, 54]]
[[4,4,7,16,44,109],[14, 40, 16, 17, 43, 50, 39, 51, 53]]
[[4,12,10,28,29,66],[14, 40, 16, 17, 43, 50, 52, 39, 53]]
[[3,7,15,31,38,97],[14, 40, 16, 17, 43, 50, 52, 39, 54]]
[[4,8,19,32,34,53],[14, 40, 16, 17, 43, 50, 39, 53, 54]]
[[4,10,19,18,34,85],[14, 40, 16, 17, 43, 52, 39, 51, 53]]
[[3,11,21,19,43,53],[14, 40, 16, 17, 43, 52, 39, 51, 54]]
[[4,10,22,18,24,88],[14, 40, 16, 17, 43, 39, 51, 53, 54]]
[[2,8,11,20,32,113],[14, 40, 16, 17, 43, 52, 39, 53, 54]]
[[3,7,9,15,63,97],[14, 40, 16, 49, 17, 50, 52, 39, 44]]
[[4,10,16,26,24,76],[14, 40, 16, 49, 17, 50, 39, 44, 53]]
[[4,4,7,16,54,91],[14, 40, 16, 49, 17, 39, 44, 51, 53]]
[[4,10,13,22,54,67],[14, 40, 16, 49, 17, 52, 39, 44, 53]]
[[3,11,12,39,23,68],[14, 40, 16, 49, 17, 52, 39, 44, 54]]
[[4,6,10,42,24,84],[14, 40, 16, 49, 17, 39, 44, 53, 54]]
[[3,7,9,23,33,103],[14, 40, 16, 17, 50, 52, 39, 44, 51]]
[[4,8,19,20,34,89],[14, 40, 16, 17, 50, 52, 39, 44, 53]]
[[3,9,15,37,28,81],[14, 40, 16, 17, 50, 52, 39, 44, 54]]
[[4,12,10,28,24,72],[14, 40, 16, 17, 50, 39, 44, 53, 54]]
[[4,10,16,10,29,88],[14, 40, 16, 17, 52, 39, 44, 51, 53]]
[[3,9,12,25,43,78],[14, 40, 16, 17, 52, 39, 44, 51, 54]]
[[4,10,13,30,29,97],[14, 40, 16, 17, 39, 44, 51, 53, 54]]
[[3,5,9,13,38,83],[14, 40, 16, 49, 17, 50, 39, 51, 53]]
[[3,11,9,23,33,95],[14, 40, 16, 49, 17, 50, 52, 39, 53]]
[[3,3,9,15,33,99],[14, 40, 16, 49, 17, 50, 39, 53, 54]]
[[3,5,21,21,33,101],[14, 40, 16, 49, 17, 39, 51, 53, 54]]
[[1,7,10,27,16,94],[14, 40, 16, 17, 50, 52, 39, 53, 54]]
[[1,5,16,33,31,86],[14, 40, 16, 17, 52, 39, 51, 53, 54]]
[[2,10,17,22,27,73],[14, 16, 42, 49, 17, 43, 52, 39, 44]]
[[2,6,14,18,7,78],[14, 16, 42, 49, 17, 43, 39, 44, 54]]
[[2,12,11,28,32,75],[14, 16, 42, 17, 43, 50, 52, 39, 44]]
[[3,7,21,23,33,103],[14, 16, 42, 17, 43, 50, 39, 44, 53]]
[[2,6,14,14,32,84],[14, 16, 42, 17, 43, 52, 39, 44, 51]]
[[3,7,12,47,38,52],[14, 16, 42, 17, 43, 39, 44, 51, 53]]
[[2,6,8,22,27,126],[14, 16, 42, 17, 43, 39, 44, 51, 54]]
[[3,11,9,35,28,65],[14, 16, 42, 17, 43, 52, 39, 44, 53]]
[[3,7,18,31,38,88],[14, 16, 42, 17, 43, 39, 44, 53, 54]]
[[4,10,13,26,44,73],[14, 16, 42, 49, 17, 43, 52, 39, 53]]
[[3,9,12,25,28,108],[14, 16, 42, 49, 17, 43, 52, 39, 54]]
[[4,6,10,26,29,84],[14, 16, 42, 49, 17, 43, 39, 53, 54]]
[[4,8,16,20,39,104],[14, 16, 42, 17, 43, 50, 39, 51, 53]]
[[2,6,11,14,42,81],[14, 16, 42, 17, 43, 52, 39, 53, 54]]
[[3,9,6,37,33,84],[14, 16, 42, 49, 17, 52, 39, 44, 54]]
[[4,8,13,32,29,95],[14, 16, 42, 49, 17, 39, 44, 53, 54]]
[[4,6,19,26,44,87],[14, 16, 42, 17, 50, 39, 44, 51, 53]]
[[2,8,5,16,32,107],[14, 16, 42, 17, 52, 39, 44, 53, 54]]
[[3,5,18,13,28,74],[14, 16, 42, 49, 17, 50, 39, 51, 53]]
[[3,7,24,23,23,94],[14, 16, 42, 49, 17, 50, 52, 39, 53]]
[[3,7,6,35,28,70],[14, 16, 42, 49, 17, 50, 39, 53, 54]]
[[3,7,6,27,28,94],[14, 16, 42, 49, 17, 39, 51, 53, 54]]
[[1,9,10,21,36,96],[14, 16, 42, 17, 50, 52, 39, 53, 54]]
[[1,9,10,37,21,72],[14, 16, 42, 17, 52, 39, 51, 53, 54]]
[[3,11,18,19,33,62],[14, 16, 17, 43, 50, 52, 39, 44, 51]]
[[4,4,13,8,54,109],[14, 16, 17, 43, 50, 39, 44, 51, 53]]
[[2,8,17,32,32,77],[14, 16, 17, 43, 52, 39, 44, 53, 54]]
[[3,9,12,17,48,78],[14, 16, 49, 17, 43, 50, 52, 39, 53]]
[[2,12,14,20,47,84],[14, 16, 49, 17, 43, 50, 52, 39, 54]]
[[3,9,15,25,38,81],[14, 16, 49, 17, 43, 50, 39, 53, 54]]
[[3,11,9,27,28,77],[14, 16, 49, 17, 43, 52, 39, 51, 53]]
[[2,8,8,32,37,86],[14, 16, 49, 17, 43, 52, 39, 51, 54]]
[[3,7,6,47,28,58],[14, 16, 49, 17, 43, 39, 51, 53, 54]]
[[3,5,18,21,28,110],[14, 16, 17, 43, 50, 52, 39, 51, 53]]
[[2,18,8,22,47,54],[14, 16, 17, 43, 50, 52, 39, 51, 54]]
[[1,7,4,31,51,76],[14, 16, 17, 43, 50, 52, 39, 53, 54]]
[[1,13,13,29,26,67],[14, 16, 17, 43, 52, 39, 51, 53, 54]]
[[2,6,11,30,57,51],[14, 16, 49, 17, 50, 52, 39, 44, 51]]
[[3,7,12,23,48,64],[14, 16, 49, 17, 50, 39, 44, 51, 53]]
[[3,13,9,25,43,79],[14, 16, 49, 17, 50, 52, 39, 44, 53]]
[[2,6,2,18,42,66],[14, 16, 49, 17, 50, 52, 39, 44, 54]]
[[3,5,18,21,43,80],[14, 16, 49, 17, 50, 39, 44, 53, 54]]
[[3,11,12,27,33,80],[14, 16, 49, 17, 52, 39, 44, 51, 53]]
[[2,6,11,38,42,87],[14, 16, 49, 17, 52, 39, 44, 51, 54]]
[[3,7,15,35,38,79],[14, 16, 49, 17, 39, 44, 51, 53, 54]]
[[1,3,22,31,21,72],[14, 16, 49, 17, 52, 39, 44, 53, 54]]
[[3,9,3,25,53,105],[14, 16, 17, 50, 52, 39, 44, 51, 53]]
[[2,4,17,16,22,97],[14, 16, 17, 50, 52, 39, 44, 51, 54]]
[[3,5,18,13,33,98],[14, 16, 17, 50, 39, 44, 51, 53, 54]]
[[1,7,10,31,16,94],[14, 16, 17, 50, 52, 39, 44, 53, 54]]
[[1,5,13,13,36,71],[14, 16, 17, 52, 39, 44, 51, 53, 54]]
[[2,16,8,28,47,64],[14, 16, 17, 50, 52, 39, 51, 53, 54]]
[[3,7,9,39,23,67],[14, 40, 16, 42, 49, 17, 43, 52, 44]]
[[3,7,24,23,23,82],[14, 40, 16, 42, 49, 17, 43, 44, 54]]
[[3,3,12,7,38,108],[14, 40, 16, 42, 17, 43, 52, 44, 54]]
[[4,10,7,38,39,85],[14, 40, 16, 42, 17, 43, 44, 53, 54]]
[[3,5,21,29,48,77],[14, 40, 16, 42, 49, 17, 43, 50, 53]]
[[3,9,15,33,33,87],[14, 40, 16, 42, 49, 17, 43, 51, 53]]
[[3,7,18,31,28,82],[14, 40, 16, 42, 49, 17, 43, 53, 54]]
[[3,3,6,19,43,84],[14, 40, 16, 42, 17, 43, 50, 51, 53]]
[[3,11,9,19,23,71],[14, 40, 16, 42, 17, 43, 50, 52, 53]]
[[3,3,3,15,38,87],[14, 40, 16, 42, 17, 43, 50, 53, 54]]
[[3,7,15,15,33,91],[14, 40, 16, 42, 17, 43, 52, 51, 53]]
[[3,11,3,27,28,65],[14, 40, 16, 42, 17, 43, 51, 53, 54]]
[[1,5,16,21,31,68],[14, 40, 16, 42, 17, 43, 52, 53, 54]]
[[2,4,23,24,32,91],[14, 40, 16, 42, 49, 17, 50, 52, 44]]
[[2,6,14,26,47,72],[14, 40, 16, 42, 49, 17, 52, 44, 51]]
[[3,11,15,35,23,65],[14, 40, 16, 42, 49, 17, 44, 51, 53]]
[[2,10,14,18,42,94],[14, 40, 16, 42, 49, 17, 44, 51, 54]]
[[3,5,12,25,28,110],[14, 40, 16, 42, 49, 17, 52, 44, 53]]
[[3,9,3,29,43,93],[14, 40, 16, 42, 49, 17, 44, 53, 54]]
[[3,9,15,25,13,99],[14, 40, 16, 42, 17, 50, 52, 44, 53]]
[[3,5,12,13,23,104],[14, 40, 16, 42, 17, 52, 44, 51, 53]]
[[3,5,18,25,33,116],[14, 40, 16, 42, 17, 44, 51, 53, 54]]
[[1,3,13,19,6,81],[14, 40, 16, 42, 17, 52, 44, 53, 54]]
[[4,10,19,22,29,67],[14, 40, 16, 42, 49, 17, 50, 51, 53]]
[[2,12,11,28,17,81],[14, 40, 16, 42, 49, 17, 52, 53, 54]]
[[4,6,10,26,49,120],[14, 40, 16, 42, 17, 50, 52, 51, 53]]
[[4,10,7,26,64,85],[14, 40, 16, 42, 17, 50, 51, 53, 54]]
[[2,4,23,28,27,103],[14, 40, 16, 49, 17, 43, 50, 52, 44]]
[[3,7,6,31,18,52],[14, 40, 16, 49, 17, 43, 50, 44, 53]]
[[2,8,14,28,47,68],[14, 40, 16, 49, 17, 43, 52, 44, 51]]
[[3,9,9,29,38,69],[14, 40, 16, 49, 17, 43, 44, 51, 53]]
[[2,4,11,8,32,109],[14, 40, 16, 49, 17, 43, 44, 51, 54]]
[[3,7,12,31,23,88],[14, 40, 16, 49, 17, 43, 52, 44, 53]]
[[2,4,11,12,32,67],[14, 40, 16, 49, 17, 43, 52, 44, 54]]
[[2,8,11,32,42,53],[14, 40, 16, 17, 43, 50, 52, 44, 51]]
[[3,9,12,21,23,102],[14, 40, 16, 17, 43, 50, 52, 44, 53]]
[[2,6,14,26,42,66],[14, 40, 16, 17, 43, 50, 52, 44, 54]]
[[3,5,9,25,33,65],[14, 40, 16, 17, 43, 50, 44, 53, 54]]
[[3,7,21,27,28,97],[14, 40, 16, 17, 43, 52, 44, 51, 53]]
[[3,7,12,27,13,82],[14, 40, 16, 17, 43, 44, 51, 53, 54]]
[[1,13,10,25,41,94],[14, 40, 16, 17, 43, 52, 44, 53, 54]]
[[4,6,16,18,44,72],[14, 40, 16, 49, 17, 43, 50, 51, 53]]
[[2,6,17,18,27,81],[14, 40, 16, 49, 17, 43, 52, 53, 54]]
[[4,6,19,18,29,93],[14, 40, 16, 17, 43, 50, 52, 51, 53]]
[[4,6,25,18,39,69],[14, 40, 16, 17, 43, 50, 51, 53, 54]]
[[3,9,12,33,18,78],[14, 40, 16, 49, 17, 50, 52, 44, 51]]
[[2,10,14,38,32,70],[14, 40, 16, 49, 17, 52, 44, 53, 54]]
[[4,10,13,22,34,91],[14, 40, 16, 17, 50, 44, 51, 53, 54]]
[[3,3,15,11,43,99],[14, 40, 16, 49, 17, 50, 52, 51, 53]]
[[2,4,20,20,17,88],[14, 40, 16, 49, 17, 50, 52, 51, 54]]
[[1,3,13,15,21,81],[14, 40, 16, 49, 17, 50, 52, 53, 54]]
[[1,9,16,25,46,72],[14, 40, 16, 49, 17, 52, 51, 53, 54]]
[[2,4,8,12,32,76],[14, 16, 42, 49, 17, 43, 50, 52, 44]]
[[3,7,15,27,28,79],[14, 16, 42, 49, 17, 43, 50, 44, 53]]
[[2,6,8,30,57,66],[14, 16, 42, 49, 17, 43, 52, 44, 51]]
[[2,10,8,22,52,82],[14, 16, 42, 49, 17, 43, 44, 51, 54]]
[[3,9,6,29,33,108],[14, 16, 42, 49, 17, 43, 52, 44, 53]]
[[2,6,14,34,47,78],[14, 16, 42, 49, 17, 43, 52, 44, 54]]
[[3,5,21,13,23,95],[14, 16, 42, 49, 17, 43, 44, 53, 54]]
[[2,6,11,14,47,81],[14, 16, 42, 17, 43, 50, 52, 44, 51]]
[[3,11,15,31,23,95],[14, 16, 42, 17, 43, 50, 44, 51, 53]]
[[3,7,18,27,18,100],[14, 16, 42, 17, 43, 50, 52, 44, 53]]
[[3,11,12,35,33,62],[14, 16, 42, 17, 43, 50, 44, 53, 54]]
[[3,7,3,19,38,121],[14, 16, 42, 17, 43, 52, 44, 51, 53]]
[[2,2,11,14,27,83],[14, 16, 42, 17, 43, 52, 44, 51, 54]]
[[3,7,15,19,18,85],[14, 16, 42, 17, 43, 44, 51, 53, 54]]
[[1,9,7,29,26,81],[14, 16, 42, 17, 43, 52, 44, 53, 54]]
[[4,8,13,28,39,59],[14, 16, 42, 49, 17, 43, 50, 52, 53]]
[[4,4,13,8,39,109],[14, 16, 42, 49, 17, 43, 50, 53, 54]]
[[4,8,19,20,34,113],[14, 16, 42, 49, 17, 43, 52, 51, 53]]
[[4,8,19,16,34,89],[14, 16, 42, 49, 17, 43, 51, 53, 54]]
[[4,8,16,24,39,92],[14, 16, 42, 17, 43, 50, 52, 51, 53]]
[[4,8,25,16,24,101],[14, 16, 42, 17, 43, 50, 51, 53, 54]]
[[2,10,14,18,37,58],[14, 16, 42, 17, 43, 50, 52, 53, 54]]
[[2,10,14,34,27,88],[14, 16, 42, 17, 43, 52, 51, 53, 54]]
[[3,7,15,35,28,97],[14, 16, 42, 49, 17, 50, 52, 44, 51]]
[[4,6,19,10,39,105],[14, 16, 42, 49, 17, 50, 52, 44, 53]]
[[4,6,16,10,34,108],[14, 16, 42, 49, 17, 52, 44, 51, 53]]
[[4,10,16,22,39,100],[14, 16, 42, 49, 17, 44, 51, 53, 54]]
[[2,6,8,30,52,66],[14, 16, 42, 49, 17, 52, 44, 53, 54]]
[[4,10,19,30,29,43],[14, 16, 42, 17, 50, 44, 51, 53, 54]]
[[2,12,11,32,22,81],[14, 16, 42, 17, 50, 52, 44, 53, 54]]
[[2,8,8,24,37,116],[14, 16, 42, 17, 52, 44, 51, 53, 54]]
[[3,5,24,17,33,98],[14, 16, 42, 49, 17, 50, 52, 51, 53]]
[[2,6,23,30,22,87],[14, 16, 42, 49, 17, 50, 52, 51, 54]]
[[1,5,7,25,31,71],[14, 16, 42, 49, 17, 50, 52, 53, 54]]
[[1,5,10,17,46,68],[14, 16, 42, 49, 17, 52, 51, 53, 54]]
[[1,9,4,29,41,72],[14, 16, 42, 17, 50, 52, 51, 53, 54]]
[[4,6,19,14,39,111],[14, 16, 49, 17, 43, 50, 44, 51, 53]]
[[4,8,10,28,34,62],[14, 16, 49, 17, 43, 50, 52, 44, 53]]
[[3,5,27,13,28,77],[14, 16, 49, 17, 43, 50, 52, 44, 54]]
[[4,8,19,28,24,83],[14, 16, 49, 17, 43, 50, 44, 53, 54]]
[[4,6,7,22,49,63],[14, 16, 49, 17, 43, 52, 44, 51, 53]]
[[3,9,12,25,43,78],[14, 16, 49, 17, 43, 52, 44, 51, 54]]
[[4,10,22,26,19,70],[14, 16, 49, 17, 43, 44, 51, 53, 54]]
[[2,10,11,22,32,103],[14, 16, 49, 17, 43, 52, 44, 53, 54]]
[[3,7,3,31,23,55],[14, 16, 17, 43, 50, 52, 44, 51, 54]]
[[4,4,10,16,44,112],[14, 16, 17, 43, 50, 44, 51, 53, 54]]
[[2,10,14,26,22,82],[14, 16, 17, 43, 50, 52, 44, 53, 54]]
[[2,4,5,16,12,121],[14, 16, 17, 43, 52, 44, 51, 53, 54]]
[[3,3,15,23,33,75],[14, 16, 49, 17, 43, 50, 52, 51, 53]]
[[3,11,15,23,23,95],[14, 16, 49, 17, 43, 50, 51, 53, 54]]
[[1,7,1,27,31,73],[14, 16, 49, 17, 43, 50, 52, 53, 54]]
[[1,7,4,27,26,70],[14, 16, 17, 43, 50, 52, 51, 53, 54]]
[[1,11,16,23,36,80],[14, 16, 49, 17, 50, 52, 44, 53, 54]]
[[1,9,19,25,51,63],[14, 16, 49, 17, 52, 44, 51, 53, 54]]
