[[0, 1, 4, 7], [2, 4], [3, 5], [6, 7]]
[[4,8,22,16,29,86],[34, 35, 40, 16, 37, 38, 18, 53]]
[[3,7,15,19,28,103],[34, 35, 16, 37, 49, 38, 18, 53]]
[[3,7,12,19,28,106],[34, 35, 16, 37, 38, 50, 18, 53]]
[[2,6,5,22,42,75],[34, 35, 16, 37, 38, 50, 18, 54]]
[[3,7,12,23,18,82],[34, 35, 16, 37, 38, 18, 51, 53]]
[[3,5,12,21,38,44],[34, 35, 16, 37, 38, 18, 53, 54]]
[[4,14,7,22,39,77],[34, 35, 40, 16, 37, 18, 39, 53]]
[[3,5,6,17,43,62],[34, 35, 16, 37, 49, 18, 39, 53]]
[[3,7,12,23,28,70],[34, 35, 16, 37, 50, 18, 39, 53]]
[[2,2,5,10,12,107],[34, 35, 16, 37, 50, 18, 39, 54]]
[[3,5,18,13,28,74],[34, 35, 16, 37, 18, 39, 51, 53]]
[[3,7,24,23,23,94],[34, 35, 16, 37, 52, 18, 39, 53]]
[[3,7,6,35,28,70],[34, 35, 16, 37, 18, 39, 53, 54]]
[[3,7,6,23,18,46],[34, 35, 40, 16, 37, 42, 18, 53]]
[[3,5,21,29,48,77],[34, 35, 40, 16, 37, 43, 18, 53]]
[[2,4,23,24,32,91],[34, 35, 40, 16, 37, 52, 18, 44]]
[[4,8,16,28,39,80],[34, 35, 40, 16, 37, 50, 18, 53]]
[[3,11,15,35,33,59],[34, 35, 40, 16, 37, 50, 18, 54]]
[[4,10,19,22,29,67],[34, 35, 40, 16, 37, 18, 51, 53]]
[[3,11,15,35,23,65],[34, 35, 16, 37, 42, 43, 18, 53]]
[[2,8,11,36,32,77],[34, 35, 16, 37, 42, 52, 18, 44]]
[[3,7,6,39,38,88],[34, 35, 16, 37, 42, 18, 44, 53]]
[[4,14,13,22,24,71],[34, 35, 16, 37, 42, 49, 18, 53]]
[[4,10,19,26,19,85],[34, 35, 16, 37, 42, 50, 18, 53]]
[[3,9,12,25,43,114],[34, 35, 16, 37, 42, 50, 18, 54]]
[[4,8,13,24,39,65],[34, 35, 16, 37, 42, 52, 18, 53]]
[[3,7,21,15,18,85],[34, 35, 16, 37, 42, 52, 18, 54]]
[[4,8,4,28,54,86],[34, 35, 16, 37, 42, 18, 53, 54]]
[[2,4,8,12,32,76],[34, 35, 16, 37, 43, 52, 18, 44]]
[[3,7,15,27,28,79],[34, 35, 16, 37, 43, 18, 44, 53]]
[[4,10,16,30,29,58],[34, 35, 16, 37, 49, 43, 18, 53]]
[[4,8,13,36,34,65],[34, 35, 16, 37, 43, 50, 18, 53]]
[[3,3,12,7,28,120],[34, 35, 16, 37, 43, 50, 18, 54]]
[[4,8,13,28,39,59],[34, 35, 16, 37, 43, 52, 18, 53]]
[[4,4,13,8,39,109],[34, 35, 16, 37, 43, 18, 53, 54]]
[[3,9,15,25,38,75],[34, 35, 16, 37, 49, 52, 18, 44]]
[[3,7,15,23,28,139],[34, 35, 16, 37, 50, 52, 18, 44]]
[[4,6,7,22,44,93],[34, 35, 16, 37, 50, 18, 44, 53]]
[[3,7,6,23,23,94],[34, 35, 16, 37, 50, 18, 44, 54]]
[[3,7,15,35,28,97],[34, 35, 16, 37, 52, 18, 44, 51]]
[[4,6,19,10,39,105],[34, 35, 16, 37, 52, 18, 44, 53]]
[[3,11,15,19,43,83],[34, 35, 16, 37, 49, 50, 18, 53]]
[[2,6,2,6,42,96],[34, 35, 16, 37, 49, 50, 18, 54]]
[[3,9,12,21,18,90],[34, 35, 16, 37, 49, 52, 18, 53]]
[[2,4,14,16,32,100],[34, 35, 16, 37, 49, 52, 18, 54]]
[[3,5,12,29,33,80],[34, 35, 16, 37, 49, 18, 53, 54]]
[[3,5,12,33,38,80],[34, 35, 16, 37, 50, 18, 51, 53]]
[[2,6,14,22,17,78],[34, 35, 16, 37, 50, 18, 51, 54]]
[[3,7,18,27,23,118],[34, 35, 16, 37, 50, 52, 18, 53]]
[[2,6,11,22,32,111],[34, 35, 16, 37, 50, 52, 18, 54]]
[[3,3,9,23,28,87],[34, 35, 16, 37, 50, 18, 53, 54]]
[[3,5,24,17,33,98],[34, 35, 16, 37, 52, 18, 51, 53]]
[[2,6,23,30,22,87],[34, 35, 16, 37, 52, 18, 51, 54]]
[[1,5,7,25,31,71],[34, 35, 16, 37, 52, 18, 53, 54]]
[[4,10,19,22,29,67],[34, 35, 16, 42, 38, 18, 39, 53]]
[[4,6,16,18,44,72],[34, 35, 16, 38, 43, 18, 39, 53]]
[[3,9,12,33,18,78],[34, 35, 16, 38, 52, 18, 39, 44]]
[[3,5,9,13,43,113],[34, 35, 16, 38, 50, 18, 39, 53]]
[[2,6,11,18,22,111],[34, 35, 16, 38, 50, 18, 39, 54]]
[[3,7,6,23,18,46],[34, 35, 16, 38, 18, 39, 51, 53]]
[[3,3,15,11,43,99],[34, 35, 16, 38, 52, 18, 39, 53]]
[[2,4,20,20,17,88],[34, 35, 16, 38, 52, 18, 39, 54]]
[[3,5,18,13,28,74],[34, 35, 40, 16, 42, 38, 18, 53]]
[[2,6,11,30,57,51],[34, 35, 40, 16, 38, 52, 18, 44]]
[[3,7,12,23,48,64],[34, 35, 40, 16, 38, 18, 44, 53]]
[[4,4,22,12,49,76],[34, 35, 40, 16, 49, 38, 18, 53]]
[[3,7,9,23,33,79],[34, 35, 16, 42, 38, 43, 18, 53]]
[[2,4,5,16,42,67],[34, 35, 16, 42, 38, 52, 18, 44]]
[[3,5,9,29,38,71],[34, 35, 16, 42, 38, 18, 44, 53]]
[[4,8,10,20,44,104],[34, 35, 16, 42, 49, 38, 18, 53]]
[[4,6,7,26,54,81],[34, 35, 16, 42, 38, 50, 18, 53]]
[[3,11,15,31,18,89],[34, 35, 16, 42, 38, 50, 18, 54]]
[[4,14,7,22,39,77],[34, 35, 16, 42, 38, 18, 51, 53]]
[[4,10,13,42,19,49],[34, 35, 16, 42, 38, 52, 18, 53]]
[[4,10,10,34,29,88],[34, 35, 16, 42, 38, 18, 53, 54]]
[[2,4,14,20,27,106],[34, 35, 16, 38, 43, 52, 18, 44]]
[[4,4,7,16,44,109],[34, 35, 16, 49, 38, 43, 18, 53]]
[[4,4,7,24,49,109],[34, 35, 16, 38, 43, 50, 18, 53]]
[[3,5,21,21,28,101],[34, 35, 16, 38, 43, 50, 18, 54]]
[[4,10,10,26,49,94],[34, 35, 16, 38, 43, 18, 51, 53]]
[[4,6,13,26,29,93],[34, 35, 16, 38, 43, 52, 18, 53]]
[[3,7,24,27,23,100],[34, 35, 16, 38, 43, 52, 18, 54]]
[[4,10,16,26,29,100],[34, 35, 16, 38, 43, 18, 53, 54]]
[[3,7,9,23,33,103],[34, 35, 16, 49, 38, 52, 18, 44]]
[[4,4,7,16,54,91],[34, 35, 16, 38, 50, 18, 44, 53]]
[[3,7,9,15,63,97],[34, 35, 16, 38, 52, 18, 44, 51]]
[[4,10,16,26,24,76],[34, 35, 16, 38, 18, 44, 51, 53]]
[[4,6,7,22,59,75],[34, 35, 16, 38, 52, 18, 44, 53]]
[[2,6,17,18,32,87],[34, 35, 16, 49, 38, 50, 18, 54]]
[[3,7,6,35,28,58],[34, 35, 16, 49, 38, 18, 51, 53]]
[[3,5,6,29,33,86],[34, 35, 16, 38, 50, 18, 51, 53]]
[[3,5,21,21,33,101],[34, 35, 16, 38, 50, 18, 53, 54]]
[[3,11,9,23,33,95],[34, 35, 16, 38, 52, 18, 51, 53]]
[[3,3,9,15,33,99],[34, 35, 16, 38, 18, 51, 53, 54]]
[[1,9,19,29,36,63],[34, 35, 16, 38, 52, 18, 53, 54]]
[[3,7,12,23,18,82],[34, 35, 40, 16, 42, 18, 39, 53]]
[[3,5,18,17,28,80],[34, 35, 40, 16, 43, 18, 39, 53]]
[[2,2,26,14,27,68],[34, 35, 40, 16, 52, 18, 39, 44]]
[[3,7,15,31,28,103],[34, 35, 40, 16, 18, 39, 44, 53]]
[[4,8,13,28,24,65],[34, 35, 40, 16, 49, 18, 39, 53]]
[[4,16,7,28,39,55],[34, 35, 40, 16, 18, 39, 53, 54]]
[[3,11,18,27,13,92],[34, 35, 16, 42, 43, 18, 39, 53]]
[[2,2,14,14,27,104],[34, 35, 16, 42, 52, 18, 39, 44]]
[[3,7,15,27,48,67],[34, 35, 16, 42, 18, 39, 44, 53]]
[[4,10,7,26,64,85],[34, 35, 16, 42, 49, 18, 39, 53]]
[[4,6,10,18,49,108],[34, 35, 16, 42, 50, 18, 39, 53]]
[[4,8,22,16,29,86],[34, 35, 16, 42, 18, 39, 51, 53]]
[[4,16,7,24,29,73],[34, 35, 16, 42, 18, 39, 53, 54]]
[[2,10,11,22,22,91],[34, 35, 16, 43, 52, 18, 39, 44]]
[[3,11,12,35,43,50],[34, 35, 16, 43, 18, 39, 44, 53]]
[[4,6,13,14,39,111],[34, 35, 16, 49, 43, 18, 39, 53]]
[[4,8,19,28,39,65],[34, 35, 16, 43, 50, 18, 39, 53]]
[[4,8,19,20,34,107],[34, 35, 16, 43, 18, 39, 51, 53]]
[[4,8,13,36,24,65],[34, 35, 16, 43, 52, 18, 39, 53]]
[[3,9,18,37,28,72],[34, 35, 16, 43, 52, 18, 39, 54]]
[[4,8,10,24,44,80],[34, 35, 16, 43, 18, 39, 53, 54]]
[[3,7,9,11,48,79],[34, 35, 16, 49, 52, 18, 39, 44]]
[[4,8,13,24,24,107],[34, 35, 16, 49, 18, 39, 44, 53]]
[[3,9,18,25,33,78],[34, 35, 16, 50, 52, 18, 39, 44]]
[[4,10,13,34,29,67],[34, 35, 16, 50, 18, 39, 44, 53]]
[[3,3,6,3,38,102],[34, 35, 16, 52, 18, 39, 44, 51]]
[[4,10,10,30,29,106],[34, 35, 16, 18, 39, 44, 51, 53]]
[[4,10,13,26,39,103],[34, 35, 16, 52, 18, 39, 44, 53]]
[[3,5,6,17,38,86],[34, 35, 16, 52, 18, 39, 44, 54]]
[[4,10,16,22,34,88],[34, 35, 16, 18, 39, 44, 53, 54]]
[[3,3,15,7,43,123],[34, 35, 16, 49, 50, 18, 39, 53]]
[[2,8,14,32,32,92],[34, 35, 16, 49, 50, 18, 39, 54]]
[[3,7,15,23,28,121],[34, 35, 16, 49, 18, 39, 51, 53]]
[[3,9,6,37,28,54],[34, 35, 16, 49, 52, 18, 39, 53]]
[[3,9,18,29,38,54],[34, 35, 16, 49, 18, 39, 53, 54]]
[[3,7,9,39,33,79],[34, 35, 16, 50, 18, 39, 51, 53]]
[[2,6,8,30,47,48],[34, 35, 16, 50, 18, 39, 51, 54]]
[[3,3,12,15,28,96],[34, 35, 16, 50, 52, 18, 39, 53]]
[[3,7,24,23,28,88],[34, 35, 16, 50, 18, 39, 53, 54]]
[[3,7,18,23,28,106],[34, 35, 16, 52, 18, 39, 51, 53]]
[[3,7,12,15,38,82],[34, 35, 16, 18, 39, 51, 53, 54]]
[[4,4,22,8,59,100],[34, 35, 40, 16, 42, 43, 18, 53]]
[[3,7,6,15,63,88],[34, 35, 40, 16, 42, 52, 18, 44]]
[[4,12,7,28,44,87],[34, 35, 40, 16, 42, 18, 44, 53]]
[[3,5,21,17,38,113],[34, 35, 40, 16, 42, 49, 18, 53]]
[[3,3,24,11,43,96],[34, 35, 40, 16, 42, 50, 18, 53]]
[[2,4,11,20,32,85],[34, 35, 40, 16, 42, 50, 18, 54]]
[[2,6,11,30,52,63],[34, 35, 40, 16, 42, 52, 18, 54]]
[[3,9,12,21,43,90],[34, 35, 40, 16, 43, 52, 18, 44]]
[[4,10,13,30,29,91],[34, 35, 40, 16, 43, 18, 44, 53]]
[[3,7,24,19,23,94],[34, 35, 40, 16, 49, 43, 18, 53]]
[[2,8,14,40,42,80],[34, 35, 40, 16, 43, 50, 18, 54]]
[[3,7,12,19,38,70],[34, 35, 40, 16, 43, 18, 53, 54]]
[[2,4,5,32,27,97],[34, 35, 40, 16, 49, 52, 18, 44]]
[[3,5,12,17,33,110],[34, 35, 40, 16, 49, 18, 44, 53]]
[[2,12,5,28,52,93],[34, 35, 40, 16, 50, 52, 18, 44]]
[[2,4,5,12,12,97],[34, 35, 40, 16, 50, 18, 44, 54]]
[[2,6,11,22,47,87],[34, 35, 40, 16, 52, 18, 44, 51]]
[[3,13,9,25,18,85],[34, 35, 40, 16, 18, 44, 51, 53]]
[[3,5,15,25,43,89],[34, 35, 40, 16, 18, 44, 53, 54]]
[[4,4,16,8,49,112],[34, 35, 40, 16, 49, 50, 18, 53]]
[[4,8,10,28,44,74],[34, 35, 40, 16, 49, 18, 51, 53]]
[[4,6,19,18,39,63],[34, 35, 40, 16, 49, 52, 18, 53]]
[[3,11,9,31,43,65],[34, 35, 40, 16, 49, 52, 18, 54]]
[[4,14,16,22,14,80],[34, 35, 40, 16, 49, 18, 53, 54]]
[[4,10,16,18,29,82],[34, 35, 40, 16, 50, 18, 51, 53]]
[[3,9,18,25,38,78],[34, 35, 40, 16, 50, 18, 51, 54]]
[[4,6,19,10,39,105],[34, 35, 40, 16, 50, 52, 18, 53]]
[[3,7,12,43,33,64],[34, 35, 40, 16, 50, 52, 18, 54]]
[[4,6,4,26,49,120],[34, 35, 40, 16, 50, 18, 53, 54]]
[[4,10,13,22,64,55],[34, 35, 40, 16, 52, 18, 51, 53]]
[[3,5,18,13,43,110],[34, 35, 40, 16, 52, 18, 51, 54]]
[[4,14,16,26,14,74],[34, 35, 40, 16, 18, 51, 53, 54]]
[[2,8,14,20,22,86],[34, 35, 40, 16, 52, 18, 53, 54]]
[[3,9,18,25,23,72],[34, 35, 16, 42, 43, 52, 18, 44]]
[[4,10,13,22,24,115],[34, 35, 16, 42, 43, 18, 44, 53]]
[[3,5,24,17,28,92],[34, 35, 16, 42, 43, 50, 18, 53]]
[[3,15,12,31,23,54],[34, 35, 16, 42, 43, 18, 51, 53]]
[[3,3,6,27,28,78],[34, 35, 16, 42, 43, 52, 18, 53]]
[[2,4,20,20,22,112],[34, 35, 16, 42, 49, 52, 18, 44]]
[[3,5,12,33,28,68],[34, 35, 16, 42, 49, 18, 44, 53]]
[[3,9,21,29,13,99],[34, 35, 16, 42, 50, 18, 44, 53]]
[[2,4,17,16,22,97],[34, 35, 16, 42, 50, 18, 44, 54]]
[[3,7,15,23,33,103],[34, 35, 16, 42, 18, 44, 51, 53]]
[[3,7,18,23,33,88],[34, 35, 16, 42, 52, 18, 44, 53]]
[[3,7,9,15,33,73],[34, 35, 16, 42, 18, 44, 53, 54]]
[[4,10,13,34,29,85],[34, 35, 16, 42, 49, 52, 18, 53]]
[[3,11,9,23,48,89],[34, 35, 16, 42, 49, 52, 18, 54]]
[[4,14,13,30,14,65],[34, 35, 16, 42, 50, 18, 51, 53]]
[[2,10,8,30,27,82],[34, 35, 16, 42, 52, 18, 53, 54]]
[[2,12,8,24,22,78],[34, 35, 16, 49, 43, 52, 18, 44]]
[[3,9,24,25,18,84],[34, 35, 16, 49, 43, 18, 44, 53]]
[[3,3,21,7,33,93],[34, 35, 16, 43, 50, 18, 44, 53]]
[[3,7,12,35,38,82],[34, 35, 16, 43, 18, 44, 51, 53]]
[[3,7,9,27,33,127],[34, 35, 16, 43, 52, 18, 44, 53]]
[[2,10,14,26,37,82],[34, 35, 16, 43, 52, 18, 44, 54]]
[[3,7,18,19,33,52],[34, 35, 16, 43, 18, 44, 53, 54]]
[[4,6,10,22,49,120],[34, 35, 16, 49, 43, 52, 18, 53]]
[[4,6,10,30,39,108],[34, 35, 16, 49, 43, 18, 53, 54]]
[[4,8,19,20,39,89],[34, 35, 16, 43, 50, 18, 51, 53]]
[[3,3,18,11,43,114],[34, 35, 16, 43, 50, 18, 51, 54]]
[[4,8,16,28,29,62],[34, 35, 16, 49, 18, 44, 53, 54]]
[[3,11,12,27,28,74],[34, 35, 16, 50, 52, 18, 44, 51]]
[[4,10,13,22,54,67],[34, 35, 16, 50, 18, 44, 51, 53]]
[[3,7,18,19,18,118],[34, 35, 16, 50, 18, 44, 51, 54]]
[[2,4,14,16,7,118],[34, 35, 16, 49, 50, 18, 51, 54]]
[[3,3,3,7,23,123],[34, 35, 16, 49, 50, 52, 18, 53]]
[[2,8,11,32,27,113],[34, 35, 16, 49, 50, 52, 18, 54]]
[[3,7,24,19,13,88],[34, 35, 16, 49, 50, 18, 53, 54]]
[[3,11,9,23,28,83],[34, 35, 16, 49, 52, 18, 51, 53]]
[[2,6,11,26,32,87],[34, 35, 16, 49, 52, 18, 51, 54]]
[[3,3,6,15,43,60],[34, 35, 16, 49, 18, 51, 53, 54]]
[[1,11,16,23,46,92],[34, 35, 16, 49, 52, 18, 53, 54]]
[[2,6,17,22,17,81],[34, 35, 16, 50, 52, 18, 51, 54]]
[[3,7,15,31,33,103],[34, 35, 16, 50, 18, 51, 53, 54]]
[[1,5,22,37,16,74],[34, 35, 16, 50, 52, 18, 53, 54]]
[[1,5,4,17,16,86],[34, 35, 16, 52, 18, 51, 53, 54]]
[[3,13,9,25,48,79],[34, 40, 16, 37, 38, 18, 39, 53]]
[[3,11,9,23,38,89],[34, 16, 37, 42, 38, 18, 39, 53]]
[[3,7,21,19,18,103],[34, 16, 37, 38, 43, 18, 39, 53]]
[[2,8,11,36,27,89],[34, 16, 37, 38, 52, 18, 39, 44]]
[[3,9,18,17,33,78],[34, 16, 37, 38, 18, 39, 44, 53]]
[[4,10,16,26,34,94],[34, 16, 37, 49, 38, 18, 39, 53]]
[[4,10,13,22,34,91],[34, 16, 37, 38, 50, 18, 39, 53]]
[[3,11,15,31,28,83],[34, 16, 37, 38, 50, 18, 39, 54]]
[[4,8,10,20,69,50],[34, 16, 37, 38, 52, 18, 39, 53]]
[[3,5,18,13,43,110],[34, 16, 37, 38, 52, 18, 39, 54]]
[[4,8,13,28,39,77],[34, 16, 37, 38, 18, 39, 53, 54]]
[[4,8,10,20,39,110],[34, 40, 16, 37, 42, 38, 18, 53]]
[[4,6,19,14,39,99],[34, 40, 16, 37, 38, 43, 18, 53]]
[[3,7,21,19,33,85],[34, 40, 16, 37, 38, 52, 18, 44]]
[[4,8,16,24,29,98],[34, 40, 16, 37, 38, 18, 44, 53]]
[[3,7,21,19,33,85],[34, 40, 16, 37, 49, 38, 18, 53]]
[[3,5,18,17,18,86],[34, 40, 16, 37, 38, 50, 18, 53]]
[[2,2,8,10,22,104],[34, 40, 16, 37, 38, 50, 18, 54]]
[[3,11,15,23,38,71],[34, 40, 16, 37, 38, 18, 51, 53]]
[[3,7,12,31,38,76],[34, 40, 16, 37, 38, 52, 18, 53]]
[[3,7,15,31,43,61],[34, 40, 16, 37, 38, 18, 53, 54]]
[[3,9,3,17,43,99],[34, 16, 37, 42, 49, 38, 18, 53]]
[[3,3,21,19,43,93],[34, 16, 37, 42, 38, 50, 18, 53]]
[[2,4,14,20,27,112],[34, 16, 37, 42, 38, 50, 18, 54]]
[[3,7,15,23,33,103],[34, 16, 37, 42, 38, 18, 51, 53]]
[[3,7,15,31,28,91],[34, 16, 37, 42, 38, 52, 18, 53]]
[[3,11,15,15,68,65],[34, 16, 37, 42, 38, 18, 53, 54]]
[[3,5,6,9,53,98],[34, 16, 37, 49, 38, 43, 18, 53]]
[[2,6,5,18,22,135],[34, 16, 37, 38, 43, 50, 18, 54]]
[[3,3,12,3,23,114],[34, 16, 37, 38, 43, 18, 51, 53]]
[[3,11,15,31,28,89],[34, 16, 37, 38, 43, 52, 18, 53]]
[[2,8,11,20,47,83],[34, 16, 37, 38, 43, 52, 18, 54]]
[[3,7,18,27,43,70],[34, 16, 37, 38, 43, 18, 53, 54]]
[[2,10,17,22,57,67],[34, 16, 37, 49, 38, 52, 18, 44]]
[[3,11,15,23,38,77],[34, 16, 37, 49, 38, 18, 44, 53]]
[[2,2,17,10,27,101],[34, 16, 37, 38, 52, 18, 44, 51]]
[[3,5,21,13,28,77],[34, 16, 37, 38, 52, 18, 44, 53]]
[[2,4,14,12,37,94],[34, 16, 37, 38, 52, 18, 44, 54]]
[[3,5,18,29,38,92],[34, 16, 37, 38, 18, 44, 53, 54]]
[[4,6,13,14,54,105],[34, 16, 37, 49, 38, 50, 18, 53]]
[[3,7,15,27,28,109],[34, 16, 37, 49, 38, 50, 18, 54]]
[[4,8,19,12,19,101],[34, 16, 37, 49, 38, 18, 51, 53]]
[[4,6,22,18,34,84],[34, 16, 37, 38, 50, 52, 18, 53]]
[[4,10,16,22,24,112],[34, 16, 37, 38, 50, 18, 53, 54]]
[[4,8,10,40,29,74],[34, 16, 37, 38, 52, 18, 51, 53]]
[[4,12,16,32,14,72],[34, 16, 37, 38, 18, 51, 53, 54]]
[[4,12,16,24,24,78],[34, 40, 16, 37, 42, 18, 39, 53]]
[[4,6,13,18,49,123],[34, 40, 16, 37, 43, 18, 39, 53]]
[[3,5,15,29,43,77],[34, 40, 16, 37, 49, 18, 39, 53]]
[[3,5,6,21,43,86],[34, 40, 16, 37, 50, 18, 39, 53]]
[[2,6,17,18,22,69],[34, 40, 16, 37, 50, 18, 39, 54]]
[[3,5,9,17,38,59],[34, 40, 16, 37, 18, 39, 51, 53]]
[[3,9,24,25,23,66],[34, 40, 16, 37, 52, 18, 39, 53]]
[[3,9,21,33,28,69],[34, 16, 37, 42, 49, 18, 39, 53]]
[[3,7,12,35,38,94],[34, 16, 37, 42, 52, 18, 39, 53]]
[[3,11,12,31,28,68],[34, 16, 37, 42, 18, 39, 53, 54]]
[[3,5,6,13,48,86],[34, 16, 37, 49, 43, 18, 39, 53]]
[[3,7,6,11,63,88],[34, 16, 37, 43, 50, 18, 39, 53]]
[[2,4,11,16,17,61],[34, 16, 37, 43, 50, 18, 39, 54]]
[[3,11,12,23,53,62],[34, 16, 37, 43, 18, 39, 51, 53]]
[[3,7,24,19,18,88],[34, 16, 37, 43, 52, 18, 39, 53]]
[[2,4,11,12,37,73],[34, 16, 37, 43, 52, 18, 39, 54]]
[[3,7,15,27,53,49],[34, 16, 37, 43, 18, 39, 53, 54]]
[[2,4,11,12,27,103],[34, 16, 37, 49, 52, 18, 39, 44]]
[[3,9,12,21,28,102],[34, 16, 37, 49, 18, 39, 44, 53]]
[[2,10,14,14,62,82],[34, 16, 37, 50, 52, 18, 39, 44]]
[[3,7,12,35,28,94],[34, 16, 37, 50, 18, 39, 44, 53]]
[[2,6,14,22,17,114],[34, 16, 37, 50, 18, 39, 44, 54]]
[[2,4,17,20,32,91],[34, 16, 37, 52, 18, 39, 44, 51]]
[[3,7,9,31,33,121],[34, 16, 37, 18, 39, 44, 51, 53]]
[[3,7,15,19,13,79],[34, 16, 37, 52, 18, 39, 44, 53]]
[[2,2,11,18,32,71],[34, 16, 37, 52, 18, 39, 44, 54]]
[[4,10,19,14,19,103],[34, 16, 37, 49, 50, 18, 39, 53]]
[[3,7,6,19,43,112],[34, 16, 37, 49, 50, 18, 39, 54]]
[[4,10,19,18,24,91],[34, 16, 37, 50, 52, 18, 39, 53]]
[[4,6,19,22,49,87],[34, 16, 37, 50, 18, 39, 53, 54]]
[[4,10,13,26,24,109],[34, 16, 37, 52, 18, 39, 51, 53]]
[[4,6,19,10,39,99],[34, 16, 37, 18, 39, 51, 53, 54]]
[[2,2,11,10,37,83],[34, 40, 16, 37, 42, 52, 18, 44]]
[[3,7,15,19,23,85],[34, 40, 16, 37, 42, 18, 44, 53]]
[[4,4,10,16,44,94],[34, 40, 16, 37, 42, 50, 18, 53]]
[[3,9,12,29,23,96],[34, 40, 16, 37, 42, 50, 18, 54]]
[[4,10,19,18,29,73],[34, 40, 16, 37, 42, 18, 51, 53]]
[[2,8,11,28,47,71],[34, 40, 16, 37, 43, 52, 18, 44]]
[[4,8,13,32,34,89],[34, 40, 16, 37, 43, 50, 18, 53]]
[[3,9,12,29,33,84],[34, 40, 16, 37, 43, 50, 18, 54]]
[[4,12,10,32,24,72],[34, 40, 16, 37, 43, 18, 51, 53]]
[[3,11,6,39,43,62],[34, 40, 16, 37, 50, 52, 18, 44]]
[[4,8,13,20,54,83],[34, 40, 16, 37, 50, 18, 44, 53]]
[[3,7,18,19,28,112],[34, 40, 16, 37, 50, 18, 44, 54]]
[[3,9,18,37,28,72],[34, 40, 16, 37, 52, 18, 44, 51]]
[[4,8,22,16,29,110],[34, 40, 16, 37, 18, 44, 51, 53]]
[[3,9,15,29,28,111],[34, 40, 16, 37, 49, 50, 18, 53]]
[[2,10,11,34,37,67],[34, 40, 16, 37, 49, 50, 18, 54]]
[[3,5,6,13,43,104],[34, 40, 16, 37, 49, 18, 51, 53]]
[[3,11,15,31,18,89],[34, 40, 16, 37, 49, 52, 18, 53]]
[[2,4,17,28,37,97],[34, 40, 16, 37, 49, 52, 18, 54]]
[[3,7,12,31,43,88],[34, 40, 16, 37, 49, 18, 53, 54]]
[[2,10,8,34,42,70],[34, 40, 16, 37, 50, 18, 51, 54]]
[[3,7,12,19,33,118],[34, 40, 16, 37, 50, 52, 18, 53]]
[[2,4,20,24,22,106],[34, 40, 16, 37, 50, 52, 18, 54]]
[[3,3,6,35,28,96],[34, 40, 16, 37, 50, 18, 53, 54]]
[[3,11,9,27,23,101],[34, 40, 16, 37, 52, 18, 51, 53]]
[[3,7,9,23,28,97],[34, 40, 16, 37, 18, 51, 53, 54]]
[[1,9,10,17,51,108],[34, 40, 16, 37, 52, 18, 53, 54]]
[[2,14,14,18,37,92],[34, 16, 37, 42, 43, 52, 18, 44]]
[[3,11,12,35,23,92],[34, 16, 37, 42, 43, 18, 44, 53]]
[[4,8,7,20,49,59],[34, 16, 37, 42, 49, 43, 18, 53]]
[[4,8,16,20,34,98],[34, 16, 37, 42, 43, 50, 18, 53]]
[[4,10,22,18,9,112],[34, 16, 37, 42, 43, 18, 51, 53]]
[[4,6,7,22,44,57],[34, 16, 37, 42, 43, 52, 18, 53]]
[[3,9,9,21,53,87],[34, 16, 37, 42, 49, 52, 18, 44]]
[[4,6,10,18,49,114],[34, 16, 37, 42, 49, 18, 44, 53]]
[[3,13,15,29,28,67],[34, 16, 37, 42, 50, 52, 18, 44]]
[[3,9,9,33,28,93],[34, 16, 37, 42, 50, 18, 44, 54]]
[[3,5,9,13,48,119],[34, 16, 37, 42, 52, 18, 44, 51]]
[[4,8,22,28,29,62],[34, 16, 37, 42, 18, 44, 51, 53]]
[[4,12,13,24,39,63],[34, 16, 37, 42, 52, 18, 44, 53]]
[[4,4,13,20,44,97],[34, 16, 37, 42, 18, 44, 53, 54]]
[[2,6,14,30,22,120],[34, 16, 37, 42, 49, 50, 18, 54]]
[[3,3,18,7,38,102],[34, 16, 37, 42, 49, 18, 51, 53]]
[[3,9,12,21,43,96],[34, 16, 37, 42, 49, 52, 18, 53]]
[[2,10,8,30,37,76],[34, 16, 37, 42, 49, 52, 18, 54]]
[[3,5,15,17,33,83],[34, 16, 37, 42, 49, 18, 53, 54]]
[[3,9,15,33,23,93],[34, 16, 37, 42, 50, 18, 51, 53]]
[[2,8,11,28,27,77],[34, 16, 37, 42, 50, 18, 51, 54]]
[[3,5,18,13,33,110],[34, 16, 37, 42, 50, 52, 18, 53]]
[[2,6,2,26,32,66],[34, 16, 37, 42, 50, 52, 18, 54]]
[[3,5,15,37,38,71],[34, 16, 37, 42, 50, 18, 53, 54]]
[[3,7,12,23,28,100],[34, 16, 37, 42, 52, 18, 51, 53]]
[[2,6,20,30,37,90],[34, 16, 37, 42, 52, 18, 51, 54]]
[[3,7,15,19,28,115],[34, 16, 37, 42, 18, 51, 53, 54]]
[[1,9,10,29,26,84],[34, 16, 37, 42, 52, 18, 53, 54]]
[[3,17,15,25,13,53],[34, 16, 37, 49, 43, 52, 18, 44]]
[[3,7,24,23,23,82],[34, 16, 37, 43, 50, 52, 18, 44]]
[[4,4,10,12,59,118],[34, 16, 37, 43, 50, 18, 44, 53]]
[[3,3,12,7,38,108],[34, 16, 37, 43, 50, 18, 44, 54]]
[[3,9,9,29,38,75],[34, 16, 37, 43, 52, 18, 44, 51]]
[[4,8,13,32,29,95],[34, 16, 37, 43, 18, 44, 51, 53]]
[[4,4,4,20,54,76],[34, 16, 37, 43, 52, 18, 44, 53]]
[[3,7,18,23,38,100],[34, 16, 37, 43, 52, 18, 44, 54]]
[[3,11,15,27,33,65],[34, 16, 37, 49, 43, 50, 18, 53]]
[[2,8,14,24,27,92],[34, 16, 37, 49, 43, 50, 18, 54]]
[[3,11,15,23,23,77],[34, 16, 37, 49, 43, 18, 51, 53]]
[[3,5,15,17,33,83],[34, 16, 37, 49, 43, 52, 18, 53]]
[[3,5,12,33,48,56],[34, 16, 37, 49, 43, 18, 53, 54]]
[[2,6,14,26,27,108],[34, 16, 37, 43, 50, 18, 51, 54]]
[[3,7,9,31,43,79],[34, 16, 37, 43, 50, 52, 18, 53]]
[[3,7,9,27,23,97],[34, 16, 37, 43, 50, 18, 53, 54]]
[[3,3,21,15,38,75],[34, 16, 37, 43, 52, 18, 51, 53]]
[[1,5,13,13,36,71],[34, 16, 37, 43, 52, 18, 53, 54]]
[[2,10,17,34,27,79],[34, 16, 37, 49, 50, 52, 18, 44]]
[[3,11,18,27,8,92],[34, 16, 37, 49, 50, 18, 44, 53]]
[[2,6,11,30,27,117],[34, 16, 37, 49, 50, 18, 44, 54]]
[[2,8,8,24,32,74],[34, 16, 37, 49, 52, 18, 44, 51]]
[[3,7,6,39,23,64],[34, 16, 37, 49, 18, 44, 51, 53]]
[[3,13,9,21,13,97],[34, 16, 37, 49, 52, 18, 44, 53]]
[[2,8,17,24,32,83],[34, 16, 37, 50, 52, 18, 44, 51]]
[[3,3,12,19,28,72],[34, 16, 37, 50, 18, 44, 51, 53]]
[[2,8,8,20,22,98],[34, 16, 37, 50, 18, 44, 51, 54]]
[[3,11,3,23,48,95],[34, 16, 37, 50, 52, 18, 44, 53]]
[[3,3,27,11,43,63],[34, 16, 37, 50, 18, 44, 53, 54]]
[[3,7,9,19,28,121],[34, 16, 37, 52, 18, 44, 51, 53]]
[[1,5,7,13,21,77],[34, 16, 37, 52, 18, 44, 53, 54]]
[[3,7,12,23,38,112],[34, 16, 37, 49, 50, 18, 51, 54]]
[[4,6,13,34,34,99],[34, 16, 37, 49, 50, 52, 18, 53]]
[[3,7,18,27,28,88],[34, 16, 37, 49, 50, 52, 18, 54]]
[[4,10,19,18,19,91],[34, 16, 37, 49, 50, 18, 53, 54]]
[[4,10,13,34,24,85],[34, 16, 37, 49, 52, 18, 51, 53]]
[[4,6,19,14,44,93],[34, 16, 37, 49, 18, 51, 53, 54]]
[[2,14,11,30,37,71],[34, 16, 37, 49, 52, 18, 53, 54]]
[[4,6,19,10,39,93],[34, 16, 37, 50, 52, 18, 51, 53]]
[[3,13,9,29,43,67],[34, 16, 37, 50, 52, 18, 51, 54]]
[[2,12,5,28,32,69],[34, 16, 37, 50, 52, 18, 53, 54]]
[[2,12,11,32,17,69],[34, 16, 37, 52, 18, 51, 53, 54]]
[[4,4,19,12,49,91],[34, 40, 16, 42, 38, 18, 39, 53]]
[[4,10,22,18,9,112],[34, 40, 16, 38, 43, 18, 39, 53]]
[[3,5,9,13,48,119],[34, 40, 16, 38, 52, 18, 39, 44]]
[[4,8,22,28,29,62],[34, 40, 16, 38, 18, 39, 44, 53]]
[[3,3,18,7,38,102],[34, 40, 16, 49, 38, 18, 39, 53]]
[[3,9,15,33,23,93],[34, 40, 16, 38, 50, 18, 39, 53]]
[[2,8,11,28,27,77],[34, 40, 16, 38, 50, 18, 39, 54]]
[[3,5,15,17,38,119],[34, 40, 16, 38, 18, 39, 51, 53]]
[[3,7,12,23,28,100],[34, 40, 16, 38, 52, 18, 39, 53]]
[[2,6,20,30,37,90],[34, 40, 16, 38, 52, 18, 39, 54]]
[[3,7,15,19,28,115],[34, 40, 16, 38, 18, 39, 53, 54]]
[[4,12,10,32,24,72],[34, 16, 42, 38, 43, 18, 39, 53]]
[[3,9,18,37,28,72],[34, 16, 42, 38, 52, 18, 39, 44]]
[[4,8,22,16,29,110],[34, 16, 42, 38, 18, 39, 44, 53]]
[[3,5,6,13,43,104],[34, 16, 42, 49, 38, 18, 39, 53]]
[[2,10,8,34,42,70],[34, 16, 42, 38, 50, 18, 39, 54]]
[[3,9,9,41,33,45],[34, 16, 42, 38, 18, 39, 51, 53]]
[[3,11,9,27,23,101],[34, 16, 42, 38, 52, 18, 39, 53]]
[[3,7,9,23,28,97],[34, 16, 42, 38, 18, 39, 53, 54]]
[[3,5,6,25,33,98],[34, 16, 38, 43, 52, 18, 39, 44]]
[[3,9,9,25,38,81],[34, 16, 49, 38, 43, 18, 39, 53]]
[[3,5,15,33,33,95],[34, 16, 38, 43, 50, 18, 39, 53]]
[[2,4,8,8,27,88],[34, 16, 38, 43, 50, 18, 39, 54]]
[[3,7,9,15,48,109],[34, 16, 38, 43, 52, 18, 39, 53]]
[[3,7,9,23,33,115],[34, 16, 38, 43, 18, 39, 53, 54]]
[[2,4,14,12,27,100],[34, 16, 49, 38, 52, 18, 39, 44]]
[[2,4,5,24,22,55],[34, 16, 38, 50, 52, 18, 39, 44]]
[[3,3,21,15,43,93],[34, 16, 38, 50, 18, 39, 44, 53]]
[[2,8,5,28,32,95],[34, 16, 38, 50, 18, 39, 44, 54]]
[[2,2,11,10,37,83],[34, 16, 38, 52, 18, 39, 44, 51]]
[[3,7,15,19,23,85],[34, 16, 38, 18, 39, 44, 51, 53]]
[[4,14,13,34,19,35],[34, 16, 49, 38, 52, 18, 39, 53]]
[[4,6,16,26,29,78],[34, 16, 49, 38, 18, 39, 53, 54]]
[[4,4,10,16,44,94],[34, 16, 38, 50, 18, 39, 51, 53]]
[[3,9,12,29,23,96],[34, 16, 38, 50, 18, 39, 51, 54]]
[[2,10,8,26,47,76],[34, 16, 38, 52, 18, 39, 53, 54]]
[[3,11,12,23,53,62],[34, 40, 16, 42, 38, 43, 18, 53]]
[[2,4,17,20,32,91],[34, 40, 16, 42, 38, 52, 18, 44]]
[[3,7,9,31,33,121],[34, 40, 16, 42, 38, 18, 44, 53]]
[[4,10,13,26,24,109],[34, 40, 16, 42, 38, 52, 18, 53]]
[[4,6,19,10,39,99],[34, 40, 16, 42, 38, 18, 53, 54]]
[[2,6,14,26,47,72],[34, 40, 16, 38, 43, 52, 18, 44]]
[[3,5,15,29,38,77],[34, 40, 16, 38, 43, 18, 44, 53]]
[[4,8,7,24,29,101],[34, 40, 16, 49, 38, 43, 18, 53]]
[[4,8,19,24,29,95],[34, 40, 16, 38, 43, 52, 18, 53]]
[[3,7,9,19,23,127],[34, 40, 16, 38, 43, 52, 18, 54]]
[[4,8,22,24,34,74],[34, 40, 16, 38, 43, 18, 53, 54]]
[[3,7,18,23,28,88],[34, 40, 16, 49, 38, 52, 18, 44]]
[[4,6,13,26,29,93],[34, 40, 16, 49, 38, 18, 44, 53]]
[[4,10,16,26,29,100],[34, 40, 16, 38, 52, 18, 44, 53]]
[[3,7,24,23,18,88],[34, 40, 16, 38, 52, 18, 44, 54]]
[[3,9,6,29,48,96],[34, 40, 16, 49, 38, 50, 18, 53]]
[[2,8,20,28,17,80],[34, 40, 16, 49, 38, 50, 18, 54]]
[[3,9,21,33,28,69],[34, 40, 16, 49, 38, 18, 51, 53]]
[[3,9,18,25,13,114],[34, 40, 16, 49, 38, 18, 53, 54]]
[[3,7,9,31,38,73],[34, 40, 16, 38, 50, 52, 18, 53]]
[[3,7,3,35,33,85],[34, 40, 16, 38, 50, 18, 53, 54]]
[[3,7,12,35,38,94],[34, 40, 16, 38, 52, 18, 51, 53]]
[[3,11,12,31,28,68],[34, 40, 16, 38, 18, 51, 53, 54]]
[[1,3,10,7,26,54],[34, 40, 16, 38, 52, 18, 53, 54]]
[[2,2,14,14,32,92],[34, 16, 42, 38, 43, 52, 18, 44]]
[[3,5,12,33,38,62],[34, 16, 42, 38, 43, 18, 44, 53]]
[[4,6,16,18,34,108],[34, 16, 42, 49, 38, 43, 18, 53]]
[[4,8,13,32,39,83],[34, 16, 42, 38, 43, 50, 18, 53]]
[[3,7,18,23,18,100],[34, 16, 42, 38, 43, 50, 18, 54]]
[[4,6,13,18,49,123],[34, 16, 42, 38, 43, 18, 51, 53]]
[[4,8,16,44,24,50],[34, 16, 42, 38, 43, 52, 18, 53]]
[[3,7,15,31,33,67],[34, 16, 42, 38, 43, 52, 18, 54]]
[[4,8,10,32,24,68],[34, 16, 42, 38, 43, 18, 53, 54]]
[[3,7,15,19,38,115],[34, 16, 42, 49, 38, 52, 18, 44]]
[[3,5,21,13,28,77],[34, 16, 42, 38, 50, 52, 18, 44]]
[[4,8,13,16,39,107],[34, 16, 42, 38, 50, 18, 44, 53]]
[[4,8,16,20,29,104],[34, 16, 42, 38, 52, 18, 44, 53]]
[[3,7,12,31,43,40],[34, 16, 42, 49, 38, 50, 18, 53]]
[[3,5,15,29,43,77],[34, 16, 42, 49, 38, 18, 51, 53]]
[[3,5,9,25,43,101],[34, 16, 42, 49, 38, 52, 18, 53]]
[[3,9,15,33,28,105],[34, 16, 42, 49, 38, 18, 53, 54]]
[[3,5,6,21,43,86],[34, 16, 42, 38, 50, 18, 51, 53]]
[[2,6,17,18,22,69],[34, 16, 42, 38, 50, 18, 51, 54]]
[[3,7,12,31,43,88],[34, 16, 42, 38, 50, 18, 53, 54]]
[[3,9,24,25,23,66],[34, 16, 42, 38, 52, 18, 51, 53]]
[[3,7,6,19,43,112],[34, 16, 49, 38, 43, 52, 18, 44]]
[[4,6,16,22,44,114],[34, 16, 49, 38, 43, 18, 44, 53]]
[[3,7,15,23,33,85],[34, 16, 38, 43, 50, 52, 18, 44]]
[[4,6,19,14,39,99],[34, 16, 38, 43, 50, 18, 44, 53]]
[[3,3,3,11,28,123],[34, 16, 38, 43, 50, 18, 44, 54]]
[[3,9,15,25,38,75],[34, 16, 38, 43, 52, 18, 44, 51]]
[[4,10,13,26,29,91],[34, 16, 38, 43, 18, 44, 51, 53]]
[[4,4,13,20,34,73],[34, 16, 38, 43, 52, 18, 44, 53]]
[[4,4,13,8,49,115],[34, 16, 38, 43, 18, 44, 53, 54]]
[[3,9,12,29,43,78],[34, 16, 49, 38, 43, 50, 18, 53]]
[[2,8,8,32,27,80],[34, 16, 49, 38, 43, 50, 18, 54]]
[[3,5,18,17,38,80],[34, 16, 49, 38, 43, 18, 51, 53]]
[[3,9,15,21,43,87],[34, 16, 49, 38, 43, 52, 18, 53]]
[[2,8,5,32,37,77],[34, 16, 49, 38, 43, 52, 18, 54]]
[[3,9,12,33,38,42],[34, 16, 49, 38, 43, 18, 53, 54]]
[[2,4,14,12,27,88],[34, 16, 38, 43, 50, 18, 51, 54]]
[[3,9,9,17,28,69],[34, 16, 38, 43, 50, 52, 18, 53]]
[[2,8,5,20,47,77],[34, 16, 38, 43, 50, 52, 18, 54]]
[[3,9,12,33,18,78],[34, 16, 38, 43, 50, 18, 53, 54]]
[[3,9,9,21,33,99],[34, 16, 38, 43, 52, 18, 51, 53]]
[[2,2,23,14,32,89],[34, 16, 38, 43, 52, 18, 51, 54]]
[[3,5,6,17,33,56],[34, 16, 38, 43, 18, 51, 53, 54]]
[[1,5,10,17,36,56],[34, 16, 38, 43, 52, 18, 53, 54]]
[[2,4,14,20,37,82],[34, 16, 49, 38, 50, 52, 18, 44]]
[[3,7,3,31,28,73],[34, 16, 49, 38, 50, 18, 44, 53]]
[[2,8,5,20,27,71],[34, 16, 49, 38, 50, 18, 44, 54]]
[[3,7,3,31,28,61],[34, 16, 49, 38, 18, 44, 51, 53]]
[[3,7,9,27,33,55],[34, 16, 49, 38, 52, 18, 44, 53]]
[[2,12,11,20,27,75],[34, 16, 49, 38, 52, 18, 44, 54]]
[[2,8,14,16,67,62],[34, 16, 38, 50, 52, 18, 44, 51]]
[[3,9,18,29,33,66],[34, 16, 38, 50, 18, 44, 51, 53]]
[[2,4,11,24,42,85],[34, 16, 38, 50, 18, 44, 51, 54]]
[[3,7,6,27,13,52],[34, 16, 38, 50, 52, 18, 44, 53]]
[[2,4,8,16,22,112],[34, 16, 38, 50, 52, 18, 44, 54]]
[[3,7,24,27,23,88],[34, 16, 38, 52, 18, 44, 51, 53]]
[[3,7,9,35,33,91],[34, 16, 38, 18, 44, 51, 53, 54]]
[[1,3,13,15,41,51],[34, 16, 38, 52, 18, 44, 53, 54]]
[[4,6,19,10,39,99],[34, 16, 49, 38, 50, 18, 51, 53]]
[[3,11,9,23,48,89],[34, 16, 49, 38, 50, 18, 51, 54]]
[[4,10,13,34,24,55],[34, 16, 49, 38, 50, 52, 18, 53]]
[[4,14,13,22,14,95],[34, 16, 49, 38, 50, 18, 53, 54]]
[[4,6,10,26,44,78],[34, 16, 49, 38, 52, 18, 51, 53]]
[[4,14,10,30,29,74],[34, 16, 49, 38, 18, 51, 53, 54]]
[[4,8,22,20,29,92],[34, 16, 38, 50, 18, 51, 53, 54]]
[[2,8,17,28,22,107],[34, 16, 38, 50, 52, 18, 53, 54]]
[[2,4,14,12,27,100],[34, 16, 38, 52, 18, 51, 53, 54]]
[[3,3,12,3,23,114],[34, 40, 16, 42, 43, 18, 39, 53]]
[[2,2,17,10,27,101],[34, 40, 16, 42, 52, 18, 39, 44]]
[[4,8,19,12,19,101],[34, 40, 16, 42, 49, 18, 39, 53]]
[[4,8,10,40,29,74],[34, 40, 16, 42, 52, 18, 39, 53]]
[[4,12,16,32,14,72],[34, 40, 16, 42, 18, 39, 53, 54]]
[[2,4,17,24,37,79],[34, 40, 16, 43, 52, 18, 39, 44]]
[[3,7,15,23,28,91],[34, 40, 16, 43, 18, 39, 44, 53]]
[[4,6,13,10,29,117],[34, 40, 16, 49, 43, 18, 39, 53]]
[[4,10,10,26,39,88],[34, 40, 16, 43, 52, 18, 39, 53]]
[[3,7,12,15,33,94],[34, 40, 16, 49, 52, 18, 39, 44]]
[[4,10,16,30,29,88],[34, 40, 16, 49, 18, 39, 44, 53]]
[[3,11,15,31,28,83],[34, 40, 16, 52, 18, 39, 44, 54]]
[[4,10,13,26,24,91],[34, 40, 16, 18, 39, 44, 53, 54]]
[[3,3,12,11,33,120],[34, 40, 16, 49, 50, 18, 39, 53]]
[[3,9,3,17,43,99],[34, 40, 16, 49, 18, 39, 51, 53]]
[[3,5,9,49,33,71],[34, 40, 16, 49, 52, 18, 39, 53]]
[[3,9,15,33,33,69],[34, 40, 16, 49, 18, 39, 53, 54]]
[[3,3,21,19,43,93],[34, 40, 16, 50, 18, 39, 51, 53]]
[[2,4,14,20,27,112],[34, 40, 16, 50, 18, 39, 51, 54]]
[[3,9,12,41,43,48],[34, 40, 16, 50, 52, 18, 39, 53]]
[[3,9,18,17,13,90],[34, 40, 16, 50, 18, 39, 53, 54]]
[[3,7,15,31,28,91],[34, 40, 16, 52, 18, 39, 51, 53]]
[[3,11,15,15,68,65],[34, 40, 16, 18, 39, 51, 53, 54]]
[[1,7,13,15,41,73],[34, 40, 16, 52, 18, 39, 53, 54]]
[[3,5,12,29,23,68],[34, 16, 42, 43, 18, 39, 44, 53]]
[[4,6,13,34,29,75],[34, 16, 42, 49, 43, 18, 39, 53]]
[[4,6,16,22,49,78],[34, 16, 42, 43, 50, 18, 39, 53]]
[[4,6,19,14,39,99],[34, 16, 42, 43, 18, 39, 51, 53]]
[[3,11,18,19,33,62],[34, 16, 42, 43, 52, 18, 39, 54]]
[[4,8,7,16,69,71],[34, 16, 42, 43, 18, 39, 53, 54]]
[[3,5,12,13,48,110],[34, 16, 42, 49, 52, 18, 39, 44]]
[[3,9,18,25,33,78],[34, 16, 42, 50, 52, 18, 39, 44]]
[[4,8,22,16,24,104],[34, 16, 42, 50, 18, 39, 44, 53]]
[[3,7,21,19,33,85],[34, 16, 42, 52, 18, 39, 44, 51]]
[[4,8,16,24,29,98],[34, 16, 42, 18, 39, 44, 51, 53]]
[[3,7,12,15,33,76],[34, 16, 42, 52, 18, 39, 44, 54]]
[[3,7,24,27,23,100],[34, 16, 42, 49, 50, 18, 39, 53]]
[[2,2,11,2,17,101],[34, 16, 42, 49, 50, 18, 39, 54]]
[[3,7,21,19,33,85],[34, 16, 42, 49, 18, 39, 51, 53]]
[[3,7,18,23,28,106],[34, 16, 42, 49, 52, 18, 39, 53]]
[[3,3,6,7,43,90],[34, 16, 42, 49, 18, 39, 53, 54]]
[[3,5,18,17,18,86],[34, 16, 42, 50, 18, 39, 51, 53]]
[[2,2,8,10,22,104],[34, 16, 42, 50, 18, 39, 51, 54]]
[[3,7,18,19,13,124],[34, 16, 42, 50, 18, 39, 53, 54]]
[[3,7,12,31,38,76],[34, 16, 42, 52, 18, 39, 51, 53]]
[[3,7,15,31,43,61],[34, 16, 42, 18, 39, 51, 53, 54]]
[[1,7,7,23,11,103],[34, 16, 42, 52, 18, 39, 53, 54]]
[[3,9,18,29,23,102],[34, 16, 49, 43, 52, 18, 39, 44]]
[[4,4,13,16,54,115],[34, 16, 49, 43, 18, 39, 44, 53]]
[[3,3,9,7,43,87],[34, 16, 43, 50, 52, 18, 39, 44]]
[[4,6,4,30,49,96],[34, 16, 43, 50, 18, 39, 44, 53]]
[[3,7,15,23,23,103],[34, 16, 43, 52, 18, 39, 44, 51]]
[[4,4,7,24,49,109],[34, 16, 43, 18, 39, 44, 51, 53]]
[[4,6,16,14,39,90],[34, 16, 43, 52, 18, 39, 44, 53]]
[[4,10,10,34,29,70],[34, 16, 43, 18, 39, 44, 53, 54]]
[[3,9,12,29,18,90],[34, 16, 49, 43, 50, 18, 39, 53]]
[[2,4,11,32,42,97],[34, 16, 49, 43, 50, 18, 39, 54]]
[[3,7,3,31,33,109],[34, 16, 49, 43, 18, 39, 51, 53]]
[[3,7,15,23,43,55],[34, 16, 49, 43, 18, 39, 53, 54]]
[[2,8,11,28,42,95],[34, 16, 43, 50, 18, 39, 51, 54]]
[[3,9,21,25,18,81],[34, 16, 43, 50, 52, 18, 39, 53]]
[[2,4,8,20,17,94],[34, 16, 43, 50, 52, 18, 39, 54]]
[[3,9,12,29,18,78],[34, 16, 43, 50, 18, 39, 53, 54]]
[[3,3,18,19,48,84],[34, 16, 43, 52, 18, 39, 51, 53]]
[[2,8,8,36,42,80],[34, 16, 43, 52, 18, 39, 51, 54]]
[[3,7,15,19,38,67],[34, 16, 43, 18, 39, 51, 53, 54]]
[[1,7,10,19,31,88],[34, 16, 43, 52, 18, 39, 53, 54]]
[[2,6,14,26,17,114],[34, 16, 49, 50, 52, 18, 39, 44]]
[[3,5,24,25,38,92],[34, 16, 49, 50, 18, 39, 44, 53]]
[[2,6,11,30,37,63],[34, 16, 49, 50, 18, 39, 44, 54]]
[[2,10,14,38,32,70],[34, 16, 49, 52, 18, 39, 44, 51]]
[[3,7,12,35,38,88],[34, 16, 49, 18, 39, 44, 51, 53]]
[[3,7,15,31,33,97],[34, 16, 49, 52, 18, 39, 44, 53]]
[[2,8,14,36,57,62],[34, 16, 49, 52, 18, 39, 44, 54]]
[[3,7,6,19,48,70],[34, 16, 49, 18, 39, 44, 53, 54]]
[[3,3,15,7,38,105],[34, 16, 50, 18, 39, 44, 51, 53]]
[[2,2,14,10,22,80],[34, 16, 50, 18, 39, 44, 51, 54]]
[[3,5,9,25,33,131],[34, 16, 50, 52, 18, 39, 44, 53]]
[[2,6,14,14,42,102],[34, 16, 52, 18, 39, 44, 51, 54]]
[[3,7,12,15,53,70],[34, 16, 18, 39, 44, 51, 53, 54]]
[[1,11,16,15,41,98],[34, 16, 52, 18, 39, 44, 53, 54]]
[[4,16,7,28,39,55],[34, 16, 49, 50, 18, 39, 51, 53]]
[[4,8,10,28,34,62],[34, 16, 49, 50, 52, 18, 39, 53]]
[[4,12,10,28,24,72],[34, 16, 49, 50, 18, 39, 53, 54]]
[[4,14,13,30,24,47],[34, 16, 49, 52, 18, 39, 51, 53]]
[[4,6,19,14,54,105],[34, 16, 49, 18, 39, 51, 53, 54]]
[[2,8,14,24,22,92],[34, 16, 49, 52, 18, 39, 53, 54]]
[[4,6,16,26,24,84],[34, 16, 50, 52, 18, 39, 51, 53]]
[[4,10,16,26,49,34],[34, 16, 50, 18, 39, 51, 53, 54]]
[[2,6,5,26,22,111],[34, 16, 50, 52, 18, 39, 53, 54]]
[[2,12,14,36,27,72],[34, 16, 52, 18, 39, 51, 53, 54]]
[[3,7,12,15,53,76],[34, 40, 16, 42, 43, 52, 18, 44]]
[[4,6,16,18,54,108],[34, 40, 16, 42, 43, 18, 44, 53]]
[[3,5,6,17,28,128],[34, 40, 16, 42, 49, 43, 18, 53]]
[[2,2,11,10,17,101],[34, 40, 16, 42, 43, 50, 18, 54]]
[[3,7,21,19,18,103],[34, 40, 16, 42, 43, 18, 51, 53]]
[[3,9,3,41,33,57],[34, 40, 16, 42, 43, 52, 18, 53]]
[[3,5,15,25,48,89],[34, 40, 16, 42, 43, 18, 53, 54]]
[[3,7,15,15,13,109],[34, 40, 16, 42, 49, 18, 44, 53]]
[[2,2,8,10,22,80],[34, 40, 16, 42, 50, 52, 18, 44]]
[[3,5,15,33,38,89],[34, 40, 16, 42, 50, 18, 44, 53]]
[[2,6,5,22,37,63],[34, 40, 16, 42, 50, 18, 44, 54]]
[[2,8,11,36,27,89],[34, 40, 16, 42, 52, 18, 44, 51]]
[[3,9,18,17,33,78],[34, 40, 16, 42, 18, 44, 51, 53]]
[[3,3,15,15,48,99],[34, 40, 16, 42, 52, 18, 44, 53]]
[[3,7,9,15,43,79],[34, 40, 16, 42, 18, 44, 53, 54]]
[[4,10,13,22,19,115],[34, 40, 16, 42, 49, 50, 18, 53]]
[[4,10,16,26,34,94],[34, 40, 16, 42, 49, 18, 51, 53]]
[[4,10,10,22,34,100],[34, 40, 16, 42, 49, 52, 18, 53]]
[[3,9,12,21,33,78],[34, 40, 16, 42, 49, 52, 18, 54]]
[[4,10,13,22,34,91],[34, 40, 16, 42, 50, 18, 51, 53]]
[[3,11,15,31,28,83],[34, 40, 16, 42, 50, 18, 51, 54]]
[[4,12,13,24,39,63],[34, 40, 16, 42, 50, 52, 18, 53]]
[[4,8,16,28,29,104],[34, 40, 16, 42, 50, 18, 53, 54]]
[[4,8,10,20,69,50],[34, 40, 16, 42, 52, 18, 51, 53]]
[[3,5,18,13,43,110],[34, 40, 16, 42, 52, 18, 51, 54]]
[[4,8,13,28,39,77],[34, 40, 16, 42, 18, 51, 53, 54]]
[[2,4,20,20,17,106],[34, 40, 16, 42, 52, 18, 53, 54]]
[[2,2,17,6,22,89],[34, 40, 16, 49, 43, 52, 18, 44]]
[[3,5,15,13,33,119],[34, 40, 16, 49, 43, 18, 44, 53]]
[[2,6,14,26,17,114],[34, 40, 16, 43, 50, 52, 18, 44]]
[[2,6,11,22,17,123],[34, 40, 16, 43, 50, 18, 44, 54]]
[[2,6,2,22,32,78],[34, 40, 16, 43, 52, 18, 44, 51]]
[[3,5,15,17,28,125],[34, 40, 16, 43, 52, 18, 44, 53]]
[[2,6,14,26,22,102],[34, 40, 16, 43, 52, 18, 44, 54]]
[[3,9,18,21,28,84],[34, 40, 16, 43, 18, 44, 53, 54]]
[[4,10,10,34,39,82],[34, 40, 16, 49, 43, 50, 18, 53]]
[[4,4,7,16,54,91],[34, 40, 16, 49, 43, 18, 51, 53]]
[[4,8,7,24,29,101],[34, 40, 16, 49, 43, 52, 18, 53]]
[[4,8,19,24,29,95],[34, 40, 16, 49, 43, 18, 53, 54]]
[[3,7,21,23,28,109],[34, 40, 16, 43, 50, 18, 51, 54]]
[[4,8,19,20,34,89],[34, 40, 16, 43, 50, 52, 18, 53]]
[[4,8,19,28,24,83],[34, 40, 16, 43, 50, 18, 53, 54]]
[[4,6,10,26,44,60],[34, 40, 16, 43, 52, 18, 51, 53]]
[[4,10,16,26,24,118],[34, 40, 16, 43, 18, 51, 53, 54]]
[[2,6,20,18,22,54],[34, 40, 16, 43, 52, 18, 53, 54]]
[[3,3,9,7,43,87],[34, 40, 16, 49, 50, 52, 18, 44]]
[[4,6,19,18,44,117],[34, 40, 16, 49, 50, 18, 44, 53]]
[[3,7,9,15,43,103],[34, 40, 16, 49, 52, 18, 44, 51]]
[[4,12,16,24,9,96],[34, 40, 16, 49, 18, 44, 51, 53]]
[[4,4,10,16,44,94],[34, 40, 16, 49, 52, 18, 44, 53]]
[[3,9,15,25,53,63],[34, 40, 16, 50, 52, 18, 44, 51]]
[[4,10,16,26,29,88],[34, 40, 16, 50, 18, 44, 51, 53]]
[[3,9,15,21,8,111],[34, 40, 16, 50, 18, 44, 51, 54]]
[[4,8,13,24,39,65],[34, 40, 16, 50, 52, 18, 44, 53]]
[[4,8,19,32,34,53],[34, 40, 16, 50, 18, 44, 53, 54]]
[[4,6,10,14,34,66],[34, 40, 16, 52, 18, 44, 51, 53]]
[[4,10,10,38,29,58],[34, 40, 16, 18, 44, 51, 53, 54]]
[[2,10,17,34,22,79],[34, 40, 16, 52, 18, 44, 53, 54]]
[[3,5,12,25,33,122],[34, 40, 16, 49, 50, 18, 51, 53]]
[[2,6,8,14,37,96],[34, 40, 16, 49, 50, 18, 51, 54]]
[[3,9,9,41,28,57],[34, 40, 16, 49, 50, 52, 18, 53]]
[[2,4,14,12,27,106],[34, 40, 16, 49, 50, 52, 18, 54]]
[[3,5,12,13,18,98],[34, 40, 16, 49, 50, 18, 53, 54]]
[[3,7,18,19,33,100],[34, 40, 16, 49, 52, 18, 51, 53]]
[[1,5,16,29,16,98],[34, 40, 16, 49, 52, 18, 53, 54]]
[[2,6,17,18,47,63],[34, 40, 16, 50, 52, 18, 51, 54]]
[[1,9,7,25,46,93],[34, 40, 16, 50, 52, 18, 53, 54]]
[[1,7,10,23,16,94],[34, 40, 16, 52, 18, 51, 53, 54]]
[[2,8,14,28,12,104],[34, 16, 42, 49, 43, 52, 18, 44]]
[[2,12,8,28,27,72],[34, 16, 42, 43, 50, 52, 18, 44]]
[[3,11,6,43,28,32],[34, 16, 42, 43, 18, 44, 51, 53]]
[[2,6,5,50,47,57],[34, 16, 42, 43, 52, 18, 44, 54]]
[[3,9,12,17,53,66],[34, 16, 42, 43, 18, 44, 53, 54]]
[[4,6,16,22,39,78],[34, 16, 42, 49, 43, 52, 18, 53]]
[[4,10,10,38,34,76],[34, 16, 42, 49, 43, 18, 53, 54]]
[[4,12,10,36,34,54],[34, 16, 42, 43, 50, 18, 51, 53]]
[[2,6,5,18,17,105],[34, 16, 42, 43, 52, 18, 53, 54]]
[[4,12,13,28,24,87],[34, 16, 42, 49, 52, 18, 44, 53]]
[[4,8,19,20,39,77],[34, 16, 42, 49, 18, 44, 53, 54]]
[[3,9,9,29,38,75],[34, 16, 42, 50, 18, 44, 51, 54]]
[[2,12,5,28,32,69],[34, 16, 42, 52, 18, 44, 53, 54]]
[[2,8,11,32,37,83],[34, 16, 42, 49, 50, 18, 51, 54]]
[[3,7,9,31,38,43],[34, 16, 42, 49, 50, 52, 18, 53]]
[[2,6,2,14,27,102],[34, 16, 42, 49, 50, 52, 18, 54]]
[[3,7,6,15,28,106],[34, 16, 42, 49, 50, 18, 53, 54]]
[[3,3,18,7,28,84],[34, 16, 42, 49, 52, 18, 51, 53]]
[[2,4,5,12,27,67],[34, 16, 42, 49, 52, 18, 51, 54]]
[[3,7,21,11,13,67],[34, 16, 42, 49, 18, 51, 53, 54]]
[[1,9,4,33,41,72],[34, 16, 42, 49, 52, 18, 53, 54]]
[[2,6,14,22,42,60],[34, 16, 42, 50, 52, 18, 51, 54]]
[[3,5,27,17,33,83],[34, 16, 42, 50, 18, 51, 53, 54]]
[[1,9,7,25,36,87],[34, 16, 42, 50, 52, 18, 53, 54]]
[[1,9,16,37,16,66],[34, 16, 42, 52, 18, 51, 53, 54]]
[[4,8,7,16,69,71],[34, 16, 49, 43, 52, 18, 44, 53]]
[[3,9,12,25,23,120],[34, 16, 49, 43, 52, 18, 44, 54]]
[[3,11,15,23,38,77],[34, 16, 43, 50, 52, 18, 44, 51]]
[[4,12,13,24,24,93],[34, 16, 43, 50, 18, 44, 51, 53]]
[[2,4,20,20,17,106],[34, 16, 43, 52, 18, 44, 53, 54]]
[[3,5,9,37,43,77],[34, 16, 49, 43, 50, 52, 18, 53]]
[[3,9,9,21,43,87],[34, 16, 49, 43, 50, 18, 53, 54]]
[[3,7,18,23,23,106],[34, 16, 49, 43, 52, 18, 51, 53]]
[[3,7,12,31,43,76],[34, 16, 49, 43, 18, 51, 53, 54]]
[[1,13,16,13,36,118],[34, 16, 49, 43, 52, 18, 53, 54]]
[[3,7,3,19,28,85],[34, 16, 43, 50, 52, 18, 51, 53]]
[[1,7,7,23,46,85],[34, 16, 43, 50, 52, 18, 53, 54]]
[[1,5,10,33,21,104],[34, 16, 43, 52, 18, 51, 53, 54]]
[[2,4,8,16,22,106],[34, 16, 49, 50, 52, 18, 44, 51]]
[[3,9,6,29,18,66],[34, 16, 49, 50, 18, 44, 51, 53]]
[[2,12,14,36,42,54],[34, 16, 49, 50, 18, 44, 51, 54]]
[[3,5,9,25,38,95],[34, 16, 49, 50, 52, 18, 44, 53]]
[[3,9,15,33,33,93],[34, 16, 49, 50, 18, 44, 53, 54]]
[[3,7,18,19,23,112],[34, 16, 49, 52, 18, 44, 51, 53]]
[[3,7,18,27,48,70],[34, 16, 49, 18, 44, 51, 53, 54]]
[[1,9,10,29,16,60],[34, 16, 49, 52, 18, 44, 53, 54]]
[[3,11,18,31,13,80],[34, 16, 50, 52, 18, 44, 51, 53]]
[[3,3,12,3,33,108],[34, 16, 50, 18, 44, 51, 53, 54]]
[[1,3,16,19,21,78],[34, 16, 50, 52, 18, 44, 53, 54]]
[[1,5,7,21,26,95],[34, 16, 52, 18, 44, 51, 53, 54]]
[[3,9,9,33,33,93],[34, 16, 49, 50, 52, 18, 51, 54]]
[[4,12,10,40,24,48],[34, 16, 49, 50, 18, 51, 53, 54]]
[[4,8,16,32,29,86],[35, 16, 37, 42, 38, 18, 39, 53]]
[[3,9,6,33,43,78],[35, 16, 37, 38, 52, 18, 39, 44]]
[[4,8,25,20,34,65],[35, 16, 37, 38, 18, 39, 44, 53]]
[[3,3,12,15,33,108],[35, 16, 37, 49, 38, 18, 39, 53]]
[[3,5,15,21,33,125],[35, 16, 37, 38, 50, 18, 39, 53]]
[[3,9,9,29,38,123],[35, 16, 37, 38, 18, 39, 51, 53]]
[[3,7,9,27,43,103],[35, 16, 37, 38, 18, 39, 53, 54]]
[[3,5,15,13,38,107],[35, 40, 16, 37, 42, 38, 18, 53]]
[[2,4,14,16,17,88],[35, 40, 16, 37, 38, 52, 18, 44]]
[[3,7,21,23,28,115],[35, 40, 16, 37, 38, 18, 44, 53]]
[[4,4,13,8,49,121],[35, 40, 16, 37, 49, 38, 18, 53]]
[[4,12,16,32,14,72],[35, 40, 16, 37, 38, 50, 18, 53]]
[[4,8,10,40,34,80],[35, 40, 16, 37, 38, 18, 51, 53]]
[[4,6,19,10,39,111],[35, 40, 16, 37, 38, 52, 18, 53]]
[[3,9,6,25,28,108],[35, 16, 37, 42, 38, 43, 18, 53]]
[[3,7,15,27,23,91],[35, 16, 37, 42, 38, 18, 44, 53]]
[[4,10,16,30,34,46],[35, 16, 37, 42, 38, 50, 18, 53]]
[[3,13,9,25,33,85],[35, 16, 37, 42, 38, 50, 18, 54]]
[[2,4,14,16,32,100],[35, 16, 37, 38, 43, 52, 18, 44]]
[[4,4,13,20,34,73],[35, 16, 37, 38, 43, 50, 18, 53]]
[[3,7,6,23,28,94],[35, 16, 37, 38, 43, 50, 18, 54]]
[[4,8,13,28,44,41],[35, 16, 37, 38, 50, 18, 44, 53]]
[[3,9,9,29,38,57],[35, 16, 37, 38, 50, 18, 44, 54]]
[[3,7,6,19,48,112],[35, 16, 37, 38, 52, 18, 44, 51]]
[[4,12,13,24,39,75],[35, 16, 37, 38, 18, 44, 51, 53]]
[[3,9,15,29,23,111],[35, 16, 37, 49, 38, 50, 18, 53]]
[[3,9,12,33,23,78],[35, 16, 37, 49, 38, 18, 51, 53]]
[[3,5,15,13,28,101],[35, 16, 37, 49, 38, 52, 18, 53]]
[[3,5,3,33,28,101],[35, 16, 37, 49, 38, 18, 53, 54]]
[[2,2,11,14,22,95],[35, 16, 37, 38, 50, 18, 51, 54]]
[[3,3,15,7,33,117],[35, 16, 37, 38, 50, 52, 18, 53]]
[[3,7,18,31,23,88],[35, 16, 37, 38, 50, 18, 53, 54]]
[[3,7,12,19,33,124],[35, 16, 37, 38, 52, 18, 51, 53]]
[[3,7,15,27,38,85],[35, 16, 37, 38, 18, 51, 53, 54]]
[[1,7,4,43,51,70],[35, 16, 37, 38, 52, 18, 53, 54]]
[[3,5,9,9,23,77],[35, 40, 16, 37, 42, 18, 39, 53]]
[[3,7,15,35,28,73],[35, 40, 16, 37, 43, 18, 39, 53]]
[[3,9,18,29,18,96],[35, 40, 16, 37, 18, 39, 44, 53]]
[[4,10,13,34,29,67],[35, 40, 16, 37, 49, 18, 39, 53]]
[[3,7,12,23,48,100],[35, 40, 16, 37, 50, 18, 39, 54]]
[[4,4,16,8,44,100],[35, 40, 16, 37, 52, 18, 39, 53]]
[[4,8,16,28,24,74],[35, 40, 16, 37, 18, 39, 53, 54]]
[[3,11,6,43,33,44],[35, 16, 37, 42, 43, 18, 39, 53]]
[[2,8,11,28,27,107],[35, 16, 37, 42, 52, 18, 39, 44]]
[[3,11,6,23,53,104],[35, 16, 37, 42, 18, 39, 44, 53]]
[[4,8,19,24,29,71],[35, 16, 37, 42, 50, 18, 39, 53]]
[[3,7,15,35,28,97],[35, 16, 37, 42, 50, 18, 39, 54]]
[[2,4,8,16,22,94],[35, 16, 37, 43, 52, 18, 39, 44]]
[[3,7,15,23,23,91],[35, 16, 37, 43, 18, 39, 44, 53]]
[[4,6,13,26,39,75],[35, 16, 37, 43, 50, 18, 39, 53]]
[[3,9,18,25,23,108],[35, 16, 37, 43, 50, 18, 39, 54]]
[[3,5,6,25,28,92],[35, 16, 37, 50, 52, 18, 39, 44]]
[[4,8,19,20,29,95],[35, 16, 37, 50, 18, 39, 44, 53]]
[[3,5,3,17,43,101],[35, 16, 37, 50, 18, 39, 44, 54]]
[[3,9,21,29,13,87],[35, 16, 37, 52, 18, 39, 44, 51]]
[[4,10,13,34,24,85],[35, 16, 37, 18, 39, 44, 51, 53]]
[[3,9,9,25,38,117],[35, 16, 37, 49, 50, 18, 39, 53]]
[[2,8,5,36,27,47],[35, 16, 37, 49, 50, 18, 39, 54]]
[[3,7,24,27,23,88],[35, 16, 37, 49, 18, 39, 51, 53]]
[[3,7,24,27,28,88],[35, 16, 37, 49, 52, 18, 39, 53]]
[[3,7,6,31,33,100],[35, 16, 37, 49, 18, 39, 53, 54]]
[[3,5,12,17,53,74],[35, 16, 37, 50, 18, 39, 51, 53]]
[[2,2,14,10,27,104],[35, 16, 37, 50, 18, 39, 51, 54]]
[[3,7,21,19,28,97],[35, 16, 37, 50, 52, 18, 39, 53]]
[[3,5,9,13,43,89],[35, 16, 37, 18, 39, 51, 53, 54]]
[[1,9,10,17,41,84],[35, 16, 37, 52, 18, 39, 53, 54]]
[[3,3,15,11,33,81],[35, 40, 16, 37, 42, 49, 18, 53]]
[[3,7,15,31,38,55],[35, 40, 16, 37, 42, 50, 18, 53]]
[[3,7,9,31,33,91],[35, 40, 16, 37, 42, 18, 51, 53]]
[[3,5,12,21,33,134],[35, 40, 16, 37, 42, 52, 18, 53]]
[[2,4,8,20,17,100],[35, 40, 16, 37, 42, 52, 18, 54]]
[[3,5,27,13,23,89],[35, 40, 16, 37, 42, 18, 53, 54]]
[[3,9,9,25,43,93],[35, 40, 16, 37, 49, 43, 18, 53]]
[[3,13,12,21,28,82],[35, 40, 16, 37, 43, 18, 51, 53]]
[[3,7,15,15,38,85],[35, 40, 16, 37, 43, 52, 18, 53]]
[[3,15,9,27,33,57],[35, 40, 16, 37, 43, 18, 53, 54]]
[[2,4,2,12,22,94],[35, 40, 16, 37, 49, 52, 18, 44]]
[[2,6,14,26,22,126],[35, 40, 16, 37, 50, 52, 18, 44]]
[[3,5,12,45,38,74],[35, 40, 16, 37, 50, 18, 44, 53]]
[[2,6,11,22,42,81],[35, 40, 16, 37, 50, 18, 44, 54]]
[[2,2,8,18,32,92],[35, 40, 16, 37, 52, 18, 44, 51]]
[[3,3,12,3,28,90],[35, 40, 16, 37, 18, 44, 51, 53]]
[[3,9,9,17,43,63],[35, 40, 16, 37, 52, 18, 44, 53]]
[[3,9,15,29,33,81],[35, 40, 16, 37, 18, 44, 53, 54]]
[[4,8,13,40,24,77],[35, 40, 16, 37, 49, 50, 18, 53]]
[[3,7,12,23,48,46],[35, 40, 16, 37, 49, 50, 18, 54]]
[[4,12,10,28,24,66],[35, 40, 16, 37, 50, 52, 18, 53]]
[[3,11,21,27,8,83],[35, 40, 16, 37, 50, 52, 18, 54]]
[[4,12,7,28,44,87],[35, 40, 16, 37, 50, 18, 53, 54]]
[[4,6,4,26,44,96],[35, 40, 16, 37, 52, 18, 51, 53]]
[[4,10,13,34,29,73],[35, 40, 16, 37, 18, 51, 53, 54]]
[[3,3,3,31,23,105],[35, 16, 37, 42, 43, 52, 18, 44]]
[[4,10,10,34,39,82],[35, 16, 37, 42, 43, 18, 44, 53]]
[[3,9,12,25,43,66],[35, 16, 37, 42, 49, 43, 18, 53]]
[[3,3,9,23,33,111],[35, 16, 37, 42, 43, 50, 18, 53]]
[[3,7,6,27,13,40],[35, 16, 37, 42, 43, 18, 51, 53]]
[[3,5,9,21,23,89],[35, 16, 37, 42, 43, 52, 18, 53]]
[[3,17,9,21,33,77],[35, 16, 37, 42, 43, 18, 53, 54]]
[[2,6,11,34,27,81],[35, 16, 37, 42, 49, 52, 18, 44]]
[[3,5,18,17,33,98],[35, 16, 37, 42, 49, 18, 44, 53]]
[[3,7,21,19,33,61],[35, 16, 37, 42, 50, 18, 44, 53]]
[[2,2,11,14,32,89],[35, 16, 37, 42, 52, 18, 44, 51]]
[[3,5,3,25,23,89],[35, 16, 37, 42, 52, 18, 44, 53]]
[[3,9,9,33,33,93],[35, 16, 37, 42, 18, 44, 53, 54]]
[[4,8,16,28,29,62],[35, 16, 37, 42, 49, 50, 18, 53]]
[[3,7,24,23,18,88],[35, 16, 37, 42, 49, 50, 18, 54]]
[[4,8,19,24,34,101],[35, 16, 37, 42, 49, 18, 51, 53]]
[[4,8,16,32,29,98],[35, 16, 37, 42, 49, 52, 18, 53]]
[[3,7,15,31,38,97],[35, 16, 37, 42, 49, 52, 18, 54]]
[[4,4,19,4,44,85],[35, 16, 37, 42, 49, 18, 53, 54]]
[[4,8,13,28,44,101],[35, 16, 37, 42, 50, 18, 51, 53]]
[[3,5,21,21,28,101],[35, 16, 37, 42, 50, 18, 51, 54]]
[[3,13,12,33,33,58],[35, 16, 37, 42, 50, 52, 18, 54]]
[[4,14,13,22,29,71],[35, 16, 37, 42, 50, 18, 53, 54]]
[[3,7,12,39,28,82],[35, 16, 37, 42, 52, 18, 51, 54]]
[[4,10,10,42,19,52],[35, 16, 37, 42, 18, 51, 53, 54]]
[[2,10,5,34,47,85],[35, 16, 37, 42, 52, 18, 53, 54]]
[[3,9,9,25,43,93],[35, 16, 37, 49, 43, 18, 44, 53]]
[[2,6,14,14,37,84],[35, 16, 37, 43, 50, 52, 18, 44]]
[[3,9,15,17,48,75],[35, 16, 37, 43, 50, 18, 44, 53]]
[[2,10,11,18,32,73],[35, 16, 37, 43, 50, 18, 44, 54]]
[[2,6,17,26,22,105],[35, 16, 37, 43, 52, 18, 44, 51]]
[[3,11,9,31,33,65],[35, 16, 37, 43, 18, 44, 51, 53]]
[[3,5,12,17,28,134],[35, 16, 37, 43, 52, 18, 44, 53]]
[[3,9,12,33,33,72],[35, 16, 37, 43, 18, 44, 53, 54]]
[[4,6,13,42,34,57],[35, 16, 37, 49, 43, 50, 18, 53]]
[[3,9,9,25,53,81],[35, 16, 37, 49, 43, 50, 18, 54]]
[[4,8,13,32,29,83],[35, 16, 37, 49, 43, 52, 18, 53]]
[[4,12,13,36,19,69],[35, 16, 37, 49, 43, 18, 53, 54]]
[[4,10,10,38,24,70],[35, 16, 37, 43, 50, 18, 51, 53]]
[[3,7,18,23,18,118],[35, 16, 37, 43, 50, 18, 51, 54]]
[[4,4,22,12,49,76],[35, 16, 37, 43, 50, 52, 18, 53]]
[[4,6,13,10,29,117],[35, 16, 37, 43, 52, 18, 51, 53]]
[[4,10,10,26,39,88],[35, 16, 37, 43, 18, 51, 53, 54]]
[[2,6,8,22,17,120],[35, 16, 37, 43, 52, 18, 53, 54]]
[[3,5,15,17,38,119],[35, 16, 37, 49, 50, 52, 18, 44]]
[[4,12,16,24,34,60],[35, 16, 37, 49, 50, 18, 44, 53]]
[[3,5,12,17,28,122],[35, 16, 37, 49, 50, 18, 44, 54]]
[[4,6,13,22,29,87],[35, 16, 37, 49, 18, 44, 51, 53]]
[[4,10,19,26,19,85],[35, 16, 37, 49, 52, 18, 44, 53]]
[[3,7,21,19,23,91],[35, 16, 37, 50, 52, 18, 44, 51]]
[[4,8,16,32,29,86],[35, 16, 37, 50, 18, 44, 51, 53]]
[[3,3,3,11,28,123],[35, 16, 37, 50, 18, 44, 51, 54]]
[[4,10,13,26,39,73],[35, 16, 37, 50, 52, 18, 44, 53]]
[[4,8,10,24,44,104],[35, 16, 37, 52, 18, 44, 51, 53]]
[[2,12,5,32,42,69],[35, 16, 37, 52, 18, 44, 53, 54]]
[[3,11,15,27,33,83],[35, 16, 37, 49, 50, 18, 51, 53]]
[[2,8,11,20,42,77],[35, 16, 37, 49, 50, 18, 51, 54]]
[[3,7,21,19,28,91],[35, 16, 37, 49, 50, 52, 18, 53]]
[[2,6,14,30,37,90],[35, 16, 37, 49, 50, 52, 18, 54]]
[[3,15,12,31,23,66],[35, 16, 37, 49, 50, 18, 53, 54]]
[[2,6,17,30,42,75],[35, 16, 37, 49, 52, 18, 51, 54]]
[[3,5,15,13,28,119],[35, 16, 37, 49, 18, 51, 53, 54]]
[[1,7,4,11,26,82],[35, 16, 37, 49, 52, 18, 53, 54]]
[[3,7,6,15,53,100],[35, 16, 37, 50, 52, 18, 51, 53]]
[[2,4,14,24,22,112],[35, 16, 37, 50, 52, 18, 51, 54]]
[[1,7,7,23,51,79],[35, 16, 37, 50, 52, 18, 53, 54]]
[[1,5,22,37,26,74],[35, 16, 37, 52, 18, 51, 53, 54]]
[[3,5,3,17,28,77],[35, 40, 16, 42, 38, 18, 39, 53]]
[[3,7,6,27,13,40],[35, 40, 16, 38, 43, 18, 39, 53]]
[[2,2,11,14,32,89],[35, 40, 16, 38, 52, 18, 39, 44]]
[[4,8,19,24,34,101],[35, 40, 16, 49, 38, 18, 39, 53]]
[[4,8,13,28,44,101],[35, 40, 16, 38, 50, 18, 39, 53]]
[[3,5,21,21,28,101],[35, 40, 16, 38, 50, 18, 39, 54]]
[[4,6,4,30,49,96],[35, 40, 16, 38, 18, 39, 51, 53]]
[[3,7,12,39,28,82],[35, 40, 16, 38, 52, 18, 39, 54]]
[[4,10,10,42,19,52],[35, 40, 16, 38, 18, 39, 53, 54]]
[[3,13,12,21,28,82],[35, 16, 42, 38, 43, 18, 39, 53]]
[[2,2,8,18,32,92],[35, 16, 42, 38, 52, 18, 39, 44]]
[[3,3,12,3,28,90],[35, 16, 42, 38, 18, 39, 44, 53]]
[[4,6,4,26,44,96],[35, 16, 42, 38, 52, 18, 39, 53]]
[[4,10,13,34,29,73],[35, 16, 42, 38, 18, 39, 53, 54]]
[[4,10,10,26,29,88],[35, 16, 49, 38, 43, 18, 39, 53]]
[[4,10,13,26,44,85],[35, 16, 38, 43, 52, 18, 39, 53]]
[[4,6,13,42,34,57],[35, 16, 38, 43, 18, 39, 53, 54]]
[[3,9,12,21,33,78],[35, 16, 49, 38, 52, 18, 39, 44]]
[[4,10,13,30,24,79],[35, 16, 49, 38, 18, 39, 44, 53]]
[[3,9,12,21,23,108],[35, 16, 49, 38, 50, 18, 39, 53]]
[[2,2,11,18,32,83],[35, 16, 49, 38, 50, 18, 39, 54]]
[[3,3,15,11,33,81],[35, 16, 49, 38, 18, 39, 51, 53]]
[[3,13,12,29,38,70],[35, 16, 49, 38, 52, 18, 39, 53]]
[[2,6,14,26,27,96],[35, 16, 49, 38, 52, 18, 39, 54]]
[[3,7,15,31,38,55],[35, 16, 38, 50, 18, 39, 51, 53]]
[[2,4,8,24,37,58],[35, 16, 38, 50, 52, 18, 39, 54]]
[[3,7,18,19,38,70],[35, 16, 38, 50, 18, 39, 53, 54]]
[[3,5,12,21,33,134],[35, 16, 38, 52, 18, 39, 51, 53]]
[[2,4,8,20,17,100],[35, 16, 38, 52, 18, 39, 51, 54]]
[[3,5,27,13,23,89],[35, 16, 38, 18, 39, 51, 53, 54]]
[[1,7,10,27,31,100],[35, 16, 38, 52, 18, 39, 53, 54]]
[[3,9,21,29,13,87],[35, 40, 16, 42, 38, 52, 18, 44]]
[[4,10,13,34,24,85],[35, 40, 16, 42, 38, 18, 44, 53]]
[[3,7,24,27,23,88],[35, 40, 16, 42, 49, 38, 18, 53]]
[[3,5,12,17,53,74],[35, 40, 16, 42, 38, 50, 18, 53]]
[[2,2,14,10,27,104],[35, 40, 16, 42, 38, 50, 18, 54]]
[[3,5,12,29,28,86],[35, 40, 16, 42, 38, 18, 51, 53]]
[[3,5,9,13,43,89],[35, 40, 16, 42, 38, 18, 53, 54]]
[[3,7,18,31,38,88],[35, 40, 16, 38, 43, 52, 18, 44]]
[[4,8,19,24,34,101],[35, 40, 16, 38, 43, 18, 44, 53]]
[[3,9,15,25,13,87],[35, 40, 16, 38, 43, 50, 18, 53]]
[[3,11,6,43,33,44],[35, 40, 16, 38, 43, 18, 51, 53]]
[[2,4,2,32,27,52],[35, 40, 16, 38, 43, 52, 18, 54]]
[[2,4,2,32,22,76],[35, 40, 16, 49, 38, 52, 18, 44]]
[[2,8,8,36,37,68],[35, 40, 16, 38, 50, 52, 18, 44]]
[[3,9,15,21,33,51],[35, 40, 16, 38, 50, 18, 44, 53]]
[[2,8,11,28,27,107],[35, 40, 16, 38, 52, 18, 44, 51]]
[[3,11,6,23,53,104],[35, 40, 16, 38, 18, 44, 51, 53]]
[[3,7,12,27,38,70],[35, 40, 16, 38, 18, 44, 53, 54]]
[[4,8,19,20,34,113],[35, 40, 16, 49, 38, 52, 18, 53]]
[[4,8,13,36,34,65],[35, 40, 16, 49, 38, 18, 53, 54]]
[[4,8,19,24,29,71],[35, 40, 16, 38, 50, 18, 51, 53]]
[[3,7,15,35,28,97],[35, 40, 16, 38, 50, 18, 51, 54]]
[[3,7,18,23,23,88],[35, 16, 42, 38, 43, 52, 18, 44]]
[[4,12,10,40,24,48],[35, 16, 42, 38, 43, 18, 44, 53]]
[[3,3,9,7,28,81],[35, 16, 42, 49, 38, 43, 18, 53]]
[[2,4,26,28,27,100],[35, 16, 42, 38, 43, 50, 18, 54]]
[[3,7,15,35,28,73],[35, 16, 42, 38, 43, 18, 51, 53]]
[[2,4,5,28,27,85],[35, 16, 42, 38, 43, 52, 18, 54]]
[[3,7,15,19,38,49],[35, 16, 42, 38, 43, 18, 53, 54]]
[[3,5,15,21,38,65],[35, 16, 42, 49, 38, 18, 44, 53]]
[[2,12,11,36,37,69],[35, 16, 42, 38, 50, 52, 18, 44]]
[[3,9,15,17,18,81],[35, 16, 42, 38, 50, 18, 44, 53]]
[[2,4,17,20,32,109],[35, 16, 42, 38, 50, 18, 44, 54]]
[[3,9,18,29,18,96],[35, 16, 42, 38, 18, 44, 51, 53]]
[[3,5,3,25,23,95],[35, 16, 42, 38, 52, 18, 44, 53]]
[[2,4,20,28,32,106],[35, 16, 42, 38, 52, 18, 44, 54]]
[[3,5,18,25,33,92],[35, 16, 42, 38, 18, 44, 53, 54]]
[[4,6,13,26,39,105],[35, 16, 42, 49, 38, 50, 18, 53]]
[[3,7,12,19,33,124],[35, 16, 42, 49, 38, 50, 18, 54]]
[[4,10,13,34,29,67],[35, 16, 42, 49, 38, 18, 51, 53]]
[[4,4,10,16,39,88],[35, 16, 42, 49, 38, 52, 18, 53]]
[[4,8,13,24,34,101],[35, 16, 42, 49, 38, 18, 53, 54]]
[[3,7,12,23,48,100],[35, 16, 42, 38, 50, 18, 51, 54]]
[[4,4,4,12,39,88],[35, 16, 42, 38, 50, 18, 53, 54]]
[[4,4,16,8,44,100],[35, 16, 42, 38, 52, 18, 51, 53]]
[[4,8,16,28,24,74],[35, 16, 42, 38, 18, 51, 53, 54]]
[[2,6,8,14,32,114],[35, 16, 42, 38, 52, 18, 53, 54]]
[[2,8,8,40,37,74],[35, 16, 49, 38, 43, 52, 18, 44]]
[[2,10,8,26,37,94],[35, 16, 38, 43, 50, 52, 18, 44]]
[[3,7,12,35,23,76],[35, 16, 38, 43, 50, 18, 44, 53]]
[[2,6,20,26,17,102],[35, 16, 38, 43, 50, 18, 44, 54]]
[[2,6,8,26,22,120],[35, 16, 38, 43, 52, 18, 44, 51]]
[[3,13,9,25,23,67],[35, 16, 38, 43, 52, 18, 44, 53]]
[[4,12,10,36,24,48],[35, 16, 49, 38, 43, 50, 18, 53]]
[[3,9,3,29,38,105],[35, 16, 49, 38, 43, 50, 18, 54]]
[[4,6,19,18,44,117],[35, 16, 49, 38, 43, 18, 51, 53]]
[[3,5,21,21,38,95],[35, 16, 49, 38, 43, 52, 18, 54]]
[[4,4,10,20,34,100],[35, 16, 49, 38, 43, 18, 53, 54]]
[[3,5,6,25,33,74],[35, 16, 38, 43, 50, 18, 51, 54]]
[[4,6,10,14,34,66],[35, 16, 38, 43, 50, 52, 18, 53]]
[[3,7,3,43,33,85],[35, 16, 38, 43, 50, 52, 18, 54]]
[[4,6,13,30,34,87],[35, 16, 38, 43, 50, 18, 53, 54]]
[[4,8,19,20,39,101],[35, 16, 38, 43, 52, 18, 51, 53]]
[[3,7,21,15,18,85],[35, 16, 38, 43, 52, 18, 51, 54]]
[[4,8,16,16,34,98],[35, 16, 38, 43, 18, 51, 53, 54]]
[[3,7,18,23,33,112],[35, 16, 49, 38, 50, 52, 18, 44]]
[[4,8,16,28,34,86],[35, 16, 49, 38, 50, 18, 44, 53]]
[[3,19,9,23,33,37],[35, 16, 49, 38, 52, 18, 44, 51]]
[[4,10,19,18,14,109],[35, 16, 49, 38, 18, 44, 51, 53]]
[[4,8,16,20,29,98],[35, 16, 49, 38, 52, 18, 44, 53]]
[[3,11,12,27,28,74],[35, 16, 49, 38, 52, 18, 44, 54]]
[[4,8,13,20,49,95],[35, 16, 49, 38, 18, 44, 53, 54]]
[[3,7,12,23,33,124],[35, 16, 38, 50, 52, 18, 44, 51]]
[[4,6,7,30,24,51],[35, 16, 38, 50, 18, 44, 51, 53]]
[[3,7,15,23,28,97],[35, 16, 38, 50, 18, 44, 51, 54]]
[[4,14,13,30,24,47],[35, 16, 38, 50, 52, 18, 44, 53]]
[[4,10,16,26,24,118],[35, 16, 38, 50, 18, 44, 53, 54]]
[[4,4,4,12,49,88],[35, 16, 38, 52, 18, 44, 51, 53]]
[[3,9,15,37,28,81],[35, 16, 38, 52, 18, 44, 51, 54]]
[[4,8,19,20,39,89],[35, 16, 38, 18, 44, 51, 53, 54]]
[[2,6,5,10,52,51],[35, 16, 38, 52, 18, 44, 53, 54]]
[[3,9,15,29,28,81],[35, 16, 49, 38, 50, 18, 51, 53]]
[[2,8,5,28,32,53],[35, 16, 49, 38, 50, 18, 51, 54]]
[[3,7,6,19,48,118],[35, 16, 49, 38, 50, 52, 18, 53]]
[[3,7,6,19,48,106],[35, 16, 49, 38, 50, 18, 53, 54]]
[[3,5,12,21,43,86],[35, 16, 49, 38, 52, 18, 51, 53]]
[[3,5,24,21,33,86],[35, 16, 49, 38, 18, 51, 53, 54]]
[[3,5,18,25,33,110],[35, 16, 38, 50, 52, 18, 51, 53]]
[[1,7,1,23,31,67],[35, 16, 38, 50, 52, 18, 53, 54]]
[[1,5,13,25,31,77],[35, 16, 38, 52, 18, 51, 53, 54]]
[[3,7,6,19,48,112],[35, 40, 16, 42, 52, 18, 39, 44]]
[[4,12,13,24,39,75],[35, 40, 16, 42, 18, 39, 44, 53]]
[[3,9,12,33,23,78],[35, 40, 16, 42, 49, 18, 39, 53]]
[[2,2,11,14,22,95],[35, 40, 16, 42, 50, 18, 39, 54]]
[[3,7,12,19,33,124],[35, 40, 16, 42, 52, 18, 39, 53]]
[[3,7,15,27,38,85],[35, 40, 16, 42, 18, 39, 53, 54]]
[[3,5,9,25,33,119],[35, 40, 16, 43, 52, 18, 39, 44]]
[[3,11,9,27,18,77],[35, 40, 16, 49, 43, 18, 39, 53]]
[[3,9,12,33,38,60],[35, 40, 16, 43, 50, 18, 39, 53]]
[[3,9,6,25,28,108],[35, 40, 16, 43, 18, 39, 51, 53]]
[[3,5,6,17,23,86],[35, 40, 16, 43, 52, 18, 39, 53]]
[[2,2,23,14,27,101],[35, 40, 16, 43, 52, 18, 39, 54]]
[[3,9,21,25,38,57],[35, 40, 16, 43, 18, 39, 53, 54]]
[[2,8,17,28,22,83],[35, 40, 16, 49, 52, 18, 39, 44]]
[[3,5,15,17,38,137],[35, 40, 16, 49, 18, 39, 44, 53]]
[[3,7,6,15,48,94],[35, 40, 16, 50, 18, 39, 44, 53]]
[[3,7,15,27,23,91],[35, 40, 16, 18, 39, 44, 51, 53]]
[[3,7,12,19,38,106],[35, 40, 16, 52, 18, 39, 44, 53]]
[[2,6,5,30,22,81],[35, 40, 16, 52, 18, 39, 44, 54]]
[[3,7,3,19,38,109],[35, 40, 16, 18, 39, 44, 53, 54]]
[[4,8,13,24,49,83],[35, 40, 16, 49, 52, 18, 39, 53]]
[[4,8,13,40,19,59],[35, 40, 16, 49, 18, 39, 53, 54]]
[[4,10,16,30,34,46],[35, 40, 16, 50, 18, 39, 51, 53]]
[[3,13,9,25,33,85],[35, 40, 16, 50, 18, 39, 51, 54]]
[[2,8,11,24,42,101],[35, 40, 16, 52, 18, 39, 53, 54]]
[[3,7,15,27,28,109],[35, 16, 42, 43, 52, 18, 39, 44]]
[[4,8,22,24,29,74],[35, 16, 42, 43, 18, 39, 44, 53]]
[[3,5,6,17,38,92],[35, 16, 42, 43, 50, 18, 39, 53]]
[[2,10,17,18,57,61],[35, 16, 42, 43, 50, 18, 39, 54]]
[[3,7,12,23,48,82],[35, 16, 42, 43, 52, 18, 39, 53]]
[[2,8,8,20,37,68],[35, 16, 42, 43, 52, 18, 39, 54]]
[[3,7,3,23,28,49],[35, 16, 42, 43, 18, 39, 53, 54]]
[[2,6,14,18,32,66],[35, 16, 42, 49, 52, 18, 39, 44]]
[[3,7,9,31,28,109],[35, 16, 42, 49, 18, 39, 44, 53]]
[[2,4,23,24,27,79],[35, 16, 42, 50, 52, 18, 39, 44]]
[[2,4,14,16,17,88],[35, 16, 42, 52, 18, 39, 44, 51]]
[[3,7,21,23,28,115],[35, 16, 42, 18, 39, 44, 51, 53]]
[[3,3,6,15,18,90],[35, 16, 42, 52, 18, 39, 44, 53]]
[[2,6,2,18,17,126],[35, 16, 42, 52, 18, 39, 44, 54]]
[[3,7,21,27,33,97],[35, 16, 42, 18, 39, 44, 53, 54]]
[[3,3,9,11,33,111],[35, 16, 42, 49, 50, 18, 39, 54]]
[[4,4,13,8,49,121],[35, 16, 42, 49, 18, 39, 51, 53]]
[[4,6,4,26,44,96],[35, 16, 42, 49, 18, 39, 53, 54]]
[[4,12,16,32,14,72],[35, 16, 42, 50, 18, 39, 51, 53]]
[[4,12,13,36,19,69],[35, 16, 42, 50, 18, 39, 53, 54]]
[[4,6,19,10,39,111],[35, 16, 42, 52, 18, 39, 51, 53]]
[[2,10,11,34,42,73],[35, 16, 49, 43, 52, 18, 39, 44]]
[[3,3,6,11,38,54],[35, 16, 43, 50, 18, 39, 44, 53]]
[[2,6,8,18,52,48],[35, 16, 43, 50, 18, 39, 44, 54]]
[[2,8,14,24,32,56],[35, 16, 43, 52, 18, 39, 44, 51]]
[[3,11,12,27,38,86],[35, 16, 43, 18, 39, 44, 51, 53]]
[[3,3,3,15,23,111],[35, 16, 43, 52, 18, 39, 44, 53]]
[[3,9,18,29,23,84],[35, 16, 49, 43, 50, 18, 39, 54]]
[[4,8,19,16,19,107],[35, 16, 49, 43, 18, 39, 51, 53]]
[[4,10,13,22,24,115],[35, 16, 49, 43, 52, 18, 39, 53]]
[[3,3,3,11,28,87],[35, 16, 49, 43, 52, 18, 39, 54]]
[[4,6,10,18,49,108],[35, 16, 49, 43, 18, 39, 53, 54]]
[[4,6,10,30,29,84],[35, 16, 43, 50, 18, 39, 51, 53]]
[[3,9,18,21,18,84],[35, 16, 43, 50, 18, 39, 51, 54]]
[[4,6,16,10,34,108],[35, 16, 43, 52, 18, 39, 51, 53]]
[[3,5,9,17,33,149],[35, 16, 43, 52, 18, 39, 51, 54]]
[[4,10,13,22,24,109],[35, 16, 43, 18, 39, 51, 53, 54]]
[[2,4,2,16,37,52],[35, 16, 43, 52, 18, 39, 53, 54]]
[[4,14,7,22,39,77],[35, 16, 49, 50, 18, 39, 44, 53]]
[[3,9,12,33,33,102],[35, 16, 49, 50, 18, 39, 44, 54]]
[[4,10,10,38,24,70],[35, 16, 49, 18, 39, 44, 51, 53]]
[[4,8,10,16,39,80],[35, 16, 49, 52, 18, 39, 44, 53]]
[[3,11,6,39,43,62],[35, 16, 49, 52, 18, 39, 44, 54]]
[[4,8,19,20,29,89],[35, 16, 49, 18, 39, 44, 53, 54]]
[[3,9,9,29,38,57],[35, 16, 50, 52, 18, 39, 44, 51]]
[[4,12,7,24,64,75],[35, 16, 50, 18, 39, 44, 51, 53]]
[[4,8,13,32,29,83],[35, 16, 50, 52, 18, 39, 44, 53]]
[[4,8,16,28,24,74],[35, 16, 50, 18, 39, 44, 53, 54]]
[[4,8,10,24,44,92],[35, 16, 52, 18, 39, 44, 51, 53]]
[[4,8,19,16,34,89],[35, 16, 18, 39, 44, 51, 53, 54]]
[[2,6,11,14,42,75],[35, 16, 52, 18, 39, 44, 53, 54]]
[[3,11,6,27,33,68],[35, 16, 49, 50, 18, 39, 51, 53]]
[[2,6,11,22,22,129],[35, 16, 49, 50, 18, 39, 51, 54]]
[[3,5,6,25,33,74],[35, 16, 49, 50, 52, 18, 39, 53]]
[[3,9,12,33,43,66],[35, 16, 49, 50, 18, 39, 53, 54]]
[[3,5,12,13,33,116],[35, 16, 49, 52, 18, 39, 51, 53]]
[[3,9,6,21,63,96],[35, 16, 49, 18, 39, 51, 53, 54]]
[[1,5,4,9,26,74],[35, 16, 49, 52, 18, 39, 53, 54]]
[[3,7,18,15,23,88],[35, 16, 50, 52, 18, 39, 51, 53]]
[[3,11,12,31,13,80],[35, 16, 50, 18, 39, 51, 53, 54]]
[[1,5,7,9,21,89],[35, 16, 50, 52, 18, 39, 53, 54]]
[[1,5,7,21,16,95],[35, 16, 52, 18, 39, 51, 53, 54]]
[[2,8,11,24,37,107],[35, 40, 16, 42, 43, 52, 18, 44]]
[[3,5,24,13,28,86],[35, 40, 16, 42, 43, 18, 44, 53]]
[[4,10,13,34,29,73],[35, 40, 16, 42, 49, 43, 18, 53]]
[[3,3,9,11,33,111],[35, 40, 16, 42, 43, 50, 18, 54]]
[[4,8,16,20,39,104],[35, 40, 16, 42, 43, 52, 18, 53]]
[[3,9,15,33,38,57],[35, 40, 16, 42, 49, 52, 18, 44]]
[[4,6,19,22,29,75],[35, 40, 16, 42, 49, 18, 44, 53]]
[[3,5,9,17,33,143],[35, 40, 16, 42, 50, 52, 18, 44]]
[[4,6,13,18,49,123],[35, 40, 16, 42, 50, 18, 44, 53]]
[[3,9,15,25,43,99],[35, 40, 16, 42, 50, 18, 44, 54]]
[[3,9,6,33,43,78],[35, 40, 16, 42, 52, 18, 44, 51]]
[[4,8,25,20,34,65],[35, 40, 16, 42, 18, 44, 51, 53]]
[[4,8,16,28,39,80],[35, 40, 16, 42, 52, 18, 44, 53]]
[[4,12,13,32,19,75],[35, 40, 16, 42, 18, 44, 53, 54]]
[[3,9,18,29,23,96],[35, 40, 16, 42, 49, 50, 18, 53]]
[[2,2,11,10,27,101],[35, 40, 16, 42, 49, 50, 18, 54]]
[[3,3,12,15,33,108],[35, 40, 16, 42, 49, 18, 51, 53]]
[[2,6,11,14,22,87],[35, 40, 16, 42, 49, 52, 18, 54]]
[[3,5,12,21,28,62],[35, 40, 16, 42, 49, 18, 53, 54]]
[[3,5,15,21,33,125],[35, 40, 16, 42, 50, 18, 51, 53]]
[[3,9,3,37,33,57],[35, 40, 16, 42, 50, 52, 18, 53]]
[[3,5,21,17,43,95],[35, 40, 16, 42, 50, 18, 53, 54]]
[[3,7,9,27,43,103],[35, 40, 16, 42, 18, 51, 53, 54]]
[[1,5,10,21,11,80],[35, 40, 16, 42, 52, 18, 53, 54]]
[[3,7,18,19,28,112],[35, 40, 16, 49, 43, 52, 18, 44]]
[[4,4,16,12,49,94],[35, 40, 16, 49, 43, 18, 44, 53]]
[[4,10,16,30,29,58],[35, 40, 16, 43, 50, 18, 44, 53]]
[[3,7,21,19,33,85],[35, 40, 16, 43, 52, 18, 44, 51]]
[[4,6,13,26,39,105],[35, 40, 16, 43, 18, 44, 51, 53]]
[[4,10,16,14,39,76],[35, 40, 16, 43, 52, 18, 44, 53]]
[[3,5,27,17,33,89],[35, 40, 16, 43, 52, 18, 44, 54]]
[[4,10,7,26,54,67],[35, 40, 16, 43, 18, 44, 53, 54]]
[[2,2,20,14,22,98],[35, 40, 16, 49, 43, 50, 18, 54]]
[[3,5,9,9,23,83],[35, 40, 16, 49, 43, 18, 51, 53]]
[[3,11,12,31,23,80],[35, 40, 16, 49, 43, 52, 18, 53]]
[[3,3,18,15,43,120],[35, 40, 16, 49, 43, 18, 53, 54]]
[[3,9,9,17,33,75],[35, 40, 16, 43, 50, 18, 51, 53]]
[[2,4,20,20,27,94],[35, 40, 16, 43, 50, 18, 51, 54]]
[[3,13,18,21,33,70],[35, 40, 16, 43, 50, 52, 18, 53]]
[[1,7,10,15,46,76],[35, 40, 16, 43, 52, 18, 53, 54]]
[[3,7,18,23,38,88],[35, 40, 16, 49, 50, 18, 44, 53]]
[[2,10,14,26,42,64],[35, 40, 16, 49, 50, 18, 44, 54]]
[[2,4,26,24,32,64],[35, 40, 16, 49, 52, 18, 44, 51]]
[[3,5,15,21,38,125],[35, 40, 16, 49, 52, 18, 44, 53]]
[[3,5,9,29,38,89],[35, 40, 16, 49, 18, 44, 53, 54]]
[[3,7,12,23,23,76],[35, 40, 16, 50, 18, 44, 51, 53]]
[[3,11,15,23,13,95],[35, 40, 16, 52, 18, 44, 51, 53]]
[[3,7,15,23,43,103],[35, 40, 16, 18, 44, 51, 53, 54]]
[[1,5,10,21,16,74],[35, 40, 16, 52, 18, 44, 53, 54]]
[[3,11,12,23,33,86],[35, 40, 16, 49, 50, 18, 51, 54]]
[[4,10,19,26,19,85],[35, 40, 16, 49, 50, 52, 18, 53]]
[[3,3,15,7,38,105],[35, 40, 16, 49, 50, 52, 18, 54]]
[[4,6,22,10,39,108],[35, 40, 16, 49, 50, 18, 53, 54]]
[[4,6,19,34,39,57],[35, 40, 16, 49, 52, 18, 51, 53]]
[[3,13,15,33,13,73],[35, 40, 16, 49, 52, 18, 51, 54]]
[[4,10,16,22,39,100],[35, 40, 16, 49, 18, 51, 53, 54]]
[[2,6,20,30,17,120],[35, 40, 16, 49, 52, 18, 53, 54]]
[[3,5,12,21,33,110],[35, 40, 16, 50, 52, 18, 51, 54]]
[[4,6,16,14,24,66],[35, 40, 16, 50, 18, 51, 53, 54]]
[[2,12,11,32,22,81],[35, 40, 16, 50, 52, 18, 53, 54]]
[[2,8,23,36,12,89],[35, 40, 16, 52, 18, 51, 53, 54]]
[[3,5,12,21,33,110],[35, 16, 42, 49, 43, 52, 18, 44]]
[[4,6,19,18,39,63],[35, 16, 42, 49, 43, 18, 44, 53]]
[[4,14,16,22,14,80],[35, 16, 42, 43, 52, 18, 44, 53]]
[[3,9,18,21,18,84],[35, 16, 42, 43, 52, 18, 44, 54]]
[[4,6,13,14,39,111],[35, 16, 42, 43, 18, 44, 53, 54]]
[[3,7,9,27,38,85],[35, 16, 42, 49, 43, 18, 51, 53]]
[[3,5,18,21,43,104],[35, 16, 42, 49, 43, 52, 18, 53]]
[[3,3,6,31,28,72],[35, 16, 42, 43, 50, 18, 51, 53]]
[[2,6,5,22,22,87],[35, 16, 42, 43, 50, 18, 51, 54]]
[[3,7,6,27,43,64],[35, 16, 42, 43, 50, 18, 53, 54]]
[[3,9,18,17,38,78],[35, 16, 42, 43, 52, 18, 51, 53]]
[[1,7,7,15,26,97],[35, 16, 42, 43, 52, 18, 53, 54]]
[[2,4,11,32,32,109],[35, 16, 42, 49, 50, 52, 18, 44]]
[[3,5,18,29,43,68],[35, 16, 42, 49, 50, 18, 44, 53]]
[[2,4,5,24,22,85],[35, 16, 42, 49, 50, 18, 44, 54]]
[[2,8,14,24,32,68],[35, 16, 42, 49, 52, 18, 44, 51]]
[[3,3,12,19,33,114],[35, 16, 42, 49, 18, 44, 51, 53]]
[[3,9,15,29,23,111],[35, 16, 42, 49, 52, 18, 44, 53]]
[[3,5,12,21,28,122],[35, 16, 42, 49, 18, 44, 53, 54]]
[[2,8,14,32,32,98],[35, 16, 42, 50, 52, 18, 44, 51]]
[[3,7,6,11,73,76],[35, 16, 42, 50, 18, 44, 51, 53]]
[[2,4,17,16,27,97],[35, 16, 42, 50, 18, 44, 51, 54]]
[[3,11,6,23,38,80],[35, 16, 42, 50, 52, 18, 44, 53]]
[[3,7,12,35,23,88],[35, 16, 42, 50, 18, 44, 53, 54]]
[[3,5,12,25,38,74],[35, 16, 42, 18, 44, 51, 53, 54]]
[[1,7,16,19,71,64],[35, 16, 42, 52, 18, 44, 53, 54]]
[[4,6,10,30,39,84],[35, 16, 42, 49, 50, 18, 51, 53]]
[[3,13,15,29,28,67],[35, 16, 42, 49, 50, 18, 51, 54]]
[[2,10,14,34,32,88],[35, 16, 42, 49, 52, 18, 53, 54]]
[[3,9,9,33,28,93],[35, 16, 42, 50, 52, 18, 51, 54]]
[[2,6,23,30,12,87],[35, 16, 49, 43, 50, 52, 18, 44]]
[[3,7,15,27,28,115],[35, 16, 49, 43, 50, 18, 44, 53]]
[[2,6,8,26,32,72],[35, 16, 49, 43, 50, 18, 44, 54]]
[[3,11,12,27,23,68],[35, 16, 49, 43, 18, 44, 51, 53]]
[[3,9,9,29,23,111],[35, 16, 49, 43, 52, 18, 44, 53]]
[[2,8,11,32,32,71],[35, 16, 49, 43, 52, 18, 44, 54]]
[[3,9,18,21,38,60],[35, 16, 49, 43, 18, 44, 53, 54]]
[[3,5,9,45,28,65],[35, 16, 43, 50, 18, 44, 51, 53]]
[[3,9,6,29,53,90],[35, 16, 43, 50, 52, 18, 44, 53]]
[[3,5,21,21,33,83],[35, 16, 43, 50, 18, 44, 53, 54]]
[[3,5,15,13,28,107],[35, 16, 43, 52, 18, 44, 51, 53]]
[[2,6,17,30,37,99],[35, 16, 43, 52, 18, 44, 51, 54]]
[[3,9,12,17,18,84],[35, 16, 43, 18, 44, 51, 53, 54]]
[[1,7,19,31,21,61],[35, 16, 43, 52, 18, 44, 53, 54]]
[[4,4,10,20,34,100],[35, 16, 49, 43, 50, 18, 51, 53]]
[[3,7,21,23,38,79],[35, 16, 49, 43, 50, 18, 51, 54]]
[[2,10,8,18,52,100],[35, 16, 49, 43, 52, 18, 53, 54]]
[[4,4,10,8,39,76],[35, 16, 43, 50, 52, 18, 51, 53]]
[[4,8,16,32,19,80],[35, 16, 43, 50, 18, 51, 53, 54]]
[[3,7,3,31,23,55],[35, 16, 49, 50, 52, 18, 44, 51]]
[[4,10,16,26,34,64],[35, 16, 49, 50, 18, 44, 51, 53]]
[[3,7,9,23,33,103],[35, 16, 49, 50, 18, 44, 51, 54]]
[[2,8,11,20,32,113],[35, 16, 49, 52, 18, 44, 53, 54]]
[[4,10,13,22,24,91],[35, 16, 50, 52, 18, 44, 51, 53]]
[[4,6,7,30,24,51],[35, 16, 50, 18, 44, 51, 53, 54]]
[[3,9,12,21,23,78],[35, 16, 49, 50, 52, 18, 51, 53]]
[[2,8,8,28,27,86],[35, 16, 49, 50, 52, 18, 51, 54]]
[[1,5,10,13,46,62],[35, 16, 49, 50, 52, 18, 53, 54]]
[[1,9,16,29,36,72],[35, 16, 49, 52, 18, 51, 53, 54]]
[[3,5,21,17,28,89],[40, 16, 37, 49, 38, 18, 39, 53]]
[[3,5,9,25,53,47],[40, 16, 37, 38, 50, 18, 39, 53]]
[[2,2,11,6,27,89],[40, 16, 37, 38, 50, 18, 39, 54]]
[[3,7,24,19,18,88],[40, 16, 37, 38, 18, 39, 51, 53]]
[[3,7,12,31,28,94],[40, 16, 37, 38, 52, 18, 39, 53]]
[[2,8,14,20,27,74],[40, 16, 37, 38, 52, 18, 39, 54]]
[[3,7,9,35,43,61],[40, 16, 37, 38, 18, 39, 53, 54]]
[[4,8,16,28,34,86],[16, 37, 42, 38, 43, 18, 39, 53]]
[[3,7,9,15,43,103],[16, 37, 42, 38, 52, 18, 39, 44]]
[[4,8,13,28,44,101],[16, 37, 42, 38, 18, 39, 44, 53]]
[[3,9,12,17,33,96],[16, 37, 42, 49, 38, 18, 39, 53]]
[[3,9,15,13,43,69],[16, 37, 42, 38, 50, 18, 39, 53]]
[[2,6,23,26,12,75],[16, 37, 42, 38, 50, 18, 39, 54]]
[[3,9,15,37,23,81],[16, 37, 42, 38, 18, 39, 51, 53]]
[[3,5,9,21,33,83],[16, 37, 42, 38, 52, 18, 39, 53]]
[[2,6,17,34,37,93],[16, 37, 42, 38, 52, 18, 39, 54]]
[[3,9,18,37,28,72],[16, 37, 42, 38, 18, 39, 53, 54]]
[[3,3,6,3,38,102],[16, 37, 38, 43, 52, 18, 39, 44]]
[[4,12,13,28,24,99],[16, 37, 38, 43, 18, 39, 44, 53]]
[[3,5,6,37,33,62],[16, 37, 49, 38, 43, 18, 39, 53]]
[[3,7,9,23,38,79],[16, 37, 38, 43, 50, 18, 39, 53]]
[[2,4,11,12,32,85],[16, 37, 38, 43, 50, 18, 39, 54]]
[[3,9,18,21,18,96],[16, 37, 38, 43, 18, 39, 51, 53]]
[[3,9,9,25,13,93],[16, 37, 38, 43, 52, 18, 39, 53]]
[[3,9,6,17,43,84],[16, 37, 38, 43, 18, 39, 53, 54]]
[[3,7,12,23,18,118],[16, 37, 49, 38, 18, 39, 44, 53]]
[[3,5,3,9,63,65],[16, 37, 38, 50, 18, 39, 44, 53]]
[[2,4,17,24,27,97],[16, 37, 38, 50, 18, 39, 44, 54]]
[[3,11,15,27,43,71],[16, 37, 38, 18, 39, 44, 51, 53]]
[[3,3,15,15,38,93],[16, 37, 38, 52, 18, 39, 44, 53]]
[[3,7,6,19,38,58],[16, 37, 38, 18, 39, 44, 53, 54]]
[[4,8,13,40,24,53],[16, 37, 49, 38, 50, 18, 39, 53]]
[[3,9,12,25,23,120],[16, 37, 49, 38, 50, 18, 39, 54]]
[[4,10,13,26,24,91],[16, 37, 49, 38, 18, 39, 51, 53]]
[[4,8,10,28,29,68],[16, 37, 49, 38, 52, 18, 39, 53]]
[[3,13,15,33,13,73],[16, 37, 49, 38, 52, 18, 39, 54]]
[[4,12,7,28,39,75],[16, 37, 49, 38, 18, 39, 53, 54]]
[[4,10,13,26,29,91],[16, 37, 38, 50, 18, 39, 51, 53]]
[[3,5,6,13,33,92],[16, 37, 38, 50, 18, 39, 51, 54]]
[[4,10,13,30,24,79],[16, 37, 38, 50, 52, 18, 39, 53]]
[[3,11,12,27,23,86],[16, 37, 38, 50, 52, 18, 39, 54]]
[[4,8,25,20,24,77],[16, 37, 38, 52, 18, 39, 51, 53]]
[[3,7,18,31,38,88],[16, 37, 38, 52, 18, 39, 51, 54]]
[[4,8,13,32,24,83],[16, 37, 38, 18, 39, 51, 53, 54]]
[[2,6,23,26,37,75],[16, 37, 38, 52, 18, 39, 53, 54]]
[[3,5,18,17,38,116],[40, 16, 37, 42, 38, 43, 18, 53]]
[[2,4,14,16,22,100],[40, 16, 37, 42, 38, 52, 18, 44]]
[[4,8,25,16,29,83],[40, 16, 37, 42, 49, 38, 18, 53]]
[[4,6,10,30,39,108],[40, 16, 37, 42, 38, 50, 18, 53]]
[[3,7,9,19,23,127],[40, 16, 37, 42, 38, 50, 18, 54]]
[[4,6,16,26,29,78],[40, 16, 37, 42, 38, 18, 51, 53]]
[[4,10,16,10,29,88],[40, 16, 37, 42, 38, 52, 18, 53]]
[[4,10,22,26,19,70],[40, 16, 37, 42, 38, 18, 53, 54]]
[[3,11,6,47,33,32],[40, 16, 37, 38, 43, 18, 44, 53]]
[[4,6,19,14,49,93],[40, 16, 37, 49, 38, 43, 18, 53]]
[[3,11,9,43,28,47],[40, 16, 37, 38, 43, 50, 18, 54]]
[[4,8,10,32,14,68],[40, 16, 37, 38, 43, 18, 51, 53]]
[[4,8,13,16,29,83],[40, 16, 37, 38, 43, 52, 18, 53]]
[[3,5,9,17,33,149],[40, 16, 37, 38, 43, 52, 18, 54]]
[[4,12,10,24,29,96],[40, 16, 37, 38, 43, 18, 53, 54]]
[[3,7,18,27,28,106],[40, 16, 37, 49, 38, 52, 18, 44]]
[[4,4,22,12,59,100],[40, 16, 37, 49, 38, 18, 44, 53]]
[[3,11,9,31,38,101],[40, 16, 37, 38, 50, 52, 18, 44]]
[[4,8,10,28,49,98],[40, 16, 37, 38, 50, 18, 44, 53]]
[[3,11,9,27,43,107],[40, 16, 37, 38, 52, 18, 44, 51]]
[[4,10,13,34,24,55],[40, 16, 37, 38, 52, 18, 44, 53]]
[[3,9,12,29,33,114],[40, 16, 37, 38, 52, 18, 44, 54]]
[[4,6,16,22,44,108],[40, 16, 37, 38, 18, 44, 53, 54]]
[[3,5,15,33,38,71],[40, 16, 37, 49, 38, 50, 18, 53]]
[[3,7,15,19,18,97],[40, 16, 37, 49, 38, 18, 51, 53]]
[[3,5,3,9,38,71],[40, 16, 37, 49, 38, 52, 18, 53]]
[[3,5,18,17,28,74],[40, 16, 37, 49, 38, 18, 53, 54]]
[[2,8,8,36,32,68],[40, 16, 37, 38, 50, 18, 51, 54]]
[[3,9,12,17,18,72],[40, 16, 37, 38, 50, 52, 18, 53]]
[[3,5,12,13,33,110],[40, 16, 37, 38, 50, 18, 53, 54]]
[[3,7,12,35,28,64],[40, 16, 37, 38, 52, 18, 51, 53]]
[[3,7,12,19,33,112],[40, 16, 37, 38, 18, 51, 53, 54]]
[[1,9,7,37,46,81],[40, 16, 37, 38, 52, 18, 53, 54]]
[[4,10,13,22,49,91],[16, 37, 42, 38, 43, 50, 18, 53]]
[[3,7,15,23,28,139],[16, 37, 42, 38, 43, 50, 18, 54]]
[[4,10,13,42,19,49],[16, 37, 42, 38, 43, 18, 51, 53]]
[[3,5,18,17,33,110],[16, 37, 42, 38, 50, 52, 18, 44]]
[[3,13,15,25,33,67],[16, 37, 42, 38, 50, 18, 44, 54]]
[[3,11,12,27,23,86],[16, 37, 42, 38, 52, 18, 44, 51]]
[[4,10,10,22,34,100],[16, 37, 42, 38, 18, 44, 51, 53]]
[[3,5,21,13,18,89],[16, 37, 42, 49, 38, 50, 18, 53]]
[[2,2,23,18,32,101],[16, 37, 42, 49, 38, 50, 18, 54]]
[[3,5,18,13,43,116],[16, 37, 42, 49, 38, 18, 51, 53]]
[[3,7,12,23,28,100],[16, 37, 42, 49, 38, 52, 18, 53]]
[[3,3,12,7,28,54],[16, 37, 42, 49, 38, 18, 53, 54]]
[[3,7,15,31,33,79],[16, 37, 42, 38, 50, 18, 51, 53]]
[[2,6,5,14,22,99],[16, 37, 42, 38, 50, 18, 51, 54]]
[[3,7,21,23,28,103],[16, 37, 42, 38, 50, 18, 53, 54]]
[[3,3,12,3,38,102],[16, 37, 42, 38, 52, 18, 51, 53]]
[[3,3,6,19,38,60],[16, 37, 42, 38, 18, 51, 53, 54]]
[[1,9,10,25,26,90],[16, 37, 42, 38, 52, 18, 53, 54]]
[[3,7,9,31,43,73],[16, 37, 38, 43, 50, 52, 18, 44]]
[[4,4,7,12,49,79],[16, 37, 38, 43, 50, 18, 44, 53]]
[[3,7,15,19,38,115],[16, 37, 38, 43, 50, 18, 44, 54]]
[[4,6,13,34,34,99],[16, 37, 38, 43, 18, 44, 51, 53]]
[[2,4,17,20,32,103],[16, 37, 49, 38, 43, 50, 18, 54]]
[[3,9,18,29,43,60],[16, 37, 49, 38, 43, 18, 51, 53]]
[[3,11,21,31,8,83],[16, 37, 49, 38, 43, 52, 18, 53]]
[[2,4,14,12,27,94],[16, 37, 49, 38, 43, 52, 18, 54]]
[[3,3,6,19,43,72],[16, 37, 49, 38, 43, 18, 53, 54]]
[[3,9,9,17,63,69],[16, 37, 38, 43, 50, 18, 51, 53]]
[[2,10,8,34,27,82],[16, 37, 38, 43, 50, 52, 18, 54]]
[[3,7,9,27,48,91],[16, 37, 38, 43, 52, 18, 51, 53]]
[[2,6,8,18,17,114],[16, 37, 38, 43, 52, 18, 51, 54]]
[[1,9,7,29,41,81],[16, 37, 38, 43, 52, 18, 53, 54]]
[[3,5,12,13,23,110],[16, 37, 49, 38, 50, 18, 44, 53]]
[[2,8,8,28,47,56],[16, 37, 49, 38, 50, 18, 44, 54]]
[[2,12,17,28,27,81],[16, 37, 49, 38, 52, 18, 44, 51]]
[[3,5,6,17,53,86],[16, 37, 49, 38, 18, 44, 53, 54]]
[[2,4,11,24,32,109],[16, 37, 38, 50, 52, 18, 44, 51]]
[[3,3,15,11,38,87],[16, 37, 38, 50, 18, 44, 51, 53]]
[[2,4,8,12,47,52],[16, 37, 38, 50, 18, 44, 51, 54]]
[[2,10,5,30,42,91],[16, 37, 38, 50, 52, 18, 44, 54]]
[[3,7,15,19,23,121],[16, 37, 38, 50, 18, 44, 53, 54]]
[[2,6,14,26,27,108],[16, 37, 38, 52, 18, 44, 51, 54]]
[[3,5,9,9,43,83],[16, 37, 38, 18, 44, 51, 53, 54]]
[[1,7,16,27,26,76],[16, 37, 38, 52, 18, 44, 53, 54]]
[[4,10,13,30,34,79],[16, 37, 49, 38, 50, 52, 18, 53]]
[[4,6,13,34,44,63],[16, 37, 49, 38, 50, 18, 53, 54]]
[[4,8,16,12,24,92],[16, 37, 49, 38, 52, 18, 51, 53]]
[[4,8,10,28,39,86],[16, 37, 49, 38, 18, 51, 53, 54]]
[[2,14,14,22,42,86],[16, 37, 38, 50, 52, 18, 53, 54]]
[[2,8,17,16,37,41],[16, 37, 38, 52, 18, 51, 53, 54]]
[[3,11,12,23,38,86],[40, 16, 37, 42, 43, 18, 39, 53]]
[[2,4,8,16,17,100],[40, 16, 37, 42, 52, 18, 39, 44]]
[[3,5,12,13,33,116],[40, 16, 37, 42, 18, 39, 44, 53]]
[[4,8,22,16,24,104],[40, 16, 37, 42, 49, 18, 39, 53]]
[[4,8,16,32,24,62],[40, 16, 37, 42, 50, 18, 39, 53]]
[[3,5,3,9,33,95],[40, 16, 37, 42, 50, 18, 39, 54]]
[[4,6,10,38,29,96],[40, 16, 37, 42, 18, 39, 53, 54]]
[[2,6,14,22,27,114],[40, 16, 37, 43, 52, 18, 39, 44]]
[[3,7,24,23,23,88],[40, 16, 37, 43, 18, 39, 44, 53]]
[[4,14,10,22,29,86],[40, 16, 37, 49, 43, 18, 39, 53]]
[[4,8,13,32,24,71],[40, 16, 37, 43, 50, 18, 39, 53]]
[[4,16,7,28,29,49],[40, 16, 37, 43, 18, 39, 51, 53]]
[[4,4,7,12,49,103],[40, 16, 37, 43, 52, 18, 39, 53]]
[[3,5,6,17,38,104],[40, 16, 37, 43, 52, 18, 39, 54]]
[[4,8,16,24,24,86],[40, 16, 37, 43, 18, 39, 53, 54]]
[[3,5,15,17,33,101],[40, 16, 37, 49, 52, 18, 39, 44]]
[[4,6,10,18,49,108],[40, 16, 37, 49, 18, 39, 44, 53]]
[[3,7,15,27,33,55],[40, 16, 37, 50, 52, 18, 39, 44]]
[[4,8,13,20,49,71],[40, 16, 37, 50, 18, 39, 44, 53]]
[[3,11,21,27,28,53],[40, 16, 37, 50, 18, 39, 44, 54]]
[[3,7,18,23,28,112],[40, 16, 37, 52, 18, 39, 44, 54]]
[[4,12,13,36,19,69],[40, 16, 37, 18, 39, 44, 53, 54]]
[[3,9,15,29,33,57],[40, 16, 37, 49, 50, 18, 39, 53]]
[[2,6,8,14,17,90],[40, 16, 37, 49, 50, 18, 39, 54]]
[[3,5,15,13,33,107],[40, 16, 37, 49, 18, 39, 51, 53]]
[[3,7,6,19,38,106],[40, 16, 37, 49, 52, 18, 39, 53]]
[[3,7,21,27,28,97],[40, 16, 37, 49, 18, 39, 53, 54]]
[[3,5,3,21,33,77],[40, 16, 37, 50, 18, 39, 53, 54]]
[[3,5,3,21,28,89],[40, 16, 37, 52, 18, 39, 51, 53]]
[[1,7,4,15,21,88],[40, 16, 37, 52, 18, 39, 53, 54]]
[[2,6,8,26,22,114],[16, 37, 42, 43, 52, 18, 39, 44]]
[[3,15,6,35,38,30],[16, 37, 42, 43, 18, 39, 44, 53]]
[[4,6,16,14,39,90],[16, 37, 42, 43, 50, 18, 39, 53]]
[[3,7,18,19,28,100],[16, 37, 42, 43, 50, 18, 39, 54]]
[[4,12,13,24,14,111],[16, 37, 42, 43, 18, 39, 51, 53]]
[[3,11,15,27,13,89],[16, 37, 42, 50, 52, 18, 39, 44]]
[[3,7,12,23,33,124],[16, 37, 42, 50, 18, 39, 44, 54]]
[[3,7,30,23,18,64],[16, 37, 42, 52, 18, 39, 44, 51]]
[[3,7,12,23,48,34],[16, 37, 42, 49, 50, 18, 39, 53]]
[[2,8,20,28,37,68],[16, 37, 42, 49, 50, 18, 39, 54]]
[[3,5,21,29,38,95],[16, 37, 42, 49, 18, 39, 51, 53]]
[[3,7,12,27,38,112],[16, 37, 42, 49, 52, 18, 39, 53]]
[[3,7,24,23,18,94],[16, 37, 42, 49, 18, 39, 53, 54]]
[[3,9,12,25,53,78],[16, 37, 42, 50, 18, 39, 51, 53]]
[[3,9,18,21,23,90],[16, 37, 42, 50, 52, 18, 39, 53]]
[[3,5,12,29,38,68],[16, 37, 42, 50, 18, 39, 53, 54]]
[[3,7,15,19,48,73],[16, 37, 42, 52, 18, 39, 51, 53]]
[[1,5,19,37,16,95],[16, 37, 42, 52, 18, 39, 53, 54]]
[[3,5,27,17,33,89],[16, 37, 43, 50, 52, 18, 39, 44]]
[[4,6,10,18,59,72],[16, 37, 43, 50, 18, 39, 44, 53]]
[[3,5,3,21,38,77],[16, 37, 43, 50, 18, 39, 44, 54]]
[[3,11,9,31,43,65],[16, 37, 43, 52, 18, 39, 44, 51]]
[[3,9,15,33,18,87],[16, 37, 49, 43, 50, 18, 39, 53]]
[[3,9,12,45,33,54],[16, 37, 49, 43, 18, 39, 51, 53]]
[[3,3,9,11,33,99],[16, 37, 49, 43, 52, 18, 39, 53]]
[[3,11,12,27,28,98],[16, 37, 49, 43, 18, 39, 53, 54]]
[[3,7,15,19,43,85],[16, 37, 43, 50, 18, 39, 51, 53]]
[[2,6,8,18,42,66],[16, 37, 43, 50, 18, 39, 51, 54]]
[[3,7,12,23,23,112],[16, 37, 43, 50, 52, 18, 39, 53]]
[[2,4,14,20,17,124],[16, 37, 43, 50, 52, 18, 39, 54]]
[[3,7,6,23,28,94],[16, 37, 43, 50, 18, 39, 53, 54]]
[[3,7,9,19,53,103],[16, 37, 43, 52, 18, 39, 51, 53]]
[[3,11,15,23,38,71],[16, 37, 43, 18, 39, 51, 53, 54]]
[[1,5,10,21,16,92],[16, 37, 43, 52, 18, 39, 53, 54]]
[[2,4,17,16,12,91],[16, 37, 49, 50, 52, 18, 39, 44]]
[[3,9,12,17,33,90],[16, 37, 49, 50, 18, 39, 44, 53]]
[[2,8,11,24,27,83],[16, 37, 49, 50, 18, 39, 44, 54]]
[[3,5,18,17,28,98],[16, 37, 49, 18, 39, 44, 51, 53]]
[[3,7,12,19,23,112],[16, 37, 49, 52, 18, 39, 44, 53]]
[[3,7,21,23,23,115],[16, 37, 49, 18, 39, 44, 53, 54]]
[[2,8,11,32,42,77],[16, 37, 50, 52, 18, 39, 44, 51]]
[[2,4,26,24,17,82],[16, 37, 50, 18, 39, 44, 51, 54]]
[[3,7,15,23,33,103],[16, 37, 50, 52, 18, 39, 44, 53]]
[[2,2,20,10,27,92],[16, 37, 50, 52, 18, 39, 44, 54]]
[[3,7,9,27,33,85],[16, 37, 50, 18, 39, 44, 53, 54]]
[[3,7,9,27,28,103],[16, 37, 52, 18, 39, 44, 51, 53]]
[[2,4,14,24,22,94],[16, 37, 52, 18, 39, 44, 51, 54]]
[[3,3,9,11,23,105],[16, 37, 18, 39, 44, 51, 53, 54]]
[[4,6,16,14,44,90],[16, 37, 49, 50, 52, 18, 39, 53]]
