[ 4, 35, 8, 38, 50, 9, 51, 53 ],1
[ 4, 35, 8, 38, 52, 9, 51, 53 ],1
[ 4, 35, 40, 8, 52, 9, 39, 44 ],1
[ 4, 35, 40, 8, 9, 39, 44, 53 ],1
[ 4, 35, 40, 8, 50, 9, 39, 54 ],1
[ 4, 35, 42, 8, 9, 39, 51, 53 ],1
[ 4, 35, 8, 43, 52, 9, 39, 44 ],1
[ 4, 35, 49, 8, 43, 9, 39, 53 ],1
[ 4, 35, 8, 43, 52, 9, 39, 53 ],1
[ 4, 35, 49, 8, 52, 9, 39, 44 ],1
[ 4, 35, 8, 50, 52, 9, 39, 44 ],1
[ 4, 35, 8, 50, 9, 39, 44, 53 ],1
[ 4, 35, 8, 52, 9, 39, 44, 53 ],1
[ 4, 35, 49, 8, 52, 9, 39, 53 ],1
[ 4, 35, 40, 42, 8, 9, 53, 54 ],1
[ 4, 35, 40, 49, 8, 52, 9, 44 ],1
[ 4, 35, 40, 8, 50, 9, 44, 53 ],1
[ 4, 35, 40, 8, 50, 9, 44, 54 ],1
[ 4, 35, 40, 8, 52, 9, 44, 51 ],1
[ 4, 35, 40, 8, 9, 44, 51, 53 ],1
[ 4, 35, 40, 49, 8, 50, 9, 54 ],1
[ 4, 35, 40, 8, 50, 9, 53, 54 ],1
[ 4, 35, 42, 8, 43, 52, 9, 44 ],1
[ 0, 34, 5, 35, 49, 38, 43, 39, 44, 51, 53, 54 ],1
[ 4, 35, 42, 8, 43, 9, 44, 53 ],1
[ 4, 35, 42, 8, 43, 52, 9, 54 ],1
[ 4, 35, 42, 8, 52, 9, 44, 53 ],1
[ 4, 35, 42, 8, 52, 9, 44, 54 ],1
[ 4, 35, 42, 8, 9, 44, 53, 54 ],1
[ 4, 35, 42, 49, 8, 52, 9, 53 ],1
[ 4, 35, 42, 8, 50, 9, 53, 54 ],1
[ 4, 35, 42, 8, 52, 9, 53, 54 ],1
[ 4, 35, 8, 43, 50, 9, 44, 53 ],1
[ 4, 35, 8, 43, 50, 9, 44, 54 ],1
[ 0, 5, 37, 42, 49, 38, 43, 50, 9, 39, 51, 54 ],1
[ 0, 34, 5, 35, 40, 37, 42, 38, 52, 44, 53, 54 ],1
[ 4, 35, 8, 43, 9, 44, 53, 54 ],1
[ 4, 35, 8, 43, 50, 9, 51, 54 ],1
[ 4, 35, 8, 43, 50, 52, 9, 53 ],1
[ 4, 35, 49, 8, 52, 9, 44, 54 ],1
[ 4, 35, 8, 50, 9, 44, 51, 53 ],1
[ 4, 35, 8, 9, 44, 51, 53, 54 ],1
[ 4, 35, 49, 8, 52, 9, 51, 53 ],1
[ 4, 35, 8, 50, 52, 9, 51, 53 ],1
[ 0, 5, 40, 37, 42, 49, 38, 43, 9, 44, 53, 54 ],1
[ 4, 37, 8, 38, 43, 9, 39, 53 ],1
[ 4, 37, 8, 38, 52, 9, 39, 44 ],1
[ 4, 37, 8, 38, 50, 9, 39, 53 ],1
[ 4, 37, 8, 38, 9, 39, 51, 53 ],1
[ 4, 40, 37, 8, 38, 9, 44, 53 ],1
[ 0, 34, 40, 7, 42, 8, 43, 50, 9, 44, 53, 54 ],1
[ 4, 40, 37, 8, 38, 9, 53, 54 ],1
[ 0, 7, 37, 8, 38, 50, 52, 9, 39, 44, 51, 53 ],1
[ 4, 37, 42, 8, 38, 43, 9, 53 ],1
[ 4, 37, 42, 8, 38, 52, 9, 44 ],1
[ 4, 37, 42, 8, 38, 9, 44, 53 ],1
