[ 4, 7, 37, 42, 50, 52, 44, 53 ],1
[ 4, 7, 37, 42, 52, 44, 51, 53 ],1
[ 4, 7, 37, 42, 52, 44, 51, 54 ],1
[ 4, 7, 37, 42, 44, 51, 53, 54 ],1
[ 4, 7, 37, 42, 50, 51, 53, 54 ],1
[ 0, 34, 5, 35, 40, 37, 42, 39, 44, 51, 53, 54 ],1
[ 4, 7, 37, 42, 52, 51, 53, 54 ],1
[ 4, 7, 37, 49, 43, 50, 52, 44 ],1
[ 0, 34, 35, 7, 37, 49, 8, 43, 9, 39, 53, 54 ],1
[ 4, 7, 37, 49, 43, 50, 44, 54 ],1
[ 4, 7, 37, 49, 43, 44, 51, 53 ],1
[ 4, 37, 8, 43, 52, 44, 51, 53 ],1
[ 4, 7, 37, 43, 50, 44, 51, 53 ],1
[ 4, 7, 37, 43, 50, 44, 51, 54 ],1
[ 4, 7, 37, 43, 52, 44, 53, 54 ],1
[ 4, 7, 37, 49, 43, 50, 51, 54 ],1
[ 4, 7, 37, 43, 50, 52, 51, 54 ],1
[ 4, 7, 37, 43, 50, 51, 53, 54 ],1
[ 4, 7, 37, 43, 52, 51, 53, 54 ],1
[ 4, 7, 37, 49, 50, 52, 44, 51 ],1
[ 4, 7, 37, 49, 50, 44, 51, 53 ],1
[ 4, 7, 37, 50, 52, 44, 51, 54 ],1
[ 0, 4, 34, 5, 40, 42, 49, 8, 50, 52, 44 ],1
[ 4, 7, 37, 50, 44, 51, 53, 54 ],1
[ 4, 7, 37, 50, 52, 44, 53, 54 ],1
[ 4, 7, 37, 49, 50, 51, 53, 54 ],1
[ 4, 7, 37, 49, 50, 52, 53, 54 ],1
[ 4, 7, 37, 50, 52, 51, 53, 54 ],1
[ 0, 34, 37, 49, 38, 43, 52, 9, 39, 51, 54 ],1
[ 4, 40, 7, 42, 38, 39, 44, 53 ],1
[ 4, 40, 7, 42, 49, 38, 39, 53 ],1
[ 4, 40, 7, 42, 38, 50, 39, 53 ],1
[ 4, 40, 7, 42, 38, 39, 51, 53 ],1
[ 4, 35, 40, 8, 38, 52, 9, 54 ],1
[ 4, 40, 7, 38, 43, 52, 39, 44 ],1
[ 4, 40, 7, 38, 43, 39, 44, 53 ],1
[ 4, 40, 7, 38, 43, 50, 39, 53 ],1
[ 4, 40, 7, 38, 43, 52, 39, 53 ],1
[ 4, 40, 7, 38, 43, 52, 39, 54 ],1
[ 4, 40, 7, 38, 43, 39, 53, 54 ],1
[ 4, 40, 7, 38, 50, 39, 44, 54 ],1
[ 4, 40, 7, 38, 52, 39, 44, 53 ],1
[ 4, 40, 7, 49, 38, 50, 39, 54 ],1
[ 4, 40, 7, 49, 38, 39, 51, 53 ],1
[ 4, 40, 7, 49, 38, 52, 39, 53 ],1
[ 4, 40, 7, 49, 38, 39, 53, 54 ],1
[ 4, 40, 7, 38, 50, 39, 51, 53 ],1
[ 4, 40, 7, 38, 50, 39, 53, 54 ],1
[ 4, 40, 7, 38, 52, 39, 53, 54 ],1
[ 4, 7, 42, 38, 43, 39, 44, 53 ],1
[ 4, 7, 42, 38, 43, 50, 39, 54 ],1
[ 4, 7, 42, 38, 43, 39, 53, 54 ],1
[ 0, 35, 40, 7, 8, 38, 43, 50, 52, 9, 44, 53 ],1
[ 4, 7, 42, 49, 38, 52, 39, 44 ],1
[ 4, 35, 8, 43, 52, 9, 44, 51 ],1
[ 4, 7, 42, 49, 38, 39, 44, 53 ],1
[ 4, 7, 42, 38, 50, 52, 39, 44 ],1
[ 4, 7, 42, 38, 50, 39, 44, 53 ],1
[ 0, 5, 40, 37, 49, 38, 43, 50, 52, 39, 44, 51 ],1
