[[4,6,28,14,44,66],[0, 3, 5, 9, 11, 14, 15, 16]]
[[4,6,28,14,44,66],[0, 1, 3, 4, 5, 7, 9, 10, 11, 14, 15, 16]]
[[4,6,28,14,44,66],[0, 1, 2, 3, 4, 5, 7, 10, 11, 12, 13, 14, 15, 19]]
[[4,6,28,14,44,66],[0, 3, 9, 11, 12, 13, 15, 19]]
[[4,6,28,14,44,66],[0, 2, 4, 5, 6, 7, 8, 9, 15, 16, 17, 19]]
[[4,6,28,14,44,66],[0, 1, 4, 6, 7, 8, 10, 11, 13, 14, 15, 16, 17, 19]]
[[4,6,28,14,44,66],[0, 1, 2, 3, 6, 7, 9, 11, 13, 14, 15, 16, 17, 19]]
[[4,6,28,14,44,66],[0, 3, 4, 5, 6, 7, 9, 10, 12, 14, 15, 16, 17, 19]]
[[4,6,28,14,44,66],[0, 1, 4, 5, 6, 8, 10, 11, 12, 13, 15, 16, 17, 19]]
[[4,6,28,14,44,66],[0, 1, 3, 6, 9, 11, 12, 13, 15, 16, 17, 19]]
[[4,6,28,14,44,66],[0, 2, 3, 7, 9, 11, 13, 14, 15, 17]]
[[4,6,28,14,44,66],[0, 1, 2, 3, 4, 5, 8, 10, 11, 12, 13, 14, 15, 17]]
[[4,6,28,14,44,66],[0, 4, 5, 6, 7, 13, 15, 16, 18, 19]]
[[4,6,28,14,44,66],[0, 2, 3, 4, 5, 6, 7, 10, 13, 14, 15, 16, 18, 19]]
[[4,6,28,14,44,66],[0, 4, 6, 8, 13, 14, 15, 18]]
[[4,6,28,14,44,66],[0, 2, 3, 4, 5, 6, 8, 10, 13, 14, 15, 18]]
[[4,6,28,14,44,66],[0, 1, 3, 4, 5, 8, 9, 10, 11, 14, 15, 16, 17, 18]]
[[4,6,28,14,44,66],[0, 2, 3, 5, 7, 11, 12, 14, 15, 16, 17, 18]]
[[4,6,28,14,44,66],[0, 2, 4, 6, 15, 17, 18, 19]]
[[4,6,28,14,44,66],[0, 1, 2, 4, 6, 7, 10, 11, 15, 17, 18, 19]]
[[4,6,28,14,44,66],[0, 1, 2, 3, 5, 6, 7, 8, 11, 14, 15, 17, 18, 19]]
[[4,6,28,14,44,66],[0, 3, 4, 5, 6, 8, 9, 10, 12, 14, 15, 17, 18, 19]]
[[4,6,28,14,44,66],[0, 1, 2, 4, 5, 6, 9, 10, 11, 12, 15, 17, 18, 19]]
[[4,6,28,14,44,66],[0, 1, 3, 5, 6, 8, 9, 11, 12, 14, 15, 17, 18, 19]]
[[4,6,13,14,29,63],[0, 2, 6, 10, 13, 16, 19]]
[[4,6,13,14,24,87],[0, 1, 2, 7, 8, 10, 13, 16, 19]]
[[4,6,13,14,29,63],[0, 1, 2, 3, 5, 6, 7, 8, 10, 13, 14, 16, 19]]
[[4,6,13,14,24,87],[0, 1, 5, 7, 8, 9, 10, 13, 14, 16, 19]]
[[4,6,13,14,24,99],[0, 4, 5, 11, 13, 16, 19]]
[[4,6,13,14,24,87],[0, 4, 5, 8, 11, 16, 19]]
[[4,6,13,14,24,87],[0, 4, 5, 6, 8, 10, 11, 16, 19]]
[[4,6,13,14,29,63],[0, 1, 2, 3, 4, 5, 6, 7, 9, 10, 11, 16, 19]]
[[4,6,13,14,29,63],[0, 2, 3, 4, 5, 6, 8, 9, 11, 16, 19]]
[[4,6,13,14,24,99],[0, 4, 5, 6, 7, 8, 9, 10, 11, 13, 14, 16, 19]]
[[4,6,13,14,24,99],[0, 4, 5, 12, 13, 16, 19]]
[[4,6,13,14,24,99],[0, 4, 5, 9, 12, 13, 14, 16, 19]]
[[4,6,13,14,29,63],[0, 1, 2, 6, 11, 12, 13, 16, 19]]
[[4,6,13,14,24,99],[0, 2, 5, 7, 11, 12, 14, 16, 19]]
[[4,6,13,14,24,99],[0, 1, 2, 3, 5, 6, 7, 10, 11, 12, 14, 16, 19]]
[[4,6,13,14,24,87],[0, 2, 7, 8, 11, 12, 13, 16, 19]]
[[4,6,13,14,29,63],[0, 2, 5, 6, 7, 8, 10, 11, 12, 13, 14, 16, 19]]
[[4,6,13,14,24,87],[0, 1, 3, 5, 6, 9, 10, 11, 12, 13, 14, 16, 19]]
[[4,6,13,14,24,75],[0, 2, 5, 6, 10, 11, 14, 17, 19]]
[[4,6,13,14,24,75],[0, 1, 2, 3, 5, 6, 10, 11, 14, 17, 19]]
[[4,6,13,14,34,99],[0, 5, 6, 9, 10, 11, 14, 17, 19]]
[[4,6,13,14,24,87],[0, 1, 3, 4, 5, 6, 7, 9, 10, 11, 14, 17, 19]]
[[4,6,13,14,24,87],[0, 1, 3, 4, 5, 6, 8, 9, 10, 11, 14, 17, 19]]
[[4,6,13,14,34,99],[0, 3, 5, 7, 8, 9, 10, 11, 14, 17, 19]]
[[4,6,13,14,44,99],[0, 1, 2, 3, 4, 5, 6, 9, 10, 11, 12, 17, 19]]
[[4,6,13,14,44,99],[0, 2, 3, 4, 5, 7, 8, 9, 10, 11, 12, 17, 19]]
[[4,6,13,14,39,75],[0, 2, 5, 13, 14, 16, 17]]
[[4,6,13,14,14,75],[0, 2, 3, 4, 5, 6, 8, 13, 14, 16, 17]]
[[4,6,13,14,24,75],[0, 2, 4, 5, 6, 7, 8, 10, 14, 16, 17]]
[[4,6,13,14,24,75],[0, 1, 2, 4, 5, 6, 7, 8, 14, 16, 17]]
[[4,6,13,14,34,111],[0, 4, 5, 7, 9, 13, 14, 16, 17]]
[[4,6,13,14,34,111],[0, 2, 3, 5, 7, 10, 11, 13, 14, 16, 17]]
[[4,6,13,14,24,99],[0, 2, 3, 5, 8, 10, 11, 13, 14, 16, 17]]
[[4,6,13,14,39,75],[0, 3, 5, 6, 9, 11, 14, 16, 17]]
[[4,6,13,14,39,75],[0, 5, 7, 8, 9, 11, 14, 16, 17]]
[[4,6,13,14,34,111],[0, 1, 2, 5, 6, 7, 12, 13, 14, 16, 17]]
[[4,6,13,14,24,99],[0, 1, 2, 5, 6, 8, 12, 13, 14, 16, 17]]
[[4,6,13,14,39,75],[0, 1, 2, 3, 5, 11, 12, 13, 14, 16, 17]]
[[4,6,13,14,14,75],[0, 1, 2, 3, 4, 5, 8, 11, 12, 13, 14, 16, 17]]
[[4,6,13,14,34,111],[0, 4, 5, 8, 9, 11, 12, 13, 14, 16, 17]]
[[4,6,13,14,24,99],[0, 1, 2, 3, 4, 5, 6, 7, 10, 11, 14, 18, 19]]
[[4,6,13,14,34,111],[0, 4, 6, 8, 10, 11, 14, 18, 19]]
[[4,6,13,14,39,75],[0, 6, 8, 10, 11, 13, 14, 18, 19]]
[[4,6,13,14,34,111],[0, 1, 2, 4, 5, 7, 8, 10, 11, 13, 14, 18, 19]]
[[4,6,13,14,14,75],[0, 1, 3, 4, 6, 7, 8, 10, 11, 13, 14, 18, 19]]
[[4,6,13,14,39,75],[0, 2, 4, 5, 6, 10, 12, 13, 14, 18, 19]]
[[4,6,13,14,24,75],[0, 2, 3, 4, 5, 8, 10, 12, 14, 18, 19]]
[[4,6,13,14,24,75],[0, 3, 4, 5, 8, 10, 12, 18, 19]]
[[4,6,13,14,39,75],[0, 1, 2, 3, 4, 6, 7, 8, 9, 10, 12, 13, 14, 18, 19]]
[[4,6,13,14,34,111],[0, 1, 2, 3, 6, 10, 11, 12, 13, 18, 19]]
[[4,6,13,14,14,75],[0, 2, 5, 6, 7, 10, 11, 12, 14, 18, 19]]
[[4,6,13,14,24,99],[0, 5, 6, 7, 8, 10, 11, 12, 13, 18, 19]]
[[4,6,13,14,39,75],[0, 1, 3, 4, 5, 6, 9, 10, 11, 12, 14, 18, 19]]
[[4,6,13,14,34,111],[0, 1, 2, 8, 9, 10, 11, 12, 14, 18, 19]]
[[4,6,13,14,44,99],[0, 1, 2, 3, 5, 6, 10, 13, 14, 16, 18]]
[[4,6,13,14,44,99],[0, 5, 6, 7, 8, 9, 10, 13, 14, 16, 18]]
[[4,6,13,14,34,99],[0, 1, 4, 6, 12, 13, 14, 16, 18]]
[[4,6,13,14,24,87],[0, 3, 5, 6, 7, 9, 12, 13, 14, 16, 18]]
[[4,6,13,14,24,87],[0, 1, 2, 6, 8, 9, 12, 13, 14, 16, 18]]
[[4,6,13,14,24,75],[0, 2, 4, 7, 8, 9, 12, 13, 14, 16, 18]]
[[4,6,13,14,24,75],[0, 4, 5, 7, 8, 9, 12, 13, 14, 16, 18]]
[[4,6,13,14,34,99],[0, 3, 4, 5, 6, 7, 8, 9, 12, 13, 14, 16, 18]]
[[4,6,13,14,34,99],[0, 1, 3, 4, 6, 10, 11, 13, 14, 17, 18]]
[[4,6,13,14,34,99],[0, 3, 4, 5, 9, 10, 11, 13, 14, 17, 18]]
[[4,6,13,14,24,75],[0, 1, 2, 3, 4, 6, 9, 10, 11, 13, 14, 17, 18]]
[[4,6,13,14,24,75],[0, 4, 5, 6, 9, 10, 11, 13, 14, 17, 18]]
[[4,6,13,14,24,87],[0, 2, 6, 7, 9, 10, 11, 13, 14, 17, 18]]
[[4,6,13,14,24,87],[0, 5, 6, 8, 9, 10, 11, 13, 14, 17, 18]]
[[4,6,13,14,44,99],[0, 2, 5, 6, 10, 11, 12, 13, 14, 17, 18]]
[[4,6,13,14,44,99],[0, 3, 5, 9, 10, 11, 12, 13, 14, 17, 18]]
[[4,6,13,14,34,111],[0, 2, 3, 6, 13, 16, 17, 18, 19]]
[[4,6,13,14,24,99],[0, 3, 5, 6, 7, 8, 13, 16, 17, 18, 19]]
[[4,6,13,14,39,75],[0, 1, 2, 4, 5, 6, 11, 13, 14, 16, 17, 18, 19]]
[[4,6,13,14,24,99],[0, 2, 3, 4, 5, 7, 10, 11, 14, 16, 17, 18, 19]]
[[4,6,13,14,34,111],[0, 3, 4, 8, 10, 11, 14, 16, 17, 18, 19]]
[[4,6,13,14,39,75],[0, 2, 4, 9, 11, 13, 14, 16, 17, 18, 19]]
[[4,6,13,14,39,75],[0, 8, 12, 13, 14, 16, 17, 18, 19]]
[[4,6,13,14,24,75],[0, 1, 2, 3, 4, 5, 6, 8, 10, 12, 14, 16, 17, 18, 19]]
[[4,6,13,14,24,75],[0, 3, 4, 5, 6, 8, 12, 16, 17, 18, 19]]
[[4,6,13,14,34,111],[0, 2, 4, 5, 7, 8, 12, 13, 14, 16, 17, 18, 19]]
[[4,6,13,14,14,75],[0, 1, 4, 6, 7, 8, 12, 13, 14, 16, 17, 18, 19]]
[[4,6,13,14,14,75],[0, 1, 2, 3, 5, 7, 11, 12, 14, 16, 17, 18, 19]]
[[4,6,13,14,34,111],[0, 2, 7, 9, 11, 12, 14, 16, 17, 18, 19]]
[[4,6,13,14,39,75],[0, 1, 3, 4, 5, 7, 8, 9, 11, 12, 14, 16, 17, 18, 19]]
[[4,6,13,14,44,75],[0, 3, 4, 6, 8, 10, 13, 14, 15, 16]]
[[4,6,13,14,29,63],[0, 1, 3, 4, 5, 9, 10, 14, 15, 16]]
[[4,6,13,14,29,63],[0, 3, 4, 5, 9, 14, 15, 16]]
[[4,6,13,14,44,75],[0, 4, 5, 6, 8, 9, 13, 14, 15, 16]]
[[4,6,13,14,14,87],[0, 1, 3, 4, 10, 11, 13, 14, 15, 16]]
[[4,6,13,14,14,87],[0, 1, 4, 6, 8, 10, 11, 14, 15, 16]]
[[4,6,13,14,14,87],[0, 1, 2, 3, 5, 6, 7, 8, 11, 14, 15, 16]]
[[4,6,13,14,24,51],[0, 1, 3, 5, 9, 10, 11, 14, 15, 16]]
[[4,6,13,14,14,87],[0, 2, 3, 7, 9, 11, 13, 14, 15, 16]]
[[4,6,13,14,24,51],[0, 3, 4, 5, 7, 9, 11, 14, 15, 16]]
[[4,6,13,14,44,75],[0, 1, 2, 4, 6, 8, 9, 10, 11, 14, 15, 16]]
[[4,6,13,14,44,75],[0, 1, 3, 5, 6, 7, 8, 9, 11, 14, 15, 16]]
[[4,6,13,14,44,75],[0, 1, 2, 3, 5, 6, 8, 11, 12, 14, 15, 16]]
[[4,6,13,14,44,75],[0, 1, 2, 4, 5, 6, 7, 8, 10, 11, 12, 14, 15, 16]]
[[4,6,13,14,24,51],[0, 3, 4, 5, 9, 11, 12, 14, 15, 16]]
[[4,6,13,14,24,51],[0, 1, 2, 3, 7, 9, 10, 11, 12, 14, 15, 16]]
[[4,6,13,14,14,87],[0, 1, 3, 5, 6, 8, 9, 11, 12, 14, 15, 16]]
[[4,6,13,14,14,87],[0, 1, 4, 5, 6, 7, 8, 9, 10, 11, 12, 14, 15, 16]]
[[4,6,13,14,44,75],[0, 3, 4, 6, 7, 10, 13, 14, 15, 19]]
[[4,6,13,14,29,63],[0, 1, 2, 3, 4, 5, 9, 10, 15, 19]]
[[4,6,13,14,29,63],[0, 3, 4, 5, 9, 14, 15, 19]]
[[4,6,13,14,44,75],[0, 4, 6, 7, 9, 13, 15, 19]]
[[4,6,13,14,14,87],[0, 1, 2, 4, 6, 10, 11, 13, 15, 19]]
[[4,6,13,14,24,51],[0, 1, 3, 5, 7, 10, 11, 13, 15, 19]]
[[4,6,13,14,44,75],[0, 1, 3, 6, 7, 11, 13, 14, 15, 19]]
[[4,6,13,14,24,51],[0, 3, 4, 5, 9, 11, 13, 14, 15, 19]]
[[4,6,13,14,44,75],[0, 1, 4, 6, 9, 10, 11, 13, 15, 19]]
[[4,6,13,14,14,87],[0, 1, 2, 3, 6, 7, 9, 11, 13, 14, 15, 19]]
[[4,6,13,14,14,87],[0, 1, 2, 3, 4, 10, 11, 12, 15, 19]]
[[4,6,13,14,44,75],[0, 1, 2, 3, 6, 11, 12, 13, 15, 19]]
[[4,6,13,14,24,51],[0, 3, 4, 5, 7, 11, 12, 13, 15, 19]]
[[4,6,13,14,14,87],[0, 2, 3, 5, 7, 11, 12, 14, 15, 19]]
[[4,6,13,14,14,87],[0, 1, 2, 4, 5, 6, 7, 10, 11, 12, 13, 14, 15, 19]]
[[4,6,13,14,24,51],[0, 1, 2, 3, 9, 10, 11, 12, 13, 14, 15, 19]]
[[4,6,13,14,14,87],[0, 1, 3, 6, 9, 11, 12, 13, 15, 19]]
[[4,6,13,14,44,75],[0, 1, 4, 5, 6, 7, 9, 10, 11, 12, 13, 14, 15, 19]]
[[4,6,13,14,44,75],[0, 2, 4, 5, 6, 14, 15, 16, 17, 19]]
[[4,6,13,14,14,87],[0, 4, 6, 7, 8, 14, 15, 16, 17, 19]]
[[4,6,13,14,24,51],[0, 1, 4, 5, 6, 7, 8, 9, 10, 14, 15, 16, 17, 19]]
[[4,6,13,14,44,75],[0, 2, 3, 5, 11, 14, 15, 16, 17, 19]]
[[4,6,13,14,29,63],[0, 1, 2, 3, 4, 5, 6, 11, 13, 14, 15, 16, 17, 19]]
[[4,6,13,14,29,63],[0, 2, 3, 4, 5, 6, 10, 11, 13, 14, 15, 16, 17, 19]]
[[4,6,13,14,29,63],[0, 3, 4, 5, 6, 10, 11, 13, 15, 16, 17, 19]]
[[4,6,13,14,14,87],[0, 1, 3, 4, 7, 8, 10, 11, 13, 14, 15, 16, 17, 19]]
[[4,6,13,14,24,51],[0, 2, 3, 4, 5, 7, 8, 11, 13, 14, 15, 16, 17, 19]]
[[4,6,13,14,24,51],[0, 3, 6, 9, 10, 11, 15, 16, 17, 19]]
[[4,6,13,14,24,51],[0, 1, 3, 7, 9, 10, 11, 13, 15, 16, 17, 19]]
[[4,6,13,14,24,51],[0, 3, 6, 7, 9, 10, 11, 13, 15, 16, 17, 19]]
[[4,6,13,14,24,51],[0, 2, 3, 5, 6, 8, 9, 10, 11, 13, 15, 16, 17, 19]]
[[4,6,13,14,14,87],[0, 2, 3, 4, 6, 7, 10, 12, 15, 16, 17, 19]]
[[4,6,13,14,44,75],[0, 2, 3, 4, 6, 8, 10, 12, 15, 16, 17, 19]]
[[4,6,13,14,24,51],[0, 1, 2, 3, 4, 5, 6, 7, 9, 12, 15, 16, 17, 19]]
[[4,6,13,14,24,51],[0, 2, 4, 5, 6, 7, 11, 12, 13, 14, 15, 16, 17, 19]]
[[4,6,13,14,24,51],[0, 2, 3, 4, 5, 8, 11, 12, 13, 14, 15, 16, 17, 19]]
[[4,6,13,14,24,51],[0, 2, 4, 5, 6, 8, 11, 12, 13, 14, 15, 16, 17, 19]]
[[4,6,13,14,44,75],[0, 1, 2, 3, 4, 7, 8, 10, 11, 12, 15, 16, 17, 19]]
[[4,6,13,14,14,87],[0, 3, 9, 11, 12, 13, 15, 16, 17, 19]]
[[4,6,13,14,24,51],[0, 1, 2, 3, 5, 9, 10, 11, 12, 13, 15, 16, 17, 19]]
[[4,6,13,14,29,63],[0, 2, 6, 7, 8, 9, 11, 12, 13, 14, 15, 16, 17, 19]]
[[4,6,13,14,29,63],[0, 1, 6, 7, 8, 9, 10, 11, 12, 13, 15, 16, 17, 19]]
[[4,6,13,14,29,63],[0, 6, 7, 8, 9, 11, 12, 13, 15, 16, 17, 19]]
[[4,6,13,14,24,51],[0, 4, 5, 6, 7, 8, 9, 11, 12, 14, 15, 16, 17, 19]]
[[4,6,13,14,24,51],[0, 1, 4, 6, 7, 10, 13, 14, 15, 17]]
[[4,6,13,14,29,63],[0, 1, 2, 3, 4, 5, 6, 11, 13, 14, 15, 17]]
[[4,6,13,14,24,51],[0, 4, 6, 7, 8, 11, 13, 14, 15, 17]]
[[4,6,13,14,24,51],[0, 1, 3, 4, 5, 6, 7, 8, 9, 12, 13, 14, 15, 17]]
[[4,6,13,14,24,51],[0, 2, 3, 6, 9, 10, 11, 12, 13, 14, 15, 17]]
[[4,6,13,14,29,63],[0, 1, 2, 6, 7, 8, 9, 10, 11, 12, 13, 14, 15, 17]]
[[4,6,13,14,14,87],[0, 2, 4, 6, 7, 13, 15, 16, 18, 19]]
[[4,6,13,14,14,87],[0, 3, 4, 6, 7, 10, 13, 14, 15, 16, 18, 19]]
[[4,6,13,14,24,51],[0, 1, 4, 6, 8, 10, 13, 14, 15, 16, 18, 19]]
[[4,6,13,14,24,51],[0, 1, 3, 4, 5, 6, 8, 13, 15, 16, 18, 19]]
[[4,6,13,14,24,51],[0, 1, 2, 4, 6, 7, 8, 10, 15, 16, 18, 19]]
[[4,6,13,14,24,51],[0, 1, 3, 4, 5, 6, 7, 8, 9, 14, 15, 16, 18, 19]]
[[4,6,13,14,29,63],[0, 2, 3, 4, 5, 7, 8, 12, 13, 14, 15, 16, 18, 19]]
[[4,6,13,14,29,63],[0, 1, 3, 4, 5, 7, 8, 10, 12, 13, 15, 16, 18, 19]]
[[4,6,13,14,44,75],[0, 1, 2, 3, 4, 10, 11, 12, 15, 16, 18, 19]]
[[4,6,13,14,44,75],[0, 3, 5, 7, 9, 11, 12, 14, 15, 16, 18, 19]]
[[4,6,13,14,24,51],[0, 1, 2, 3, 4, 5, 6, 14, 15, 18]]
[[4,6,13,14,24,51],[0, 1, 2, 4, 5, 6, 7, 10, 13, 14, 15, 18]]
[[4,6,13,14,24,51],[0, 1, 2, 3, 4, 5, 6, 7, 13, 14, 15, 18]]
[[4,6,13,14,14,87],[0, 3, 4, 6, 8, 10, 13, 14, 15, 18]]
[[4,6,13,14,14,87],[0, 2, 4, 5, 6, 8, 13, 14, 15, 18]]
[[4,6,13,14,24,51],[0, 1, 4, 5, 6, 9, 10, 14, 15, 18]]
[[4,6,13,14,44,75],[0, 1, 3, 4, 10, 11, 13, 14, 15, 18]]
[[4,6,13,14,44,75],[0, 3, 7, 11, 13, 14, 15, 18]]
[[4,6,13,14,29,63],[0, 1, 2, 3, 4, 5, 7, 8, 10, 12, 13, 14, 15, 18]]
[[4,6,13,14,29,63],[0, 2, 3, 4, 5, 7, 8, 12, 13, 14, 15, 18]]
[[4,6,13,14,24,51],[0, 1, 2, 4, 5, 6, 8, 10, 13, 14, 15, 16, 17, 18]]
[[4,6,13,14,29,63],[0, 1, 6, 10, 11, 14, 15, 16, 17, 18]]
[[4,6,13,14,24,51],[0, 2, 3, 5, 6, 7, 8, 10, 11, 14, 15, 16, 17, 18]]
[[4,6,13,14,24,51],[0, 1, 2, 3, 4, 5, 6, 12, 13, 14, 15, 16, 17, 18]]
[[4,6,13,14,24,51],[0, 4, 5, 6, 9, 11, 12, 14, 15, 16, 17, 18]]
[[4,6,13,14,29,63],[0, 1, 3, 4, 5, 6, 7, 8, 9, 11, 12, 14, 15, 16, 17, 18]]
[[4,6,13,14,24,51],[0, 1, 2, 4, 6, 10, 15, 17, 18, 19]]
[[4,6,13,14,14,87],[0, 4, 5, 6, 9, 14, 15, 17, 18, 19]]
[[4,6,13,14,44,75],[0, 2, 4, 6, 7, 8, 9, 14, 15, 17, 18, 19]]
[[4,6,13,14,24,51],[0, 4, 6, 11, 13, 14, 15, 17, 18, 19]]
[[4,6,13,14,29,63],[0, 1, 2, 6, 10, 11, 15, 17, 18, 19]]
[[4,6,13,14,29,63],[0, 2, 6, 11, 15, 17, 18, 19]]
[[4,6,13,14,29,63],[0, 6, 11, 14, 15, 17, 18, 19]]
[[4,6,13,14,24,51],[0, 2, 4, 6, 7, 11, 15, 17, 18, 19]]
[[4,6,13,14,24,51],[0, 2, 4, 6, 8, 11, 15, 17, 18, 19]]
[[4,6,13,14,44,75],[0, 1, 3, 4, 7, 8, 10, 11, 13, 14, 15, 17, 18, 19]]
[[4,6,13,14,24,51],[0, 1, 3, 9, 10, 11, 15, 17, 18, 19]]
[[4,6,13,14,14,87],[0, 3, 5, 9, 11, 14, 15, 17, 18, 19]]
[[4,6,13,14,24,51],[0, 2, 3, 4, 5, 8, 9, 11, 15, 17, 18, 19]]
[[4,6,13,14,44,75],[0, 2, 3, 4, 6, 7, 10, 12, 15, 17, 18, 19]]
[[4,6,13,14,14,87],[0, 2, 3, 4, 6, 8, 10, 12, 15, 17, 18, 19]]
[[4,6,13,14,24,51],[0, 1, 3, 4, 5, 6, 8, 9, 12, 14, 15, 17, 18, 19]]
[[4,6,13,14,44,75],[0, 2, 3, 11, 12, 13, 15, 17, 18, 19]]
[[4,6,13,14,24,51],[0, 1, 2, 3, 5, 7, 10, 11, 12, 14, 15, 17, 18, 19]]
[[4,6,13,14,14,87],[0, 1, 2, 3, 4, 7, 8, 10, 11, 12, 15, 17, 18, 19]]
[[4,6,13,14,24,51],[0, 2, 3, 4, 5, 7, 8, 11, 12, 14, 15, 17, 18, 19]]
[[4,6,13,14,24,51],[0, 3, 5, 6, 7, 8, 10, 11, 12, 13, 15, 17, 18, 19]]
[[4,6,13,14,24,51],[0, 2, 3, 6, 7, 9, 10, 11, 12, 14, 15, 17, 18, 19]]
[[4,6,13,14,24,51],[0, 3, 5, 6, 8, 9, 10, 11, 12, 14, 15, 17, 18, 19]]
[[4,6,13,14,29,63],[0, 2, 3, 4, 5, 6, 7, 8, 9, 10, 11, 12, 15, 17, 18, 19]]
[[4,6,13,14,29,63],[0, 1, 3, 4, 5, 6, 7, 8, 9, 11, 12, 14, 15, 17, 18, 19]]
[[4,6,13,14,29,63],[0, 3, 4, 5, 6, 7, 8, 9, 10, 11, 12, 14, 15, 17, 18, 19]]
[[4,6,13,30,44,75],[0, 1, 4, 7, 10, 11, 14, 17, 19]]
[[4,6,13,30,44,75],[0, 1, 3, 4, 6, 7, 10, 11, 14, 17, 19]]
[[4,6,13,30,34,75],[0, 1, 2, 4, 10, 11, 12, 17, 19]]
[[4,6,13,30,34,75],[0, 2, 3, 4, 10, 11, 12, 17, 19]]
[[4,6,13,30,24,63],[0, 1, 5, 6, 9, 11, 14, 16, 17]]
[[4,6,13,30,24,63],[0, 1, 3, 5, 7, 8, 9, 11, 14, 16, 17]]
[[4,6,13,30,44,75],[0, 1, 2, 4, 5, 8, 10, 12, 14, 16, 17]]
[[4,6,13,30,44,75],[0, 2, 4, 5, 6, 8, 10, 12, 14, 16, 17]]
[[4,6,13,30,44,75],[0, 1, 4, 5, 10, 18, 19]]
[[4,6,13,30,44,75],[0, 1, 4, 9, 10, 18, 19]]
[[4,6,13,30,24,63],[0, 4, 6, 10, 12, 13, 14, 18, 19]]
[[4,6,13,30,24,63],[0, 1, 3, 4, 5, 6, 7, 8, 9, 10, 12, 13, 14, 18, 19]]
[[4,6,13,30,34,75],[0, 1, 7, 8, 10, 13, 14, 16, 18]]
[[4,6,13,30,34,75],[0, 1, 2, 5, 7, 8, 10, 13, 14, 16, 18]]
[[4,6,13,30,44,75],[0, 1, 2, 3, 5, 7, 12, 13, 14, 16, 18]]
[[4,6,13,30,44,75],[0, 1, 3, 5, 7, 9, 12, 13, 14, 16, 18]]
[[4,6,13,30,44,75],[0, 2, 5, 6, 7, 10, 11, 13, 14, 17, 18]]
[[4,6,13,30,44,75],[0, 1, 5, 8, 9, 10, 11, 13, 14, 17, 18]]
[[4,6,13,30,34,75],[0, 1, 7, 8, 10, 11, 12, 13, 14, 17, 18]]
[[4,6,13,30,34,75],[0, 2, 3, 5, 7, 8, 10, 11, 12, 13, 14, 17, 18]]
[[4,6,13,30,44,75],[0, 1, 4, 5, 10, 16, 17, 18, 19]]
[[4,6,13,30,44,75],[0, 1, 3, 4, 6, 7, 8, 9, 10, 16, 17, 18, 19]]
[[4,6,13,30,24,63],[0, 3, 4, 6, 11, 13, 14, 16, 17, 18, 19]]
[[4,6,13,30,24,63],[0, 1, 3, 4, 5, 9, 11, 13, 14, 16, 17, 18, 19]]
[[4,6,13,42,19,57],[0, 2, 5, 6, 10, 13, 14, 16, 19]]
[[4,6,13,42,19,57],[0, 1, 2, 3, 6, 7, 8, 10, 13, 16, 19]]
[[4,6,13,42,19,57],[0, 1, 2, 4, 5, 6, 7, 9, 11, 16, 19]]
[[4,6,13,42,19,57],[0, 2, 4, 5, 6, 8, 9, 10, 11, 16, 19]]
[[4,6,13,42,19,57],[0, 1, 2, 3, 5, 6, 10, 11, 12, 13, 14, 16, 19]]
[[4,6,13,42,19,57],[0, 2, 3, 6, 7, 8, 11, 12, 13, 16, 19]]
[[4,6,13,42,34,57],[0, 2, 4, 6, 7, 8, 10, 11, 13, 17, 19]]
[[4,6,13,42,34,57],[0, 1, 2, 3, 4, 6, 7, 8, 10, 12, 13, 17, 19]]
[[4,6,13,42,24,75],[0, 1, 5, 9, 10, 12, 14, 17, 19]]
[[4,6,13,42,24,75],[0, 1, 3, 5, 6, 7, 8, 9, 10, 12, 14, 17, 19]]
[[4,6,13,42,24,81],[0, 1, 4, 5, 6, 9, 14, 16, 17]]
[[4,6,13,42,24,81],[0, 1, 4, 5, 7, 8, 9, 10, 14, 16, 17]]
[[4,6,13,42,24,81],[0, 1, 3, 4, 6, 7, 10, 12, 14, 18, 19]]
[[4,6,13,42,24,81],[0, 4, 6, 8, 9, 10, 12, 18, 19]]
[[4,6,13,42,24,75],[0, 2, 3, 5, 6, 8, 14, 16, 18]]
[[4,6,13,42,24,75],[0, 1, 2, 6, 7, 9, 14, 16, 18]]
[[4,6,13,42,34,57],[0, 2, 5, 6, 7, 8, 10, 11, 14, 16, 18]]
[[4,6,13,42,34,57],[0, 1, 2, 3, 4, 6, 7, 9, 10, 11, 12, 13, 14, 16, 18]]
[[4,6,13,42,24,75],[0, 1, 2, 5, 8, 10, 14, 17, 18]]
[[4,6,13,42,34,57],[0, 2, 4, 6, 8, 9, 10, 13, 14, 17, 18]]
[[4,6,13,42,24,75],[0, 2, 6, 8, 9, 10, 14, 17, 18]]
[[4,6,13,42,34,57],[0, 1, 2, 3, 5, 6, 7, 8, 10, 11, 14, 17, 18]]
[[4,6,13,42,24,81],[0, 1, 4, 7, 10, 12, 14, 16, 17, 18, 19]]
[[4,6,13,42,24,81],[0, 3, 4, 6, 7, 9, 12, 16, 17, 18, 19]]
[[4,6,13,26,29,81],[0, 1, 2, 4, 7, 10, 13, 16, 19]]
[[4,6,13,26,29,81],[0, 1, 2, 4, 5, 7, 10, 13, 14, 16, 19]]
[[4,6,13,26,29,45],[0, 2, 4, 5, 11, 13, 14, 16, 19]]
[[4,6,13,26,29,81],[0, 1, 5, 6, 7, 8, 11, 16, 19]]
[[4,6,13,26,29,81],[0, 1, 3, 5, 6, 7, 8, 10, 11, 16, 19]]
[[4,6,13,26,29,45],[0, 1, 4, 5, 6, 7, 8, 9, 11, 13, 14, 16, 19]]
[[4,6,13,26,29,45],[0, 1, 2, 4, 5, 10, 12, 13, 14, 16, 19]]
[[4,6,13,26,29,45],[0, 1, 4, 5, 9, 10, 12, 13, 14, 16, 19]]
[[4,6,13,26,29,45],[0, 5, 7, 11, 12, 16, 19]]
[[4,6,13,26,29,81],[0, 2, 3, 4, 6, 7, 11, 12, 13, 16, 19]]
[[4,6,13,26,29,81],[0, 2, 4, 5, 6, 7, 10, 11, 12, 13, 14, 16, 19]]
[[4,6,13,26,29,45],[0, 3, 5, 6, 7, 11, 12, 16, 19]]
[[4,6,13,26,39,93],[0, 1, 2, 3, 4, 6, 8, 9, 10, 13, 14, 17, 19]]
[[4,6,13,26,39,69],[0, 1, 2, 4, 5, 7, 8, 9, 10, 11, 13, 17, 19]]
[[4,6,13,26,39,69],[0, 2, 4, 5, 6, 9, 10, 12, 13, 17, 19]]
[[4,6,13,26,39,93],[0, 2, 4, 6, 7, 9, 10, 11, 12, 13, 14, 17, 19]]
[[4,6,13,26,39,105],[0, 2, 5, 6, 7, 8, 10, 13, 14, 16, 17]]
[[4,6,13,26,39,57],[0, 1, 6, 8, 11, 13, 14, 16, 17]]
[[4,6,13,26,39,57],[0, 1, 8, 10, 12, 13, 14, 16, 17]]
[[4,6,13,26,24,51],[0, 5, 9, 12, 14, 16, 17]]
[[4,6,13,26,24,51],[0, 3, 5, 6, 7, 8, 9, 12, 14, 16, 17]]
[[4,6,13,26,39,105],[0, 1, 2, 3, 5, 6, 7, 8, 10, 11, 12, 13, 14, 16, 17]]
[[4,6,13,26,44,45],[0, 2, 3, 4, 6, 9, 11, 12, 14, 16, 17]]
[[4,6,13,26,34,57],[0, 1, 4, 5, 6, 9, 11, 12, 14, 16, 17]]
[[4,6,13,26,24,69],[0, 1, 2, 7, 9, 10, 11, 12, 14, 16, 17]]
[[4,6,13,26,24,69],[0, 2, 8, 9, 11, 12, 14, 16, 17]]
[[4,6,13,26,44,45],[0, 1, 2, 4, 7, 8, 9, 10, 11, 12, 14, 16, 17]]
[[4,6,13,26,34,57],[0, 1, 4, 5, 7, 8, 9, 10, 11, 12, 14, 16, 17]]
[[4,6,13,26,44,45],[0, 2, 6, 10, 13, 18, 19]]
[[4,6,13,26,34,57],[0, 1, 2, 3, 6, 10, 13, 18, 19]]
[[4,6,13,26,24,69],[0, 1, 2, 3, 4, 6, 7, 10, 13, 18, 19]]
[[4,6,13,26,24,69],[0, 2, 4, 5, 6, 8, 10, 13, 14, 18, 19]]
[[4,6,13,26,24,51],[0, 1, 2, 3, 5, 6, 8, 10, 14, 18, 19]]
[[4,6,13,26,24,51],[0, 2, 6, 7, 9, 10, 14, 18, 19]]
[[4,6,13,26,34,57],[0, 2, 6, 7, 8, 9, 10, 13, 14, 18, 19]]
[[4,6,13,26,44,45],[0, 1, 3, 5, 6, 7, 8, 9, 10, 13, 14, 18, 19]]
[[4,6,13,26,39,57],[0, 4, 6, 7, 9, 10, 11, 18, 19]]
[[4,6,13,26,39,105],[0, 1, 3, 6, 7, 9, 10, 11, 13, 18, 19]]
[[4,6,13,26,39,105],[0, 4, 5, 6, 7, 8, 10, 11, 12, 18, 19]]
[[4,6,13,26,39,57],[0, 1, 3, 5, 6, 7, 8, 9, 10, 11, 12, 13, 14, 18, 19]]
[[4,6,13,26,39,69],[0, 2, 3, 5, 10, 11, 14, 16, 18]]
[[4,6,13,26,39,93],[0, 4, 5, 9, 11, 13, 14, 16, 18]]
[[4,6,13,26,39,69],[0, 2, 3, 4, 5, 7, 10, 11, 12, 13, 14, 16, 18]]
[[4,6,13,26,39,93],[0, 2, 5, 7, 11, 12, 14, 16, 18]]
[[4,6,13,26,39,69],[0, 1, 2, 3, 4, 5, 6, 7, 10, 13, 14, 17, 18]]
[[4,6,13,26,39,69],[0, 1, 2, 5, 10, 11, 14, 17, 18]]
[[4,6,13,26,39,93],[0, 4, 5, 6, 7, 8, 9, 10, 12, 13, 14, 17, 18]]
[[4,6,13,26,39,93],[0, 1, 2, 3, 5, 6, 7, 10, 11, 12, 14, 17, 18]]
[[4,6,13,26,24,51],[0, 2, 5, 8, 14, 16, 17, 18, 19]]
[[4,6,13,26,39,57],[0, 1, 5, 9, 10, 13, 14, 16, 17, 18, 19]]
[[4,6,13,26,24,51],[0, 1, 2, 6, 8, 9, 14, 16, 17, 18, 19]]
[[4,6,13,26,39,57],[0, 3, 4, 6, 8, 9, 11, 16, 17, 18, 19]]
[[4,6,13,26,39,105],[0, 1, 3, 6, 8, 9, 10, 12, 13, 16, 17, 18, 19]]
[[4,6,13,26,44,45],[0, 1, 2, 6, 11, 12, 13, 16, 17, 18, 19]]
[[4,6,13,26,34,57],[0, 2, 3, 6, 11, 12, 13, 16, 17, 18, 19]]
[[4,6,13,26,24,69],[0, 2, 4, 7, 11, 12, 13, 16, 17, 18, 19]]
[[4,6,13,26,24,69],[0, 1, 2, 4, 5, 8, 10, 11, 12, 13, 14, 16, 17, 18, 19]]
[[4,6,13,26,39,105],[0, 4, 5, 6, 7, 8, 10, 11, 12, 16, 17, 18, 19]]
[[4,6,13,26,34,57],[0, 1, 2, 9, 10, 11, 12, 13, 14, 16, 17, 18, 19]]
[[4,6,13,26,44,45],[0, 1, 5, 9, 10, 11, 12, 13, 14, 16, 17, 18, 19]]
[[4,6,13,26,34,39],[0, 5, 6, 7, 9, 14, 15, 16]]
[[4,6,13,26,34,39],[0, 3, 5, 6, 7, 9, 10, 14, 15, 16]]
[[4,6,13,26,34,39],[0, 3, 6, 8, 9, 10, 15, 19]]
[[4,6,13,26,34,39],[0, 5, 6, 8, 9, 14, 15, 19]]
[[4,6,13,26,34,39],[0, 1, 2, 3, 5, 8, 10, 14, 15, 16, 17, 19]]
[[4,6,13,26,34,39],[0, 1, 3, 5, 6, 8, 15, 16, 17, 19]]
[[4,6,13,26,34,39],[0, 2, 3, 5, 7, 9, 15, 16, 17, 19]]
[[4,6,13,26,34,39],[0, 3, 5, 12, 15, 16, 17, 19]]
[[4,6,13,26,34,39],[0, 1, 2, 5, 6, 10, 12, 14, 15, 16, 17, 19]]
[[4,6,13,26,34,39],[0, 1, 2, 3, 7, 8, 9, 10, 12, 14, 15, 16, 17, 19]]
[[4,6,13,26,34,39],[0, 2, 5, 6, 8, 14, 15, 17]]
[[4,6,13,26,34,39],[0, 2, 3, 5, 6, 10, 12, 14, 15, 17]]
[[4,6,13,26,34,39],[0, 1, 2, 5, 6, 7, 8, 10, 12, 14, 15, 16, 18, 19]]
[[4,6,13,26,34,39],[0, 1, 2, 3, 5, 6, 7, 8, 9, 12, 15, 16, 18, 19]]
[[4,6,13,26,34,39],[0, 1, 3, 6, 12, 14, 15, 18]]
[[4,6,13,26,34,39],[0, 1, 5, 6, 9, 10, 12, 14, 15, 18]]
[[4,6,13,26,34,39],[0, 2, 5, 6, 7, 14, 15, 16, 17, 18]]
[[4,6,13,26,34,39],[0, 2, 3, 6, 7, 8, 9, 10, 12, 14, 15, 16, 17, 18]]
[[4,6,13,26,34,39],[0, 2, 3, 7, 15, 17, 18, 19]]
[[4,6,13,26,34,39],[0, 1, 2, 3, 6, 7, 15, 17, 18, 19]]
[[4,6,13,26,34,39],[0, 1, 3, 8, 9, 10, 15, 17, 18, 19]]
[[4,6,13,26,34,39],[0, 3, 12, 14, 15, 17, 18, 19]]
[[4,6,13,26,34,39],[0, 1, 3, 5, 7, 8, 9, 10, 12, 14, 15, 17, 18, 19]]
[[4,6,13,26,34,39],[0, 1, 5, 6, 7, 8, 9, 10, 12, 14, 15, 17, 18, 19]]
[[4,6,13,22,49,75],[0, 1, 2, 3, 4, 6, 7, 10, 13, 16, 19]]
[[4,6,13,22,49,75],[0, 4, 5, 6, 8, 9, 10, 13, 14, 16, 19]]
[[4,6,13,22,24,51],[0, 1, 6, 7, 11, 13, 14, 16, 19]]
[[4,6,13,22,24,51],[0, 2, 3, 5, 6, 7, 11, 13, 14, 16, 19]]
[[4,6,13,22,49,75],[0, 2, 5, 9, 11, 16, 19]]
[[4,6,13,22,49,75],[0, 1, 2, 3, 5, 6, 7, 8, 9, 10, 11, 16, 19]]
[[4,6,13,22,24,51],[0, 1, 7, 10, 12, 13, 14, 16, 19]]
[[4,6,13,22,44,51],[0, 1, 4, 5, 7, 10, 12, 16, 19]]
[[4,6,13,22,24,51],[0, 1, 2, 5, 7, 10, 12, 13, 14, 16, 19]]
[[4,6,13,22,44,51],[0, 1, 4, 5, 6, 7, 12, 16, 19]]
[[4,6,13,22,44,51],[0, 1, 2, 4, 8, 10, 12, 16, 19]]
[[4,6,13,22,44,51],[0, 2, 3, 4, 6, 8, 12, 16, 19]]
[[4,6,13,22,44,51],[0, 1, 4, 5, 7, 9, 10, 12, 14, 16, 19]]
[[4,6,13,22,44,51],[0, 1, 4, 5, 8, 9, 10, 12, 14, 16, 19]]
[[4,6,13,22,49,75],[0, 2, 4, 7, 11, 12, 13, 16, 19]]
[[4,6,13,22,24,51],[0, 1, 2, 4, 6, 7, 8, 11, 12, 16, 19]]
[[4,6,13,22,24,51],[0, 2, 3, 4, 6, 7, 8, 11, 12, 16, 19]]
[[4,6,13,22,49,75],[0, 4, 5, 6, 7, 9, 10, 11, 12, 13, 14, 16, 19]]
[[4,6,13,22,44,51],[0, 2, 5, 6, 7, 8, 10, 13, 14, 17, 19]]
[[4,6,13,22,34,75],[0, 1, 4, 5, 8, 9, 10, 13, 14, 17, 19]]
[[4,6,13,22,24,51],[0, 1, 2, 4, 5, 8, 10, 11, 14, 17, 19]]
[[4,6,13,22,24,51],[0, 2, 4, 5, 6, 8, 10, 11, 14, 17, 19]]
[[4,6,13,22,29,75],[0, 6, 8, 9, 10, 11, 13, 17, 19]]
[[4,6,13,22,29,75],[0, 6, 7, 9, 10, 12, 13, 17, 19]]
[[4,6,13,22,44,51],[0, 1, 2, 3, 5, 6, 7, 8, 10, 11, 12, 13, 14, 17, 19]]
[[4,6,13,22,34,75],[0, 1, 4, 5, 7, 9, 10, 11, 12, 13, 14, 17, 19]]
[[4,6,13,22,24,87],[0, 4, 5, 6, 9, 10, 14, 16, 17]]
[[4,6,13,22,24,87],[0, 4, 5, 7, 8, 9, 14, 16, 17]]
[[4,6,13,22,39,111],[0, 2, 3, 4, 5, 6, 11, 13, 14, 16, 17]]
[[4,6,13,22,29,51],[0, 1, 2, 3, 4, 5, 6, 10, 11, 13, 14, 16, 17]]
[[4,6,13,22,24,87],[0, 2, 5, 6, 8, 10, 11, 13, 14, 16, 17]]
[[4,6,13,22,29,51],[0, 2, 3, 4, 5, 6, 12, 13, 14, 16, 17]]
[[4,6,13,22,39,111],[0, 1, 2, 3, 4, 5, 6, 10, 12, 13, 14, 16, 17]]
[[4,6,13,22,24,87],[0, 1, 2, 3, 5, 8, 12, 13, 14, 16, 17]]
[[4,6,13,22,24,51],[0, 4, 5, 7, 9, 12, 14, 16, 17]]
[[4,6,13,22,24,51],[0, 4, 5, 8, 9, 12, 14, 16, 17]]
[[4,6,13,22,24,51],[0, 4, 6, 10, 11, 12, 14, 16, 17]]
[[4,6,13,22,24,51],[0, 3, 4, 6, 11, 12, 14, 16, 17]]
[[4,6,13,22,24,51],[0, 1, 2, 3, 4, 6, 9, 10, 14, 18, 19]]
[[4,6,13,22,24,51],[0, 1, 7, 8, 9, 10, 13, 18, 19]]
[[4,6,13,22,24,51],[0, 1, 5, 7, 8, 9, 10, 13, 14, 18, 19]]
[[4,6,13,22,24,51],[0, 4, 5, 6, 7, 8, 9, 10, 14, 18, 19]]
[[4,6,13,22,39,111],[0, 2, 6, 10, 11, 18, 19]]
[[4,6,13,22,29,51],[0, 6, 10, 11, 14, 18, 19]]
[[4,6,13,22,24,87],[0, 1, 3, 4, 5, 6, 7, 9, 10, 11, 14, 18, 19]]
[[4,6,13,22,24,87],[0, 1, 2, 3, 4, 6, 7, 10, 12, 18, 19]]
[[4,6,13,22,24,87],[0, 2, 4, 6, 8, 9, 10, 12, 14, 18, 19]]
[[4,6,13,22,39,111],[0, 1, 2, 3, 4, 6, 8, 9, 10, 11, 12, 13, 14, 18, 19]]
[[4,6,13,22,29,51],[0, 1, 3, 4, 6, 8, 9, 10, 11, 12, 13, 18, 19]]
[[4,6,13,22,24,87],[0, 2, 5, 6, 7, 8, 9, 10, 11, 12, 13, 18, 19]]
[[4,6,13,22,34,75],[0, 1, 3, 4, 11, 13, 14, 16, 18]]
[[4,6,13,22,29,75],[0, 1, 4, 8, 10, 11, 14, 16, 18]]
[[4,6,13,22,44,51],[0, 2, 3, 6, 7, 9, 11, 13, 14, 16, 18]]
[[4,6,13,22,24,51],[0, 1, 3, 8, 12, 13, 14, 16, 18]]
[[4,6,13,22,24,51],[0, 1, 3, 5, 8, 9, 12, 13, 14, 16, 18]]
[[4,6,13,22,44,51],[0, 1, 2, 4, 5, 6, 7, 8, 11, 12, 14, 16, 18]]
[[4,6,13,22,34,75],[0, 1, 3, 5, 7, 9, 11, 12, 14, 16, 18]]
[[4,6,13,22,29,75],[0, 1, 5, 7, 8, 9, 10, 11, 12, 13, 14, 16, 18]]
[[4,6,13,22,29,75],[0, 1, 3, 5, 6, 9, 10, 13, 14, 17, 18]]
[[4,6,13,22,29,75],[0, 1, 3, 4, 6, 8, 10, 11, 14, 17, 18]]
[[4,6,13,22,24,51],[0, 1, 3, 6, 8, 10, 11, 13, 14, 17, 18]]
[[4,6,13,22,24,51],[0, 1, 5, 7, 9, 10, 11, 13, 14, 17, 18]]
[[4,6,13,22,34,75],[0, 1, 4, 10, 12, 13, 14, 17, 18]]
[[4,6,13,22,44,51],[0, 1, 2, 3, 6, 8, 9, 10, 12, 13, 14, 17, 18]]
[[4,6,13,22,44,51],[0, 2, 4, 5, 6, 7, 8, 10, 11, 12, 14, 17, 18]]
[[4,6,13,22,34,75],[0, 1, 5, 8, 9, 10, 11, 12, 14, 17, 18]]
[[4,6,13,22,24,51],[0, 4, 5, 9, 14, 16, 17, 18, 19]]
[[4,6,13,22,24,87],[0, 1, 2, 3, 5, 9, 13, 16, 17, 18, 19]]
[[4,6,13,22,39,111],[0, 2, 4, 6, 7, 9, 10, 13, 14, 16, 17, 18, 19]]
[[4,6,13,22,29,51],[0, 1, 4, 6, 7, 9, 13, 16, 17, 18, 19]]
[[4,6,13,22,24,51],[0, 2, 4, 7, 8, 9, 14, 16, 17, 18, 19]]
[[4,6,13,22,39,111],[0, 1, 2, 6, 11, 16, 17, 18, 19]]
[[4,6,13,22,29,51],[0, 6, 10, 11, 14, 16, 17, 18, 19]]
[[4,6,13,22,24,87],[0, 1, 3, 4, 5, 6, 8, 9, 10, 11, 14, 16, 17, 18, 19]]
[[4,6,13,22,24,87],[0, 2, 4, 7, 12, 16, 17, 18, 19]]
[[4,6,13,22,24,87],[0, 1, 2, 3, 4, 6, 7, 9, 10, 12, 14, 16, 17, 18, 19]]
[[4,6,13,22,24,51],[0, 1, 6, 9, 11, 12, 13, 16, 17, 18, 19]]
[[4,6,13,22,24,51],[0, 1, 3, 5, 6, 9, 10, 11, 12, 13, 14, 16, 17, 18, 19]]
[[4,6,13,22,44,99],[0, 1, 2, 3, 5, 7, 10, 11, 13, 14, 15, 16]]
[[4,6,13,22,54,99],[0, 1, 3, 4, 8, 10, 11, 14, 15, 16]]
[[4,6,13,22,54,99],[0, 1, 3, 6, 8, 11, 13, 14, 15, 16]]
[[4,6,13,22,19,75],[0, 2, 3, 4, 5, 7, 8, 11, 13, 14, 15, 16]]
[[4,6,13,22,54,99],[0, 2, 3, 5, 7, 8, 11, 14, 15, 16]]
[[4,6,13,22,44,99],[0, 3, 4, 5, 9, 11, 13, 14, 15, 16]]
[[4,6,13,22,19,75],[0, 1, 2, 3, 8, 9, 10, 11, 13, 14, 15, 16]]
[[4,6,13,22,54,99],[0, 1, 4, 5, 6, 7, 8, 9, 10, 11, 13, 14, 15, 16]]
[[4,6,13,22,54,99],[0, 4, 6, 7, 8, 12, 13, 14, 15, 16]]
[[4,6,13,22,54,99],[0, 2, 3, 4, 6, 7, 8, 9, 10, 12, 13, 14, 15, 16]]
[[4,6,13,22,34,39],[0, 1, 2, 5, 6, 8, 10, 11, 12, 14, 15, 16]]
[[4,6,13,22,34,39],[0, 1, 2, 3, 4, 5, 6, 7, 8, 11, 12, 14, 15, 16]]
[[4,6,13,22,34,39],[0, 1, 5, 6, 7, 10, 11, 13, 15, 19]]
[[4,6,13,22,34,39],[0, 1, 3, 4, 5, 6, 9, 11, 13, 14, 15, 19]]
[[4,6,13,22,54,99],[0, 2, 3, 4, 6, 10, 12, 13, 15, 19]]
[[4,6,13,22,54,99],[0, 4, 5, 6, 9, 12, 13, 14, 15, 19]]
[[4,6,13,22,54,99],[0, 1, 2, 4, 6, 10, 11, 12, 15, 19]]
[[4,6,13,22,54,99],[0, 1, 2, 3, 5, 6, 7, 11, 12, 14, 15, 19]]
[[4,6,13,22,19,75],[0, 1, 3, 5, 8, 10, 11, 12, 15, 19]]
[[4,6,13,22,54,99],[0, 2, 3, 7, 8, 11, 12, 13, 15, 19]]
[[4,6,13,22,19,75],[0, 2, 3, 4, 5, 7, 8, 11, 12, 14, 15, 19]]
[[4,6,13,22,44,99],[0, 3, 4, 5, 9, 11, 12, 14, 15, 19]]
[[4,6,13,22,44,99],[0, 1, 3, 7, 9, 10, 11, 12, 15, 19]]
[[4,6,13,22,54,99],[0, 1, 2, 3, 4, 8, 9, 10, 11, 12, 13, 14, 15, 19]]
[[4,6,13,22,34,39],[0, 2, 3, 4, 5, 14, 15, 16, 17, 19]]
[[4,6,13,22,44,99],[0, 1, 2, 4, 6, 7, 10, 13, 15, 16, 17, 19]]
[[4,6,13,22,54,99],[0, 3, 4, 6, 7, 8, 10, 14, 15, 16, 17, 19]]
[[4,6,13,22,34,39],[0, 2, 5, 6, 11, 14, 15, 16, 17, 19]]
[[4,6,13,22,19,75],[0, 3, 5, 6, 10, 11, 15, 16, 17, 19]]
[[4,6,13,22,44,99],[0, 2, 3, 6, 9, 10, 11, 14, 15, 16, 17, 19]]
[[4,6,13,22,34,39],[0, 5, 6, 9, 11, 14, 15, 16, 17, 19]]
[[4,6,13,22,54,99],[0, 1, 3, 4, 7, 9, 10, 11, 15, 16, 17, 19]]
[[4,6,13,22,19,75],[0, 2, 3, 6, 8, 9, 10, 11, 13, 14, 15, 16, 17, 19]]
[[4,6,13,22,44,99],[0, 3, 5, 6, 8, 9, 10, 11, 13, 14, 15, 16, 17, 19]]
[[4,6,13,22,19,75],[0, 1, 2, 3, 5, 7, 8, 9, 10, 11, 15, 16, 17, 19]]
[[4,6,13,22,54,99],[0, 2, 4, 6, 7, 12, 15, 16, 17, 19]]
[[4,6,13,22,34,39],[0, 1, 2, 3, 4, 8, 10, 12, 15, 16, 17, 19]]
[[4,6,13,22,44,99],[0, 1, 3, 4, 5, 6, 7, 8, 9, 12, 13, 14, 15, 16, 17, 19]]
[[4,6,13,22,19,75],[0, 2, 4, 6, 7, 11, 12, 13, 15, 16, 17, 19]]
[[4,6,13,22,44,99],[0, 4, 5, 6, 7, 11, 12, 13, 15, 16, 17, 19]]
[[4,6,13,22,19,75],[0, 4, 6, 7, 8, 11, 12, 14, 15, 16, 17, 19]]
[[4,6,13,22,34,39],[0, 2, 3, 4, 6, 7, 8, 10, 11, 12, 15, 16, 17, 19]]
[[4,6,13,22,19,75],[0, 3, 4, 5, 9, 11, 12, 14, 15, 16, 17, 19]]
[[4,6,13,22,54,99],[0, 3, 5, 8, 9, 11, 12, 14, 15, 16, 17, 19]]
[[4,6,13,22,34,39],[0, 3, 4, 6, 7, 8, 9, 10, 11, 12, 15, 16, 17, 19]]
[[4,6,13,22,44,99],[0, 2, 4, 5, 6, 7, 8, 9, 11, 12, 15, 16, 17, 19]]
[[4,6,13,22,19,75],[0, 1, 2, 3, 4, 5, 6, 14, 15, 17]]
[[4,6,13,22,34,39],[0, 1, 3, 4, 7, 10, 13, 14, 15, 17]]
[[4,6,13,22,44,99],[0, 2, 3, 4, 5, 7, 8, 11, 13, 14, 15, 17]]
[[4,6,13,22,19,75],[0, 1, 4, 6, 8, 10, 12, 14, 15, 17]]
[[4,6,13,22,34,39],[0, 3, 4, 5, 7, 8, 9, 12, 13, 14, 15, 17]]
[[4,6,13,22,44,99],[0, 1, 3, 5, 9, 10, 11, 12, 13, 14, 15, 17]]
[[4,6,13,22,44,99],[0, 1, 2, 3, 4, 5, 6, 14, 15, 16, 18, 19]]
[[4,6,13,22,44,99],[0, 1, 2, 4, 5, 6, 9, 10, 15, 16, 18, 19]]
[[4,6,13,22,34,39],[0, 1, 3, 4, 5, 6, 9, 11, 13, 14, 15, 16, 18, 19]]
[[4,6,13,22,34,39],[0, 1, 2, 5, 6, 7, 9, 10, 11, 13, 15, 16, 18, 19]]
[[4,6,13,22,19,75],[0, 1, 2, 4, 6, 10, 12, 13, 15, 16, 18, 19]]
[[4,6,13,22,19,75],[0, 1, 2, 3, 4, 5, 6, 12, 13, 14, 15, 16, 18, 19]]
[[4,6,13,22,54,99],[0, 1, 4, 6, 8, 10, 11, 12, 13, 14, 15, 16, 18, 19]]
[[4,6,13,22,54,99],[0, 1, 2, 3, 6, 7, 8, 11, 12, 13, 15, 16, 18, 19]]
[[4,6,13,22,44,99],[0, 1, 4, 6, 7, 8, 10, 14, 15, 18]]
[[4,6,13,22,44,99],[0, 1, 3, 4, 5, 6, 7, 8, 9, 14, 15, 18]]
[[4,6,13,22,54,99],[0, 1, 2, 4, 5, 6, 7, 10, 11, 14, 15, 18]]
[[4,6,13,22,54,99],[0, 1, 3, 5, 6, 9, 11, 14, 15, 18]]
[[4,6,13,22,19,75],[0, 1, 4, 5, 6, 7, 8, 9, 10, 12, 13, 14, 15, 18]]
[[4,6,13,22,19,75],[0, 1, 3, 4, 5, 6, 7, 8, 9, 12, 13, 14, 15, 18]]
[[4,6,13,22,34,39],[0, 1, 2, 3, 4, 5, 6, 7, 8, 11, 12, 14, 15, 18]]
[[4,6,13,22,34,39],[0, 1, 5, 6, 8, 9, 10, 11, 12, 14, 15, 18]]
[[4,6,13,22,34,39],[0, 1, 2, 3, 4, 7, 9, 10, 13, 14, 15, 16, 17, 18]]
[[4,6,13,22,19,75],[0, 1, 3, 4, 5, 6, 7, 8, 9, 14, 15, 16, 17, 18]]
[[4,6,13,22,44,99],[0, 1, 2, 3, 9, 10, 11, 14, 15, 16, 17, 18]]
[[4,6,13,22,19,75],[0, 1, 2, 4, 5, 6, 7, 10, 12, 14, 15, 16, 17, 18]]
[[4,6,13,22,34,39],[0, 3, 4, 5, 7, 8, 9, 12, 13, 14, 15, 16, 17, 18]]
[[4,6,13,22,44,99],[0, 2, 3, 4, 5, 7, 8, 11, 12, 14, 15, 16, 17, 18]]
[[4,6,13,22,34,39],[0, 2, 3, 4, 5, 14, 15, 17, 18, 19]]
[[4,6,13,22,44,99],[0, 1, 4, 5, 6, 8, 10, 13, 15, 17, 18, 19]]
[[4,6,13,22,54,99],[0, 3, 4, 6, 9, 10, 15, 17, 18, 19]]
[[4,6,13,22,44,99],[0, 2, 4, 6, 11, 13, 15, 17, 18, 19]]
[[4,6,13,22,34,39],[0, 3, 4, 6, 10, 11, 13, 14, 15, 17, 18, 19]]
[[4,6,13,22,54,99],[0, 3, 8, 11, 13, 14, 15, 17, 18, 19]]
[[4,6,13,22,44,99],[0, 4, 6, 8, 11, 14, 15, 17, 18, 19]]
[[4,6,13,22,19,75],[0, 2, 4, 5, 6, 8, 11, 14, 15, 17, 18, 19]]
[[4,6,13,22,19,75],[0, 3, 4, 5, 9, 11, 13, 14, 15, 17, 18, 19]]
[[4,6,13,22,34,39],[0, 2, 3, 4, 6, 9, 10, 11, 13, 14, 15, 17, 18, 19]]
[[4,6,13,22,19,75],[0, 4, 5, 6, 9, 11, 13, 14, 15, 17, 18, 19]]
[[4,6,13,22,44,99],[0, 1, 2, 3, 4, 5, 6, 12, 13, 14, 15, 17, 18, 19]]
[[4,6,13,22,54,99],[0, 2, 4, 5, 6, 8, 12, 14, 15, 17, 18, 19]]
[[4,6,13,22,34,39],[0, 1, 3, 4, 8, 9, 10, 12, 15, 17, 18, 19]]
[[4,6,13,22,54,99],[0, 1, 2, 3, 4, 7, 10, 11, 12, 13, 15, 17, 18, 19]]
[[4,6,13,22,34,39],[0, 5, 6, 7, 8, 11, 12, 13, 15, 17, 18, 19]]
[[4,6,13,22,44,99],[0, 2, 3, 5, 6, 7, 8, 10, 11, 12, 13, 14, 15, 17, 18, 19]]
[[4,6,13,22,44,99],[0, 3, 6, 7, 9, 10, 11, 12, 15, 17, 18, 19]]
[[4,6,13,22,19,75],[0, 2, 3, 5, 6, 7, 9, 10, 11, 12, 15, 17, 18, 19]]
[[4,6,13,22,19,75],[0, 1, 3, 7, 8, 9, 10, 11, 12, 13, 15, 17, 18, 19]]
[[4,6,13,22,19,75],[0, 3, 6, 7, 8, 9, 10, 11, 12, 13, 15, 17, 18, 19]]
[[4,6,13,22,34,39],[0, 2, 5, 6, 7, 8, 9, 11, 12, 13, 15, 17, 18, 19]]
[[4,6,13,34,34,81],[0, 1, 2, 4, 5, 8, 10, 13, 14, 17, 19]]
[[4,6,13,34,29,57],[0, 1, 5, 9, 10, 13, 14, 17, 19]]
[[4,6,13,34,34,81],[0, 2, 4, 5, 6, 8, 10, 11, 12, 13, 14, 17, 19]]
[[4,6,13,34,29,57],[0, 1, 3, 5, 6, 7, 8, 9, 10, 11, 12, 13, 14, 17, 19]]
[[4,6,13,34,29,57],[0, 2, 7, 9, 11, 13, 14, 16, 18]]
[[4,6,13,34,34,81],[0, 2, 3, 4, 6, 7, 8, 9, 11, 13, 14, 16, 18]]
[[4,6,13,34,29,57],[0, 4, 5, 9, 11, 12, 14, 16, 18]]
[[4,6,13,34,34,81],[0, 1, 5, 6, 7, 9, 11, 12, 14, 16, 18]]
[[4,6,13,34,34,81],[0, 1, 2, 4, 9, 10, 12, 13, 14, 17, 18]]
[[4,6,13,34,29,57],[0, 1, 2, 8, 9, 10, 12, 13, 14, 17, 18]]
[[4,6,13,34,34,81],[0, 1, 3, 5, 6, 8, 9, 10, 11, 12, 14, 17, 18]]
[[4,6,13,34,29,57],[0, 4, 5, 6, 7, 8, 9, 10, 11, 12, 14, 17, 18]]
[[4,6,13,34,34,57],[0, 2, 3, 4, 5, 6, 10, 11, 13, 14, 15, 16]]
[[4,6,13,34,34,57],[0, 5, 6, 7, 9, 11, 13, 14, 15, 16]]
[[4,6,13,34,34,57],[0, 5, 6, 8, 9, 11, 12, 14, 15, 19]]
[[4,6,13,34,34,57],[0, 2, 3, 4, 5, 6, 7, 8, 9, 10, 11, 12, 15, 19]]
[[4,6,13,34,34,57],[0, 1, 3, 4, 5, 9, 10, 14, 15, 16, 17, 19]]
[[4,6,13,34,34,57],[0, 2, 3, 4, 7, 9, 13, 14, 15, 16, 17, 19]]
[[4,6,13,34,34,57],[0, 1, 2, 3, 4, 6, 11, 13, 15, 16, 17, 19]]
[[4,6,13,34,34,57],[0, 1, 3, 4, 5, 7, 8, 10, 12, 13, 15, 16, 17, 19]]
[[4,6,13,34,34,57],[0, 3, 4, 8, 9, 12, 15, 16, 17, 19]]
[[4,6,13,34,34,57],[0, 1, 5, 6, 7, 8, 9, 10, 11, 12, 13, 14, 15, 16, 17, 19]]
[[4,6,13,34,34,57],[0, 1, 2, 3, 4, 6, 9, 11, 13, 14, 15, 17]]
[[4,6,13,34,34,57],[0, 1, 2, 5, 6, 7, 8, 10, 11, 12, 13, 14, 15, 17]]
[[4,6,13,34,34,57],[0, 3, 4, 5, 6, 10, 11, 13, 15, 16, 18, 19]]
[[4,6,13,34,34,57],[0, 2, 5, 6, 7, 11, 13, 14, 15, 16, 18, 19]]
[[4,6,13,34,34,57],[0, 2, 5, 6, 8, 11, 12, 14, 15, 18]]
[[4,6,13,34,34,57],[0, 3, 4, 5, 6, 7, 8, 9, 10, 11, 12, 14, 15, 18]]
[[4,6,13,34,34,57],[0, 1, 5, 6, 9, 10, 11, 14, 15, 16, 17, 18]]
[[4,6,13,34,34,57],[0, 1, 3, 4, 6, 7, 8, 11, 12, 14, 15, 16, 17, 18]]
[[4,6,13,34,34,57],[0, 2, 3, 4, 7, 13, 15, 17, 18, 19]]
[[4,6,13,34,34,57],[0, 1, 2, 3, 4, 5, 9, 10, 15, 17, 18, 19]]
[[4,6,13,34,34,57],[0, 1, 2, 5, 6, 10, 11, 14, 15, 17, 18, 19]]
[[4,6,13,34,34,57],[0, 3, 4, 8, 12, 14, 15, 17, 18, 19]]
[[4,6,13,34,34,57],[0, 1, 2, 3, 4, 5, 7, 8, 10, 12, 13, 14, 15, 17, 18, 19]]
[[4,6,13,34,34,57],[0, 1, 3, 4, 6, 7, 8, 9, 11, 12, 15, 17, 18, 19]]
[[4,6,13,18,39,69],[0, 5, 6, 9, 10, 13, 14, 17, 19]]
[[4,6,13,18,39,81],[0, 1, 2, 5, 7, 9, 10, 11, 13, 17, 19]]
[[4,6,13,18,34,75],[0, 2, 5, 6, 10, 12, 14, 17, 19]]
[[4,6,13,18,34,75],[0, 1, 2, 3, 5, 6, 10, 12, 14, 17, 19]]
[[4,6,13,18,39,93],[0, 1, 2, 3, 4, 6, 7, 9, 10, 12, 14, 17, 19]]
[[4,6,13,18,39,81],[0, 2, 3, 5, 8, 9, 10, 12, 13, 17, 19]]
[[4,6,13,18,39,93],[0, 2, 4, 6, 8, 9, 10, 12, 14, 17, 19]]
[[4,6,13,18,39,69],[0, 3, 5, 7, 8, 9, 10, 11, 12, 13, 14, 17, 19]]
[[4,6,13,18,29,81],[0, 1, 2, 5, 10, 13, 14, 16, 17]]
[[4,6,13,18,9,69],[0, 2, 3, 4, 5, 6, 7, 13, 14, 16, 17]]
[[4,6,13,18,34,75],[0, 1, 3, 5, 7, 9, 14, 16, 17]]
[[4,6,13,18,34,51],[0, 1, 2, 6, 7, 9, 14, 16, 17]]
[[4,6,13,18,34,75],[0, 1, 5, 8, 9, 10, 14, 16, 17]]
[[4,6,13,18,34,51],[0, 2, 6, 8, 9, 10, 14, 16, 17]]
[[4,6,13,18,39,93],[0, 1, 2, 4, 5, 6, 7, 8, 11, 13, 14, 16, 17]]
[[4,6,13,18,39,93],[0, 2, 4, 5, 6, 7, 8, 10, 12, 13, 14, 16, 17]]
[[4,6,13,18,24,81],[0, 1, 4, 5, 7, 9, 10, 12, 14, 16, 17]]
[[4,6,13,18,24,81],[0, 1, 4, 5, 8, 9, 10, 12, 14, 16, 17]]
[[4,6,13,18,29,69],[0, 2, 4, 5, 11, 12, 14, 16, 17]]
[[4,6,13,18,29,69],[0, 1, 2, 4, 5, 10, 11, 12, 14, 16, 17]]
[[4,6,13,18,29,81],[0, 2, 3, 5, 10, 11, 12, 13, 14, 16, 17]]
[[4,6,13,18,29,81],[0, 2, 3, 4, 5, 6, 11, 12, 14, 16, 17]]
[[4,6,13,18,29,81],[0, 1, 2, 3, 4, 5, 6, 10, 11, 12, 14, 16, 17]]
[[4,6,13,18,9,69],[0, 1, 2, 3, 4, 5, 7, 11, 12, 13, 14, 16, 17]]
[[4,6,13,18,29,69],[0, 2, 3, 5, 7, 8, 10, 13, 14, 18, 19]]
[[4,6,13,18,29,69],[0, 3, 5, 7, 8, 10, 13, 18, 19]]
[[4,6,13,18,24,81],[0, 1, 3, 4, 6, 9, 10, 18, 19]]
[[4,6,13,18,29,81],[0, 2, 3, 5, 7, 8, 9, 10, 13, 18, 19]]
[[4,6,13,18,29,81],[0, 3, 5, 7, 8, 9, 10, 13, 14, 18, 19]]
[[4,6,13,18,24,81],[0, 2, 4, 5, 6, 7, 8, 9, 10, 18, 19]]
[[4,6,13,18,9,69],[0, 2, 4, 5, 6, 10, 11, 13, 14, 18, 19]]
[[4,6,13,18,29,81],[0, 2, 6, 8, 10, 11, 13, 18, 19]]
[[4,6,13,18,39,93],[0, 1, 2, 3, 6, 7, 8, 10, 11, 18, 19]]
[[4,6,13,18,34,51],[0, 1, 2, 3, 6, 10, 12, 18, 19]]
[[4,6,13,18,34,51],[0, 2, 5, 6, 7, 8, 10, 12, 14, 18, 19]]
[[4,6,13,18,34,75],[0, 2, 5, 6, 9, 10, 12, 18, 19]]
[[4,6,13,18,34,75],[0, 1, 3, 5, 6, 7, 8, 9, 10, 12, 14, 18, 19]]
[[4,6,13,18,9,69],[0, 1, 3, 6, 8, 10, 11, 12, 14, 18, 19]]
[[4,6,13,18,29,81],[0, 1, 2, 3, 4, 5, 6, 9, 10, 11, 12, 18, 19]]
[[4,6,13,18,39,93],[0, 2, 4, 6, 7, 9, 10, 11, 12, 13, 14, 18, 19]]
[[4,6,13,18,39,93],[0, 1, 2, 4, 5, 6, 14, 16, 18]]
[[4,6,13,18,34,75],[0, 1, 3, 7, 14, 16, 18]]
[[4,6,13,18,34,75],[0, 1, 2, 3, 5, 7, 14, 16, 18]]
[[4,6,13,18,39,93],[0, 2, 3, 4, 5, 6, 7, 8, 14, 16, 18]]
[[4,6,13,18,39,69],[0, 2, 5, 7, 11, 13, 14, 16, 18]]
[[4,6,13,18,39,81],[0, 1, 4, 5, 7, 9, 10, 11, 14, 16, 18]]
[[4,6,13,18,39,69],[0, 4, 11, 12, 14, 16, 18]]
[[4,6,13,18,39,81],[0, 1, 2, 5, 10, 11, 12, 13, 14, 16, 18]]
[[4,6,13,18,39,81],[0, 2, 3, 5, 10, 13, 14, 17, 18]]
[[4,6,13,18,39,93],[0, 2, 4, 5, 6, 10, 14, 17, 18]]
[[4,6,13,18,34,75],[0, 1, 3, 6, 7, 10, 14, 17, 18]]
[[4,6,13,18,34,75],[0, 2, 5, 6, 7, 10, 14, 17, 18]]
[[4,6,13,18,39,93],[0, 1, 2, 3, 4, 5, 6, 7, 8, 10, 14, 17, 18]]
[[4,6,13,18,39,81],[0, 1, 4, 5, 8, 9, 10, 11, 14, 17, 18]]
[[4,6,13,18,39,69],[0, 1, 2, 3, 5, 6, 7, 10, 12, 13, 14, 17, 18]]
[[4,6,13,18,39,69],[0, 3, 4, 10, 11, 12, 14, 17, 18]]
[[4,6,13,18,24,81],[0, 1, 2, 4, 5, 9, 10, 16, 17, 18, 19]]
[[4,6,13,18,39,93],[0, 1, 2, 3, 4, 6, 8, 9, 10, 13, 14, 16, 17, 18, 19]]
[[4,6,13,18,24,81],[0, 1, 4, 7, 8, 9, 10, 16, 17, 18, 19]]
[[4,6,13,18,39,93],[0, 2, 3, 6, 7, 8, 11, 16, 17, 18, 19]]
[[4,6,13,18,34,51],[0, 2, 3, 6, 12, 16, 17, 18, 19]]
[[4,6,13,18,9,69],[0, 1, 2, 4, 5, 6, 12, 13, 14, 16, 17, 18, 19]]
[[4,6,13,18,29,81],[0, 1, 2, 8, 10, 12, 13, 16, 17, 18, 19]]
[[4,6,13,18,34,51],[0, 1, 2, 3, 5, 6, 7, 8, 10, 12, 14, 16, 17, 18, 19]]
[[4,6,13,18,34,75],[0, 1, 5, 9, 10, 12, 14, 16, 17, 18, 19]]
[[4,6,13,18,34,75],[0, 1, 2, 3, 5, 7, 8, 9, 12, 16, 17, 18, 19]]
[[4,6,13,18,9,69],[0, 1, 3, 8, 11, 12, 14, 16, 17, 18, 19]]
[[4,6,13,18,29,69],[0, 1, 2, 5, 7, 8, 10, 11, 12, 13, 14, 16, 17, 18, 19]]
[[4,6,13,18,29,69],[0, 5, 7, 8, 11, 12, 13, 16, 17, 18, 19]]
[[4,6,13,18,29,81],[0, 1, 2, 5, 6, 9, 11, 12, 13, 16, 17, 18, 19]]
[[4,6,13,18,29,81],[0, 5, 6, 9, 10, 11, 12, 13, 14, 16, 17, 18, 19]]
[[4,6,13,18,29,81],[0, 2, 3, 4, 5, 7, 8, 9, 10, 11, 12, 16, 17, 18, 19]]
[[4,6,13,18,34,93],[0, 3, 6, 10, 13, 14, 15, 16]]
[[4,6,13,18,39,69],[0, 2, 3, 4, 5, 6, 8, 10, 13, 14, 15, 16]]
[[4,6,13,18,34,93],[0, 1, 6, 7, 8, 10, 13, 14, 15, 16]]
[[4,6,13,18,34,93],[0, 2, 6, 9, 13, 14, 15, 16]]
[[4,6,13,18,39,69],[0, 2, 4, 6, 8, 9, 13, 14, 15, 16]]
[[4,6,13,18,34,75],[0, 2, 3, 6, 8, 9, 10, 14, 15, 16]]
[[4,6,13,18,34,75],[0, 5, 6, 8, 9, 14, 15, 16]]
[[4,6,13,18,34,93],[0, 1, 3, 5, 6, 7, 8, 9, 13, 14, 15, 16]]
[[4,6,13,18,34,93],[0, 3, 7, 12, 13, 14, 15, 16]]
[[4,6,13,18,39,57],[0, 2, 4, 5, 6, 7, 8, 12, 13, 14, 15, 16]]
[[4,6,13,18,34,93],[0, 1, 3, 5, 7, 9, 10, 12, 13, 14, 15, 16]]
[[4,6,13,18,29,69],[0, 2, 4, 6, 7, 9, 12, 14, 15, 16]]
[[4,6,13,18,29,69],[0, 3, 4, 5, 6, 7, 9, 10, 12, 14, 15, 16]]
[[4,6,13,18,39,57],[0, 3, 4, 5, 6, 7, 8, 9, 10, 12, 13, 14, 15, 16]]
[[4,6,13,18,29,57],[0, 1, 2, 3, 4, 5, 7, 10, 11, 12, 13, 14, 15, 16]]
[[4,6,13,18,29,57],[0, 2, 3, 9, 11, 12, 13, 14, 15, 16]]
[[4,6,13,18,34,93],[0, 1, 2, 3, 6, 13, 15, 19]]
[[4,6,13,18,39,69],[0, 2, 3, 4, 5, 6, 7, 10, 13, 14, 15, 19]]
[[4,6,13,18,34,93],[0, 2, 6, 7, 8, 13, 15, 19]]
[[4,6,13,18,34,93],[0, 1, 2, 6, 9, 10, 13, 14, 15, 19]]
[[4,6,13,18,39,69],[0, 2, 4, 5, 6, 7, 9, 13, 15, 19]]
[[4,6,13,18,34,75],[0, 5, 6, 7, 9, 14, 15, 19]]
[[4,6,13,18,34,75],[0, 2, 3, 5, 6, 7, 9, 10, 15, 19]]
[[4,6,13,18,34,93],[0, 3, 5, 6, 7, 8, 9, 10, 13, 14, 15, 19]]
[[4,6,13,18,29,57],[0, 2, 3, 5, 9, 11, 15, 19]]
[[4,6,13,18,29,57],[0, 1, 3, 4, 5, 7, 9, 10, 11, 14, 15, 19]]
[[4,6,13,18,39,57],[0, 3, 4, 5, 6, 10, 12, 13, 15, 19]]
[[4,6,13,18,34,93],[0, 1, 2, 3, 7, 10, 12, 13, 15, 19]]
[[4,6,13,18,39,57],[0, 2, 4, 6, 9, 12, 13, 14, 15, 19]]
[[4,6,13,18,34,93],[0, 3, 5, 7, 9, 12, 13, 14, 15, 19]]
[[4,6,13,18,29,69],[0, 2, 4, 5, 6, 8, 9, 12, 15, 19]]
[[4,6,13,18,29,69],[0, 3, 4, 5, 6, 8, 9, 10, 12, 14, 15, 19]]
[[4,6,13,18,29,69],[0, 2, 3, 4, 5, 6, 7, 10, 13, 14, 15, 16, 17, 19]]
[[4,6,13,18,34,75],[0, 1, 3, 5, 8, 10, 15, 16, 17, 19]]
[[4,6,13,18,34,75],[0, 2, 5, 6, 8, 14, 15, 16, 17, 19]]
[[4,6,13,18,39,69],[0, 4, 6, 9, 15, 16, 17, 19]]
[[4,6,13,18,34,93],[0, 1, 6, 9, 10, 13, 15, 16, 17, 19]]
[[4,6,13,18,34,93],[0, 6, 9, 13, 15, 16, 17, 19]]
[[4,6,13,18,34,75],[0, 3, 5, 7, 9, 14, 15, 16, 17, 19]]
[[4,6,13,18,39,57],[0, 2, 3, 4, 5, 6, 7, 8, 9, 10, 15, 16, 17, 19]]
[[4,6,13,18,39,69],[0, 1, 3, 6, 7, 11, 13, 14, 15, 16, 17, 19]]
[[4,6,13,18,29,69],[0, 1, 2, 3, 5, 6, 7, 11, 13, 14, 15, 16, 17, 19]]
[[4,6,13,18,29,57],[0, 1, 2, 4, 6, 7, 8, 10, 11, 13, 15, 16, 17, 19]]
[[4,6,13,18,29,69],[0, 1, 4, 5, 6, 7, 8, 10, 11, 13, 15, 16, 17, 19]]
[[4,6,13,18,39,57],[0, 1, 3, 4, 5, 9, 10, 11, 13, 14, 15, 16, 17, 19]]
[[4,6,13,18,39,57],[0, 1, 3, 5, 6, 9, 11, 14, 15, 16, 17, 19]]
[[4,6,13,18,29,57],[0, 3, 7, 9, 11, 13, 15, 16, 17, 19]]
[[4,6,13,18,29,57],[0, 1, 3, 6, 7, 9, 11, 13, 15, 16, 17, 19]]
[[4,6,13,18,39,69],[0, 1, 2, 4, 6, 7, 8, 9, 10, 11, 13, 14, 15, 16, 17, 19]]
[[4,6,13,18,34,75],[0, 2, 3, 5, 12, 14, 15, 16, 17, 19]]
[[4,6,13,18,34,75],[0, 3, 5, 6, 10, 12, 15, 16, 17, 19]]
[[4,6,13,18,34,93],[0, 1, 2, 3, 5, 6, 8, 12, 13, 14, 15, 16, 17, 19]]
[[4,6,13,18,34,93],[0, 2, 3, 5, 6, 8, 10, 12, 13, 14, 15, 16, 17, 19]]
[[4,6,13,18,39,57],[0, 4, 5, 6, 7, 9, 12, 14, 15, 16, 17, 19]]
[[4,6,13,18,39,69],[0, 3, 4, 5, 6, 8, 9, 10, 12, 14, 15, 16, 17, 19]]
[[4,6,13,18,34,75],[0, 1, 3, 7, 8, 9, 10, 12, 15, 16, 17, 19]]
[[4,6,13,18,29,69],[0, 4, 6, 7, 8, 9, 12, 13, 15, 16, 17, 19]]
[[4,6,13,18,39,69],[0, 1, 2, 3, 6, 11, 12, 13, 15, 16, 17, 19]]
[[4,6,13,18,29,57],[0, 1, 2, 3, 4, 5, 8, 10, 11, 12, 13, 14, 15, 16, 17, 19]]
[[4,6,13,18,29,57],[0, 1, 2, 4, 5, 6, 8, 10, 11, 12, 13, 14, 15, 16, 17, 19]]
[[4,6,13,18,39,57],[0, 2, 3, 7, 8, 11, 12, 13, 15, 16, 17, 19]]
[[4,6,13,18,29,57],[0, 1, 2, 3, 6, 9, 11, 12, 13, 14, 15, 16, 17, 19]]
[[4,6,13,18,29,69],[0, 1, 3, 5, 6, 9, 11, 12, 13, 14, 15, 16, 17, 19]]
[[4,6,13,18,29,69],[0, 1, 4, 6, 8, 9, 10, 11, 12, 13, 15, 16, 17, 19]]
[[4,6,13,18,39,69],[0, 1, 2, 4, 5, 6, 8, 9, 10, 11, 12, 13, 15, 16, 17, 19]]
[[4,6,13,18,39,57],[0, 1, 4, 6, 7, 8, 9, 10, 11, 12, 15, 16, 17, 19]]
[[4,6,13,18,34,75],[0, 1, 2, 3, 5, 6, 8, 14, 15, 17]]
[[4,6,13,18,29,57],[0, 4, 5, 6, 7, 8, 9, 14, 15, 17]]
[[4,6,13,18,39,57],[0, 1, 3, 6, 8, 11, 13, 14, 15, 17]]
[[4,6,13,18,39,69],[0, 1, 3, 4, 5, 8, 9, 10, 11, 14, 15, 17]]
[[4,6,13,18,29,69],[0, 3, 5, 8, 9, 11, 13, 14, 15, 17]]
[[4,6,13,18,34,75],[0, 1, 2, 5, 6, 10, 12, 14, 15, 17]]
[[4,6,13,18,29,57],[0, 3, 4, 5, 6, 7, 9, 10, 12, 14, 15, 17]]
[[4,6,13,18,29,69],[0, 1, 2, 3, 4, 5, 7, 10, 11, 12, 13, 14, 15, 17]]
[[4,6,13,18,39,69],[0, 3, 5, 7, 9, 11, 12, 14, 15, 17]]
[[4,6,13,18,39,57],[0, 1, 2, 4, 6, 7, 9, 10, 11, 12, 13, 14, 15, 17]]
[[4,6,13,18,34,93],[0, 2, 3, 13, 15, 16, 18, 19]]
[[4,6,13,18,34,93],[0, 1, 3, 10, 13, 14, 15, 16, 18, 19]]
[[4,6,13,18,29,57],[0, 2, 4, 6, 8, 13, 15, 16, 18, 19]]
[[4,6,13,18,29,57],[0, 2, 3, 4, 5, 6, 8, 10, 13, 14, 15, 16, 18, 19]]
[[4,6,13,18,39,57],[0, 3, 8, 11, 13, 14, 15, 16, 18, 19]]
[[4,6,13,18,29,69],[0, 2, 3, 7, 8, 11, 15, 16, 18, 19]]
[[4,6,13,18,39,57],[0, 1, 3, 4, 5, 7, 8, 10, 11, 13, 15, 16, 18, 19]]
[[4,6,13,18,29,69],[0, 1, 3, 4, 5, 8, 9, 10, 11, 14, 15, 16, 18, 19]]
[[4,6,13,18,34,75],[0, 1, 2, 3, 6, 12, 15, 16, 18, 19]]
[[4,6,13,18,34,75],[0, 1, 5, 6, 9, 10, 12, 14, 15, 16, 18, 19]]
[[4,6,13,18,39,69],[0, 2, 3, 11, 12, 13, 15, 16, 18, 19]]
[[4,6,13,18,39,69],[0, 1, 2, 3, 4, 5, 7, 10, 11, 12, 13, 14, 15, 16, 18, 19]]
[[4,6,13,18,34,93],[0, 1, 2, 3, 5, 10, 13, 14, 15, 18]]
[[4,6,13,18,34,93],[0, 2, 3, 5, 13, 14, 15, 18]]
[[4,6,13,18,29,57],[0, 2, 4, 5, 6, 7, 13, 14, 15, 18]]
[[4,6,13,18,29,57],[0, 2, 3, 4, 5, 6, 7, 10, 13, 14, 15, 18]]
[[4,6,13,18,39,69],[0, 2, 3, 5, 11, 14, 15, 18]]
[[4,6,13,18,39,69],[0, 1, 3, 4, 5, 7, 9, 10, 11, 14, 15, 18]]
[[4,6,13,18,34,75],[0, 1, 2, 5, 6, 7, 8, 10, 12, 14, 15, 18]]
[[4,6,13,18,34,75],[0, 1, 3, 5, 6, 7, 8, 9, 12, 14, 15, 18]]
[[4,6,13,18,29,69],[0, 1, 2, 3, 4, 5, 8, 10, 11, 12, 13, 14, 15, 18]]
[[4,6,13,18,39,57],[0, 1, 2, 3, 4, 5, 7, 8, 10, 11, 12, 14, 15, 18]]
[[4,6,13,18,29,69],[0, 2, 3, 5, 7, 8, 11, 12, 13, 14, 15, 18]]
[[4,6,13,18,39,57],[0, 3, 5, 8, 9, 11, 12, 14, 15, 18]]
[[4,6,13,18,29,57],[0, 4, 6, 14, 15, 16, 17, 18]]
[[4,6,13,18,34,75],[0, 1, 3, 6, 7, 14, 15, 16, 17, 18]]
[[4,6,13,18,39,69],[0, 3, 7, 11, 13, 14, 15, 16, 17, 18]]
[[4,6,13,18,29,69],[0, 1, 3, 4, 5, 7, 9, 10, 11, 14, 15, 16, 17, 18]]
[[4,6,13,18,39,57],[0, 1, 4, 5, 6, 8, 9, 10, 11, 14, 15, 16, 17, 18]]
[[4,6,13,18,29,57],[0, 3, 4, 5, 6, 8, 9, 10, 12, 14, 15, 16, 17, 18]]
[[4,6,13,18,34,75],[0, 1, 5, 6, 7, 8, 9, 10, 12, 14, 15, 16, 17, 18]]
[[4,6,13,18,39,57],[0, 1, 2, 3, 5, 6, 7, 11, 12, 14, 15, 16, 17, 18]]
[[4,6,13,18,29,69],[0, 3, 8, 11, 12, 14, 15, 16, 17, 18]]
[[4,6,13,18,39,69],[0, 1, 2, 3, 4, 5, 8, 10, 11, 12, 13, 14, 15, 16, 17, 18]]
[[4,6,13,18,39,57],[0, 2, 3, 4, 5, 6, 10, 14, 15, 17, 18, 19]]
[[4,6,13,18,34,75],[0, 3, 7, 14, 15, 17, 18, 19]]
[[4,6,13,18,34,75],[0, 2, 5, 6, 7, 14, 15, 17, 18, 19]]
[[4,6,13,18,29,69],[0, 2, 3, 4, 5, 6, 8, 10, 13, 14, 15, 17, 18, 19]]
[[4,6,13,18,34,93],[0, 1, 2, 6, 7, 8, 10, 13, 15, 17, 18, 19]]
[[4,6,13,18,34,93],[0, 6, 7, 8, 13, 14, 15, 17, 18, 19]]
[[4,6,13,18,39,69],[0, 4, 5, 6, 7, 8, 15, 17, 18, 19]]
[[4,6,13,18,34,75],[0, 1, 2, 3, 8, 9, 10, 14, 15, 17, 18, 19]]
[[4,6,13,18,39,57],[0, 1, 2, 4, 5, 6, 10, 11, 13, 14, 15, 17, 18, 19]]
[[4,6,13,18,29,57],[0, 1, 4, 6, 7, 10, 11, 14, 15, 17, 18, 19]]
[[4,6,13,18,39,57],[0, 2, 3, 5, 7, 8, 11, 14, 15, 17, 18, 19]]
[[4,6,13,18,29,69],[0, 1, 2, 3, 6, 7, 8, 11, 15, 17, 18, 19]]
[[4,6,13,18,29,57],[0, 1, 3, 5, 6, 7, 8, 11, 15, 17, 18, 19]]
[[4,6,13,18,39,69],[0, 1, 4, 6, 7, 9, 10, 11, 15, 17, 18, 19]]
[[4,6,13,18,29,69],[0, 1, 2, 4, 5, 6, 7, 9, 10, 11, 15, 17, 18, 19]]
[[4,6,13,18,29,57],[0, 1, 3, 4, 5, 8, 9, 10, 11, 14, 15, 17, 18, 19]]
[[4,6,13,18,39,69],[0, 1, 3, 5, 6, 7, 8, 9, 11, 14, 15, 17, 18, 19]]
[[4,6,13,18,34,75],[0, 2, 3, 12, 15, 17, 18, 19]]
[[4,6,13,18,29,69],[0, 4, 5, 6, 12, 13, 15, 17, 18, 19]]
[[4,6,13,18,34,93],[0, 2, 3, 6, 7, 10, 12, 13, 15, 17, 18, 19]]
[[4,6,13,18,34,93],[0, 1, 3, 6, 7, 12, 13, 14, 15, 17, 18, 19]]
[[4,6,13,18,39,69],[0, 3, 4, 5, 6, 7, 9, 10, 12, 14, 15, 17, 18, 19]]
[[4,6,13,18,39,57],[0, 4, 6, 8, 9, 12, 15, 17, 18, 19]]
[[4,6,13,18,34,75],[0, 1, 2, 3, 5, 7, 8, 9, 10, 12, 15, 17, 18, 19]]
[[4,6,13,18,34,75],[0, 3, 6, 7, 8, 9, 10, 12, 15, 17, 18, 19]]
[[4,6,13,18,39,69],[0, 1, 4, 5, 6, 10, 11, 12, 15, 17, 18, 19]]
[[4,6,13,18,29,57],[0, 3, 5, 7, 11, 12, 15, 17, 18, 19]]
[[4,6,13,18,29,69],[0, 1, 3, 6, 8, 11, 12, 14, 15, 17, 18, 19]]
[[4,6,13,18,39,69],[0, 1, 2, 3, 5, 6, 8, 11, 12, 14, 15, 17, 18, 19]]
[[4,6,13,18,39,57],[0, 1, 2, 3, 6, 7, 8, 11, 12, 13, 15, 17, 18, 19]]
[[4,6,13,18,39,57],[0, 1, 2, 3, 4, 5, 9, 10, 11, 12, 15, 17, 18, 19]]
[[4,6,13,18,29,69],[0, 1, 2, 4, 6, 9, 10, 11, 12, 14, 15, 17, 18, 19]]
[[4,6,13,18,29,57],[0, 1, 4, 5, 6, 9, 10, 11, 12, 14, 15, 17, 18, 19]]
[[4,6,13,18,29,57],[0, 1, 2, 3, 5, 6, 8, 9, 11, 12, 15, 17, 18, 19]]
[[4,6,13,10,34,111],[0, 3, 5, 7, 9, 10, 14, 16, 17]]
[[4,6,13,10,34,111],[0, 5, 8, 9, 14, 16, 17]]
[[4,6,13,10,24,69],[0, 1, 2, 6, 7, 8, 9, 13, 14, 16, 17]]
[[4,6,13,10,19,57],[0, 3, 4, 5, 9, 10, 11, 13, 14, 16, 17]]
[[4,6,13,10,19,57],[0, 3, 4, 5, 6, 7, 8, 9, 12, 13, 14, 16, 17]]
[[4,6,13,10,24,69],[0, 2, 9, 11, 12, 13, 14, 16, 17]]
[[4,6,13,10,29,57],[0, 3, 4, 5, 6, 9, 11, 12, 14, 16, 17]]
[[4,6,13,10,29,57],[0, 3, 4, 5, 7, 8, 9, 10, 11, 12, 14, 16, 17]]
[[4,6,13,10,29,57],[0, 1, 3, 5, 6, 10, 13, 18, 19]]
[[4,6,13,10,29,57],[0, 5, 6, 7, 8, 9, 10, 13, 14, 18, 19]]
[[4,6,13,10,24,69],[0, 1, 2, 5, 8, 10, 11, 13, 14, 18, 19]]
[[4,6,13,10,19,57],[0, 1, 2, 5, 7, 8, 10, 11, 14, 18, 19]]
[[4,6,13,10,34,111],[0, 5, 6, 9, 10, 12, 14, 18, 19]]
[[4,6,13,10,34,111],[0, 1, 2, 3, 5, 6, 7, 8, 9, 10, 12, 18, 19]]
[[4,6,13,10,19,57],[0, 1, 4, 5, 8, 10, 11, 12, 13, 18, 19]]
[[4,6,13,10,24,69],[0, 1, 2, 4, 5, 7, 8, 10, 11, 12, 14, 18, 19]]
[[4,6,13,10,19,57],[0, 1, 4, 5, 6, 8, 13, 16, 17, 18, 19]]
[[4,6,13,10,19,57],[0, 2, 3, 5, 7, 8, 10, 11, 14, 16, 17, 18, 19]]
[[4,6,13,10,24,69],[0, 2, 3, 5, 6, 8, 12, 13, 14, 16, 17, 18, 19]]
[[4,6,13,10,34,111],[0, 2, 5, 9, 12, 16, 17, 18, 19]]
[[4,6,13,10,34,111],[0, 3, 5, 7, 8, 9, 10, 12, 14, 16, 17, 18, 19]]
[[4,6,13,10,29,57],[0, 1, 5, 6, 11, 12, 13, 16, 17, 18, 19]]
[[4,6,13,10,24,69],[0, 2, 4, 5, 7, 8, 11, 12, 14, 16, 17, 18, 19]]
[[4,6,13,10,29,57],[0, 3, 5, 9, 10, 11, 12, 13, 14, 16, 17, 18, 19]]
[[4,6,13,38,24,51],[0, 1, 3, 6, 7, 8, 10, 13, 14, 16, 17]]
[[4,6,13,38,29,63],[0, 2, 4, 7, 8, 9, 11, 13, 14, 16, 17]]
[[4,6,13,38,29,63],[0, 1, 2, 3, 4, 6, 9, 10, 12, 13, 14, 16, 17]]
[[4,6,13,38,24,51],[0, 1, 3, 6, 7, 8, 10, 11, 12, 13, 14, 16, 17]]
[[4,6,13,38,29,63],[0, 1, 2, 10, 11, 18, 19]]
[[4,6,13,38,24,51],[0, 6, 7, 9, 10, 11, 13, 18, 19]]
[[4,6,13,38,29,63],[0, 1, 2, 4, 5, 7, 10, 11, 12, 13, 14, 18, 19]]
[[4,6,13,38,24,51],[0, 1, 2, 3, 4, 6, 7, 8, 10, 11, 12, 18, 19]]
[[4,6,13,38,29,63],[0, 2, 4, 5, 6, 7, 10, 13, 14, 16, 17, 18, 19]]
[[4,6,13,38,29,63],[0, 2, 11, 16, 17, 18, 19]]
[[4,6,13,38,24,51],[0, 6, 8, 9, 10, 12, 13, 16, 17, 18, 19]]
[[4,6,13,38,24,51],[0, 2, 4, 6, 7, 8, 10, 11, 12, 16, 17, 18, 19]]
[[4,6,13,6,24,87],[0, 4, 5, 8, 9, 13, 14, 16, 17]]
[[4,6,13,6,9,63],[0, 4, 7, 11, 14, 16, 17]]
[[4,6,13,6,9,63],[0, 3, 4, 6, 7, 11, 14, 16, 17]]
[[4,6,13,6,24,75],[0, 2, 4, 5, 7, 12, 14, 16, 17]]
[[4,6,13,6,24,75],[0, 1, 2, 4, 5, 6, 7, 12, 14, 16, 17]]
[[4,6,13,6,24,87],[0, 4, 5, 7, 9, 11, 12, 13, 14, 16, 17]]
[[4,6,13,6,24,75],[0, 3, 4, 7, 8, 10, 14, 18, 19]]
[[4,6,13,6,24,75],[0, 3, 4, 5, 7, 8, 9, 10, 14, 18, 19]]
[[4,6,13,6,24,87],[0, 3, 4, 10, 11, 13, 14, 18, 19]]
[[4,6,13,6,9,63],[0, 2, 3, 5, 7, 10, 12, 13, 14, 18, 19]]
[[4,6,13,6,9,63],[0, 3, 5, 7, 9, 10, 12, 13, 14, 18, 19]]
[[4,6,13,6,24,87],[0, 3, 5, 7, 9, 10, 11, 12, 14, 18, 19]]
[[4,6,13,6,24,75],[0, 4, 7, 8, 14, 16, 17, 18, 19]]
[[4,6,13,6,24,75],[0, 3, 4, 5, 6, 9, 14, 16, 17, 18, 19]]
[[4,6,13,6,9,63],[0, 1, 2, 5, 6, 7, 11, 13, 14, 16, 17, 18, 19]]
[[4,6,13,6,9,63],[0, 5, 8, 9, 11, 13, 14, 16, 17, 18, 19]]
[[4,6,13,6,24,87],[0, 4, 12, 13, 14, 16, 17, 18, 19]]
[[4,6,13,6,24,87],[0, 5, 8, 9, 11, 12, 14, 16, 17, 18, 19]]
[[4,6,13,6,14,75],[0, 1, 2, 3, 5, 6, 13, 14, 15, 16]]
[[4,6,13,6,19,75],[0, 1, 2, 3, 4, 5, 6, 7, 13, 14, 15, 16]]
[[4,6,13,6,14,75],[0, 1, 5, 6, 9, 10, 13, 14, 15, 16]]
[[4,6,13,6,19,75],[0, 1, 4, 5, 6, 7, 9, 10, 13, 14, 15, 16]]
[[4,6,13,6,19,75],[0, 1, 2, 3, 4, 5, 6, 11, 13, 14, 15, 16]]
[[4,6,13,6,24,99],[0, 1, 3, 4, 6, 8, 11, 14, 15, 16]]
[[4,6,13,6,24,99],[0, 2, 5, 6, 8, 11, 13, 14, 15, 16]]
[[4,6,13,6,24,99],[0, 3, 4, 6, 7, 8, 10, 11, 13, 14, 15, 16]]
[[4,6,13,6,24,99],[0, 1, 2, 5, 6, 7, 8, 10, 11, 14, 15, 16]]
[[4,6,13,6,19,75],[0, 1, 5, 6, 7, 9, 10, 11, 13, 14, 15, 16]]
[[4,6,13,6,34,87],[0, 1, 3, 4, 5, 8, 9, 10, 11, 14, 15, 16]]
[[4,6,13,6,24,99],[0, 5, 6, 8, 9, 11, 13, 14, 15, 16]]
[[4,6,13,6,34,87],[0, 2, 3, 7, 8, 9, 11, 14, 15, 16]]
[[4,6,13,6,24,99],[0, 2, 3, 4, 6, 7, 8, 9, 10, 11, 13, 14, 15, 16]]
[[4,6,13,6,24,51],[0, 2, 5, 6, 8, 11, 12, 14, 15, 16]]
[[4,6,13,6,24,51],[0, 2, 3, 4, 5, 6, 7, 8, 10, 11, 12, 14, 15, 16]]
[[4,6,13,6,19,75],[0, 1, 3, 4, 5, 6, 8, 13, 15, 19]]
[[4,6,13,6,14,75],[0, 1, 2, 5, 6, 7, 8, 10, 13, 14, 15, 19]]
[[4,6,13,6,19,75],[0, 1, 2, 4, 6, 8, 9, 10, 13, 14, 15, 19]]
[[4,6,13,6,14,75],[0, 1, 3, 6, 7, 8, 9, 13, 15, 19]]
[[4,6,13,6,24,51],[0, 2, 5, 6, 7, 11, 13, 14, 15, 19]]
[[4,6,13,6,24,51],[0, 2, 3, 4, 5, 6, 9, 10, 11, 13, 15, 19]]
[[4,6,13,6,24,99],[0, 2, 3, 4, 6, 10, 11, 12, 15, 19]]
[[4,6,13,6,24,99],[0, 1, 2, 3, 4, 6, 7, 11, 12, 13, 15, 19]]
[[4,6,13,6,24,99],[0, 2, 5, 6, 7, 11, 12, 14, 15, 19]]
[[4,6,13,6,34,87],[0, 1, 2, 3, 4, 5, 8, 10, 11, 12, 13, 14, 15, 19]]
[[4,6,13,6,24,99],[0, 3, 4, 6, 9, 10, 11, 12, 15, 19]]
[[4,6,13,6,24,99],[0, 1, 5, 6, 9, 10, 11, 12, 13, 14, 15, 19]]
[[4,6,13,6,24,99],[0, 5, 6, 7, 9, 11, 12, 14, 15, 19]]
[[4,6,13,6,19,75],[0, 1, 2, 5, 6, 8, 9, 10, 11, 12, 15, 19]]
[[4,6,13,6,34,87],[0, 2, 3, 5, 7, 8, 9, 11, 12, 13, 15, 19]]
[[4,6,13,6,19,75],[0, 1, 3, 4, 5, 6, 7, 8, 9, 11, 12, 14, 15, 19]]
[[4,6,13,6,24,51],[0, 1, 2, 3, 4, 5, 10, 14, 15, 16, 17, 19]]
[[4,6,13,6,14,75],[0, 1, 3, 5, 10, 13, 15, 16, 17, 19]]
[[4,6,13,6,14,75],[0, 2, 3, 6, 10, 13, 15, 16, 17, 19]]
[[4,6,13,6,24,51],[0, 3, 4, 7, 13, 14, 15, 16, 17, 19]]
[[4,6,13,6,24,99],[0, 3, 4, 7, 8, 14, 15, 16, 17, 19]]
[[4,6,13,6,19,75],[0, 1, 4, 6, 9, 10, 15, 16, 17, 19]]
[[4,6,13,6,19,75],[0, 1, 3, 4, 7, 9, 10, 13, 15, 16, 17, 19]]
[[4,6,13,6,24,99],[0, 1, 2, 3, 4, 8, 9, 10, 13, 14, 15, 16, 17, 19]]
[[4,6,13,6,14,75],[0, 3, 7, 8, 9, 13, 15, 16, 17, 19]]
[[4,6,13,6,19,75],[0, 2, 3, 4, 6, 10, 11, 13, 15, 16, 17, 19]]
[[4,6,13,6,24,51],[0, 1, 2, 5, 6, 10, 11, 14, 15, 16, 17, 19]]
[[4,6,13,6,19,75],[0, 2, 3, 6, 7, 10, 11, 13, 15, 16, 17, 19]]
[[4,6,13,6,19,75],[0, 3, 4, 6, 9, 10, 11, 13, 15, 16, 17, 19]]
[[4,6,13,6,34,87],[0, 1, 3, 4, 5, 7, 9, 10, 11, 14, 15, 16, 17, 19]]
[[4,6,13,6,34,87],[0, 1, 2, 3, 5, 6, 7, 9, 11, 13, 15, 16, 17, 19]]
[[4,6,13,6,19,75],[0, 2, 3, 4, 5, 8, 9, 11, 15, 16, 17, 19]]
[[4,6,13,6,34,87],[0, 1, 4, 5, 6, 7, 8, 9, 10, 11, 13, 14, 15, 16, 17, 19]]
[[4,6,13,6,24,99],[0, 2, 3, 4, 12, 13, 15, 16, 17, 19]]
[[4,6,13,6,24,99],[0, 1, 2, 3, 4, 7, 10, 12, 15, 16, 17, 19]]
[[4,6,13,6,14,75],[0, 1, 3, 7, 10, 12, 13, 14, 15, 16, 17, 19]]
[[4,6,13,6,24,51],[0, 2, 3, 4, 8, 12, 15, 16, 17, 19]]
[[4,6,13,6,19,75],[0, 2, 3, 4, 5, 7, 8, 12, 13, 14, 15, 16, 17, 19]]
[[4,6,13,6,14,75],[0, 2, 3, 8, 9, 12, 13, 14, 15, 16, 17, 19]]
[[4,6,13,6,19,75],[0, 1, 3, 4, 5, 6, 8, 9, 12, 14, 15, 16, 17, 19]]
[[4,6,13,6,14,75],[0, 5, 6, 8, 9, 12, 13, 14, 15, 16, 17, 19]]
[[4,6,13,6,24,51],[0, 1, 2, 3, 4, 5, 7, 8, 9, 10, 12, 13, 15, 16, 17, 19]]
[[4,6,13,6,34,87],[0, 1, 3, 5, 6, 11, 12, 13, 15, 16, 17, 19]]
[[4,6,13,6,34,87],[0, 1, 4, 6, 8, 10, 11, 12, 13, 14, 15, 16, 17, 19]]
[[4,6,13,6,24,51],[0, 1, 2, 3, 4, 6, 7, 8, 11, 12, 15, 16, 17, 19]]
[[4,6,13,6,19,75],[0, 2, 5, 6, 7, 8, 11, 12, 13, 14, 15, 16, 17, 19]]
[[4,6,13,6,19,75],[0, 1, 3, 5, 7, 9, 10, 11, 12, 14, 15, 16, 17, 19]]
[[4,6,13,6,34,87],[0, 3, 8, 9, 11, 12, 15, 16, 17, 19]]
[[4,6,13,6,19,75],[0, 4, 5, 6, 8, 9, 11, 12, 13, 14, 15, 16, 17, 19]]
[[4,6,13,6,19,75],[0, 5, 6, 7, 8, 9, 11, 12, 13, 14, 15, 16, 17, 19]]
[[4,6,13,6,14,75],[0, 1, 2, 5, 6, 10, 13, 14, 15, 17]]
[[4,6,13,6,34,87],[0, 2, 3, 4, 5, 6, 8, 10, 13, 14, 15, 17]]
[[4,6,13,6,19,75],[0, 3, 4, 5, 9, 14, 15, 17]]
[[4,6,13,6,24,51],[0, 1, 5, 6, 9, 10, 11, 14, 15, 17]]
[[4,6,13,6,19,75],[0, 2, 4, 6, 7, 8, 9, 11, 13, 14, 15, 17]]
[[4,6,13,6,34,87],[0, 4, 5, 6, 9, 12, 13, 14, 15, 17]]
[[4,6,13,6,19,75],[0, 1, 2, 3, 4, 8, 9, 10, 12, 14, 15, 17]]
[[4,6,13,6,14,75],[0, 1, 2, 3, 6, 8, 9, 12, 13, 14, 15, 17]]
[[4,6,13,6,19,75],[0, 3, 6, 10, 11, 12, 13, 14, 15, 17]]
[[4,6,13,6,24,51],[0, 1, 2, 3, 4, 6, 7, 8, 9, 11, 12, 14, 15, 17]]
[[4,6,13,6,34,87],[0, 2, 4, 6, 7, 12, 15, 16, 18, 19]]
[[4,6,13,6,14,75],[0, 2, 5, 6, 8, 12, 13, 14, 15, 16, 18, 19]]
[[4,6,13,6,14,75],[0, 3, 5, 6, 8, 10, 12, 13, 15, 16, 18, 19]]
[[4,6,13,6,34,87],[0, 3, 4, 5, 6, 7, 9, 10, 12, 14, 15, 16, 18, 19]]
[[4,6,13,6,19,75],[0, 1, 3, 10, 11, 12, 13, 14, 15, 16, 18, 19]]
[[4,6,13,6,24,99],[0, 1, 2, 5, 6, 10, 11, 12, 13, 14, 15, 16, 18, 19]]
[[4,6,13,6,19,75],[0, 3, 4, 5, 7, 11, 12, 13, 15, 16, 18, 19]]
[[4,6,13,6,24,99],[0, 1, 2, 3, 4, 6, 7, 11, 12, 13, 15, 16, 18, 19]]
[[4,6,13,6,19,75],[0, 1, 5, 6, 8, 10, 11, 12, 15, 16, 18, 19]]
[[4,6,13,6,24,51],[0, 3, 4, 5, 6, 7, 8, 10, 11, 12, 15, 16, 18, 19]]
[[4,6,13,6,24,51],[0, 5, 6, 8, 9, 11, 12, 14, 15, 16, 18, 19]]
[[4,6,13,6,19,75],[0, 1, 3, 4, 5, 6, 7, 8, 9, 11, 12, 14, 15, 16, 18, 19]]
[[4,6,13,6,19,75],[0, 1, 2, 3, 5, 10, 11, 14, 15, 18]]
[[4,6,13,6,19,75],[0, 1, 2, 3, 4, 5, 6, 11, 13, 14, 15, 18]]
[[4,6,13,6,19,75],[0, 1, 2, 5, 6, 7, 10, 11, 13, 14, 15, 18]]
[[4,6,13,6,24,99],[0, 1, 3, 4, 6, 8, 11, 14, 15, 18]]
[[4,6,13,6,24,51],[0, 3, 4, 5, 6, 9, 10, 11, 13, 14, 15, 18]]
[[4,6,13,6,19,75],[0, 3, 4, 5, 7, 9, 11, 14, 15, 18]]
[[4,6,13,6,24,51],[0, 5, 6, 7, 9, 11, 13, 14, 15, 18]]
[[4,6,13,6,24,99],[0, 1, 5, 6, 7, 8, 9, 10, 11, 14, 15, 18]]
[[4,6,13,6,14,75],[0, 3, 6, 7, 10, 12, 13, 14, 15, 18]]
[[4,6,13,6,14,75],[0, 2, 5, 6, 7, 12, 13, 14, 15, 18]]
[[4,6,13,6,34,87],[0, 2, 4, 5, 6, 8, 12, 14, 15, 18]]
[[4,6,13,6,34,87],[0, 3, 4, 5, 6, 8, 9, 10, 12, 14, 15, 18]]
[[4,6,13,6,34,87],[0, 2, 3, 4, 5, 6, 7, 10, 13, 14, 15, 16, 17, 18]]
[[4,6,13,6,19,75],[0, 3, 4, 5, 9, 14, 15, 16, 17, 18]]
[[4,6,13,6,14,75],[0, 1, 5, 6, 7, 8, 9, 10, 13, 14, 15, 16, 17, 18]]
[[4,6,13,6,24,51],[0, 1, 3, 4, 6, 11, 13, 14, 15, 16, 17, 18]]
[[4,6,13,6,19,75],[0, 3, 5, 6, 7, 8, 9, 10, 11, 14, 15, 16, 17, 18]]
[[4,6,13,6,19,75],[0, 1, 3, 4, 8, 10, 12, 14, 15, 16, 17, 18]]
[[4,6,13,6,34,87],[0, 4, 6, 7, 8, 12, 13, 14, 15, 16, 17, 18]]
[[4,6,13,6,14,75],[0, 1, 3, 5, 6, 7, 9, 12, 13, 14, 15, 16, 17, 18]]
[[4,6,13,6,19,75],[0, 2, 4, 5, 6, 11, 12, 14, 15, 16, 17, 18]]
[[4,6,13,6,24,51],[0, 1, 2, 5, 6, 7, 8, 10, 11, 12, 13, 14, 15, 16, 17, 18]]
[[4,6,13,6,14,75],[0, 1, 2, 3, 10, 13, 15, 17, 18, 19]]
[[4,6,13,6,24,51],[0, 1, 3, 4, 5, 10, 15, 17, 18, 19]]
[[4,6,13,6,19,75],[0, 1, 2, 3, 4, 7, 10, 13, 15, 17, 18, 19]]
[[4,6,13,6,24,99],[0, 1, 3, 4, 8, 10, 13, 14, 15, 17, 18, 19]]
[[4,6,13,6,24,99],[0, 3, 4, 7, 8, 14, 15, 17, 18, 19]]
[[4,6,13,6,19,75],[0, 1, 2, 4, 5, 6, 7, 8, 10, 14, 15, 17, 18, 19]]
[[4,6,13,6,24,51],[0, 3, 4, 7, 9, 13, 15, 17, 18, 19]]
[[4,6,13,6,14,75],[0, 3, 5, 7, 8, 9, 13, 14, 15, 17, 18, 19]]
[[4,6,13,6,14,75],[0, 2, 3, 5, 6, 7, 8, 9, 10, 13, 15, 17, 18, 19]]
[[4,6,13,6,19,75],[0, 5, 6, 11, 15, 17, 18, 19]]
[[4,6,13,6,19,75],[0, 1, 2, 3, 7, 10, 11, 13, 15, 17, 18, 19]]
[[4,6,13,6,34,87],[0, 1, 2, 4, 5, 6, 7, 10, 11, 14, 15, 17, 18, 19]]
[[4,6,13,6,34,87],[0, 3, 5, 8, 11, 13, 15, 17, 18, 19]]
[[4,6,13,6,24,51],[0, 1, 3, 4, 6, 9, 11, 13, 15, 17, 18, 19]]
[[4,6,13,6,19,75],[0, 2, 5, 6, 9, 11, 15, 17, 18, 19]]
[[4,6,13,6,19,75],[0, 4, 6, 7, 9, 11, 15, 17, 18, 19]]
[[4,6,13,6,34,87],[0, 1, 2, 3, 6, 7, 8, 9, 11, 14, 15, 17, 18, 19]]
[[4,6,13,6,24,99],[0, 2, 3, 4, 12, 13, 15, 17, 18, 19]]
[[4,6,13,6,14,75],[0, 2, 3, 5, 8, 12, 13, 14, 15, 17, 18, 19]]
[[4,6,13,6,19,75],[0, 2, 3, 4, 5, 7, 8, 12, 13, 14, 15, 17, 18, 19]]
[[4,6,13,6,24,99],[0, 1, 3, 4, 7, 9, 10, 12, 15, 17, 18, 19]]
[[4,6,13,6,14,75],[0, 1, 2, 3, 5, 7, 9, 10, 12, 13, 15, 17, 18, 19]]
[[4,6,13,6,19,75],[0, 1, 2, 3, 4, 5, 6, 7, 9, 12, 15, 17, 18, 19]]
[[4,6,13,6,14,75],[0, 5, 6, 7, 9, 12, 13, 14, 15, 17, 18, 19]]
[[4,6,13,6,24,51],[0, 2, 3, 4, 8, 9, 12, 14, 15, 17, 18, 19]]
[[4,6,13,6,24,51],[0, 1, 3, 4, 5, 7, 8, 9, 10, 12, 13, 14, 15, 17, 18, 19]]
[[4,6,13,6,34,87],[0, 1, 2, 4, 6, 10, 11, 12, 15, 17, 18, 19]]
[[4,6,13,6,34,87],[0, 1, 2, 3, 4, 5, 7, 10, 11, 12, 13, 14, 15, 17, 18, 19]]
[[4,6,13,6,19,75],[0, 2, 3, 4, 5, 8, 11, 12, 13, 14, 15, 17, 18, 19]]
[[4,6,13,6,19,75],[0, 2, 3, 5, 6, 8, 10, 11, 12, 14, 15, 17, 18, 19]]
[[4,6,13,6,19,75],[0, 3, 4, 6, 7, 8, 10, 11, 12, 14, 15, 17, 18, 19]]
[[4,6,13,6,34,87],[0, 1, 3, 6, 8, 9, 11, 12, 15, 17, 18, 19]]
[[4,6,13,6,19,75],[0, 2, 3, 4, 6, 7, 8, 9, 10, 11, 12, 14, 15, 17, 18, 19]]
[[4,6,13,6,24,51],[0, 1, 5, 6, 7, 8, 9, 10, 11, 12, 13, 14, 15, 17, 18, 19]]
[[4,6,7,34,9,69],[0, 1, 2, 4, 5, 8, 10, 13, 14, 16, 17]]
[[4,6,7,34,9,69],[0, 2, 4, 5, 6, 8, 10, 11, 12, 13, 14, 16, 17]]
[[4,6,7,34,9,69],[0, 1, 3, 4, 6, 7, 8, 9, 10, 11, 13, 18, 19]]
[[4,6,7,34,9,69],[0, 2, 5, 6, 7, 9, 10, 11, 12, 18, 19]]
[[4,6,7,34,9,69],[0, 1, 4, 9, 10, 12, 13, 16, 17, 18, 19]]
[[4,6,7,34,9,69],[0, 1, 2, 3, 5, 6, 8, 9, 10, 11, 12, 16, 17, 18, 19]]
[[4,6,7,22,64,75],[0, 1, 2, 4, 10, 11, 13, 17, 19]]
[[4,6,7,22,64,75],[0, 2, 3, 4, 10, 12, 13, 17, 19]]
[[4,6,7,22,44,87],[0, 2, 4, 6, 10, 11, 12, 17, 19]]
[[4,6,7,22,44,87],[0, 1, 2, 3, 4, 6, 10, 11, 12, 17, 19]]
[[4,6,7,22,4,63],[0, 6, 10, 13, 14, 16, 17]]
[[4,6,7,22,24,63],[0, 1, 3, 5, 6, 7, 8, 9, 10, 13, 14, 16, 17]]
[[4,6,7,22,24,87],[0, 1, 2, 4, 5, 7, 10, 11, 14, 16, 17]]
[[4,6,7,22,34,63],[0, 2, 3, 4, 5, 7, 10, 11, 14, 16, 17]]
[[4,6,7,22,24,87],[0, 2, 4, 5, 6, 7, 10, 11, 14, 16, 17]]
[[4,6,7,22,34,63],[0, 1, 2, 3, 4, 5, 6, 7, 10, 11, 14, 16, 17]]
[[4,6,7,22,24,87],[0, 2, 3, 4, 5, 8, 10, 12, 14, 16, 17]]
[[4,6,7,22,24,87],[0, 1, 2, 3, 4, 5, 6, 8, 10, 12, 14, 16, 17]]
[[4,6,7,22,34,39],[0, 2, 4, 6, 7, 9, 10, 12, 14, 16, 17]]
[[4,6,7,22,34,39],[0, 1, 2, 3, 4, 6, 8, 9, 10, 12, 14, 16, 17]]
[[4,6,7,22,4,63],[0, 6, 10, 11, 12, 13, 14, 16, 17]]
[[4,6,7,22,24,63],[0, 1, 5, 9, 10, 11, 12, 13, 14, 16, 17]]
[[4,6,7,22,24,87],[0, 1, 2, 4, 10, 18, 19]]
[[4,6,7,22,34,39],[0, 2, 4, 6, 10, 18, 19]]
[[4,6,7,22,34,39],[0, 1, 2, 3, 4, 6, 7, 8, 10, 18, 19]]
[[4,6,7,22,24,87],[0, 1, 2, 4, 5, 9, 10, 18, 19]]
[[4,6,7,22,24,63],[0, 3, 5, 8, 10, 11, 13, 18, 19]]
[[4,6,7,22,4,63],[0, 1, 3, 6, 8, 9, 10, 11, 13, 18, 19]]
[[4,6,7,22,34,63],[0, 1, 2, 7, 10, 12, 13, 18, 19]]
[[4,6,7,22,24,87],[0, 1, 5, 7, 10, 12, 13, 18, 19]]
[[4,6,7,22,24,87],[0, 1, 7, 9, 10, 12, 13, 18, 19]]
[[4,6,7,22,34,63],[0, 1, 2, 5, 7, 9, 10, 12, 13, 18, 19]]
[[4,6,7,22,4,63],[0, 2, 4, 6, 10, 11, 12, 18, 19]]
[[4,6,7,22,24,63],[0, 2, 3, 4, 7, 8, 10, 11, 12, 18, 19]]
[[4,6,7,22,44,87],[0, 1, 2, 7, 8, 9, 10, 13, 14, 16, 18]]
[[4,6,7,22,44,87],[0, 1, 5, 7, 8, 9, 10, 13, 14, 16, 18]]
[[4,6,7,22,64,75],[0, 1, 3, 5, 6, 9, 10, 11, 14, 16, 18]]
[[4,6,7,22,64,75],[0, 4, 6, 8, 10, 11, 12, 13, 14, 16, 18]]
[[4,6,7,22,64,75],[0, 3, 4, 8, 10, 13, 14, 17, 18]]
[[4,6,7,22,64,75],[0, 1, 5, 7, 8, 9, 10, 11, 14, 17, 18]]
[[4,6,7,22,44,87],[0, 2, 6, 9, 10, 11, 12, 13, 14, 17, 18]]
[[4,6,7,22,44,87],[0, 1, 3, 5, 6, 9, 10, 11, 12, 13, 14, 17, 18]]
[[4,6,7,22,24,87],[0, 2, 3, 4, 10, 16, 17, 18, 19]]
[[4,6,7,22,34,39],[0, 1, 2, 3, 4, 6, 10, 16, 17, 18, 19]]
[[4,6,7,22,34,39],[0, 2, 4, 6, 7, 8, 10, 16, 17, 18, 19]]
[[4,6,7,22,24,87],[0, 2, 4, 5, 6, 7, 8, 9, 10, 16, 17, 18, 19]]
[[4,6,7,22,34,63],[0, 2, 6, 7, 10, 11, 13, 16, 17, 18, 19]]
[[4,6,7,22,24,87],[0, 1, 3, 5, 6, 7, 10, 11, 13, 16, 17, 18, 19]]
[[4,6,7,22,24,87],[0, 1, 8, 9, 10, 11, 13, 16, 17, 18, 19]]
[[4,6,7,22,34,63],[0, 2, 3, 5, 8, 9, 10, 11, 13, 16, 17, 18, 19]]
[[4,6,7,22,24,63],[0, 5, 6, 8, 10, 12, 13, 16, 17, 18, 19]]
[[4,6,7,22,4,63],[0, 1, 3, 6, 7, 9, 10, 12, 13, 16, 17, 18, 19]]
[[4,6,7,22,4,63],[0, 1, 2, 3, 4, 6, 10, 11, 12, 16, 17, 18, 19]]
[[4,6,7,22,24,63],[0, 1, 2, 4, 7, 8, 10, 11, 12, 16, 17, 18, 19]]
[[4,6,7,18,19,57],[0, 2, 3, 7, 10, 11, 13, 17, 19]]
[[4,6,7,18,39,45],[0, 2, 6, 8, 10, 11, 13, 17, 19]]
[[4,6,7,18,19,57],[0, 1, 2, 3, 6, 7, 10, 12, 13, 17, 19]]
[[4,6,7,18,39,45],[0, 1, 2, 8, 10, 12, 13, 17, 19]]
[[4,6,7,18,29,45],[0, 6, 7, 10, 11, 13, 14, 16, 17]]
[[4,6,7,18,14,39],[0, 2, 5, 6, 10, 12, 14, 16, 17]]
[[4,6,7,18,14,39],[0, 1, 2, 3, 5, 6, 10, 12, 14, 16, 17]]
[[4,6,7,18,29,45],[0, 7, 12, 13, 14, 16, 17]]
[[4,6,7,18,14,39],[0, 2, 3, 7, 10, 18, 19]]
[[4,6,7,18,14,39],[0, 3, 5, 7, 10, 18, 19]]
[[4,6,7,18,29,45],[0, 1, 3, 4, 5, 6, 8, 9, 10, 11, 14, 18, 19]]
[[4,6,7,18,29,45],[0, 6, 9, 10, 11, 12, 13, 18, 19]]
[[4,6,7,18,19,57],[0, 1, 2, 3, 4, 5, 6, 8, 10, 11, 14, 16, 18]]
[[4,6,7,18,39,45],[0, 2, 4, 6, 7, 9, 10, 11, 14, 16, 18]]
[[4,6,7,18,19,57],[0, 6, 10, 11, 12, 13, 14, 16, 18]]
[[4,6,7,18,39,45],[0, 1, 3, 5, 6, 7, 8, 9, 10, 11, 12, 13, 14, 16, 18]]
[[4,6,7,18,19,57],[0, 6, 10, 13, 14, 17, 18]]
[[4,6,7,18,39,45],[0, 1, 5, 9, 10, 13, 14, 17, 18]]
[[4,6,7,18,19,57],[0, 2, 3, 4, 5, 8, 10, 11, 14, 17, 18]]
[[4,6,7,18,39,45],[0, 1, 2, 3, 4, 6, 8, 9, 10, 11, 14, 17, 18]]
[[4,6,7,18,14,39],[0, 1, 2, 3, 6, 7, 10, 16, 17, 18, 19]]
[[4,6,7,18,14,39],[0, 5, 6, 7, 10, 16, 17, 18, 19]]
[[4,6,7,18,29,45],[0, 7, 8, 9, 13, 16, 17, 18, 19]]
[[4,6,7,18,29,45],[0, 1, 3, 4, 5, 6, 7, 9, 10, 11, 14, 16, 17, 18, 19]]
[[4,6,7,26,9,57],[0, 2, 4, 6, 10, 11, 13, 16, 19]]
[[4,6,7,26,9,57],[0, 1, 2, 3, 4, 6, 7, 8, 10, 11, 13, 16, 19]]
[[4,6,7,26,9,57],[0, 1, 2, 3, 4, 6, 10, 12, 13, 16, 19]]
[[4,6,7,26,9,57],[0, 2, 4, 6, 7, 8, 10, 12, 13, 16, 19]]
[[4,6,7,26,9,57],[0, 2, 5, 6, 7, 9, 10, 11, 12, 16, 19]]
[[4,6,7,26,9,57],[0, 1, 2, 3, 5, 6, 8, 9, 10, 11, 12, 16, 19]]
[[4,6,7,26,44,111],[0, 6, 7, 9, 10, 17, 19]]
[[4,6,7,26,44,111],[0, 6, 8, 9, 10, 17, 19]]
[[4,6,7,26,44,93],[0, 1, 2, 3, 5, 6, 10, 13, 14, 16, 17]]
[[4,6,7,26,19,93],[0, 1, 5, 9, 10, 13, 14, 16, 17]]
[[4,6,7,26,9,33],[0, 1, 2, 8, 9, 10, 11, 13, 14, 16, 17]]
[[4,6,7,26,24,63],[0, 1, 5, 9, 10, 12, 14, 16, 17]]
[[4,6,7,26,9,33],[0, 2, 7, 9, 12, 13, 14, 16, 17]]
[[4,6,7,26,24,63],[0, 1, 3, 5, 6, 7, 8, 9, 10, 12, 14, 16, 17]]
[[4,6,7,26,44,93],[0, 2, 5, 6, 10, 11, 12, 13, 14, 16, 17]]
[[4,6,7,26,19,93],[0, 1, 3, 5, 6, 7, 8, 9, 10, 11, 12, 13, 14, 16, 17]]
[[4,6,7,26,24,63],[0, 1, 3, 5, 6, 8, 10, 18, 19]]
[[4,6,7,26,24,63],[0, 6, 7, 9, 10, 18, 19]]
[[4,6,7,26,19,93],[0, 1, 7, 9, 10, 11, 13, 18, 19]]
[[4,6,7,26,9,33],[0, 1, 4, 5, 8, 9, 10, 11, 14, 18, 19]]
[[4,6,7,26,44,93],[0, 6, 8, 9, 10, 11, 13, 18, 19]]
[[4,6,7,26,44,93],[0, 1, 3, 4, 5, 6, 10, 11, 12, 18, 19]]
[[4,6,7,26,9,33],[0, 1, 2, 7, 8, 10, 11, 12, 13, 18, 19]]
[[4,6,7,26,19,93],[0, 1, 2, 4, 5, 9, 10, 11, 12, 18, 19]]
[[4,6,7,26,44,111],[0, 1, 3, 6, 10, 12, 14, 16, 18]]
[[4,6,7,26,44,111],[0, 2, 5, 6, 7, 8, 10, 12, 14, 16, 18]]
[[4,6,7,26,44,111],[0, 1, 3, 6, 10, 12, 14, 17, 18]]
[[4,6,7,26,44,111],[0, 1, 2, 3, 5, 6, 7, 8, 10, 12, 14, 17, 18]]
[[4,6,7,26,24,63],[0, 1, 5, 8, 10, 16, 17, 18, 19]]
[[4,6,7,26,9,33],[0, 2, 7, 8, 13, 16, 17, 18, 19]]
[[4,6,7,26,24,63],[0, 6, 8, 9, 10, 16, 17, 18, 19]]
[[4,6,7,26,9,33],[0, 1, 4, 5, 7, 9, 10, 11, 14, 16, 17, 18, 19]]
[[4,6,7,26,44,93],[0, 6, 7, 9, 10, 12, 13, 16, 17, 18, 19]]
[[4,6,7,26,19,93],[0, 1, 8, 9, 10, 12, 13, 16, 17, 18, 19]]
[[4,6,7,26,44,93],[0, 1, 3, 4, 5, 6, 10, 11, 12, 16, 17, 18, 19]]
[[4,6,7,26,19,93],[0, 2, 4, 5, 6, 7, 8, 9, 10, 11, 12, 16, 17, 18, 19]]
[[4,6,7,30,24,75],[0, 2, 6, 7, 10, 11, 13, 16, 19]]
[[4,6,7,30,24,75],[0, 1, 3, 5, 6, 7, 10, 11, 13, 16, 19]]
[[4,6,7,30,24,75],[0, 1, 2, 7, 10, 12, 13, 16, 19]]
[[4,6,7,30,24,75],[0, 1, 5, 7, 10, 12, 13, 16, 19]]
[[4,6,7,30,24,75],[0, 2, 4, 6, 7, 8, 10, 11, 12, 16, 19]]
[[4,6,7,30,24,75],[0, 1, 2, 3, 4, 6, 7, 8, 10, 11, 12, 16, 19]]
[[4,6,7,30,19,75],[0, 1, 4, 7, 8, 9, 10, 11, 13, 17, 19]]
[[4,6,7,30,19,75],[0, 1, 3, 4, 6, 9, 10, 12, 13, 17, 19]]
[[4,6,7,30,24,63],[0, 2, 4, 9, 14, 16, 17]]
[[4,6,7,30,24,63],[0, 1, 2, 3, 4, 6, 7, 8, 9, 10, 14, 16, 17]]
[[4,6,7,30,24,63],[0, 1, 2, 4, 5, 10, 11, 13, 14, 16, 17]]
[[4,6,7,30,24,63],[0, 2, 4, 5, 12, 13, 14, 16, 17]]
[[4,6,7,30,24,63],[0, 2, 6, 9, 10, 11, 14, 18, 19]]
[[4,6,7,30,24,63],[0, 1, 2, 3, 4, 6, 8, 10, 12, 18, 19]]
[[4,6,7,30,24,63],[0, 4, 5, 6, 7, 9, 10, 12, 14, 18, 19]]
[[4,6,7,30,24,63],[0, 1, 2, 3, 4, 6, 8, 10, 11, 12, 13, 18, 19]]
[[4,6,7,30,19,75],[0, 1, 10, 11, 14, 16, 18]]
[[4,6,7,30,19,75],[0, 1, 2, 4, 5, 7, 10, 11, 12, 13, 14, 16, 18]]
[[4,6,7,30,19,75],[0, 2, 4, 5, 6, 7, 10, 13, 14, 17, 18]]
[[4,6,7,30,19,75],[0, 1, 10, 11, 14, 17, 18]]
[[4,6,7,30,24,63],[0, 2, 4, 8, 13, 16, 17, 18, 19]]
[[4,6,7,30,24,63],[0, 1, 2, 7, 8, 9, 10, 11, 14, 16, 17, 18, 19]]
[[4,6,7,30,24,63],[0, 2, 4, 8, 12, 16, 17, 18, 19]]
[[4,6,7,30,24,63],[0, 4, 5, 6, 8, 9, 10, 12, 14, 16, 17, 18, 19]]
[[4,6,7,14,24,75],[0, 1, 2, 4, 5, 7, 10, 12, 14, 16, 19]]
[[4,6,7,14,24,75],[0, 2, 4, 5, 6, 7, 10, 12, 14, 16, 19]]
[[4,6,7,14,24,75],[0, 2, 4, 8, 12, 16, 19]]
[[4,6,7,14,24,75],[0, 1, 2, 3, 4, 6, 8, 10, 12, 16, 19]]
[[4,6,7,14,24,75],[0, 1, 2, 4, 5, 7, 9, 10, 12, 16, 19]]
[[4,6,7,14,24,75],[0, 2, 4, 5, 8, 9, 12, 16, 19]]
[[4,6,7,14,19,63],[0, 1, 4, 5, 8, 9, 10, 13, 14, 16, 17]]
[[4,6,7,14,24,63],[0, 3, 4, 7, 8, 10, 11, 13, 14, 16, 17]]
[[4,6,7,14,24,63],[0, 4, 7, 8, 12, 13, 14, 16, 17]]
[[4,6,7,14,24,63],[0, 4, 11, 12, 14, 16, 17]]
[[4,6,7,14,24,63],[0, 3, 4, 10, 11, 12, 14, 16, 17]]
[[4,6,7,14,19,63],[0, 1, 4, 5, 7, 9, 10, 11, 12, 13, 14, 16, 17]]
[[4,6,7,14,14,87],[0, 1, 5, 7, 9, 10, 11, 12, 14, 16, 17]]
[[4,6,7,14,14,87],[0, 1, 3, 5, 8, 9, 11, 12, 14, 16, 17]]
[[4,6,7,14,14,87],[0, 2, 4, 6, 7, 10, 13, 18, 19]]
[[4,6,7,14,14,87],[0, 1, 3, 4, 6, 8, 10, 13, 14, 18, 19]]
[[4,6,7,14,24,63],[0, 1, 2, 7, 8, 10, 13, 18, 19]]
[[4,6,7,14,24,63],[0, 1, 2, 5, 7, 8, 10, 13, 14, 18, 19]]
[[4,6,7,14,19,63],[0, 2, 3, 4, 10, 11, 13, 18, 19]]
[[4,6,7,14,24,63],[0, 5, 6, 7, 8, 9, 10, 11, 14, 18, 19]]
[[4,6,7,14,24,63],[0, 1, 2, 3, 4, 6, 7, 10, 11, 12, 13, 18, 19]]
[[4,6,7,14,19,63],[0, 2, 3, 5, 7, 9, 10, 11, 12, 18, 19]]
[[4,6,7,14,24,63],[0, 2, 4, 7, 13, 16, 17, 18, 19]]
[[4,6,7,14,24,63],[0, 3, 5, 9, 10, 11, 14, 16, 17, 18, 19]]
[[4,6,7,14,19,63],[0, 1, 2, 4, 10, 12, 13, 16, 17, 18, 19]]
[[4,6,7,14,14,87],[0, 1, 2, 3, 4, 7, 11, 12, 13, 16, 17, 18, 19]]
[[4,6,7,14,14,87],[0, 1, 4, 8, 10, 11, 12, 13, 14, 16, 17, 18, 19]]
[[4,6,7,14,24,63],[0, 2, 7, 8, 11, 12, 13, 16, 17, 18, 19]]
[[4,6,7,14,24,63],[0, 2, 3, 5, 7, 8, 10, 11, 12, 13, 14, 16, 17, 18, 19]]
[[4,6,7,14,19,63],[0, 1, 2, 5, 8, 9, 10, 11, 12, 16, 17, 18, 19]]
[[4,6,4,26,29,72],[0, 1, 7, 8, 10, 13, 14, 16, 17]]
[[4,6,4,26,29,72],[0, 1, 7, 8, 10, 11, 12, 13, 14, 16, 17]]
[[4,6,4,26,29,72],[0, 2, 6, 7, 10, 11, 13, 18, 19]]
[[4,6,4,26,29,72],[0, 1, 3, 4, 6, 7, 8, 9, 10, 11, 12, 18, 19]]
[[4,6,4,26,29,72],[0, 1, 2, 7, 10, 12, 13, 16, 17, 18, 19]]
[[4,6,4,26,29,72],[0, 1, 4, 9, 10, 11, 12, 16, 17, 18, 19]]
[[4,6,4,14,24,54],[0, 4, 6, 8, 10, 13, 14, 16, 17]]
[[4,6,4,14,24,54],[0, 3, 4, 8, 10, 11, 12, 13, 14, 16, 17]]
[[4,6,4,14,24,54],[0, 2, 4, 6, 7, 8, 10, 11, 13, 18, 19]]
[[4,6,4,14,24,54],[0, 1, 2, 3, 6, 7, 10, 11, 12, 18, 19]]
[[4,6,4,14,24,54],[0, 1, 2, 3, 4, 6, 7, 8, 10, 12, 13, 16, 17, 18, 19]]
[[4,6,4,14,24,54],[0, 2, 3, 7, 10, 11, 12, 16, 17, 18, 19]]
[[4,14,16,22,19,62],[0, 3, 4, 5, 9, 10, 11, 13, 14, 16, 19]]
[[4,14,16,22,19,62],[0, 1, 3, 4, 7, 8, 9, 11, 13, 16, 19]]
[[4,14,16,22,19,62],[0, 1, 4, 6, 9, 12, 13, 16, 19]]
[[4,14,16,22,19,62],[0, 3, 4, 5, 6, 7, 8, 9, 12, 13, 14, 16, 19]]
[[4,14,16,22,19,62],[0, 2, 3, 7, 9, 10, 11, 12, 14, 16, 19]]
[[4,14,16,22,19,62],[0, 1, 2, 3, 8, 9, 11, 12, 14, 16, 19]]
[[4,14,16,18,29,68],[0, 1, 2, 7, 8, 9, 11, 14, 15, 16, 17, 19]]
[[4,14,16,18,29,68],[0, 7, 8, 9, 10, 11, 15, 16, 17, 19]]
[[4,14,16,18,29,68],[0, 1, 2, 4, 9, 11, 12, 14, 15, 16, 17, 19]]
[[4,14,16,18,29,68],[0, 4, 9, 10, 11, 12, 15, 16, 17, 19]]
[[4,14,16,18,29,68],[0, 2, 4, 5, 8, 10, 11, 14, 15, 16, 18, 19]]
[[4,14,16,18,29,68],[0, 1, 7, 8, 9, 11, 15, 16, 18, 19]]
[[4,14,16,18,29,68],[0, 2, 4, 5, 7, 10, 12, 14, 15, 16, 18, 19]]
[[4,14,16,18,29,68],[0, 1, 4, 7, 9, 12, 15, 16, 18, 19]]
[[4,14,16,18,29,68],[0, 1, 2, 4, 7, 8, 9, 12, 13, 14, 15, 16, 18, 19]]
[[4,14,16,18,29,68],[0, 4, 7, 8, 9, 10, 12, 13, 15, 16, 18, 19]]
[[4,14,16,18,29,68],[0, 1, 4, 8, 9, 11, 12, 13, 15, 16, 18, 19]]
[[4,14,16,18,29,68],[0, 2, 7, 8, 9, 10, 11, 12, 13, 14, 15, 16, 18, 19]]
[[4,14,16,18,29,68],[0, 1, 2, 4, 5, 8, 11, 14, 15, 18]]
[[4,14,16,18,29,68],[0, 2, 7, 8, 9, 10, 11, 14, 15, 18]]
[[4,14,16,18,29,68],[0, 1, 2, 4, 5, 7, 12, 14, 15, 18]]
[[4,14,16,18,29,68],[0, 2, 4, 7, 9, 10, 12, 14, 15, 18]]
[[4,14,16,18,29,68],[0, 1, 4, 5, 7, 8, 9, 12, 13, 14, 15, 18]]
[[4,14,16,18,29,68],[0, 4, 5, 7, 8, 9, 10, 12, 13, 14, 15, 18]]
[[4,14,16,18,29,68],[0, 2, 4, 8, 9, 10, 11, 12, 13, 14, 15, 18]]
[[4,14,16,18,29,68],[0, 1, 2, 7, 8, 9, 11, 12, 13, 14, 15, 18]]
[[4,14,16,18,29,68],[0, 1, 4, 5, 9, 11, 13, 14, 15, 17, 18, 19]]
[[4,14,16,18,29,68],[0, 4, 5, 9, 10, 11, 13, 14, 15, 17, 18, 19]]
[[4,14,16,18,29,68],[0, 1, 7, 8, 9, 11, 12, 13, 15, 17, 18, 19]]
[[4,14,16,18,29,68],[0, 7, 8, 9, 10, 11, 12, 13, 15, 17, 18, 19]]
[[4,14,10,30,39,50],[0, 1, 2, 3, 6, 9, 10, 13, 14, 16, 19]]
[[4,14,10,30,14,74],[0, 4, 8, 9, 13, 16, 19]]
[[4,14,10,30,39,50],[0, 6, 7, 8, 9, 10, 13, 16, 19]]
[[4,14,10,30,14,74],[0, 3, 10, 11, 14, 16, 19]]
[[4,14,10,30,39,50],[0, 4, 7, 9, 11, 16, 19]]
[[4,14,10,30,39,50],[0, 3, 4, 8, 9, 10, 11, 16, 19]]
[[4,14,10,30,39,50],[0, 9, 11, 12, 13, 16, 19]]
[[4,14,10,30,14,74],[0, 3, 4, 7, 9, 10, 11, 12, 13, 16, 19]]
[[4,14,10,30,39,50],[0, 2, 3, 7, 8, 9, 10, 11, 12, 13, 14, 16, 19]]
[[4,14,7,30,29,59],[0, 1, 3, 6, 9, 10, 13, 16, 19]]
[[4,14,7,30,29,59],[0, 2, 6, 7, 8, 9, 10, 13, 14, 16, 19]]
[[4,14,7,30,24,59],[0, 1, 3, 4, 5, 9, 11, 13, 14, 16, 19]]
[[4,14,7,30,29,59],[0, 1, 4, 7, 9, 10, 11, 16, 19]]
[[4,14,7,30,29,59],[0, 1, 3, 4, 8, 9, 11, 16, 19]]
[[4,14,7,30,24,59],[0, 1, 2, 3, 4, 7, 8, 9, 11, 13, 14, 16, 19]]
[[4,14,7,30,24,59],[0, 2, 4, 6, 9, 10, 12, 13, 14, 16, 19]]
[[4,14,7,30,24,59],[0, 1, 3, 4, 5, 6, 7, 8, 9, 10, 12, 13, 14, 16, 19]]
[[4,14,7,30,29,59],[0, 1, 2, 9, 10, 11, 12, 13, 14, 16, 19]]
[[4,14,7,30,24,59],[0, 1, 3, 7, 9, 11, 12, 16, 19]]
[[4,14,7,30,24,59],[0, 1, 3, 8, 9, 11, 12, 16, 19]]
[[4,14,7,30,29,59],[0, 1, 3, 7, 8, 9, 11, 12, 13, 16, 19]]
[[4,14,7,26,29,89],[0, 2, 3, 9, 10, 13, 14, 16, 17]]
[[4,14,7,26,29,89],[0, 1, 2, 3, 6, 7, 8, 9, 10, 11, 12, 13, 14, 16, 17]]
[[4,14,7,26,29,89],[0, 3, 7, 9, 10, 11, 13, 18, 19]]
[[4,14,7,26,29,89],[0, 3, 4, 9, 10, 11, 12, 18, 19]]
[[4,14,7,26,29,89],[0, 3, 8, 9, 10, 12, 13, 16, 17, 18, 19]]
[[4,14,7,26,29,89],[0, 4, 6, 7, 8, 9, 10, 11, 12, 16, 17, 18, 19]]
[[4,14,4,30,34,62],[0, 1, 2, 4, 8, 9, 10, 13, 14, 16, 19]]
[[4,14,4,30,34,62],[0, 1, 4, 8, 9, 10, 13, 16, 19]]
[[4,14,4,30,34,62],[0, 2, 3, 10, 11, 16, 19]]
[[4,14,4,30,34,62],[0, 1, 2, 3, 11, 16, 19]]
[[4,14,4,30,34,62],[0, 2, 3, 4, 7, 9, 10, 11, 12, 13, 14, 16, 19]]
[[4,14,4,30,34,62],[0, 1, 3, 4, 7, 9, 11, 12, 13, 16, 19]]
[[4,16,13,20,29,61],[0, 2, 3, 8, 9, 10, 11, 13, 14, 16, 19]]
[[4,16,13,20,29,61],[0, 1, 3, 8, 9, 11, 13, 16, 19]]
[[4,16,13,20,29,61],[0, 1, 2, 3, 7, 9, 12, 13, 14, 16, 19]]
[[4,16,13,20,29,61],[0, 1, 3, 7, 9, 12, 13, 16, 19]]
[[4,16,13,20,29,61],[0, 2, 3, 4, 5, 7, 8, 10, 11, 12, 14, 16, 19]]
[[4,16,13,20,29,61],[0, 1, 2, 3, 4, 5, 7, 8, 11, 12, 14, 16, 19]]
[[4,16,4,24,34,76],[0, 3, 8, 9, 10, 11, 13, 16, 19]]
[[4,16,4,24,34,76],[0, 3, 7, 9, 10, 12, 13, 16, 19]]
[[4,16,4,24,34,76],[0, 3, 4, 5, 7, 8, 10, 11, 12, 16, 19]]
[[4,4,7,24,34,49],[0, 2, 4, 6, 7, 8, 10, 17, 19]]
[[4,4,7,24,34,49],[0, 1, 2, 3, 4, 6, 7, 8, 10, 17, 19]]
[[4,4,7,24,24,49],[0, 1, 2, 3, 5, 6, 7, 8, 10, 13, 14, 16, 17]]
[[4,4,7,24,24,49],[0, 2, 5, 6, 7, 8, 10, 11, 12, 13, 14, 16, 17]]
[[4,4,7,24,24,49],[0, 1, 2, 3, 5, 6, 7, 9, 10, 11, 13, 18, 19]]
[[4,4,7,24,24,49],[0, 2, 4, 6, 7, 8, 10, 11, 12, 18, 19]]
[[4,4,7,24,34,49],[0, 1, 4, 8, 10, 12, 14, 16, 18]]
[[4,4,7,24,34,49],[0, 1, 2, 4, 5, 8, 10, 12, 14, 16, 18]]
[[4,4,7,24,34,49],[0, 1, 3, 4, 6, 8, 10, 12, 14, 17, 18]]
[[4,4,7,24,34,49],[0, 2, 4, 5, 6, 8, 10, 12, 14, 17, 18]]
[[4,4,7,24,24,49],[0, 2, 5, 6, 8, 9, 10, 12, 13, 16, 17, 18, 19]]
[[4,4,7,24,24,49],[0, 1, 2, 3, 4, 6, 7, 8, 10, 11, 12, 16, 17, 18, 19]]
[[4,4,7,20,19,37],[0, 1, 2, 8, 10, 11, 13, 17, 19]]
[[4,4,7,20,19,37],[0, 2, 6, 8, 10, 12, 13, 17, 19]]
[[4,4,7,20,19,37],[0, 1, 5, 9, 10, 11, 14, 16, 17]]
[[4,4,7,20,19,37],[0, 1, 3, 5, 6, 7, 8, 9, 10, 11, 14, 16, 17]]
[[4,4,7,20,19,49],[0, 1, 3, 4, 5, 6, 7, 9, 10, 12, 14, 16, 17]]
[[4,4,7,20,19,49],[0, 1, 3, 4, 5, 6, 8, 9, 10, 12, 14, 16, 17]]
[[4,4,7,20,19,49],[0, 1, 2, 3, 4, 6, 10, 18, 19]]
[[4,4,7,20,19,49],[0, 4, 5, 6, 7, 8, 10, 18, 19]]
[[4,4,7,20,19,37],[0, 1, 2, 3, 4, 6, 7, 8, 10, 12, 13, 18, 19]]
[[4,4,7,20,19,37],[0, 2, 4, 5, 6, 9, 10, 12, 13, 18, 19]]
[[4,4,7,20,19,37],[0, 2, 4, 5, 6, 7, 10, 11, 14, 16, 18]]
[[4,4,7,20,19,37],[0, 1, 3, 6, 7, 8, 10, 11, 12, 13, 14, 16, 18]]
[[4,4,7,20,19,37],[0, 1, 3, 6, 7, 8, 10, 13, 14, 17, 18]]
[[4,4,7,20,19,37],[0, 1, 2, 4, 5, 7, 10, 11, 14, 17, 18]]
[[4,4,7,20,19,49],[0, 2, 4, 6, 10, 16, 17, 18, 19]]
[[4,4,7,20,19,49],[0, 4, 5, 6, 7, 8, 10, 16, 17, 18, 19]]
[[4,4,7,20,19,37],[0, 2, 4, 6, 7, 8, 10, 11, 13, 16, 17, 18, 19]]
[[4,4,7,20,19,37],[0, 1, 2, 4, 5, 7, 8, 9, 10, 11, 13, 16, 17, 18, 19]]
[[4,4,7,28,19,61],[0, 2, 5, 8, 11, 13, 14, 16, 17]]
[[4,4,7,28,19,61],[0, 1, 2, 3, 5, 6, 8, 10, 12, 13, 14, 16, 17]]
[[4,4,7,28,19,61],[0, 1, 2, 3, 4, 6, 7, 10, 11, 18, 19]]
[[4,4,7,28,19,61],[0, 6, 7, 8, 10, 11, 12, 13, 14, 18, 19]]
[[4,4,7,28,19,61],[0, 6, 7, 8, 10, 13, 14, 16, 17, 18, 19]]
[[4,4,7,28,19,61],[0, 2, 4, 7, 11, 16, 17, 18, 19]]
[[4,4,7,32,24,85],[0, 1, 2, 3, 4, 6, 7, 8, 10, 11, 13, 17, 19]]
[[4,4,7,32,24,85],[0, 2, 4, 6, 7, 8, 10, 12, 13, 17, 19]]
[[4,4,7,32,34,85],[0, 1, 3, 4, 6, 7, 10, 13, 14, 16, 17]]
[[4,4,7,32,34,85],[0, 1, 4, 7, 10, 11, 12, 13, 14, 16, 17]]
[[4,4,7,32,34,85],[0, 1, 2, 3, 4, 6, 10, 11, 13, 18, 19]]
[[4,4,7,32,34,85],[0, 2, 6, 8, 10, 11, 12, 18, 19]]
[[4,4,7,32,24,85],[0, 6, 7, 8, 10, 11, 14, 16, 18]]
[[4,4,7,32,24,85],[0, 1, 3, 4, 5, 6, 7, 9, 10, 11, 12, 13, 14, 16, 18]]
[[4,4,7,32,24,85],[0, 1, 3, 4, 5, 6, 8, 9, 10, 13, 14, 17, 18]]
[[4,4,7,32,24,85],[0, 6, 7, 8, 10, 11, 14, 17, 18]]
[[4,4,7,32,34,85],[0, 2, 4, 6, 10, 12, 13, 16, 17, 18, 19]]
[[4,4,7,32,34,85],[0, 1, 2, 8, 10, 11, 12, 16, 17, 18, 19]]
[[4,4,19,28,44,61],[0, 1, 10, 13, 14, 17, 19]]
[[4,4,19,28,44,61],[0, 1, 10, 11, 12, 13, 14, 17, 19]]
[[4,4,19,28,49,61],[0, 1, 3, 5, 6, 7, 9, 10, 11, 13, 14, 16, 17]]
[[4,4,19,28,49,61],[0, 1, 5, 6, 8, 9, 12, 13, 14, 16, 17]]
[[4,4,19,28,49,73],[0, 1, 2, 5, 8, 10, 11, 12, 14, 16, 17]]
[[4,4,19,28,49,73],[0, 2, 3, 5, 6, 8, 11, 12, 14, 16, 17]]
[[4,4,19,28,49,73],[0, 1, 4, 5, 8, 10, 13, 18, 19]]
[[4,4,19,28,49,73],[0, 1, 4, 5, 8, 9, 10, 13, 14, 18, 19]]
[[4,4,19,28,49,61],[0, 1, 2, 4, 5, 7, 10, 11, 14, 18, 19]]
[[4,4,19,28,49,61],[0, 1, 2, 5, 9, 10, 11, 12, 13, 18, 19]]
[[4,4,19,28,44,61],[0, 2, 3, 5, 6, 8, 11, 13, 14, 16, 18]]
[[4,4,19,28,44,61],[0, 1, 4, 5, 6, 9, 11, 12, 14, 16, 18]]
[[4,4,19,28,44,61],[0, 1, 2, 5, 8, 10, 12, 13, 14, 17, 18]]
[[4,4,19,28,44,61],[0, 1, 4, 5, 7, 8, 9, 10, 11, 12, 14, 17, 18]]
[[4,4,19,28,49,61],[0, 2, 3, 5, 6, 7, 8, 9, 13, 16, 17, 18, 19]]
[[4,4,19,28,49,61],[0, 2, 4, 5, 6, 7, 10, 11, 14, 16, 17, 18, 19]]
[[4,4,19,28,49,73],[0, 1, 4, 5, 6, 8, 11, 12, 13, 16, 17, 18, 19]]
[[4,4,19,28,49,73],[0, 1, 4, 5, 7, 9, 10, 11, 12, 13, 14, 16, 17, 18, 19]]
[[4,4,19,8,44,85],[0, 2, 4, 5, 6, 7, 13, 14, 15, 16]]
[[4,4,19,8,34,61],[0, 4, 5, 6, 9, 14, 15, 16]]
[[4,4,19,8,34,61],[0, 3, 4, 5, 6, 9, 10, 14, 15, 16]]
[[4,4,19,8,44,85],[0, 3, 4, 5, 6, 7, 9, 10, 13, 14, 15, 16]]
[[4,4,19,8,34,61],[0, 1, 2, 3, 4, 5, 10, 11, 13, 14, 15, 16]]
[[4,4,19,8,34,61],[0, 3, 5, 7, 9, 11, 13, 14, 15, 16]]
[[4,4,19,8,44,85],[0, 3, 11, 12, 13, 14, 15, 16]]
[[4,4,19,8,44,85],[0, 1, 3, 4, 5, 7, 9, 10, 11, 12, 13, 14, 15, 16]]
[[4,4,19,8,44,85],[0, 2, 4, 6, 8, 13, 15, 19]]
[[4,4,19,8,34,61],[0, 4, 6, 7, 8, 14, 15, 19]]
[[4,4,19,8,34,61],[0, 3, 4, 5, 6, 7, 8, 10, 15, 19]]
[[4,4,19,8,44,85],[0, 3, 4, 5, 6, 8, 9, 10, 13, 14, 15, 19]]
[[4,4,19,8,44,85],[0, 3, 5, 11, 15, 19]]
[[4,4,19,8,44,85],[0, 1, 2, 3, 4, 5, 7, 10, 11, 14, 15, 19]]
[[4,4,19,8,34,61],[0, 1, 3, 4, 5, 10, 11, 12, 15, 19]]
[[4,4,19,8,34,61],[0, 3, 7, 11, 12, 14, 15, 19]]
[[4,4,19,8,34,61],[0, 2, 4, 5, 6, 8, 13, 14, 15, 16, 17, 19]]
[[4,4,19,8,34,61],[0, 1, 2, 4, 6, 10, 11, 13, 15, 16, 17, 19]]
[[4,4,19,8,44,85],[0, 2, 3, 7, 11, 13, 15, 16, 17, 19]]
[[4,4,19,8,44,85],[0, 1, 4, 6, 7, 10, 11, 14, 15, 16, 17, 19]]
[[4,4,19,8,34,61],[0, 1, 2, 3, 4, 5, 7, 8, 9, 10, 11, 13, 15, 16, 17, 19]]
[[4,4,19,8,44,85],[0, 1, 2, 3, 5, 6, 7, 8, 9, 11, 15, 16, 17, 19]]
[[4,4,19,8,34,61],[0, 2, 3, 4, 5, 6, 9, 10, 12, 13, 15, 16, 17, 19]]
[[4,4,19,8,34,61],[0, 2, 3, 5, 11, 12, 13, 14, 15, 16, 17, 19]]
[[4,4,19,8,44,85],[0, 1, 3, 5, 6, 8, 11, 12, 15, 16, 17, 19]]
[[4,4,19,8,44,85],[0, 1, 4, 5, 6, 9, 10, 11, 12, 14, 15, 16, 17, 19]]
[[4,4,19,8,44,85],[0, 1, 3, 4, 5, 8, 9, 10, 11, 12, 13, 14, 15, 16, 17, 19]]
[[4,4,19,8,34,61],[0, 1, 3, 5, 6, 7, 8, 9, 11, 12, 13, 14, 15, 16, 17, 19]]
[[4,4,19,8,44,85],[0, 4, 6, 14, 15, 17]]
[[4,4,19,8,34,61],[0, 1, 4, 6, 8, 10, 11, 14, 15, 17]]
[[4,4,19,8,44,85],[0, 2, 3, 4, 5, 6, 8, 10, 12, 14, 15, 17]]
[[4,4,19,8,34,61],[0, 1, 3, 6, 7, 11, 12, 14, 15, 17]]
[[4,4,19,8,44,85],[0, 4, 5, 6, 7, 8, 9, 14, 15, 16, 17, 18]]
[[4,4,19,8,34,61],[0, 1, 2, 3, 5, 6, 8, 11, 13, 14, 15, 16, 17, 18]]
[[4,4,19,8,44,85],[0, 2, 3, 4, 5, 6, 7, 10, 12, 14, 15, 16, 17, 18]]
[[4,4,19,8,34,61],[0, 1, 2, 4, 5, 6, 7, 10, 11, 12, 13, 14, 15, 16, 17, 18]]
[[4,4,19,8,34,61],[0, 2, 4, 6, 7, 13, 15, 17, 18, 19]]
[[4,4,19,8,34,61],[0, 2, 3, 11, 15, 17, 18, 19]]
[[4,4,19,8,34,61],[0, 1, 2, 3, 6, 11, 15, 17, 18, 19]]
[[4,4,19,8,44,85],[0, 1, 2, 3, 6, 7, 11, 13, 15, 17, 18, 19]]
[[4,4,19,8,44,85],[0, 1, 2, 3, 4, 5, 8, 10, 11, 14, 15, 17, 18, 19]]
[[4,4,19,8,44,85],[0, 1, 2, 4, 6, 7, 8, 10, 11, 13, 15, 17, 18, 19]]
[[4,4,19,8,34,61],[0, 2, 3, 4, 5, 6, 7, 8, 10, 12, 13, 14, 15, 17, 18, 19]]
[[4,4,19,8,44,85],[0, 1, 3, 6, 11, 12, 13, 14, 15, 17, 18, 19]]
[[4,4,19,8,44,85],[0, 1, 2, 4, 5, 6, 8, 10, 11, 12, 13, 14, 15, 17, 18, 19]]
[[4,4,19,8,44,85],[0, 2, 3, 5, 7, 9, 11, 12, 15, 17, 18, 19]]
[[4,4,19,8,34,61],[0, 1, 3, 4, 5, 7, 8, 9, 10, 11, 12, 14, 15, 17, 18, 19]]
[[4,4,19,8,34,61],[0, 1, 4, 5, 6, 7, 8, 9, 10, 11, 12, 14, 15, 17, 18, 19]]
[[4,4,19,24,44,61],[0, 1, 2, 4, 5, 6, 7, 13, 14, 16, 17]]
[[4,4,19,24,44,61],[0, 2, 4, 5, 7, 11, 12, 13, 14, 16, 17]]
[[4,4,19,24,44,61],[0, 1, 4, 5, 9, 10, 11, 12, 14, 16, 17]]
[[4,4,19,24,44,61],[0, 1, 4, 5, 6, 7, 8, 9, 11, 12, 14, 16, 17]]
[[4,4,19,24,44,61],[0, 5, 6, 7, 8, 10, 13, 18, 19]]
[[4,4,19,24,44,61],[0, 1, 3, 5, 6, 9, 10, 13, 14, 18, 19]]
[[4,4,19,24,44,61],[0, 4, 6, 10, 11, 13, 14, 18, 19]]
[[4,4,19,24,44,61],[0, 1, 2, 3, 5, 6, 8, 10, 11, 12, 14, 18, 19]]
[[4,4,19,24,44,61],[0, 3, 4, 6, 12, 13, 14, 16, 17, 18, 19]]
[[4,4,19,24,44,61],[0, 2, 5, 8, 11, 12, 14, 16, 17, 18, 19]]
[[4,4,19,24,44,61],[0, 3, 5, 6, 7, 8, 11, 12, 13, 16, 17, 18, 19]]
[[4,4,19,24,44,61],[0, 1, 5, 7, 8, 9, 10, 11, 12, 13, 14, 16, 17, 18, 19]]
[[4,4,19,20,34,61],[0, 4, 5, 6, 7, 9, 10, 12, 14, 17, 19]]
[[4,4,19,20,34,61],[0, 4, 5, 6, 8, 9, 10, 12, 14, 17, 19]]
[[4,4,19,20,39,55],[0, 1, 5, 6, 7, 9, 14, 16, 17]]
[[4,4,19,20,39,55],[0, 1, 3, 5, 6, 8, 9, 10, 14, 16, 17]]
[[4,4,19,20,44,73],[0, 1, 2, 3, 4, 5, 6, 7, 8, 10, 11, 13, 14, 16, 17]]
[[4,4,19,20,44,73],[0, 2, 3, 4, 5, 6, 7, 8, 12, 13, 14, 16, 17]]
[[4,4,19,20,44,73],[0, 1, 2, 3, 5, 6, 7, 8, 10, 11, 14, 18, 19]]
[[4,4,19,20,39,55],[0, 5, 6, 10, 12, 18, 19]]
[[4,4,19,20,39,55],[0, 1, 2, 3, 5, 6, 7, 8, 10, 12, 14, 18, 19]]
[[4,4,19,20,44,73],[0, 2, 4, 5, 6, 7, 9, 10, 11, 12, 13, 18, 19]]
[[4,4,19,20,34,61],[0, 2, 3, 4, 5, 6, 14, 16, 18]]
[[4,4,19,20,34,61],[0, 1, 4, 6, 7, 8, 14, 16, 18]]
[[4,4,19,20,34,61],[0, 1, 2, 3, 4, 5, 6, 10, 14, 17, 18]]
[[4,4,19,20,34,61],[0, 1, 3, 4, 6, 7, 8, 10, 14, 17, 18]]
[[4,4,19,20,44,73],[0, 1, 2, 4, 5, 6, 8, 9, 13, 16, 17, 18, 19]]
[[4,4,19,20,44,73],[0, 2, 5, 6, 7, 8, 10, 11, 14, 16, 17, 18, 19]]
[[4,4,19,20,39,55],[0, 3, 5, 6, 12, 16, 17, 18, 19]]
[[4,4,19,20,39,55],[0, 2, 5, 6, 7, 8, 10, 12, 14, 16, 17, 18, 19]]
[[4,4,19,16,34,61],[0, 5, 6, 7, 9, 10, 11, 12, 14, 16, 17]]
[[4,4,19,16,34,61],[0, 3, 5, 6, 8, 9, 11, 12, 14, 16, 17]]
[[4,4,19,16,34,61],[0, 2, 4, 5, 6, 7, 9, 10, 13, 18, 19]]
[[4,4,19,16,34,61],[0, 1, 3, 4, 5, 6, 8, 9, 10, 13, 14, 18, 19]]
[[4,4,19,16,34,61],[0, 1, 3, 4, 5, 6, 7, 9, 10, 11, 12, 13, 14, 16, 17, 18, 19]]
[[4,4,19,16,34,61],[0, 1, 2, 4, 5, 6, 8, 9, 11, 12, 13, 16, 17, 18, 19]]
[[4,4,19,16,44,85],[0, 1, 2, 3, 5, 6, 7, 11, 13, 14, 15, 16]]
[[4,4,19,16,44,85],[0, 1, 4, 5, 6, 9, 10, 11, 13, 14, 15, 16]]
[[4,4,19,16,44,85],[0, 3, 4, 6, 7, 10, 12, 14, 15, 16]]
[[4,4,19,16,44,85],[0, 2, 4, 5, 6, 7, 12, 14, 15, 16]]
[[4,4,19,16,44,85],[0, 1, 4, 6, 7, 10, 11, 12, 13, 14, 15, 16]]
[[4,4,19,16,44,85],[0, 3, 8, 11, 12, 14, 15, 16]]
[[4,4,19,16,54,85],[0, 2, 3, 4, 5, 6, 8, 10, 11, 12, 13, 14, 15, 16]]
[[4,4,19,16,44,85],[0, 1, 3, 4, 7, 8, 10, 11, 12, 14, 15, 16]]
[[4,4,19,16,54,85],[0, 2, 5, 6, 7, 8, 11, 12, 13, 14, 15, 16]]
[[4,4,19,16,44,85],[0, 1, 3, 5, 6, 9, 11, 12, 13, 14, 15, 16]]
[[4,4,19,16,54,85],[0, 3, 4, 5, 6, 8, 9, 10, 11, 12, 13, 14, 15, 16]]
[[4,4,19,16,54,85],[0, 5, 6, 7, 8, 9, 11, 12, 13, 14, 15, 16]]
[[4,4,19,16,54,85],[0, 5, 6, 11, 15, 19]]
[[4,4,19,16,54,85],[0, 2, 3, 4, 5, 6, 7, 10, 11, 14, 15, 19]]
[[4,4,19,16,44,85],[0, 1, 2, 4, 5, 6, 8, 10, 11, 14, 15, 19]]
[[4,4,19,16,44,85],[0, 1, 2, 3, 4, 7, 8, 10, 11, 13, 15, 19]]
[[4,4,19,16,44,85],[0, 1, 2, 3, 6, 7, 8, 11, 15, 19]]
[[4,4,19,16,54,85],[0, 2, 5, 6, 9, 11, 15, 19]]
[[4,4,19,16,54,85],[0, 3, 4, 5, 6, 7, 9, 10, 11, 14, 15, 19]]
[[4,4,19,16,44,85],[0, 3, 5, 8, 9, 11, 13, 14, 15, 19]]
[[4,4,19,16,44,85],[0, 2, 4, 6, 8, 12, 15, 19]]
[[4,4,19,16,44,85],[0, 3, 4, 6, 8, 10, 12, 14, 15, 19]]
[[4,4,19,16,44,85],[0, 1, 3, 6, 8, 11, 12, 14, 15, 19]]
[[4,4,19,16,44,85],[0, 1, 2, 4, 6, 7, 8, 10, 11, 12, 15, 19]]
[[4,4,19,16,44,85],[0, 2, 3, 4, 6, 7, 10, 13, 15, 16, 17, 19]]
[[4,4,19,16,34,61],[0, 1, 2, 3, 4, 5, 8, 10, 13, 14, 15, 16, 17, 19]]
[[4,4,19,16,34,61],[0, 3, 4, 5, 7, 8, 15, 16, 17, 19]]
[[4,4,19,16,54,85],[0, 1, 3, 4, 5, 7, 9, 10, 13, 14, 15, 16, 17, 19]]
[[4,4,19,16,44,73],[0, 1, 3, 4, 5, 8, 9, 10, 13, 14, 15, 16, 17, 19]]
[[4,4,19,16,44,73],[0, 2, 3, 4, 5, 7, 8, 9, 15, 16, 17, 19]]
[[4,4,19,16,54,85],[0, 1, 3, 4, 6, 7, 11, 14, 15, 16, 17, 19]]
[[4,4,19,16,44,85],[0, 2, 3, 7, 8, 11, 15, 16, 17, 19]]
[[4,4,19,16,44,73],[0, 1, 3, 4, 5, 6, 7, 8, 11, 13, 15, 16, 17, 19]]
[[4,4,19,16,34,61],[0, 1, 2, 5, 6, 7, 8, 10, 11, 14, 15, 16, 17, 19]]
[[4,4,19,16,54,85],[0, 1, 5, 6, 7, 9, 10, 11, 13, 14, 15, 16, 17, 19]]
[[4,4,19,16,34,61],[0, 1, 2, 3, 4, 5, 6, 7, 8, 9, 11, 13, 15, 16, 17, 19]]
[[4,4,19,16,44,73],[0, 1, 5, 6, 7, 8, 9, 10, 11, 14, 15, 16, 17, 19]]
[[4,4,19,16,44,73],[0, 3, 4, 5, 12, 13, 15, 16, 17, 19]]
[[4,4,19,16,34,61],[0, 1, 2, 3, 4, 5, 7, 10, 12, 14, 15, 16, 17, 19]]
[[4,4,19,16,54,85],[0, 2, 3, 4, 7, 8, 12, 13, 15, 16, 17, 19]]
[[4,4,19,16,34,61],[0, 2, 3, 4, 5, 9, 12, 13, 15, 16, 17, 19]]
[[4,4,19,16,44,73],[0, 1, 3, 4, 5, 7, 9, 10, 12, 14, 15, 16, 17, 19]]
[[4,4,19,16,44,85],[0, 4, 5, 6, 7, 8, 9, 12, 13, 14, 15, 16, 17, 19]]
[[4,4,19,16,44,85],[0, 1, 3, 4, 10, 11, 12, 14, 15, 16, 17, 19]]
[[4,4,19,16,34,61],[0, 1, 3, 4, 5, 6, 11, 12, 15, 16, 17, 19]]
[[4,4,19,16,34,61],[0, 1, 2, 5, 6, 10, 11, 12, 13, 14, 15, 16, 17, 19]]
[[4,4,19,16,54,85],[0, 1, 2, 3, 4, 6, 8, 11, 12, 13, 15, 16, 17, 19]]
[[4,4,19,16,54,85],[0, 1, 5, 6, 8, 10, 11, 12, 15, 16, 17, 19]]
[[4,4,19,16,44,73],[0, 1, 2, 3, 4, 5, 6, 9, 11, 12, 15, 16, 17, 19]]
[[4,4,19,16,44,73],[0, 1, 5, 6, 9, 10, 11, 12, 13, 14, 15, 16, 17, 19]]
[[4,4,19,16,54,85],[0, 3, 4, 14, 15, 17]]
[[4,4,19,16,34,61],[0, 2, 3, 4, 5, 6, 8, 10, 11, 14, 15, 17]]
[[4,4,19,16,44,73],[0, 2, 5, 6, 8, 11, 13, 14, 15, 17]]
[[4,4,19,16,34,61],[0, 3, 4, 5, 6, 8, 9, 10, 11, 14, 15, 17]]
[[4,4,19,16,44,73],[0, 5, 6, 8, 9, 11, 13, 14, 15, 17]]
[[4,4,19,16,54,85],[0, 1, 2, 3, 4, 5, 8, 10, 12, 14, 15, 17]]
[[4,4,19,16,44,73],[0, 2, 3, 4, 5, 6, 7, 10, 11, 12, 13, 14, 15, 17]]
[[4,4,19,16,34,61],[0, 2, 5, 6, 7, 11, 12, 14, 15, 17]]
[[4,4,19,16,44,73],[0, 3, 4, 5, 6, 7, 9, 10, 11, 12, 13, 14, 15, 17]]
[[4,4,19,16,34,61],[0, 5, 6, 7, 9, 11, 12, 14, 15, 17]]
[[4,4,19,16,54,85],[0, 3, 4, 14, 15, 16, 17, 18]]
[[4,4,19,16,44,73],[0, 2, 3, 4, 5, 6, 8, 10, 11, 14, 15, 16, 17, 18]]
[[4,4,19,16,34,61],[0, 2, 5, 6, 8, 11, 13, 14, 15, 16, 17, 18]]
[[4,4,19,16,44,73],[0, 3, 4, 5, 6, 8, 9, 10, 11, 14, 15, 16, 17, 18]]
[[4,4,19,16,34,61],[0, 5, 6, 8, 9, 11, 13, 14, 15, 16, 17, 18]]
[[4,4,19,16,54,85],[0, 1, 3, 4, 5, 8, 9, 10, 12, 14, 15, 16, 17, 18]]
[[4,4,19,16,34,61],[0, 2, 3, 4, 5, 6, 7, 10, 11, 12, 13, 14, 15, 16, 17, 18]]
[[4,4,19,16,44,73],[0, 2, 5, 6, 7, 11, 12, 14, 15, 16, 17, 18]]
[[4,4,19,16,34,61],[0, 3, 4, 5, 6, 7, 9, 10, 11, 12, 13, 14, 15, 16, 17, 18]]
[[4,4,19,16,44,73],[0, 5, 6, 7, 9, 11, 12, 14, 15, 16, 17, 18]]
[[4,4,19,16,54,85],[0, 1, 2, 3, 4, 5, 7, 10, 13, 14, 15, 17, 18, 19]]
[[4,4,19,16,44,73],[0, 1, 2, 3, 4, 5, 8, 10, 13, 14, 15, 17, 18, 19]]
[[4,4,19,16,44,85],[0, 2, 3, 4, 6, 8, 10, 13, 15, 17, 18, 19]]
[[4,4,19,16,34,61],[0, 3, 4, 5, 7, 8, 15, 17, 18, 19]]
[[4,4,19,16,34,61],[0, 1, 3, 4, 5, 8, 9, 10, 13, 14, 15, 17, 18, 19]]
[[4,4,19,16,44,73],[0, 2, 3, 4, 5, 7, 8, 9, 15, 17, 18, 19]]
[[4,4,19,16,44,85],[0, 1, 2, 3, 4, 10, 11, 13, 15, 17, 18, 19]]
[[4,4,19,16,54,85],[0, 1, 3, 4, 6, 7, 11, 14, 15, 17, 18, 19]]
[[4,4,19,16,54,85],[0, 1, 2, 5, 6, 7, 10, 11, 13, 14, 15, 17, 18, 19]]
[[4,4,19,16,44,73],[0, 1, 3, 4, 5, 6, 7, 8, 11, 13, 15, 17, 18, 19]]
[[4,4,19,16,44,73],[0, 1, 2, 5, 6, 7, 8, 10, 11, 14, 15, 17, 18, 19]]
[[4,4,19,16,34,61],[0, 1, 2, 3, 4, 5, 6, 7, 8, 9, 11, 13, 15, 17, 18, 19]]
[[4,4,19,16,34,61],[0, 1, 5, 6, 7, 8, 9, 10, 11, 14, 15, 17, 18, 19]]
[[4,4,19,16,44,73],[0, 3, 4, 5, 12, 13, 15, 17, 18, 19]]
[[4,4,19,16,44,85],[0, 4, 6, 12, 13, 14, 15, 17, 18, 19]]
[[4,4,19,16,44,73],[0, 1, 2, 3, 4, 5, 7, 10, 12, 14, 15, 17, 18, 19]]
[[4,4,19,16,54,85],[0, 2, 3, 4, 7, 8, 12, 13, 15, 17, 18, 19]]
[[4,4,19,16,34,61],[0, 2, 3, 4, 5, 9, 12, 13, 15, 17, 18, 19]]
[[4,4,19,16,34,61],[0, 1, 3, 4, 5, 7, 9, 10, 12, 14, 15, 17, 18, 19]]
[[4,4,19,16,34,61],[0, 1, 3, 4, 5, 6, 11, 12, 15, 17, 18, 19]]
[[4,4,19,16,44,73],[0, 1, 2, 5, 6, 10, 11, 12, 13, 14, 15, 17, 18, 19]]
[[4,4,19,16,54,85],[0, 1, 2, 3, 4, 6, 8, 11, 12, 13, 15, 17, 18, 19]]
[[4,4,19,16,44,85],[0, 2, 3, 5, 7, 8, 11, 12, 13, 14, 15, 17, 18, 19]]
[[4,4,19,16,44,73],[0, 1, 2, 3, 4, 5, 6, 9, 11, 12, 15, 17, 18, 19]]
[[4,4,19,16,34,61],[0, 1, 5, 6, 9, 10, 11, 12, 13, 14, 15, 17, 18, 19]]
[[4,4,19,16,54,85],[0, 1, 2, 5, 6, 8, 9, 10, 11, 12, 15, 17, 18, 19]]
