[[5,11,8,31,45,56],[0, 1, 2, 4, 5, 7, 10, 14, 16, 19]]
[[5,11,8,31,45,56],[0, 1, 4, 5, 7, 10, 16, 19]]
[[5,11,8,31,40,62],[0, 1, 3, 6, 7, 10, 13, 14, 16, 19]]
[[5,11,8,31,40,62],[0, 1, 2, 3, 5, 6, 8, 10, 13, 14, 16, 19]]
[[5,11,8,31,45,56],[0, 1, 2, 4, 7, 9, 10, 14, 16, 19]]
[[5,11,8,31,45,56],[0, 1, 4, 7, 9, 10, 16, 19]]
[[5,11,8,31,40,62],[0, 6, 7, 9, 10, 13, 16, 19]]
[[5,11,8,31,40,62],[0, 6, 8, 9, 10, 13, 16, 19]]
[[5,11,8,31,40,62],[0, 2, 6, 8, 9, 10, 13, 14, 17, 19]]
[[5,11,8,31,40,62],[0, 1, 2, 3, 6, 10, 12, 13, 17, 19]]
[[5,11,8,31,45,56],[0, 1, 2, 4, 7, 8, 9, 10, 13, 14, 18, 19]]
[[5,11,8,31,45,56],[0, 1, 4, 7, 8, 9, 10, 13, 18, 19]]
[[5,11,8,31,45,56],[0, 1, 2, 4, 5, 7, 8, 9, 10, 13, 18, 19]]
[[5,11,8,31,45,56],[0, 1, 4, 5, 7, 8, 9, 10, 13, 14, 18, 19]]
[[5,11,8,31,40,62],[0, 2, 6, 7, 9, 10, 13, 14, 17, 18]]
[[5,11,8,31,40,62],[0, 1, 3, 5, 6, 7, 8, 9, 10, 12, 13, 14, 17, 18]]
[[5,11,8,27,40,74],[0, 1, 3, 5, 6, 8, 9, 10, 11, 14, 16, 19]]
[[5,11,8,27,40,74],[0, 4, 6, 7, 8, 9, 10, 11, 16, 19]]
[[5,11,8,27,40,74],[0, 4, 5, 6, 10, 11, 12, 13, 16, 19]]
[[5,11,8,27,40,74],[0, 1, 2, 3, 6, 7, 9, 10, 11, 12, 13, 14, 16, 19]]
[[5,11,8,27,25,92],[0, 2, 3, 8, 9, 10, 11, 14, 16, 17]]
[[5,11,8,27,25,92],[0, 2, 3, 4, 7, 9, 10, 11, 12, 14, 16, 17]]
[[5,11,8,27,40,74],[0, 1, 3, 6, 9, 10, 11, 13, 18, 19]]
[[5,11,8,27,40,74],[0, 2, 4, 6, 7, 9, 10, 11, 13, 14, 18, 19]]
[[5,11,8,27,25,92],[0, 3, 4, 8, 9, 10, 11, 13, 18, 19]]
[[5,11,8,27,25,92],[0, 3, 5, 7, 8, 9, 10, 11, 13, 14, 18, 19]]
[[5,11,8,27,25,92],[0, 3, 4, 8, 10, 11, 12, 14, 18, 19]]
[[5,11,8,27,40,74],[0, 1, 2, 3, 5, 6, 7, 8, 10, 11, 12, 14, 18, 19]]
[[5,11,8,27,40,74],[0, 2, 4, 5, 6, 8, 9, 10, 11, 12, 18, 19]]
[[5,11,8,27,25,92],[0, 3, 7, 8, 9, 10, 11, 12, 18, 19]]
[[5,11,8,27,25,92],[0, 2, 3, 4, 7, 10, 11, 13, 16, 17, 18, 19]]
[[5,11,8,27,25,92],[0, 2, 3, 5, 8, 10, 11, 12, 13, 14, 16, 17, 18, 19]]
[[5,11,8,35,35,68],[0, 1, 3, 5, 6, 10, 11, 13, 16, 19]]
[[5,11,8,35,35,68],[0, 4, 5, 6, 7, 9, 10, 11, 13, 14, 16, 19]]
[[5,11,8,35,35,68],[0, 4, 6, 8, 9, 10, 11, 12, 16, 19]]
[[5,11,8,35,35,68],[0, 1, 2, 3, 6, 7, 8, 9, 10, 11, 12, 14, 16, 19]]
[[5,11,8,35,35,68],[0, 2, 4, 5, 6, 7, 8, 10, 11, 14, 18, 19]]
[[5,11,8,35,35,68],[0, 1, 3, 6, 8, 9, 10, 11, 18, 19]]
[[5,11,8,35,35,68],[0, 2, 4, 6, 9, 10, 11, 12, 13, 14, 18, 19]]
[[5,11,8,35,35,68],[0, 1, 2, 3, 5, 6, 7, 9, 10, 11, 12, 13, 18, 19]]
[[5,11,8,39,20,62],[0, 1, 2, 4, 7, 10, 11, 13, 16, 19]]
[[5,11,8,39,20,62],[0, 1, 2, 9, 10, 11, 13, 14, 16, 19]]
[[5,11,8,39,20,62],[0, 1, 9, 10, 11, 12, 16, 19]]
[[5,11,8,39,20,62],[0, 1, 4, 5, 7, 9, 10, 11, 12, 14, 16, 19]]
[[5,11,8,39,20,62],[0, 1, 9, 10, 11, 13, 17, 19]]
[[5,11,8,39,20,62],[0, 1, 2, 4, 5, 7, 8, 10, 11, 12, 13, 14, 17, 19]]
[[5,11,8,39,20,62],[0, 1, 4, 7, 8, 10, 11, 14, 17, 18]]
[[5,11,8,39,20,62],[0, 1, 2, 9, 10, 11, 12, 14, 17, 18]]
[[5,11,5,31,35,83],[0, 1, 2, 8, 10, 12, 16, 19]]
[[5,11,5,31,35,83],[0, 1, 8, 10, 12, 14, 16, 19]]
[[5,11,5,31,35,83],[0, 1, 2, 8, 9, 10, 12, 14, 16, 19]]
[[5,11,5,31,35,83],[0, 1, 8, 9, 10, 12, 16, 19]]
[[5,11,5,31,35,83],[0, 1, 2, 8, 10, 12, 18, 19]]
[[5,11,5,31,35,83],[0, 1, 8, 10, 12, 14, 18, 19]]
[[5,11,5,31,35,83],[0, 1, 2, 8, 9, 10, 12, 14, 18, 19]]
[[5,11,5,31,35,83],[0, 1, 8, 9, 10, 12, 18, 19]]
[[5,13,14,25,20,76],[0, 1, 2, 3, 4, 6, 9, 10, 11, 14, 16, 19]]
[[5,13,14,25,20,76],[0, 6, 7, 9, 10, 11, 16, 19]]
[[5,13,14,25,20,76],[0, 1, 3, 4, 6, 7, 8, 10, 11, 12, 13, 14, 16, 19]]
[[5,13,14,25,20,76],[0, 6, 8, 9, 10, 11, 12, 13, 16, 19]]
[[5,13,14,25,20,76],[0, 1, 2, 3, 4, 6, 10, 11, 18, 19]]
[[5,13,14,25,20,76],[0, 2, 6, 7, 9, 10, 11, 14, 18, 19]]
[[5,13,14,25,20,76],[0, 2, 6, 8, 9, 10, 11, 12, 13, 14, 18, 19]]
[[5,13,14,25,20,76],[0, 1, 3, 4, 6, 7, 8, 9, 10, 11, 12, 13, 18, 19]]
[[5,13,14,17,40,52],[0, 1, 2, 3, 7, 13, 16, 19]]
[[5,13,14,17,40,52],[0, 1, 3, 5, 7, 13, 16, 19]]
[[5,13,14,17,40,52],[0, 1, 2, 3, 7, 9, 13, 14, 16, 19]]
[[5,13,14,17,40,52],[0, 1, 3, 5, 7, 9, 13, 14, 16, 19]]
[[5,13,14,17,40,52],[0, 1, 3, 12, 13, 14, 16, 19]]
[[5,13,14,17,40,52],[0, 1, 2, 3, 5, 12, 13, 14, 16, 19]]
[[5,13,14,17,40,52],[0, 1, 3, 9, 12, 13, 16, 19]]
[[5,13,14,17,40,52],[0, 1, 2, 3, 5, 9, 12, 13, 16, 19]]
[[5,13,14,21,25,64],[0, 2, 3, 5, 6, 7, 8, 11, 13, 14, 16, 19]]
[[5,13,14,21,25,64],[0, 1, 2, 4, 6, 9, 11, 14, 16, 19]]
[[5,13,14,21,25,64],[0, 3, 6, 7, 9, 11, 16, 19]]
[[5,13,14,21,25,64],[0, 1, 4, 6, 8, 9, 11, 13, 16, 19]]
[[5,13,14,21,25,64],[0, 1, 4, 5, 6, 7, 8, 11, 12, 13, 16, 19]]
[[5,13,14,21,25,64],[0, 2, 3, 6, 9, 11, 12, 14, 16, 19]]
[[5,13,14,21,25,64],[0, 1, 2, 4, 5, 6, 7, 9, 11, 12, 16, 19]]
[[5,13,14,21,25,64],[0, 3, 5, 6, 8, 9, 11, 12, 13, 14, 16, 19]]
[[5,13,11,33,15,43],[0, 2, 3, 4, 10, 13, 16, 19]]
[[5,13,11,33,15,43],[0, 2, 3, 4, 9, 10, 13, 14, 16, 19]]
[[5,13,11,33,20,49],[0, 1, 2, 4, 6, 7, 9, 14, 16, 19]]
[[5,13,11,33,20,49],[0, 3, 4, 6, 7, 9, 16, 19]]
[[5,13,11,33,20,49],[0, 3, 4, 6, 8, 9, 16, 19]]
[[5,13,11,33,20,49],[0, 1, 4, 5, 6, 8, 9, 14, 16, 19]]
[[5,13,11,33,20,49],[0, 1, 2, 4, 5, 6, 13, 14, 16, 17]]
[[5,13,11,33,20,49],[0, 2, 3, 4, 6, 8, 9, 12, 13, 14, 16, 17]]
[[5,13,11,33,15,43],[0, 3, 4, 7, 8, 10, 12, 14, 18, 19]]
[[5,13,11,33,15,43],[0, 3, 4, 7, 8, 9, 10, 12, 18, 19]]
[[5,13,11,33,20,49],[0, 1, 4, 6, 7, 8, 9, 13, 16, 17, 18, 19]]
[[5,13,11,33,20,49],[0, 2, 3, 4, 6, 7, 9, 12, 13, 14, 16, 17, 18, 19]]
[[5,13,11,29,20,55],[0, 1, 2, 6, 8, 9, 11, 14, 16, 19]]
[[5,13,11,29,20,55],[0, 1, 6, 8, 9, 11, 16, 19]]
[[5,13,11,29,20,55],[0, 2, 3, 4, 5, 6, 7, 8, 9, 11, 16, 19]]
[[5,13,11,29,20,55],[0, 3, 4, 5, 6, 7, 8, 9, 11, 14, 16, 19]]
[[5,13,11,29,15,73],[0, 2, 7, 8, 12, 13, 16, 19]]
[[5,13,11,29,15,73],[0, 7, 8, 12, 13, 14, 16, 19]]
[[5,13,11,29,15,73],[0, 2, 7, 8, 9, 12, 13, 14, 16, 19]]
[[5,13,11,29,15,73],[0, 7, 8, 9, 12, 13, 16, 19]]
[[5,13,11,29,20,55],[0, 2, 3, 4, 5, 6, 11, 12, 13, 14, 16, 19]]
[[5,13,11,29,20,55],[0, 3, 4, 5, 6, 11, 12, 13, 16, 19]]
[[5,13,11,29,20,55],[0, 1, 2, 6, 7, 9, 11, 12, 13, 14, 16, 19]]
[[5,13,11,29,20,55],[0, 1, 6, 7, 9, 11, 12, 13, 16, 19]]
[[5,13,11,17,35,85],[0, 2, 3, 9, 10, 14, 16, 19]]
[[5,13,11,17,35,85],[0, 3, 9, 10, 16, 19]]
[[5,13,11,17,35,85],[0, 2, 3, 5, 9, 10, 16, 19]]
[[5,13,11,17,35,85],[0, 3, 5, 9, 10, 14, 16, 19]]
[[5,13,11,17,35,85],[0, 2, 3, 5, 7, 10, 12, 14, 18, 19]]
[[5,13,11,17,35,85],[0, 3, 5, 7, 10, 12, 18, 19]]
[[5,13,11,17,35,85],[0, 2, 3, 7, 9, 10, 12, 14, 18, 19]]
[[5,13,11,17,35,85],[0, 3, 7, 9, 10, 12, 18, 19]]
[[5,13,11,25,30,73],[0, 4, 6, 7, 9, 10, 16, 19]]
[[5,13,11,25,30,73],[0, 1, 2, 3, 4, 6, 7, 9, 10, 14, 16, 19]]
[[5,13,11,25,30,73],[0, 1, 3, 4, 6, 8, 9, 10, 16, 19]]
[[5,13,11,25,30,73],[0, 4, 5, 6, 8, 9, 10, 14, 16, 19]]
[[5,13,11,25,35,67],[0, 3, 4, 7, 10, 11, 13, 14, 16, 19]]
[[5,13,11,25,35,67],[0, 3, 9, 10, 11, 13, 16, 19]]
[[5,13,11,25,20,85],[0, 1, 3, 5, 8, 9, 11, 14, 16, 19]]
[[5,13,11,25,20,85],[0, 1, 3, 4, 7, 8, 9, 11, 16, 19]]
[[5,13,11,25,25,79],[0, 2, 4, 5, 7, 12, 13, 14, 16, 19]]
[[5,13,11,25,25,79],[0, 4, 5, 7, 12, 13, 16, 19]]
[[5,13,11,25,25,79],[0, 2, 4, 7, 9, 12, 13, 14, 16, 19]]
[[5,13,11,25,25,79],[0, 4, 7, 9, 12, 13, 16, 19]]
[[5,13,11,25,25,79],[0, 2, 4, 7, 8, 9, 12, 14, 16, 19]]
[[5,13,11,25,25,79],[0, 4, 7, 8, 9, 12, 16, 19]]
[[5,13,11,25,25,79],[0, 2, 4, 5, 7, 8, 9, 12, 16, 19]]
[[5,13,11,25,25,79],[0, 4, 5, 7, 8, 9, 12, 14, 16, 19]]
[[5,13,11,25,20,85],[0, 1, 2, 3, 8, 11, 12, 13, 16, 19]]
[[5,13,11,25,35,67],[0, 3, 5, 9, 10, 11, 12, 14, 16, 19]]
[[5,13,11,25,35,67],[0, 3, 4, 7, 9, 10, 11, 12, 16, 19]]
[[5,13,11,25,20,85],[0, 1, 2, 3, 4, 7, 8, 9, 11, 12, 13, 14, 16, 19]]
[[5,13,11,25,30,73],[0, 2, 4, 5, 6, 10, 13, 14, 17, 19]]
[[5,13,11,25,35,67],[0, 2, 3, 5, 7, 10, 11, 14, 17, 19]]
[[5,13,11,25,30,73],[0, 1, 3, 4, 6, 8, 9, 10, 12, 13, 17, 19]]
[[5,13,11,25,35,67],[0, 2, 3, 4, 8, 10, 11, 12, 17, 19]]
[[5,13,11,25,20,85],[0, 1, 3, 7, 8, 11, 13, 14, 16, 17]]
[[5,13,11,25,20,85],[0, 1, 2, 3, 4, 9, 11, 12, 13, 14, 16, 17]]
[[5,13,11,25,30,73],[0, 2, 4, 6, 7, 8, 9, 10, 13, 14, 17, 18]]
[[5,13,11,25,35,67],[0, 2, 3, 4, 8, 9, 10, 11, 13, 14, 17, 18]]
[[5,13,11,25,30,73],[0, 1, 2, 3, 4, 6, 7, 9, 10, 12, 13, 14, 17, 18]]
[[5,13,11,25,35,67],[0, 2, 3, 7, 9, 10, 11, 12, 13, 14, 17, 18]]
[[5,13,11,25,20,85],[0, 1, 3, 4, 9, 11, 16, 17, 18, 19]]
[[5,13,11,25,20,85],[0, 1, 2, 3, 5, 7, 8, 11, 12, 14, 16, 17, 18, 19]]
[[5,13,11,21,30,91],[0, 2, 4, 5, 8, 11, 13, 14, 16, 19]]
[[5,13,11,21,30,91],[0, 7, 8, 9, 11, 13, 16, 19]]
[[5,13,11,21,30,91],[0, 2, 4, 8, 9, 11, 12, 14, 16, 19]]
[[5,13,11,21,30,91],[0, 7, 8, 9, 11, 12, 16, 19]]
[[5,13,11,21,30,91],[0, 4, 5, 9, 11, 14, 16, 17]]
[[5,13,11,21,30,91],[0, 2, 7, 8, 9, 11, 12, 14, 16, 17]]
[[5,13,11,21,30,91],[0, 2, 7, 8, 9, 11, 13, 14, 16, 17, 18, 19]]
[[5,13,11,21,30,91],[0, 4, 9, 11, 12, 13, 16, 17, 18, 19]]
[[5,13,20,13,25,52],[0, 1, 2, 3, 4, 8, 11, 13, 16, 19]]
[[5,13,20,13,25,52],[0, 1, 3, 5, 7, 8, 9, 11, 13, 14, 16, 19]]
[[5,13,20,13,25,52],[0, 1, 3, 4, 8, 9, 11, 12, 16, 19]]
[[5,13,20,13,25,52],[0, 1, 2, 3, 7, 8, 9, 11, 12, 14, 16, 19]]
[[5,13,20,13,25,52],[0, 1, 2, 3, 4, 7, 9, 11, 13, 14, 16, 17]]
[[5,13,20,13,25,52],[0, 1, 2, 3, 5, 8, 11, 12, 13, 14, 16, 17]]
[[5,13,20,13,25,52],[0, 1, 3, 8, 9, 11, 16, 17, 18, 19]]
[[5,13,20,13,25,52],[0, 1, 3, 4, 7, 11, 12, 14, 16, 17, 18, 19]]
[[5,13,8,25,20,88],[0, 1, 3, 7, 13, 14, 16, 19]]
[[5,13,8,25,20,88],[0, 1, 2, 3, 5, 7, 13, 14, 16, 19]]
[[5,13,8,25,20,88],[0, 1, 3, 7, 9, 13, 16, 19]]
[[5,13,8,25,20,88],[0, 1, 2, 3, 5, 7, 9, 13, 16, 19]]
[[5,13,8,25,35,82],[0, 1, 2, 3, 4, 7, 11, 13, 16, 19]]
[[5,13,8,25,30,76],[0, 1, 2, 4, 5, 8, 10, 11, 13, 14, 16, 19]]
[[5,13,8,25,35,82],[0, 1, 2, 3, 9, 11, 13, 14, 16, 19]]
[[5,13,8,25,30,76],[0, 1, 7, 8, 9, 10, 11, 13, 16, 19]]
[[5,13,8,25,20,88],[0, 1, 2, 3, 12, 13, 16, 19]]
[[5,13,8,25,20,88],[0, 1, 3, 5, 12, 13, 16, 19]]
[[5,13,8,25,20,88],[0, 1, 2, 3, 9, 12, 13, 14, 16, 19]]
[[5,13,8,25,20,88],[0, 1, 3, 5, 9, 12, 13, 14, 16, 19]]
[[5,13,8,25,25,94],[0, 6, 7, 9, 10, 12, 16, 19]]
[[5,13,8,25,25,94],[0, 1, 3, 5, 6, 7, 9, 10, 12, 14, 16, 19]]
[[5,13,8,25,25,94],[0, 6, 8, 9, 10, 12, 16, 19]]
[[5,13,8,25,25,94],[0, 1, 2, 3, 6, 8, 9, 10, 12, 14, 16, 19]]
[[5,13,8,25,35,82],[0, 1, 3, 5, 9, 11, 12, 14, 16, 19]]
[[5,13,8,25,35,82],[0, 1, 3, 4, 7, 9, 11, 12, 16, 19]]
[[5,13,8,25,30,76],[0, 1, 4, 8, 9, 10, 11, 12, 16, 19]]
[[5,13,8,25,30,76],[0, 1, 2, 7, 8, 9, 10, 11, 12, 14, 16, 19]]
[[5,13,8,25,25,94],[0, 1, 3, 6, 7, 8, 9, 10, 17, 19]]
[[5,13,8,25,30,76],[0, 1, 4, 5, 9, 10, 11, 14, 17, 19]]
[[5,13,8,25,25,94],[0, 2, 6, 7, 9, 10, 12, 14, 17, 19]]
[[5,13,8,25,30,76],[0, 1, 7, 8, 9, 10, 11, 12, 17, 19]]
[[5,13,8,25,35,82],[0, 1, 2, 3, 5, 7, 11, 14, 16, 17]]
[[5,13,8,25,35,82],[0, 1, 3, 4, 8, 11, 12, 14, 16, 17]]
[[5,13,8,25,25,94],[0, 1, 2, 3, 5, 6, 10, 14, 17, 18]]
[[5,13,8,25,30,76],[0, 1, 2, 7, 8, 9, 10, 11, 13, 14, 17, 18]]
[[5,13,8,25,25,94],[0, 2, 6, 8, 9, 10, 12, 14, 17, 18]]
[[5,13,8,25,30,76],[0, 1, 2, 4, 9, 10, 11, 12, 13, 14, 17, 18]]
[[5,13,8,25,35,82],[0, 1, 2, 3, 4, 8, 9, 11, 13, 14, 16, 17, 18, 19]]
[[5,13,8,25,35,82],[0, 1, 3, 7, 9, 11, 12, 13, 16, 17, 18, 19]]
[[5,13,8,29,30,58],[0, 2, 3, 5, 8, 10, 13, 14, 16, 19]]
[[5,13,8,29,30,58],[0, 3, 5, 8, 10, 13, 16, 19]]
[[5,13,8,29,30,58],[0, 2, 3, 8, 9, 10, 13, 14, 16, 19]]
[[5,13,8,29,30,58],[0, 3, 8, 9, 10, 13, 16, 19]]
[[5,13,8,29,35,76],[0, 3, 5, 8, 9, 10, 11, 14, 16, 19]]
[[5,13,8,29,35,76],[0, 3, 4, 7, 8, 9, 10, 11, 16, 19]]
[[5,13,8,29,35,76],[0, 3, 8, 10, 11, 12, 13, 14, 16, 19]]
[[5,13,8,29,35,76],[0, 3, 4, 7, 8, 9, 10, 11, 12, 13, 16, 19]]
[[5,13,8,29,35,76],[0, 2, 3, 7, 8, 10, 11, 13, 17, 19]]
[[5,13,8,29,35,76],[0, 2, 3, 4, 9, 10, 11, 12, 13, 14, 17, 19]]
[[5,13,8,29,30,58],[0, 2, 3, 7, 8, 9, 10, 12, 13, 14, 18, 19]]
[[5,13,8,29,30,58],[0, 3, 7, 8, 9, 10, 12, 13, 18, 19]]
[[5,13,8,29,30,58],[0, 2, 3, 5, 7, 8, 9, 10, 12, 13, 18, 19]]
[[5,13,8,29,30,58],[0, 3, 5, 7, 8, 9, 10, 12, 13, 14, 18, 19]]
[[5,13,8,29,35,76],[0, 2, 3, 4, 9, 10, 11, 14, 17, 18]]
[[5,13,8,29,35,76],[0, 2, 3, 5, 7, 8, 10, 11, 12, 14, 17, 18]]
[[5,13,5,29,40,67],[0, 1, 3, 4, 6, 9, 10, 11, 16, 19]]
[[5,13,5,29,40,67],[0, 2, 6, 7, 9, 10, 11, 14, 16, 19]]
[[5,13,5,29,40,67],[0, 1, 2, 3, 4, 6, 7, 8, 10, 11, 12, 13, 16, 19]]
[[5,13,5,29,40,67],[0, 2, 6, 8, 9, 10, 11, 12, 13, 14, 16, 19]]
[[5,13,5,29,40,67],[0, 1, 3, 4, 6, 10, 11, 14, 18, 19]]
[[5,13,5,29,40,67],[0, 6, 7, 9, 10, 11, 18, 19]]
[[5,13,5,29,40,67],[0, 6, 8, 9, 10, 11, 12, 13, 18, 19]]
[[5,13,5,29,40,67],[0, 1, 2, 3, 4, 6, 7, 8, 9, 10, 11, 12, 13, 14, 18, 19]]
[[5,7,20,23,35,64],[0, 2, 4, 5, 6, 7, 10, 14, 16, 19]]
[[5,7,20,23,35,64],[0, 1, 3, 4, 5, 6, 7, 10, 16, 19]]
[[5,7,20,23,35,64],[0, 2, 4, 6, 8, 10, 16, 19]]
[[5,7,20,23,35,64],[0, 1, 2, 3, 4, 5, 6, 8, 10, 14, 16, 19]]
[[5,7,20,23,35,64],[0, 4, 6, 10, 13, 14, 17, 19]]
[[5,7,20,23,35,64],[0, 1, 2, 3, 4, 5, 6, 8, 9, 10, 12, 13, 17, 19]]
[[5,7,20,23,40,64],[0, 5, 6, 7, 8, 9, 10, 14, 16, 17]]
[[5,7,20,23,40,64],[0, 1, 3, 5, 6, 7, 9, 10, 12, 14, 16, 17]]
[[5,7,20,23,40,64],[0, 1, 2, 3, 5, 6, 10, 14, 18, 19]]
[[5,7,20,23,40,64],[0, 2, 5, 6, 7, 8, 10, 14, 18, 19]]
[[5,7,20,23,40,64],[0, 2, 5, 6, 9, 10, 18, 19]]
[[5,7,20,23,40,64],[0, 1, 3, 6, 7, 8, 9, 10, 18, 19]]
[[5,7,20,23,35,64],[0, 4, 5, 6, 7, 8, 9, 10, 13, 14, 17, 18]]
[[5,7,20,23,35,64],[0, 1, 3, 4, 5, 6, 7, 9, 10, 12, 13, 14, 17, 18]]
[[5,7,20,23,40,64],[0, 5, 6, 10, 16, 17, 18, 19]]
[[5,7,20,23,40,64],[0, 1, 2, 3, 6, 8, 9, 10, 12, 14, 16, 17, 18, 19]]
[[5,7,20,15,35,76],[0, 2, 3, 5, 6, 8, 11, 14, 16, 19]]
[[5,7,20,15,35,76],[0, 1, 2, 4, 6, 7, 8, 11, 16, 19]]
[[5,7,20,15,35,76],[0, 2, 3, 6, 7, 11, 12, 13, 16, 19]]
[[5,7,20,15,35,76],[0, 1, 4, 5, 6, 9, 11, 12, 13, 14, 16, 19]]
[[5,7,20,15,40,76],[0, 1, 3, 6, 9, 10, 17, 19]]
[[5,7,20,15,40,76],[0, 5, 6, 8, 9, 10, 12, 14, 17, 19]]
[[5,7,20,15,45,88],[0, 7, 13, 14, 16, 17]]
[[5,7,20,15,40,70],[0, 1, 2, 3, 4, 5, 7, 8, 13, 14, 16, 17]]
[[5,7,20,15,35,76],[0, 1, 2, 4, 5, 6, 7, 8, 13, 14, 16, 17]]
[[5,7,20,15,45,88],[0, 2, 7, 9, 13, 14, 16, 17]]
[[5,7,20,15,40,70],[0, 1, 3, 4, 5, 8, 9, 14, 16, 17]]
[[5,7,20,15,35,76],[0, 1, 2, 4, 5, 6, 11, 14, 16, 17]]
[[5,7,20,15,35,76],[0, 1, 4, 5, 6, 8, 9, 11, 13, 14, 16, 17]]
[[5,7,20,15,45,88],[0, 2, 5, 7, 8, 12, 13, 14, 16, 17]]
[[5,7,20,15,40,70],[0, 1, 3, 4, 5, 9, 12, 14, 16, 17]]
[[5,7,20,15,40,70],[0, 1, 3, 4, 5, 7, 9, 12, 13, 14, 16, 17]]
[[5,7,20,15,35,76],[0, 3, 4, 5, 6, 7, 9, 12, 13, 14, 16, 17]]
[[5,7,20,15,45,88],[0, 5, 7, 8, 9, 12, 13, 14, 16, 17]]
[[5,7,20,15,35,76],[0, 2, 3, 5, 6, 7, 11, 12, 13, 14, 16, 17]]
[[5,7,20,15,35,76],[0, 3, 6, 7, 8, 11, 12, 14, 16, 17]]
[[5,7,20,15,35,76],[0, 2, 3, 4, 5, 6, 7, 14, 16, 18]]
[[5,7,20,15,35,76],[0, 2, 3, 4, 5, 6, 8, 14, 16, 18]]
[[5,7,20,15,35,76],[0, 1, 4, 5, 6, 7, 9, 14, 16, 18]]
[[5,7,20,15,35,76],[0, 1, 2, 4, 6, 8, 9, 14, 16, 18]]
[[5,7,20,15,35,76],[0, 3, 6, 11, 13, 14, 16, 18]]
[[5,7,20,15,35,76],[0, 1, 4, 6, 7, 11, 13, 14, 16, 18]]
[[5,7,20,15,40,76],[0, 2, 5, 6, 7, 10, 12, 14, 16, 18]]
[[5,7,20,15,40,76],[0, 2, 5, 6, 8, 10, 12, 14, 16, 18]]
[[5,7,20,15,40,76],[0, 1, 2, 3, 6, 7, 9, 10, 12, 14, 16, 18]]
[[5,7,20,15,40,76],[0, 1, 3, 5, 6, 8, 9, 10, 12, 14, 16, 18]]
[[5,7,20,15,35,76],[0, 1, 2, 4, 5, 6, 8, 11, 12, 14, 16, 18]]
[[5,7,20,15,35,76],[0, 3, 5, 6, 7, 8, 9, 11, 12, 14, 16, 18]]
[[5,7,20,15,40,76],[0, 1, 2, 3, 5, 6, 7, 8, 10, 14, 17, 18]]
[[5,7,20,15,40,76],[0, 5, 6, 7, 9, 10, 12, 14, 17, 18]]
[[5,7,20,15,45,88],[0, 2, 7, 13, 16, 17, 18, 19]]
[[5,7,20,15,40,70],[0, 1, 2, 3, 4, 5, 8, 14, 16, 17, 18, 19]]
[[5,7,20,15,40,70],[0, 1, 3, 4, 5, 7, 8, 13, 16, 17, 18, 19]]
[[5,7,20,15,35,76],[0, 1, 4, 6, 9, 13, 16, 17, 18, 19]]
[[5,7,20,15,45,88],[0, 7, 9, 13, 16, 17, 18, 19]]
[[5,7,20,15,35,76],[0, 2, 3, 6, 8, 11, 16, 17, 18, 19]]
[[5,7,20,15,35,76],[0, 3, 5, 6, 9, 11, 13, 14, 16, 17, 18, 19]]
[[5,7,20,15,40,70],[0, 1, 2, 3, 4, 5, 7, 12, 13, 14, 16, 17, 18, 19]]
[[5,7,20,15,45,88],[0, 2, 5, 7, 8, 12, 13, 14, 16, 17, 18, 19]]
[[5,7,20,15,40,70],[0, 1, 2, 3, 4, 5, 9, 12, 16, 17, 18, 19]]
[[5,7,20,15,35,76],[0, 3, 4, 5, 6, 8, 9, 12, 13, 14, 16, 17, 18, 19]]
[[5,7,20,15,45,88],[0, 5, 7, 8, 9, 12, 13, 14, 16, 17, 18, 19]]
[[5,7,20,15,35,76],[0, 1, 2, 4, 6, 7, 9, 11, 12, 14, 16, 17, 18, 19]]
[[5,7,20,15,35,76],[0, 1, 4, 6, 7, 8, 9, 11, 12, 13, 16, 17, 18, 19]]
[[5,7,20,19,50,70],[0, 1, 2, 3, 4, 5, 8, 11, 13, 14, 16, 17]]
[[5,7,20,19,50,70],[0, 1, 3, 5, 7, 9, 11, 12, 13, 14, 16, 17]]
[[5,7,20,19,50,70],[0, 1, 2, 3, 5, 11, 13, 14, 16, 18]]
[[5,7,20,19,50,70],[0, 1, 2, 3, 4, 5, 7, 11, 13, 14, 16, 18]]
[[5,7,20,19,50,70],[0, 1, 3, 11, 12, 14, 16, 18]]
[[5,7,20,19,50,70],[0, 1, 3, 4, 5, 7, 9, 11, 12, 14, 16, 18]]
[[5,7,20,19,50,70],[0, 1, 2, 3, 7, 11, 16, 17, 18, 19]]
[[5,7,20,19,50,70],[0, 1, 3, 4, 5, 8, 9, 11, 12, 14, 16, 17, 18, 19]]
[[5,7,20,7,35,76],[0, 2, 3, 4, 5, 10, 11, 14, 17, 19]]
[[5,7,20,7,35,76],[0, 2, 3, 7, 8, 10, 11, 12, 17, 19]]
[[5,7,20,7,40,88],[0, 1, 5, 6, 7, 8, 9, 14, 16, 17]]
[[5,7,20,7,45,88],[0, 1, 2, 5, 6, 11, 13, 14, 16, 17]]
[[5,7,20,7,45,88],[0, 1, 5, 6, 9, 11, 13, 14, 16, 17]]
[[5,7,20,7,40,88],[0, 3, 5, 6, 7, 9, 12, 14, 16, 17]]
[[5,7,20,7,45,88],[0, 3, 4, 6, 7, 8, 11, 12, 13, 14, 16, 17]]
[[5,7,20,7,45,88],[0, 2, 3, 4, 6, 7, 8, 9, 11, 12, 13, 14, 16, 17]]
[[5,7,20,7,40,88],[0, 2, 3, 5, 6, 14, 16, 18]]
[[5,7,20,7,40,88],[0, 1, 2, 5, 6, 7, 8, 14, 16, 18]]
[[5,7,20,7,40,88],[0, 1, 5, 6, 9, 14, 16, 18]]
[[5,7,20,7,40,88],[0, 2, 3, 6, 7, 8, 9, 14, 16, 18]]
[[5,7,20,7,35,76],[0, 3, 8, 10, 11, 14, 16, 18]]
[[5,7,20,7,35,76],[0, 3, 4, 5, 7, 8, 9, 10, 11, 14, 16, 18]]
[[5,7,20,7,35,76],[0, 3, 5, 8, 9, 10, 11, 12, 13, 14, 16, 18]]
[[5,7,20,7,35,76],[0, 3, 4, 5, 7, 8, 9, 10, 11, 12, 13, 14, 16, 18]]
[[5,7,20,7,35,76],[0, 2, 3, 5, 7, 8, 10, 11, 13, 14, 17, 18]]
[[5,7,20,7,35,76],[0, 2, 3, 4, 5, 10, 11, 12, 13, 14, 17, 18]]
[[5,7,20,7,40,88],[0, 1, 2, 5, 6, 14, 16, 17, 18, 19]]
[[5,7,20,7,45,88],[0, 2, 3, 4, 6, 11, 16, 17, 18, 19]]
[[5,7,20,7,45,88],[0, 3, 4, 6, 9, 11, 16, 17, 18, 19]]
[[5,7,20,7,40,88],[0, 3, 6, 8, 9, 12, 16, 17, 18, 19]]
[[5,7,20,7,45,88],[0, 1, 2, 5, 6, 7, 8, 11, 12, 14, 16, 17, 18, 19]]
[[5,7,20,7,45,88],[0, 1, 5, 6, 7, 8, 9, 11, 12, 14, 16, 17, 18, 19]]
[[5,7,20,11,35,88],[0, 3, 5, 6, 8, 9, 13, 14, 16, 17]]
[[5,7,20,11,35,88],[0, 1, 2, 5, 6, 12, 13, 14, 16, 17]]
[[5,7,20,11,35,88],[0, 1, 2, 5, 6, 7, 8, 12, 13, 14, 16, 18]]
[[5,7,20,11,35,88],[0, 2, 3, 5, 6, 7, 8, 12, 13, 14, 16, 18]]
[[5,7,20,11,35,88],[0, 2, 3, 6, 9, 12, 13, 14, 16, 18]]
[[5,7,20,11,35,88],[0, 1, 5, 6, 9, 12, 13, 14, 16, 18]]
[[5,7,20,11,35,88],[0, 3, 6, 7, 9, 13, 16, 17, 18, 19]]
[[5,7,20,11,35,88],[0, 1, 5, 6, 7, 8, 9, 12, 13, 14, 16, 17, 18, 19]]
[[5,7,17,31,25,67],[0, 2, 5, 6, 7, 10, 13, 14, 16, 17]]
[[5,7,17,31,20,73],[0, 1, 4, 6, 7, 11, 13, 14, 16, 17]]
[[5,7,17,31,35,67],[0, 1, 7, 8, 10, 11, 13, 14, 16, 17]]
[[5,7,17,31,20,73],[0, 2, 3, 5, 6, 7, 8, 11, 13, 14, 16, 17]]
[[5,7,17,31,25,67],[0, 1, 2, 3, 6, 7, 8, 9, 10, 12, 13, 14, 16, 17]]
[[5,7,17,31,35,67],[0, 1, 2, 4, 9, 10, 11, 12, 13, 14, 16, 17]]
[[5,7,17,31,20,73],[0, 1, 4, 5, 6, 9, 11, 12, 13, 14, 16, 17]]
[[5,7,17,31,20,73],[0, 3, 5, 6, 8, 9, 11, 12, 13, 14, 16, 17]]
[[5,7,17,31,25,67],[0, 5, 6, 7, 9, 10, 13, 14, 18, 19]]
[[5,7,17,31,25,67],[0, 1, 2, 3, 5, 6, 7, 9, 10, 13, 18, 19]]
[[5,7,17,31,25,67],[0, 1, 3, 6, 8, 9, 10, 13, 18, 19]]
[[5,7,17,31,25,67],[0, 5, 6, 8, 9, 10, 13, 14, 18, 19]]
[[5,7,17,31,35,67],[0, 1, 2, 4, 5, 8, 10, 11, 13, 14, 18, 19]]
[[5,7,17,31,35,67],[0, 1, 2, 7, 8, 10, 11, 13, 18, 19]]
[[5,7,17,31,35,67],[0, 1, 7, 8, 10, 11, 12, 14, 18, 19]]
[[5,7,17,31,35,67],[0, 1, 4, 8, 9, 10, 11, 12, 18, 19]]
[[5,7,17,31,25,67],[0, 2, 5, 6, 8, 10, 13, 14, 16, 17, 18, 19]]
[[5,7,17,31,20,73],[0, 1, 2, 4, 6, 7, 8, 11, 16, 17, 18, 19]]
[[5,7,17,31,35,67],[0, 1, 4, 5, 9, 10, 11, 14, 16, 17, 18, 19]]
[[5,7,17,31,20,73],[0, 3, 6, 7, 9, 11, 16, 17, 18, 19]]
[[5,7,17,31,25,67],[0, 1, 3, 5, 6, 10, 12, 13, 16, 17, 18, 19]]
[[5,7,17,31,20,73],[0, 1, 2, 4, 5, 6, 8, 11, 12, 14, 16, 17, 18, 19]]
[[5,7,17,31,35,67],[0, 1, 2, 7, 8, 10, 11, 12, 16, 17, 18, 19]]
[[5,7,17,31,20,73],[0, 2, 3, 6, 9, 11, 12, 14, 16, 17, 18, 19]]
[[5,7,17,27,25,67],[0, 2, 3, 6, 12, 13, 16, 19]]
[[5,7,17,27,25,67],[0, 1, 2, 5, 6, 7, 8, 12, 13, 14, 16, 19]]
[[5,7,17,27,25,67],[0, 1, 5, 6, 9, 12, 13, 14, 16, 19]]
[[5,7,17,27,25,67],[0, 2, 3, 5, 6, 7, 8, 9, 12, 13, 16, 19]]
[[5,7,17,27,25,67],[0, 3, 6, 7, 13, 14, 16, 17]]
[[5,7,17,27,20,73],[0, 4, 5, 7, 8, 9, 11, 14, 16, 17]]
[[5,7,17,27,25,67],[0, 1, 5, 6, 7, 8, 9, 12, 13, 14, 16, 17]]
[[5,7,17,27,20,73],[0, 5, 9, 11, 12, 14, 16, 17]]
[[5,7,17,27,20,73],[0, 2, 5, 11, 13, 14, 16, 18]]
[[5,7,17,27,20,73],[0, 2, 4, 5, 7, 11, 13, 14, 16, 18]]
[[5,7,17,27,20,73],[0, 2, 5, 11, 12, 14, 16, 18]]
[[5,7,17,27,20,73],[0, 2, 4, 7, 9, 11, 12, 14, 16, 18]]
[[5,7,17,27,25,67],[0, 3, 5, 6, 8, 13, 16, 17, 18, 19]]
[[5,7,17,27,20,73],[0, 5, 9, 11, 13, 14, 16, 17, 18, 19]]
[[5,7,17,27,25,67],[0, 1, 2, 5, 6, 12, 13, 14, 16, 17, 18, 19]]
[[5,7,17,27,20,73],[0, 4, 7, 8, 9, 11, 12, 13, 16, 17, 18, 19]]
[[5,7,17,23,25,67],[0, 1, 2, 3, 4, 5, 6, 10, 13, 14, 16, 19]]
[[5,7,17,23,25,67],[0, 2, 4, 6, 7, 8, 10, 13, 16, 19]]
[[5,7,17,23,25,67],[0, 2, 4, 5, 6, 9, 10, 13, 16, 19]]
[[5,7,17,23,25,67],[0, 1, 3, 4, 5, 6, 7, 8, 9, 10, 13, 14, 16, 19]]
[[5,7,17,23,40,73],[0, 1, 2, 3, 4, 5, 6, 9, 10, 11, 16, 19]]
[[5,7,17,23,40,73],[0, 5, 6, 7, 9, 10, 11, 14, 16, 19]]
[[5,7,17,23,25,79],[0, 2, 4, 6, 7, 10, 12, 13, 16, 19]]
[[5,7,17,23,45,67],[0, 1, 2, 5, 8, 10, 12, 14, 16, 19]]
[[5,7,17,23,45,67],[0, 1, 5, 8, 10, 12, 16, 19]]
[[5,7,17,23,25,79],[0, 2, 4, 5, 6, 8, 10, 12, 13, 14, 16, 19]]
[[5,7,17,23,25,79],[0, 1, 3, 4, 5, 6, 7, 9, 10, 12, 13, 14, 16, 19]]
[[5,7,17,23,45,67],[0, 1, 2, 5, 8, 9, 10, 12, 16, 19]]
[[5,7,17,23,45,67],[0, 1, 5, 8, 9, 10, 12, 14, 16, 19]]
[[5,7,17,23,25,79],[0, 1, 2, 3, 4, 5, 6, 8, 9, 10, 12, 13, 16, 19]]
[[5,7,17,23,40,73],[0, 1, 3, 4, 5, 6, 7, 8, 10, 11, 12, 13, 16, 19]]
[[5,7,17,23,40,73],[0, 5, 6, 8, 9, 10, 11, 12, 13, 14, 16, 19]]
[[5,7,17,23,25,79],[0, 1, 3, 4, 5, 6, 7, 10, 17, 19]]
[[5,7,17,23,25,67],[0, 4, 5, 6, 8, 10, 17, 19]]
[[5,7,17,23,30,49],[0, 1, 2, 4, 7, 8, 9, 10, 13, 14, 17, 19]]
[[5,7,17,23,25,67],[0, 1, 5, 7, 9, 10, 11, 14, 17, 19]]
[[5,7,17,23,25,67],[0, 1, 2, 3, 4, 5, 6, 10, 12, 14, 17, 19]]
[[5,7,17,23,30,49],[0, 1, 2, 4, 7, 10, 12, 13, 17, 19]]
[[5,7,17,23,25,79],[0, 4, 6, 7, 8, 10, 12, 14, 17, 19]]
[[5,7,17,23,25,67],[0, 1, 4, 8, 9, 10, 11, 12, 17, 19]]
[[5,7,17,23,30,49],[0, 1, 2, 4, 5, 7, 10, 14, 16, 17]]
[[5,7,17,23,40,73],[0, 3, 4, 6, 11, 14, 16, 17]]
[[5,7,17,23,40,73],[0, 2, 3, 4, 6, 9, 11, 14, 16, 17]]
[[5,7,17,23,30,49],[0, 1, 4, 7, 8, 10, 12, 14, 16, 17]]
[[5,7,17,23,40,73],[0, 1, 2, 5, 6, 7, 8, 11, 12, 14, 16, 17]]
[[5,7,17,23,40,73],[0, 1, 5, 6, 7, 8, 9, 11, 12, 14, 16, 17]]
[[5,7,17,23,40,73],[0, 2, 5, 6, 7, 10, 11, 14, 18, 19]]
[[5,7,17,23,40,73],[0, 1, 2, 3, 4, 5, 6, 9, 10, 11, 18, 19]]
[[5,7,17,23,35,67],[0, 1, 2, 7, 10, 12, 18, 19]]
[[5,7,17,23,35,67],[0, 1, 2, 5, 7, 10, 12, 14, 18, 19]]
[[5,7,17,23,45,67],[0, 1, 2, 5, 8, 10, 12, 14, 18, 19]]
[[5,7,17,23,45,67],[0, 1, 5, 8, 10, 12, 18, 19]]
[[5,7,17,23,35,67],[0, 1, 7, 9, 10, 12, 18, 19]]
[[5,7,17,23,35,67],[0, 1, 5, 7, 9, 10, 12, 14, 18, 19]]
[[5,7,17,23,45,67],[0, 1, 2, 5, 8, 9, 10, 12, 18, 19]]
[[5,7,17,23,45,67],[0, 1, 5, 8, 9, 10, 12, 14, 18, 19]]
[[5,7,17,23,40,73],[0, 2, 5, 6, 8, 10, 11, 12, 13, 14, 18, 19]]
[[5,7,17,23,40,73],[0, 1, 3, 4, 5, 6, 7, 8, 10, 11, 12, 13, 18, 19]]
[[5,7,17,23,25,67],[0, 1, 2, 5, 7, 10, 11, 14, 16, 18]]
[[5,7,17,23,25,67],[0, 1, 4, 5, 9, 10, 11, 14, 16, 18]]
[[5,7,17,23,35,67],[0, 1, 7, 10, 12, 14, 16, 18]]
[[5,7,17,23,35,67],[0, 1, 2, 5, 7, 10, 12, 14, 16, 18]]
[[5,7,17,23,35,67],[0, 1, 2, 7, 9, 10, 12, 14, 16, 18]]
[[5,7,17,23,35,67],[0, 1, 5, 7, 9, 10, 12, 14, 16, 18]]
[[5,7,17,23,25,67],[0, 1, 2, 4, 9, 10, 11, 12, 13, 14, 16, 18]]
[[5,7,17,23,25,67],[0, 1, 5, 7, 9, 10, 11, 12, 13, 14, 16, 18]]
[[5,7,17,23,25,67],[0, 4, 6, 7, 10, 14, 17, 18]]
[[5,7,17,23,25,79],[0, 1, 2, 3, 4, 5, 6, 8, 10, 14, 17, 18]]
[[5,7,17,23,30,49],[0, 1, 4, 5, 7, 8, 9, 10, 13, 14, 17, 18]]
[[5,7,17,23,25,67],[0, 1, 2, 4, 5, 8, 10, 11, 13, 14, 17, 18]]
[[5,7,17,23,25,79],[0, 4, 5, 6, 9, 10, 12, 14, 17, 18]]
[[5,7,17,23,30,49],[0, 1, 4, 5, 7, 9, 10, 12, 13, 14, 17, 18]]
[[5,7,17,23,25,67],[0, 1, 3, 4, 5, 6, 7, 8, 9, 10, 12, 14, 17, 18]]
[[5,7,17,23,25,67],[0, 1, 2, 5, 7, 10, 11, 12, 13, 14, 17, 18]]
[[5,7,17,23,30,49],[0, 1, 4, 7, 9, 10, 16, 17, 18, 19]]
[[5,7,17,23,40,73],[0, 1, 2, 5, 6, 11, 13, 14, 16, 17, 18, 19]]
[[5,7,17,23,40,73],[0, 1, 5, 6, 9, 11, 13, 14, 16, 17, 18, 19]]
[[5,7,17,23,30,49],[0, 1, 2, 4, 5, 7, 8, 10, 12, 14, 16, 17, 18, 19]]
[[5,7,17,23,40,73],[0, 2, 3, 4, 6, 7, 8, 11, 12, 13, 16, 17, 18, 19]]
[[5,7,17,23,40,73],[0, 3, 4, 6, 7, 8, 9, 11, 12, 13, 16, 17, 18, 19]]
[[5,7,17,35,15,67],[0, 3, 4, 5, 6, 13, 16, 19]]
[[5,7,17,35,15,67],[0, 1, 2, 4, 6, 7, 8, 13, 16, 19]]
[[5,7,17,35,15,67],[0, 1, 4, 5, 6, 9, 13, 14, 16, 19]]
[[5,7,17,35,15,67],[0, 3, 4, 5, 6, 7, 8, 9, 13, 14, 16, 19]]
[[5,7,17,35,15,67],[0, 1, 2, 4, 5, 6, 8, 14, 16, 17]]
[[5,7,17,35,15,67],[0, 2, 3, 4, 5, 6, 12, 14, 16, 17]]
[[5,7,17,35,15,67],[0, 1, 4, 6, 7, 14, 16, 17, 18, 19]]
[[5,7,17,35,15,67],[0, 2, 3, 4, 5, 6, 7, 8, 9, 12, 16, 17, 18, 19]]
[[5,7,17,11,35,79],[0, 2, 3, 5, 6, 7, 13, 14, 16, 19]]
[[5,7,17,11,35,79],[0, 2, 3, 6, 8, 13, 16, 19]]
[[5,7,17,11,35,79],[0, 1, 2, 5, 6, 7, 9, 13, 16, 19]]
[[5,7,17,11,35,79],[0, 1, 5, 6, 8, 9, 13, 14, 16, 19]]
[[5,7,17,11,25,91],[0, 3, 4, 5, 7, 8, 9, 10, 13, 14, 17, 19]]
[[5,7,17,11,35,79],[0, 1, 3, 4, 5, 6, 9, 10, 11, 14, 17, 19]]
[[5,7,17,11,25,91],[0, 3, 4, 5, 7, 10, 12, 13, 17, 19]]
[[5,7,17,11,35,79],[0, 6, 7, 8, 9, 10, 11, 12, 17, 19]]
[[5,7,17,11,45,79],[0, 2, 4, 5, 13, 14, 16, 17]]
[[5,7,17,11,25,91],[0, 2, 3, 4, 5, 8, 10, 14, 16, 17]]
[[5,7,17,11,45,103],[0, 1, 2, 3, 4, 5, 8, 14, 16, 17]]
[[5,7,17,11,35,79],[0, 1, 2, 5, 6, 8, 13, 14, 16, 17]]
[[5,7,17,11,45,79],[0, 4, 5, 8, 9, 14, 16, 17]]
[[5,7,17,11,45,103],[0, 1, 3, 4, 5, 7, 8, 9, 13, 14, 16, 17]]
[[5,7,17,11,35,79],[0, 1, 3, 4, 5, 6, 9, 10, 11, 14, 16, 17]]
[[5,7,17,11,25,91],[0, 2, 3, 4, 5, 10, 12, 14, 16, 17]]
[[5,7,17,11,45,103],[0, 1, 2, 3, 4, 5, 12, 14, 16, 17]]
[[5,7,17,11,45,103],[0, 1, 2, 3, 4, 5, 7, 12, 13, 14, 16, 17]]
[[5,7,17,11,45,79],[0, 4, 5, 9, 12, 14, 16, 17]]
[[5,7,17,11,35,79],[0, 3, 5, 6, 9, 12, 13, 14, 16, 17]]
[[5,7,17,11,45,79],[0, 2, 4, 8, 9, 12, 13, 14, 16, 17]]
[[5,7,17,11,35,79],[0, 2, 6, 7, 8, 9, 10, 11, 12, 14, 16, 17]]
[[5,7,17,11,25,91],[0, 3, 4, 5, 7, 8, 9, 10, 13, 14, 17, 18]]
[[5,7,17,11,35,79],[0, 6, 10, 11, 13, 14, 17, 18]]
[[5,7,17,11,25,91],[0, 3, 4, 5, 7, 9, 10, 12, 13, 14, 17, 18]]
[[5,7,17,11,35,79],[0, 1, 2, 3, 4, 5, 6, 7, 8, 10, 11, 12, 13, 14, 17, 18]]
[[5,7,17,11,45,79],[0, 2, 4, 13, 16, 17, 18, 19]]
[[5,7,17,11,35,79],[0, 1, 5, 6, 7, 13, 16, 17, 18, 19]]
[[5,7,17,11,45,79],[0, 4, 8, 14, 16, 17, 18, 19]]
[[5,7,17,11,25,91],[0, 2, 3, 4, 5, 8, 9, 10, 16, 17, 18, 19]]
[[5,7,17,11,45,103],[0, 1, 3, 4, 5, 8, 9, 14, 16, 17, 18, 19]]
[[5,7,17,11,45,103],[0, 1, 2, 3, 4, 5, 7, 8, 9, 13, 16, 17, 18, 19]]
[[5,7,17,11,35,79],[0, 2, 6, 10, 11, 13, 16, 17, 18, 19]]
[[5,7,17,11,25,91],[0, 2, 3, 4, 5, 10, 12, 14, 16, 17, 18, 19]]
[[5,7,17,11,45,103],[0, 1, 3, 4, 5, 12, 16, 17, 18, 19]]
[[5,7,17,11,45,79],[0, 2, 4, 5, 8, 12, 13, 14, 16, 17, 18, 19]]
[[5,7,17,11,35,79],[0, 3, 6, 7, 8, 12, 13, 14, 16, 17, 18, 19]]
[[5,7,17,11,45,79],[0, 4, 9, 12, 16, 17, 18, 19]]
[[5,7,17,11,45,103],[0, 1, 3, 4, 5, 7, 9, 12, 13, 14, 16, 17, 18, 19]]
[[5,7,17,11,35,79],[0, 1, 2, 3, 4, 5, 6, 7, 8, 10, 11, 12, 13, 14, 16, 17, 18, 19]]
[[5,7,17,19,45,79],[0, 2, 5, 11, 13, 14, 16, 19]]
[[5,7,17,19,35,67],[0, 2, 3, 4, 6, 8, 11, 13, 16, 19]]
[[5,7,17,19,45,79],[0, 2, 4, 5, 7, 9, 11, 13, 16, 19]]
[[5,7,17,19,35,67],[0, 1, 5, 6, 7, 8, 9, 11, 13, 14, 16, 19]]
[[5,7,17,19,45,79],[0, 2, 5, 11, 12, 14, 16, 19]]
[[5,7,17,19,35,67],[0, 1, 2, 5, 6, 11, 12, 14, 16, 19]]
[[5,7,17,19,45,79],[0, 2, 4, 7, 11, 12, 16, 19]]
[[5,7,17,19,35,67],[0, 2, 3, 4, 6, 7, 11, 12, 16, 19]]
[[5,7,17,19,35,67],[0, 2, 5, 6, 7, 10, 13, 14, 17, 19]]
[[5,7,17,19,40,73],[0, 3, 5, 7, 9, 10, 13, 14, 17, 19]]
[[5,7,17,19,40,73],[0, 2, 3, 7, 8, 10, 12, 13, 17, 19]]
[[5,7,17,19,35,67],[0, 1, 3, 6, 7, 8, 9, 10, 12, 13, 17, 19]]
[[5,7,17,19,40,73],[0, 3, 5, 8, 9, 10, 13, 14, 16, 17]]
[[5,7,17,19,30,73],[0, 1, 2, 5, 7, 8, 10, 11, 13, 14, 16, 17]]
[[5,7,17,19,45,79],[0, 5, 9, 11, 13, 14, 16, 17]]
[[5,7,17,19,40,73],[0, 2, 3, 5, 10, 12, 13, 14, 16, 17]]
[[5,7,17,19,45,79],[0, 4, 7, 8, 11, 12, 13, 14, 16, 17]]
[[5,7,17,19,30,73],[0, 1, 4, 5, 9, 10, 11, 12, 13, 14, 16, 17]]
[[5,7,17,19,30,73],[0, 1, 4, 8, 9, 10, 11, 13, 18, 19]]
[[5,7,17,19,30,73],[0, 1, 5, 7, 8, 9, 10, 11, 13, 14, 18, 19]]
[[5,7,17,19,30,73],[0, 1, 2, 4, 5, 8, 10, 11, 12, 14, 18, 19]]
[[5,7,17,19,30,73],[0, 1, 2, 5, 7, 8, 9, 10, 11, 12, 18, 19]]
[[5,7,17,19,35,67],[0, 5, 6, 7, 9, 10, 13, 14, 16, 18]]
[[5,7,17,19,35,67],[0, 1, 3, 5, 6, 7, 9, 10, 13, 14, 16, 18]]
[[5,7,17,19,35,67],[0, 1, 2, 3, 6, 8, 9, 10, 13, 14, 16, 18]]
[[5,7,17,19,35,67],[0, 5, 6, 8, 9, 10, 13, 14, 16, 18]]
[[5,7,17,19,35,67],[0, 3, 4, 6, 8, 11, 13, 14, 16, 18]]
[[5,7,17,19,35,67],[0, 1, 2, 5, 6, 7, 8, 11, 13, 14, 16, 18]]
[[5,7,17,19,35,67],[0, 3, 4, 6, 7, 11, 12, 14, 16, 18]]
[[5,7,17,19,35,67],[0, 1, 5, 6, 9, 11, 12, 14, 16, 18]]
[[5,7,17,19,40,73],[0, 3, 7, 10, 13, 14, 17, 18]]
[[5,7,17,19,35,67],[0, 2, 5, 6, 8, 10, 13, 14, 17, 18]]
[[5,7,17,19,35,67],[0, 1, 2, 3, 5, 6, 10, 12, 13, 14, 17, 18]]
[[5,7,17,19,40,73],[0, 2, 3, 5, 7, 8, 10, 12, 13, 14, 17, 18]]
[[5,7,17,19,40,73],[0, 3, 8, 10, 13, 14, 16, 17, 18, 19]]
[[5,7,17,19,45,79],[0, 4, 5, 7, 8, 11, 16, 17, 18, 19]]
[[5,7,17,19,30,73],[0, 1, 2, 4, 9, 10, 11, 14, 16, 17, 18, 19]]
[[5,7,17,19,40,73],[0, 2, 3, 10, 12, 13, 16, 17, 18, 19]]
[[5,7,17,19,30,73],[0, 1, 5, 7, 8, 10, 11, 12, 16, 17, 18, 19]]
[[5,7,17,19,45,79],[0, 5, 9, 11, 12, 14, 16, 17, 18, 19]]
[[5,7,17,15,45,103],[0, 2, 6, 7, 10, 12, 16, 19]]
[[5,7,17,15,40,85],[0, 1, 2, 4, 6, 7, 12, 13, 16, 19]]
[[5,7,17,15,45,103],[0, 1, 2, 3, 5, 6, 7, 10, 12, 14, 16, 19]]
[[5,7,17,15,45,103],[0, 2, 6, 8, 10, 12, 16, 19]]
[[5,7,17,15,45,103],[0, 1, 3, 6, 8, 10, 12, 14, 16, 19]]
[[5,7,17,15,40,85],[0, 1, 4, 5, 6, 8, 12, 13, 16, 19]]
[[5,7,17,15,40,85],[0, 3, 4, 5, 6, 7, 9, 12, 13, 14, 16, 19]]
[[5,7,17,15,40,85],[0, 3, 4, 5, 6, 8, 9, 12, 13, 14, 16, 19]]
[[5,7,17,15,45,103],[0, 1, 2, 3, 6, 7, 8, 10, 17, 19]]
[[5,7,17,15,45,103],[0, 6, 7, 10, 12, 14, 17, 19]]
[[5,7,17,15,40,85],[0, 2, 3, 4, 5, 6, 7, 14, 16, 17]]
[[5,7,17,15,40,85],[0, 1, 4, 6, 7, 8, 12, 14, 16, 17]]
[[5,7,17,15,45,103],[0, 1, 3, 5, 6, 9, 10, 14, 17, 18]]
[[5,7,17,15,45,103],[0, 6, 8, 10, 12, 14, 17, 18]]
[[5,7,17,15,40,85],[0, 2, 3, 4, 5, 6, 8, 14, 16, 17, 18, 19]]
[[5,7,17,15,40,85],[0, 1, 2, 4, 5, 6, 9, 12, 16, 17, 18, 19]]
[[5,7,17,7,45,91],[0, 3, 4, 5, 8, 10, 17, 19]]
[[5,7,17,7,45,91],[0, 2, 3, 4, 5, 10, 12, 14, 17, 19]]
[[5,7,17,7,45,91],[0, 3, 4, 5, 7, 8, 9, 10, 13, 14, 16, 17]]
[[5,7,17,7,45,91],[0, 2, 3, 4, 5, 7, 10, 12, 13, 14, 16, 17]]
[[5,7,17,7,45,91],[0, 3, 4, 5, 8, 9, 10, 14, 17, 18]]
[[5,7,17,7,45,91],[0, 2, 3, 4, 5, 10, 12, 14, 17, 18]]
[[5,7,17,7,45,91],[0, 3, 4, 5, 7, 8, 9, 10, 13, 14, 16, 17, 18, 19]]
[[5,7,17,7,45,91],[0, 2, 3, 4, 5, 7, 9, 10, 12, 13, 16, 17, 18, 19]]
[[5,7,17,39,15,67],[0, 2, 3, 6, 7, 12, 16, 19]]
[[5,7,17,39,15,67],[0, 1, 2, 5, 6, 7, 12, 14, 16, 19]]
[[5,7,17,39,15,67],[0, 1, 5, 6, 8, 12, 16, 19]]
[[5,7,17,39,15,67],[0, 2, 3, 5, 6, 8, 12, 14, 16, 19]]
[[5,7,17,39,15,67],[0, 3, 5, 6, 7, 8, 9, 14, 16, 17]]
[[5,7,17,39,15,67],[0, 1, 5, 6, 7, 9, 12, 14, 16, 17]]
[[5,7,17,39,15,67],[0, 3, 6, 14, 16, 17, 18, 19]]
[[5,7,17,39,15,67],[0, 1, 2, 5, 6, 8, 9, 12, 16, 17, 18, 19]]
[[5,7,14,31,25,64],[0, 2, 4, 5, 6, 7, 10, 11, 13, 14, 16, 19]]
[[5,7,14,31,25,64],[0, 1, 2, 3, 5, 6, 9, 10, 11, 13, 16, 19]]
[[5,7,14,31,25,64],[0, 1, 3, 4, 5, 6, 9, 10, 11, 14, 16, 19]]
[[5,7,14,31,25,64],[0, 2, 5, 6, 7, 9, 10, 11, 16, 19]]
[[5,7,14,31,25,64],[0, 2, 4, 6, 8, 10, 11, 12, 16, 19]]
[[5,7,14,31,25,64],[0, 1, 3, 6, 7, 8, 10, 11, 12, 14, 16, 19]]
[[5,7,14,31,25,64],[0, 1, 2, 3, 4, 5, 6, 7, 8, 10, 11, 12, 13, 14, 16, 19]]
[[5,7,14,31,25,64],[0, 2, 5, 6, 8, 9, 10, 11, 12, 13, 16, 19]]
[[5,7,14,31,25,88],[0, 4, 6, 7, 9, 10, 17, 19]]
[[5,7,14,31,35,76],[0, 2, 4, 5, 6, 10, 11, 14, 17, 19]]
[[5,7,14,31,25,88],[0, 1, 3, 4, 5, 6, 7, 8, 9, 10, 12, 14, 17, 19]]
[[5,7,14,31,35,76],[0, 1, 2, 3, 6, 7, 8, 10, 11, 12, 17, 19]]
[[5,7,14,31,20,70],[0, 1, 5, 7, 9, 10, 11, 14, 16, 17]]
[[5,7,14,31,35,76],[0, 4, 5, 6, 8, 9, 10, 11, 13, 14, 16, 17]]
[[5,7,14,31,35,76],[0, 1, 2, 3, 5, 6, 7, 10, 11, 12, 13, 14, 16, 17]]
[[5,7,14,31,20,70],[0, 1, 2, 4, 8, 9, 10, 11, 12, 14, 16, 17]]
[[5,7,14,31,20,70],[0, 1, 2, 5, 7, 10, 11, 14, 18, 19]]
[[5,7,14,31,25,64],[0, 5, 6, 7, 10, 11, 18, 19]]
[[5,7,14,31,25,64],[0, 1, 2, 3, 6, 8, 10, 11, 18, 19]]
[[5,7,14,31,20,70],[0, 1, 2, 4, 5, 9, 10, 11, 18, 19]]
[[5,7,14,31,25,64],[0, 1, 3, 4, 5, 6, 9, 10, 11, 14, 18, 19]]
[[5,7,14,31,25,64],[0, 4, 5, 6, 7, 8, 9, 10, 11, 14, 18, 19]]
[[5,7,14,31,25,64],[0, 4, 6, 10, 11, 12, 13, 14, 18, 19]]
[[5,7,14,31,25,64],[0, 1, 3, 5, 6, 7, 10, 11, 12, 13, 18, 19]]
[[5,7,14,31,25,64],[0, 5, 6, 8, 10, 11, 12, 13, 18, 19]]
[[5,7,14,31,25,64],[0, 1, 2, 3, 4, 5, 6, 7, 8, 10, 11, 12, 13, 14, 18, 19]]
[[5,7,14,31,20,70],[0, 1, 4, 9, 10, 11, 12, 13, 18, 19]]
[[5,7,14,31,20,70],[0, 1, 5, 7, 9, 10, 11, 12, 13, 14, 18, 19]]
[[5,7,14,31,25,88],[0, 2, 4, 5, 6, 10, 13, 14, 16, 18]]
[[5,7,14,31,25,88],[0, 1, 2, 3, 4, 5, 6, 10, 13, 14, 16, 18]]
[[5,7,14,31,25,88],[0, 2, 4, 6, 7, 8, 9, 10, 13, 14, 16, 18]]
[[5,7,14,31,25,88],[0, 1, 3, 4, 5, 6, 7, 8, 9, 10, 13, 14, 16, 18]]
[[5,7,14,31,25,88],[0, 4, 5, 6, 8, 9, 10, 14, 17, 18]]
[[5,7,14,31,35,76],[0, 1, 3, 5, 6, 9, 10, 11, 13, 14, 17, 18]]
[[5,7,14,31,25,88],[0, 1, 2, 3, 4, 5, 6, 10, 12, 14, 17, 18]]
[[5,7,14,31,35,76],[0, 2, 4, 6, 7, 8, 9, 10, 11, 12, 13, 14, 17, 18]]
[[5,7,14,31,20,70],[0, 1, 4, 5, 8, 10, 11, 13, 16, 17, 18, 19]]
[[5,7,14,31,35,76],[0, 1, 3, 6, 8, 10, 11, 14, 16, 17, 18, 19]]
[[5,7,14,31,20,70],[0, 1, 2, 5, 7, 10, 11, 12, 13, 14, 16, 17, 18, 19]]
[[5,7,14,31,35,76],[0, 4, 6, 7, 9, 10, 11, 12, 16, 17, 18, 19]]
[[5,7,14,23,25,88],[0, 1, 2, 4, 7, 10, 16, 19]]
[[5,7,14,23,25,88],[0, 1, 4, 7, 10, 14, 16, 19]]
[[5,7,14,23,25,64],[0, 1, 4, 6, 7, 14, 16, 19]]
[[5,7,14,23,25,64],[0, 2, 3, 4, 6, 7, 16, 19]]
[[5,7,14,23,25,64],[0, 2, 3, 4, 6, 8, 16, 19]]
[[5,7,14,23,25,64],[0, 1, 2, 4, 5, 6, 8, 14, 16, 19]]
[[5,7,14,23,25,88],[0, 1, 2, 4, 5, 7, 9, 10, 16, 19]]
[[5,7,14,23,25,88],[0, 1, 4, 5, 7, 9, 10, 14, 16, 19]]
[[5,7,14,23,25,76],[0, 2, 4, 5, 11, 14, 16, 19]]
[[5,7,14,23,25,76],[0, 5, 7, 11, 16, 19]]
[[5,7,14,23,35,52],[0, 4, 5, 6, 7, 10, 11, 13, 16, 19]]
[[5,7,14,23,35,52],[0, 1, 3, 5, 6, 9, 10, 11, 13, 14, 16, 19]]
[[5,7,14,23,25,76],[0, 2, 4, 11, 12, 13, 16, 19]]
[[5,7,14,23,35,52],[0, 4, 6, 8, 10, 11, 12, 14, 16, 19]]
[[5,7,14,23,35,52],[0, 1, 2, 3, 6, 7, 8, 10, 11, 12, 16, 19]]
[[5,7,14,23,25,76],[0, 5, 7, 9, 11, 12, 13, 14, 16, 19]]
[[5,7,14,23,35,64],[0, 1, 2, 3, 4, 5, 6, 10, 13, 14, 17, 19]]
[[5,7,14,23,35,52],[0, 1, 2, 3, 4, 5, 6, 10, 11, 14, 17, 19]]
[[5,7,14,23,35,64],[0, 4, 6, 8, 9, 10, 12, 13, 17, 19]]
[[5,7,14,23,35,52],[0, 2, 6, 7, 8, 10, 11, 12, 17, 19]]
[[5,7,14,23,40,82],[0, 2, 4, 5, 6, 7, 8, 10, 13, 14, 16, 17]]
[[5,7,14,23,25,64],[0, 1, 4, 5, 6, 9, 13, 14, 16, 17]]
[[5,7,14,23,35,52],[0, 1, 2, 3, 4, 5, 6, 10, 11, 14, 16, 17]]
[[5,7,14,23,25,76],[0, 4, 5, 8, 9, 11, 13, 14, 16, 17]]
[[5,7,14,23,25,64],[0, 3, 4, 6, 8, 12, 13, 14, 16, 17]]
[[5,7,14,23,40,82],[0, 1, 3, 4, 5, 6, 7, 9, 10, 12, 13, 14, 16, 17]]
[[5,7,14,23,25,76],[0, 2, 5, 7, 11, 12, 13, 14, 16, 17]]
[[5,7,14,23,35,52],[0, 6, 7, 8, 10, 11, 12, 14, 16, 17]]
[[5,7,14,23,40,82],[0, 1, 3, 4, 5, 6, 7, 10, 18, 19]]
[[5,7,14,23,40,82],[0, 1, 2, 3, 4, 5, 6, 8, 10, 14, 18, 19]]
[[5,7,14,23,25,88],[0, 1, 2, 4, 7, 8, 10, 13, 18, 19]]
[[5,7,14,23,25,88],[0, 1, 4, 7, 8, 10, 13, 14, 18, 19]]
[[5,7,14,23,25,88],[0, 1, 2, 4, 5, 7, 8, 10, 13, 14, 18, 19]]
[[5,7,14,23,25,88],[0, 1, 4, 5, 7, 8, 10, 13, 18, 19]]
[[5,7,14,23,40,82],[0, 4, 5, 6, 7, 9, 10, 14, 18, 19]]
[[5,7,14,23,40,82],[0, 4, 6, 8, 9, 10, 18, 19]]
[[5,7,14,23,35,52],[0, 1, 3, 6, 8, 10, 11, 14, 18, 19]]
[[5,7,14,23,35,52],[0, 2, 4, 5, 6, 7, 8, 9, 10, 11, 18, 19]]
[[5,7,14,23,35,52],[0, 2, 4, 6, 10, 11, 12, 13, 18, 19]]
[[5,7,14,23,35,52],[0, 1, 2, 3, 5, 6, 7, 10, 11, 12, 13, 14, 18, 19]]
[[5,7,14,23,35,64],[0, 1, 2, 3, 4, 5, 6, 10, 12, 14, 16, 18]]
[[5,7,14,23,35,64],[0, 2, 4, 5, 6, 7, 8, 10, 12, 14, 16, 18]]
[[5,7,14,23,35,64],[0, 2, 4, 6, 9, 10, 12, 14, 16, 18]]
[[5,7,14,23,35,64],[0, 1, 3, 4, 5, 6, 7, 8, 9, 10, 12, 14, 16, 18]]
[[5,7,14,23,35,64],[0, 1, 3, 4, 5, 6, 7, 8, 9, 10, 13, 14, 17, 18]]
[[5,7,14,23,35,52],[0, 2, 6, 9, 10, 11, 13, 14, 17, 18]]
[[5,7,14,23,35,64],[0, 4, 5, 6, 7, 9, 10, 12, 13, 14, 17, 18]]
[[5,7,14,23,35,52],[0, 1, 3, 4, 5, 6, 7, 8, 9, 10, 11, 12, 13, 14, 17, 18]]
[[5,7,14,23,25,64],[0, 1, 2, 4, 6, 7, 8, 13, 16, 17, 18, 19]]
[[5,7,14,23,40,82],[0, 2, 4, 6, 9, 10, 13, 14, 16, 17, 18, 19]]
[[5,7,14,23,35,52],[0, 6, 9, 10, 11, 13, 16, 17, 18, 19]]
[[5,7,14,23,25,76],[0, 2, 5, 7, 9, 11, 16, 17, 18, 19]]
[[5,7,14,23,25,64],[0, 3, 4, 6, 7, 12, 13, 14, 16, 17, 18, 19]]
[[5,7,14,23,40,82],[0, 1, 2, 3, 4, 5, 6, 8, 9, 10, 12, 13, 16, 17, 18, 19]]
[[5,7,14,23,25,76],[0, 4, 8, 11, 12, 14, 16, 17, 18, 19]]
[[5,7,14,23,35,52],[0, 1, 3, 4, 5, 6, 7, 8, 9, 10, 11, 12, 13, 14, 16, 17, 18, 19]]
[[5,7,14,15,35,76],[0, 1, 2, 3, 4, 5, 6, 10, 11, 14, 16, 19]]
[[5,7,14,15,35,76],[0, 5, 6, 7, 10, 11, 16, 19]]
[[5,7,14,15,35,76],[0, 1, 2, 4, 8, 10, 11, 13, 16, 19]]
[[5,7,14,15,35,76],[0, 1, 5, 7, 8, 9, 10, 11, 13, 14, 16, 19]]
[[5,7,14,15,35,76],[0, 5, 6, 8, 10, 11, 12, 13, 16, 19]]
[[5,7,14,15,35,76],[0, 1, 4, 5, 8, 9, 10, 11, 12, 14, 16, 19]]
[[5,7,14,15,35,76],[0, 1, 2, 5, 7, 8, 9, 10, 11, 12, 16, 19]]
[[5,7,14,15,35,76],[0, 1, 3, 4, 5, 6, 7, 8, 9, 10, 11, 12, 13, 14, 16, 19]]
[[5,7,14,15,35,76],[0, 1, 4, 10, 11, 14, 17, 19]]
[[5,7,14,15,40,106],[0, 1, 4, 7, 9, 10, 11, 13, 17, 19]]
[[5,7,14,15,45,100],[0, 1, 3, 6, 7, 8, 9, 10, 11, 13, 17, 19]]
[[5,7,14,15,45,100],[0, 4, 6, 10, 11, 12, 13, 14, 17, 19]]
[[5,7,14,15,40,106],[0, 1, 2, 5, 8, 10, 11, 12, 13, 14, 17, 19]]
[[5,7,14,15,35,76],[0, 1, 5, 7, 8, 10, 11, 12, 17, 19]]
[[5,7,14,15,30,52],[0, 1, 2, 3, 6, 9, 10, 14, 16, 17]]
[[5,7,14,15,40,70],[0, 1, 3, 5, 7, 9, 13, 14, 16, 17]]
[[5,7,14,15,40,70],[0, 1, 3, 5, 8, 9, 13, 14, 16, 17]]
[[5,7,14,15,45,100],[0, 2, 4, 5, 6, 7, 10, 11, 13, 14, 16, 17]]
[[5,7,14,15,20,82],[0, 1, 3, 5, 8, 9, 11, 14, 16, 17]]
[[5,7,14,15,40,70],[0, 1, 2, 3, 5, 12, 13, 14, 16, 17]]
[[5,7,14,15,40,70],[0, 1, 3, 7, 8, 12, 13, 14, 16, 17]]
[[5,7,14,15,30,52],[0, 5, 6, 8, 9, 10, 12, 14, 16, 17]]
[[5,7,14,15,20,82],[0, 1, 3, 4, 5, 7, 9, 11, 12, 14, 16, 17]]
[[5,7,14,15,45,100],[0, 1, 2, 3, 6, 8, 9, 10, 11, 12, 13, 14, 16, 17]]
[[5,7,14,15,35,88],[0, 1, 2, 8, 10, 13, 18, 19]]
[[5,7,14,15,35,88],[0, 1, 2, 5, 8, 10, 13, 14, 18, 19]]
[[5,7,14,15,35,88],[0, 1, 8, 9, 10, 13, 18, 19]]
[[5,7,14,15,35,88],[0, 1, 5, 8, 9, 10, 13, 14, 18, 19]]
[[5,7,14,15,35,76],[0, 1, 2, 3, 4, 5, 6, 10, 11, 14, 18, 19]]
[[5,7,14,15,35,76],[0, 2, 5, 6, 7, 9, 10, 11, 18, 19]]
[[5,7,14,15,30,52],[0, 2, 5, 6, 7, 10, 12, 14, 18, 19]]
[[5,7,14,15,30,52],[0, 2, 5, 6, 8, 10, 12, 14, 18, 19]]
[[5,7,14,15,30,52],[0, 1, 3, 6, 7, 9, 10, 12, 18, 19]]
[[5,7,14,15,30,52],[0, 1, 2, 3, 5, 6, 8, 9, 10, 12, 18, 19]]
[[5,7,14,15,35,76],[0, 2, 5, 6, 8, 9, 10, 11, 12, 13, 18, 19]]
[[5,7,14,15,35,76],[0, 1, 3, 4, 5, 6, 7, 8, 9, 10, 11, 12, 13, 14, 18, 19]]
[[5,7,14,15,35,88],[0, 1, 8, 10, 13, 14, 16, 18]]
[[5,7,14,15,35,88],[0, 1, 2, 5, 8, 10, 13, 14, 16, 18]]
[[5,7,14,15,35,88],[0, 1, 2, 8, 9, 10, 13, 14, 16, 18]]
[[5,7,14,15,35,88],[0, 1, 5, 8, 9, 10, 13, 14, 16, 18]]
[[5,7,14,15,40,106],[0, 1, 2, 5, 8, 10, 11, 14, 16, 18]]
[[5,7,14,15,20,82],[0, 1, 2, 3, 4, 5, 8, 11, 13, 14, 16, 18]]
[[5,7,14,15,20,82],[0, 1, 3, 7, 8, 11, 13, 14, 16, 18]]
[[5,7,14,15,40,106],[0, 1, 2, 4, 7, 8, 9, 10, 11, 14, 16, 18]]
[[5,7,14,15,20,82],[0, 1, 2, 3, 5, 7, 8, 11, 12, 14, 16, 18]]
[[5,7,14,15,40,106],[0, 1, 5, 8, 9, 10, 11, 12, 13, 14, 16, 18]]
[[5,7,14,15,20,82],[0, 1, 3, 4, 5, 8, 9, 11, 12, 14, 16, 18]]
[[5,7,14,15,40,106],[0, 1, 4, 5, 7, 8, 9, 10, 11, 12, 13, 14, 16, 18]]
[[5,7,14,15,35,76],[0, 1, 2, 5, 7, 8, 10, 11, 13, 14, 17, 18]]
[[5,7,14,15,40,106],[0, 1, 5, 8, 9, 10, 11, 14, 17, 18]]
[[5,7,14,15,45,100],[0, 4, 5, 6, 7, 8, 9, 10, 11, 14, 17, 18]]
[[5,7,14,15,35,76],[0, 1, 2, 4, 5, 10, 11, 12, 13, 14, 17, 18]]
[[5,7,14,15,45,100],[0, 1, 2, 3, 5, 6, 10, 11, 12, 14, 17, 18]]
[[5,7,14,15,40,106],[0, 1, 2, 4, 5, 7, 10, 11, 12, 14, 17, 18]]
[[5,7,14,15,40,70],[0, 1, 2, 3, 7, 13, 16, 17, 18, 19]]
[[5,7,14,15,40,70],[0, 1, 2, 3, 8, 13, 16, 17, 18, 19]]
[[5,7,14,15,30,52],[0, 1, 3, 5, 6, 7, 8, 10, 16, 17, 18, 19]]
[[5,7,14,15,20,82],[0, 1, 2, 3, 4, 5, 7, 11, 13, 14, 16, 17, 18, 19]]
[[5,7,14,15,45,100],[0, 1, 3, 5, 6, 7, 9, 10, 11, 14, 16, 17, 18, 19]]
[[5,7,14,15,40,70],[0, 1, 3, 12, 13, 14, 16, 17, 18, 19]]
[[5,7,14,15,40,70],[0, 1, 2, 3, 5, 7, 8, 12, 13, 14, 16, 17, 18, 19]]
[[5,7,14,15,30,52],[0, 5, 6, 7, 9, 10, 12, 14, 16, 17, 18, 19]]
[[5,7,14,15,20,82],[0, 1, 2, 3, 8, 11, 12, 13, 16, 17, 18, 19]]
[[5,7,14,15,45,100],[0, 2, 4, 6, 8, 10, 11, 12, 16, 17, 18, 19]]
[[5,7,14,19,45,88],[0, 1, 3, 5, 6, 7, 10, 13, 16, 19]]
[[5,7,14,19,45,88],[0, 1, 2, 3, 6, 8, 10, 13, 16, 19]]
[[5,7,14,19,45,88],[0, 5, 6, 7, 9, 10, 13, 14, 16, 19]]
[[5,7,14,19,45,88],[0, 5, 6, 8, 9, 10, 13, 14, 16, 19]]
[[5,7,14,19,35,88],[0, 1, 2, 3, 6, 10, 12, 13, 16, 19]]
[[5,7,14,19,35,88],[0, 5, 6, 7, 8, 10, 12, 13, 16, 19]]
[[5,7,14,19,35,88],[0, 5, 6, 9, 10, 12, 13, 14, 16, 19]]
[[5,7,14,19,35,88],[0, 1, 3, 5, 6, 7, 8, 9, 10, 12, 13, 14, 16, 19]]
[[5,7,14,19,35,88],[0, 1, 3, 6, 7, 10, 13, 14, 17, 19]]
[[5,7,14,19,45,88],[0, 2, 5, 6, 8, 10, 13, 14, 17, 19]]
[[5,7,14,19,45,88],[0, 2, 6, 10, 11, 13, 17, 19]]
[[5,7,14,19,25,76],[0, 1, 2, 3, 6, 7, 8, 10, 11, 13, 17, 19]]
[[5,7,14,19,45,88],[0, 1, 2, 3, 5, 6, 9, 10, 12, 13, 17, 19]]
[[5,7,14,19,35,88],[0, 2, 5, 6, 7, 8, 9, 10, 12, 13, 17, 19]]
[[5,7,14,19,25,76],[0, 2, 4, 6, 9, 10, 11, 12, 13, 14, 17, 19]]
[[5,7,14,19,45,88],[0, 1, 3, 4, 5, 6, 7, 8, 9, 10, 11, 12, 13, 14, 17, 19]]
[[5,7,14,19,55,76],[0, 1, 2, 3, 4, 5, 6, 10, 13, 14, 16, 17]]
[[5,7,14,19,45,88],[0, 6, 10, 11, 13, 14, 16, 17]]
[[5,7,14,19,25,76],[0, 4, 5, 6, 7, 9, 10, 11, 13, 14, 16, 17]]
[[5,7,14,19,45,64],[0, 1, 4, 5, 7, 8, 9, 10, 11, 14, 16, 17]]
[[5,7,14,19,55,76],[0, 2, 4, 6, 8, 9, 10, 12, 13, 14, 16, 17]]
[[5,7,14,19,25,76],[0, 1, 3, 6, 8, 10, 11, 12, 13, 14, 16, 17]]
[[5,7,14,19,45,64],[0, 1, 5, 9, 10, 11, 12, 14, 16, 17]]
[[5,7,14,19,45,88],[0, 1, 3, 4, 5, 6, 7, 8, 9, 10, 11, 12, 13, 14, 16, 17]]
[[5,7,14,19,45,64],[0, 1, 5, 10, 11, 13, 18, 19]]
[[5,7,14,19,45,64],[0, 1, 2, 4, 5, 7, 10, 11, 13, 14, 18, 19]]
[[5,7,14,19,30,82],[0, 2, 5, 6, 8, 10, 11, 14, 18, 19]]
[[5,7,14,19,30,82],[0, 1, 3, 4, 6, 7, 8, 9, 10, 11, 18, 19]]
[[5,7,14,19,55,76],[0, 1, 2, 3, 4, 5, 6, 10, 12, 14, 18, 19]]
[[5,7,14,19,55,76],[0, 4, 5, 6, 7, 8, 10, 12, 18, 19]]
[[5,7,14,19,55,76],[0, 4, 6, 9, 10, 12, 18, 19]]
[[5,7,14,19,55,76],[0, 1, 3, 4, 5, 6, 7, 8, 9, 10, 12, 14, 18, 19]]
[[5,7,14,19,45,64],[0, 1, 2, 5, 10, 11, 12, 14, 18, 19]]
[[5,7,14,19,30,82],[0, 1, 2, 3, 4, 6, 10, 11, 12, 13, 18, 19]]
[[5,7,14,19,30,82],[0, 2, 5, 6, 7, 10, 11, 12, 13, 14, 18, 19]]
[[5,7,14,19,45,64],[0, 1, 4, 7, 9, 10, 11, 12, 18, 19]]
[[5,7,14,19,30,82],[0, 1, 3, 4, 6, 7, 8, 10, 11, 14, 16, 18]]
[[5,7,14,19,30,82],[0, 5, 6, 8, 9, 10, 11, 14, 16, 18]]
[[5,7,14,19,30,82],[0, 1, 2, 3, 4, 6, 9, 10, 11, 12, 13, 14, 16, 18]]
[[5,7,14,19,30,82],[0, 5, 6, 7, 9, 10, 11, 12, 13, 14, 16, 18]]
[[5,7,14,19,45,88],[0, 2, 5, 6, 7, 10, 13, 14, 17, 18]]
[[5,7,14,19,35,88],[0, 1, 2, 3, 5, 6, 8, 10, 13, 14, 17, 18]]
[[5,7,14,19,45,88],[0, 1, 2, 3, 4, 5, 6, 10, 11, 14, 17, 18]]
[[5,7,14,19,25,76],[0, 2, 4, 5, 6, 7, 8, 10, 11, 14, 17, 18]]
[[5,7,14,19,35,88],[0, 2, 5, 6, 10, 12, 13, 14, 17, 18]]
[[5,7,14,19,45,88],[0, 1, 3, 6, 7, 8, 10, 12, 13, 14, 17, 18]]
[[5,7,14,19,25,76],[0, 1, 3, 5, 6, 9, 10, 11, 12, 14, 17, 18]]
[[5,7,14,19,45,88],[0, 2, 6, 7, 8, 9, 10, 11, 12, 14, 17, 18]]
[[5,7,14,19,55,76],[0, 1, 3, 4, 5, 6, 7, 8, 9, 10, 13, 14, 16, 17, 18, 19]]
[[5,7,14,19,45,88],[0, 1, 2, 3, 4, 5, 6, 10, 11, 14, 16, 17, 18, 19]]
[[5,7,14,19,25,76],[0, 1, 2, 3, 5, 6, 7, 10, 11, 14, 16, 17, 18, 19]]
[[5,7,14,19,45,64],[0, 1, 2, 5, 9, 10, 11, 13, 16, 17, 18, 19]]
[[5,7,14,19,55,76],[0, 2, 4, 5, 6, 7, 9, 10, 12, 13, 16, 17, 18, 19]]
[[5,7,14,19,25,76],[0, 4, 6, 8, 9, 10, 11, 12, 16, 17, 18, 19]]
[[5,7,14,19,45,64],[0, 1, 2, 4, 7, 8, 9, 10, 11, 12, 13, 14, 16, 17, 18, 19]]
[[5,7,14,19,45,88],[0, 6, 7, 8, 9, 10, 11, 12, 16, 17, 18, 19]]
