[[2, 7], [3, 5], [4, 7], [6, 7]]
[0, 5, 42, 51, 54]
[0, 7, 42, 44, 54]
[0, 5, 16, 8, 51, 54]
[0, 5, 50, 18, 51, 54]
[0, 5, 42, 49, 43, 54]
[0, 7, 16, 8, 44, 54]
[0, 7, 42, 9, 51, 54]
[0, 7, 50, 18, 44, 54]
[0, 40, 7, 42, 43, 54]
[0, 14, 42, 43, 9, 54]
[0, 14, 40, 42, 51, 54]
[0, 14, 42, 49, 44, 54]
[0, 5, 14, 7, 42, 43, 54]
[0, 5, 16, 49, 8, 43, 54]
[0, 5, 40, 42, 43, 9, 54]
[0, 5, 49, 43, 50, 18, 54]
[0, 7, 16, 8, 9, 51, 54]
[0, 40, 7, 16, 8, 43, 54]
[0, 7, 50, 9, 18, 51, 54]
[0, 7, 42, 49, 43, 9, 54]
[0, 40, 7, 43, 50, 18, 54]
[0, 40, 7, 42, 49, 51, 54]
[0, 14, 16, 8, 43, 9, 54]
[0, 14, 40, 16, 8, 51, 54]
[0, 14, 16, 49, 8, 44, 54]
[0, 14, 43, 50, 9, 18, 54]
[0, 14, 40, 42, 9, 44, 54]
[0, 14, 42, 49, 9, 51, 54]
[0, 14, 40, 50, 18, 51, 54]
[0, 14, 49, 50, 18, 44, 54]
[0, 14, 40, 42, 49, 43, 54]
[0, 14, 42, 43, 44, 51, 54]
[0, 5, 14, 7, 16, 8, 43, 54]
[0, 5, 14, 7, 43, 50, 18, 54]
[0, 5, 14, 7, 42, 49, 51, 54]
[0, 5, 40, 16, 8, 43, 9, 54]
[0, 5, 40, 43, 50, 9, 18, 54]
[0, 5, 40, 42, 49, 9, 51, 54]
[0, 7, 16, 49, 8, 43, 9, 54]
[0, 40, 7, 16, 49, 8, 51, 54]
[0, 7, 49, 43, 50, 9, 18, 54]
[0, 40, 7, 42, 49, 9, 44, 54]
[0, 40, 7, 49, 50, 18, 51, 54]
[0, 7, 42, 49, 43, 44, 51, 54]
[0, 14, 40, 16, 8, 9, 44, 54]
[0, 14, 16, 49, 8, 9, 51, 54]
[0, 14, 40, 16, 49, 8, 43, 54]
[0, 14, 16, 8, 43, 44, 51, 54]
[0, 14, 40, 50, 9, 18, 44, 54]
[0, 14, 49, 50, 9, 18, 51, 54]
[0, 14, 40, 49, 43, 50, 18, 54]
[0, 14, 43, 50, 18, 44, 51, 54]
[0, 5, 14, 7, 16, 49, 8, 51, 54]
[0, 5, 14, 40, 7, 42, 9, 51, 54]
[0, 5, 14, 7, 49, 50, 18, 51, 54]
[0, 5, 40, 16, 49, 8, 9, 51, 54]
[0, 5, 16, 42, 8, 50, 18, 51, 54]
[0, 5, 40, 49, 50, 9, 18, 51, 54]
[0, 40, 7, 16, 49, 8, 9, 44, 54]
[0, 7, 16, 42, 8, 50, 18, 44, 54]
[0, 7, 16, 49, 8, 43, 44, 51, 54]
[0, 40, 7, 49, 50, 9, 18, 44, 54]
[0, 40, 7, 42, 43, 9, 44, 51, 54]
[0, 7, 49, 43, 50, 18, 44, 51, 54]
[0, 5, 14, 40, 7, 16, 8, 9, 51, 54]
[0, 5, 14, 40, 7, 50, 9, 18, 51, 54]
[0, 5, 14, 40, 7, 42, 49, 43, 9, 54]
[0, 5, 16, 42, 49, 8, 43, 50, 18, 54]
[0, 7, 16, 42, 8, 50, 9, 18, 51, 54]
[0, 40, 7, 16, 8, 43, 9, 44, 51, 54]
[0, 40, 7, 16, 42, 8, 43, 50, 18, 54]
[0, 40, 7, 43, 50, 9, 18, 44, 51, 54]
[0, 14, 16, 42, 8, 43, 50, 9, 18, 54]
[0, 14, 40, 16, 42, 8, 50, 18, 51, 54]
[0, 14, 16, 42, 49, 8, 50, 18, 44, 54]
[0, 14, 40, 42, 49, 43, 9, 44, 51, 54]
[0, 5, 14, 40, 7, 16, 49, 8, 43, 9, 54]
[0, 5, 14, 7, 16, 42, 8, 43, 50, 18, 54]
[0, 5, 14, 40, 7, 49, 43, 50, 9, 18, 54]
[0, 5, 40, 16, 42, 8, 43, 50, 9, 18, 54]
[0, 7, 16, 42, 49, 8, 43, 50, 9, 18, 54]
[0, 40, 7, 16, 42, 49, 8, 50, 18, 51, 54]
[0, 14, 40, 16, 42, 8, 50, 9, 18, 44, 54]
[0, 14, 16, 42, 49, 8, 50, 9, 18, 51, 54]
[0, 14, 40, 16, 49, 8, 43, 9, 44, 51, 54]
[0, 14, 40, 16, 42, 49, 8, 43, 50, 18, 54]
[0, 14, 16, 42, 8, 43, 50, 18, 44, 51, 54]
[0, 14, 40, 49, 43, 50, 9, 18, 44, 51, 54]
[0, 5, 14, 7, 16, 42, 49, 8, 50, 18, 51, 54]
[0, 5, 40, 16, 42, 49, 8, 50, 9, 18, 51, 54]
[0, 40, 7, 16, 42, 49, 8, 50, 9, 18, 44, 54]
[0, 7, 16, 42, 49, 8, 43, 50, 18, 44, 51, 54]
[0, 5, 14, 40, 7, 16, 42, 8, 50, 9, 18, 51, 54]
[0, 40, 7, 16, 42, 8, 43, 50, 9, 18, 44, 51, 54]
[0, 5, 14, 40, 7, 16, 42, 49, 8, 43, 50, 9, 18, 54]
[0, 14, 40, 16, 42, 49, 8, 43, 50, 9, 18, 44, 51, 54]
