[[2, 5], [3, 5], [4, 5], [6, 7]]
[0, 7, 8, 50, 52, 18, 44, 53, 54]
[0, 7, 42, 49, 8, 50, 52, 53, 54]
[0, 7, 16, 49, 50, 52, 9, 53, 54]
[0, 14, 49, 8, 50, 52, 9, 53, 54]
[0, 14, 16, 50, 52, 18, 44, 53, 54]
[0, 14, 16, 42, 49, 50, 52, 53, 54]
[0, 1, 10, 5, 7, 16, 17, 44, 51, 54]
[0, 1, 10, 5, 14, 8, 17, 44, 51, 54]
[0, 40, 7, 49, 8, 50, 52, 9, 53, 54]
[0, 7, 49, 8, 43, 50, 52, 18, 53, 54]
[0, 7, 42, 8, 43, 50, 52, 44, 53, 54]
[0, 7, 16, 43, 50, 52, 9, 44, 53, 54]
[0, 40, 7, 16, 50, 52, 18, 44, 53, 54]
[0, 40, 7, 16, 42, 49, 50, 52, 53, 54]
[0, 14, 8, 43, 50, 52, 9, 44, 53, 54]
[0, 14, 40, 8, 50, 52, 18, 44, 53, 54]
[0, 14, 40, 42, 49, 8, 50, 52, 53, 54]
[0, 14, 40, 16, 49, 50, 52, 9, 53, 54]
[0, 14, 16, 49, 43, 50, 52, 18, 53, 54]
[0, 14, 16, 42, 43, 50, 52, 44, 53, 54]
[0, 1, 10, 5, 40, 7, 8, 17, 44, 51, 54]
[0, 1, 10, 5, 7, 16, 49, 17, 43, 51, 54]
[0, 1, 10, 5, 14, 49, 8, 17, 43, 51, 54]
[0, 1, 10, 5, 14, 40, 16, 17, 44, 51, 54]
[0, 40, 7, 8, 43, 50, 52, 9, 44, 53, 54]
[0, 7, 16, 42, 50, 52, 9, 18, 44, 53, 54]
[0, 40, 7, 16, 49, 43, 50, 52, 18, 53, 54]
[0, 40, 7, 16, 42, 43, 50, 52, 44, 53, 54]
[0, 14, 42, 8, 50, 52, 9, 18, 44, 53, 54]
[0, 14, 40, 49, 8, 43, 50, 52, 18, 53, 54]
[0, 14, 40, 42, 8, 43, 50, 52, 44, 53, 54]
[0, 14, 40, 16, 43, 50, 52, 9, 44, 53, 54]
[0, 1, 10, 5, 7, 49, 8, 17, 9, 18, 51, 54]
[0, 1, 10, 5, 7, 42, 8, 17, 9, 44, 51, 54]
[0, 1, 10, 5, 40, 7, 49, 8, 17, 43, 51, 54]
[0, 1, 10, 5, 7, 16, 42, 49, 17, 18, 51, 54]
[0, 1, 10, 5, 14, 42, 49, 8, 17, 18, 51, 54]
[0, 1, 10, 5, 14, 16, 49, 17, 9, 18, 51, 54]
[0, 1, 10, 5, 14, 16, 42, 17, 9, 44, 51, 54]
[0, 1, 10, 5, 14, 40, 16, 49, 17, 43, 51, 54]
[0, 40, 7, 42, 8, 50, 52, 9, 18, 44, 53, 54]
[0, 7, 16, 42, 49, 43, 50, 52, 9, 18, 53, 54]
[0, 14, 42, 49, 8, 43, 50, 52, 9, 18, 53, 54]
[0, 14, 40, 16, 42, 50, 52, 9, 18, 44, 53, 54]
[0, 1, 10, 5, 7, 8, 17, 43, 9, 18, 44, 51, 54]
[0, 1, 10, 5, 7, 42, 49, 8, 17, 43, 9, 51, 54]
[0, 1, 10, 5, 7, 49, 8, 17, 50, 52, 9, 51, 54]
[0, 1, 10, 5, 40, 7, 42, 49, 8, 17, 18, 51, 54]
[0, 1, 10, 5, 40, 7, 16, 49, 17, 9, 18, 51, 54]
[0, 1, 10, 5, 40, 7, 16, 42, 17, 9, 44, 51, 54]
[0, 1, 10, 5, 7, 16, 42, 17, 43, 18, 44, 51, 54]
[0, 1, 10, 5, 7, 16, 17, 50, 52, 18, 44, 51, 54]
[0, 1, 10, 5, 7, 16, 42, 49, 17, 50, 52, 51, 54]
[0, 1, 10, 5, 14, 40, 49, 8, 17, 9, 18, 51, 54]
[0, 1, 10, 5, 14, 40, 42, 8, 17, 9, 44, 51, 54]
[0, 1, 10, 5, 14, 42, 8, 17, 43, 18, 44, 51, 54]
[0, 1, 10, 5, 14, 8, 17, 50, 52, 18, 44, 51, 54]
[0, 1, 10, 5, 14, 42, 49, 8, 17, 50, 52, 51, 54]
[0, 1, 10, 5, 14, 16, 17, 43, 9, 18, 44, 51, 54]
[0, 1, 10, 5, 14, 16, 42, 49, 17, 43, 9, 51, 54]
[0, 1, 10, 5, 14, 16, 49, 17, 50, 52, 9, 51, 54]
[0, 1, 10, 5, 14, 40, 16, 42, 49, 17, 18, 51, 54]
[0, 40, 7, 42, 49, 8, 43, 50, 52, 9, 18, 53, 54]
[0, 14, 40, 16, 42, 49, 43, 50, 52, 9, 18, 53, 54]
[0, 1, 10, 5, 7, 8, 17, 43, 50, 52, 9, 44, 51, 54]
[0, 1, 10, 5, 40, 7, 42, 8, 17, 43, 18, 44, 51, 54]
[0, 1, 10, 5, 40, 7, 8, 17, 50, 52, 18, 44, 51, 54]
[0, 1, 10, 5, 40, 7, 42, 49, 8, 17, 50, 52, 51, 54]
[0, 1, 10, 5, 40, 7, 16, 17, 43, 9, 18, 44, 51, 54]
[0, 1, 10, 5, 40, 7, 16, 42, 49, 17, 43, 9, 51, 54]
[0, 1, 10, 5, 40, 7, 16, 49, 17, 50, 52, 9, 51, 54]
[0, 1, 10, 5, 7, 16, 49, 17, 43, 50, 52, 18, 51, 54]
[0, 1, 10, 5, 7, 16, 42, 17, 43, 50, 52, 44, 51, 54]
[0, 1, 10, 5, 14, 40, 8, 17, 43, 9, 18, 44, 51, 54]
[0, 1, 10, 5, 14, 40, 42, 49, 8, 17, 43, 9, 51, 54]
[0, 1, 10, 5, 14, 40, 49, 8, 17, 50, 52, 9, 51, 54]
[0, 1, 10, 5, 14, 49, 8, 17, 43, 50, 52, 18, 51, 54]
[0, 1, 10, 5, 14, 42, 8, 17, 43, 50, 52, 44, 51, 54]
[0, 1, 10, 5, 14, 16, 17, 43, 50, 52, 9, 44, 51, 54]
[0, 1, 10, 5, 14, 40, 16, 42, 17, 43, 18, 44, 51, 54]
[0, 1, 10, 5, 14, 40, 16, 17, 50, 52, 18, 44, 51, 54]
[0, 1, 10, 5, 14, 40, 16, 42, 49, 17, 50, 52, 51, 54]
[0, 1, 10, 5, 7, 42, 8, 17, 50, 52, 9, 18, 44, 51, 54]
[0, 1, 10, 5, 40, 7, 49, 8, 17, 43, 50, 52, 18, 51, 54]
[0, 1, 10, 5, 40, 7, 42, 8, 17, 43, 50, 52, 44, 51, 54]
[0, 1, 10, 5, 40, 7, 16, 17, 43, 50, 52, 9, 44, 51, 54]
[0, 1, 10, 5, 14, 40, 8, 17, 43, 50, 52, 9, 44, 51, 54]
[0, 1, 10, 5, 14, 16, 42, 17, 50, 52, 9, 18, 44, 51, 54]
[0, 1, 10, 5, 14, 40, 16, 49, 17, 43, 50, 52, 18, 51, 54]
[0, 1, 10, 5, 14, 40, 16, 42, 17, 43, 50, 52, 44, 51, 54]
[0, 1, 10, 5, 7, 42, 49, 8, 17, 43, 50, 52, 9, 18, 51, 54]
[0, 1, 10, 5, 40, 7, 16, 42, 17, 50, 52, 9, 18, 44, 51, 54]
[0, 1, 10, 5, 14, 40, 42, 8, 17, 50, 52, 9, 18, 44, 51, 54]
[0, 1, 10, 5, 14, 16, 42, 49, 17, 43, 50, 52, 9, 18, 51, 54]
[0, 1, 10, 5, 40, 7, 16, 42, 49, 17, 43, 50, 52, 9, 18, 51, 54]
[0, 1, 10, 5, 14, 40, 42, 49, 8, 17, 43, 50, 52, 9, 18, 51, 54]
