[[2, 5], [3, 5], [4, 5], [6, 7]]
[10, 5, 8, 17, 18, 44, 53]
[10, 5, 42, 49, 8, 17, 53]
[10, 5, 16, 49, 17, 9, 53]
[1, 5, 7, 8, 52, 18, 44, 53]
[1, 5, 7, 42, 49, 8, 52, 53]
[1, 5, 7, 16, 49, 52, 9, 53]
[1, 5, 14, 49, 8, 52, 9, 53]
[1, 5, 14, 16, 52, 18, 44, 53]
[1, 5, 14, 16, 42, 49, 52, 53]
[10, 5, 40, 49, 8, 17, 9, 53]
[10, 5, 49, 8, 17, 43, 18, 53]
[10, 5, 42, 8, 17, 43, 44, 53]
[10, 5, 16, 17, 43, 9, 44, 53]
[10, 5, 40, 16, 17, 18, 44, 53]
[10, 5, 40, 16, 42, 49, 17, 53]
[1, 5, 40, 7, 49, 8, 52, 9, 53]
[1, 5, 7, 49, 8, 43, 52, 18, 53]
[1, 5, 7, 42, 8, 43, 52, 44, 53]
[1, 5, 7, 16, 43, 52, 9, 44, 53]
[1, 5, 40, 7, 16, 52, 18, 44, 53]
[1, 5, 40, 7, 16, 42, 49, 52, 53]
[1, 5, 14, 8, 43, 52, 9, 44, 53]
[1, 5, 14, 40, 8, 52, 18, 44, 53]
[1, 5, 14, 40, 42, 49, 8, 52, 53]
[1, 5, 14, 40, 16, 49, 52, 9, 53]
[1, 5, 14, 16, 49, 43, 52, 18, 53]
[1, 5, 14, 16, 42, 43, 52, 44, 53]
[10, 5, 14, 7, 49, 8, 17, 9, 53]
[10, 5, 14, 7, 16, 17, 18, 44, 53]
[10, 5, 14, 7, 16, 42, 49, 17, 53]
[10, 5, 40, 8, 17, 43, 9, 44, 53]
[10, 5, 16, 42, 17, 9, 18, 44, 53]
[10, 5, 40, 16, 49, 17, 43, 18, 53]
[10, 5, 40, 16, 42, 17, 43, 44, 53]
[1, 5, 40, 7, 8, 43, 52, 9, 44, 53]
[1, 5, 7, 16, 42, 52, 9, 18, 44, 53]
[1, 5, 40, 7, 16, 49, 43, 52, 18, 53]
[1, 5, 40, 7, 16, 42, 43, 52, 44, 53]
[1, 5, 14, 42, 8, 52, 9, 18, 44, 53]
[1, 5, 14, 40, 49, 8, 43, 52, 18, 53]
[1, 5, 14, 40, 42, 8, 43, 52, 44, 53]
[1, 5, 14, 40, 16, 43, 52, 9, 44, 53]
[10, 5, 14, 7, 8, 17, 43, 9, 44, 53]
[10, 5, 14, 40, 7, 8, 17, 18, 44, 53]
[10, 5, 14, 40, 7, 42, 49, 8, 17, 53]
[10, 5, 14, 40, 7, 16, 49, 17, 9, 53]
[10, 5, 14, 7, 16, 49, 17, 43, 18, 53]
[10, 5, 14, 7, 16, 42, 17, 43, 44, 53]
[10, 5, 40, 42, 8, 17, 9, 18, 44, 53]
[10, 5, 16, 42, 49, 17, 43, 9, 18, 53]
[1, 5, 40, 7, 42, 8, 52, 9, 18, 44, 53]
[1, 5, 7, 16, 42, 49, 43, 52, 9, 18, 53]
[1, 5, 14, 42, 49, 8, 43, 52, 9, 18, 53]
[1, 5, 14, 40, 16, 42, 52, 9, 18, 44, 53]
[10, 5, 14, 7, 42, 8, 17, 9, 18, 44, 53]
[10, 5, 14, 40, 7, 49, 8, 17, 43, 18, 53]
[10, 5, 14, 40, 7, 42, 8, 17, 43, 44, 53]
[10, 5, 14, 40, 7, 16, 17, 43, 9, 44, 53]
[10, 5, 40, 42, 49, 8, 17, 43, 9, 18, 53]
[1, 5, 40, 7, 42, 49, 8, 43, 52, 9, 18, 53]
[1, 5, 14, 40, 16, 42, 49, 43, 52, 9, 18, 53]
[10, 5, 14, 7, 42, 49, 8, 17, 43, 9, 18, 53]
[10, 5, 14, 40, 7, 16, 42, 17, 9, 18, 44, 53]
[10, 5, 14, 40, 7, 16, 42, 49, 17, 43, 9, 18, 53]
