[[0, 4, 8], [2, 4], [3, 5], [6, 7]]
[10, 17, 52, 39, 51]
[10, 49, 17, 43, 52, 51]
[10, 13, 34, 42, 44, 51, 53]
[10, 35, 16, 17, 38, 39, 51]
[10, 40, 37, 17, 52, 51, 53]
[13, 14, 16, 37, 43, 52, 44]
[13, 14, 35, 37, 38, 43, 44]
[13, 34, 16, 43, 50, 52, 44]
[13, 34, 35, 38, 43, 50, 44]
[37, 42, 49, 17, 52, 51, 54]
[10, 13, 34, 38, 18, 44, 51, 53]
[10, 35, 16, 42, 17, 18, 39, 51]
[10, 35, 16, 49, 17, 38, 43, 51]
[10, 42, 17, 38, 52, 18, 39, 51]
[13, 14, 16, 37, 49, 52, 39, 44]
[13, 14, 40, 16, 49, 52, 44, 53]
[13, 14, 35, 17, 43, 50, 44, 54]
[13, 14, 35, 37, 42, 43, 18, 44]
[13, 14, 35, 37, 49, 38, 39, 44]
[13, 14, 35, 40, 49, 38, 44, 53]
[13, 34, 16, 49, 50, 52, 39, 44]
[13, 34, 35, 37, 17, 43, 44, 54]
[13, 34, 35, 42, 43, 50, 18, 44]
[13, 34, 35, 49, 38, 50, 39, 44]
[35, 16, 37, 49, 17, 18, 51, 54]
[37, 49, 17, 38, 52, 18, 51, 54]
[37, 42, 17, 43, 52, 39, 51, 54]
[40, 42, 17, 43, 52, 51, 53, 54]
[10, 13, 14, 37, 42, 50, 44, 51, 53]
[10, 13, 14, 40, 42, 50, 39, 44, 51]
[10, 13, 34, 40, 37, 42, 39, 44, 51]
[10, 34, 14, 37, 17, 50, 52, 39, 51]
[10, 34, 14, 40, 17, 50, 52, 51, 53]
[10, 35, 16, 42, 49, 17, 43, 18, 51]
[10, 35, 40, 16, 37, 17, 38, 51, 53]
[10, 42, 49, 17, 38, 43, 52, 18, 51]
[13, 14, 40, 16, 43, 52, 39, 44, 53]
[13, 14, 35, 49, 17, 50, 39, 44, 54]
[13, 14, 35, 37, 42, 49, 18, 39, 44]
[13, 14, 35, 40, 42, 49, 18, 44, 53]
[13, 14, 35, 40, 38, 43, 39, 44, 53]
[13, 34, 35, 37, 49, 17, 39, 44, 54]
[13, 34, 35, 40, 49, 17, 44, 53, 54]
[13, 34, 35, 42, 49, 50, 18, 39, 44]
[34, 14, 42, 49, 17, 50, 52, 51, 54]
[35, 16, 37, 17, 43, 18, 39, 51, 54]
[35, 40, 16, 17, 43, 18, 51, 53, 54]
[35, 16, 37, 42, 49, 17, 38, 51, 54]
[37, 17, 38, 43, 52, 18, 39, 51, 54]
[40, 17, 38, 43, 52, 18, 51, 53, 54]
[40, 42, 49, 17, 52, 39, 51, 53, 54]
[10, 13, 14, 37, 38, 50, 18, 44, 51, 53]
[10, 13, 14, 40, 38, 50, 18, 39, 44, 51]
[10, 13, 14, 40, 42, 49, 43, 50, 44, 51]
[10, 13, 34, 35, 16, 52, 18, 44, 51, 53]
[10, 13, 34, 40, 37, 38, 18, 39, 44, 51]
[10, 13, 34, 40, 37, 42, 49, 43, 44, 51]
[10, 13, 34, 42, 49, 43, 39, 44, 51, 53]
[10, 34, 14, 37, 49, 17, 43, 50, 52, 51]
[10, 35, 40, 16, 37, 42, 17, 18, 51, 53]
[10, 40, 37, 42, 17, 38, 52, 18, 51, 53]
[10, 40, 37, 49, 17, 43, 52, 39, 51, 53]
[13, 14, 16, 17, 38, 43, 50, 52, 44, 54]
[13, 14, 16, 37, 42, 38, 43, 52, 18, 44]
[13, 14, 35, 40, 42, 43, 18, 39, 44, 53]
[13, 34, 16, 37, 17, 38, 43, 52, 44, 54]
[13, 34, 16, 42, 38, 43, 50, 52, 18, 44]
[13, 34, 40, 16, 37, 49, 50, 52, 44, 53]
[13, 34, 35, 40, 17, 43, 39, 44, 53, 54]
[13, 34, 35, 40, 37, 49, 38, 50, 44, 53]
[34, 14, 35, 16, 49, 17, 50, 18, 51, 54]
[34, 14, 49, 17, 38, 50, 52, 18, 51, 54]
[34, 14, 42, 17, 43, 50, 52, 39, 51, 54]
[35, 40, 16, 49, 17, 18, 39, 51, 53, 54]
[35, 16, 37, 42, 17, 38, 43, 39, 51, 54]
[35, 40, 16, 42, 17, 38, 43, 51, 53, 54]
[40, 49, 17, 38, 52, 18, 39, 51, 53, 54]
[10, 13, 14, 40, 49, 38, 43, 50, 18, 44, 51]
[10, 13, 34, 35, 16, 42, 38, 52, 44, 51, 53]
[10, 13, 34, 40, 37, 49, 38, 43, 18, 44, 51]
[10, 13, 34, 49, 38, 43, 18, 39, 44, 51, 53]
[10, 34, 14, 35, 16, 37, 17, 38, 50, 39, 51]
[10, 34, 14, 35, 40, 16, 17, 38, 50, 51, 53]
[13, 14, 16, 42, 17, 43, 50, 52, 18, 44, 54]
[13, 14, 16, 49, 17, 38, 50, 52, 39, 44, 54]
[13, 14, 16, 37, 42, 49, 38, 52, 18, 39, 44]
[13, 14, 40, 16, 42, 49, 38, 52, 18, 44, 53]
[13, 14, 35, 42, 17, 38, 43, 50, 18, 44, 54]
[13, 14, 35, 40, 37, 49, 17, 50, 44, 53, 54]
[13, 34, 16, 37, 42, 17, 43, 52, 18, 44, 54]
[13, 34, 16, 37, 49, 17, 38, 52, 39, 44, 54]
[13, 34, 40, 16, 49, 17, 38, 52, 44, 53, 54]
[13, 34, 16, 42, 49, 38, 50, 52, 18, 39, 44]
[13, 34, 40, 16, 37, 43, 50, 52, 39, 44, 53]
[13, 34, 35, 37, 42, 17, 38, 43, 18, 44, 54]
[13, 34, 35, 40, 37, 42, 49, 50, 18, 44, 53]
[13, 34, 35, 40, 37, 38, 43, 50, 39, 44, 53]
[34, 14, 35, 16, 17, 43, 50, 18, 39, 51, 54]
[34, 14, 35, 16, 42, 49, 17, 38, 50, 51, 54]
[34, 14, 17, 38, 43, 50, 52, 18, 39, 51, 54]
[35, 40, 16, 42, 49, 17, 38, 39, 51, 53, 54]
[10, 13, 14, 35, 16, 37, 50, 52, 18, 44, 51, 53]
[10, 13, 14, 35, 40, 16, 50, 52, 18, 39, 44, 51]
[10, 13, 14, 37, 42, 49, 43, 50, 39, 44, 51, 53]
[10, 13, 34, 35, 40, 16, 37, 52, 18, 39, 44, 51]
[10, 34, 14, 35, 16, 37, 42, 17, 50, 18, 39, 51]
[10, 34, 14, 35, 40, 16, 42, 17, 50, 18, 51, 53]
[10, 34, 14, 35, 16, 37, 49, 17, 38, 43, 50, 51]
[10, 34, 14, 37, 42, 17, 38, 50, 52, 18, 39, 51]
[10, 34, 14, 40, 42, 17, 38, 50, 52, 18, 51, 53]
[10, 34, 14, 40, 49, 17, 43, 50, 52, 39, 51, 53]
[10, 35, 40, 16, 37, 49, 17, 38, 43, 39, 51, 53]
[13, 14, 16, 42, 49, 17, 50, 52, 18, 39, 44, 54]
[13, 14, 40, 16, 42, 38, 43, 52, 18, 39, 44, 53]
[13, 14, 35, 42, 49, 17, 38, 50, 18, 39, 44, 54]
[13, 14, 35, 40, 37, 17, 43, 50, 39, 44, 53, 54]
[13, 34, 16, 37, 42, 49, 17, 52, 18, 39, 44, 54]
[13, 34, 40, 16, 42, 49, 17, 52, 18, 44, 53, 54]
[13, 34, 40, 16, 17, 38, 43, 52, 39, 44, 53, 54]
[13, 34, 35, 37, 42, 49, 17, 38, 18, 39, 44, 54]
[13, 34, 35, 40, 42, 49, 17, 38, 18, 44, 53, 54]
[13, 34, 35, 40, 37, 42, 43, 50, 18, 39, 44, 53]
[34, 14, 35, 16, 42, 17, 38, 43, 50, 39, 51, 54]
[34, 14, 40, 37, 42, 17, 43, 50, 52, 51, 53, 54]
[10, 13, 14, 35, 40, 16, 49, 43, 50, 52, 18, 44, 51]
[10, 13, 14, 35, 16, 37, 42, 38, 50, 52, 44, 51, 53]
[10, 13, 14, 35, 40, 16, 42, 38, 50, 52, 39, 44, 51]
[10, 13, 14, 37, 49, 38, 43, 50, 18, 39, 44, 51, 53]
[10, 13, 34, 35, 40, 16, 37, 49, 43, 52, 18, 44, 51]
[10, 13, 34, 35, 16, 49, 43, 52, 18, 39, 44, 51, 53]
[10, 13, 34, 35, 40, 16, 37, 42, 38, 52, 39, 44, 51]
[10, 34, 14, 35, 16, 37, 42, 49, 17, 43, 50, 18, 51]
[10, 34, 14, 37, 42, 49, 17, 38, 43, 50, 52, 18, 51]
[10, 35, 40, 16, 37, 42, 49, 17, 43, 18, 39, 51, 53]
[10, 40, 37, 42, 49, 17, 38, 43, 52, 18, 39, 51, 53]
[13, 14, 40, 16, 37, 49, 17, 38, 50, 52, 44, 53, 54]
[13, 34, 40, 16, 42, 17, 43, 52, 18, 39, 44, 53, 54]
[13, 34, 40, 16, 37, 42, 49, 38, 50, 52, 18, 44, 53]
[13, 34, 35, 40, 42, 17, 38, 43, 18, 39, 44, 53, 54]
[34, 14, 35, 40, 16, 37, 17, 43, 50, 18, 51, 53, 54]
[34, 14, 40, 37, 17, 38, 43, 50, 52, 18, 51, 53, 54]
[34, 14, 40, 37, 42, 49, 17, 50, 52, 39, 51, 53, 54]
[10, 13, 14, 35, 40, 16, 42, 49, 38, 43, 50, 52, 44, 51]
[10, 13, 34, 35, 40, 16, 37, 42, 49, 38, 43, 52, 44, 51]
[10, 13, 34, 35, 16, 42, 49, 38, 43, 52, 39, 44, 51, 53]
[10, 34, 14, 35, 40, 16, 49, 17, 38, 43, 50, 39, 51, 53]
[13, 14, 40, 16, 37, 42, 49, 17, 50, 52, 18, 44, 53, 54]
[13, 14, 40, 16, 37, 17, 38, 43, 50, 52, 39, 44, 53, 54]
[13, 14, 35, 40, 37, 42, 49, 17, 38, 50, 18, 44, 53, 54]
[13, 34, 40, 16, 37, 42, 38, 43, 50, 52, 18, 39, 44, 53]
[34, 14, 35, 40, 16, 37, 49, 17, 50, 18, 39, 51, 53, 54]
[34, 14, 35, 40, 16, 37, 42, 17, 38, 43, 50, 51, 53, 54]
[34, 14, 40, 37, 49, 17, 38, 50, 52, 18, 39, 51, 53, 54]
[10, 13, 14, 35, 16, 37, 49, 43, 50, 52, 18, 39, 44, 51, 53]
[10, 34, 14, 35, 40, 16, 42, 49, 17, 43, 50, 18, 39, 51, 53]
[10, 34, 14, 40, 42, 49, 17, 38, 43, 50, 52, 18, 39, 51, 53]
[13, 14, 40, 16, 37, 42, 17, 43, 50, 52, 18, 39, 44, 53, 54]
[13, 14, 35, 40, 37, 42, 17, 38, 43, 50, 18, 39, 44, 53, 54]
[34, 14, 35, 40, 16, 37, 42, 49, 17, 38, 50, 39, 51, 53, 54]
[10, 13, 14, 35, 16, 37, 42, 49, 38, 43, 50, 52, 39, 44, 51, 53]
