[[0, 1, 4, 5, 7], [2, 4], [3, 5], [6, 7]]
[13, 14, 35, 50, 52, 39]
[13, 34, 37, 17, 52, 18]
[14, 35, 40, 18, 51, 54]
[14, 35, 37, 39, 44, 54]
[34, 17, 50, 18, 44, 54]
[13, 14, 16, 49, 17, 38, 52]
[13, 14, 35, 49, 43, 50, 52]
[13, 34, 37, 42, 17, 38, 52]
[13, 34, 40, 42, 43, 50, 52]
[14, 35, 37, 49, 43, 44, 54]
[14, 35, 40, 42, 38, 51, 54]
[34, 35, 16, 42, 43, 44, 54]
[34, 42, 17, 38, 50, 44, 54]
[10, 13, 14, 35, 42, 39, 44, 54]
[13, 14, 16, 42, 49, 17, 52, 18]
[13, 14, 16, 17, 38, 43, 52, 39]
[13, 14, 16, 50, 52, 18, 44, 51]
[13, 14, 40, 16, 37, 50, 52, 39]
[13, 34, 35, 40, 16, 17, 52, 18]
[13, 34, 40, 17, 52, 39, 44, 51]
[13, 34, 40, 38, 43, 50, 52, 18]
[13, 34, 40, 42, 49, 50, 52, 39]
[34, 35, 16, 38, 43, 18, 44, 54]
[34, 35, 16, 42, 49, 39, 44, 54]
[34, 40, 37, 17, 50, 39, 51, 54]
[10, 13, 14, 35, 38, 18, 39, 44, 54]
[10, 13, 14, 35, 40, 37, 38, 51, 54]
[10, 13, 14, 35, 42, 49, 43, 44, 54]
[10, 13, 34, 35, 16, 37, 43, 44, 54]
[10, 13, 34, 37, 17, 38, 50, 44, 54]
[13, 14, 16, 42, 17, 43, 52, 18, 39]
[13, 14, 40, 16, 37, 49, 43, 50, 52]
[13, 14, 16, 42, 38, 50, 52, 44, 51]
[13, 14, 35, 40, 37, 49, 17, 38, 52]
[13, 14, 35, 42, 17, 43, 52, 44, 51]
[13, 14, 35, 42, 38, 50, 52, 18, 39]
[13, 34, 35, 40, 16, 42, 17, 38, 52]
[13, 34, 35, 16, 37, 42, 43, 50, 52]
[13, 34, 37, 49, 17, 43, 52, 18, 39]
[13, 34, 40, 49, 17, 43, 52, 44, 51]
[13, 34, 40, 49, 38, 50, 52, 18, 39]
[13, 34, 37, 49, 38, 50, 52, 44, 51]
[14, 16, 37, 49, 17, 38, 50, 44, 54]
[14, 40, 16, 42, 17, 43, 50, 51, 54]
[14, 35, 37, 42, 38, 18, 39, 44, 54]
[14, 35, 40, 49, 43, 18, 39, 51, 54]
[34, 35, 16, 49, 38, 18, 39, 44, 54]
[34, 35, 40, 16, 37, 49, 38, 51, 54]
[34, 49, 17, 43, 50, 18, 39, 44, 54]
[34, 40, 37, 49, 17, 43, 50, 51, 54]
[10, 13, 14, 16, 49, 17, 50, 18, 44, 54]
[10, 13, 14, 35, 40, 37, 42, 18, 51, 54]
[10, 13, 14, 35, 49, 38, 43, 18, 44, 54]
[10, 13, 34, 35, 40, 16, 49, 18, 51, 54]
[10, 13, 34, 35, 16, 37, 49, 39, 44, 54]
[10, 13, 34, 37, 42, 17, 50, 18, 44, 54]
[10, 13, 34, 40, 42, 17, 50, 39, 51, 54]
[13, 14, 35, 40, 37, 42, 49, 17, 52, 18]
[13, 14, 35, 17, 38, 43, 52, 18, 44, 51]
[13, 14, 35, 40, 37, 17, 38, 43, 52, 39]
[13, 14, 35, 42, 49, 17, 52, 39, 44, 51]
[13, 14, 35, 40, 37, 50, 52, 18, 44, 51]
[13, 14, 35, 42, 49, 38, 43, 50, 52, 18]
[13, 34, 35, 16, 37, 17, 52, 39, 44, 51]
[13, 34, 35, 16, 37, 38, 43, 50, 52, 18]
[13, 34, 35, 16, 37, 42, 49, 50, 52, 39]
[13, 34, 37, 42, 49, 17, 38, 43, 52, 39]
[13, 34, 37, 42, 49, 50, 52, 18, 44, 51]
[13, 34, 37, 38, 43, 50, 52, 39, 44, 51]
[14, 16, 37, 42, 49, 17, 50, 18, 44, 54]
[14, 40, 16, 17, 38, 43, 50, 18, 51, 54]
[14, 16, 37, 17, 38, 43, 50, 39, 44, 54]
[14, 40, 16, 42, 49, 17, 50, 39, 51, 54]
[14, 35, 37, 42, 49, 38, 43, 18, 44, 54]
[14, 35, 40, 42, 49, 38, 43, 39, 51, 54]
[34, 35, 40, 16, 37, 42, 49, 18, 51, 54]
[34, 35, 40, 16, 37, 38, 43, 39, 51, 54]
[34, 42, 49, 17, 38, 43, 50, 39, 44, 54]
[10, 13, 14, 16, 17, 43, 50, 18, 39, 44, 54]
[10, 13, 14, 40, 16, 37, 17, 43, 50, 51, 54]
[10, 13, 14, 16, 42, 49, 17, 38, 50, 44, 54]
[10, 13, 34, 35, 40, 16, 43, 18, 39, 51, 54]
[10, 13, 34, 35, 40, 16, 42, 49, 38, 51, 54]
[10, 13, 34, 40, 17, 38, 50, 18, 39, 51, 54]
[10, 13, 34, 40, 42, 49, 17, 43, 50, 51, 54]
[13, 14, 40, 16, 37, 42, 17, 43, 52, 44, 51]
[13, 14, 40, 16, 37, 42, 38, 50, 52, 18, 39]
[13, 14, 16, 49, 43, 50, 52, 18, 39, 44, 51]
[13, 14, 35, 40, 37, 42, 17, 43, 52, 18, 39]
[13, 14, 35, 49, 17, 38, 52, 18, 39, 44, 51]
[13, 14, 35, 40, 37, 42, 38, 50, 52, 44, 51]
[13, 34, 35, 40, 16, 49, 17, 43, 52, 18, 39]
[13, 34, 35, 16, 37, 49, 17, 43, 52, 44, 51]
[13, 34, 35, 16, 37, 49, 38, 50, 52, 18, 39]
[13, 34, 35, 40, 16, 49, 38, 50, 52, 44, 51]
[13, 34, 40, 42, 17, 38, 52, 18, 39, 44, 51]
[13, 34, 37, 42, 43, 50, 52, 18, 39, 44, 51]
[14, 16, 37, 42, 17, 43, 50, 18, 39, 44, 54]
[14, 40, 16, 49, 17, 38, 50, 18, 39, 51, 54]
[34, 35, 40, 16, 37, 42, 43, 18, 39, 51, 54]
[34, 40, 37, 42, 17, 38, 50, 18, 39, 51, 54]
[10, 13, 14, 40, 16, 37, 49, 17, 50, 39, 51, 54]
[10, 13, 14, 16, 42, 17, 38, 43, 50, 39, 44, 54]
[10, 13, 14, 35, 40, 37, 49, 38, 43, 39, 51, 54]
[10, 13, 34, 35, 16, 37, 42, 38, 43, 18, 44, 54]
[10, 13, 34, 35, 40, 16, 42, 38, 43, 39, 51, 54]
[10, 13, 34, 40, 49, 17, 38, 43, 50, 18, 51, 54]
[10, 13, 34, 37, 49, 17, 38, 43, 50, 39, 44, 54]
[13, 14, 40, 16, 37, 17, 38, 43, 52, 18, 44, 51]
[13, 14, 40, 16, 37, 42, 49, 17, 52, 39, 44, 51]
[13, 14, 40, 16, 37, 42, 49, 38, 43, 50, 52, 18]
[13, 14, 16, 42, 49, 38, 43, 50, 52, 39, 44, 51]
[13, 34, 35, 40, 16, 42, 49, 17, 38, 43, 52, 39]
[13, 34, 35, 40, 16, 42, 49, 50, 52, 18, 44, 51]
[13, 34, 35, 40, 16, 38, 43, 50, 52, 39, 44, 51]
[13, 34, 40, 42, 49, 17, 38, 43, 52, 18, 44, 51]
[34, 40, 37, 42, 49, 17, 38, 43, 50, 18, 51, 54]
[10, 13, 14, 35, 40, 37, 42, 49, 43, 18, 39, 51, 54]
[10, 13, 34, 35, 16, 37, 42, 49, 38, 18, 39, 44, 54]
[10, 13, 34, 37, 42, 49, 17, 43, 50, 18, 39, 44, 54]
[13, 14, 40, 16, 37, 49, 17, 38, 52, 18, 39, 44, 51]
[13, 14, 35, 40, 37, 49, 43, 50, 52, 18, 39, 44, 51]
[13, 34, 35, 16, 37, 42, 17, 38, 52, 18, 39, 44, 51]
[13, 34, 35, 40, 16, 42, 43, 50, 52, 18, 39, 44, 51]
[10, 13, 14, 40, 16, 37, 42, 17, 38, 43, 50, 18, 51, 54]
[13, 14, 35, 40, 37, 42, 49, 38, 43, 50, 52, 39, 44, 51]
[13, 34, 35, 16, 37, 42, 49, 17, 38, 43, 52, 18, 44, 51]
[10, 13, 14, 40, 16, 37, 42, 49, 17, 38, 50, 18, 39, 51, 54]
