[[0, 1, 4, 5, 7], [2, 4], [3, 5], [6, 7]]
[13, 17, 52, 39, 51]
[34, 17, 38, 51, 54]
[10, 40, 50, 18, 44, 54]
[10, 37, 50, 39, 51, 54]
[13, 16, 50, 18, 44, 54]
[13, 49, 17, 43, 52, 51]
[34, 42, 17, 18, 51, 54]
[34, 49, 17, 38, 52, 44]
[10, 13, 14, 17, 43, 44, 54]
[10, 14, 49, 50, 52, 18, 51]
[10, 37, 49, 43, 50, 51, 54]
[10, 40, 42, 38, 50, 44, 54]
[13, 16, 42, 38, 50, 44, 54]
[13, 40, 37, 17, 52, 18, 44]
[13, 35, 42, 17, 43, 44, 54]
[14, 16, 37, 17, 52, 18, 44]
[14, 40, 16, 17, 52, 39, 51]
[14, 40, 16, 17, 43, 44, 54]
[14, 35, 40, 38, 50, 44, 54]
[34, 35, 16, 50, 52, 39, 44]
[34, 35, 16, 43, 50, 51, 54]
[34, 42, 49, 17, 52, 18, 44]
[34, 17, 38, 43, 52, 39, 44]
[10, 13, 14, 49, 17, 39, 44, 54]
[10, 13, 16, 37, 43, 50, 52, 44]
[10, 13, 35, 37, 17, 38, 52, 44]
[10, 34, 14, 35, 17, 18, 51, 54]
[10, 14, 43, 50, 52, 18, 39, 51]
[10, 14, 40, 37, 43, 50, 52, 44]
[10, 14, 42, 49, 38, 50, 52, 51]
[10, 34, 16, 37, 38, 50, 52, 51]
[10, 34, 35, 37, 17, 43, 52, 51]
[13, 35, 16, 49, 38, 50, 52, 51]
[13, 40, 16, 37, 50, 39, 51, 54]
[13, 35, 17, 38, 43, 18, 44, 54]
[13, 42, 17, 38, 52, 18, 39, 51]
[13, 35, 42, 49, 17, 39, 44, 54]
[13, 40, 37, 42, 17, 38, 52, 44]
[14, 16, 37, 49, 17, 18, 51, 54]
[14, 16, 37, 42, 17, 38, 52, 44]
[14, 40, 16, 49, 17, 39, 44, 54]
[14, 40, 16, 49, 17, 43, 52, 51]
[14, 35, 40, 42, 50, 18, 44, 54]
[14, 35, 37, 42, 50, 39, 51, 54]
[14, 35, 37, 42, 43, 50, 52, 44]
[14, 35, 40, 49, 38, 50, 52, 51]
[34, 35, 16, 49, 50, 39, 51, 54]
[34, 35, 16, 49, 43, 50, 52, 44]
[34, 42, 17, 43, 52, 18, 39, 44]
[34, 40, 37, 42, 17, 39, 44, 54]
[34, 40, 37, 42, 17, 43, 52, 51]
[34, 49, 17, 38, 43, 39, 51, 54]
[10, 13, 14, 35, 16, 38, 50, 44, 54]
[10, 13, 34, 14, 42, 50, 52, 39, 44]
[10, 13, 34, 40, 16, 17, 38, 51, 54]
[10, 13, 40, 16, 49, 50, 52, 18, 51]
[10, 13, 16, 37, 49, 50, 52, 39, 44]
[10, 13, 35, 37, 42, 17, 52, 18, 44]
[10, 13, 35, 40, 42, 17, 52, 39, 51]
[10, 13, 34, 35, 40, 43, 50, 51, 54]
[10, 14, 35, 16, 42, 17, 52, 39, 51]
[10, 34, 14, 16, 42, 43, 50, 51, 54]
[10, 34, 14, 35, 42, 17, 38, 51, 54]
[10, 14, 40, 37, 49, 50, 52, 39, 44]
[10, 14, 42, 38, 43, 50, 52, 39, 51]
[10, 35, 16, 37, 49, 17, 38, 51, 54]
[10, 35, 40, 16, 42, 17, 43, 44, 54]
[10, 34, 16, 37, 42, 50, 52, 18, 51]
[10, 34, 40, 16, 42, 50, 52, 39, 44]
[10, 34, 35, 40, 49, 17, 52, 18, 44]
[10, 34, 35, 37, 49, 17, 52, 39, 51]
[10, 37, 42, 38, 50, 18, 39, 51, 54]
[10, 40, 49, 43, 50, 18, 39, 44, 54]
[13, 34, 14, 35, 37, 50, 52, 18, 51]
[13, 34, 14, 35, 40, 50, 52, 39, 44]
[13, 34, 14, 37, 49, 38, 50, 44, 54]
[13, 34, 14, 40, 42, 43, 50, 51, 54]
[13, 35, 16, 42, 49, 50, 52, 18, 51]
[13, 16, 49, 43, 50, 18, 39, 44, 54]
[13, 35, 16, 38, 43, 50, 52, 39, 51]
[13, 40, 16, 37, 49, 43, 50, 51, 54]
[13, 35, 49, 17, 38, 18, 39, 44, 54]
[13, 42, 49, 17, 38, 43, 52, 18, 51]
[13, 35, 40, 37, 49, 17, 38, 51, 54]
[14, 16, 37, 17, 43, 18, 39, 51, 54]
[14, 16, 37, 42, 49, 17, 38, 51, 54]
[14, 35, 37, 38, 50, 18, 39, 51, 54]
[14, 35, 37, 38, 43, 50, 52, 18, 44]
[14, 35, 40, 42, 49, 50, 52, 18, 51]
[14, 35, 37, 42, 49, 50, 52, 39, 44]
[14, 35, 37, 42, 49, 43, 50, 51, 54]
[14, 35, 40, 38, 43, 50, 52, 39, 51]
[34, 35, 40, 16, 37, 50, 52, 18, 51]
[34, 40, 37, 17, 38, 18, 39, 44, 54]
[34, 40, 37, 17, 38, 43, 52, 18, 51]
[34, 42, 49, 17, 43, 18, 39, 51, 54]
[34, 40, 37, 42, 49, 17, 52, 39, 51]
[34, 40, 37, 42, 49, 17, 43, 44, 54]
[10, 13, 14, 35, 16, 42, 50, 18, 44, 54]
[10, 13, 14, 40, 37, 49, 17, 18, 51, 54]
[10, 13, 14, 42, 17, 38, 43, 18, 44, 54]
[10, 13, 34, 14, 38, 50, 52, 18, 39, 44]
[10, 13, 34, 14, 40, 37, 38, 50, 52, 51]
[10, 13, 34, 14, 42, 49, 43, 50, 52, 44]
[10, 13, 34, 40, 16, 42, 17, 18, 51, 54]
[10, 13, 34, 16, 37, 42, 17, 39, 44, 54]
[10, 13, 40, 16, 43, 50, 52, 18, 39, 51]
[10, 13, 40, 16, 42, 49, 38, 50, 52, 51]
[10, 13, 35, 40, 17, 38, 52, 18, 39, 51]
[10, 13, 35, 40, 42, 49, 17, 43, 52, 51]
[10, 13, 34, 35, 37, 49, 50, 18, 44, 54]
[10, 13, 34, 35, 40, 49, 50, 39, 51, 54]
[10, 14, 35, 16, 17, 38, 52, 18, 39, 51]
[10, 14, 35, 40, 16, 37, 17, 38, 52, 44]
[10, 14, 35, 16, 42, 49, 17, 43, 52, 51]
[10, 34, 14, 16, 38, 43, 50, 18, 51, 54]
[10, 34, 14, 16, 42, 49, 50, 39, 51, 54]
[10, 34, 14, 35, 40, 37, 17, 39, 44, 54]
[10, 35, 16, 37, 42, 49, 17, 18, 51, 54]
[10, 35, 40, 16, 17, 38, 43, 18, 44, 54]
[10, 35, 16, 37, 17, 38, 43, 39, 51, 54]
[10, 35, 40, 16, 42, 49, 17, 39, 44, 54]
[10, 34, 40, 16, 38, 50, 52, 18, 39, 44]
[10, 34, 40, 16, 42, 49, 43, 50, 52, 44]
[10, 34, 35, 40, 17, 43, 52, 18, 39, 44]
[10, 34, 35, 40, 42, 49, 17, 38, 52, 44]
[10, 37, 42, 49, 38, 43, 50, 18, 51, 54]
[10, 40, 42, 49, 38, 43, 50, 39, 44, 54]
[13, 34, 14, 35, 40, 16, 17, 18, 51, 54]
[13, 34, 14, 35, 16, 37, 17, 39, 44, 54]
[13, 34, 14, 16, 37, 42, 17, 43, 52, 51]
[13, 34, 14, 40, 16, 49, 17, 38, 52, 44]
[13, 34, 14, 37, 42, 49, 50, 18, 44, 54]
[13, 34, 14, 40, 38, 43, 50, 18, 51, 54]
[13, 34, 14, 35, 37, 42, 38, 50, 52, 51]
[13, 34, 14, 35, 40, 49, 43, 50, 52, 44]
[13, 34, 14, 37, 38, 43, 50, 39, 44, 54]
[13, 34, 14, 40, 42, 49, 50, 39, 51, 54]
[13, 35, 16, 42, 43, 50, 52, 18, 39, 51]
[13, 35, 40, 16, 37, 42, 43, 50, 52, 44]
[13, 16, 42, 49, 38, 43, 50, 39, 44, 54]
[13, 35, 40, 37, 42, 49, 17, 18, 51, 54]
[13, 40, 37, 49, 17, 43, 52, 18, 39, 44]
[13, 35, 40, 37, 17, 38, 43, 39, 51, 54]
[14, 16, 37, 49, 17, 43, 52, 18, 39, 44]
[14, 40, 16, 42, 17, 38, 52, 18, 39, 51]
[14, 40, 16, 42, 17, 38, 43, 18, 44, 54]
[14, 16, 37, 42, 17, 38, 43, 39, 51, 54]
[14, 35, 37, 49, 38, 50, 52, 18, 39, 44]
[14, 35, 37, 49, 38, 43, 50, 18, 51, 54]
[14, 35, 40, 42, 43, 50, 52, 18, 39, 51]
[14, 35, 40, 49, 38, 43, 50, 39, 44, 54]
[34, 35, 40, 16, 37, 49, 50, 18, 44, 54]
[34, 35, 16, 42, 38, 50, 52, 18, 39, 44]
[34, 35, 16, 42, 38, 43, 50, 18, 51, 54]
[34, 35, 40, 16, 37, 42, 38, 50, 52, 51]
[34, 40, 37, 49, 17, 38, 52, 18, 39, 51]
[34, 40, 37, 49, 17, 38, 43, 18, 44, 54]
[10, 13, 34, 14, 35, 16, 49, 17, 52, 18, 44]
[10, 13, 14, 40, 37, 17, 43, 18, 39, 51, 54]
[10, 13, 14, 42, 49, 17, 38, 18, 39, 44, 54]
[10, 13, 14, 40, 37, 42, 49, 17, 38, 51, 54]
[10, 13, 34, 14, 40, 37, 42, 50, 52, 18, 51]
[10, 13, 34, 14, 49, 38, 43, 50, 52, 18, 44]
[10, 13, 34, 16, 37, 17, 38, 18, 39, 44, 54]
[10, 13, 34, 16, 37, 42, 49, 17, 43, 44, 54]
[10, 13, 16, 37, 42, 38, 43, 50, 52, 18, 44]
[10, 13, 40, 16, 42, 38, 43, 50, 52, 39, 51]
[10, 13, 35, 40, 49, 17, 38, 43, 52, 18, 51]
[10, 13, 35, 37, 49, 17, 38, 43, 52, 39, 44]
[10, 13, 34, 35, 37, 43, 50, 18, 39, 44, 54]
[10, 13, 34, 35, 37, 42, 49, 38, 50, 44, 54]
[10, 14, 35, 40, 16, 37, 42, 17, 52, 18, 44]
[10, 14, 35, 16, 49, 17, 38, 43, 52, 18, 51]
[10, 34, 14, 16, 49, 38, 50, 18, 39, 51, 54]
[10, 34, 14, 40, 16, 37, 49, 38, 50, 44, 54]
[10, 34, 14, 35, 49, 17, 43, 18, 39, 51, 54]
[10, 34, 14, 35, 40, 37, 49, 17, 43, 44, 54]
[10, 14, 40, 37, 42, 38, 43, 50, 52, 18, 44]
[10, 35, 16, 37, 42, 17, 43, 18, 39, 51, 54]
[10, 35, 40, 16, 49, 17, 38, 18, 39, 44, 54]
[10, 34, 40, 16, 49, 38, 43, 50, 52, 18, 44]
[10, 34, 16, 37, 49, 38, 43, 50, 52, 39, 51]
[10, 34, 35, 37, 42, 17, 38, 43, 52, 18, 51]
[10, 34, 35, 40, 42, 17, 38, 43, 52, 39, 44]
[13, 34, 14, 16, 37, 17, 38, 43, 52, 18, 51]
[13, 34, 14, 40, 16, 42, 49, 17, 52, 18, 44]
[13, 34, 14, 35, 16, 37, 49, 17, 43, 44, 54]
[13, 34, 14, 35, 40, 16, 42, 17, 38, 51, 54]
[13, 34, 14, 16, 37, 42, 49, 17, 52, 39, 51]
[13, 34, 14, 40, 16, 17, 38, 43, 52, 39, 44]
[13, 34, 14, 37, 42, 43, 50, 18, 39, 44, 54]
[13, 34, 14, 40, 49, 38, 50, 18, 39, 51, 54]
[13, 35, 40, 16, 37, 38, 43, 50, 52, 18, 44]
[13, 40, 16, 37, 42, 38, 50, 18, 39, 51, 54]
[13, 35, 40, 16, 37, 42, 49, 50, 52, 39, 44]
[13, 35, 40, 37, 42, 17, 43, 18, 39, 51, 54]
[13, 40, 37, 42, 49, 17, 38, 43, 52, 39, 44]
[14, 40, 16, 42, 49, 17, 38, 18, 39, 44, 54]
[14, 40, 16, 42, 49, 17, 38, 43, 52, 18, 51]
[14, 16, 37, 42, 49, 17, 38, 43, 52, 39, 44]
[14, 35, 40, 42, 49, 43, 50, 18, 39, 44, 54]
[34, 35, 40, 16, 37, 43, 50, 18, 39, 44, 54]
[34, 35, 16, 42, 49, 38, 50, 18, 39, 51, 54]
[34, 35, 16, 42, 49, 38, 43, 50, 52, 18, 44]
[34, 35, 40, 16, 37, 42, 49, 38, 50, 44, 54]
[10, 13, 34, 14, 35, 16, 17, 43, 52, 18, 39, 44]
[10, 13, 34, 14, 35, 40, 16, 37, 17, 43, 52, 51]
[10, 13, 34, 14, 35, 16, 42, 49, 17, 38, 52, 44]
[10, 13, 14, 35, 40, 16, 37, 42, 50, 39, 51, 54]
[10, 13, 14, 35, 16, 49, 38, 43, 50, 39, 44, 54]
[10, 13, 14, 40, 37, 42, 17, 38, 43, 39, 51, 54]
[10, 13, 34, 16, 37, 49, 17, 38, 43, 18, 44, 54]
[10, 13, 34, 40, 16, 49, 17, 38, 43, 39, 51, 54]
[10, 13, 16, 37, 42, 49, 38, 50, 52, 18, 39, 44]
[10, 13, 35, 37, 42, 49, 17, 43, 52, 18, 39, 44]
[10, 13, 34, 35, 40, 42, 38, 43, 50, 18, 51, 54]
[10, 13, 34, 35, 37, 42, 38, 43, 50, 39, 44, 54]
[10, 34, 14, 40, 16, 37, 42, 49, 50, 18, 44, 54]
[10, 34, 14, 40, 16, 37, 38, 43, 50, 39, 44, 54]
[10, 34, 14, 35, 42, 49, 17, 38, 43, 39, 51, 54]
[10, 14, 40, 37, 42, 49, 38, 50, 52, 18, 39, 44]
[10, 34, 16, 37, 42, 49, 43, 50, 52, 18, 39, 51]
[10, 34, 35, 37, 42, 49, 17, 38, 52, 18, 39, 51]
[13, 34, 14, 16, 37, 49, 17, 38, 52, 18, 39, 51]
[13, 34, 14, 40, 16, 42, 17, 43, 52, 18, 39, 44]
[13, 34, 14, 35, 37, 49, 43, 50, 52, 18, 39, 51]
[13, 34, 14, 35, 40, 42, 38, 50, 52, 18, 39, 44]
[13, 35, 40, 16, 37, 49, 38, 50, 52, 18, 39, 44]
[13, 40, 16, 37, 42, 49, 38, 43, 50, 18, 51, 54]
[34, 35, 40, 16, 37, 49, 43, 50, 52, 18, 39, 51]
[34, 35, 40, 16, 37, 42, 38, 43, 50, 39, 44, 54]
[10, 13, 34, 14, 35, 40, 16, 37, 49, 17, 52, 39, 51]
[10, 13, 34, 14, 35, 16, 42, 17, 38, 43, 52, 39, 44]
[10, 13, 14, 35, 40, 16, 37, 38, 50, 18, 39, 51, 54]
[10, 13, 14, 35, 16, 42, 49, 43, 50, 18, 39, 44, 54]
[10, 13, 14, 35, 40, 16, 37, 42, 49, 43, 50, 51, 54]
[10, 13, 34, 14, 40, 37, 49, 38, 43, 50, 52, 39, 51]
[10, 13, 34, 40, 16, 42, 49, 17, 43, 18, 39, 51, 54]
[10, 13, 34, 35, 40, 42, 49, 38, 50, 18, 39, 51, 54]
[10, 14, 35, 40, 16, 37, 49, 17, 38, 43, 52, 39, 44]
[10, 34, 14, 40, 16, 37, 42, 43, 50, 18, 39, 44, 54]
[10, 34, 14, 35, 40, 37, 42, 17, 38, 18, 39, 44, 54]
[13, 34, 14, 35, 16, 37, 42, 17, 38, 18, 39, 44, 54]
[13, 34, 14, 35, 40, 16, 49, 17, 43, 18, 39, 51, 54]
[13, 34, 14, 35, 40, 42, 49, 38, 43, 50, 52, 18, 44]
[13, 34, 14, 35, 37, 42, 49, 38, 43, 50, 52, 39, 51]
[34, 35, 40, 16, 37, 42, 49, 38, 43, 50, 52, 39, 51]
[10, 13, 14, 35, 40, 16, 37, 49, 38, 43, 50, 18, 51, 54]
[10, 13, 34, 14, 40, 37, 42, 49, 43, 50, 52, 18, 39, 51]
[10, 14, 35, 40, 16, 37, 42, 49, 17, 43, 52, 18, 39, 44]
[10, 34, 14, 35, 40, 37, 42, 49, 17, 38, 43, 18, 44, 54]
[13, 34, 14, 35, 16, 37, 42, 49, 17, 38, 43, 18, 44, 54]
[13, 34, 14, 35, 40, 16, 42, 49, 17, 38, 43, 39, 51, 54]
[10, 13, 34, 14, 35, 40, 16, 37, 42, 17, 38, 43, 52, 18, 51]
[10, 13, 34, 14, 35, 40, 16, 37, 42, 49, 17, 38, 52, 18, 39, 51]
