[[2, 5, 7], [3, 5], [4, 5, 7], [6, 7]]
[0, 49, 54]
[0, 14, 7, 54]
[0, 42, 9, 54]
[0, 40, 49, 54]
[0, 14, 40, 7, 54]
[0, 16, 8, 9, 54]
[0, 40, 42, 9, 54]
[0, 43, 44, 51, 54]
[0, 40, 16, 8, 9, 54]
[0, 16, 42, 49, 8, 54]
[0, 43, 50, 9, 18, 54]
[0, 40, 43, 44, 51, 54]
[0, 14, 7, 16, 42, 8, 54]
[0, 14, 7, 42, 49, 9, 54]
[0, 40, 16, 42, 49, 8, 54]
[0, 40, 43, 50, 9, 18, 54]
[0, 42, 49, 43, 50, 18, 54]
[0, 42, 50, 18, 44, 51, 54]
[0, 14, 7, 16, 49, 8, 9, 54]
[0, 14, 40, 7, 16, 42, 8, 54]
[0, 14, 40, 7, 42, 49, 9, 54]
[0, 14, 7, 42, 43, 50, 18, 54]
[0, 14, 7, 49, 43, 44, 51, 54]
[0, 16, 49, 8, 43, 50, 18, 54]
[0, 16, 8, 50, 18, 44, 51, 54]
[0, 16, 42, 8, 43, 44, 51, 54]
[0, 49, 50, 9, 18, 44, 51, 54]
[0, 42, 49, 43, 9, 44, 51, 54]
[0, 40, 42, 49, 43, 50, 18, 54]
[0, 40, 42, 50, 18, 44, 51, 54]
[0, 14, 40, 7, 16, 49, 8, 9, 54]
[0, 14, 7, 16, 8, 43, 50, 18, 54]
[0, 14, 7, 49, 43, 50, 9, 18, 54]
[0, 14, 7, 50, 9, 18, 44, 51, 54]
[0, 14, 7, 42, 43, 9, 44, 51, 54]
[0, 14, 40, 7, 42, 43, 50, 18, 54]
[0, 14, 40, 7, 49, 43, 44, 51, 54]
[0, 16, 42, 8, 43, 50, 9, 18, 54]
[0, 16, 49, 8, 43, 9, 44, 51, 54]
[0, 40, 16, 49, 8, 43, 50, 18, 54]
[0, 40, 16, 8, 50, 18, 44, 51, 54]
[0, 40, 16, 42, 8, 43, 44, 51, 54]
[0, 40, 49, 50, 9, 18, 44, 51, 54]
[0, 40, 42, 49, 43, 9, 44, 51, 54]
[0, 14, 7, 16, 8, 43, 9, 44, 51, 54]
[0, 14, 40, 7, 16, 8, 43, 50, 18, 54]
[0, 14, 40, 7, 49, 43, 50, 9, 18, 54]
[0, 14, 40, 7, 50, 9, 18, 44, 51, 54]
[0, 14, 40, 7, 42, 43, 9, 44, 51, 54]
[0, 14, 7, 42, 49, 50, 18, 44, 51, 54]
[0, 40, 16, 42, 8, 43, 50, 9, 18, 54]
[0, 40, 16, 49, 8, 43, 9, 44, 51, 54]
[0, 14, 40, 7, 16, 8, 43, 9, 44, 51, 54]
[0, 14, 7, 16, 49, 8, 50, 18, 44, 51, 54]
[0, 14, 7, 16, 42, 49, 8, 43, 44, 51, 54]
[0, 14, 40, 7, 42, 49, 50, 18, 44, 51, 54]
[0, 16, 42, 49, 8, 50, 9, 18, 44, 51, 54]
[0, 14, 7, 16, 42, 49, 8, 43, 50, 9, 18, 54]
[0, 14, 7, 16, 42, 8, 50, 9, 18, 44, 51, 54]
[0, 14, 40, 7, 16, 49, 8, 50, 18, 44, 51, 54]
[0, 14, 40, 7, 16, 42, 49, 8, 43, 44, 51, 54]
[0, 40, 16, 42, 49, 8, 50, 9, 18, 44, 51, 54]
[0, 14, 40, 7, 16, 42, 49, 8, 43, 50, 9, 18, 54]
[0, 14, 40, 7, 16, 42, 8, 50, 9, 18, 44, 51, 54]
