[[2, 7], [3, 5], [4, 7], [6, 7]]
[10, 7, 8, 17, 52]
[10, 17, 52, 18, 51]
[10, 7, 16, 42, 17, 52]
[10, 14, 49, 8, 17, 52]
[10, 49, 17, 43, 52, 18]
[10, 42, 17, 50, 52, 51]
[0, 1, 10, 5, 8, 18, 44]
[0, 1, 10, 5, 16, 50, 44]
[0, 1, 10, 17, 52, 18, 51]
[0, 1, 10, 40, 52, 53, 54]
[5, 8, 52, 18, 44, 53, 54]
[5, 16, 50, 52, 44, 53, 54]
[10, 7, 8, 17, 52, 53, 54]
[10, 14, 7, 17, 43, 52, 18]
[10, 7, 16, 17, 50, 52, 18]
[10, 14, 40, 8, 17, 52, 9]
[10, 14, 8, 17, 43, 52, 51]
[10, 16, 8, 17, 50, 52, 51]
[10, 40, 17, 43, 52, 9, 18]
[10, 14, 16, 42, 49, 17, 52]
[10, 42, 49, 17, 43, 50, 52]
[0, 1, 10, 5, 8, 17, 52, 9]
[0, 1, 10, 5, 42, 8, 50, 44]
[0, 1, 10, 5, 16, 42, 18, 44]
[0, 1, 10, 49, 52, 9, 53, 54]
[0, 1, 10, 49, 17, 43, 52, 18]
[0, 1, 10, 42, 17, 50, 52, 51]
[5, 42, 8, 50, 52, 44, 53, 54]
[5, 16, 42, 52, 18, 44, 53, 54]
[10, 40, 7, 49, 8, 17, 52, 9]
[10, 7, 42, 8, 17, 50, 52, 18]
[10, 7, 49, 8, 17, 43, 52, 51]
[10, 14, 7, 49, 17, 52, 18, 51]
[10, 14, 7, 42, 17, 43, 50, 52]
[10, 7, 16, 42, 17, 52, 53, 54]
[10, 14, 49, 8, 17, 52, 53, 54]
[10, 16, 42, 8, 17, 52, 18, 51]
[10, 16, 49, 8, 17, 43, 50, 52]
[10, 14, 40, 16, 42, 17, 52, 9]
[10, 40, 49, 17, 52, 9, 18, 51]
[10, 17, 52, 9, 18, 44, 53, 54]
[10, 40, 42, 17, 43, 50, 52, 9]
[10, 14, 16, 49, 17, 50, 52, 18]
[10, 14, 16, 42, 17, 43, 52, 51]
[0, 1, 10, 5, 40, 49, 8, 17, 52]
[0, 1, 10, 5, 16, 42, 17, 52, 9]
[0, 1, 10, 14, 7, 52, 9, 53, 54]
[0, 1, 10, 14, 7, 17, 43, 52, 18]
[0, 1, 10, 16, 8, 17, 50, 52, 51]
[0, 1, 10, 40, 17, 43, 52, 9, 18]
[0, 1, 10, 43, 52, 9, 51, 53, 54]
[0, 1, 10, 42, 49, 17, 43, 50, 52]
[10, 40, 7, 8, 17, 43, 52, 9, 51]
[10, 14, 7, 16, 8, 17, 43, 50, 52]
[10, 14, 40, 7, 17, 52, 9, 18, 51]
[10, 40, 7, 16, 42, 49, 17, 52, 9]
[10, 14, 7, 42, 49, 17, 50, 52, 51]
[10, 7, 16, 17, 50, 52, 18, 53, 54]
[10, 7, 16, 42, 49, 17, 43, 52, 51]
[10, 14, 40, 8, 17, 52, 9, 53, 54]
[10, 40, 16, 8, 17, 43, 50, 52, 9]
[10, 14, 42, 49, 8, 17, 50, 52, 18]
[10, 14, 8, 17, 43, 52, 51, 53, 54]
[10, 16, 42, 49, 8, 17, 43, 52, 18]
[10, 14, 40, 16, 17, 50, 52, 9, 18]
[10, 40, 42, 49, 17, 50, 52, 9, 51]
[10, 42, 17, 50, 52, 9, 44, 53, 54]
[10, 14, 16, 17, 43, 50, 52, 18, 51]
[10, 14, 16, 42, 49, 17, 52, 53, 54]
[10, 40, 49, 17, 52, 18, 44, 53, 54]
[0, 1, 10, 5, 14, 40, 7, 8, 17, 52]
[0, 1, 10, 5, 14, 7, 49, 8, 18, 44]
[0, 1, 10, 5, 14, 7, 16, 49, 50, 44]
[0, 1, 10, 5, 40, 49, 8, 9, 18, 44]
[0, 1, 10, 5, 40, 8, 17, 43, 52, 51]
[0, 1, 10, 5, 49, 8, 43, 18, 44, 51]
[0, 1, 10, 5, 16, 17, 50, 52, 9, 18]
[0, 1, 10, 5, 40, 16, 49, 50, 9, 44]
[0, 1, 10, 5, 40, 16, 42, 49, 17, 52]
[0, 1, 10, 5, 16, 49, 43, 50, 44, 51]
[0, 1, 10, 14, 7, 49, 17, 52, 18, 51]
[0, 1, 10, 14, 7, 42, 17, 43, 50, 52]
[0, 1, 10, 14, 40, 7, 49, 52, 53, 54]
[0, 1, 10, 16, 42, 8, 17, 52, 18, 51]
[0, 1, 10, 16, 49, 8, 17, 43, 50, 52]
[0, 1, 10, 40, 16, 42, 8, 52, 53, 54]
[0, 1, 10, 40, 49, 17, 52, 9, 18, 51]
[0, 1, 10, 40, 42, 17, 43, 50, 52, 9]
[0, 1, 10, 40, 42, 50, 52, 18, 53, 54]
[0, 1, 10, 40, 49, 43, 52, 51, 53, 54]
[5, 14, 7, 49, 8, 52, 18, 44, 53, 54]
[5, 14, 7, 16, 49, 50, 52, 44, 53, 54]
[5, 40, 49, 8, 52, 9, 18, 44, 53, 54]
[5, 49, 8, 43, 52, 18, 44, 51, 53, 54]
[5, 40, 16, 49, 50, 52, 9, 44, 53, 54]
[5, 16, 49, 43, 50, 52, 44, 51, 53, 54]
[10, 40, 7, 49, 8, 17, 52, 9, 53, 54]
[10, 14, 7, 16, 42, 8, 17, 43, 52, 18]
[10, 14, 7, 16, 49, 8, 17, 50, 52, 51]
[10, 7, 42, 8, 17, 50, 52, 18, 53, 54]
[10, 7, 49, 8, 17, 43, 52, 51, 53, 54]
[10, 14, 40, 7, 49, 17, 43, 52, 9, 18]
[10, 14, 40, 7, 42, 17, 50, 52, 9, 51]
[10, 40, 7, 16, 49, 17, 50, 52, 9, 18]
[10, 40, 7, 16, 42, 17, 43, 52, 9, 51]
[10, 14, 40, 7, 17, 52, 18, 44, 53, 54]
[10, 7, 16, 49, 17, 43, 50, 52, 18, 51]
[10, 14, 40, 42, 8, 17, 50, 52, 9, 18]
[10, 14, 40, 49, 8, 17, 43, 52, 9, 51]
[10, 40, 16, 42, 8, 17, 43, 52, 9, 18]
[10, 40, 16, 49, 8, 17, 50, 52, 9, 51]
[10, 16, 8, 17, 50, 52, 9, 44, 53, 54]
[10, 14, 42, 8, 17, 43, 50, 52, 18, 51]
[10, 14, 40, 16, 42, 17, 52, 9, 53, 54]
[10, 14, 16, 49, 17, 50, 52, 18, 53, 54]
[10, 14, 16, 42, 17, 43, 52, 51, 53, 54]
[10, 40, 17, 43, 52, 18, 44, 51, 53, 54]
[10, 40, 42, 49, 17, 50, 52, 44, 53, 54]
[0, 1, 10, 5, 14, 7, 49, 8, 17, 52, 9]
[0, 1, 10, 5, 14, 40, 7, 8, 9, 18, 44]
[0, 1, 10, 5, 14, 7, 8, 43, 18, 44, 51]
[0, 1, 10, 5, 14, 7, 42, 49, 8, 50, 44]
[0, 1, 10, 5, 14, 40, 7, 16, 50, 9, 44]
[0, 1, 10, 5, 14, 40, 7, 16, 42, 17, 52]
[0, 1, 10, 5, 14, 7, 16, 42, 49, 18, 44]
[0, 1, 10, 5, 14, 7, 16, 43, 50, 44, 51]
[0, 1, 10, 5, 42, 8, 17, 50, 52, 9, 18]
[0, 1, 10, 5, 49, 8, 17, 43, 52, 9, 51]
[0, 1, 10, 5, 40, 8, 43, 9, 18, 44, 51]
[0, 1, 10, 5, 40, 42, 49, 8, 50, 9, 44]
[0, 1, 10, 5, 42, 49, 8, 43, 50, 44, 51]
[0, 1, 10, 5, 40, 16, 42, 49, 9, 18, 44]
[0, 1, 10, 5, 40, 16, 43, 50, 9, 44, 51]
[0, 1, 10, 5, 40, 16, 49, 17, 50, 52, 18]
[0, 1, 10, 5, 40, 16, 42, 17, 43, 52, 51]
[0, 1, 10, 5, 16, 42, 49, 43, 18, 44, 51]
[0, 1, 10, 14, 7, 16, 8, 17, 43, 50, 52]
[0, 1, 10, 14, 40, 7, 17, 52, 9, 18, 51]
[0, 1, 10, 14, 7, 42, 49, 17, 50, 52, 51]
[0, 1, 10, 14, 40, 7, 43, 52, 51, 53, 54]
[0, 1, 10, 40, 16, 8, 17, 43, 50, 52, 9]
[0, 1, 10, 16, 42, 49, 8, 52, 9, 53, 54]
[0, 1, 10, 16, 42, 49, 8, 17, 43, 52, 18]
[0, 1, 10, 40, 16, 8, 50, 52, 18, 53, 54]
[0, 1, 10, 40, 42, 49, 17, 50, 52, 9, 51]
[0, 1, 10, 42, 49, 50, 52, 9, 18, 53, 54]
[5, 14, 40, 7, 8, 52, 9, 18, 44, 53, 54]
[5, 14, 7, 8, 43, 52, 18, 44, 51, 53, 54]
[5, 14, 7, 42, 49, 8, 50, 52, 44, 53, 54]
[5, 14, 40, 7, 16, 50, 52, 9, 44, 53, 54]
[5, 14, 7, 16, 42, 49, 52, 18, 44, 53, 54]
[5, 14, 7, 16, 43, 50, 52, 44, 51, 53, 54]
[5, 40, 8, 43, 52, 9, 18, 44, 51, 53, 54]
[5, 40, 42, 49, 8, 50, 52, 9, 44, 53, 54]
[5, 42, 49, 8, 43, 50, 52, 44, 51, 53, 54]
[5, 40, 16, 42, 49, 52, 9, 18, 44, 53, 54]
[5, 40, 16, 43, 50, 52, 9, 44, 51, 53, 54]
[5, 16, 42, 49, 43, 52, 18, 44, 51, 53, 54]
[10, 14, 40, 7, 16, 8, 17, 50, 52, 9, 51]
[10, 40, 7, 42, 49, 8, 17, 50, 52, 9, 18]
[10, 40, 7, 8, 17, 43, 52, 9, 51, 53, 54]
[10, 14, 7, 16, 42, 49, 8, 17, 52, 18, 51]
[10, 7, 42, 49, 8, 17, 43, 50, 52, 18, 51]
[10, 14, 7, 49, 17, 52, 9, 18, 44, 53, 54]
[10, 14, 40, 7, 42, 49, 17, 43, 50, 52, 9]
[10, 40, 7, 16, 17, 43, 50, 52, 9, 18, 51]
[10, 40, 7, 16, 42, 49, 17, 52, 9, 53, 54]
[10, 14, 40, 7, 42, 17, 50, 52, 44, 53, 54]
[10, 7, 16, 42, 49, 17, 43, 52, 51, 53, 54]
[10, 40, 16, 42, 49, 8, 17, 52, 9, 18, 51]
[10, 16, 42, 8, 17, 52, 9, 18, 44, 53, 54]
[10, 14, 42, 49, 8, 17, 50, 52, 18, 53, 54]
[10, 40, 16, 49, 8, 17, 50, 52, 44, 53, 54]
[10, 14, 40, 16, 17, 50, 52, 9, 18, 53, 54]
[10, 14, 40, 16, 42, 49, 17, 43, 52, 9, 51]
[10, 49, 17, 43, 52, 9, 18, 44, 51, 53, 54]
[10, 14, 16, 17, 43, 50, 52, 18, 51, 53, 54]
[10, 40, 42, 17, 43, 50, 52, 44, 51, 53, 54]
[0, 1, 10, 5, 14, 7, 8, 17, 43, 52, 9, 51]
[0, 1, 10, 5, 14, 40, 7, 42, 8, 50, 9, 44]
[0, 1, 10, 5, 14, 7, 42, 8, 43, 50, 44, 51]
[0, 1, 10, 5, 14, 7, 16, 42, 49, 17, 52, 9]
[0, 1, 10, 5, 14, 40, 7, 16, 42, 9, 18, 44]
[0, 1, 10, 5, 14, 40, 7, 16, 17, 50, 52, 18]
[0, 1, 10, 5, 14, 7, 16, 42, 43, 18, 44, 51]
[0, 1, 10, 5, 40, 42, 8, 43, 50, 9, 44, 51]
[0, 1, 10, 5, 40, 42, 49, 8, 17, 50, 52, 18]
[0, 1, 10, 5, 16, 42, 49, 17, 43, 52, 9, 51]
[0, 1, 10, 5, 40, 16, 42, 43, 9, 18, 44, 51]
[0, 1, 10, 5, 40, 16, 17, 43, 50, 52, 18, 51]
[0, 1, 10, 14, 7, 16, 42, 8, 52, 9, 53, 54]
[0, 1, 10, 14, 7, 16, 42, 8, 17, 43, 52, 18]
[0, 1, 10, 14, 7, 16, 49, 8, 17, 50, 52, 51]
[0, 1, 10, 14, 40, 7, 49, 17, 43, 52, 9, 18]
[0, 1, 10, 14, 40, 7, 42, 17, 50, 52, 9, 51]
[0, 1, 10, 14, 7, 42, 50, 52, 9, 18, 53, 54]
[0, 1, 10, 14, 7, 49, 43, 52, 9, 51, 53, 54]
[0, 1, 10, 40, 16, 42, 8, 17, 43, 52, 9, 18]
[0, 1, 10, 40, 16, 49, 8, 17, 50, 52, 9, 51]
[0, 1, 10, 16, 49, 8, 50, 52, 9, 18, 53, 54]
[0, 1, 10, 16, 42, 8, 43, 52, 9, 51, 53, 54]
[0, 1, 10, 42, 43, 50, 52, 9, 18, 51, 53, 54]
[5, 14, 40, 7, 42, 8, 50, 52, 9, 44, 53, 54]
[5, 14, 7, 42, 8, 43, 50, 52, 44, 51, 53, 54]
[5, 14, 40, 7, 16, 42, 52, 9, 18, 44, 53, 54]
[5, 14, 7, 16, 42, 43, 52, 18, 44, 51, 53, 54]
[5, 40, 42, 8, 43, 50, 52, 9, 44, 51, 53, 54]
[5, 40, 16, 42, 43, 52, 9, 18, 44, 51, 53, 54]
[10, 14, 40, 7, 16, 42, 8, 17, 52, 9, 18, 51]
[10, 14, 40, 7, 16, 49, 8, 17, 43, 50, 52, 9]
[10, 40, 7, 42, 8, 17, 43, 50, 52, 9, 18, 51]
[10, 14, 40, 7, 16, 8, 17, 50, 52, 44, 53, 54]
[10, 14, 7, 17, 43, 52, 9, 18, 44, 51, 53, 54]
[10, 14, 7, 42, 49, 17, 50, 52, 9, 44, 53, 54]
[10, 40, 7, 16, 49, 17, 50, 52, 9, 18, 53, 54]
[10, 40, 7, 16, 42, 17, 43, 52, 9, 51, 53, 54]
[10, 7, 16, 49, 17, 43, 50, 52, 18, 51, 53, 54]
[10, 14, 40, 42, 8, 17, 50, 52, 9, 18, 53, 54]
[10, 14, 40, 49, 8, 17, 43, 52, 9, 51, 53, 54]
[10, 14, 42, 8, 17, 43, 50, 52, 18, 51, 53, 54]
[10, 40, 16, 42, 49, 8, 17, 52, 18, 44, 53, 54]
[10, 40, 16, 8, 17, 43, 50, 52, 44, 51, 53, 54]
[10, 14, 40, 16, 49, 17, 43, 50, 52, 9, 18, 51]
[10, 42, 49, 17, 43, 50, 52, 9, 44, 51, 53, 54]
[0, 1, 10, 5, 14, 40, 7, 42, 8, 17, 50, 52, 18]
[0, 1, 10, 5, 14, 40, 7, 49, 8, 17, 43, 52, 51]
[0, 1, 10, 5, 14, 7, 16, 49, 17, 50, 52, 9, 18]
[0, 1, 10, 5, 14, 7, 16, 42, 17, 43, 52, 9, 51]
[0, 1, 10, 5, 40, 42, 8, 17, 43, 50, 52, 18, 51]
[0, 1, 10, 5, 16, 49, 17, 43, 50, 52, 9, 18, 51]
[0, 1, 10, 14, 40, 7, 16, 8, 17, 50, 52, 9, 51]
[0, 1, 10, 14, 7, 16, 8, 50, 52, 9, 18, 53, 54]
[0, 1, 10, 14, 7, 16, 42, 49, 8, 17, 52, 18, 51]
[0, 1, 10, 14, 40, 7, 16, 42, 49, 8, 52, 53, 54]
[0, 1, 10, 14, 40, 7, 42, 49, 17, 43, 50, 52, 9]
[0, 1, 10, 14, 40, 7, 42, 49, 50, 52, 18, 53, 54]
[0, 1, 10, 40, 16, 42, 49, 8, 17, 52, 9, 18, 51]
[0, 1, 10, 16, 8, 43, 50, 52, 9, 18, 51, 53, 54]
[0, 1, 10, 40, 16, 42, 49, 8, 43, 52, 51, 53, 54]
[0, 1, 10, 40, 42, 49, 43, 50, 52, 18, 51, 53, 54]
[10, 14, 40, 7, 16, 42, 49, 8, 17, 43, 52, 9, 18]
[10, 14, 7, 16, 49, 8, 17, 50, 52, 9, 44, 53, 54]
[10, 40, 7, 42, 49, 8, 17, 50, 52, 9, 18, 53, 54]
[10, 14, 40, 7, 16, 42, 8, 17, 52, 18, 44, 53, 54]
[10, 7, 42, 49, 8, 17, 43, 50, 52, 18, 51, 53, 54]
[10, 14, 7, 42, 17, 43, 50, 52, 9, 44, 51, 53, 54]
[10, 40, 7, 16, 17, 43, 50, 52, 9, 18, 51, 53, 54]
[10, 14, 40, 7, 49, 17, 43, 52, 18, 44, 51, 53, 54]
[10, 14, 40, 42, 49, 8, 17, 43, 50, 52, 9, 18, 51]
[10, 16, 49, 8, 17, 43, 50, 52, 9, 44, 51, 53, 54]
[10, 40, 16, 42, 8, 17, 43, 52, 18, 44, 51, 53, 54]
[10, 14, 40, 16, 42, 49, 17, 43, 52, 9, 51, 53, 54]
[0, 1, 10, 5, 14, 7, 42, 49, 8, 17, 50, 52, 9, 18]
[0, 1, 10, 5, 14, 40, 7, 49, 8, 43, 9, 18, 44, 51]
[0, 1, 10, 5, 14, 7, 16, 17, 43, 50, 52, 9, 18, 51]
[0, 1, 10, 5, 14, 40, 7, 16, 49, 43, 50, 9, 44, 51]
[0, 1, 10, 5, 14, 40, 7, 16, 42, 49, 17, 43, 52, 51]
[0, 1, 10, 5, 42, 49, 8, 17, 43, 50, 52, 9, 18, 51]
[0, 1, 10, 14, 40, 7, 16, 42, 8, 17, 52, 9, 18, 51]
[0, 1, 10, 14, 40, 7, 16, 49, 8, 17, 43, 50, 52, 9]
[0, 1, 10, 14, 40, 7, 16, 49, 8, 50, 52, 18, 53, 54]
[0, 1, 10, 14, 40, 7, 16, 42, 8, 43, 52, 51, 53, 54]
[0, 1, 10, 14, 40, 7, 42, 43, 50, 52, 18, 51, 53, 54]
[0, 1, 10, 40, 16, 49, 8, 43, 50, 52, 18, 51, 53, 54]
[5, 14, 40, 7, 49, 8, 43, 52, 9, 18, 44, 51, 53, 54]
[5, 14, 40, 7, 16, 49, 43, 50, 52, 9, 44, 51, 53, 54]
[10, 14, 7, 16, 42, 49, 8, 17, 52, 9, 18, 44, 53, 54]
[10, 14, 7, 16, 8, 17, 43, 50, 52, 9, 44, 51, 53, 54]
[10, 40, 7, 42, 8, 17, 43, 50, 52, 9, 18, 51, 53, 54]
[10, 14, 40, 7, 42, 49, 17, 43, 50, 52, 44, 51, 53, 54]
[10, 16, 42, 49, 8, 17, 43, 52, 9, 18, 44, 51, 53, 54]
[10, 14, 40, 16, 49, 17, 43, 50, 52, 9, 18, 51, 53, 54]
[0, 1, 10, 5, 14, 7, 42, 8, 17, 43, 50, 52, 9, 18, 51]
[0, 1, 10, 5, 14, 40, 7, 42, 49, 8, 43, 50, 9, 44, 51]
[0, 1, 10, 5, 14, 40, 7, 16, 42, 49, 43, 9, 18, 44, 51]
[0, 1, 10, 5, 14, 40, 7, 16, 49, 17, 43, 50, 52, 18, 51]
[0, 1, 10, 14, 40, 7, 16, 42, 49, 8, 17, 43, 52, 9, 18]
[0, 1, 10, 14, 7, 16, 42, 49, 8, 43, 52, 9, 51, 53, 54]
[0, 1, 10, 14, 40, 7, 16, 8, 43, 50, 52, 18, 51, 53, 54]
[0, 1, 10, 14, 7, 42, 49, 43, 50, 52, 9, 18, 51, 53, 54]
[5, 14, 40, 7, 42, 49, 8, 43, 50, 52, 9, 44, 51, 53, 54]
[5, 14, 40, 7, 16, 42, 49, 43, 52, 9, 18, 44, 51, 53, 54]
[10, 14, 7, 16, 42, 8, 17, 43, 52, 9, 18, 44, 51, 53, 54]
[10, 14, 40, 7, 16, 49, 8, 17, 43, 50, 52, 44, 51, 53, 54]
[10, 14, 40, 42, 49, 8, 17, 43, 50, 52, 9, 18, 51, 53, 54]
[0, 1, 10, 5, 14, 40, 7, 42, 49, 8, 17, 43, 50, 52, 18, 51]
[0, 1, 10, 14, 7, 16, 49, 8, 43, 50, 52, 9, 18, 51, 53, 54]
[10, 14, 40, 7, 16, 42, 49, 8, 17, 43, 52, 18, 44, 51, 53, 54]
