[[0, 4, 8], [2, 4], [3, 5], [6, 7]]
[16, 43, 18]
[40, 38, 50]
[13, 49, 17, 38]
[16, 49, 18, 39]
[16, 42, 38, 43]
[40, 42, 50, 18]
[35, 42, 43, 52]
[42, 52, 44, 51]
[10, 34, 16, 49, 53]
[13, 42, 49, 17, 18]
[13, 17, 38, 43, 39]
[34, 14, 16, 43, 18]
[14, 40, 16, 38, 50]
[34, 14, 40, 37, 38]
[34, 14, 38, 39, 53]
[14, 35, 40, 50, 52]
[35, 16, 18, 44, 51]
[16, 37, 43, 50, 18]
[16, 49, 18, 51, 53]
[34, 40, 16, 37, 38]
[34, 16, 38, 39, 53]
[35, 40, 16, 50, 52]
[16, 42, 49, 38, 39]
[35, 38, 43, 52, 18]
[38, 52, 18, 44, 51]
[34, 35, 40, 37, 52]
[34, 35, 52, 39, 53]
[34, 40, 42, 44, 51]
[35, 42, 49, 52, 39]
[37, 38, 50, 39, 53]
[38, 50, 51, 53, 54]
[10, 13, 35, 40, 16, 17]
[10, 13, 40, 17, 38, 52]
[10, 14, 40, 16, 43, 50]
[10, 34, 40, 16, 37, 43]
[10, 34, 16, 43, 39, 53]
[13, 35, 16, 49, 17, 52]
[13, 42, 17, 43, 18, 39]
[13, 40, 42, 17, 43, 50]
[34, 14, 16, 49, 18, 39]
[14, 40, 16, 42, 50, 18]
[34, 14, 16, 42, 38, 43]
[34, 14, 16, 42, 51, 53]
[34, 14, 40, 37, 42, 18]
[34, 14, 42, 18, 39, 53]
[34, 14, 35, 42, 43, 52]
[34, 14, 49, 38, 43, 53]
[40, 16, 49, 17, 50, 52]
[34, 40, 16, 37, 42, 18]
[34, 16, 42, 18, 39, 53]
[16, 37, 49, 50, 18, 39]
[40, 16, 37, 43, 18, 51]
[40, 16, 37, 49, 18, 53]
[16, 43, 18, 39, 51, 53]
[40, 16, 49, 50, 18, 53]
[34, 16, 49, 38, 43, 53]
[35, 16, 42, 38, 44, 51]
[16, 37, 42, 38, 43, 50]
[16, 37, 42, 50, 51, 53]
[16, 42, 49, 38, 51, 53]
[40, 16, 42, 50, 39, 51]
[16, 42, 43, 50, 51, 54]
[35, 40, 49, 17, 38, 50]
[34, 40, 38, 18, 44, 51]
[35, 49, 38, 52, 18, 39]
[37, 42, 50, 18, 39, 53]
[42, 50, 18, 51, 53, 54]
[34, 35, 49, 43, 52, 53]
[35, 37, 42, 43, 50, 52]
[35, 42, 49, 52, 51, 53]
[37, 49, 38, 43, 50, 53]
[40, 49, 38, 43, 50, 39]
[10, 13, 14, 40, 16, 42, 44]
[10, 13, 40, 42, 17, 52, 18]
[10, 13, 49, 50, 44, 51, 53]
[10, 14, 16, 37, 49, 50, 53]
[10, 14, 40, 16, 49, 50, 39]
[10, 34, 40, 16, 37, 49, 39]
[10, 34, 35, 49, 38, 52, 53]
[13, 34, 14, 42, 49, 17, 53]
[13, 14, 43, 52, 44, 51, 54]
[13, 35, 16, 17, 43, 52, 39]
[13, 40, 17, 38, 43, 50, 18]
[13, 40, 37, 17, 38, 43, 53]
[13, 37, 42, 49, 17, 50, 53]
[13, 40, 42, 49, 17, 50, 39]
[13, 40, 42, 17, 43, 50, 52]
[13, 40, 42, 49, 50, 52, 54]
[34, 14, 16, 17, 43, 52, 53]
[34, 14, 16, 37, 43, 50, 18]
[34, 14, 16, 38, 18, 51, 53]
[34, 14, 35, 40, 16, 37, 52]
[34, 14, 35, 16, 52, 39, 53]
[34, 14, 16, 42, 49, 38, 39]
[14, 16, 37, 38, 50, 39, 53]
[34, 14, 35, 17, 38, 43, 53]
[34, 14, 35, 38, 43, 52, 18]
[34, 14, 35, 52, 18, 51, 53]
[34, 14, 42, 49, 43, 18, 53]
[34, 14, 35, 42, 49, 52, 39]
[34, 14, 37, 38, 51, 53, 54]
[34, 14, 40, 38, 39, 51, 54]
[14, 35, 37, 50, 52, 39, 53]
[14, 40, 37, 42, 50, 44, 51]
[14, 42, 50, 39, 44, 51, 53]
[16, 37, 17, 43, 50, 52, 53]
[40, 16, 17, 43, 50, 52, 39]
[34, 16, 42, 49, 43, 18, 53]
[16, 37, 38, 50, 18, 51, 53]
[40, 16, 37, 43, 18, 39, 53]
[40, 16, 37, 49, 18, 39, 51]
[40, 16, 38, 50, 18, 39, 51]
[16, 38, 43, 50, 18, 51, 54]
[40, 16, 43, 50, 18, 39, 53]
[35, 16, 37, 50, 52, 39, 53]
[35, 16, 50, 52, 51, 53, 54]
[16, 37, 42, 49, 38, 50, 39]
[40, 16, 37, 42, 38, 43, 51]
[40, 16, 37, 42, 49, 38, 53]
[16, 42, 38, 43, 39, 51, 53]
[40, 16, 42, 49, 38, 50, 53]
[16, 42, 49, 50, 39, 51, 54]
[40, 16, 42, 49, 43, 50, 51]
[35, 40, 42, 49, 17, 50, 18]
[35, 37, 17, 38, 43, 50, 53]
[35, 40, 17, 38, 43, 50, 39]
[35, 37, 38, 43, 50, 52, 18]
[35, 37, 50, 52, 18, 51, 53]
[35, 49, 38, 52, 18, 51, 53]
[35, 40, 50, 52, 18, 39, 51]
[35, 43, 50, 52, 18, 51, 54]
[37, 42, 49, 43, 50, 18, 53]
[40, 42, 49, 43, 50, 18, 39]
[34, 37, 42, 39, 44, 51, 53]
[35, 37, 42, 49, 50, 52, 39]
[35, 40, 37, 42, 43, 52, 51]
[35, 40, 37, 42, 49, 52, 53]
[35, 42, 43, 52, 39, 51, 53]
[35, 40, 42, 49, 50, 52, 53]
[40, 37, 38, 50, 39, 51, 54]
[42, 49, 43, 52, 39, 44, 51]
[10, 13, 14, 40, 16, 38, 18, 44]
[10, 13, 14, 35, 40, 52, 18, 44]
[10, 13, 34, 14, 40, 43, 44, 51]
[10, 13, 35, 16, 37, 17, 39, 53]
[10, 13, 37, 17, 38, 52, 39, 53]
[10, 13, 40, 37, 43, 50, 44, 51]
[10, 13, 43, 50, 39, 44, 51, 53]
[10, 14, 16, 37, 43, 50, 39, 53]
[10, 14, 35, 40, 38, 43, 50, 52]
[10, 34, 16, 42, 49, 38, 18, 53]
[10, 34, 35, 42, 49, 52, 18, 53]
[10, 34, 35, 40, 37, 38, 43, 52]
[10, 34, 35, 38, 43, 52, 39, 53]
[13, 34, 14, 49, 17, 38, 18, 53]
[13, 34, 14, 37, 49, 17, 38, 50]
[13, 34, 14, 40, 37, 42, 17, 43]
[13, 34, 14, 42, 17, 43, 39, 53]
[13, 34, 14, 42, 49, 17, 52, 53]
[13, 34, 14, 42, 43, 52, 53, 54]
[13, 14, 49, 52, 39, 44, 51, 54]
[13, 35, 40, 16, 17, 43, 50, 18]
[13, 35, 40, 16, 49, 50, 18, 54]
[13, 37, 49, 17, 38, 50, 18, 53]
[13, 40, 37, 42, 17, 43, 18, 53]
[13, 40, 49, 17, 38, 50, 18, 39]
[13, 40, 17, 38, 43, 50, 52, 18]
[13, 40, 37, 49, 17, 38, 39, 53]
[13, 37, 42, 17, 43, 50, 39, 53]
[13, 37, 42, 49, 17, 50, 52, 53]
[13, 40, 42, 49, 17, 50, 52, 39]
[13, 40, 49, 38, 50, 52, 18, 54]
[13, 37, 42, 43, 50, 52, 53, 54]
[13, 40, 42, 43, 50, 52, 39, 54]
[34, 14, 40, 16, 37, 49, 17, 52]
[34, 14, 16, 49, 17, 52, 39, 53]
[34, 14, 16, 37, 49, 50, 18, 39]
[34, 14, 40, 16, 37, 49, 18, 53]
[34, 14, 40, 16, 43, 50, 18, 51]
[34, 14, 40, 16, 49, 50, 18, 53]
[14, 16, 37, 42, 50, 18, 39, 53]
[34, 14, 35, 16, 49, 43, 52, 53]
[34, 14, 16, 37, 42, 38, 43, 50]
[34, 14, 40, 16, 37, 42, 39, 51]
[34, 14, 16, 37, 42, 43, 51, 54]
[14, 16, 37, 49, 38, 43, 50, 53]
[14, 40, 16, 49, 38, 43, 50, 39]
[34, 14, 35, 42, 17, 43, 18, 53]
[34, 14, 35, 40, 37, 49, 17, 38]
[34, 14, 35, 49, 17, 38, 39, 53]
[34, 14, 35, 49, 38, 52, 18, 39]
[34, 14, 37, 42, 18, 51, 53, 54]
[34, 14, 40, 42, 18, 39, 51, 54]
[14, 35, 40, 42, 38, 50, 52, 18]
[14, 40, 37, 38, 50, 18, 44, 51]
[14, 38, 50, 18, 39, 44, 51, 53]
[34, 14, 35, 37, 42, 43, 50, 52]
[34, 14, 35, 42, 38, 52, 51, 53]
[34, 14, 40, 37, 49, 38, 43, 39]
[34, 14, 37, 42, 50, 52, 44, 51]
[34, 14, 40, 49, 38, 43, 51, 54]
[14, 35, 37, 49, 43, 50, 52, 53]
[14, 35, 40, 49, 43, 50, 52, 39]
[14, 42, 49, 43, 50, 44, 51, 53]
[16, 37, 49, 17, 50, 52, 39, 53]
[34, 35, 40, 16, 52, 18, 44, 51]
[35, 40, 16, 42, 38, 50, 52, 18]
[35, 16, 49, 43, 18, 39, 44, 51]
[16, 49, 38, 50, 18, 39, 51, 54]
[40, 16, 49, 38, 43, 50, 18, 51]
[34, 40, 16, 37, 49, 38, 43, 39]
[35, 16, 37, 49, 43, 50, 52, 53]
[35, 40, 16, 49, 43, 50, 52, 39]
[40, 16, 37, 42, 38, 43, 39, 53]
[40, 16, 37, 42, 49, 38, 39, 51]
[40, 16, 42, 38, 43, 50, 39, 53]
[35, 37, 42, 17, 43, 50, 18, 53]
[35, 40, 42, 17, 43, 50, 18, 39]
[35, 37, 49, 17, 38, 50, 39, 53]
[34, 35, 40, 37, 42, 38, 52, 18]
[34, 35, 42, 38, 52, 18, 39, 53]
[34, 37, 38, 18, 39, 44, 51, 53]
[35, 37, 49, 38, 50, 52, 18, 39]
[35, 40, 37, 38, 43, 52, 18, 51]
[35, 40, 37, 49, 38, 52, 18, 53]
[35, 38, 43, 52, 18, 39, 51, 53]
[35, 40, 49, 38, 50, 52, 18, 53]
[35, 49, 50, 52, 18, 39, 51, 54]
[35, 40, 49, 43, 50, 52, 18, 51]
[40, 37, 42, 50, 18, 39, 51, 54]
[49, 38, 43, 52, 18, 39, 44, 51]
[34, 35, 40, 37, 49, 43, 52, 39]
[34, 37, 42, 49, 43, 44, 51, 53]
[34, 40, 42, 49, 43, 39, 44, 51]
[35, 37, 42, 38, 50, 52, 51, 53]
[35, 40, 37, 42, 43, 52, 39, 53]
[35, 40, 37, 42, 49, 52, 39, 51]
[35, 40, 42, 38, 50, 52, 39, 51]
[35, 42, 38, 43, 50, 52, 51, 54]
[35, 40, 42, 43, 50, 52, 39, 53]
[40, 37, 49, 38, 43, 50, 51, 54]
[40, 37, 42, 52, 39, 44, 51, 53]
[49, 38, 43, 50, 39, 51, 53, 54]
[10, 13, 14, 16, 37, 42, 39, 44, 53]
[10, 13, 34, 14, 37, 49, 44, 51, 53]
[10, 13, 34, 14, 40, 49, 39, 44, 51]
[10, 13, 14, 35, 40, 42, 38, 52, 44]
[10, 13, 35, 40, 16, 42, 17, 38, 18]
[10, 13, 35, 16, 37, 49, 17, 43, 53]
[10, 13, 35, 40, 16, 49, 17, 43, 39]
[10, 13, 34, 40, 16, 37, 42, 50, 44]
[10, 13, 34, 16, 42, 50, 39, 44, 53]
[10, 13, 37, 42, 17, 52, 18, 39, 53]
[10, 13, 37, 49, 17, 38, 43, 52, 53]
[10, 13, 40, 49, 17, 38, 43, 52, 39]
[10, 13, 40, 37, 49, 50, 39, 44, 51]
[10, 14, 40, 16, 42, 38, 43, 50, 18]
[10, 14, 35, 40, 42, 43, 50, 52, 18]
[10, 14, 35, 37, 49, 38, 50, 52, 53]
[10, 14, 35, 40, 49, 38, 50, 52, 39]
[10, 34, 40, 16, 37, 42, 38, 43, 18]
[10, 34, 16, 42, 38, 43, 18, 39, 53]
[10, 34, 35, 40, 37, 42, 43, 52, 18]
[10, 34, 35, 42, 43, 52, 18, 39, 53]
[10, 34, 35, 40, 37, 49, 38, 52, 39]
[13, 34, 14, 35, 16, 49, 17, 18, 53]
[13, 34, 14, 35, 16, 43, 18, 53, 54]
[13, 14, 35, 16, 38, 43, 44, 51, 54]
[13, 34, 14, 40, 37, 17, 38, 43, 18]
[13, 34, 14, 37, 42, 49, 17, 50, 18]
[13, 34, 14, 17, 38, 43, 18, 39, 53]
[13, 34, 14, 49, 17, 38, 52, 18, 53]
[13, 34, 14, 37, 17, 38, 43, 50, 39]
[13, 34, 14, 40, 37, 42, 49, 17, 39]
[13, 34, 14, 40, 37, 42, 17, 43, 52]
[13, 34, 14, 40, 17, 38, 43, 50, 53]
[13, 34, 14, 42, 17, 43, 52, 39, 53]
[13, 34, 14, 38, 43, 52, 18, 53, 54]
[13, 34, 14, 40, 37, 42, 49, 52, 54]
[13, 34, 14, 42, 49, 52, 39, 53, 54]
[13, 35, 16, 37, 49, 17, 50, 18, 53]
[13, 35, 16, 42, 49, 17, 38, 52, 18]
[13, 35, 40, 16, 49, 17, 50, 18, 39]
[13, 35, 40, 16, 17, 43, 50, 52, 18]
[13, 35, 40, 16, 37, 17, 43, 52, 53]
[13, 35, 40, 16, 42, 17, 38, 43, 50]
[13, 35, 16, 37, 43, 50, 18, 53, 54]
[13, 35, 40, 16, 43, 50, 18, 39, 54]
[13, 35, 40, 16, 42, 49, 38, 50, 54]
[13, 37, 17, 38, 43, 50, 18, 39, 53]
[13, 37, 49, 17, 38, 50, 52, 18, 53]
[13, 40, 37, 42, 49, 17, 18, 39, 53]
[13, 40, 49, 17, 38, 50, 52, 18, 39]
[13, 37, 42, 17, 43, 50, 52, 39, 53]
[13, 37, 38, 43, 50, 52, 18, 53, 54]
[13, 40, 38, 43, 50, 52, 18, 39, 54]
[13, 34, 37, 43, 50, 52, 44, 51, 54]
[13, 37, 42, 49, 50, 52, 39, 53, 54]
[34, 14, 40, 16, 37, 17, 43, 52, 39]
[34, 14, 35, 16, 37, 50, 18, 44, 51]
[34, 14, 40, 16, 37, 38, 18, 39, 51]
[34, 14, 16, 37, 38, 43, 18, 51, 54]
[34, 14, 40, 16, 37, 43, 18, 39, 53]
[34, 14, 16, 37, 49, 50, 18, 51, 53]
[34, 14, 40, 16, 43, 50, 18, 39, 53]
[34, 14, 40, 16, 49, 50, 18, 39, 51]
[14, 16, 37, 42, 49, 43, 50, 18, 53]
[14, 40, 16, 42, 49, 43, 50, 18, 39]
[34, 14, 35, 16, 37, 52, 51, 53, 54]
[34, 14, 35, 40, 16, 52, 39, 51, 54]
[34, 14, 16, 37, 42, 49, 38, 50, 39]
[34, 14, 40, 16, 37, 42, 49, 38, 53]
[34, 14, 16, 37, 42, 49, 39, 51, 54]
[34, 14, 40, 16, 37, 42, 49, 43, 51]
[34, 14, 40, 16, 42, 38, 43, 50, 51]
[34, 14, 40, 16, 42, 49, 38, 50, 53]
[34, 14, 16, 42, 49, 43, 39, 51, 53]
[34, 14, 40, 16, 42, 49, 51, 53, 54]
[34, 14, 35, 40, 37, 42, 49, 17, 18]
[34, 14, 35, 42, 49, 17, 18, 39, 53]
[34, 14, 35, 40, 37, 17, 38, 43, 39]
[34, 14, 35, 37, 38, 43, 50, 52, 18]
[34, 14, 35, 40, 37, 52, 18, 39, 51]
[34, 14, 35, 37, 43, 52, 18, 51, 54]
[34, 14, 37, 38, 50, 52, 18, 44, 51]
[34, 14, 40, 37, 42, 49, 43, 18, 39]
[34, 14, 40, 42, 49, 43, 18, 51, 54]
[14, 49, 38, 43, 50, 18, 44, 51, 53]
[34, 14, 35, 37, 42, 49, 50, 52, 39]
[34, 14, 35, 40, 37, 42, 49, 52, 53]
[34, 14, 35, 40, 42, 43, 50, 52, 51]
[34, 14, 35, 40, 42, 49, 50, 52, 53]
[40, 16, 42, 49, 17, 38, 50, 52, 18]
[34, 40, 16, 37, 42, 49, 43, 18, 39]
[35, 40, 16, 37, 18, 39, 44, 51, 53]
[34, 35, 40, 16, 42, 38, 52, 44, 51]
[35, 40, 16, 37, 50, 52, 39, 51, 54]
[35, 16, 42, 49, 38, 43, 39, 44, 51]
[16, 37, 42, 49, 43, 50, 39, 51, 53]
[40, 16, 37, 42, 49, 50, 51, 53, 54]
[35, 37, 42, 49, 17, 50, 18, 39, 53]
[34, 35, 42, 49, 38, 43, 52, 18, 53]
[34, 37, 49, 38, 43, 18, 44, 51, 53]
[34, 40, 49, 38, 43, 18, 39, 44, 51]
[35, 40, 37, 38, 43, 52, 18, 39, 53]
[35, 40, 37, 49, 38, 52, 18, 39, 51]
[35, 40, 38, 43, 50, 52, 18, 39, 53]
[40, 37, 38, 52, 18, 39, 44, 51, 53]
[40, 37, 42, 49, 43, 50, 18, 51, 54]
[42, 49, 43, 50, 18, 39, 51, 53, 54]
[35, 42, 49, 38, 50, 52, 39, 51, 54]
[35, 40, 42, 49, 38, 43, 50, 52, 51]
[40, 37, 42, 49, 43, 52, 44, 51, 53]
[10, 13, 34, 14, 35, 40, 16, 37, 17, 50]
[10, 13, 34, 14, 35, 16, 17, 50, 39, 53]
[10, 13, 14, 16, 37, 38, 18, 39, 44, 53]
[10, 13, 14, 16, 37, 42, 49, 43, 44, 53]
[10, 13, 14, 40, 16, 42, 49, 43, 39, 44]
[10, 13, 34, 14, 40, 37, 17, 38, 50, 52]
[10, 13, 34, 14, 17, 38, 50, 52, 39, 53]
[10, 13, 14, 35, 37, 52, 18, 39, 44, 53]
[10, 13, 34, 14, 37, 43, 39, 44, 51, 53]
[10, 13, 34, 40, 16, 37, 38, 50, 18, 44]
[10, 13, 34, 16, 38, 50, 18, 39, 44, 53]
[10, 13, 34, 16, 42, 49, 43, 50, 44, 53]
[10, 13, 37, 42, 49, 17, 43, 52, 18, 53]
[10, 13, 40, 42, 49, 17, 43, 52, 18, 39]
[10, 13, 34, 35, 40, 37, 50, 52, 18, 44]
[10, 13, 34, 35, 50, 52, 18, 39, 44, 53]
[10, 13, 42, 49, 38, 50, 18, 44, 51, 53]
[10, 14, 16, 37, 42, 49, 38, 50, 18, 53]
[10, 14, 40, 16, 42, 49, 38, 50, 18, 39]
[10, 14, 35, 37, 42, 49, 50, 52, 18, 53]
[10, 14, 35, 40, 42, 49, 50, 52, 18, 39]
[10, 14, 35, 37, 38, 43, 50, 52, 39, 53]
[10, 34, 40, 16, 37, 42, 49, 38, 18, 39]
[10, 34, 35, 40, 37, 42, 49, 52, 18, 39]
[13, 34, 14, 35, 40, 16, 37, 17, 43, 18]
[13, 34, 14, 35, 16, 17, 43, 18, 39, 53]
[13, 34, 14, 35, 16, 49, 17, 52, 18, 53]
[13, 34, 14, 35, 16, 37, 49, 17, 50, 52]
[13, 34, 14, 35, 16, 42, 49, 17, 38, 53]
[13, 34, 14, 35, 40, 16, 37, 49, 18, 54]
[13, 34, 14, 35, 16, 49, 18, 39, 53, 54]
[13, 14, 35, 16, 42, 43, 18, 44, 51, 54]
[13, 34, 14, 35, 16, 42, 38, 43, 53, 54]
[13, 14, 35, 16, 49, 38, 39, 44, 51, 54]
[13, 34, 14, 40, 37, 49, 17, 38, 18, 39]
[13, 34, 14, 40, 37, 17, 38, 43, 52, 18]
[13, 34, 14, 37, 42, 17, 43, 50, 18, 39]
[13, 34, 14, 17, 38, 43, 52, 18, 39, 53]
[13, 34, 14, 40, 42, 17, 43, 50, 18, 53]
[13, 34, 14, 40, 37, 42, 49, 17, 52, 39]
[13, 34, 14, 40, 49, 17, 38, 50, 39, 53]
[13, 34, 14, 40, 37, 49, 38, 52, 18, 54]
[13, 34, 14, 49, 38, 52, 18, 39, 53, 54]
[13, 14, 42, 38, 43, 52, 18, 44, 51, 54]
[13, 34, 14, 40, 37, 42, 43, 52, 39, 54]
[13, 14, 40, 37, 49, 52, 44, 51, 53, 54]
[13, 35, 16, 37, 17, 43, 50, 18, 39, 53]
[13, 35, 16, 37, 49, 17, 50, 52, 18, 53]
[13, 35, 16, 42, 17, 38, 43, 52, 18, 39]
[13, 35, 40, 16, 49, 17, 50, 52, 18, 39]
[13, 35, 16, 37, 42, 49, 17, 38, 50, 53]
[13, 35, 40, 16, 37, 49, 17, 52, 39, 53]
[13, 35, 40, 16, 42, 49, 17, 38, 50, 39]
[13, 35, 40, 16, 42, 17, 38, 43, 50, 52]
[13, 35, 16, 37, 49, 50, 18, 39, 53, 54]
[13, 35, 16, 37, 42, 38, 43, 50, 53, 54]
[13, 35, 40, 16, 42, 38, 43, 50, 39, 54]
[13, 37, 17, 38, 43, 50, 52, 18, 39, 53]
[13, 37, 49, 38, 50, 52, 18, 39, 53, 54]
[13, 34, 37, 49, 50, 52, 39, 44, 51, 54]
[13, 34, 40, 49, 50, 52, 44, 51, 53, 54]
[34, 14, 16, 42, 17, 38, 43, 52, 18, 53]
[34, 14, 35, 40, 16, 37, 42, 38, 52, 18]
[34, 14, 35, 16, 42, 38, 52, 18, 39, 53]
[34, 14, 16, 37, 49, 38, 18, 39, 51, 54]
[34, 14, 40, 16, 37, 49, 38, 43, 18, 51]
[34, 14, 16, 37, 43, 50, 18, 39, 51, 53]
[34, 14, 16, 49, 38, 43, 18, 39, 51, 53]
[34, 14, 40, 16, 49, 38, 18, 51, 53, 54]
[14, 35, 40, 16, 37, 50, 52, 18, 44, 51]
[14, 35, 16, 50, 52, 18, 39, 44, 51, 53]
[34, 14, 35, 16, 37, 42, 38, 50, 44, 51]
[34, 14, 35, 40, 16, 37, 49, 43, 52, 39]
[34, 14, 35, 40, 16, 49, 43, 52, 51, 54]
[34, 14, 40, 16, 37, 42, 38, 43, 39, 53]
[34, 14, 16, 37, 42, 49, 38, 50, 51, 53]
[34, 14, 40, 16, 42, 38, 43, 50, 39, 53]
[34, 14, 40, 16, 42, 49, 38, 50, 39, 51]
[34, 14, 40, 16, 42, 43, 39, 51, 53, 54]
[34, 14, 35, 40, 37, 42, 17, 43, 18, 39]
[34, 14, 35, 37, 49, 38, 50, 52, 18, 39]
[34, 14, 35, 40, 37, 49, 38, 52, 18, 53]
[34, 14, 35, 37, 49, 52, 18, 39, 51, 54]
[34, 14, 35, 40, 37, 49, 43, 52, 18, 51]
[34, 14, 35, 40, 38, 43, 50, 52, 18, 51]
[34, 14, 35, 40, 49, 38, 50, 52, 18, 53]
[34, 14, 35, 49, 43, 52, 18, 39, 51, 53]
[34, 14, 35, 40, 49, 52, 18, 51, 53, 54]
[14, 35, 37, 42, 38, 50, 52, 18, 39, 53]
[34, 14, 35, 40, 37, 42, 38, 52, 39, 51]
[34, 14, 35, 37, 42, 38, 43, 52, 51, 54]
[34, 14, 35, 40, 37, 42, 43, 52, 39, 53]
[34, 14, 35, 37, 42, 49, 50, 52, 51, 53]
[34, 14, 35, 40, 42, 43, 50, 52, 39, 53]
[34, 14, 35, 40, 42, 49, 50, 52, 39, 51]
[34, 14, 37, 49, 38, 43, 39, 51, 53, 54]
[34, 14, 40, 42, 50, 52, 39, 44, 51, 53]
[14, 40, 37, 42, 49, 43, 50, 39, 44, 51]
[16, 37, 42, 17, 38, 43, 50, 52, 18, 53]
[40, 16, 42, 17, 38, 43, 50, 52, 18, 39]
[34, 35, 16, 37, 52, 18, 39, 44, 51, 53]
[35, 16, 37, 42, 38, 50, 52, 18, 39, 53]
[35, 40, 16, 37, 49, 43, 18, 44, 51, 53]
[35, 16, 42, 38, 50, 52, 18, 51, 53, 54]
[16, 37, 49, 38, 43, 50, 18, 39, 51, 53]
[40, 16, 37, 49, 38, 50, 18, 51, 53, 54]
[35, 40, 16, 37, 42, 38, 39, 44, 51, 53]
[35, 40, 16, 37, 49, 43, 50, 52, 51, 54]
[35, 16, 49, 43, 50, 52, 39, 51, 53, 54]
[40, 16, 37, 42, 43, 50, 39, 51, 53, 54]
[35, 37, 49, 43, 50, 52, 18, 39, 51, 53]
[35, 40, 37, 49, 50, 52, 18, 51, 53, 54]
[40, 37, 49, 38, 43, 52, 18, 44, 51, 53]
[10, 13, 34, 14, 35, 16, 49, 17, 43, 50, 53]
[10, 13, 14, 16, 37, 49, 38, 43, 18, 44, 53]
[10, 13, 14, 40, 16, 49, 38, 43, 18, 39, 44]
[10, 13, 34, 14, 40, 37, 42, 17, 50, 52, 18]
[10, 13, 34, 14, 42, 17, 50, 52, 18, 39, 53]
[10, 13, 34, 14, 49, 17, 38, 43, 50, 52, 53]
[10, 13, 34, 14, 40, 42, 38, 43, 18, 44, 51]
[10, 13, 14, 35, 37, 49, 43, 52, 18, 44, 53]
[10, 13, 14, 35, 40, 49, 43, 52, 18, 39, 44]
[10, 13, 14, 35, 37, 42, 38, 52, 39, 44, 53]
[10, 13, 35, 16, 37, 42, 17, 38, 18, 39, 53]
[10, 13, 34, 16, 49, 38, 43, 50, 18, 44, 53]
[10, 13, 35, 16, 49, 38, 50, 52, 44, 51, 53]
[10, 13, 34, 35, 49, 43, 50, 52, 18, 44, 53]
[10, 13, 40, 37, 42, 38, 43, 50, 18, 44, 51]
[10, 13, 42, 38, 43, 50, 18, 39, 44, 51, 53]
[10, 13, 34, 35, 40, 37, 42, 38, 50, 52, 44]
[10, 13, 34, 35, 42, 38, 50, 52, 39, 44, 53]
[10, 14, 16, 37, 42, 38, 43, 50, 18, 39, 53]
[10, 14, 35, 37, 42, 43, 50, 52, 18, 39, 53]
[13, 34, 14, 35, 40, 16, 37, 49, 17, 18, 39]
[13, 34, 14, 35, 40, 16, 37, 17, 43, 52, 18]
[13, 34, 14, 35, 16, 17, 43, 52, 18, 39, 53]
[13, 34, 14, 35, 40, 16, 37, 42, 17, 38, 43]
[13, 34, 14, 35, 16, 37, 17, 43, 50, 52, 39]
[13, 34, 14, 35, 16, 42, 17, 38, 43, 39, 53]
[13, 34, 14, 35, 16, 42, 49, 17, 38, 52, 53]
[13, 34, 14, 35, 40, 16, 17, 43, 50, 52, 53]
[13, 34, 14, 35, 40, 16, 37, 43, 18, 39, 54]
[13, 14, 35, 16, 42, 49, 18, 39, 44, 51, 54]
[13, 34, 14, 35, 40, 16, 37, 42, 49, 38, 54]
[13, 34, 14, 35, 16, 42, 49, 38, 39, 53, 54]
[13, 34, 14, 40, 37, 49, 17, 38, 52, 18, 39]
[13, 34, 14, 40, 42, 49, 17, 50, 18, 39, 53]
[13, 34, 14, 40, 37, 38, 43, 52, 18, 39, 54]
[13, 14, 42, 49, 38, 52, 18, 39, 44, 51, 54]
[13, 14, 40, 37, 43, 52, 39, 44, 51, 53, 54]
[13, 35, 16, 37, 17, 43, 50, 52, 18, 39, 53]
[13, 35, 16, 37, 42, 17, 38, 43, 50, 39, 53]
[13, 35, 16, 37, 42, 49, 17, 38, 50, 52, 53]
[13, 35, 40, 16, 42, 49, 17, 38, 50, 52, 39]
[13, 34, 35, 16, 37, 38, 43, 50, 44, 51, 54]
[13, 35, 16, 37, 42, 49, 38, 50, 39, 53, 54]
[13, 34, 40, 43, 50, 52, 39, 44, 51, 53, 54]
[34, 14, 40, 16, 37, 42, 49, 17, 38, 52, 18]
[34, 14, 16, 42, 49, 17, 38, 52, 18, 39, 53]
[34, 14, 35, 16, 42, 49, 38, 43, 52, 18, 53]
[34, 14, 35, 40, 16, 50, 18, 39, 44, 51, 53]
[34, 14, 40, 16, 38, 43, 18, 39, 51, 53, 54]
[14, 35, 16, 49, 43, 50, 52, 18, 44, 51, 53]
[34, 14, 16, 37, 42, 38, 43, 50, 39, 51, 53]
[14, 35, 40, 16, 37, 42, 38, 50, 52, 44, 51]
[14, 35, 16, 42, 38, 50, 52, 39, 44, 51, 53]
[34, 14, 35, 40, 37, 38, 43, 52, 18, 39, 53]
[34, 14, 35, 37, 49, 38, 50, 52, 18, 51, 53]
[34, 14, 35, 40, 38, 43, 50, 52, 18, 39, 53]
[34, 14, 35, 40, 49, 38, 50, 52, 18, 39, 51]
[34, 14, 35, 40, 43, 52, 18, 39, 51, 53, 54]
[34, 14, 37, 42, 49, 43, 18, 39, 51, 53, 54]
[34, 14, 40, 38, 50, 52, 18, 39, 44, 51, 53]
[14, 35, 37, 42, 49, 38, 43, 50, 52, 18, 53]
[14, 35, 40, 42, 49, 38, 43, 50, 52, 18, 39]
[14, 40, 37, 49, 38, 43, 50, 18, 39, 44, 51]
[34, 14, 35, 37, 42, 49, 38, 52, 39, 51, 54]
[34, 14, 35, 40, 37, 42, 49, 38, 43, 52, 51]
[34, 14, 35, 37, 42, 43, 50, 52, 39, 51, 53]
[34, 14, 35, 42, 49, 38, 43, 52, 39, 51, 53]
[34, 14, 35, 40, 42, 49, 38, 52, 51, 53, 54]
[34, 14, 37, 42, 49, 43, 50, 52, 39, 44, 51]
[34, 14, 40, 42, 49, 43, 50, 52, 44, 51, 53]
[16, 37, 42, 49, 17, 38, 50, 52, 18, 39, 53]
[34, 35, 16, 37, 49, 43, 52, 18, 44, 51, 53]
[34, 35, 40, 16, 49, 43, 52, 18, 39, 44, 51]
[35, 16, 37, 42, 49, 38, 43, 50, 52, 18, 53]
[35, 40, 16, 42, 49, 38, 43, 50, 52, 18, 39]
[40, 16, 37, 38, 43, 50, 18, 39, 51, 53, 54]
[34, 35, 16, 37, 42, 38, 52, 39, 44, 51, 53]
[35, 40, 16, 37, 42, 49, 38, 43, 44, 51, 53]
[34, 35, 40, 37, 42, 49, 38, 43, 52, 18, 39]
[35, 40, 37, 43, 50, 52, 18, 39, 51, 53, 54]
[35, 37, 42, 49, 38, 43, 50, 52, 39, 51, 53]
[35, 40, 37, 42, 49, 38, 50, 52, 51, 53, 54]
[10, 13, 34, 14, 35, 40, 16, 38, 43, 52, 44, 51]
[10, 13, 34, 14, 42, 49, 17, 43, 50, 52, 18, 53]
[10, 13, 34, 14, 37, 42, 49, 38, 18, 44, 51, 53]
[10, 13, 34, 14, 40, 42, 49, 38, 18, 39, 44, 51]
[10, 13, 14, 35, 37, 42, 49, 38, 43, 52, 44, 53]
[10, 13, 14, 35, 40, 42, 49, 38, 43, 52, 39, 44]
[10, 13, 35, 16, 37, 42, 49, 17, 38, 43, 18, 53]
[10, 13, 35, 40, 16, 42, 49, 17, 38, 43, 18, 39]
[10, 13, 35, 16, 42, 49, 50, 52, 18, 44, 51, 53]
[10, 13, 34, 40, 16, 37, 42, 49, 43, 50, 39, 44]
[10, 13, 35, 40, 16, 37, 38, 43, 50, 52, 44, 51]
[10, 13, 35, 16, 38, 43, 50, 52, 39, 44, 51, 53]
[10, 13, 40, 37, 42, 49, 38, 50, 18, 39, 44, 51]
[10, 13, 34, 35, 42, 49, 38, 43, 50, 52, 44, 53]
[13, 34, 14, 35, 40, 16, 37, 49, 17, 52, 18, 39]
[13, 34, 14, 35, 40, 16, 37, 42, 49, 17, 38, 39]
[13, 34, 14, 35, 40, 16, 37, 42, 17, 38, 43, 52]
[13, 34, 14, 35, 16, 42, 17, 38, 43, 52, 39, 53]
[13, 34, 14, 35, 40, 16, 49, 17, 50, 52, 39, 53]
[13, 34, 14, 35, 40, 16, 37, 42, 38, 43, 39, 54]
[13, 14, 35, 40, 16, 37, 49, 38, 44, 51, 53, 54]
[13, 35, 40, 16, 37, 42, 17, 38, 43, 52, 18, 53]
[13, 35, 16, 37, 42, 17, 38, 43, 50, 52, 39, 53]
[13, 34, 35, 16, 37, 42, 43, 50, 18, 44, 51, 54]
[13, 34, 35, 16, 37, 49, 38, 50, 39, 44, 51, 54]
[13, 34, 35, 40, 16, 49, 38, 50, 44, 51, 53, 54]
[13, 34, 37, 42, 38, 43, 50, 52, 18, 44, 51, 54]
[34, 14, 40, 16, 37, 42, 17, 38, 43, 52, 18, 39]
[34, 14, 35, 16, 37, 42, 38, 52, 18, 51, 53, 54]
[34, 14, 35, 16, 37, 49, 43, 50, 18, 39, 44, 51]
[34, 14, 35, 40, 16, 42, 38, 52, 18, 39, 51, 54]
[34, 14, 35, 40, 16, 49, 43, 50, 18, 44, 51, 53]
[34, 14, 35, 16, 37, 49, 43, 52, 39, 51, 53, 54]
[34, 14, 35, 40, 16, 42, 38, 50, 39, 44, 51, 53]
[14, 35, 16, 42, 49, 38, 43, 50, 52, 44, 51, 53]
[34, 14, 35, 37, 38, 43, 50, 52, 18, 39, 51, 53]
[34, 14, 37, 49, 38, 43, 50, 52, 18, 39, 44, 51]
[34, 14, 40, 49, 38, 43, 50, 52, 18, 44, 51, 53]
[34, 14, 35, 40, 42, 38, 43, 52, 39, 51, 53, 54]
[35, 40, 16, 37, 42, 38, 50, 52, 18, 39, 51, 54]
[34, 35, 16, 37, 42, 49, 38, 43, 52, 44, 51, 53]
[34, 35, 40, 16, 42, 49, 38, 43, 52, 39, 44, 51]
[35, 40, 37, 42, 38, 43, 50, 52, 39, 51, 53, 54]
[10, 13, 34, 14, 35, 40, 16, 37, 42, 17, 38, 50, 18]
[10, 13, 34, 14, 35, 16, 42, 17, 38, 50, 18, 39, 53]
[10, 13, 34, 14, 35, 40, 16, 37, 49, 17, 43, 50, 39]
[10, 13, 34, 14, 35, 40, 16, 42, 43, 52, 18, 44, 51]
[10, 13, 34, 14, 35, 16, 37, 49, 38, 52, 44, 51, 53]
[10, 13, 34, 14, 35, 40, 16, 49, 38, 52, 39, 44, 51]
[10, 13, 34, 14, 40, 37, 49, 17, 38, 43, 50, 52, 39]
[10, 13, 34, 14, 37, 42, 38, 43, 18, 39, 44, 51, 53]
[10, 13, 34, 40, 16, 37, 49, 38, 43, 50, 18, 39, 44]
[10, 13, 35, 40, 16, 37, 42, 43, 50, 52, 18, 44, 51]
[10, 13, 35, 16, 42, 43, 50, 52, 18, 39, 44, 51, 53]
[10, 13, 35, 40, 16, 37, 49, 38, 50, 52, 39, 44, 51]
[10, 13, 34, 35, 40, 37, 49, 43, 50, 52, 18, 39, 44]
[13, 34, 14, 35, 16, 37, 42, 49, 17, 38, 50, 52, 18]
[13, 34, 14, 35, 40, 16, 37, 42, 49, 17, 38, 52, 39]
[13, 14, 35, 40, 16, 37, 42, 49, 18, 44, 51, 53, 54]
[13, 14, 35, 40, 16, 37, 38, 43, 39, 44, 51, 53, 54]
[13, 14, 40, 37, 42, 49, 38, 52, 18, 44, 51, 53, 54]
[13, 35, 40, 16, 37, 42, 49, 17, 38, 52, 18, 39, 53]
[13, 34, 35, 16, 37, 42, 49, 50, 18, 39, 44, 51, 54]
[13, 34, 35, 40, 16, 42, 49, 50, 18, 44, 51, 53, 54]
[13, 34, 35, 40, 16, 38, 43, 50, 39, 44, 51, 53, 54]
[13, 34, 37, 42, 49, 38, 50, 52, 18, 39, 44, 51, 54]
[13, 34, 40, 42, 49, 38, 50, 52, 18, 44, 51, 53, 54]
[34, 14, 35, 40, 16, 37, 42, 49, 38, 43, 52, 18, 39]
[34, 14, 35, 40, 16, 42, 49, 38, 43, 52, 18, 51, 54]
[14, 35, 40, 16, 37, 49, 43, 50, 52, 18, 39, 44, 51]
[34, 14, 35, 16, 37, 42, 49, 38, 43, 50, 39, 44, 51]
[34, 14, 35, 40, 16, 42, 49, 38, 43, 50, 44, 51, 53]
[35, 40, 16, 37, 42, 49, 38, 43, 50, 52, 18, 51, 54]
[35, 16, 42, 49, 38, 43, 50, 52, 18, 39, 51, 53, 54]
[10, 13, 34, 14, 35, 16, 42, 49, 17, 38, 43, 50, 18, 53]
[10, 13, 34, 14, 35, 16, 37, 42, 49, 52, 18, 44, 51, 53]
[10, 13, 34, 14, 35, 40, 16, 42, 49, 52, 18, 39, 44, 51]
[10, 13, 34, 14, 35, 16, 37, 38, 43, 52, 39, 44, 51, 53]
[10, 13, 34, 14, 40, 37, 42, 49, 17, 43, 50, 52, 18, 39]
[10, 13, 35, 40, 16, 37, 42, 49, 50, 52, 18, 39, 44, 51]
[10, 13, 34, 35, 40, 37, 42, 49, 38, 43, 50, 52, 39, 44]
[13, 34, 14, 35, 16, 37, 42, 17, 38, 43, 50, 52, 18, 39]
[13, 34, 14, 35, 40, 16, 42, 17, 38, 43, 50, 52, 18, 53]
[13, 14, 35, 40, 16, 37, 42, 43, 18, 39, 44, 51, 53, 54]
[13, 14, 40, 37, 42, 38, 43, 52, 18, 39, 44, 51, 53, 54]
[13, 34, 35, 40, 16, 42, 43, 50, 18, 39, 44, 51, 53, 54]
[13, 34, 40, 42, 38, 43, 50, 52, 18, 39, 44, 51, 53, 54]
[14, 35, 40, 16, 37, 42, 49, 38, 43, 50, 52, 39, 44, 51]
[10, 13, 34, 14, 35, 16, 37, 42, 43, 52, 18, 39, 44, 51, 53]
[13, 34, 14, 35, 40, 16, 42, 49, 17, 38, 50, 52, 18, 39, 53]
[34, 14, 35, 16, 37, 42, 49, 38, 43, 52, 18, 39, 51, 53, 54]
[10, 13, 34, 14, 35, 40, 16, 37, 42, 49, 17, 38, 43, 50, 18, 39]
