[[2, 5], [3, 5], [4, 5], [6, 7]]
[0, 10, 16, 49, 17, 52, 51, 54]
[0, 10, 5, 7, 49, 50, 18, 51, 54]
[0, 10, 5, 7, 42, 50, 44, 51, 54]
[0, 10, 5, 14, 50, 9, 44, 51, 54]
[0, 10, 40, 49, 8, 17, 52, 51, 54]
[0, 10, 16, 17, 43, 52, 44, 51, 54]
[0, 10, 5, 40, 7, 50, 9, 44, 51, 54]
[0, 10, 5, 7, 43, 50, 18, 44, 51, 54]
[0, 10, 5, 7, 42, 49, 43, 50, 51, 54]
[0, 10, 5, 14, 49, 43, 50, 9, 51, 54]
[0, 10, 5, 14, 40, 49, 50, 18, 51, 54]
[0, 10, 5, 14, 40, 42, 50, 44, 51, 54]
[0, 10, 14, 7, 49, 8, 17, 52, 51, 54]
[0, 10, 8, 17, 52, 9, 18, 44, 51, 54]
[0, 10, 42, 49, 8, 17, 52, 9, 51, 54]
[0, 10, 40, 8, 17, 43, 52, 44, 51, 54]
[0, 10, 16, 42, 17, 52, 18, 44, 51, 54]
[0, 10, 5, 7, 16, 8, 50, 9, 44, 51, 54]
[0, 10, 5, 40, 7, 49, 43, 50, 9, 51, 54]
[0, 10, 5, 14, 16, 49, 8, 50, 18, 51, 54]
[0, 10, 5, 14, 16, 42, 8, 50, 44, 51, 54]
[0, 10, 5, 14, 42, 49, 50, 9, 18, 51, 54]
[0, 10, 5, 14, 40, 43, 50, 18, 44, 51, 54]
[0, 10, 5, 14, 40, 42, 49, 43, 50, 51, 54]
[0, 10, 14, 7, 8, 17, 43, 52, 44, 51, 54]
[0, 10, 14, 40, 7, 16, 49, 17, 52, 51, 54]
[0, 10, 49, 8, 17, 43, 52, 9, 18, 51, 54]
[0, 10, 42, 8, 17, 43, 52, 9, 44, 51, 54]
[0, 10, 40, 42, 8, 17, 52, 18, 44, 51, 54]
[0, 10, 40, 16, 17, 52, 9, 18, 44, 51, 54]
[0, 10, 40, 16, 42, 49, 17, 52, 9, 51, 54]
[0, 10, 16, 42, 49, 17, 43, 52, 18, 51, 54]
[0, 10, 5, 7, 16, 49, 8, 43, 50, 9, 51, 54]
[0, 10, 5, 40, 7, 16, 49, 8, 50, 18, 51, 54]
[0, 10, 5, 40, 7, 16, 42, 8, 50, 44, 51, 54]
[0, 10, 5, 40, 7, 42, 49, 50, 9, 18, 51, 54]
[0, 10, 5, 14, 40, 16, 8, 50, 9, 44, 51, 54]
[0, 10, 5, 14, 16, 8, 43, 50, 18, 44, 51, 54]
[0, 10, 5, 14, 16, 42, 49, 8, 43, 50, 51, 54]
[0, 10, 5, 14, 42, 43, 50, 9, 18, 44, 51, 54]
[0, 10, 14, 7, 42, 8, 17, 52, 18, 44, 51, 54]
[0, 10, 14, 7, 16, 17, 52, 9, 18, 44, 51, 54]
[0, 10, 14, 7, 16, 42, 49, 17, 52, 9, 51, 54]
[0, 10, 14, 40, 7, 16, 17, 43, 52, 44, 51, 54]
[0, 10, 40, 42, 49, 8, 17, 43, 52, 18, 51, 54]
[0, 10, 40, 16, 49, 17, 43, 52, 9, 18, 51, 54]
[0, 10, 40, 16, 42, 17, 43, 52, 9, 44, 51, 54]
[0, 10, 5, 7, 16, 42, 49, 8, 50, 9, 18, 51, 54]
[0, 10, 5, 40, 7, 16, 8, 43, 50, 18, 44, 51, 54]
[0, 10, 5, 40, 7, 16, 42, 49, 8, 43, 50, 51, 54]
[0, 10, 5, 40, 7, 42, 43, 50, 9, 18, 44, 51, 54]
[0, 10, 5, 14, 40, 16, 49, 8, 43, 50, 9, 51, 54]
[0, 10, 14, 40, 7, 8, 17, 52, 9, 18, 44, 51, 54]
[0, 10, 14, 40, 7, 42, 49, 8, 17, 52, 9, 51, 54]
[0, 10, 14, 7, 42, 49, 8, 17, 43, 52, 18, 51, 54]
[0, 10, 14, 7, 16, 49, 17, 43, 52, 9, 18, 51, 54]
[0, 10, 14, 7, 16, 42, 17, 43, 52, 9, 44, 51, 54]
[0, 10, 14, 40, 7, 16, 42, 17, 52, 18, 44, 51, 54]
[0, 10, 5, 7, 16, 42, 8, 43, 50, 9, 18, 44, 51, 54]
[0, 10, 5, 14, 40, 16, 42, 49, 8, 50, 9, 18, 51, 54]
[0, 10, 14, 40, 7, 49, 8, 17, 43, 52, 9, 18, 51, 54]
[0, 10, 14, 40, 7, 42, 8, 17, 43, 52, 9, 44, 51, 54]
[0, 10, 14, 40, 7, 16, 42, 49, 17, 43, 52, 18, 51, 54]
[0, 10, 5, 14, 40, 16, 42, 8, 43, 50, 9, 18, 44, 51, 54]
