[[2, 5], [3, 5], [4, 5], [6, 7]]
[0, 1, 5, 16, 43, 52, 51, 53]
[0, 1, 10, 49, 8, 17, 50, 53]
[0, 5, 49, 8, 17, 9, 51, 53]
[0, 5, 16, 17, 18, 44, 51, 53]
[0, 5, 16, 42, 49, 17, 51, 53]
[1, 5, 40, 49, 17, 50, 52, 53]
[1, 10, 7, 42, 17, 50, 51, 53]
[1, 10, 14, 17, 50, 9, 51, 53]
[1, 40, 17, 50, 52, 44, 51, 53]
[0, 1, 5, 8, 52, 9, 18, 51, 53]
[0, 1, 5, 40, 8, 43, 52, 51, 53]
[0, 1, 5, 16, 42, 52, 18, 51, 53]
[0, 1, 5, 16, 49, 52, 44, 51, 53]
[0, 1, 10, 8, 17, 43, 50, 44, 53]
[0, 1, 10, 40, 16, 49, 17, 50, 53]
[0, 5, 8, 17, 43, 9, 44, 51, 53]
[0, 5, 40, 8, 17, 18, 44, 51, 53]
[0, 5, 40, 42, 49, 8, 17, 51, 53]
[0, 5, 40, 16, 49, 17, 9, 51, 53]
[0, 5, 16, 49, 17, 43, 18, 51, 53]
[0, 5, 16, 42, 17, 43, 44, 51, 53]
[1, 5, 14, 7, 49, 17, 50, 52, 53]
[1, 5, 16, 49, 8, 17, 50, 52, 53]
[1, 5, 17, 50, 52, 9, 18, 44, 53]
[1, 5, 42, 49, 17, 50, 52, 9, 53]
[1, 5, 40, 17, 43, 50, 52, 44, 53]
[1, 10, 40, 7, 17, 50, 9, 51, 53]
[1, 10, 7, 17, 43, 50, 18, 51, 53]
[1, 14, 7, 17, 50, 52, 44, 51, 53]
[1, 16, 8, 17, 50, 52, 44, 51, 53]
[1, 49, 17, 50, 52, 9, 18, 51, 53]
[1, 42, 17, 50, 52, 9, 44, 51, 53]
[1, 10, 14, 40, 42, 17, 50, 51, 53]
[1, 40, 49, 17, 43, 50, 52, 51, 53]
[0, 1, 5, 14, 7, 8, 43, 52, 51, 53]
[0, 1, 5, 42, 8, 43, 52, 9, 51, 53]
[0, 1, 5, 40, 42, 8, 52, 18, 51, 53]
[0, 1, 5, 40, 49, 8, 52, 44, 51, 53]
[0, 1, 5, 40, 16, 52, 9, 18, 51, 53]
[0, 1, 10, 14, 7, 16, 49, 17, 50, 53]
[0, 1, 10, 42, 8, 17, 50, 18, 44, 53]
[0, 1, 10, 16, 17, 50, 9, 18, 44, 53]
[0, 1, 10, 16, 42, 49, 17, 50, 9, 53]
[0, 1, 10, 40, 16, 17, 43, 50, 44, 53]
[0, 5, 14, 7, 8, 17, 18, 44, 51, 53]
[0, 5, 14, 7, 42, 49, 8, 17, 51, 53]
[0, 5, 14, 7, 16, 49, 17, 9, 51, 53]
[0, 5, 42, 8, 17, 9, 18, 44, 51, 53]
[0, 5, 40, 49, 8, 17, 43, 18, 51, 53]
[0, 5, 40, 42, 8, 17, 43, 44, 51, 53]
[0, 5, 40, 16, 17, 43, 9, 44, 51, 53]
[1, 5, 14, 7, 17, 43, 50, 52, 44, 53]
[1, 5, 16, 8, 17, 43, 50, 52, 44, 53]
[1, 5, 49, 17, 43, 50, 52, 9, 18, 53]
[1, 5, 42, 17, 43, 50, 52, 9, 44, 53]
[1, 5, 40, 42, 17, 50, 52, 18, 44, 53]
[1, 10, 7, 16, 8, 17, 50, 9, 51, 53]
[1, 10, 7, 49, 17, 50, 18, 44, 51, 53]
[1, 14, 7, 49, 17, 43, 50, 52, 51, 53]
[1, 10, 14, 16, 42, 8, 17, 50, 51, 53]
[1, 16, 49, 8, 17, 43, 50, 52, 51, 53]
[1, 17, 43, 50, 52, 9, 18, 44, 51, 53]
[1, 42, 49, 17, 43, 50, 52, 9, 51, 53]
[1, 10, 14, 40, 17, 43, 50, 18, 51, 53]
[1, 40, 42, 49, 17, 50, 52, 18, 51, 53]
[0, 1, 5, 14, 7, 42, 8, 52, 18, 51, 53]
[0, 1, 5, 14, 7, 49, 8, 52, 44, 51, 53]
[0, 1, 5, 14, 7, 16, 52, 9, 18, 51, 53]
[0, 1, 5, 14, 40, 7, 16, 43, 52, 51, 53]
[0, 1, 5, 42, 49, 8, 52, 9, 44, 51, 53]
[0, 1, 5, 40, 16, 42, 43, 52, 9, 51, 53]
[0, 1, 10, 14, 40, 7, 49, 8, 17, 50, 53]
[0, 1, 10, 14, 7, 16, 17, 43, 50, 44, 53]
[0, 1, 10, 40, 8, 17, 50, 9, 18, 44, 53]
[0, 1, 10, 40, 42, 49, 8, 17, 50, 9, 53]
[0, 1, 10, 42, 49, 8, 17, 43, 50, 18, 53]
[0, 1, 10, 16, 49, 17, 43, 50, 9, 18, 53]
[0, 1, 10, 16, 42, 17, 43, 50, 9, 44, 53]
[0, 1, 10, 40, 16, 42, 17, 50, 18, 44, 53]
[0, 5, 14, 40, 7, 49, 8, 17, 9, 51, 53]
[0, 5, 14, 7, 49, 8, 17, 43, 18, 51, 53]
[0, 5, 14, 7, 42, 8, 17, 43, 44, 51, 53]
[0, 5, 14, 7, 16, 17, 43, 9, 44, 51, 53]
[0, 5, 14, 40, 7, 16, 17, 18, 44, 51, 53]
[0, 5, 14, 40, 7, 16, 42, 49, 17, 51, 53]
[0, 5, 42, 49, 8, 17, 43, 9, 18, 51, 53]
[0, 5, 40, 16, 42, 17, 9, 18, 44, 51, 53]
[1, 5, 14, 7, 42, 17, 50, 52, 18, 44, 53]
[1, 5, 16, 42, 8, 17, 50, 52, 18, 44, 53]
[1, 5, 40, 42, 49, 17, 43, 50, 52, 18, 53]
[1, 10, 40, 7, 16, 42, 8, 17, 50, 51, 53]
[1, 10, 7, 42, 49, 17, 43, 50, 44, 51, 53]
[1, 14, 7, 42, 49, 17, 50, 52, 18, 51, 53]
[1, 10, 14, 40, 16, 8, 17, 50, 9, 51, 53]
[1, 10, 14, 16, 8, 17, 43, 50, 18, 51, 53]
[1, 16, 42, 49, 8, 17, 50, 52, 18, 51, 53]
[1, 10, 14, 42, 17, 43, 50, 9, 18, 51, 53]
[1, 10, 14, 49, 17, 43, 50, 9, 44, 51, 53]
[1, 10, 14, 40, 49, 17, 50, 18, 44, 51, 53]
[1, 40, 42, 17, 43, 50, 52, 18, 44, 51, 53]
[0, 1, 5, 14, 40, 7, 8, 52, 9, 18, 51, 53]
[0, 1, 5, 14, 7, 16, 42, 43, 52, 9, 51, 53]
[0, 1, 5, 14, 40, 7, 16, 42, 52, 18, 51, 53]
[0, 1, 5, 14, 40, 7, 16, 49, 52, 44, 51, 53]
[0, 1, 5, 49, 8, 43, 52, 9, 18, 44, 51, 53]
[0, 1, 5, 40, 16, 42, 49, 52, 9, 44, 51, 53]
[0, 1, 5, 16, 42, 49, 43, 52, 18, 44, 51, 53]
[0, 1, 10, 14, 7, 8, 17, 50, 9, 18, 44, 53]
[0, 1, 10, 14, 7, 42, 49, 8, 17, 50, 9, 53]
[0, 1, 10, 14, 40, 7, 8, 17, 43, 50, 44, 53]
[0, 1, 10, 14, 7, 16, 42, 17, 50, 18, 44, 53]
[0, 1, 10, 40, 49, 8, 17, 43, 50, 9, 18, 53]
[0, 1, 10, 40, 42, 8, 17, 43, 50, 9, 44, 53]
[0, 1, 10, 40, 16, 42, 49, 17, 43, 50, 18, 53]
[0, 5, 14, 40, 7, 8, 17, 43, 9, 44, 51, 53]
[0, 5, 14, 7, 16, 42, 17, 9, 18, 44, 51, 53]
[0, 5, 14, 40, 7, 16, 49, 17, 43, 18, 51, 53]
[0, 5, 14, 40, 7, 16, 42, 17, 43, 44, 51, 53]
[0, 5, 40, 16, 42, 49, 17, 43, 9, 18, 51, 53]
[1, 5, 14, 40, 7, 16, 49, 8, 17, 50, 52, 53]
[1, 5, 14, 40, 7, 17, 50, 52, 9, 18, 44, 53]
[1, 5, 14, 40, 7, 42, 49, 17, 50, 52, 9, 53]
[1, 5, 14, 7, 42, 49, 17, 43, 50, 52, 18, 53]
[1, 5, 40, 16, 8, 17, 50, 52, 9, 18, 44, 53]
[1, 5, 40, 16, 42, 49, 8, 17, 50, 52, 9, 53]
[1, 5, 16, 42, 49, 8, 17, 43, 50, 52, 18, 53]
[1, 10, 40, 7, 16, 8, 17, 43, 50, 18, 51, 53]
[1, 14, 40, 7, 16, 8, 17, 50, 52, 44, 51, 53]
[1, 10, 40, 7, 42, 17, 43, 50, 9, 18, 51, 53]
[1, 10, 40, 7, 49, 17, 43, 50, 9, 44, 51, 53]
[1, 14, 40, 7, 49, 17, 50, 52, 9, 18, 51, 53]
[1, 14, 40, 7, 42, 17, 50, 52, 9, 44, 51, 53]
[1, 14, 7, 42, 17, 43, 50, 52, 18, 44, 51, 53]
[1, 40, 16, 49, 8, 17, 50, 52, 9, 18, 51, 53]
[1, 40, 16, 42, 8, 17, 50, 52, 9, 44, 51, 53]
[1, 10, 14, 16, 49, 8, 17, 50, 18, 44, 51, 53]
[1, 16, 42, 8, 17, 43, 50, 52, 18, 44, 51, 53]
[1, 10, 14, 42, 49, 17, 50, 9, 18, 44, 51, 53]
[1, 10, 14, 40, 42, 49, 17, 43, 50, 44, 51, 53]
[0, 1, 5, 14, 40, 7, 42, 8, 43, 52, 9, 51, 53]
[0, 1, 5, 14, 7, 16, 42, 49, 52, 9, 44, 51, 53]
[0, 1, 5, 40, 42, 49, 8, 43, 52, 18, 44, 51, 53]
[0, 1, 5, 40, 16, 49, 43, 52, 9, 18, 44, 51, 53]
[0, 1, 10, 14, 7, 49, 8, 17, 43, 50, 9, 18, 53]
[0, 1, 10, 14, 7, 42, 8, 17, 43, 50, 9, 44, 53]
[0, 1, 10, 14, 40, 7, 42, 8, 17, 50, 18, 44, 53]
[0, 1, 10, 14, 40, 7, 16, 17, 50, 9, 18, 44, 53]
[0, 1, 10, 14, 40, 7, 16, 42, 49, 17, 50, 9, 53]
[0, 1, 10, 14, 7, 16, 42, 49, 17, 43, 50, 18, 53]
[0, 5, 14, 40, 7, 42, 8, 17, 9, 18, 44, 51, 53]
[0, 5, 14, 7, 16, 42, 49, 17, 43, 9, 18, 51, 53]
[1, 5, 14, 7, 16, 8, 17, 50, 52, 9, 18, 44, 53]
[1, 5, 14, 7, 16, 42, 49, 8, 17, 50, 52, 9, 53]
[1, 5, 14, 40, 7, 16, 8, 17, 43, 50, 52, 44, 53]
[1, 5, 14, 40, 7, 49, 17, 43, 50, 52, 9, 18, 53]
[1, 5, 14, 40, 7, 42, 17, 43, 50, 52, 9, 44, 53]
[1, 5, 40, 16, 49, 8, 17, 43, 50, 52, 9, 18, 53]
[1, 5, 40, 16, 42, 8, 17, 43, 50, 52, 9, 44, 53]
[1, 10, 7, 16, 42, 8, 17, 43, 50, 9, 18, 51, 53]
[1, 10, 7, 16, 49, 8, 17, 43, 50, 9, 44, 51, 53]
[1, 14, 7, 16, 49, 8, 17, 50, 52, 9, 18, 51, 53]
[1, 14, 7, 16, 42, 8, 17, 50, 52, 9, 44, 51, 53]
[1, 10, 40, 7, 16, 49, 8, 17, 50, 18, 44, 51, 53]
[1, 14, 40, 7, 16, 49, 8, 17, 43, 50, 52, 51, 53]
[1, 10, 40, 7, 42, 49, 17, 50, 9, 18, 44, 51, 53]
[1, 14, 40, 7, 17, 43, 50, 52, 9, 18, 44, 51, 53]
[1, 14, 40, 7, 42, 49, 17, 43, 50, 52, 9, 51, 53]
[1, 40, 16, 8, 17, 43, 50, 52, 9, 18, 44, 51, 53]
[1, 40, 16, 42, 49, 8, 17, 43, 50, 52, 9, 51, 53]
[1, 10, 14, 16, 42, 49, 8, 17, 43, 50, 44, 51, 53]
[0, 1, 5, 14, 40, 7, 42, 49, 8, 52, 9, 44, 51, 53]
[0, 1, 5, 14, 7, 42, 49, 8, 43, 52, 18, 44, 51, 53]
[0, 1, 5, 14, 7, 16, 49, 43, 52, 9, 18, 44, 51, 53]
[0, 1, 10, 14, 40, 7, 42, 49, 8, 17, 43, 50, 18, 53]
[0, 1, 10, 14, 40, 7, 16, 49, 17, 43, 50, 9, 18, 53]
[0, 1, 10, 14, 40, 7, 16, 42, 17, 43, 50, 9, 44, 53]
[0, 5, 14, 40, 7, 42, 49, 8, 17, 43, 9, 18, 51, 53]
[1, 5, 14, 7, 16, 49, 8, 17, 43, 50, 52, 9, 18, 53]
[1, 5, 14, 7, 16, 42, 8, 17, 43, 50, 52, 9, 44, 53]
[1, 5, 14, 40, 7, 16, 42, 8, 17, 50, 52, 18, 44, 53]
[1, 10, 7, 16, 42, 49, 8, 17, 50, 9, 18, 44, 51, 53]
[1, 14, 7, 16, 8, 17, 43, 50, 52, 9, 18, 44, 51, 53]
[1, 14, 7, 16, 42, 49, 8, 17, 43, 50, 52, 9, 51, 53]
[1, 10, 40, 7, 16, 42, 49, 8, 17, 43, 50, 44, 51, 53]
[1, 14, 40, 7, 16, 42, 49, 8, 17, 50, 52, 18, 51, 53]
[1, 10, 14, 40, 16, 42, 8, 17, 43, 50, 9, 18, 51, 53]
[1, 10, 14, 40, 16, 49, 8, 17, 43, 50, 9, 44, 51, 53]
[0, 1, 5, 14, 40, 7, 49, 8, 43, 52, 9, 18, 44, 51, 53]
[0, 1, 5, 14, 40, 7, 16, 42, 49, 43, 52, 18, 44, 51, 53]
[1, 5, 14, 40, 7, 16, 42, 49, 8, 17, 43, 50, 52, 18, 53]
[1, 14, 40, 7, 16, 42, 8, 17, 43, 50, 52, 18, 44, 51, 53]
[1, 10, 14, 40, 16, 42, 49, 8, 17, 50, 9, 18, 44, 51, 53]
