[[0, 4, 8], [2, 4], [3, 5], [6, 7]]
[10, 35, 37, 44, 51, 53, 54]
[10, 35, 40, 39, 44, 51, 54]
[10, 13, 14, 16, 17, 50, 52, 54]
[10, 13, 14, 35, 17, 38, 50, 54]
[10, 13, 34, 16, 37, 17, 52, 54]
[10, 13, 34, 35, 37, 17, 38, 54]
[10, 35, 40, 49, 43, 44, 51, 54]
[10, 13, 14, 35, 42, 17, 50, 18, 54]
[10, 13, 14, 50, 52, 39, 44, 51, 54]
[10, 13, 34, 16, 17, 44, 51, 53, 54]
[10, 13, 34, 35, 37, 42, 17, 18, 54]
[10, 13, 34, 17, 43, 18, 51, 53, 54]
[10, 13, 34, 37, 52, 39, 44, 51, 54]
[10, 13, 34, 40, 52, 44, 51, 53, 54]
[10, 34, 14, 35, 50, 44, 51, 53, 54]
[10, 16, 37, 38, 52, 44, 51, 53, 54]
[10, 40, 16, 38, 52, 39, 44, 51, 54]
[10, 13, 14, 40, 49, 17, 50, 18, 51, 54]
[10, 13, 14, 49, 43, 50, 52, 44, 51, 54]
[10, 13, 34, 40, 16, 17, 52, 39, 53, 54]
[10, 13, 34, 40, 37, 49, 17, 18, 51, 54]
[10, 13, 34, 49, 17, 18, 39, 51, 53, 54]
[10, 13, 34, 35, 40, 17, 38, 39, 53, 54]
[10, 13, 34, 42, 17, 38, 43, 51, 53, 54]
[10, 13, 34, 37, 49, 43, 52, 44, 51, 54]
[10, 16, 37, 42, 52, 18, 44, 51, 53, 54]
[10, 40, 16, 42, 52, 18, 39, 44, 51, 54]
[10, 40, 16, 49, 38, 43, 52, 44, 51, 54]
[10, 35, 37, 42, 38, 18, 44, 51, 53, 54]
[10, 35, 40, 42, 38, 18, 39, 44, 51, 54]
[10, 35, 37, 49, 43, 39, 44, 51, 53, 54]
[10, 13, 14, 16, 42, 17, 38, 50, 52, 18, 54]
[10, 13, 14, 16, 37, 17, 50, 44, 51, 53, 54]
[10, 13, 14, 40, 16, 17, 50, 39, 44, 51, 54]
[10, 13, 14, 16, 49, 17, 43, 50, 52, 39, 54]
[10, 13, 14, 35, 16, 38, 50, 39, 44, 51, 54]
[10, 13, 14, 37, 17, 43, 50, 18, 51, 53, 54]
[10, 13, 14, 40, 17, 43, 50, 18, 39, 51, 54]
[10, 13, 14, 35, 49, 17, 38, 43, 50, 39, 54]
[10, 13, 14, 40, 42, 49, 17, 38, 50, 51, 54]
[10, 13, 14, 40, 37, 50, 52, 44, 51, 53, 54]
[10, 13, 34, 16, 37, 42, 17, 38, 52, 18, 54]
[10, 13, 34, 40, 16, 37, 17, 39, 44, 51, 54]
[10, 13, 34, 16, 37, 49, 17, 43, 52, 39, 54]
[10, 13, 34, 40, 16, 49, 17, 43, 52, 53, 54]
[10, 13, 34, 35, 16, 37, 38, 39, 44, 51, 54]
[10, 13, 34, 35, 40, 16, 38, 44, 51, 53, 54]
[10, 13, 34, 35, 40, 42, 17, 18, 39, 53, 54]
[10, 13, 34, 40, 37, 17, 43, 18, 39, 51, 54]
[10, 13, 34, 35, 37, 49, 17, 38, 43, 39, 54]
[10, 13, 34, 35, 40, 49, 17, 38, 43, 53, 54]
[10, 13, 34, 35, 17, 38, 52, 44, 51, 53, 54]
[10, 13, 34, 40, 37, 42, 49, 17, 38, 51, 54]
[10, 13, 34, 42, 49, 17, 38, 39, 51, 53, 54]
[10, 34, 14, 16, 38, 50, 52, 44, 51, 53, 54]
[10, 34, 14, 35, 40, 37, 50, 39, 44, 51, 54]
[10, 40, 16, 42, 49, 43, 52, 18, 44, 51, 54]
[10, 35, 40, 42, 49, 38, 43, 18, 44, 51, 54]
[10, 13, 14, 40, 16, 37, 17, 50, 52, 39, 53, 54]
[10, 13, 14, 40, 16, 49, 17, 43, 50, 44, 51, 54]
[10, 13, 14, 35, 16, 42, 50, 18, 39, 44, 51, 54]
[10, 13, 14, 35, 16, 49, 38, 43, 50, 44, 51, 54]
[10, 13, 14, 35, 42, 49, 17, 43, 50, 18, 39, 54]
[10, 13, 14, 37, 49, 17, 50, 18, 39, 51, 53, 54]
[10, 13, 14, 35, 40, 37, 17, 38, 50, 39, 53, 54]
[10, 13, 14, 37, 42, 17, 38, 43, 50, 51, 53, 54]
[10, 13, 14, 40, 42, 17, 38, 43, 50, 39, 51, 54]
[10, 13, 14, 42, 38, 50, 52, 18, 39, 44, 51, 54]
[10, 13, 34, 16, 42, 17, 38, 18, 44, 51, 53, 54]
[10, 13, 34, 35, 16, 42, 17, 43, 52, 51, 53, 54]
[10, 13, 34, 40, 16, 37, 49, 17, 43, 44, 51, 54]
[10, 13, 34, 16, 49, 17, 43, 39, 44, 51, 53, 54]
[10, 13, 34, 35, 16, 37, 42, 18, 39, 44, 51, 54]
[10, 13, 34, 35, 40, 16, 42, 18, 44, 51, 53, 54]
[10, 13, 34, 35, 16, 37, 49, 38, 43, 44, 51, 54]
[10, 13, 34, 35, 37, 42, 49, 17, 43, 18, 39, 54]
[10, 13, 34, 35, 40, 42, 49, 17, 43, 18, 53, 54]
[10, 13, 34, 35, 42, 17, 52, 18, 44, 51, 53, 54]
[10, 13, 34, 40, 37, 42, 17, 38, 43, 39, 51, 54]
[10, 13, 34, 37, 42, 38, 52, 18, 39, 44, 51, 54]
[10, 13, 34, 40, 42, 38, 52, 18, 44, 51, 53, 54]
[10, 13, 34, 40, 49, 43, 52, 39, 44, 51, 53, 54]
[10, 34, 14, 16, 42, 50, 52, 18, 44, 51, 53, 54]
[10, 34, 14, 35, 42, 38, 50, 18, 44, 51, 53, 54]
[10, 34, 14, 35, 40, 37, 49, 43, 50, 44, 51, 54]
[10, 34, 14, 35, 49, 43, 50, 39, 44, 51, 53, 54]
[10, 16, 37, 49, 38, 43, 52, 39, 44, 51, 53, 54]
[10, 13, 14, 35, 40, 16, 42, 49, 17, 50, 52, 51, 54]
[10, 13, 14, 40, 16, 37, 49, 17, 43, 50, 52, 53, 54]
[10, 13, 14, 35, 16, 42, 49, 43, 50, 18, 44, 51, 54]
[10, 13, 14, 35, 40, 16, 37, 38, 50, 44, 51, 53, 54]
[10, 13, 14, 35, 40, 37, 42, 17, 50, 18, 39, 53, 54]
[10, 13, 14, 35, 40, 37, 49, 17, 38, 43, 50, 53, 54]
[10, 13, 14, 35, 37, 17, 38, 50, 52, 44, 51, 53, 54]
[10, 13, 14, 35, 40, 17, 38, 50, 52, 39, 44, 51, 54]
[10, 13, 14, 37, 42, 49, 17, 38, 50, 39, 51, 53, 54]
[10, 13, 14, 42, 49, 38, 43, 50, 52, 18, 44, 51, 54]
[10, 13, 34, 35, 16, 17, 38, 43, 52, 18, 51, 53, 54]
[10, 13, 34, 40, 16, 42, 17, 38, 52, 18, 39, 53, 54]
[10, 13, 34, 35, 40, 16, 37, 42, 49, 17, 52, 51, 54]
[10, 13, 34, 35, 16, 42, 49, 17, 52, 39, 51, 53, 54]
[10, 13, 34, 35, 16, 37, 42, 49, 43, 18, 44, 51, 54]
[10, 13, 34, 35, 40, 37, 17, 38, 52, 39, 44, 51, 54]
[10, 13, 34, 37, 42, 49, 38, 43, 52, 18, 44, 51, 54]
[10, 34, 14, 40, 16, 37, 38, 50, 52, 39, 44, 51, 54]
[10, 16, 37, 42, 49, 43, 52, 18, 39, 44, 51, 53, 54]
[10, 35, 37, 42, 49, 38, 43, 18, 39, 44, 51, 53, 54]
[10, 13, 14, 35, 40, 16, 49, 17, 38, 50, 52, 18, 51, 54]
[10, 13, 14, 16, 37, 42, 17, 38, 50, 18, 44, 51, 53, 54]
[10, 13, 14, 40, 16, 42, 17, 38, 50, 18, 39, 44, 51, 54]
[10, 13, 14, 16, 42, 49, 17, 38, 43, 50, 52, 18, 39, 54]
[10, 13, 14, 35, 16, 37, 42, 17, 43, 50, 52, 51, 53, 54]
[10, 13, 14, 35, 40, 16, 42, 17, 43, 50, 52, 39, 51, 54]
[10, 13, 14, 16, 37, 49, 17, 43, 50, 39, 44, 51, 53, 54]
[10, 13, 14, 35, 40, 16, 37, 42, 50, 18, 44, 51, 53, 54]
[10, 13, 14, 35, 40, 37, 42, 49, 17, 43, 50, 18, 53, 54]
[10, 13, 14, 35, 37, 42, 17, 50, 52, 18, 44, 51, 53, 54]
[10, 13, 14, 35, 40, 42, 17, 50, 52, 18, 39, 44, 51, 54]
[10, 13, 14, 35, 40, 49, 17, 38, 43, 50, 52, 44, 51, 54]
[10, 13, 14, 40, 37, 42, 38, 50, 52, 18, 44, 51, 53, 54]
[10, 13, 14, 40, 37, 49, 43, 50, 52, 39, 44, 51, 53, 54]
[10, 13, 34, 35, 40, 16, 37, 49, 17, 38, 52, 18, 51, 54]
[10, 13, 34, 35, 16, 49, 17, 38, 52, 18, 39, 51, 53, 54]
[10, 13, 34, 40, 16, 37, 42, 17, 38, 18, 39, 44, 51, 54]
[10, 13, 34, 16, 37, 42, 49, 17, 38, 43, 52, 18, 39, 54]
[10, 13, 34, 40, 16, 42, 49, 17, 38, 43, 52, 18, 53, 54]
[10, 13, 34, 35, 40, 16, 37, 42, 17, 43, 52, 39, 51, 54]
[10, 13, 34, 35, 40, 16, 49, 38, 43, 39, 44, 51, 53, 54]
[10, 13, 34, 35, 40, 37, 42, 17, 52, 18, 39, 44, 51, 54]
[10, 13, 34, 35, 40, 37, 49, 17, 38, 43, 52, 44, 51, 54]
[10, 13, 34, 35, 49, 17, 38, 43, 52, 39, 44, 51, 53, 54]
[10, 34, 14, 40, 16, 37, 42, 50, 52, 18, 39, 44, 51, 54]
[10, 34, 14, 40, 16, 37, 49, 38, 43, 50, 52, 44, 51, 54]
[10, 34, 14, 16, 49, 38, 43, 50, 52, 39, 44, 51, 53, 54]
[10, 34, 14, 35, 40, 37, 42, 38, 50, 18, 39, 44, 51, 54]
[10, 13, 14, 35, 16, 37, 17, 38, 43, 50, 52, 18, 51, 53, 54]
[10, 13, 14, 35, 40, 16, 17, 38, 43, 50, 52, 18, 39, 51, 54]
[10, 13, 14, 40, 16, 37, 42, 17, 38, 50, 52, 18, 39, 53, 54]
[10, 13, 14, 40, 16, 42, 49, 17, 38, 43, 50, 18, 44, 51, 54]
[10, 13, 14, 35, 16, 37, 42, 49, 17, 50, 52, 39, 51, 53, 54]
[10, 13, 14, 35, 40, 42, 49, 17, 43, 50, 52, 18, 44, 51, 54]
[10, 13, 34, 35, 40, 16, 37, 17, 38, 43, 52, 18, 39, 51, 54]
[10, 13, 34, 40, 16, 37, 42, 49, 17, 38, 43, 18, 44, 51, 54]
[10, 13, 34, 16, 42, 49, 17, 38, 43, 18, 39, 44, 51, 53, 54]
[10, 13, 34, 35, 40, 16, 42, 49, 43, 18, 39, 44, 51, 53, 54]
[10, 13, 34, 35, 40, 37, 42, 49, 17, 43, 52, 18, 44, 51, 54]
[10, 13, 34, 35, 42, 49, 17, 43, 52, 18, 39, 44, 51, 53, 54]
[10, 13, 34, 40, 42, 49, 38, 43, 52, 18, 39, 44, 51, 53, 54]
[10, 34, 14, 40, 16, 37, 42, 49, 43, 50, 52, 18, 44, 51, 54]
[10, 34, 14, 16, 42, 49, 43, 50, 52, 18, 39, 44, 51, 53, 54]
[10, 34, 14, 35, 40, 37, 42, 49, 38, 43, 50, 18, 44, 51, 54]
[10, 34, 14, 35, 42, 49, 38, 43, 50, 18, 39, 44, 51, 53, 54]
[10, 13, 14, 35, 16, 37, 49, 17, 38, 50, 52, 18, 39, 51, 53, 54]
[10, 13, 14, 40, 16, 37, 42, 49, 17, 38, 43, 50, 52, 18, 53, 54]
[10, 13, 14, 35, 40, 16, 37, 49, 38, 43, 50, 39, 44, 51, 53, 54]
[10, 13, 14, 35, 37, 49, 17, 38, 43, 50, 52, 39, 44, 51, 53, 54]
[10, 13, 14, 16, 37, 42, 49, 17, 38, 43, 50, 18, 39, 44, 51, 53, 54]
[10, 13, 14, 35, 40, 16, 37, 42, 49, 43, 50, 18, 39, 44, 51, 53, 54]
[10, 13, 14, 35, 37, 42, 49, 17, 43, 50, 52, 18, 39, 44, 51, 53, 54]
[10, 13, 14, 40, 37, 42, 49, 38, 43, 50, 52, 18, 39, 44, 51, 53, 54]
