[[2, 5], [3, 5], [4, 5], [6, 7]]
[0, 1, 10, 5, 52, 18, 44, 53, 54]
[0, 1, 10, 5, 42, 49, 52, 53, 54]
[0, 5, 7, 49, 17, 52, 9, 53, 54]
[0, 5, 14, 17, 52, 18, 44, 53, 54]
[0, 5, 14, 42, 49, 17, 52, 53, 54]
[0, 1, 10, 5, 40, 49, 52, 9, 53, 54]
[0, 1, 10, 5, 49, 43, 52, 18, 53, 54]
[0, 1, 10, 5, 42, 43, 52, 44, 53, 54]
[0, 5, 7, 17, 43, 52, 9, 44, 53, 54]
[0, 5, 40, 7, 17, 52, 18, 44, 53, 54]
[0, 5, 40, 7, 42, 49, 17, 52, 53, 54]
[0, 5, 14, 40, 49, 17, 52, 9, 53, 54]
[0, 5, 14, 49, 17, 43, 52, 18, 53, 54]
[0, 5, 14, 42, 17, 43, 52, 44, 53, 54]
[0, 1, 10, 5, 14, 7, 49, 52, 9, 53, 54]
[0, 1, 10, 5, 16, 49, 8, 52, 9, 53, 54]
[0, 1, 10, 5, 40, 43, 52, 9, 44, 53, 54]
[0, 5, 7, 16, 8, 17, 52, 18, 44, 53, 54]
[0, 5, 7, 16, 42, 49, 8, 17, 52, 53, 54]
[0, 5, 7, 42, 17, 52, 9, 18, 44, 53, 54]
[0, 5, 40, 7, 49, 17, 43, 52, 18, 53, 54]
[0, 5, 40, 7, 42, 17, 43, 52, 44, 53, 54]
[0, 5, 14, 16, 49, 8, 17, 52, 9, 53, 54]
[0, 5, 14, 40, 17, 43, 52, 9, 44, 53, 54]
[0, 1, 10, 5, 14, 7, 43, 52, 9, 44, 53, 54]
[0, 1, 10, 5, 14, 40, 7, 52, 18, 44, 53, 54]
[0, 1, 10, 5, 14, 40, 7, 42, 49, 52, 53, 54]
[0, 1, 10, 5, 16, 8, 43, 52, 9, 44, 53, 54]
[0, 1, 10, 5, 40, 16, 8, 52, 18, 44, 53, 54]
[0, 1, 10, 5, 40, 16, 42, 49, 8, 52, 53, 54]
[0, 1, 10, 5, 40, 42, 52, 9, 18, 44, 53, 54]
[0, 5, 40, 7, 16, 49, 8, 17, 52, 9, 53, 54]
[0, 5, 7, 16, 49, 8, 17, 43, 52, 18, 53, 54]
[0, 5, 7, 16, 42, 8, 17, 43, 52, 44, 53, 54]
[0, 5, 7, 42, 49, 17, 43, 52, 9, 18, 53, 54]
[0, 5, 14, 16, 8, 17, 43, 52, 9, 44, 53, 54]
[0, 5, 14, 40, 16, 8, 17, 52, 18, 44, 53, 54]
[0, 5, 14, 40, 16, 42, 49, 8, 17, 52, 53, 54]
[0, 5, 14, 40, 42, 17, 52, 9, 18, 44, 53, 54]
[0, 1, 10, 5, 14, 7, 16, 8, 52, 18, 44, 53, 54]
[0, 1, 10, 5, 14, 7, 16, 42, 49, 8, 52, 53, 54]
[0, 1, 10, 5, 14, 7, 42, 52, 9, 18, 44, 53, 54]
[0, 1, 10, 5, 14, 40, 7, 49, 43, 52, 18, 53, 54]
[0, 1, 10, 5, 14, 40, 7, 42, 43, 52, 44, 53, 54]
[0, 1, 10, 5, 16, 42, 8, 52, 9, 18, 44, 53, 54]
[0, 1, 10, 5, 40, 16, 49, 8, 43, 52, 18, 53, 54]
[0, 1, 10, 5, 40, 16, 42, 8, 43, 52, 44, 53, 54]
[0, 1, 10, 5, 40, 42, 49, 43, 52, 9, 18, 53, 54]
[0, 5, 40, 7, 16, 8, 17, 43, 52, 9, 44, 53, 54]
[0, 5, 14, 16, 42, 8, 17, 52, 9, 18, 44, 53, 54]
[0, 5, 14, 40, 16, 49, 8, 17, 43, 52, 18, 53, 54]
[0, 5, 14, 40, 16, 42, 8, 17, 43, 52, 44, 53, 54]
[0, 5, 14, 40, 42, 49, 17, 43, 52, 9, 18, 53, 54]
[0, 1, 10, 5, 14, 40, 7, 16, 49, 8, 52, 9, 53, 54]
[0, 1, 10, 5, 14, 7, 16, 49, 8, 43, 52, 18, 53, 54]
[0, 1, 10, 5, 14, 7, 16, 42, 8, 43, 52, 44, 53, 54]
[0, 1, 10, 5, 14, 7, 42, 49, 43, 52, 9, 18, 53, 54]
[0, 1, 10, 5, 16, 42, 49, 8, 43, 52, 9, 18, 53, 54]
[0, 5, 40, 7, 16, 42, 8, 17, 52, 9, 18, 44, 53, 54]
[0, 5, 14, 16, 42, 49, 8, 17, 43, 52, 9, 18, 53, 54]
[0, 1, 10, 5, 14, 40, 7, 16, 8, 43, 52, 9, 44, 53, 54]
[0, 5, 40, 7, 16, 42, 49, 8, 17, 43, 52, 9, 18, 53, 54]
[0, 1, 10, 5, 14, 40, 7, 16, 42, 8, 52, 9, 18, 44, 53, 54]
[0, 1, 10, 5, 14, 40, 7, 16, 42, 49, 8, 43, 52, 9, 18, 53, 54]
