[[2, 5], [3, 5], [4, 5], [6, 7]]
[1, 50, 18, 53]
[5, 16, 50, 52]
[10, 17, 50, 9]
[10, 16, 50, 44]
[1, 42, 43, 50, 53]
[5, 40, 8, 50, 52]
[10, 5, 40, 50, 44]
[10, 40, 8, 50, 44]
[10, 16, 49, 43, 50]
[10, 40, 42, 17, 50]
[0, 1, 10, 16, 50, 44]
[0, 5, 49, 8, 17, 50]
[0, 7, 50, 9, 53, 54]
[0, 14, 42, 50, 53, 54]
[1, 40, 43, 50, 9, 53]
[1, 40, 49, 50, 51, 53]
[1, 42, 49, 50, 44, 53]
[5, 14, 7, 8, 50, 52]
[10, 5, 14, 7, 50, 44]
[5, 42, 8, 50, 52, 9]
[10, 5, 16, 8, 50, 44]
[10, 5, 49, 50, 9, 18]
[10, 5, 42, 50, 9, 44]
[10, 5, 40, 49, 43, 50]
[10, 14, 7, 8, 50, 44]
[10, 14, 7, 42, 17, 50]
[10, 49, 8, 50, 9, 18]
[10, 42, 8, 50, 9, 44]
[10, 16, 42, 8, 17, 50]
[10, 40, 49, 8, 43, 50]
[10, 16, 42, 49, 50, 18]
[10, 40, 17, 43, 50, 18]
[0, 1, 5, 7, 50, 9, 54]
[0, 1, 10, 5, 40, 50, 44]
[0, 1, 5, 14, 42, 50, 54]
[0, 1, 10, 40, 8, 50, 44]
[0, 1, 10, 16, 49, 43, 50]
[0, 5, 8, 17, 43, 50, 44]
[0, 5, 40, 16, 49, 17, 50]
[0, 40, 7, 42, 50, 53, 54]
[0, 14, 40, 50, 9, 53, 54]
[0, 14, 43, 50, 18, 53, 54]
[1, 5, 14, 49, 50, 53, 54]
[1, 14, 7, 43, 50, 9, 53]
[1, 14, 40, 7, 50, 18, 53]
[1, 14, 7, 49, 50, 51, 53]
[1, 16, 8, 43, 50, 9, 53]
[1, 40, 16, 8, 50, 18, 53]
[1, 16, 49, 8, 50, 51, 53]
[1, 40, 42, 50, 9, 18, 53]
[1, 50, 9, 18, 44, 51, 53]
[1, 40, 49, 50, 9, 44, 53]
[1, 42, 49, 50, 9, 51, 53]
[1, 49, 43, 50, 18, 44, 53]
[1, 40, 43, 50, 44, 51, 53]
[10, 5, 14, 7, 49, 43, 50]
[5, 14, 40, 7, 16, 50, 52]
[5, 8, 43, 50, 52, 9, 18]
[10, 5, 16, 49, 8, 43, 50]
[10, 5, 43, 50, 9, 18, 44]
[10, 5, 42, 49, 43, 50, 9]
[5, 40, 16, 42, 50, 52, 9]
[10, 5, 40, 42, 49, 50, 18]
[5, 16, 42, 43, 50, 52, 18]
[5, 16, 49, 43, 50, 52, 44]
[5, 16, 49, 52, 51, 53, 54]
[10, 14, 7, 49, 8, 43, 50]
[10, 7, 8, 17, 52, 18, 53]
[10, 14, 40, 7, 17, 50, 9]
[10, 14, 40, 7, 16, 50, 44]
[10, 14, 7, 17, 43, 50, 18]
[10, 40, 16, 8, 17, 50, 9]
[10, 8, 43, 50, 9, 18, 44]
[10, 42, 49, 8, 43, 50, 9]
[10, 16, 8, 17, 43, 50, 18]
[10, 40, 42, 49, 8, 50, 18]
[10, 40, 16, 49, 50, 9, 18]
[10, 40, 16, 42, 50, 9, 44]
[10, 42, 17, 43, 50, 9, 18]
[10, 49, 17, 43, 50, 9, 44]
[10, 14, 16, 17, 52, 18, 53]
[10, 16, 42, 43, 50, 18, 44]
[10, 40, 49, 17, 50, 18, 44]
[0, 1, 10, 5, 7, 42, 8, 50]
[0, 1, 10, 5, 7, 16, 50, 9]
[0, 1, 10, 5, 14, 7, 50, 44]
[0, 1, 10, 5, 7, 16, 49, 50]
[0, 1, 5, 40, 7, 42, 50, 54]
[0, 1, 10, 5, 14, 8, 50, 9]
[0, 1, 10, 5, 14, 49, 8, 50]
[0, 1, 10, 5, 16, 8, 50, 44]
[0, 1, 10, 5, 49, 50, 9, 18]
[0, 1, 10, 5, 42, 50, 9, 44]
[0, 1, 5, 14, 40, 50, 9, 54]
[0, 1, 10, 5, 14, 16, 42, 50]
[0, 1, 10, 5, 14, 17, 18, 53]
[0, 1, 10, 5, 40, 49, 43, 50]
[0, 1, 5, 14, 43, 50, 18, 54]
[0, 1, 5, 50, 18, 44, 53, 54]
[0, 1, 5, 42, 49, 50, 53, 54]
[0, 1, 10, 14, 7, 8, 50, 44]
[0, 1, 10, 7, 50, 9, 53, 54]
[0, 1, 10, 49, 8, 50, 9, 18]
[0, 1, 10, 42, 8, 50, 9, 44]
[0, 1, 10, 40, 49, 8, 43, 50]
[0, 1, 10, 49, 8, 51, 53, 54]
[0, 1, 10, 14, 42, 50, 53, 54]
[0, 1, 10, 16, 42, 49, 50, 18]
[0, 1, 10, 17, 44, 51, 53, 54]
[0, 5, 7, 8, 17, 9, 51, 53]
[0, 10, 5, 7, 8, 17, 50, 52]
[0, 5, 14, 7, 16, 49, 17, 50]
[0, 5, 7, 16, 42, 17, 51, 53]
[0, 5, 14, 42, 8, 17, 51, 53]
[0, 5, 42, 8, 17, 50, 18, 44]
[0, 5, 49, 8, 50, 51, 53, 54]
[0, 5, 14, 16, 17, 9, 51, 53]
[0, 5, 16, 17, 50, 9, 18, 44]
[0, 5, 16, 42, 49, 17, 50, 9]
[0, 10, 5, 14, 16, 17, 50, 52]
[0, 10, 5, 50, 18, 44, 53, 54]
[0, 10, 5, 42, 49, 50, 53, 54]
[0, 5, 40, 16, 17, 43, 50, 44]
[0, 7, 16, 42, 8, 50, 53, 54]
[0, 40, 7, 43, 50, 18, 53, 54]
[0, 14, 16, 8, 50, 9, 53, 54]
[0, 8, 50, 9, 44, 51, 53, 54]
[0, 14, 49, 50, 18, 44, 53, 54]
[0, 16, 49, 50, 18, 51, 53, 54]
[0, 16, 42, 50, 44, 51, 53, 54]
[1, 5, 40, 7, 49, 50, 53, 54]
[1, 5, 14, 43, 50, 44, 53, 54]
[1, 14, 7, 16, 8, 50, 18, 53]
[1, 14, 7, 42, 50, 9, 18, 53]
[1, 14, 7, 49, 50, 9, 44, 53]
[1, 14, 40, 7, 42, 43, 50, 53]
[1, 14, 7, 43, 50, 44, 51, 53]
[1, 10, 8, 17, 50, 52, 9, 54]
[1, 16, 42, 8, 50, 9, 18, 53]
[1, 16, 49, 8, 50, 9, 44, 53]
[1, 40, 16, 42, 8, 43, 50, 53]
[1, 16, 8, 43, 50, 44, 51, 53]
[1, 49, 43, 50, 9, 18, 51, 53]
[1, 42, 43, 50, 9, 44, 51, 53]
[1, 10, 16, 42, 17, 50, 52, 54]
[1, 40, 42, 50, 18, 44, 51, 53]
[5, 14, 7, 16, 42, 50, 52, 9]
[10, 5, 14, 7, 42, 49, 50, 18]
[5, 49, 8, 50, 52, 9, 18, 44]
[10, 5, 16, 42, 49, 8, 50, 18]
[5, 40, 42, 8, 43, 50, 52, 18]
[5, 40, 49, 8, 43, 50, 52, 44]
[5, 40, 49, 8, 52, 51, 53, 54]
[5, 40, 16, 43, 50, 52, 9, 18]
[10, 5, 40, 42, 43, 50, 18, 44]
[5, 16, 42, 49, 50, 52, 18, 44]
[5, 16, 43, 52, 44, 51, 53, 54]
[10, 14, 7, 16, 8, 17, 50, 9]
[10, 14, 7, 42, 49, 8, 50, 18]
[10, 7, 42, 8, 17, 43, 52, 53]
[10, 14, 7, 16, 49, 50, 9, 18]
[10, 14, 7, 16, 42, 50, 9, 44]
[10, 7, 16, 17, 43, 52, 9, 53]
[10, 14, 40, 7, 16, 49, 43, 50]
[10, 14, 7, 49, 17, 50, 18, 44]
[10, 40, 7, 16, 17, 52, 18, 53]
[10, 14, 8, 17, 43, 52, 9, 53]
[10, 14, 40, 8, 17, 52, 18, 53]
[10, 16, 49, 8, 17, 50, 18, 44]
[10, 40, 42, 8, 43, 50, 18, 44]
[10, 40, 16, 43, 50, 9, 18, 44]
[10, 40, 16, 42, 49, 43, 50, 9]
[10, 42, 49, 17, 50, 9, 18, 44]
[10, 14, 16, 42, 17, 43, 52, 53]
[10, 14, 17, 43, 50, 52, 51, 53]
[10, 40, 42, 49, 17, 43, 50, 44]
[0, 1, 10, 5, 40, 7, 8, 50, 9]
[0, 1, 10, 5, 7, 8, 43, 50, 18]
[0, 1, 10, 5, 40, 7, 49, 8, 50]
[0, 1, 5, 7, 16, 42, 8, 50, 54]
[0, 1, 10, 5, 7, 17, 43, 9, 53]
[0, 1, 10, 5, 14, 7, 49, 43, 50]
[0, 1, 10, 5, 40, 7, 16, 42, 50]
[0, 1, 10, 5, 7, 16, 43, 50, 44]
[0, 1, 10, 5, 40, 7, 17, 18, 53]
[0, 1, 5, 40, 7, 43, 50, 18, 54]
[0, 1, 5, 14, 16, 8, 50, 9, 54]
[0, 1, 10, 5, 14, 40, 42, 8, 50]
[0, 1, 10, 5, 14, 8, 43, 50, 44]
[0, 1, 10, 5, 16, 49, 8, 43, 50]
[0, 1, 10, 5, 14, 40, 16, 50, 9]
[0, 1, 10, 5, 43, 50, 9, 18, 44]
[0, 1, 10, 5, 42, 49, 43, 50, 9]
[0, 1, 5, 40, 49, 50, 9, 53, 54]
[0, 1, 10, 5, 14, 16, 43, 50, 18]
[0, 1, 10, 5, 14, 40, 16, 49, 50]
[0, 1, 10, 5, 14, 42, 17, 43, 53]
[0, 1, 10, 5, 40, 42, 49, 50, 18]
[0, 1, 5, 14, 49, 50, 18, 44, 54]
[0, 1, 5, 49, 43, 50, 18, 53, 54]
[0, 1, 5, 42, 43, 50, 44, 53, 54]
[0, 1, 10, 14, 7, 49, 8, 43, 50]
[0, 1, 10, 14, 40, 7, 16, 50, 44]
[0, 1, 10, 7, 16, 49, 50, 53, 54]
[0, 1, 10, 40, 7, 42, 50, 53, 54]
[0, 1, 10, 8, 43, 50, 9, 18, 44]
[0, 1, 10, 42, 49, 8, 43, 50, 9]
[0, 1, 10, 14, 49, 8, 50, 53, 54]
[0, 1, 10, 40, 42, 49, 8, 50, 18]
[0, 1, 10, 8, 43, 44, 51, 53, 54]
[0, 1, 10, 14, 40, 50, 9, 53, 54]
[0, 1, 10, 40, 16, 49, 50, 9, 18]
[0, 1, 10, 40, 16, 42, 50, 9, 44]
[0, 1, 10, 14, 43, 50, 18, 53, 54]
[0, 1, 10, 16, 42, 43, 50, 18, 44]
[0, 1, 10, 40, 16, 49, 51, 53, 54]
[0, 1, 10, 49, 17, 43, 51, 53, 54]
[0, 5, 14, 40, 7, 49, 8, 17, 50]
[0, 5, 40, 7, 42, 8, 17, 51, 53]
[0, 5, 40, 7, 16, 17, 9, 51, 53]
[0, 10, 5, 40, 7, 16, 17, 50, 52]
[0, 5, 14, 7, 16, 17, 43, 50, 44]
[0, 5, 7, 16, 17, 43, 18, 51, 53]
[0, 5, 14, 40, 8, 17, 9, 51, 53]
[0, 5, 40, 8, 17, 50, 9, 18, 44]
[0, 5, 40, 42, 49, 8, 17, 50, 9]
[0, 10, 5, 14, 40, 8, 17, 50, 52]
[0, 5, 14, 8, 17, 43, 18, 51, 53]
[0, 5, 42, 49, 8, 17, 43, 50, 18]
[0, 5, 8, 43, 50, 44, 51, 53, 54]
[0, 10, 5, 40, 49, 50, 9, 53, 54]
[0, 5, 16, 49, 17, 43, 50, 9, 18]
[0, 5, 16, 42, 17, 43, 50, 9, 44]
[0, 10, 5, 49, 43, 50, 18, 53, 54]
[0, 10, 5, 42, 43, 50, 44, 53, 54]
[0, 5, 14, 40, 16, 42, 17, 51, 53]
[0, 5, 40, 16, 42, 17, 50, 18, 44]
[0, 5, 40, 16, 49, 50, 51, 53, 54]
[0, 40, 7, 16, 8, 50, 9, 53, 54]
[0, 7, 16, 8, 43, 50, 18, 53, 54]
[0, 7, 42, 43, 50, 9, 18, 53, 54]
[0, 7, 49, 43, 50, 9, 44, 53, 54]
[0, 40, 7, 49, 50, 18, 44, 53, 54]
[0, 49, 8, 43, 50, 9, 51, 53, 54]
[0, 14, 40, 16, 42, 8, 50, 53, 54]
[0, 40, 49, 8, 50, 18, 51, 53, 54]
[0, 40, 42, 8, 50, 44, 51, 53, 54]
[0, 40, 16, 50, 9, 44, 51, 53, 54]
[0, 14, 42, 49, 43, 50, 44, 53, 54]
[0, 16, 43, 50, 18, 44, 51, 53, 54]
[0, 16, 42, 49, 43, 50, 51, 53, 54]
[1, 5, 7, 16, 49, 8, 50, 53, 54]
[1, 5, 7, 50, 9, 18, 44, 53, 54]
[1, 5, 7, 42, 49, 50, 9, 53, 54]
[1, 5, 40, 7, 43, 50, 44, 53, 54]
[1, 5, 14, 42, 50, 18, 44, 53, 54]
[1, 14, 7, 16, 42, 8, 43, 50, 53]
[1, 14, 7, 42, 50, 18, 44, 51, 53]
[1, 14, 40, 7, 42, 49, 50, 44, 53]
[1, 10, 40, 42, 8, 17, 50, 52, 54]
[1, 16, 42, 8, 50, 18, 44, 51, 53]
[1, 40, 16, 42, 49, 8, 50, 44, 53]
[1, 10, 40, 16, 17, 50, 52, 9, 54]
[1, 10, 16, 17, 43, 50, 52, 18, 54]
[1, 40, 42, 49, 43, 50, 18, 51, 53]
[5, 14, 40, 7, 42, 8, 50, 52, 9]
[10, 5, 14, 40, 7, 16, 8, 50, 44]
[5, 14, 7, 42, 8, 43, 50, 52, 18]
[5, 14, 7, 49, 8, 43, 50, 52, 44]
[5, 14, 7, 49, 8, 52, 51, 53, 54]
[10, 5, 14, 40, 7, 49, 50, 9, 18]
[10, 5, 14, 40, 7, 42, 50, 9, 44]
[5, 14, 7, 16, 43, 50, 52, 9, 18]
[10, 5, 14, 7, 42, 43, 50, 18, 44]
[10, 5, 40, 16, 49, 8, 50, 9, 18]
[10, 5, 40, 16, 42, 8, 50, 9, 44]
[5, 8, 52, 9, 18, 44, 51, 53, 54]
[5, 42, 49, 8, 43, 50, 52, 9, 44]
[5, 42, 49, 8, 52, 9, 51, 53, 54]
[10, 5, 16, 42, 8, 43, 50, 18, 44]
[5, 40, 42, 49, 8, 50, 52, 18, 44]
[5, 40, 8, 43, 52, 44, 51, 53, 54]
[5, 40, 16, 49, 50, 52, 9, 18, 44]
[5, 16, 42, 52, 18, 44, 51, 53, 54]
[10, 14, 40, 7, 49, 8, 50, 9, 18]
[10, 14, 40, 7, 42, 8, 50, 9, 44]
[10, 40, 7, 8, 17, 43, 52, 9, 53]
[10, 14, 40, 7, 16, 42, 8, 17, 50]
[10, 14, 7, 42, 8, 43, 50, 18, 44]
[10, 7, 42, 49, 8, 17, 52, 44, 53]
[10, 14, 7, 16, 43, 50, 9, 18, 44]
[10, 14, 7, 16, 42, 49, 43, 50, 9]
[10, 7, 16, 42, 17, 52, 9, 18, 53]
[10, 7, 16, 49, 17, 52, 9, 44, 53]
[10, 7, 17, 50, 52, 9, 18, 51, 53]
[10, 14, 40, 7, 16, 42, 49, 50, 18]
[10, 14, 7, 42, 49, 17, 43, 50, 44]
[10, 40, 7, 16, 42, 17, 43, 52, 53]
[10, 40, 7, 17, 43, 50, 52, 51, 53]
[10, 14, 42, 8, 17, 52, 9, 18, 53]
[10, 14, 49, 8, 17, 52, 9, 44, 53]
[10, 14, 40, 42, 8, 17, 43, 52, 53]
[10, 16, 42, 49, 8, 17, 43, 50, 44]
[10, 14, 40, 16, 17, 43, 52, 9, 53]
[10, 14, 16, 42, 49, 17, 52, 44, 53]
[10, 14, 42, 17, 50, 52, 18, 51, 53]
[10, 14, 49, 17, 50, 52, 44, 51, 53]
[0, 1, 10, 5, 7, 8, 50, 9, 18, 44]
[0, 1, 10, 5, 7, 42, 49, 8, 50, 9]
[0, 1, 5, 40, 7, 16, 8, 50, 9, 54]
[0, 1, 10, 5, 7, 16, 8, 17, 18, 53]
[0, 1, 10, 5, 7, 49, 8, 50, 18, 44]
[0, 1, 10, 5, 40, 7, 8, 43, 50, 44]
[0, 1, 5, 7, 16, 8, 43, 50, 18, 54]
[0, 1, 10, 5, 7, 42, 17, 9, 18, 53]
[0, 1, 10, 5, 7, 49, 17, 9, 44, 53]
[0, 1, 5, 14, 7, 49, 50, 9, 53, 54]
[0, 1, 5, 7, 42, 43, 50, 9, 18, 54]
[0, 1, 5, 7, 49, 43, 50, 9, 44, 54]
[0, 1, 10, 5, 14, 7, 42, 49, 50, 18]
[0, 1, 10, 5, 40, 7, 16, 43, 50, 18]
[0, 1, 10, 5, 7, 16, 42, 50, 18, 44]
[0, 1, 10, 5, 40, 7, 42, 17, 43, 53]
[0, 1, 5, 40, 7, 49, 50, 18, 44, 54]
[0, 1, 5, 16, 49, 8, 50, 9, 53, 54]
[0, 1, 10, 5, 14, 40, 8, 43, 50, 18]
[0, 1, 10, 5, 14, 42, 8, 50, 18, 44]
[0, 1, 10, 5, 16, 42, 49, 8, 50, 18]
[0, 1, 5, 14, 40, 16, 42, 8, 50, 54]
[0, 1, 10, 5, 14, 16, 50, 9, 18, 44]
[0, 1, 10, 5, 14, 16, 42, 49, 50, 9]
[0, 1, 10, 5, 14, 40, 17, 43, 9, 53]
[0, 1, 5, 40, 43, 50, 9, 44, 53, 54]
[0, 1, 10, 5, 14, 16, 49, 50, 18, 44]
[0, 1, 10, 5, 14, 40, 16, 43, 50, 44]
[0, 1, 10, 5, 14, 42, 49, 17, 44, 53]
[0, 1, 10, 5, 40, 42, 43, 50, 18, 44]
[0, 1, 5, 14, 42, 49, 43, 50, 44, 54]
[0, 1, 10, 14, 7, 42, 49, 8, 50, 18]
[0, 1, 10, 7, 16, 42, 8, 50, 53, 54]
[0, 1, 10, 40, 7, 49, 8, 50, 53, 54]
[0, 1, 10, 14, 7, 16, 49, 50, 9, 18]
[0, 1, 10, 14, 7, 16, 42, 50, 9, 44]
[0, 1, 10, 14, 40, 7, 16, 49, 43, 50]
[0, 1, 10, 14, 7, 16, 49, 51, 53, 54]
[0, 1, 10, 7, 16, 43, 50, 44, 53, 54]
[0, 1, 10, 7, 49, 17, 52, 18, 51, 53]
[0, 1, 10, 7, 42, 17, 52, 44, 51, 53]
[0, 1, 10, 40, 7, 43, 50, 18, 53, 54]
[0, 1, 10, 14, 16, 8, 50, 9, 53, 54]
[0, 1, 10, 14, 8, 43, 50, 44, 53, 54]
[0, 1, 10, 40, 42, 8, 43, 50, 18, 44]
[0, 1, 10, 42, 8, 18, 44, 51, 53, 54]
[0, 1, 10, 14, 17, 52, 9, 44, 51, 53]
[0, 1, 10, 40, 16, 43, 50, 9, 18, 44]
[0, 1, 10, 16, 9, 18, 44, 51, 53, 54]
[0, 1, 10, 40, 16, 42, 49, 43, 50, 9]
[0, 1, 10, 16, 42, 49, 9, 51, 53, 54]
[0, 1, 10, 14, 40, 16, 49, 50, 53, 54]
[0, 1, 10, 14, 49, 50, 18, 44, 53, 54]
[0, 1, 10, 40, 16, 43, 44, 51, 53, 54]
[0, 1, 10, 42, 49, 17, 18, 51, 53, 54]
[0, 5, 14, 7, 8, 17, 50, 9, 18, 44]
[0, 5, 14, 7, 42, 49, 8, 17, 50, 9]
[0, 5, 14, 40, 7, 8, 17, 43, 50, 44]
[0, 5, 40, 7, 8, 17, 43, 18, 51, 53]
[0, 5, 7, 49, 8, 17, 18, 51, 53, 54]
[0, 5, 7, 42, 8, 17, 44, 51, 53, 54]
[0, 5, 7, 8, 50, 18, 44, 51, 53, 54]
[0, 5, 7, 42, 49, 8, 50, 51, 53, 54]
[0, 10, 5, 14, 7, 49, 50, 9, 53, 54]
[0, 10, 5, 7, 16, 42, 17, 50, 52, 9]
[0, 5, 7, 16, 17, 9, 44, 51, 53, 54]
[0, 5, 7, 16, 49, 50, 9, 51, 53, 54]
[0, 5, 14, 7, 16, 42, 17, 50, 18, 44]
[0, 5, 14, 7, 16, 49, 50, 51, 53, 54]
[0, 5, 7, 16, 49, 17, 18, 44, 51, 53]
[0, 10, 5, 14, 42, 8, 17, 50, 52, 9]
[0, 10, 5, 16, 49, 8, 50, 9, 53, 54]
[0, 5, 14, 8, 17, 9, 44, 51, 53, 54]
[0, 5, 14, 49, 8, 50, 9, 51, 53, 54]
[0, 5, 40, 49, 8, 17, 43, 50, 9, 18]
[0, 5, 40, 42, 8, 17, 43, 50, 9, 44]
[0, 5, 14, 49, 8, 17, 18, 44, 51, 53]
[0, 5, 42, 8, 50, 18, 44, 51, 53, 54]
[0, 10, 5, 40, 43, 50, 9, 44, 53, 54]
[0, 5, 16, 50, 9, 18, 44, 51, 53, 54]
[0, 5, 16, 42, 49, 50, 9, 51, 53, 54]
[0, 5, 14, 40, 16, 17, 43, 18, 51, 53]
[0, 5, 14, 16, 49, 17, 18, 51, 53, 54]
[0, 5, 14, 16, 42, 17, 44, 51, 53, 54]
[0, 5, 14, 16, 50, 18, 44, 51, 53, 54]
[0, 5, 14, 16, 42, 49, 50, 51, 53, 54]
[0, 5, 40, 16, 42, 49, 17, 43, 50, 18]
[0, 5, 40, 16, 43, 50, 44, 51, 53, 54]
[0, 14, 7, 49, 8, 50, 18, 51, 53, 54]
[0, 14, 7, 42, 8, 50, 44, 51, 53, 54]
[0, 7, 16, 49, 8, 50, 18, 44, 53, 54]
[0, 14, 7, 16, 50, 9, 44, 51, 53, 54]
[0, 7, 42, 49, 50, 9, 18, 44, 53, 54]
[0, 40, 7, 42, 49, 43, 50, 44, 53, 54]
[0, 42, 49, 8, 50, 9, 18, 51, 53, 54]
[0, 14, 40, 16, 8, 43, 50, 18, 53, 54]
[0, 40, 8, 43, 50, 18, 44, 51, 53, 54]
[0, 40, 42, 49, 8, 43, 50, 51, 53, 54]
[0, 14, 40, 42, 43, 50, 9, 18, 53, 54]
[0, 14, 40, 49, 43, 50, 9, 44, 53, 54]
[0, 40, 16, 49, 43, 50, 9, 51, 53, 54]
[1, 5, 7, 16, 8, 43, 50, 44, 53, 54]
[1, 5, 7, 49, 43, 50, 9, 18, 53, 54]
[1, 5, 7, 42, 43, 50, 9, 44, 53, 54]
[1, 5, 40, 7, 42, 50, 18, 44, 53, 54]
[1, 5, 14, 40, 16, 49, 8, 50, 53, 54]
[1, 5, 14, 40, 50, 9, 18, 44, 53, 54]
[1, 5, 14, 40, 42, 49, 50, 9, 53, 54]
[1, 5, 14, 42, 49, 43, 50, 18, 53, 54]
[1, 14, 40, 7, 16, 8, 43, 50, 9, 53]
[1, 10, 14, 7, 42, 8, 17, 50, 52, 54]
[1, 14, 40, 7, 16, 49, 8, 50, 51, 53]
[1, 14, 7, 16, 42, 49, 8, 50, 44, 53]
[1, 10, 14, 7, 16, 17, 50, 52, 9, 54]
[1, 14, 40, 7, 50, 9, 18, 44, 51, 53]
[1, 14, 40, 7, 42, 49, 50, 9, 51, 53]
[1, 14, 40, 7, 49, 43, 50, 18, 44, 53]
[1, 14, 7, 42, 49, 43, 50, 18, 51, 53]
[1, 40, 16, 8, 50, 9, 18, 44, 51, 53]
[1, 40, 16, 42, 49, 8, 50, 9, 51, 53]
[1, 10, 40, 8, 17, 43, 50, 52, 18, 54]
[1, 40, 16, 49, 8, 43, 50, 18, 44, 53]
[1, 16, 42, 49, 8, 43, 50, 18, 51, 53]
[1, 40, 42, 49, 43, 50, 9, 18, 44, 53]
[1, 10, 16, 49, 17, 50, 52, 18, 44, 54]
[10, 5, 14, 7, 16, 49, 8, 50, 9, 18]
[10, 5, 14, 7, 16, 42, 8, 50, 9, 44]
[5, 14, 40, 7, 8, 43, 50, 52, 9, 18]
[10, 5, 14, 40, 7, 16, 49, 8, 43, 50]
[5, 14, 7, 42, 49, 8, 50, 52, 18, 44]
[5, 14, 7, 8, 43, 52, 44, 51, 53, 54]
[10, 5, 14, 40, 7, 43, 50, 9, 18, 44]
[10, 5, 14, 40, 7, 42, 49, 43, 50, 9]
[5, 14, 7, 16, 49, 50, 52, 9, 18, 44]
[5, 14, 40, 7, 16, 42, 43, 50, 52, 18]
[5, 14, 40, 7, 16, 49, 43, 50, 52, 44]
[5, 14, 40, 7, 16, 49, 52, 51, 53, 54]
[10, 5, 40, 16, 8, 43, 50, 9, 18, 44]
[10, 5, 40, 16, 42, 49, 8, 43, 50, 9]
[5, 49, 8, 43, 52, 9, 18, 51, 53, 54]
[5, 42, 8, 43, 52, 9, 44, 51, 53, 54]
[5, 40, 42, 8, 52, 18, 44, 51, 53, 54]
[5, 40, 16, 52, 9, 18, 44, 51, 53, 54]
[5, 40, 16, 42, 49, 43, 50, 52, 9, 44]
[5, 40, 16, 42, 49, 52, 9, 51, 53, 54]
[5, 16, 42, 49, 43, 52, 18, 51, 53, 54]
[10, 14, 40, 7, 8, 43, 50, 9, 18, 44]
[10, 14, 40, 7, 42, 49, 8, 43, 50, 9]
[10, 40, 7, 42, 8, 17, 52, 9, 18, 53]
[10, 40, 7, 49, 8, 17, 52, 9, 44, 53]
[10, 14, 40, 7, 16, 8, 17, 43, 50, 18]
[10, 7, 16, 8, 17, 43, 50, 52, 51, 53]
[10, 7, 49, 8, 17, 43, 52, 18, 44, 53]
[10, 14, 40, 7, 42, 17, 43, 50, 9, 18]
[10, 14, 40, 7, 49, 17, 43, 50, 9, 44]
[10, 7, 42, 17, 43, 50, 52, 9, 51, 53]
[10, 14, 40, 7, 16, 42, 43, 50, 18, 44]
[10, 40, 7, 16, 42, 49, 17, 52, 44, 53]
[10, 40, 7, 42, 17, 50, 52, 18, 51, 53]
[10, 40, 7, 49, 17, 50, 52, 44, 51, 53]
[10, 40, 16, 42, 8, 17, 43, 50, 9, 18]
[10, 40, 16, 49, 8, 17, 43, 50, 9, 44]
[10, 14, 40, 42, 49, 8, 17, 52, 44, 53]
[10, 14, 40, 16, 42, 17, 52, 9, 18, 53]
[10, 14, 40, 16, 49, 17, 52, 9, 44, 53]
[10, 14, 40, 17, 50, 52, 9, 18, 51, 53]
[10, 14, 16, 49, 17, 43, 52, 18, 44, 53]
[0, 1, 10, 5, 7, 49, 8, 43, 50, 9, 18]
[0, 1, 10, 5, 7, 42, 8, 43, 50, 9, 44]
[0, 1, 10, 5, 14, 40, 7, 16, 8, 50, 44]
[0, 1, 10, 5, 7, 16, 42, 8, 17, 43, 53]
[0, 1, 10, 5, 7, 8, 17, 50, 52, 18, 53]
[0, 1, 10, 5, 40, 7, 42, 8, 50, 18, 44]
[0, 1, 10, 5, 7, 42, 49, 8, 43, 50, 44]
[0, 1, 5, 7, 16, 49, 8, 50, 18, 44, 54]
[0, 1, 10, 5, 14, 40, 7, 49, 50, 9, 18]
[0, 1, 10, 5, 14, 40, 7, 42, 50, 9, 44]
[0, 1, 10, 5, 40, 7, 16, 50, 9, 18, 44]
[0, 1, 10, 5, 7, 16, 42, 43, 50, 9, 18]
[0, 1, 10, 5, 40, 7, 16, 42, 49, 50, 9]
[0, 1, 10, 5, 7, 16, 49, 43, 50, 9, 44]
[0, 1, 5, 14, 7, 43, 50, 9, 44, 53, 54]
[0, 1, 5, 7, 42, 49, 50, 9, 18, 44, 54]
[0, 1, 10, 5, 14, 7, 42, 43, 50, 18, 44]
[0, 1, 10, 5, 40, 7, 16, 49, 50, 18, 44]
[0, 1, 10, 5, 7, 16, 42, 49, 43, 50, 18]
[0, 1, 10, 5, 40, 7, 42, 49, 17, 44, 53]
[0, 1, 5, 14, 40, 7, 50, 18, 44, 53, 54]
[0, 1, 5, 14, 40, 7, 42, 49, 50, 53, 54]
[0, 1, 5, 40, 7, 42, 49, 43, 50, 44, 54]
[0, 1, 10, 5, 14, 16, 8, 17, 43, 9, 53]
[0, 1, 10, 5, 14, 40, 8, 50, 9, 18, 44]
[0, 1, 10, 5, 14, 42, 8, 43, 50, 9, 18]
[0, 1, 10, 5, 14, 40, 42, 49, 8, 50, 9]
[0, 1, 10, 5, 14, 49, 8, 43, 50, 9, 44]
[0, 1, 10, 5, 40, 16, 49, 8, 50, 9, 18]
[0, 1, 10, 5, 40, 16, 42, 8, 50, 9, 44]
[0, 1, 5, 16, 8, 43, 50, 9, 44, 53, 54]
[0, 1, 10, 5, 14, 40, 16, 8, 17, 18, 53]
[0, 1, 10, 5, 14, 40, 49, 8, 50, 18, 44]
[0, 1, 10, 5, 14, 42, 49, 8, 43, 50, 18]
[0, 1, 10, 5, 16, 42, 8, 43, 50, 18, 44]
[0, 1, 5, 14, 40, 16, 8, 43, 50, 18, 54]
[0, 1, 5, 40, 16, 8, 50, 18, 44, 53, 54]
[0, 1, 5, 40, 16, 42, 49, 8, 50, 53, 54]
[0, 1, 10, 5, 14, 16, 49, 43, 50, 9, 18]
[0, 1, 10, 5, 14, 16, 42, 43, 50, 9, 44]
[0, 1, 10, 5, 14, 40, 42, 17, 9, 18, 53]
[0, 1, 10, 5, 14, 40, 49, 17, 9, 44, 53]
[0, 1, 5, 14, 40, 42, 43, 50, 9, 18, 54]
[0, 1, 5, 14, 40, 49, 43, 50, 9, 44, 54]
[0, 1, 5, 40, 42, 50, 9, 18, 44, 53, 54]
[0, 1, 10, 5, 14, 16, 17, 50, 52, 18, 53]
[0, 1, 10, 5, 14, 40, 16, 42, 50, 18, 44]
[0, 1, 10, 5, 14, 16, 42, 49, 43, 50, 44]
[0, 1, 10, 5, 14, 49, 17, 43, 18, 44, 53]
[0, 1, 10, 14, 40, 7, 49, 8, 50, 9, 18]
[0, 1, 10, 14, 40, 7, 42, 8, 50, 9, 44]
[0, 1, 10, 40, 7, 16, 8, 50, 9, 53, 54]
[0, 1, 10, 7, 8, 50, 9, 18, 44, 53, 54]
[0, 1, 10, 7, 42, 49, 8, 50, 9, 53, 54]
[0, 1, 10, 14, 7, 42, 8, 43, 50, 18, 44]
[0, 1, 10, 14, 40, 7, 49, 8, 51, 53, 54]
[0, 1, 10, 7, 16, 8, 43, 50, 18, 53, 54]
[0, 1, 10, 40, 7, 8, 43, 50, 44, 53, 54]
[0, 1, 10, 14, 7, 16, 43, 50, 9, 18, 44]
[0, 1, 10, 14, 7, 16, 42, 49, 43, 50, 9]
[0, 1, 10, 40, 7, 17, 52, 9, 44, 51, 53]
[0, 1, 10, 7, 42, 43, 50, 9, 18, 53, 54]
[0, 1, 10, 7, 49, 43, 50, 9, 44, 53, 54]
[0, 1, 10, 14, 40, 7, 16, 42, 49, 50, 18]
[0, 1, 10, 14, 7, 16, 43, 44, 51, 53, 54]
[0, 1, 10, 14, 40, 7, 17, 44, 51, 53, 54]
[0, 1, 10, 7, 16, 42, 50, 18, 44, 53, 54]
[0, 1, 10, 7, 17, 43, 52, 18, 44, 51, 53]
[0, 1, 10, 7, 42, 49, 17, 43, 52, 51, 53]
[0, 1, 10, 40, 7, 49, 50, 18, 44, 53, 54]
[0, 1, 10, 40, 8, 9, 18, 44, 51, 53, 54]
[0, 1, 10, 40, 42, 49, 8, 9, 51, 53, 54]
[0, 1, 10, 14, 40, 16, 42, 8, 50, 53, 54]
[0, 1, 10, 14, 42, 8, 50, 18, 44, 53, 54]
[0, 1, 10, 40, 16, 8, 17, 44, 51, 53, 54]
[0, 1, 10, 42, 49, 8, 43, 18, 51, 53, 54]
[0, 1, 10, 14, 16, 50, 9, 18, 44, 53, 54]
[0, 1, 10, 14, 16, 42, 49, 50, 9, 53, 54]
[0, 1, 10, 14, 49, 17, 43, 52, 9, 51, 53]
[0, 1, 10, 16, 49, 43, 9, 18, 51, 53, 54]
[0, 1, 10, 16, 42, 43, 9, 44, 51, 53, 54]
[0, 1, 10, 40, 49, 17, 9, 18, 51, 53, 54]
[0, 1, 10, 40, 42, 17, 9, 44, 51, 53, 54]
[0, 1, 10, 14, 40, 16, 43, 50, 44, 53, 54]
[0, 1, 10, 14, 40, 49, 17, 52, 18, 51, 53]
[0, 1, 10, 14, 40, 42, 17, 52, 44, 51, 53]
[0, 1, 10, 14, 42, 49, 43, 50, 44, 53, 54]
[0, 1, 10, 40, 16, 42, 18, 44, 51, 53, 54]
[0, 1, 10, 42, 17, 43, 18, 44, 51, 53, 54]
[0, 10, 5, 40, 7, 42, 8, 17, 50, 52, 9]
[0, 5, 14, 7, 49, 8, 17, 43, 50, 9, 18]
[0, 5, 14, 7, 42, 8, 17, 43, 50, 9, 44]
[0, 5, 7, 42, 8, 17, 43, 9, 18, 51, 53]
[0, 5, 40, 7, 8, 17, 9, 44, 51, 53, 54]
[0, 5, 7, 49, 8, 17, 43, 9, 44, 51, 53]
[0, 5, 40, 7, 49, 8, 50, 9, 51, 53, 54]
[0, 10, 5, 7, 42, 8, 17, 43, 50, 52, 18]
[0, 10, 5, 7, 49, 8, 17, 43, 50, 52, 44]
[0, 5, 14, 40, 7, 42, 8, 17, 50, 18, 44]
[0, 5, 14, 40, 7, 49, 8, 50, 51, 53, 54]
[0, 5, 40, 7, 49, 8, 17, 18, 44, 51, 53]
[0, 5, 7, 8, 17, 43, 18, 44, 51, 53, 54]
[0, 5, 7, 42, 49, 8, 17, 43, 51, 53, 54]
[0, 5, 7, 49, 8, 43, 50, 18, 51, 53, 54]
[0, 5, 7, 42, 8, 43, 50, 44, 51, 53, 54]
[0, 10, 5, 14, 7, 43, 50, 9, 44, 53, 54]
[0, 10, 5, 7, 16, 17, 43, 50, 52, 9, 18]
[0, 5, 14, 40, 7, 16, 17, 50, 9, 18, 44]
[0, 5, 14, 40, 7, 16, 42, 49, 17, 50, 9]
[0, 5, 7, 16, 49, 17, 43, 9, 51, 53, 54]
[0, 5, 7, 16, 43, 50, 9, 44, 51, 53, 54]
[0, 10, 5, 14, 40, 7, 50, 18, 44, 53, 54]
[0, 10, 5, 14, 40, 7, 42, 49, 50, 53, 54]
[0, 5, 14, 7, 16, 42, 49, 17, 43, 50, 18]
[0, 5, 14, 7, 16, 43, 50, 44, 51, 53, 54]
[0, 5, 40, 7, 16, 49, 17, 18, 51, 53, 54]
[0, 5, 40, 7, 16, 42, 17, 44, 51, 53, 54]
[0, 5, 7, 16, 42, 49, 17, 43, 44, 51, 53]
[0, 5, 40, 7, 16, 50, 18, 44, 51, 53, 54]
[0, 5, 40, 7, 16, 42, 49, 50, 51, 53, 54]
[0, 10, 5, 14, 8, 17, 43, 50, 52, 9, 18]
[0, 10, 5, 16, 8, 43, 50, 9, 44, 53, 54]
[0, 5, 14, 49, 8, 17, 43, 9, 51, 53, 54]
[0, 5, 14, 8, 43, 50, 9, 44, 51, 53, 54]
[0, 5, 40, 8, 50, 9, 18, 44, 51, 53, 54]
[0, 5, 40, 42, 49, 8, 50, 9, 51, 53, 54]
[0, 10, 5, 40, 16, 8, 50, 18, 44, 53, 54]
[0, 10, 5, 40, 16, 42, 49, 8, 50, 53, 54]
[0, 10, 5, 49, 8, 50, 52, 18, 51, 53, 54]
[0, 10, 5, 42, 8, 50, 52, 44, 51, 53, 54]
[0, 5, 14, 40, 49, 8, 17, 18, 51, 53, 54]
[0, 5, 14, 40, 42, 8, 17, 44, 51, 53, 54]
[0, 5, 14, 42, 49, 8, 17, 43, 44, 51, 53]
[0, 5, 14, 40, 8, 50, 18, 44, 51, 53, 54]
[0, 5, 14, 40, 42, 49, 8, 50, 51, 53, 54]
[0, 5, 42, 49, 8, 43, 50, 18, 51, 53, 54]
[0, 10, 5, 14, 40, 16, 42, 17, 50, 52, 9]
[0, 10, 5, 16, 50, 52, 9, 44, 51, 53, 54]
[0, 10, 5, 40, 42, 50, 9, 18, 44, 53, 54]
[0, 5, 14, 16, 42, 17, 43, 9, 18, 51, 53]
[0, 5, 14, 40, 16, 17, 9, 44, 51, 53, 54]
[0, 5, 14, 16, 49, 17, 43, 9, 44, 51, 53]
[0, 5, 14, 40, 16, 49, 50, 9, 51, 53, 54]
[0, 5, 16, 49, 43, 50, 9, 18, 51, 53, 54]
[0, 5, 16, 42, 43, 50, 9, 44, 51, 53, 54]
[0, 10, 5, 14, 16, 42, 17, 43, 50, 52, 18]
[0, 10, 5, 14, 16, 49, 17, 43, 50, 52, 44]
[0, 5, 14, 40, 16, 49, 17, 18, 44, 51, 53]
[0, 5, 14, 16, 17, 43, 18, 44, 51, 53, 54]
[0, 5, 14, 16, 42, 49, 17, 43, 51, 53, 54]
[0, 5, 14, 16, 49, 43, 50, 18, 51, 53, 54]
[0, 5, 14, 16, 42, 43, 50, 44, 51, 53, 54]
[0, 5, 40, 16, 42, 50, 18, 44, 51, 53, 54]
[0, 14, 40, 7, 8, 50, 9, 44, 51, 53, 54]
[0, 14, 7, 8, 43, 50, 18, 44, 51, 53, 54]
[0, 14, 7, 42, 49, 8, 43, 50, 51, 53, 54]
[0, 7, 16, 42, 49, 8, 43, 50, 44, 53, 54]
[0, 14, 7, 16, 49, 43, 50, 9, 51, 53, 54]
[0, 14, 40, 7, 16, 49, 50, 18, 51, 53, 54]
[0, 14, 40, 7, 16, 42, 50, 44, 51, 53, 54]
[0, 14, 16, 42, 8, 43, 50, 9, 18, 53, 54]
[0, 14, 16, 49, 8, 43, 50, 9, 44, 53, 54]
[0, 42, 8, 43, 50, 9, 18, 44, 51, 53, 54]
[0, 14, 40, 16, 49, 8, 50, 18, 44, 53, 54]
[0, 14, 40, 42, 49, 50, 9, 18, 44, 53, 54]
[0, 40, 16, 42, 49, 50, 9, 18, 51, 53, 54]
[1, 5, 7, 16, 42, 8, 50, 18, 44, 53, 54]
[1, 5, 40, 7, 42, 49, 43, 50, 18, 53, 54]
[1, 5, 14, 16, 8, 50, 9, 18, 44, 53, 54]
[1, 5, 14, 16, 42, 49, 8, 50, 9, 53, 54]
[1, 5, 14, 40, 16, 8, 43, 50, 44, 53, 54]
[1, 5, 14, 40, 49, 43, 50, 9, 18, 53, 54]
[1, 5, 14, 40, 42, 43, 50, 9, 44, 53, 54]
[1, 10, 14, 40, 7, 8, 17, 50, 52, 9, 54]
[1, 14, 40, 7, 16, 42, 8, 50, 9, 18, 53]
[1, 14, 7, 16, 8, 50, 9, 18, 44, 51, 53]
[1, 14, 40, 7, 16, 49, 8, 50, 9, 44, 53]
[1, 14, 7, 16, 42, 49, 8, 50, 9, 51, 53]
[1, 10, 14, 7, 8, 17, 43, 50, 52, 18, 54]
[1, 14, 7, 16, 49, 8, 43, 50, 18, 44, 53]
[1, 14, 40, 7, 16, 8, 43, 50, 44, 51, 53]
[1, 14, 40, 7, 49, 43, 50, 9, 18, 51, 53]
[1, 14, 7, 42, 49, 43, 50, 9, 18, 44, 53]
[1, 14, 40, 7, 42, 43, 50, 9, 44, 51, 53]
[1, 10, 14, 40, 7, 16, 42, 17, 50, 52, 54]
[1, 10, 42, 8, 17, 43, 50, 52, 9, 18, 54]
[1, 10, 49, 8, 17, 43, 50, 52, 9, 44, 54]
[1, 40, 16, 49, 8, 43, 50, 9, 18, 51, 53]
[1, 16, 42, 49, 8, 43, 50, 9, 18, 44, 53]
[1, 40, 16, 42, 8, 43, 50, 9, 44, 51, 53]
[1, 10, 40, 49, 8, 17, 50, 52, 18, 44, 54]
[1, 10, 16, 42, 49, 17, 43, 50, 52, 44, 54]
[10, 5, 14, 7, 16, 8, 43, 50, 9, 18, 44]
[10, 5, 14, 7, 16, 42, 49, 8, 43, 50, 9]
[5, 14, 40, 7, 49, 8, 50, 52, 9, 18, 44]
[10, 5, 14, 40, 7, 16, 42, 49, 8, 50, 18]
[5, 14, 7, 42, 8, 52, 18, 44, 51, 53, 54]
[5, 14, 7, 16, 52, 9, 18, 44, 51, 53, 54]
[5, 14, 7, 16, 42, 49, 43, 50, 52, 9, 44]
[5, 14, 7, 16, 42, 49, 52, 9, 51, 53, 54]
[5, 14, 40, 7, 16, 42, 49, 50, 52, 18, 44]
[5, 14, 40, 7, 16, 43, 52, 44, 51, 53, 54]
[5, 40, 42, 49, 8, 43, 52, 18, 51, 53, 54]
[5, 40, 16, 49, 43, 52, 9, 18, 51, 53, 54]
[5, 40, 16, 42, 43, 52, 9, 44, 51, 53, 54]
[10, 14, 7, 16, 42, 8, 17, 43, 50, 9, 18]
[10, 14, 7, 16, 49, 8, 17, 43, 50, 9, 44]
[10, 14, 40, 7, 16, 49, 8, 17, 50, 18, 44]
[10, 7, 16, 42, 8, 17, 50, 52, 18, 51, 53]
[10, 7, 16, 49, 8, 17, 50, 52, 44, 51, 53]
[10, 14, 40, 7, 42, 49, 17, 50, 9, 18, 44]
[10, 7, 42, 49, 17, 50, 52, 9, 44, 51, 53]
[10, 40, 7, 16, 49, 17, 43, 52, 18, 44, 53]
[10, 14, 16, 8, 17, 50, 52, 9, 18, 51, 53]
[10, 40, 16, 42, 49, 8, 17, 50, 9, 18, 44]
[10, 14, 40, 16, 8, 17, 43, 50, 52, 51, 53]
[10, 14, 40, 49, 8, 17, 43, 52, 18, 44, 53]
[10, 14, 40, 42, 17, 43, 50, 52, 9, 51, 53]
[0, 1, 10, 5, 14, 7, 16, 49, 8, 50, 9, 18]
[0, 1, 10, 5, 14, 7, 16, 42, 8, 50, 9, 44]
[0, 1, 10, 5, 40, 7, 16, 8, 17, 43, 9, 53]
[0, 1, 10, 5, 40, 7, 42, 8, 43, 50, 9, 18]
[0, 1, 10, 5, 40, 7, 49, 8, 43, 50, 9, 44]
[0, 1, 10, 5, 14, 40, 7, 16, 49, 8, 43, 50]
[0, 1, 10, 5, 7, 16, 42, 49, 8, 17, 44, 53]
[0, 1, 10, 5, 7, 42, 8, 17, 43, 50, 52, 53]
[0, 1, 10, 5, 40, 7, 42, 49, 8, 43, 50, 18]
[0, 1, 5, 14, 7, 16, 8, 50, 18, 44, 53, 54]
[0, 1, 5, 14, 7, 16, 42, 49, 8, 50, 53, 54]
[0, 1, 5, 7, 16, 42, 49, 8, 43, 50, 44, 54]
[0, 1, 10, 5, 14, 40, 7, 43, 50, 9, 18, 44]
[0, 1, 10, 5, 14, 40, 7, 42, 49, 43, 50, 9]
[0, 1, 10, 5, 7, 16, 17, 43, 50, 52, 9, 53]
[0, 1, 10, 5, 40, 7, 16, 49, 43, 50, 9, 18]
[0, 1, 10, 5, 7, 16, 42, 49, 50, 9, 18, 44]
[0, 1, 10, 5, 40, 7, 16, 42, 43, 50, 9, 44]
[0, 1, 5, 14, 7, 42, 50, 9, 18, 44, 53, 54]
[0, 1, 10, 5, 40, 7, 16, 17, 50, 52, 18, 53]
[0, 1, 10, 5, 40, 7, 16, 42, 49, 43, 50, 44]
[0, 1, 10, 5, 40, 7, 49, 17, 43, 18, 44, 53]
[0, 1, 5, 14, 40, 7, 49, 43, 50, 18, 53, 54]
[0, 1, 5, 14, 40, 7, 42, 43, 50, 44, 53, 54]
[0, 1, 10, 5, 14, 16, 42, 8, 17, 9, 18, 53]
[0, 1, 10, 5, 14, 16, 49, 8, 17, 9, 44, 53]
[0, 1, 10, 5, 14, 8, 17, 43, 50, 52, 9, 53]
[0, 1, 10, 5, 14, 40, 49, 8, 43, 50, 9, 18]
[0, 1, 10, 5, 14, 42, 49, 8, 50, 9, 18, 44]
[0, 1, 10, 5, 14, 40, 42, 8, 43, 50, 9, 44]
[0, 1, 10, 5, 40, 16, 8, 43, 50, 9, 18, 44]
[0, 1, 10, 5, 40, 16, 42, 49, 8, 43, 50, 9]
[0, 1, 5, 14, 16, 42, 8, 43, 50, 9, 18, 54]
[0, 1, 5, 14, 16, 49, 8, 43, 50, 9, 44, 54]
[0, 1, 5, 16, 42, 8, 50, 9, 18, 44, 53, 54]
[0, 1, 10, 5, 14, 40, 16, 42, 8, 17, 43, 53]
[0, 1, 10, 5, 14, 40, 8, 17, 50, 52, 18, 53]
[0, 1, 10, 5, 14, 40, 42, 49, 8, 43, 50, 44]
[0, 1, 5, 14, 40, 16, 49, 8, 50, 18, 44, 54]
[0, 1, 5, 40, 16, 49, 8, 43, 50, 18, 53, 54]
[0, 1, 5, 40, 16, 42, 8, 43, 50, 44, 53, 54]
[0, 1, 10, 5, 14, 40, 16, 42, 43, 50, 9, 18]
[0, 1, 10, 5, 14, 40, 16, 49, 43, 50, 9, 44]
[0, 1, 5, 14, 40, 42, 49, 50, 9, 18, 44, 54]
[0, 1, 5, 40, 42, 49, 43, 50, 9, 18, 53, 54]
[0, 1, 10, 5, 14, 16, 42, 17, 43, 50, 52, 53]
[0, 1, 10, 5, 14, 40, 16, 42, 49, 43, 50, 18]
[0, 1, 10, 14, 40, 7, 8, 43, 50, 9, 18, 44]
[0, 1, 10, 14, 7, 8, 9, 18, 44, 51, 53, 54]
[0, 1, 10, 14, 40, 7, 42, 49, 8, 43, 50, 9]
[0, 1, 10, 14, 7, 42, 49, 8, 9, 51, 53, 54]
[0, 1, 10, 7, 16, 8, 17, 52, 9, 44, 51, 53]
[0, 1, 10, 7, 49, 8, 43, 50, 9, 18, 53, 54]
[0, 1, 10, 7, 42, 8, 43, 50, 9, 44, 53, 54]
[0, 1, 10, 14, 7, 16, 8, 17, 44, 51, 53, 54]
[0, 1, 10, 14, 40, 7, 8, 43, 44, 51, 53, 54]
[0, 1, 10, 7, 16, 49, 8, 50, 18, 44, 53, 54]
[0, 1, 10, 40, 7, 42, 8, 50, 18, 44, 53, 54]
[0, 1, 10, 14, 7, 49, 17, 9, 18, 51, 53, 54]
[0, 1, 10, 14, 7, 42, 17, 9, 44, 51, 53, 54]
[0, 1, 10, 40, 7, 16, 50, 9, 18, 44, 53, 54]
[0, 1, 10, 40, 7, 16, 42, 49, 50, 9, 53, 54]
[0, 1, 10, 40, 7, 49, 17, 43, 52, 9, 51, 53]
[0, 1, 10, 7, 42, 49, 50, 9, 18, 44, 53, 54]
[0, 1, 10, 14, 40, 7, 16, 42, 43, 50, 18, 44]
[0, 1, 10, 14, 7, 16, 42, 18, 44, 51, 53, 54]
[0, 1, 10, 14, 40, 7, 49, 17, 43, 51, 53, 54]
[0, 1, 10, 7, 16, 42, 49, 43, 50, 18, 53, 54]
[0, 1, 10, 40, 7, 42, 49, 43, 50, 44, 53, 54]
[0, 1, 10, 14, 40, 8, 50, 9, 18, 44, 53, 54]
[0, 1, 10, 14, 40, 42, 49, 8, 50, 9, 53, 54]
[0, 1, 10, 16, 49, 8, 17, 9, 18, 51, 53, 54]
[0, 1, 10, 16, 42, 8, 17, 9, 44, 51, 53, 54]
[0, 1, 10, 40, 49, 8, 43, 9, 18, 51, 53, 54]
[0, 1, 10, 40, 42, 8, 43, 9, 44, 51, 53, 54]
[0, 1, 10, 14, 16, 49, 8, 17, 52, 18, 51, 53]
[0, 1, 10, 14, 16, 42, 8, 17, 52, 44, 51, 53]
[0, 1, 10, 14, 40, 16, 8, 43, 50, 18, 53, 54]
[0, 1, 10, 14, 42, 49, 8, 43, 50, 18, 53, 54]
[0, 1, 10, 40, 16, 49, 8, 17, 43, 51, 53, 54]
[0, 1, 10, 14, 16, 49, 43, 50, 9, 18, 53, 54]
[0, 1, 10, 14, 16, 42, 43, 50, 9, 44, 53, 54]
[0, 1, 10, 14, 42, 49, 17, 52, 9, 18, 51, 53]
[0, 1, 10, 14, 40, 42, 43, 50, 9, 18, 53, 54]
[0, 1, 10, 14, 40, 49, 43, 50, 9, 44, 53, 54]
[0, 1, 10, 40, 17, 43, 9, 18, 44, 51, 53, 54]
[0, 1, 10, 40, 42, 49, 17, 43, 9, 51, 53, 54]
[0, 1, 10, 14, 40, 16, 42, 50, 18, 44, 53, 54]
[0, 1, 10, 14, 40, 17, 43, 52, 18, 44, 51, 53]
[0, 1, 10, 14, 40, 42, 49, 17, 43, 52, 51, 53]
[0, 1, 10, 40, 16, 42, 49, 43, 18, 51, 53, 54]
[0, 10, 5, 40, 7, 8, 17, 43, 50, 52, 9, 18]
[0, 5, 14, 7, 8, 50, 9, 18, 44, 51, 53, 54]
[0, 5, 14, 7, 42, 49, 8, 50, 9, 51, 53, 54]
[0, 5, 7, 42, 49, 8, 17, 9, 18, 44, 51, 53]
[0, 5, 40, 7, 49, 8, 17, 43, 9, 51, 53, 54]
[0, 5, 40, 7, 8, 43, 50, 9, 44, 51, 53, 54]
[0, 10, 5, 14, 7, 16, 8, 50, 18, 44, 53, 54]
[0, 10, 5, 14, 7, 16, 42, 49, 8, 50, 53, 54]
[0, 10, 5, 7, 42, 49, 8, 17, 50, 52, 18, 44]
[0, 5, 14, 40, 7, 42, 49, 8, 17, 43, 50, 18]
[0, 5, 14, 40, 7, 8, 43, 50, 44, 51, 53, 54]
[0, 5, 40, 7, 42, 49, 8, 17, 43, 44, 51, 53]
[0, 10, 5, 14, 7, 42, 50, 9, 18, 44, 53, 54]
[0, 10, 5, 7, 16, 49, 17, 50, 52, 9, 18, 44]
[0, 5, 14, 40, 7, 16, 49, 17, 43, 50, 9, 18]
[0, 5, 14, 40, 7, 16, 42, 17, 43, 50, 9, 44]
[0, 5, 40, 7, 16, 42, 17, 43, 9, 18, 51, 53]
[0, 5, 7, 16, 42, 49, 17, 9, 18, 51, 53, 54]
[0, 5, 40, 7, 16, 49, 17, 43, 9, 44, 51, 53]
[0, 5, 7, 16, 42, 50, 9, 18, 44, 51, 53, 54]
[0, 10, 5, 14, 40, 7, 49, 43, 50, 18, 53, 54]
[0, 10, 5, 14, 40, 7, 42, 43, 50, 44, 53, 54]
[0, 10, 5, 40, 7, 16, 42, 17, 43, 50, 52, 18]
[0, 10, 5, 40, 7, 16, 49, 17, 43, 50, 52, 44]
[0, 5, 14, 7, 16, 42, 50, 18, 44, 51, 53, 54]
[0, 5, 40, 7, 16, 17, 43, 18, 44, 51, 53, 54]
[0, 5, 40, 7, 16, 42, 49, 17, 43, 51, 53, 54]
[0, 5, 40, 7, 16, 49, 43, 50, 18, 51, 53, 54]
[0, 5, 40, 7, 16, 42, 43, 50, 44, 51, 53, 54]
[0, 10, 5, 14, 49, 8, 17, 50, 52, 9, 18, 44]
[0, 10, 5, 16, 42, 8, 50, 9, 18, 44, 53, 54]
[0, 10, 5, 40, 8, 50, 52, 9, 44, 51, 53, 54]
[0, 5, 14, 40, 42, 8, 17, 43, 9, 18, 51, 53]
[0, 5, 14, 42, 49, 8, 17, 9, 18, 51, 53, 54]
[0, 5, 14, 40, 49, 8, 17, 43, 9, 44, 51, 53]
[0, 5, 14, 42, 8, 50, 9, 18, 44, 51, 53, 54]
[0, 5, 40, 49, 8, 43, 50, 9, 18, 51, 53, 54]
[0, 5, 40, 42, 8, 43, 50, 9, 44, 51, 53, 54]
[0, 10, 5, 14, 40, 42, 8, 17, 43, 50, 52, 18]
[0, 10, 5, 14, 40, 49, 8, 17, 43, 50, 52, 44]
[0, 10, 5, 40, 16, 49, 8, 43, 50, 18, 53, 54]
[0, 10, 5, 40, 16, 42, 8, 43, 50, 44, 53, 54]
[0, 10, 5, 8, 43, 50, 52, 18, 44, 51, 53, 54]
[0, 10, 5, 42, 49, 8, 43, 50, 52, 51, 53, 54]
[0, 5, 14, 40, 8, 17, 43, 18, 44, 51, 53, 54]
[0, 5, 14, 40, 42, 49, 8, 17, 43, 51, 53, 54]
[0, 5, 14, 40, 49, 8, 43, 50, 18, 51, 53, 54]
[0, 5, 14, 40, 42, 8, 43, 50, 44, 51, 53, 54]
[0, 10, 5, 14, 40, 16, 17, 43, 50, 52, 9, 18]
[0, 10, 5, 16, 49, 43, 50, 52, 9, 51, 53, 54]
[0, 10, 5, 40, 42, 49, 43, 50, 9, 18, 53, 54]
[0, 5, 14, 16, 42, 49, 17, 9, 18, 44, 51, 53]
[0, 5, 14, 40, 16, 49, 17, 43, 9, 51, 53, 54]
[0, 5, 14, 40, 16, 43, 50, 9, 44, 51, 53, 54]
[0, 10, 5, 14, 16, 42, 49, 17, 50, 52, 18, 44]
[0, 10, 5, 40, 16, 49, 50, 52, 18, 51, 53, 54]
[0, 10, 5, 40, 16, 42, 50, 52, 44, 51, 53, 54]
[0, 5, 14, 40, 16, 42, 49, 17, 43, 44, 51, 53]
[0, 5, 40, 16, 42, 49, 43, 50, 18, 51, 53, 54]
[0, 14, 40, 7, 49, 8, 43, 50, 9, 51, 53, 54]
[0, 40, 7, 16, 42, 8, 43, 50, 9, 18, 53, 54]
[0, 40, 7, 16, 49, 8, 43, 50, 9, 44, 53, 54]
[0, 14, 7, 16, 42, 49, 50, 9, 18, 51, 53, 54]
[0, 14, 40, 7, 16, 43, 50, 18, 44, 51, 53, 54]
[0, 14, 40, 7, 16, 42, 49, 43, 50, 51, 53, 54]
[0, 14, 16, 42, 49, 8, 50, 9, 18, 44, 53, 54]
[0, 14, 40, 16, 42, 49, 8, 43, 50, 44, 53, 54]
[0, 40, 16, 42, 43, 50, 9, 18, 44, 51, 53, 54]
[1, 5, 40, 7, 16, 8, 50, 9, 18, 44, 53, 54]
[1, 5, 40, 7, 16, 42, 49, 8, 50, 9, 53, 54]
[1, 5, 7, 16, 42, 49, 8, 43, 50, 18, 53, 54]
[1, 5, 14, 16, 49, 8, 43, 50, 9, 18, 53, 54]
[1, 5, 14, 16, 42, 8, 43, 50, 9, 44, 53, 54]
[1, 5, 14, 40, 16, 42, 8, 50, 18, 44, 53, 54]
[1, 14, 7, 16, 49, 8, 43, 50, 9, 18, 51, 53]
[1, 14, 7, 16, 42, 8, 43, 50, 9, 44, 51, 53]
[1, 10, 14, 7, 49, 8, 17, 50, 52, 18, 44, 54]
[1, 14, 40, 7, 16, 42, 8, 50, 18, 44, 51, 53]
[1, 10, 14, 40, 7, 16, 17, 43, 50, 52, 18, 54]
[1, 10, 42, 49, 8, 17, 50, 52, 9, 18, 44, 54]
[1, 10, 40, 42, 49, 8, 17, 43, 50, 52, 44, 54]
[1, 10, 40, 16, 42, 17, 43, 50, 52, 9, 18, 54]
[1, 10, 40, 16, 49, 17, 43, 50, 52, 9, 44, 54]
[5, 14, 40, 7, 8, 52, 9, 18, 44, 51, 53, 54]
[5, 14, 40, 7, 42, 49, 8, 43, 50, 52, 9, 44]
[5, 14, 40, 7, 42, 49, 8, 52, 9, 51, 53, 54]
[10, 5, 14, 40, 7, 16, 42, 8, 43, 50, 18, 44]
[5, 14, 7, 42, 49, 8, 43, 52, 18, 51, 53, 54]
[5, 14, 7, 16, 49, 43, 52, 9, 18, 51, 53, 54]
[5, 14, 7, 16, 42, 43, 52, 9, 44, 51, 53, 54]
[5, 14, 40, 7, 16, 42, 52, 18, 44, 51, 53, 54]
[10, 14, 7, 16, 42, 49, 8, 17, 50, 9, 18, 44]
[10, 40, 7, 16, 8, 17, 50, 52, 9, 18, 51, 53]
[10, 14, 40, 7, 16, 42, 49, 8, 17, 43, 50, 44]
[10, 7, 16, 42, 49, 17, 43, 52, 9, 18, 44, 53]
[10, 7, 49, 17, 43, 50, 52, 9, 18, 44, 51, 53]
[10, 14, 16, 42, 8, 17, 43, 50, 52, 9, 51, 53]
[10, 14, 42, 49, 8, 17, 43, 52, 9, 18, 44, 53]
[10, 14, 40, 16, 42, 8, 17, 50, 52, 18, 51, 53]
[10, 14, 40, 16, 49, 8, 17, 50, 52, 44, 51, 53]
[10, 14, 40, 42, 49, 17, 50, 52, 9, 44, 51, 53]
[10, 14, 42, 49, 17, 43, 50, 52, 18, 44, 51, 53]
[0, 1, 10, 5, 14, 7, 16, 8, 43, 50, 9, 18, 44]
[0, 1, 10, 5, 14, 7, 16, 42, 49, 8, 43, 50, 9]
[0, 1, 10, 5, 40, 7, 16, 42, 8, 17, 9, 18, 53]
[0, 1, 10, 5, 40, 7, 16, 49, 8, 17, 9, 44, 53]
[0, 1, 10, 5, 40, 7, 8, 17, 43, 50, 52, 9, 53]
[0, 1, 10, 5, 40, 7, 42, 49, 8, 50, 9, 18, 44]
[0, 1, 5, 14, 40, 7, 16, 49, 8, 50, 9, 53, 54]
[0, 1, 5, 40, 7, 16, 42, 8, 43, 50, 9, 18, 54]
[0, 1, 5, 40, 7, 16, 49, 8, 43, 50, 9, 44, 54]
[0, 1, 10, 5, 14, 40, 7, 16, 42, 49, 8, 50, 18]
[0, 1, 10, 5, 7, 16, 49, 8, 17, 43, 18, 44, 53]
[0, 1, 10, 5, 7, 42, 49, 8, 17, 50, 52, 44, 53]
[0, 1, 5, 14, 7, 16, 49, 8, 43, 50, 18, 53, 54]
[0, 1, 5, 14, 7, 16, 42, 8, 43, 50, 44, 53, 54]
[0, 1, 10, 5, 7, 16, 42, 17, 50, 52, 9, 18, 53]
[0, 1, 10, 5, 7, 16, 49, 17, 50, 52, 9, 44, 53]
[0, 1, 10, 5, 7, 42, 49, 17, 43, 9, 18, 44, 53]
[0, 1, 5, 14, 7, 42, 49, 43, 50, 9, 18, 53, 54]
[0, 1, 10, 5, 40, 7, 16, 42, 17, 43, 50, 52, 53]
[0, 1, 10, 5, 14, 42, 8, 17, 50, 52, 9, 18, 53]
[0, 1, 10, 5, 14, 49, 8, 17, 50, 52, 9, 44, 53]
[0, 1, 5, 14, 16, 42, 49, 8, 50, 9, 18, 44, 54]
[0, 1, 5, 16, 42, 49, 8, 43, 50, 9, 18, 53, 54]
[0, 1, 10, 5, 14, 40, 16, 42, 49, 8, 17, 44, 53]
[0, 1, 10, 5, 14, 40, 42, 8, 17, 43, 50, 52, 53]
[0, 1, 5, 14, 40, 16, 42, 49, 8, 43, 50, 44, 54]
[0, 1, 10, 5, 14, 40, 16, 17, 43, 50, 52, 9, 53]
[0, 1, 10, 5, 14, 40, 16, 42, 49, 50, 9, 18, 44]
[0, 1, 10, 5, 14, 16, 42, 49, 17, 50, 52, 44, 53]
[0, 1, 10, 14, 7, 49, 8, 43, 9, 18, 51, 53, 54]
[0, 1, 10, 14, 7, 42, 8, 43, 9, 44, 51, 53, 54]
[0, 1, 10, 7, 16, 49, 8, 17, 43, 52, 9, 51, 53]
[0, 1, 10, 14, 7, 16, 49, 8, 17, 43, 51, 53, 54]
[0, 1, 10, 14, 40, 7, 42, 8, 18, 44, 51, 53, 54]
[0, 1, 10, 40, 7, 16, 49, 8, 17, 52, 18, 51, 53]
[0, 1, 10, 40, 7, 16, 42, 8, 17, 52, 44, 51, 53]
[0, 1, 10, 7, 16, 42, 49, 8, 43, 50, 44, 53, 54]
[0, 1, 10, 40, 7, 42, 49, 8, 43, 50, 18, 53, 54]
[0, 1, 10, 14, 40, 7, 16, 9, 18, 44, 51, 53, 54]
[0, 1, 10, 14, 40, 7, 16, 42, 49, 9, 51, 53, 54]
[0, 1, 10, 14, 7, 17, 43, 9, 18, 44, 51, 53, 54]
[0, 1, 10, 14, 7, 42, 49, 17, 43, 9, 51, 53, 54]
[0, 1, 10, 40, 7, 16, 49, 43, 50, 9, 18, 53, 54]
[0, 1, 10, 40, 7, 16, 42, 43, 50, 9, 44, 53, 54]
[0, 1, 10, 40, 7, 42, 49, 17, 52, 9, 18, 51, 53]
[0, 1, 10, 14, 7, 16, 42, 49, 43, 18, 51, 53, 54]
[0, 1, 10, 14, 40, 7, 42, 49, 17, 18, 51, 53, 54]
[0, 1, 10, 14, 40, 16, 8, 17, 52, 9, 44, 51, 53]
[0, 1, 10, 14, 16, 42, 8, 43, 50, 9, 18, 53, 54]
[0, 1, 10, 14, 16, 49, 8, 43, 50, 9, 44, 53, 54]
[0, 1, 10, 14, 40, 49, 8, 43, 50, 9, 18, 53, 54]
[0, 1, 10, 14, 40, 42, 8, 43, 50, 9, 44, 53, 54]
[0, 1, 10, 16, 8, 17, 43, 9, 18, 44, 51, 53, 54]
[0, 1, 10, 16, 42, 49, 8, 17, 43, 9, 51, 53, 54]
[0, 1, 10, 14, 16, 8, 17, 43, 52, 18, 44, 51, 53]
[0, 1, 10, 14, 16, 42, 49, 8, 17, 43, 52, 51, 53]
[0, 1, 10, 14, 40, 16, 49, 8, 50, 18, 44, 53, 54]
[0, 1, 10, 40, 16, 42, 49, 8, 17, 18, 51, 53, 54]
[0, 1, 10, 14, 42, 17, 43, 52, 9, 18, 44, 51, 53]
[0, 1, 10, 14, 40, 42, 49, 50, 9, 18, 44, 53, 54]
[0, 1, 10, 14, 40, 16, 42, 49, 43, 50, 18, 53, 54]
[0, 10, 5, 14, 40, 7, 16, 49, 8, 50, 9, 53, 54]
[0, 10, 5, 14, 7, 8, 50, 52, 9, 44, 51, 53, 54]
[0, 10, 5, 40, 7, 49, 8, 17, 50, 52, 9, 18, 44]
[0, 5, 14, 7, 49, 8, 43, 50, 9, 18, 51, 53, 54]
[0, 5, 14, 7, 42, 8, 43, 50, 9, 44, 51, 53, 54]
[0, 5, 40, 7, 42, 49, 8, 17, 9, 18, 51, 53, 54]
[0, 5, 40, 7, 42, 8, 50, 9, 18, 44, 51, 53, 54]
[0, 10, 5, 14, 7, 16, 49, 8, 43, 50, 18, 53, 54]
[0, 10, 5, 14, 7, 16, 42, 8, 43, 50, 44, 53, 54]
[0, 5, 14, 40, 7, 42, 8, 50, 18, 44, 51, 53, 54]
[0, 10, 5, 14, 7, 42, 49, 43, 50, 9, 18, 53, 54]
[0, 10, 5, 7, 16, 42, 49, 17, 43, 50, 52, 9, 44]
[0, 5, 14, 40, 7, 16, 50, 9, 18, 44, 51, 53, 54]
[0, 5, 14, 40, 7, 16, 42, 49, 50, 9, 51, 53, 54]
[0, 5, 40, 7, 16, 42, 49, 17, 9, 18, 44, 51, 53]
[0, 5, 7, 16, 42, 17, 43, 9, 18, 44, 51, 53, 54]
[0, 5, 7, 16, 42, 49, 43, 50, 9, 18, 51, 53, 54]
[0, 10, 5, 14, 7, 16, 49, 50, 52, 18, 51, 53, 54]
[0, 10, 5, 14, 7, 16, 42, 50, 52, 44, 51, 53, 54]
[0, 10, 5, 40, 7, 16, 42, 49, 17, 50, 52, 18, 44]
[0, 5, 14, 7, 16, 42, 49, 43, 50, 18, 51, 53, 54]
[0, 10, 5, 14, 42, 49, 8, 17, 43, 50, 52, 9, 44]
[0, 10, 5, 16, 42, 49, 8, 43, 50, 9, 18, 53, 54]
[0, 10, 5, 40, 49, 8, 43, 50, 52, 9, 51, 53, 54]
[0, 5, 14, 40, 42, 49, 8, 17, 9, 18, 44, 51, 53]
[0, 5, 14, 42, 8, 17, 43, 9, 18, 44, 51, 53, 54]
[0, 5, 14, 42, 49, 8, 43, 50, 9, 18, 51, 53, 54]
[0, 10, 5, 14, 40, 42, 49, 8, 17, 50, 52, 18, 44]
[0, 10, 5, 14, 40, 16, 49, 17, 50, 52, 9, 18, 44]
[0, 10, 5, 16, 42, 49, 50, 52, 9, 18, 51, 53, 54]
[0, 5, 14, 40, 16, 42, 49, 17, 9, 18, 51, 53, 54]
[0, 5, 14, 40, 16, 42, 50, 9, 18, 44, 51, 53, 54]
[0, 10, 5, 40, 16, 43, 50, 52, 18, 44, 51, 53, 54]
[0, 10, 5, 40, 16, 42, 49, 43, 50, 52, 51, 53, 54]
[0, 14, 40, 7, 42, 49, 8, 50, 9, 18, 51, 53, 54]
[0, 40, 7, 16, 42, 49, 8, 50, 9, 18, 44, 53, 54]
[0, 14, 7, 16, 42, 43, 50, 9, 18, 44, 51, 53, 54]
[1, 5, 40, 7, 16, 49, 8, 43, 50, 9, 18, 53, 54]
[1, 5, 40, 7, 16, 42, 8, 43, 50, 9, 44, 53, 54]
[1, 5, 14, 40, 16, 42, 49, 8, 43, 50, 18, 53, 54]
[1, 10, 14, 7, 42, 49, 8, 17, 43, 50, 52, 44, 54]
[1, 14, 40, 7, 16, 42, 49, 8, 43, 50, 18, 51, 53]
[1, 10, 14, 7, 16, 42, 17, 43, 50, 52, 9, 18, 54]
[1, 10, 14, 7, 16, 49, 17, 43, 50, 52, 9, 44, 54]
[1, 10, 14, 40, 7, 16, 49, 17, 50, 52, 18, 44, 54]
[1, 10, 40, 16, 42, 49, 17, 50, 52, 9, 18, 44, 54]
[5, 14, 40, 7, 49, 8, 43, 52, 9, 18, 51, 53, 54]
[5, 14, 40, 7, 42, 8, 43, 52, 9, 44, 51, 53, 54]
[5, 14, 40, 7, 16, 42, 49, 43, 52, 18, 51, 53, 54]
[10, 40, 7, 16, 42, 8, 17, 43, 50, 52, 9, 51, 53]
[10, 40, 7, 42, 49, 8, 17, 43, 52, 9, 18, 44, 53]
[10, 40, 7, 42, 49, 17, 43, 50, 52, 18, 44, 51, 53]
[10, 14, 16, 42, 49, 8, 17, 50, 52, 9, 44, 51, 53]
[10, 14, 40, 16, 42, 49, 17, 43, 52, 9, 18, 44, 53]
[10, 14, 40, 49, 17, 43, 50, 52, 9, 18, 44, 51, 53]
[0, 1, 10, 5, 40, 7, 42, 8, 17, 50, 52, 9, 18, 53]
[0, 1, 10, 5, 40, 7, 49, 8, 17, 50, 52, 9, 44, 53]
[0, 1, 5, 14, 40, 7, 16, 8, 43, 50, 9, 44, 53, 54]
[0, 1, 5, 40, 7, 16, 42, 49, 8, 50, 9, 18, 44, 54]
[0, 1, 10, 5, 14, 40, 7, 16, 42, 8, 43, 50, 18, 44]
[0, 1, 10, 5, 7, 49, 8, 17, 43, 50, 52, 18, 44, 53]
[0, 1, 10, 5, 40, 7, 16, 42, 49, 17, 50, 52, 44, 53]
[0, 1, 10, 5, 14, 40, 16, 49, 8, 17, 43, 18, 44, 53]
[0, 1, 10, 5, 14, 40, 42, 49, 8, 17, 50, 52, 44, 53]
[0, 1, 10, 5, 14, 40, 16, 42, 17, 50, 52, 9, 18, 53]
[0, 1, 10, 5, 14, 40, 16, 49, 17, 50, 52, 9, 44, 53]
[0, 1, 10, 5, 14, 40, 42, 49, 17, 43, 9, 18, 44, 53]
[0, 1, 10, 5, 14, 16, 49, 17, 43, 50, 52, 18, 44, 53]
[0, 1, 10, 7, 16, 42, 49, 8, 17, 52, 9, 18, 51, 53]
[0, 1, 10, 40, 7, 16, 42, 8, 43, 50, 9, 18, 53, 54]
[0, 1, 10, 40, 7, 16, 49, 8, 43, 50, 9, 44, 53, 54]
[0, 1, 10, 14, 7, 16, 42, 49, 8, 17, 18, 51, 53, 54]
[0, 1, 10, 14, 40, 7, 42, 49, 8, 43, 18, 51, 53, 54]
[0, 1, 10, 40, 7, 16, 8, 17, 43, 52, 18, 44, 51, 53]
[0, 1, 10, 40, 7, 16, 42, 49, 8, 17, 43, 52, 51, 53]
[0, 1, 10, 14, 40, 7, 16, 49, 43, 9, 18, 51, 53, 54]
[0, 1, 10, 14, 40, 7, 16, 42, 43, 9, 44, 51, 53, 54]
[0, 1, 10, 40, 7, 42, 17, 43, 52, 9, 18, 44, 51, 53]
[0, 1, 10, 14, 40, 7, 42, 17, 43, 18, 44, 51, 53, 54]
[0, 1, 10, 14, 40, 16, 49, 8, 17, 43, 52, 9, 51, 53]
[0, 1, 10, 14, 16, 42, 49, 8, 50, 9, 18, 44, 53, 54]
[0, 1, 10, 14, 40, 16, 42, 49, 8, 43, 50, 44, 53, 54]
[0, 1, 10, 40, 16, 42, 8, 17, 43, 18, 44, 51, 53, 54]
[0, 10, 5, 14, 40, 7, 16, 8, 43, 50, 9, 44, 53, 54]
[0, 10, 5, 14, 7, 49, 8, 43, 50, 52, 9, 51, 53, 54]
[0, 10, 5, 40, 7, 42, 49, 8, 17, 43, 50, 52, 9, 44]
[0, 5, 40, 7, 42, 8, 17, 43, 9, 18, 44, 51, 53, 54]
[0, 5, 40, 7, 42, 49, 8, 43, 50, 9, 18, 51, 53, 54]
[0, 10, 5, 14, 40, 7, 49, 8, 50, 52, 18, 51, 53, 54]
[0, 10, 5, 14, 40, 7, 42, 8, 50, 52, 44, 51, 53, 54]
[0, 5, 14, 40, 7, 42, 49, 8, 43, 50, 18, 51, 53, 54]
[0, 10, 5, 14, 40, 7, 16, 50, 52, 9, 44, 51, 53, 54]
[0, 5, 14, 40, 7, 16, 49, 43, 50, 9, 18, 51, 53, 54]
[0, 5, 14, 40, 7, 16, 42, 43, 50, 9, 44, 51, 53, 54]
[0, 10, 5, 14, 7, 16, 43, 50, 52, 18, 44, 51, 53, 54]
[0, 10, 5, 14, 7, 16, 42, 49, 43, 50, 52, 51, 53, 54]
[0, 10, 5, 40, 42, 49, 8, 50, 52, 9, 18, 51, 53, 54]
[0, 10, 5, 14, 40, 16, 42, 49, 17, 43, 50, 52, 9, 44]
[0, 10, 5, 16, 42, 43, 50, 52, 9, 18, 44, 51, 53, 54]
[0, 5, 14, 40, 16, 42, 17, 43, 9, 18, 44, 51, 53, 54]
[0, 5, 14, 40, 16, 42, 49, 43, 50, 9, 18, 51, 53, 54]
[0, 14, 40, 7, 42, 8, 43, 50, 9, 18, 44, 51, 53, 54]
[1, 10, 14, 40, 7, 42, 8, 17, 43, 50, 52, 9, 18, 54]
[1, 10, 14, 40, 7, 49, 8, 17, 43, 50, 52, 9, 44, 54]
[1, 14, 40, 7, 16, 42, 49, 8, 43, 50, 9, 18, 44, 53]
[1, 10, 14, 7, 16, 42, 49, 17, 50, 52, 9, 18, 44, 54]
[1, 10, 14, 40, 7, 16, 42, 49, 17, 43, 50, 52, 44, 54]
[10, 40, 7, 16, 42, 49, 8, 17, 50, 52, 9, 44, 51, 53]
[10, 7, 16, 42, 49, 8, 17, 43, 50, 52, 18, 44, 51, 53]
[10, 14, 16, 49, 8, 17, 43, 50, 52, 9, 18, 44, 51, 53]
[0, 1, 5, 14, 40, 7, 16, 42, 8, 50, 9, 18, 44, 53, 54]
[0, 1, 10, 5, 40, 7, 16, 49, 17, 43, 50, 52, 18, 44, 53]
[0, 1, 10, 5, 14, 16, 42, 49, 8, 17, 43, 9, 18, 44, 53]
[0, 1, 10, 5, 14, 40, 49, 8, 17, 43, 50, 52, 18, 44, 53]
[0, 1, 10, 14, 40, 7, 16, 49, 8, 17, 9, 18, 51, 53, 54]
[0, 1, 10, 14, 40, 7, 16, 42, 8, 17, 9, 44, 51, 53, 54]
[0, 1, 10, 7, 16, 42, 8, 17, 43, 52, 9, 18, 44, 51, 53]
[0, 1, 10, 40, 7, 16, 42, 49, 8, 50, 9, 18, 44, 53, 54]
[0, 1, 10, 14, 7, 16, 42, 8, 17, 43, 18, 44, 51, 53, 54]
[0, 1, 10, 14, 40, 16, 42, 49, 8, 17, 52, 9, 18, 51, 53]
[0, 10, 5, 14, 40, 7, 16, 42, 8, 50, 9, 18, 44, 53, 54]
[0, 10, 5, 14, 7, 42, 49, 8, 50, 52, 9, 18, 51, 53, 54]
[0, 10, 5, 14, 40, 7, 8, 43, 50, 52, 18, 44, 51, 53, 54]
[0, 10, 5, 14, 40, 7, 42, 49, 8, 43, 50, 52, 51, 53, 54]
[0, 10, 5, 14, 40, 7, 16, 49, 43, 50, 52, 9, 51, 53, 54]
[0, 10, 5, 40, 42, 8, 43, 50, 52, 9, 18, 44, 51, 53, 54]
[1, 10, 14, 40, 7, 42, 49, 8, 17, 50, 52, 9, 18, 44, 54]
[10, 40, 7, 16, 49, 8, 17, 43, 50, 52, 9, 18, 44, 51, 53]
[10, 14, 40, 16, 42, 49, 8, 17, 43, 50, 52, 18, 44, 51, 53]
[0, 1, 10, 5, 40, 7, 16, 42, 49, 8, 17, 43, 9, 18, 44, 53]
[0, 1, 5, 14, 40, 7, 16, 42, 49, 8, 43, 50, 9, 18, 53, 54]
[0, 1, 10, 5, 7, 16, 42, 49, 17, 43, 50, 52, 9, 18, 44, 53]
[0, 1, 10, 5, 14, 42, 49, 8, 17, 43, 50, 52, 9, 18, 44, 53]
[0, 1, 10, 14, 40, 7, 16, 8, 17, 43, 9, 18, 44, 51, 53, 54]
[0, 1, 10, 14, 40, 7, 16, 42, 49, 8, 17, 43, 9, 51, 53, 54]
[0, 1, 10, 14, 40, 16, 42, 8, 17, 43, 52, 9, 18, 44, 51, 53]
[0, 10, 5, 14, 40, 7, 16, 42, 49, 8, 43, 50, 9, 18, 53, 54]
[0, 10, 5, 14, 7, 42, 8, 43, 50, 52, 9, 18, 44, 51, 53, 54]
[0, 10, 5, 14, 40, 7, 16, 42, 49, 50, 52, 9, 18, 51, 53, 54]
[0, 1, 10, 5, 40, 7, 42, 49, 8, 17, 43, 50, 52, 9, 18, 44, 53]
[0, 1, 10, 5, 14, 40, 16, 42, 49, 17, 43, 50, 52, 9, 18, 44, 53]
[0, 10, 5, 14, 40, 7, 16, 42, 43, 50, 52, 9, 18, 44, 51, 53, 54]
