[[2, 5], [3, 5], [4, 5], [7, 8]]
[0, 10, 5, 6, 41, 45, 53]
[10, 5, 6, 52, 9, 53, 54]
[10, 5, 6, 52, 44, 53, 54]
[0, 10, 5, 40, 6, 45, 9, 53]
[0, 10, 5, 6, 41, 45, 18, 53]
[0, 10, 5, 40, 6, 45, 44, 53]
[0, 5, 6, 41, 45, 52, 53, 54]
[10, 5, 6, 52, 9, 18, 53, 54]
[10, 5, 6, 52, 18, 44, 53, 54]
[10, 5, 40, 6, 41, 52, 53, 54]
[10, 5, 6, 43, 47, 52, 53, 54]
[0, 10, 5, 14, 6, 45, 8, 9, 53]
[0, 10, 5, 6, 15, 45, 8, 9, 53]
[0, 10, 5, 14, 6, 45, 8, 44, 53]
[0, 10, 5, 6, 15, 45, 8, 44, 53]
[0, 10, 5, 40, 6, 45, 9, 18, 53]
[0, 10, 5, 6, 41, 45, 9, 44, 53]
[0, 5, 40, 6, 45, 52, 9, 53, 54]
[0, 10, 5, 14, 6, 15, 41, 45, 53]
[0, 10, 5, 40, 6, 45, 18, 44, 53]
[0, 10, 5, 40, 6, 45, 43, 47, 53]
[0, 5, 6, 41, 45, 52, 18, 53, 54]
[0, 5, 40, 6, 45, 52, 44, 53, 54]
[10, 5, 14, 6, 41, 8, 52, 53, 54]
[10, 5, 6, 15, 41, 8, 52, 53, 54]
[10, 5, 14, 6, 15, 52, 9, 53, 54]
[10, 5, 14, 6, 15, 52, 44, 53, 54]
[10, 5, 40, 6, 41, 52, 18, 53, 54]
[10, 5, 6, 43, 47, 52, 18, 53, 54]
[0, 10, 5, 14, 6, 45, 8, 9, 18, 53]
[0, 10, 5, 6, 15, 45, 8, 9, 18, 53]
[0, 5, 14, 6, 45, 8, 52, 9, 53, 54]
[0, 5, 6, 15, 45, 8, 52, 9, 53, 54]
[0, 10, 5, 14, 6, 45, 8, 18, 44, 53]
[0, 10, 5, 14, 40, 6, 41, 45, 8, 53]
[0, 10, 5, 14, 6, 45, 8, 43, 47, 53]
[0, 10, 5, 6, 15, 45, 8, 18, 44, 53]
[0, 10, 5, 40, 6, 15, 41, 45, 8, 53]
[0, 10, 5, 6, 15, 45, 8, 43, 47, 53]
[0, 5, 14, 6, 45, 8, 52, 44, 53, 54]
[0, 5, 6, 15, 45, 8, 52, 44, 53, 54]
[0, 10, 5, 14, 40, 6, 15, 45, 9, 53]
[0, 10, 5, 6, 41, 45, 9, 18, 44, 53]
[0, 10, 5, 6, 41, 45, 43, 47, 9, 53]
[0, 5, 40, 6, 45, 52, 9, 18, 53, 54]
[0, 5, 6, 41, 45, 52, 9, 44, 53, 54]
[0, 10, 5, 14, 6, 15, 41, 45, 18, 53]
[0, 10, 5, 14, 40, 6, 15, 45, 44, 53]
[0, 10, 5, 40, 6, 45, 43, 47, 18, 53]
[0, 10, 5, 6, 41, 45, 43, 47, 44, 53]
[0, 5, 14, 6, 15, 41, 45, 52, 53, 54]
[0, 5, 40, 6, 45, 52, 18, 44, 53, 54]
[0, 5, 40, 6, 45, 43, 47, 52, 53, 54]
[10, 5, 14, 40, 6, 8, 52, 9, 53, 54]
[10, 5, 40, 6, 15, 8, 52, 9, 53, 54]
[10, 5, 14, 6, 41, 8, 52, 18, 53, 54]
[10, 5, 14, 40, 6, 8, 52, 44, 53, 54]
[10, 5, 6, 15, 41, 8, 52, 18, 53, 54]
[10, 5, 40, 6, 15, 8, 52, 44, 53, 54]
[10, 5, 14, 6, 15, 52, 9, 18, 53, 54]
[10, 5, 40, 6, 41, 52, 9, 44, 53, 54]
[10, 5, 6, 43, 47, 52, 9, 44, 53, 54]
[10, 5, 14, 6, 15, 52, 18, 44, 53, 54]
[10, 5, 14, 40, 6, 15, 41, 52, 53, 54]
[10, 5, 14, 6, 15, 43, 47, 52, 53, 54]
[0, 5, 14, 6, 45, 8, 52, 9, 18, 53, 54]
[0, 5, 6, 15, 45, 8, 52, 9, 18, 53, 54]
[0, 10, 5, 14, 40, 6, 41, 45, 8, 18, 53]
[0, 10, 5, 14, 6, 45, 8, 43, 47, 18, 53]
[0, 10, 5, 40, 6, 15, 41, 45, 8, 18, 53]
[0, 10, 5, 6, 15, 45, 8, 43, 47, 18, 53]
[0, 5, 14, 6, 45, 8, 52, 18, 44, 53, 54]
[0, 5, 14, 40, 6, 41, 45, 8, 52, 53, 54]
[0, 5, 14, 6, 45, 8, 43, 47, 52, 53, 54]
[0, 5, 6, 15, 45, 8, 52, 18, 44, 53, 54]
[0, 5, 40, 6, 15, 41, 45, 8, 52, 53, 54]
[0, 5, 6, 15, 45, 8, 43, 47, 52, 53, 54]
[0, 10, 5, 14, 40, 6, 15, 45, 9, 18, 53]
[0, 10, 5, 14, 6, 15, 41, 45, 9, 44, 53]
[0, 10, 5, 6, 41, 45, 43, 47, 9, 18, 53]
[0, 10, 5, 40, 6, 45, 43, 47, 9, 44, 53]
[0, 5, 14, 40, 6, 15, 45, 52, 9, 53, 54]
[0, 5, 6, 41, 45, 52, 9, 18, 44, 53, 54]
[0, 5, 6, 41, 45, 43, 47, 52, 9, 53, 54]
[0, 10, 5, 14, 40, 6, 15, 45, 18, 44, 53]
[0, 10, 5, 14, 40, 6, 15, 45, 43, 47, 53]
[0, 10, 5, 6, 41, 45, 43, 47, 18, 44, 53]
[0, 5, 14, 6, 15, 41, 45, 52, 18, 53, 54]
[0, 5, 14, 40, 6, 15, 45, 52, 44, 53, 54]
[0, 5, 40, 6, 45, 43, 47, 52, 18, 53, 54]
[0, 5, 6, 41, 45, 43, 47, 52, 44, 53, 54]
[10, 5, 14, 40, 6, 8, 52, 9, 18, 53, 54]
[10, 5, 14, 6, 41, 8, 52, 9, 44, 53, 54]
[10, 5, 40, 6, 15, 8, 52, 9, 18, 53, 54]
[10, 5, 6, 15, 41, 8, 52, 9, 44, 53, 54]
[10, 5, 14, 40, 6, 8, 52, 18, 44, 53, 54]
[10, 5, 14, 40, 6, 8, 43, 47, 52, 53, 54]
[10, 5, 40, 6, 15, 8, 52, 18, 44, 53, 54]
[10, 5, 40, 6, 15, 8, 43, 47, 52, 53, 54]
[10, 5, 40, 6, 41, 52, 9, 18, 44, 53, 54]
[10, 5, 6, 43, 47, 52, 9, 18, 44, 53, 54]
[10, 5, 40, 6, 41, 43, 47, 52, 9, 53, 54]
[10, 5, 14, 40, 6, 15, 41, 52, 18, 53, 54]
[10, 5, 14, 6, 15, 43, 47, 52, 18, 53, 54]
[10, 5, 40, 6, 41, 43, 47, 52, 44, 53, 54]
[0, 10, 5, 14, 40, 6, 41, 45, 8, 9, 44, 53]
[0, 10, 5, 14, 6, 45, 8, 43, 47, 9, 44, 53]
[0, 10, 5, 40, 6, 15, 41, 45, 8, 9, 44, 53]
[0, 10, 5, 6, 15, 45, 8, 43, 47, 9, 44, 53]
[0, 5, 14, 40, 6, 41, 45, 8, 52, 18, 53, 54]
[0, 5, 14, 6, 45, 8, 43, 47, 52, 18, 53, 54]
[0, 5, 40, 6, 15, 41, 45, 8, 52, 18, 53, 54]
[0, 5, 6, 15, 45, 8, 43, 47, 52, 18, 53, 54]
[0, 10, 5, 14, 6, 15, 41, 45, 9, 18, 44, 53]
[0, 10, 5, 14, 6, 15, 41, 45, 43, 47, 9, 53]
[0, 10, 5, 40, 6, 45, 43, 47, 9, 18, 44, 53]
[0, 5, 14, 40, 6, 15, 45, 52, 9, 18, 53, 54]
[0, 5, 14, 6, 15, 41, 45, 52, 9, 44, 53, 54]
[0, 5, 6, 41, 45, 43, 47, 52, 9, 18, 53, 54]
[0, 5, 40, 6, 45, 43, 47, 52, 9, 44, 53, 54]
[0, 10, 5, 14, 40, 6, 15, 45, 43, 47, 18, 53]
[0, 10, 5, 14, 6, 15, 41, 45, 43, 47, 44, 53]
[0, 5, 14, 40, 6, 15, 45, 52, 18, 44, 53, 54]
[0, 5, 14, 40, 6, 15, 45, 43, 47, 52, 53, 54]
[0, 5, 6, 41, 45, 43, 47, 52, 18, 44, 53, 54]
[10, 5, 14, 6, 41, 8, 52, 9, 18, 44, 53, 54]
[10, 5, 14, 6, 41, 8, 43, 47, 52, 9, 53, 54]
[10, 5, 6, 15, 41, 8, 52, 9, 18, 44, 53, 54]
[10, 5, 6, 15, 41, 8, 43, 47, 52, 9, 53, 54]
[10, 5, 14, 40, 6, 8, 43, 47, 52, 18, 53, 54]
[10, 5, 14, 6, 41, 8, 43, 47, 52, 44, 53, 54]
[10, 5, 40, 6, 15, 8, 43, 47, 52, 18, 53, 54]
[10, 5, 6, 15, 41, 8, 43, 47, 52, 44, 53, 54]
[10, 5, 14, 40, 6, 15, 41, 52, 9, 44, 53, 54]
[10, 5, 14, 6, 15, 43, 47, 52, 9, 44, 53, 54]
[10, 5, 40, 6, 41, 43, 47, 52, 9, 18, 53, 54]
[10, 5, 40, 6, 41, 43, 47, 52, 18, 44, 53, 54]
[0, 10, 5, 14, 40, 6, 41, 45, 8, 9, 18, 44, 53]
[0, 10, 5, 14, 6, 45, 8, 43, 47, 9, 18, 44, 53]
[0, 10, 5, 14, 40, 6, 41, 45, 8, 43, 47, 9, 53]
[0, 10, 5, 40, 6, 15, 41, 45, 8, 9, 18, 44, 53]
[0, 10, 5, 6, 15, 45, 8, 43, 47, 9, 18, 44, 53]
[0, 10, 5, 40, 6, 15, 41, 45, 8, 43, 47, 9, 53]
[0, 5, 14, 40, 6, 41, 45, 8, 52, 9, 44, 53, 54]
[0, 5, 14, 6, 45, 8, 43, 47, 52, 9, 44, 53, 54]
[0, 5, 40, 6, 15, 41, 45, 8, 52, 9, 44, 53, 54]
[0, 5, 6, 15, 45, 8, 43, 47, 52, 9, 44, 53, 54]
[0, 10, 5, 14, 40, 6, 41, 45, 8, 43, 47, 44, 53]
[0, 10, 5, 40, 6, 15, 41, 45, 8, 43, 47, 44, 53]
[0, 10, 5, 14, 6, 15, 41, 45, 43, 47, 9, 18, 53]
[0, 10, 5, 14, 40, 6, 15, 45, 43, 47, 9, 44, 53]
[0, 5, 14, 6, 15, 41, 45, 52, 9, 18, 44, 53, 54]
[0, 5, 14, 6, 15, 41, 45, 43, 47, 52, 9, 53, 54]
[0, 5, 40, 6, 45, 43, 47, 52, 9, 18, 44, 53, 54]
[0, 10, 5, 14, 6, 15, 41, 45, 43, 47, 18, 44, 53]
[0, 5, 14, 40, 6, 15, 45, 43, 47, 52, 18, 53, 54]
[0, 5, 14, 6, 15, 41, 45, 43, 47, 52, 44, 53, 54]
[10, 5, 14, 6, 41, 8, 43, 47, 52, 9, 18, 53, 54]
[10, 5, 14, 40, 6, 8, 43, 47, 52, 9, 44, 53, 54]
[10, 5, 6, 15, 41, 8, 43, 47, 52, 9, 18, 53, 54]
[10, 5, 40, 6, 15, 8, 43, 47, 52, 9, 44, 53, 54]
[10, 5, 14, 6, 41, 8, 43, 47, 52, 18, 44, 53, 54]
[10, 5, 6, 15, 41, 8, 43, 47, 52, 18, 44, 53, 54]
[10, 5, 14, 40, 6, 15, 41, 52, 9, 18, 44, 53, 54]
[10, 5, 14, 6, 15, 43, 47, 52, 9, 18, 44, 53, 54]
[10, 5, 14, 40, 6, 15, 41, 43, 47, 52, 9, 53, 54]
[10, 5, 14, 40, 6, 15, 41, 43, 47, 52, 44, 53, 54]
[0, 10, 5, 14, 40, 6, 41, 45, 8, 43, 47, 9, 18, 53]
[0, 10, 5, 40, 6, 15, 41, 45, 8, 43, 47, 9, 18, 53]
[0, 5, 14, 40, 6, 41, 45, 8, 52, 9, 18, 44, 53, 54]
[0, 5, 14, 6, 45, 8, 43, 47, 52, 9, 18, 44, 53, 54]
[0, 5, 14, 40, 6, 41, 45, 8, 43, 47, 52, 9, 53, 54]
[0, 5, 40, 6, 15, 41, 45, 8, 52, 9, 18, 44, 53, 54]
[0, 5, 6, 15, 45, 8, 43, 47, 52, 9, 18, 44, 53, 54]
[0, 5, 40, 6, 15, 41, 45, 8, 43, 47, 52, 9, 53, 54]
[0, 10, 5, 14, 40, 6, 41, 45, 8, 43, 47, 18, 44, 53]
[0, 10, 5, 40, 6, 15, 41, 45, 8, 43, 47, 18, 44, 53]
[0, 5, 14, 40, 6, 41, 45, 8, 43, 47, 52, 44, 53, 54]
[0, 5, 40, 6, 15, 41, 45, 8, 43, 47, 52, 44, 53, 54]
[0, 10, 5, 14, 40, 6, 15, 45, 43, 47, 9, 18, 44, 53]
[0, 5, 14, 6, 15, 41, 45, 43, 47, 52, 9, 18, 53, 54]
[0, 5, 14, 40, 6, 15, 45, 43, 47, 52, 9, 44, 53, 54]
[0, 5, 14, 6, 15, 41, 45, 43, 47, 52, 18, 44, 53, 54]
[10, 5, 14, 40, 6, 8, 43, 47, 52, 9, 18, 44, 53, 54]
[10, 5, 40, 6, 15, 8, 43, 47, 52, 9, 18, 44, 53, 54]
[10, 5, 14, 40, 6, 15, 41, 43, 47, 52, 9, 18, 53, 54]
[10, 5, 14, 40, 6, 15, 41, 43, 47, 52, 18, 44, 53, 54]
[0, 5, 14, 40, 6, 41, 45, 8, 43, 47, 52, 9, 18, 53, 54]
[0, 5, 40, 6, 15, 41, 45, 8, 43, 47, 52, 9, 18, 53, 54]
[0, 5, 14, 40, 6, 41, 45, 8, 43, 47, 52, 18, 44, 53, 54]
[0, 5, 40, 6, 15, 41, 45, 8, 43, 47, 52, 18, 44, 53, 54]
[0, 5, 14, 40, 6, 15, 45, 43, 47, 52, 9, 18, 44, 53, 54]
