[[2, 5], [3, 5], [4, 5], [7, 8]]
[10, 6, 43, 53, 54]
[10, 6, 47, 48, 53]
[1, 6, 41, 17, 44, 54]
[1, 6, 41, 17, 48, 54]
[1, 10, 45, 47, 9, 53]
[1, 45, 17, 47, 9, 53]
[10, 6, 41, 17, 44, 54]
[10, 6, 41, 17, 48, 54]
[10, 6, 43, 18, 53, 54]
[10, 6, 47, 18, 48, 53]
[10, 40, 6, 45, 43, 53]
[10, 6, 43, 44, 48, 53]
[10, 6, 47, 44, 53, 54]
[1, 40, 6, 17, 9, 44, 54]
[1, 40, 6, 17, 9, 48, 54]
[1, 6, 45, 17, 9, 44, 54]
[1, 6, 45, 17, 9, 48, 54]
[1, 10, 6, 17, 43, 53, 54]
[1, 10, 6, 17, 47, 48, 53]
[1, 6, 41, 17, 18, 44, 54]
[1, 6, 41, 17, 18, 48, 54]
[1, 6, 41, 17, 43, 47, 54]
[1, 10, 45, 47, 9, 18, 53]
[1, 10, 45, 43, 9, 44, 53]
[1, 10, 45, 43, 9, 48, 53]
[1, 10, 45, 47, 9, 53, 54]
[1, 45, 17, 47, 9, 18, 53]
[1, 45, 17, 43, 9, 44, 53]
[1, 45, 17, 43, 9, 48, 53]
[1, 45, 17, 47, 9, 53, 54]
[1, 10, 40, 41, 45, 47, 53]
[1, 40, 41, 45, 17, 47, 53]
[10, 14, 6, 45, 8, 43, 53]
[10, 6, 15, 45, 8, 43, 53]
[10, 40, 6, 17, 9, 44, 54]
[10, 40, 6, 17, 9, 48, 54]
[10, 6, 45, 17, 9, 44, 54]
[10, 6, 45, 17, 9, 48, 54]
[10, 6, 41, 45, 43, 9, 53]
[10, 14, 6, 15, 43, 53, 54]
[10, 14, 6, 15, 47, 48, 53]
[10, 6, 41, 17, 18, 44, 54]
[10, 6, 41, 17, 18, 48, 54]
[10, 6, 41, 17, 43, 47, 54]
[10, 40, 6, 45, 43, 18, 53]
[10, 6, 43, 18, 44, 48, 53]
[10, 6, 47, 18, 44, 53, 54]
[10, 40, 6, 45, 47, 44, 53]
[1, 14, 6, 8, 17, 9, 44, 54]
[1, 14, 6, 8, 17, 9, 48, 54]
[1, 6, 15, 8, 17, 9, 44, 54]
[1, 6, 15, 8, 17, 9, 48, 54]
[1, 40, 6, 17, 9, 18, 44, 54]
[1, 40, 6, 17, 9, 18, 48, 54]
[1, 6, 45, 17, 9, 18, 44, 54]
[1, 6, 45, 17, 9, 18, 48, 54]
[1, 40, 6, 17, 43, 47, 9, 54]
[1, 6, 45, 17, 43, 47, 9, 54]
[1, 10, 6, 17, 43, 18, 53, 54]
[1, 10, 6, 17, 47, 18, 48, 53]
[1, 10, 40, 6, 45, 17, 43, 53]
[1, 10, 6, 17, 43, 44, 48, 53]
[1, 10, 6, 17, 47, 44, 53, 54]
[1, 14, 6, 15, 41, 17, 44, 54]
[1, 14, 6, 15, 41, 17, 48, 54]
[1, 6, 41, 17, 43, 47, 18, 54]
[1, 40, 6, 41, 45, 17, 44, 54]
[1, 40, 6, 41, 45, 17, 48, 54]
[1, 10, 14, 41, 45, 8, 47, 53]
[1, 10, 15, 41, 45, 8, 47, 53]
[1, 14, 41, 45, 8, 17, 47, 53]
[1, 15, 41, 45, 8, 17, 47, 53]
[1, 10, 14, 15, 45, 47, 9, 53]
[1, 10, 45, 43, 9, 18, 44, 53]
[1, 10, 45, 43, 9, 18, 48, 53]
[1, 10, 45, 47, 9, 18, 53, 54]
[1, 10, 45, 43, 9, 44, 53, 54]
[1, 10, 45, 43, 9, 48, 53, 54]
[1, 10, 45, 47, 9, 44, 48, 53]
[1, 14, 15, 45, 17, 47, 9, 53]
[1, 45, 17, 43, 9, 18, 44, 53]
[1, 45, 17, 43, 9, 18, 48, 53]
[1, 45, 17, 47, 9, 18, 53, 54]
[1, 45, 17, 43, 9, 44, 53, 54]
[1, 45, 17, 43, 9, 48, 53, 54]
[1, 45, 17, 47, 9, 44, 48, 53]
[1, 10, 40, 41, 45, 47, 18, 53]
[1, 10, 40, 41, 45, 43, 44, 53]
[1, 10, 40, 41, 45, 43, 48, 53]
[1, 10, 40, 41, 45, 47, 53, 54]
[1, 40, 41, 45, 17, 47, 18, 53]
[1, 40, 41, 45, 17, 43, 44, 53]
[1, 40, 41, 45, 17, 43, 48, 53]
[1, 40, 41, 45, 17, 47, 53, 54]
[10, 14, 6, 8, 17, 9, 44, 54]
[10, 14, 6, 8, 17, 9, 48, 54]
[10, 6, 15, 8, 17, 9, 44, 54]
[10, 6, 15, 8, 17, 9, 48, 54]
[10, 14, 6, 45, 8, 43, 18, 53]
[10, 14, 40, 6, 8, 43, 53, 54]
[10, 14, 40, 6, 8, 47, 48, 53]
[10, 14, 6, 45, 8, 47, 44, 53]
[10, 6, 15, 45, 8, 43, 18, 53]
[10, 40, 6, 15, 8, 43, 53, 54]
[10, 40, 6, 15, 8, 47, 48, 53]
[10, 6, 15, 45, 8, 47, 44, 53]
[10, 40, 6, 17, 9, 18, 44, 54]
[10, 40, 6, 17, 9, 18, 48, 54]
[10, 6, 45, 17, 9, 18, 44, 54]
[10, 6, 45, 17, 9, 18, 48, 54]
[10, 40, 6, 17, 43, 47, 9, 54]
[10, 6, 45, 17, 43, 47, 9, 54]
[10, 6, 41, 45, 43, 9, 18, 53]
[10, 40, 6, 41, 43, 9, 53, 54]
[10, 40, 6, 41, 47, 9, 48, 53]
[10, 6, 41, 45, 47, 9, 44, 53]
[10, 14, 6, 15, 41, 17, 44, 54]
[10, 14, 6, 15, 41, 17, 48, 54]
[10, 14, 6, 15, 43, 18, 53, 54]
[10, 14, 6, 15, 47, 18, 48, 53]
[10, 14, 40, 6, 15, 45, 43, 53]
[10, 14, 6, 15, 43, 44, 48, 53]
[10, 14, 6, 15, 47, 44, 53, 54]
[10, 6, 41, 17, 43, 47, 18, 54]
[10, 40, 6, 41, 45, 17, 44, 54]
[10, 40, 6, 41, 45, 17, 48, 54]
[10, 40, 6, 45, 47, 18, 44, 53]
[10, 40, 6, 45, 47, 48, 53, 54]
[1, 14, 6, 8, 17, 9, 18, 44, 54]
[1, 14, 6, 8, 17, 9, 18, 48, 54]
[1, 14, 6, 8, 17, 43, 47, 9, 54]
[1, 6, 15, 8, 17, 9, 18, 44, 54]
[1, 6, 15, 8, 17, 9, 18, 48, 54]
[1, 6, 15, 8, 17, 43, 47, 9, 54]
[1, 10, 14, 6, 45, 8, 17, 43, 53]
[1, 10, 6, 15, 45, 8, 17, 43, 53]
[1, 14, 40, 6, 41, 8, 17, 44, 54]
[1, 14, 40, 6, 41, 8, 17, 48, 54]
[1, 14, 6, 41, 45, 8, 17, 44, 54]
[1, 14, 6, 41, 45, 8, 17, 48, 54]
[1, 40, 6, 15, 41, 8, 17, 44, 54]
[1, 40, 6, 15, 41, 8, 17, 48, 54]
[1, 6, 15, 41, 45, 8, 17, 44, 54]
[1, 6, 15, 41, 45, 8, 17, 48, 54]
[1, 10, 6, 41, 45, 17, 43, 9, 53]
[1, 14, 40, 6, 15, 17, 9, 44, 54]
[1, 14, 40, 6, 15, 17, 9, 48, 54]
[1, 14, 6, 15, 45, 17, 9, 44, 54]
[1, 14, 6, 15, 45, 17, 9, 48, 54]
[1, 40, 6, 17, 43, 47, 9, 18, 54]
[1, 6, 45, 17, 43, 47, 9, 18, 54]
[1, 10, 14, 6, 15, 17, 43, 53, 54]
[1, 10, 14, 6, 15, 17, 47, 48, 53]
[1, 10, 40, 6, 45, 17, 43, 18, 53]
[1, 10, 6, 17, 43, 18, 44, 48, 53]
[1, 10, 6, 17, 47, 18, 44, 53, 54]
[1, 10, 40, 6, 45, 17, 47, 44, 53]
[1, 14, 6, 15, 41, 17, 18, 44, 54]
[1, 14, 6, 15, 41, 17, 18, 48, 54]
[1, 14, 6, 15, 41, 17, 43, 47, 54]
[1, 40, 6, 41, 45, 17, 18, 44, 54]
[1, 40, 6, 41, 45, 17, 18, 48, 54]
[1, 40, 6, 41, 45, 17, 43, 47, 54]
[1, 6, 41, 17, 43, 47, 44, 48, 54]
[1, 10, 14, 40, 45, 8, 47, 9, 53]
[1, 10, 40, 15, 45, 8, 47, 9, 53]
[1, 14, 40, 45, 8, 17, 47, 9, 53]
[1, 40, 15, 45, 8, 17, 47, 9, 53]
[1, 10, 14, 41, 45, 8, 47, 18, 53]
[1, 10, 14, 41, 45, 8, 43, 44, 53]
[1, 10, 14, 41, 45, 8, 43, 48, 53]
[1, 10, 14, 41, 45, 8, 47, 53, 54]
[1, 10, 15, 41, 45, 8, 47, 18, 53]
[1, 10, 15, 41, 45, 8, 43, 44, 53]
[1, 10, 15, 41, 45, 8, 43, 48, 53]
[1, 10, 15, 41, 45, 8, 47, 53, 54]
[1, 14, 41, 45, 8, 17, 47, 18, 53]
[1, 14, 41, 45, 8, 17, 43, 44, 53]
[1, 14, 41, 45, 8, 17, 43, 48, 53]
[1, 14, 41, 45, 8, 17, 47, 53, 54]
[1, 15, 41, 45, 8, 17, 47, 18, 53]
[1, 15, 41, 45, 8, 17, 43, 44, 53]
[1, 15, 41, 45, 8, 17, 43, 48, 53]
[1, 15, 41, 45, 8, 17, 47, 53, 54]
[1, 10, 14, 15, 45, 47, 9, 18, 53]
[1, 10, 14, 15, 45, 43, 9, 44, 53]
[1, 10, 14, 15, 45, 43, 9, 48, 53]
[1, 10, 14, 15, 45, 47, 9, 53, 54]
[1, 10, 45, 43, 9, 18, 44, 53, 54]
[1, 10, 45, 43, 9, 18, 48, 53, 54]
[1, 10, 45, 47, 9, 18, 44, 48, 53]
[1, 10, 45, 47, 9, 44, 48, 53, 54]
[1, 14, 15, 45, 17, 47, 9, 18, 53]
[1, 14, 15, 45, 17, 43, 9, 44, 53]
[1, 14, 15, 45, 17, 43, 9, 48, 53]
[1, 14, 15, 45, 17, 47, 9, 53, 54]
[1, 45, 17, 43, 9, 18, 44, 53, 54]
[1, 45, 17, 43, 9, 18, 48, 53, 54]
[1, 45, 17, 47, 9, 18, 44, 48, 53]
[1, 45, 17, 47, 9, 44, 48, 53, 54]
[1, 10, 14, 40, 15, 41, 45, 47, 53]
[1, 10, 40, 41, 45, 43, 18, 44, 53]
[1, 10, 40, 41, 45, 43, 18, 48, 53]
[1, 10, 40, 41, 45, 47, 18, 53, 54]
[1, 10, 40, 41, 45, 43, 44, 53, 54]
[1, 10, 40, 41, 45, 43, 48, 53, 54]
[1, 10, 40, 41, 45, 47, 44, 48, 53]
[1, 14, 40, 15, 41, 45, 17, 47, 53]
[1, 40, 41, 45, 17, 43, 18, 44, 53]
[1, 40, 41, 45, 17, 43, 18, 48, 53]
[1, 40, 41, 45, 17, 47, 18, 53, 54]
[1, 40, 41, 45, 17, 43, 44, 53, 54]
[1, 40, 41, 45, 17, 43, 48, 53, 54]
[1, 40, 41, 45, 17, 47, 44, 48, 53]
[10, 14, 6, 8, 17, 9, 18, 44, 54]
[10, 14, 6, 8, 17, 9, 18, 48, 54]
[10, 14, 6, 8, 17, 43, 47, 9, 54]
[10, 14, 6, 41, 8, 43, 9, 53, 54]
[10, 14, 6, 41, 8, 47, 9, 48, 53]
[10, 6, 15, 8, 17, 9, 18, 44, 54]
[10, 6, 15, 8, 17, 9, 18, 48, 54]
[10, 6, 15, 8, 17, 43, 47, 9, 54]
[10, 6, 15, 41, 8, 43, 9, 53, 54]
[10, 6, 15, 41, 8, 47, 9, 48, 53]
[10, 14, 40, 6, 41, 8, 17, 44, 54]
[10, 14, 40, 6, 41, 8, 17, 48, 54]
[10, 14, 6, 41, 45, 8, 17, 44, 54]
[10, 14, 6, 41, 45, 8, 17, 48, 54]
[10, 14, 40, 6, 8, 43, 18, 53, 54]
[10, 14, 40, 6, 8, 47, 18, 48, 53]
[10, 14, 6, 45, 8, 47, 18, 44, 53]
[10, 14, 40, 6, 8, 43, 44, 48, 53]
[10, 14, 40, 6, 8, 47, 44, 53, 54]
[10, 14, 6, 45, 8, 47, 48, 53, 54]
[10, 40, 6, 15, 41, 8, 17, 44, 54]
[10, 40, 6, 15, 41, 8, 17, 48, 54]
[10, 6, 15, 41, 45, 8, 17, 44, 54]
[10, 6, 15, 41, 45, 8, 17, 48, 54]
[10, 40, 6, 15, 8, 43, 18, 53, 54]
[10, 40, 6, 15, 8, 47, 18, 48, 53]
[10, 6, 15, 45, 8, 47, 18, 44, 53]
[10, 40, 6, 15, 8, 43, 44, 48, 53]
[10, 40, 6, 15, 8, 47, 44, 53, 54]
[10, 6, 15, 45, 8, 47, 48, 53, 54]
[10, 14, 40, 6, 15, 17, 9, 44, 54]
[10, 14, 40, 6, 15, 17, 9, 48, 54]
[10, 14, 6, 15, 45, 17, 9, 44, 54]
[10, 14, 6, 15, 45, 17, 9, 48, 54]
[10, 14, 6, 15, 41, 45, 43, 9, 53]
[10, 40, 6, 17, 43, 47, 9, 18, 54]
[10, 6, 45, 17, 43, 47, 9, 18, 54]
[10, 40, 6, 41, 43, 9, 18, 53, 54]
[10, 40, 6, 41, 47, 9, 18, 48, 53]
[10, 6, 41, 45, 47, 9, 18, 44, 53]
[10, 40, 6, 41, 43, 9, 44, 48, 53]
[10, 40, 6, 41, 47, 9, 44, 53, 54]
[10, 6, 41, 45, 47, 9, 48, 53, 54]
[10, 14, 6, 15, 41, 17, 18, 44, 54]
[10, 14, 6, 15, 41, 17, 18, 48, 54]
[10, 14, 6, 15, 41, 17, 43, 47, 54]
[10, 14, 40, 6, 15, 45, 43, 18, 53]
[10, 14, 6, 15, 43, 18, 44, 48, 53]
[10, 14, 6, 15, 47, 18, 44, 53, 54]
[10, 14, 40, 6, 15, 45, 47, 44, 53]
[10, 40, 6, 41, 45, 17, 18, 44, 54]
[10, 40, 6, 41, 45, 17, 18, 48, 54]
[10, 40, 6, 41, 45, 17, 43, 47, 54]
[10, 6, 41, 17, 43, 47, 44, 48, 54]
[10, 40, 6, 45, 47, 18, 48, 53, 54]
[10, 40, 6, 45, 43, 44, 48, 53, 54]
[1, 14, 6, 8, 17, 43, 47, 9, 18, 54]
[1, 14, 40, 6, 45, 8, 17, 9, 44, 54]
[1, 14, 40, 6, 45, 8, 17, 9, 48, 54]
[1, 6, 15, 8, 17, 43, 47, 9, 18, 54]
[1, 40, 6, 15, 45, 8, 17, 9, 44, 54]
[1, 40, 6, 15, 45, 8, 17, 9, 48, 54]
[1, 10, 14, 6, 45, 8, 17, 43, 18, 53]
[1, 10, 14, 40, 6, 8, 17, 43, 53, 54]
[1, 10, 14, 40, 6, 8, 17, 47, 48, 53]
[1, 10, 14, 6, 45, 8, 17, 47, 44, 53]
[1, 10, 6, 15, 45, 8, 17, 43, 18, 53]
[1, 10, 40, 6, 15, 8, 17, 43, 53, 54]
[1, 10, 40, 6, 15, 8, 17, 47, 48, 53]
[1, 10, 6, 15, 45, 8, 17, 47, 44, 53]
[1, 14, 40, 6, 41, 8, 17, 18, 44, 54]
[1, 14, 40, 6, 41, 8, 17, 18, 48, 54]
[1, 14, 6, 41, 45, 8, 17, 18, 44, 54]
[1, 14, 6, 41, 45, 8, 17, 18, 48, 54]
[1, 14, 40, 6, 41, 8, 17, 43, 47, 54]
[1, 14, 6, 41, 45, 8, 17, 43, 47, 54]
[1, 40, 6, 15, 41, 8, 17, 18, 44, 54]
[1, 40, 6, 15, 41, 8, 17, 18, 48, 54]
[1, 6, 15, 41, 45, 8, 17, 18, 44, 54]
[1, 6, 15, 41, 45, 8, 17, 18, 48, 54]
[1, 40, 6, 15, 41, 8, 17, 43, 47, 54]
[1, 6, 15, 41, 45, 8, 17, 43, 47, 54]
[1, 10, 6, 41, 45, 17, 43, 9, 18, 53]
[1, 10, 40, 6, 41, 17, 43, 9, 53, 54]
[1, 10, 40, 6, 41, 17, 47, 9, 48, 53]
[1, 10, 6, 41, 45, 17, 47, 9, 44, 53]
[1, 14, 40, 6, 15, 17, 9, 18, 44, 54]
[1, 14, 40, 6, 15, 17, 9, 18, 48, 54]
[1, 14, 6, 15, 45, 17, 9, 18, 44, 54]
[1, 14, 6, 15, 45, 17, 9, 18, 48, 54]
[1, 14, 40, 6, 15, 17, 43, 47, 9, 54]
[1, 14, 6, 15, 45, 17, 43, 47, 9, 54]
[1, 40, 6, 17, 43, 47, 9, 44, 48, 54]
[1, 6, 45, 17, 43, 47, 9, 44, 48, 54]
[1, 10, 14, 6, 15, 17, 43, 18, 53, 54]
[1, 10, 14, 6, 15, 17, 47, 18, 48, 53]
[1, 10, 14, 40, 6, 15, 45, 17, 43, 53]
[1, 10, 14, 6, 15, 17, 43, 44, 48, 53]
[1, 10, 14, 6, 15, 17, 47, 44, 53, 54]
[1, 10, 40, 6, 45, 17, 47, 18, 44, 53]
[1, 10, 40, 6, 45, 17, 47, 48, 53, 54]
[1, 14, 6, 15, 41, 17, 43, 47, 18, 54]
[1, 14, 40, 6, 15, 41, 45, 17, 44, 54]
[1, 14, 40, 6, 15, 41, 45, 17, 48, 54]
[1, 40, 6, 41, 45, 17, 43, 47, 18, 54]
[1, 6, 41, 17, 43, 47, 18, 44, 48, 54]
[1, 10, 14, 40, 45, 8, 47, 9, 18, 53]
[1, 10, 14, 40, 45, 8, 43, 9, 44, 53]
[1, 10, 14, 40, 45, 8, 43, 9, 48, 53]
[1, 10, 14, 40, 45, 8, 47, 9, 53, 54]
[1, 10, 40, 15, 45, 8, 47, 9, 18, 53]
[1, 10, 40, 15, 45, 8, 43, 9, 44, 53]
[1, 10, 40, 15, 45, 8, 43, 9, 48, 53]
[1, 10, 40, 15, 45, 8, 47, 9, 53, 54]
[1, 14, 40, 45, 8, 17, 47, 9, 18, 53]
[1, 14, 40, 45, 8, 17, 43, 9, 44, 53]
[1, 14, 40, 45, 8, 17, 43, 9, 48, 53]
[1, 14, 40, 45, 8, 17, 47, 9, 53, 54]
[1, 40, 15, 45, 8, 17, 47, 9, 18, 53]
[1, 40, 15, 45, 8, 17, 43, 9, 44, 53]
[1, 40, 15, 45, 8, 17, 43, 9, 48, 53]
[1, 40, 15, 45, 8, 17, 47, 9, 53, 54]
[1, 10, 14, 41, 45, 8, 43, 18, 44, 53]
[1, 10, 14, 41, 45, 8, 43, 18, 48, 53]
[1, 10, 14, 41, 45, 8, 47, 18, 53, 54]
[1, 10, 14, 41, 45, 8, 43, 44, 53, 54]
[1, 10, 14, 41, 45, 8, 43, 48, 53, 54]
[1, 10, 14, 41, 45, 8, 47, 44, 48, 53]
[1, 10, 15, 41, 45, 8, 43, 18, 44, 53]
[1, 10, 15, 41, 45, 8, 43, 18, 48, 53]
[1, 10, 15, 41, 45, 8, 47, 18, 53, 54]
[1, 10, 15, 41, 45, 8, 43, 44, 53, 54]
[1, 10, 15, 41, 45, 8, 43, 48, 53, 54]
[1, 10, 15, 41, 45, 8, 47, 44, 48, 53]
[1, 14, 41, 45, 8, 17, 43, 18, 44, 53]
[1, 14, 41, 45, 8, 17, 43, 18, 48, 53]
[1, 14, 41, 45, 8, 17, 47, 18, 53, 54]
[1, 14, 41, 45, 8, 17, 43, 44, 53, 54]
[1, 14, 41, 45, 8, 17, 43, 48, 53, 54]
[1, 14, 41, 45, 8, 17, 47, 44, 48, 53]
[1, 15, 41, 45, 8, 17, 43, 18, 44, 53]
[1, 15, 41, 45, 8, 17, 43, 18, 48, 53]
[1, 15, 41, 45, 8, 17, 47, 18, 53, 54]
[1, 15, 41, 45, 8, 17, 43, 44, 53, 54]
[1, 15, 41, 45, 8, 17, 43, 48, 53, 54]
[1, 15, 41, 45, 8, 17, 47, 44, 48, 53]
[1, 10, 14, 15, 45, 43, 9, 18, 44, 53]
[1, 10, 14, 15, 45, 43, 9, 18, 48, 53]
[1, 10, 14, 15, 45, 47, 9, 18, 53, 54]
[1, 10, 14, 15, 45, 43, 9, 44, 53, 54]
[1, 10, 14, 15, 45, 43, 9, 48, 53, 54]
[1, 10, 14, 15, 45, 47, 9, 44, 48, 53]
[1, 10, 45, 47, 9, 18, 44, 48, 53, 54]
[1, 14, 15, 45, 17, 43, 9, 18, 44, 53]
[1, 14, 15, 45, 17, 43, 9, 18, 48, 53]
[1, 14, 15, 45, 17, 47, 9, 18, 53, 54]
[1, 14, 15, 45, 17, 43, 9, 44, 53, 54]
[1, 14, 15, 45, 17, 43, 9, 48, 53, 54]
[1, 14, 15, 45, 17, 47, 9, 44, 48, 53]
[1, 45, 17, 47, 9, 18, 44, 48, 53, 54]
[1, 10, 14, 40, 15, 41, 45, 47, 18, 53]
[1, 10, 14, 40, 15, 41, 45, 43, 44, 53]
[1, 10, 14, 40, 15, 41, 45, 43, 48, 53]
[1, 10, 14, 40, 15, 41, 45, 47, 53, 54]
[1, 10, 40, 41, 45, 43, 18, 44, 53, 54]
[1, 10, 40, 41, 45, 43, 18, 48, 53, 54]
[1, 10, 40, 41, 45, 47, 18, 44, 48, 53]
[1, 10, 40, 41, 45, 47, 44, 48, 53, 54]
[1, 14, 40, 15, 41, 45, 17, 47, 18, 53]
[1, 14, 40, 15, 41, 45, 17, 43, 44, 53]
[1, 14, 40, 15, 41, 45, 17, 43, 48, 53]
[1, 14, 40, 15, 41, 45, 17, 47, 53, 54]
[1, 40, 41, 45, 17, 43, 18, 44, 53, 54]
[1, 40, 41, 45, 17, 43, 18, 48, 53, 54]
[1, 40, 41, 45, 17, 47, 18, 44, 48, 53]
[1, 40, 41, 45, 17, 47, 44, 48, 53, 54]
[10, 14, 6, 8, 17, 43, 47, 9, 18, 54]
[10, 14, 40, 6, 45, 8, 17, 9, 44, 54]
[10, 14, 40, 6, 45, 8, 17, 9, 48, 54]
[10, 14, 6, 41, 8, 43, 9, 18, 53, 54]
[10, 14, 6, 41, 8, 47, 9, 18, 48, 53]
[10, 14, 40, 6, 41, 45, 8, 43, 9, 53]
[10, 14, 6, 41, 8, 43, 9, 44, 48, 53]
[10, 14, 6, 41, 8, 47, 9, 44, 53, 54]
[10, 6, 15, 8, 17, 43, 47, 9, 18, 54]
[10, 40, 6, 15, 45, 8, 17, 9, 44, 54]
[10, 40, 6, 15, 45, 8, 17, 9, 48, 54]
[10, 6, 15, 41, 8, 43, 9, 18, 53, 54]
[10, 6, 15, 41, 8, 47, 9, 18, 48, 53]
[10, 40, 6, 15, 41, 45, 8, 43, 9, 53]
[10, 6, 15, 41, 8, 43, 9, 44, 48, 53]
[10, 6, 15, 41, 8, 47, 9, 44, 53, 54]
[10, 14, 40, 6, 41, 8, 17, 18, 44, 54]
[10, 14, 40, 6, 41, 8, 17, 18, 48, 54]
[10, 14, 6, 41, 45, 8, 17, 18, 44, 54]
[10, 14, 6, 41, 45, 8, 17, 18, 48, 54]
[10, 14, 40, 6, 41, 8, 17, 43, 47, 54]
[10, 14, 6, 41, 45, 8, 17, 43, 47, 54]
[10, 14, 40, 6, 8, 43, 18, 44, 48, 53]
[10, 14, 40, 6, 8, 47, 18, 44, 53, 54]
[10, 14, 6, 45, 8, 47, 18, 48, 53, 54]
[10, 14, 6, 45, 8, 43, 44, 48, 53, 54]
[10, 40, 6, 15, 41, 8, 17, 18, 44, 54]
[10, 40, 6, 15, 41, 8, 17, 18, 48, 54]
[10, 6, 15, 41, 45, 8, 17, 18, 44, 54]
[10, 6, 15, 41, 45, 8, 17, 18, 48, 54]
[10, 40, 6, 15, 41, 8, 17, 43, 47, 54]
[10, 6, 15, 41, 45, 8, 17, 43, 47, 54]
[10, 40, 6, 15, 8, 43, 18, 44, 48, 53]
[10, 40, 6, 15, 8, 47, 18, 44, 53, 54]
[10, 6, 15, 45, 8, 47, 18, 48, 53, 54]
[10, 6, 15, 45, 8, 43, 44, 48, 53, 54]
[10, 14, 40, 6, 15, 17, 9, 18, 44, 54]
[10, 14, 40, 6, 15, 17, 9, 18, 48, 54]
[10, 14, 6, 15, 45, 17, 9, 18, 44, 54]
[10, 14, 6, 15, 45, 17, 9, 18, 48, 54]
[10, 14, 40, 6, 15, 17, 43, 47, 9, 54]
[10, 14, 6, 15, 45, 17, 43, 47, 9, 54]
[10, 14, 6, 15, 41, 45, 43, 9, 18, 53]
[10, 14, 40, 6, 15, 41, 43, 9, 53, 54]
[10, 14, 40, 6, 15, 41, 47, 9, 48, 53]
[10, 14, 6, 15, 41, 45, 47, 9, 44, 53]
[10, 40, 6, 17, 43, 47, 9, 44, 48, 54]
[10, 6, 45, 17, 43, 47, 9, 44, 48, 54]
[10, 40, 6, 41, 43, 9, 18, 44, 48, 53]
[10, 40, 6, 41, 47, 9, 18, 44, 53, 54]
[10, 6, 41, 45, 47, 9, 18, 48, 53, 54]
[10, 6, 41, 45, 43, 9, 44, 48, 53, 54]
[10, 14, 6, 15, 41, 17, 43, 47, 18, 54]
[10, 14, 40, 6, 15, 41, 45, 17, 44, 54]
[10, 14, 40, 6, 15, 41, 45, 17, 48, 54]
[10, 14, 40, 6, 15, 45, 47, 18, 44, 53]
[10, 14, 40, 6, 15, 45, 47, 48, 53, 54]
[10, 40, 6, 41, 45, 17, 43, 47, 18, 54]
[10, 6, 41, 17, 43, 47, 18, 44, 48, 54]
[10, 40, 6, 45, 43, 18, 44, 48, 53, 54]
[1, 10, 14, 6, 41, 8, 17, 43, 9, 53, 54]
[1, 10, 14, 6, 41, 8, 17, 47, 9, 48, 53]
[1, 10, 6, 15, 41, 8, 17, 43, 9, 53, 54]
[1, 10, 6, 15, 41, 8, 17, 47, 9, 48, 53]
[1, 14, 40, 6, 45, 8, 17, 9, 18, 44, 54]
[1, 14, 40, 6, 45, 8, 17, 9, 18, 48, 54]
[1, 14, 40, 6, 45, 8, 17, 43, 47, 9, 54]
[1, 14, 6, 8, 17, 43, 47, 9, 44, 48, 54]
[1, 40, 6, 15, 45, 8, 17, 9, 18, 44, 54]
[1, 40, 6, 15, 45, 8, 17, 9, 18, 48, 54]
[1, 40, 6, 15, 45, 8, 17, 43, 47, 9, 54]
[1, 6, 15, 8, 17, 43, 47, 9, 44, 48, 54]
[1, 10, 14, 40, 6, 8, 17, 43, 18, 53, 54]
[1, 10, 14, 40, 6, 8, 17, 47, 18, 48, 53]
[1, 10, 14, 6, 45, 8, 17, 47, 18, 44, 53]
[1, 10, 14, 40, 6, 8, 17, 43, 44, 48, 53]
[1, 10, 14, 40, 6, 8, 17, 47, 44, 53, 54]
[1, 10, 14, 6, 45, 8, 17, 47, 48, 53, 54]
[1, 10, 40, 6, 15, 8, 17, 43, 18, 53, 54]
[1, 10, 40, 6, 15, 8, 17, 47, 18, 48, 53]
[1, 10, 6, 15, 45, 8, 17, 47, 18, 44, 53]
[1, 10, 40, 6, 15, 8, 17, 43, 44, 48, 53]
[1, 10, 40, 6, 15, 8, 17, 47, 44, 53, 54]
[1, 10, 6, 15, 45, 8, 17, 47, 48, 53, 54]
[1, 14, 40, 6, 41, 8, 17, 43, 47, 18, 54]
[1, 14, 6, 41, 45, 8, 17, 43, 47, 18, 54]
[1, 40, 6, 15, 41, 8, 17, 43, 47, 18, 54]
[1, 6, 15, 41, 45, 8, 17, 43, 47, 18, 54]
[1, 10, 14, 6, 15, 41, 45, 17, 43, 9, 53]
[1, 10, 40, 6, 41, 17, 43, 9, 18, 53, 54]
[1, 10, 40, 6, 41, 17, 47, 9, 18, 48, 53]
[1, 10, 6, 41, 45, 17, 47, 9, 18, 44, 53]
[1, 10, 40, 6, 41, 17, 43, 9, 44, 48, 53]
[1, 10, 40, 6, 41, 17, 47, 9, 44, 53, 54]
[1, 10, 6, 41, 45, 17, 47, 9, 48, 53, 54]
[1, 14, 40, 6, 15, 17, 43, 47, 9, 18, 54]
[1, 14, 6, 15, 45, 17, 43, 47, 9, 18, 54]
[1, 40, 6, 17, 43, 47, 9, 18, 44, 48, 54]
[1, 6, 45, 17, 43, 47, 9, 18, 44, 48, 54]
[1, 10, 14, 40, 6, 15, 45, 17, 43, 18, 53]
[1, 10, 14, 6, 15, 17, 43, 18, 44, 48, 53]
[1, 10, 14, 6, 15, 17, 47, 18, 44, 53, 54]
[1, 10, 14, 40, 6, 15, 45, 17, 47, 44, 53]
[1, 10, 40, 6, 45, 17, 47, 18, 48, 53, 54]
[1, 10, 40, 6, 45, 17, 43, 44, 48, 53, 54]
[1, 14, 40, 6, 15, 41, 45, 17, 18, 44, 54]
[1, 14, 40, 6, 15, 41, 45, 17, 18, 48, 54]
[1, 14, 40, 6, 15, 41, 45, 17, 43, 47, 54]
[1, 14, 6, 15, 41, 17, 43, 47, 44, 48, 54]
[1, 40, 6, 41, 45, 17, 43, 47, 44, 48, 54]
[1, 10, 14, 40, 45, 8, 43, 9, 18, 44, 53]
[1, 10, 14, 40, 45, 8, 43, 9, 18, 48, 53]
[1, 10, 14, 40, 45, 8, 47, 9, 18, 53, 54]
[1, 10, 14, 40, 45, 8, 43, 9, 44, 53, 54]
[1, 10, 14, 40, 45, 8, 43, 9, 48, 53, 54]
[1, 10, 14, 40, 45, 8, 47, 9, 44, 48, 53]
[1, 10, 40, 15, 45, 8, 43, 9, 18, 44, 53]
[1, 10, 40, 15, 45, 8, 43, 9, 18, 48, 53]
[1, 10, 40, 15, 45, 8, 47, 9, 18, 53, 54]
[1, 10, 40, 15, 45, 8, 43, 9, 44, 53, 54]
[1, 10, 40, 15, 45, 8, 43, 9, 48, 53, 54]
[1, 10, 40, 15, 45, 8, 47, 9, 44, 48, 53]
[1, 14, 40, 45, 8, 17, 43, 9, 18, 44, 53]
[1, 14, 40, 45, 8, 17, 43, 9, 18, 48, 53]
[1, 14, 40, 45, 8, 17, 47, 9, 18, 53, 54]
[1, 14, 40, 45, 8, 17, 43, 9, 44, 53, 54]
[1, 14, 40, 45, 8, 17, 43, 9, 48, 53, 54]
[1, 14, 40, 45, 8, 17, 47, 9, 44, 48, 53]
[1, 40, 15, 45, 8, 17, 43, 9, 18, 44, 53]
[1, 40, 15, 45, 8, 17, 43, 9, 18, 48, 53]
[1, 40, 15, 45, 8, 17, 47, 9, 18, 53, 54]
[1, 40, 15, 45, 8, 17, 43, 9, 44, 53, 54]
[1, 40, 15, 45, 8, 17, 43, 9, 48, 53, 54]
[1, 40, 15, 45, 8, 17, 47, 9, 44, 48, 53]
[1, 10, 14, 41, 45, 8, 43, 18, 44, 53, 54]
[1, 10, 14, 41, 45, 8, 43, 18, 48, 53, 54]
[1, 10, 14, 41, 45, 8, 47, 18, 44, 48, 53]
[1, 10, 14, 41, 45, 8, 47, 44, 48, 53, 54]
[1, 10, 15, 41, 45, 8, 43, 18, 44, 53, 54]
[1, 10, 15, 41, 45, 8, 43, 18, 48, 53, 54]
[1, 10, 15, 41, 45, 8, 47, 18, 44, 48, 53]
[1, 10, 15, 41, 45, 8, 47, 44, 48, 53, 54]
[1, 14, 41, 45, 8, 17, 43, 18, 44, 53, 54]
[1, 14, 41, 45, 8, 17, 43, 18, 48, 53, 54]
[1, 14, 41, 45, 8, 17, 47, 18, 44, 48, 53]
[1, 14, 41, 45, 8, 17, 47, 44, 48, 53, 54]
[1, 15, 41, 45, 8, 17, 43, 18, 44, 53, 54]
[1, 15, 41, 45, 8, 17, 43, 18, 48, 53, 54]
[1, 15, 41, 45, 8, 17, 47, 18, 44, 48, 53]
[1, 15, 41, 45, 8, 17, 47, 44, 48, 53, 54]
[1, 10, 14, 15, 45, 43, 9, 18, 44, 53, 54]
[1, 10, 14, 15, 45, 43, 9, 18, 48, 53, 54]
[1, 10, 14, 15, 45, 47, 9, 18, 44, 48, 53]
[1, 10, 14, 15, 45, 47, 9, 44, 48, 53, 54]
[1, 14, 15, 45, 17, 43, 9, 18, 44, 53, 54]
[1, 14, 15, 45, 17, 43, 9, 18, 48, 53, 54]
[1, 14, 15, 45, 17, 47, 9, 18, 44, 48, 53]
[1, 14, 15, 45, 17, 47, 9, 44, 48, 53, 54]
[1, 10, 14, 40, 15, 41, 45, 43, 18, 44, 53]
[1, 10, 14, 40, 15, 41, 45, 43, 18, 48, 53]
[1, 10, 14, 40, 15, 41, 45, 47, 18, 53, 54]
[1, 10, 14, 40, 15, 41, 45, 43, 44, 53, 54]
[1, 10, 14, 40, 15, 41, 45, 43, 48, 53, 54]
[1, 10, 14, 40, 15, 41, 45, 47, 44, 48, 53]
[1, 10, 40, 41, 45, 47, 18, 44, 48, 53, 54]
[1, 14, 40, 15, 41, 45, 17, 43, 18, 44, 53]
[1, 14, 40, 15, 41, 45, 17, 43, 18, 48, 53]
[1, 14, 40, 15, 41, 45, 17, 47, 18, 53, 54]
[1, 14, 40, 15, 41, 45, 17, 43, 44, 53, 54]
[1, 14, 40, 15, 41, 45, 17, 43, 48, 53, 54]
[1, 14, 40, 15, 41, 45, 17, 47, 44, 48, 53]
[1, 40, 41, 45, 17, 47, 18, 44, 48, 53, 54]
[10, 14, 40, 6, 45, 8, 17, 9, 18, 44, 54]
[10, 14, 40, 6, 45, 8, 17, 9, 18, 48, 54]
[10, 14, 40, 6, 45, 8, 17, 43, 47, 9, 54]
[10, 14, 6, 8, 17, 43, 47, 9, 44, 48, 54]
[10, 14, 40, 6, 41, 45, 8, 43, 9, 18, 53]
[10, 14, 6, 41, 8, 43, 9, 18, 44, 48, 53]
[10, 14, 6, 41, 8, 47, 9, 18, 44, 53, 54]
[10, 14, 40, 6, 41, 45, 8, 47, 9, 44, 53]
[10, 40, 6, 15, 45, 8, 17, 9, 18, 44, 54]
[10, 40, 6, 15, 45, 8, 17, 9, 18, 48, 54]
[10, 40, 6, 15, 45, 8, 17, 43, 47, 9, 54]
[10, 6, 15, 8, 17, 43, 47, 9, 44, 48, 54]
[10, 40, 6, 15, 41, 45, 8, 43, 9, 18, 53]
[10, 6, 15, 41, 8, 43, 9, 18, 44, 48, 53]
[10, 6, 15, 41, 8, 47, 9, 18, 44, 53, 54]
[10, 40, 6, 15, 41, 45, 8, 47, 9, 44, 53]
[10, 14, 40, 6, 41, 8, 17, 43, 47, 18, 54]
[10, 14, 6, 41, 45, 8, 17, 43, 47, 18, 54]
[10, 14, 6, 45, 8, 43, 18, 44, 48, 53, 54]
[10, 40, 6, 15, 41, 8, 17, 43, 47, 18, 54]
[10, 6, 15, 41, 45, 8, 17, 43, 47, 18, 54]
[10, 6, 15, 45, 8, 43, 18, 44, 48, 53, 54]
[10, 14, 40, 6, 15, 17, 43, 47, 9, 18, 54]
[10, 14, 6, 15, 45, 17, 43, 47, 9, 18, 54]
[10, 14, 40, 6, 15, 41, 43, 9, 18, 53, 54]
[10, 14, 40, 6, 15, 41, 47, 9, 18, 48, 53]
[10, 14, 6, 15, 41, 45, 47, 9, 18, 44, 53]
[10, 14, 40, 6, 15, 41, 43, 9, 44, 48, 53]
[10, 14, 40, 6, 15, 41, 47, 9, 44, 53, 54]
[10, 14, 6, 15, 41, 45, 47, 9, 48, 53, 54]
[10, 40, 6, 17, 43, 47, 9, 18, 44, 48, 54]
[10, 6, 45, 17, 43, 47, 9, 18, 44, 48, 54]
[10, 6, 41, 45, 43, 9, 18, 44, 48, 53, 54]
[10, 14, 40, 6, 15, 41, 45, 17, 18, 44, 54]
[10, 14, 40, 6, 15, 41, 45, 17, 18, 48, 54]
[10, 14, 40, 6, 15, 41, 45, 17, 43, 47, 54]
[10, 14, 6, 15, 41, 17, 43, 47, 44, 48, 54]
[10, 14, 40, 6, 15, 45, 47, 18, 48, 53, 54]
[10, 14, 40, 6, 15, 45, 43, 44, 48, 53, 54]
[10, 40, 6, 41, 45, 17, 43, 47, 44, 48, 54]
[1, 10, 14, 6, 41, 8, 17, 43, 9, 18, 53, 54]
[1, 10, 14, 6, 41, 8, 17, 47, 9, 18, 48, 53]
[1, 10, 14, 40, 6, 41, 45, 8, 17, 43, 9, 53]
[1, 10, 14, 6, 41, 8, 17, 43, 9, 44, 48, 53]
[1, 10, 14, 6, 41, 8, 17, 47, 9, 44, 53, 54]
[1, 10, 6, 15, 41, 8, 17, 43, 9, 18, 53, 54]
[1, 10, 6, 15, 41, 8, 17, 47, 9, 18, 48, 53]
[1, 10, 40, 6, 15, 41, 45, 8, 17, 43, 9, 53]
[1, 10, 6, 15, 41, 8, 17, 43, 9, 44, 48, 53]
[1, 10, 6, 15, 41, 8, 17, 47, 9, 44, 53, 54]
[1, 14, 40, 6, 45, 8, 17, 43, 47, 9, 18, 54]
[1, 14, 6, 8, 17, 43, 47, 9, 18, 44, 48, 54]
[1, 40, 6, 15, 45, 8, 17, 43, 47, 9, 18, 54]
[1, 6, 15, 8, 17, 43, 47, 9, 18, 44, 48, 54]
[1, 10, 14, 40, 6, 8, 17, 43, 18, 44, 48, 53]
[1, 10, 14, 40, 6, 8, 17, 47, 18, 44, 53, 54]
[1, 10, 14, 6, 45, 8, 17, 47, 18, 48, 53, 54]
[1, 10, 14, 6, 45, 8, 17, 43, 44, 48, 53, 54]
[1, 10, 40, 6, 15, 8, 17, 43, 18, 44, 48, 53]
[1, 10, 40, 6, 15, 8, 17, 47, 18, 44, 53, 54]
[1, 10, 6, 15, 45, 8, 17, 47, 18, 48, 53, 54]
[1, 10, 6, 15, 45, 8, 17, 43, 44, 48, 53, 54]
[1, 14, 40, 6, 41, 8, 17, 43, 47, 44, 48, 54]
[1, 14, 6, 41, 45, 8, 17, 43, 47, 44, 48, 54]
[1, 40, 6, 15, 41, 8, 17, 43, 47, 44, 48, 54]
[1, 6, 15, 41, 45, 8, 17, 43, 47, 44, 48, 54]
[1, 10, 14, 6, 15, 41, 45, 17, 43, 9, 18, 53]
[1, 10, 14, 40, 6, 15, 41, 17, 43, 9, 53, 54]
[1, 10, 14, 40, 6, 15, 41, 17, 47, 9, 48, 53]
[1, 10, 14, 6, 15, 41, 45, 17, 47, 9, 44, 53]
[1, 10, 40, 6, 41, 17, 43, 9, 18, 44, 48, 53]
[1, 10, 40, 6, 41, 17, 47, 9, 18, 44, 53, 54]
[1, 10, 6, 41, 45, 17, 47, 9, 18, 48, 53, 54]
[1, 10, 6, 41, 45, 17, 43, 9, 44, 48, 53, 54]
[1, 14, 40, 6, 15, 17, 43, 47, 9, 44, 48, 54]
[1, 14, 6, 15, 45, 17, 43, 47, 9, 44, 48, 54]
[1, 10, 14, 40, 6, 15, 45, 17, 47, 18, 44, 53]
[1, 10, 14, 40, 6, 15, 45, 17, 47, 48, 53, 54]
[1, 10, 40, 6, 45, 17, 43, 18, 44, 48, 53, 54]
[1, 14, 40, 6, 15, 41, 45, 17, 43, 47, 18, 54]
[1, 14, 6, 15, 41, 17, 43, 47, 18, 44, 48, 54]
[1, 40, 6, 41, 45, 17, 43, 47, 18, 44, 48, 54]
[1, 10, 14, 40, 45, 8, 43, 9, 18, 44, 53, 54]
[1, 10, 14, 40, 45, 8, 43, 9, 18, 48, 53, 54]
[1, 10, 14, 40, 45, 8, 47, 9, 18, 44, 48, 53]
[1, 10, 14, 40, 45, 8, 47, 9, 44, 48, 53, 54]
[1, 10, 40, 15, 45, 8, 43, 9, 18, 44, 53, 54]
[1, 10, 40, 15, 45, 8, 43, 9, 18, 48, 53, 54]
[1, 10, 40, 15, 45, 8, 47, 9, 18, 44, 48, 53]
[1, 10, 40, 15, 45, 8, 47, 9, 44, 48, 53, 54]
[1, 14, 40, 45, 8, 17, 43, 9, 18, 44, 53, 54]
[1, 14, 40, 45, 8, 17, 43, 9, 18, 48, 53, 54]
[1, 14, 40, 45, 8, 17, 47, 9, 18, 44, 48, 53]
[1, 14, 40, 45, 8, 17, 47, 9, 44, 48, 53, 54]
[1, 40, 15, 45, 8, 17, 43, 9, 18, 44, 53, 54]
[1, 40, 15, 45, 8, 17, 43, 9, 18, 48, 53, 54]
[1, 40, 15, 45, 8, 17, 47, 9, 18, 44, 48, 53]
[1, 40, 15, 45, 8, 17, 47, 9, 44, 48, 53, 54]
[1, 10, 14, 41, 45, 8, 47, 18, 44, 48, 53, 54]
[1, 10, 15, 41, 45, 8, 47, 18, 44, 48, 53, 54]
[1, 14, 41, 45, 8, 17, 47, 18, 44, 48, 53, 54]
[1, 15, 41, 45, 8, 17, 47, 18, 44, 48, 53, 54]
[1, 10, 14, 15, 45, 47, 9, 18, 44, 48, 53, 54]
[1, 14, 15, 45, 17, 47, 9, 18, 44, 48, 53, 54]
[1, 10, 14, 40, 15, 41, 45, 43, 18, 44, 53, 54]
[1, 10, 14, 40, 15, 41, 45, 43, 18, 48, 53, 54]
[1, 10, 14, 40, 15, 41, 45, 47, 18, 44, 48, 53]
[1, 10, 14, 40, 15, 41, 45, 47, 44, 48, 53, 54]
[1, 14, 40, 15, 41, 45, 17, 43, 18, 44, 53, 54]
[1, 14, 40, 15, 41, 45, 17, 43, 18, 48, 53, 54]
[1, 14, 40, 15, 41, 45, 17, 47, 18, 44, 48, 53]
[1, 14, 40, 15, 41, 45, 17, 47, 44, 48, 53, 54]
[10, 14, 40, 6, 45, 8, 17, 43, 47, 9, 18, 54]
[10, 14, 6, 8, 17, 43, 47, 9, 18, 44, 48, 54]
[10, 14, 40, 6, 41, 45, 8, 47, 9, 18, 44, 53]
[10, 14, 40, 6, 41, 45, 8, 47, 9, 48, 53, 54]
[10, 40, 6, 15, 45, 8, 17, 43, 47, 9, 18, 54]
[10, 6, 15, 8, 17, 43, 47, 9, 18, 44, 48, 54]
[10, 40, 6, 15, 41, 45, 8, 47, 9, 18, 44, 53]
[10, 40, 6, 15, 41, 45, 8, 47, 9, 48, 53, 54]
[10, 14, 40, 6, 41, 8, 17, 43, 47, 44, 48, 54]
[10, 14, 6, 41, 45, 8, 17, 43, 47, 44, 48, 54]
[10, 40, 6, 15, 41, 8, 17, 43, 47, 44, 48, 54]
[10, 6, 15, 41, 45, 8, 17, 43, 47, 44, 48, 54]
[10, 14, 40, 6, 15, 17, 43, 47, 9, 44, 48, 54]
[10, 14, 6, 15, 45, 17, 43, 47, 9, 44, 48, 54]
[10, 14, 40, 6, 15, 41, 43, 9, 18, 44, 48, 53]
[10, 14, 40, 6, 15, 41, 47, 9, 18, 44, 53, 54]
[10, 14, 6, 15, 41, 45, 47, 9, 18, 48, 53, 54]
[10, 14, 6, 15, 41, 45, 43, 9, 44, 48, 53, 54]
[10, 14, 40, 6, 15, 41, 45, 17, 43, 47, 18, 54]
[10, 14, 6, 15, 41, 17, 43, 47, 18, 44, 48, 54]
[10, 14, 40, 6, 15, 45, 43, 18, 44, 48, 53, 54]
[10, 40, 6, 41, 45, 17, 43, 47, 18, 44, 48, 54]
[1, 10, 14, 40, 6, 41, 45, 8, 17, 43, 9, 18, 53]
[1, 10, 14, 6, 41, 8, 17, 43, 9, 18, 44, 48, 53]
[1, 10, 14, 6, 41, 8, 17, 47, 9, 18, 44, 53, 54]
[1, 10, 14, 40, 6, 41, 45, 8, 17, 47, 9, 44, 53]
[1, 10, 40, 6, 15, 41, 45, 8, 17, 43, 9, 18, 53]
[1, 10, 6, 15, 41, 8, 17, 43, 9, 18, 44, 48, 53]
[1, 10, 6, 15, 41, 8, 17, 47, 9, 18, 44, 53, 54]
[1, 10, 40, 6, 15, 41, 45, 8, 17, 47, 9, 44, 53]
[1, 14, 40, 6, 45, 8, 17, 43, 47, 9, 44, 48, 54]
[1, 40, 6, 15, 45, 8, 17, 43, 47, 9, 44, 48, 54]
[1, 10, 14, 6, 45, 8, 17, 43, 18, 44, 48, 53, 54]
[1, 10, 6, 15, 45, 8, 17, 43, 18, 44, 48, 53, 54]
[1, 14, 40, 6, 41, 8, 17, 43, 47, 18, 44, 48, 54]
[1, 14, 6, 41, 45, 8, 17, 43, 47, 18, 44, 48, 54]
[1, 40, 6, 15, 41, 8, 17, 43, 47, 18, 44, 48, 54]
[1, 6, 15, 41, 45, 8, 17, 43, 47, 18, 44, 48, 54]
[1, 10, 14, 40, 6, 15, 41, 17, 43, 9, 18, 53, 54]
[1, 10, 14, 40, 6, 15, 41, 17, 47, 9, 18, 48, 53]
[1, 10, 14, 6, 15, 41, 45, 17, 47, 9, 18, 44, 53]
[1, 10, 14, 40, 6, 15, 41, 17, 43, 9, 44, 48, 53]
[1, 10, 14, 40, 6, 15, 41, 17, 47, 9, 44, 53, 54]
[1, 10, 14, 6, 15, 41, 45, 17, 47, 9, 48, 53, 54]
[1, 10, 6, 41, 45, 17, 43, 9, 18, 44, 48, 53, 54]
[1, 14, 40, 6, 15, 17, 43, 47, 9, 18, 44, 48, 54]
[1, 14, 6, 15, 45, 17, 43, 47, 9, 18, 44, 48, 54]
[1, 10, 14, 40, 6, 15, 45, 17, 47, 18, 48, 53, 54]
[1, 10, 14, 40, 6, 15, 45, 17, 43, 44, 48, 53, 54]
[1, 14, 40, 6, 15, 41, 45, 17, 43, 47, 44, 48, 54]
[1, 10, 14, 40, 45, 8, 47, 9, 18, 44, 48, 53, 54]
[1, 10, 40, 15, 45, 8, 47, 9, 18, 44, 48, 53, 54]
[1, 14, 40, 45, 8, 17, 47, 9, 18, 44, 48, 53, 54]
[1, 40, 15, 45, 8, 17, 47, 9, 18, 44, 48, 53, 54]
[1, 10, 14, 40, 15, 41, 45, 47, 18, 44, 48, 53, 54]
[1, 14, 40, 15, 41, 45, 17, 47, 18, 44, 48, 53, 54]
[10, 14, 40, 6, 45, 8, 17, 43, 47, 9, 44, 48, 54]
[10, 14, 40, 6, 41, 45, 8, 47, 9, 18, 48, 53, 54]
[10, 14, 40, 6, 41, 45, 8, 43, 9, 44, 48, 53, 54]
[10, 40, 6, 15, 45, 8, 17, 43, 47, 9, 44, 48, 54]
[10, 40, 6, 15, 41, 45, 8, 47, 9, 18, 48, 53, 54]
[10, 40, 6, 15, 41, 45, 8, 43, 9, 44, 48, 53, 54]
[10, 14, 40, 6, 41, 8, 17, 43, 47, 18, 44, 48, 54]
[10, 14, 6, 41, 45, 8, 17, 43, 47, 18, 44, 48, 54]
[10, 40, 6, 15, 41, 8, 17, 43, 47, 18, 44, 48, 54]
[10, 6, 15, 41, 45, 8, 17, 43, 47, 18, 44, 48, 54]
[10, 14, 40, 6, 15, 17, 43, 47, 9, 18, 44, 48, 54]
[10, 14, 6, 15, 45, 17, 43, 47, 9, 18, 44, 48, 54]
[10, 14, 6, 15, 41, 45, 43, 9, 18, 44, 48, 53, 54]
[10, 14, 40, 6, 15, 41, 45, 17, 43, 47, 44, 48, 54]
[1, 10, 14, 40, 6, 41, 45, 8, 17, 47, 9, 18, 44, 53]
[1, 10, 14, 40, 6, 41, 45, 8, 17, 47, 9, 48, 53, 54]
[1, 10, 40, 6, 15, 41, 45, 8, 17, 47, 9, 18, 44, 53]
[1, 10, 40, 6, 15, 41, 45, 8, 17, 47, 9, 48, 53, 54]
[1, 14, 40, 6, 45, 8, 17, 43, 47, 9, 18, 44, 48, 54]
[1, 40, 6, 15, 45, 8, 17, 43, 47, 9, 18, 44, 48, 54]
[1, 10, 14, 40, 6, 15, 41, 17, 43, 9, 18, 44, 48, 53]
[1, 10, 14, 40, 6, 15, 41, 17, 47, 9, 18, 44, 53, 54]
[1, 10, 14, 6, 15, 41, 45, 17, 47, 9, 18, 48, 53, 54]
[1, 10, 14, 6, 15, 41, 45, 17, 43, 9, 44, 48, 53, 54]
[1, 10, 14, 40, 6, 15, 45, 17, 43, 18, 44, 48, 53, 54]
[1, 14, 40, 6, 15, 41, 45, 17, 43, 47, 18, 44, 48, 54]
[10, 14, 40, 6, 45, 8, 17, 43, 47, 9, 18, 44, 48, 54]
[10, 14, 40, 6, 41, 45, 8, 43, 9, 18, 44, 48, 53, 54]
[10, 40, 6, 15, 45, 8, 17, 43, 47, 9, 18, 44, 48, 54]
[10, 40, 6, 15, 41, 45, 8, 43, 9, 18, 44, 48, 53, 54]
[10, 14, 40, 6, 15, 41, 45, 17, 43, 47, 18, 44, 48, 54]
[1, 10, 14, 40, 6, 41, 45, 8, 17, 47, 9, 18, 48, 53, 54]
[1, 10, 14, 40, 6, 41, 45, 8, 17, 43, 9, 44, 48, 53, 54]
[1, 10, 40, 6, 15, 41, 45, 8, 17, 47, 9, 18, 48, 53, 54]
[1, 10, 40, 6, 15, 41, 45, 8, 17, 43, 9, 44, 48, 53, 54]
[1, 10, 14, 6, 15, 41, 45, 17, 43, 9, 18, 44, 48, 53, 54]
[1, 10, 14, 40, 6, 41, 45, 8, 17, 43, 9, 18, 44, 48, 53, 54]
[1, 10, 40, 6, 15, 41, 45, 8, 17, 43, 9, 18, 44, 48, 53, 54]
