[[2, 5], [3, 5], [4, 5], [6, 7]]
[0, 50, 52, 54]
[0, 7, 17, 50, 54]
[0, 14, 40, 17, 50, 54]
[0, 50, 52, 18, 44, 54]
[0, 42, 49, 50, 52, 54]
[0, 14, 40, 7, 50, 52, 54]
[0, 14, 16, 8, 17, 50, 54]
[0, 40, 16, 8, 50, 52, 54]
[0, 14, 42, 17, 50, 9, 54]
[0, 40, 42, 50, 52, 9, 54]
[0, 40, 49, 50, 52, 9, 54]
[0, 42, 43, 50, 52, 18, 54]
[0, 49, 43, 50, 52, 18, 54]
[0, 42, 43, 50, 52, 44, 54]
[0, 49, 43, 50, 52, 44, 54]
[0, 14, 7, 16, 8, 50, 52, 54]
[0, 40, 7, 16, 8, 17, 50, 54]
[0, 14, 7, 42, 50, 52, 9, 54]
[0, 14, 7, 49, 50, 52, 9, 54]
[0, 40, 7, 42, 17, 50, 9, 54]
[0, 7, 42, 17, 43, 50, 18, 54]
[0, 7, 49, 17, 43, 50, 44, 54]
[0, 16, 42, 8, 50, 52, 9, 54]
[0, 16, 49, 8, 50, 52, 9, 54]
[0, 14, 17, 43, 50, 9, 18, 54]
[0, 40, 43, 50, 52, 9, 18, 54]
[0, 40, 43, 50, 52, 9, 44, 54]
[0, 42, 49, 50, 52, 18, 44, 54]
[0, 10, 5, 7, 8, 50, 9, 44, 54]
[0, 5, 7, 8, 17, 50, 18, 44, 54]
[0, 5, 7, 42, 49, 8, 17, 50, 54]
[0, 5, 7, 16, 49, 17, 50, 9, 54]
[0, 10, 5, 7, 16, 49, 50, 18, 54]
[0, 10, 5, 7, 16, 42, 50, 44, 54]
[0, 5, 14, 49, 8, 17, 50, 9, 54]
[0, 10, 5, 14, 49, 8, 50, 18, 54]
[0, 10, 5, 14, 42, 8, 50, 44, 54]
[0, 10, 5, 14, 16, 50, 9, 44, 54]
[0, 5, 14, 16, 17, 50, 18, 44, 54]
[0, 5, 14, 16, 42, 49, 17, 50, 54]
[0, 7, 16, 42, 8, 17, 50, 9, 54]
[0, 14, 7, 43, 50, 52, 9, 18, 54]
[0, 14, 7, 43, 50, 52, 9, 44, 54]
[0, 40, 7, 17, 43, 50, 9, 18, 54]
[0, 14, 40, 7, 50, 52, 18, 44, 54]
[0, 14, 40, 7, 42, 49, 50, 52, 54]
[0, 7, 42, 49, 17, 50, 18, 44, 54]
[0, 16, 8, 43, 50, 52, 9, 18, 54]
[0, 16, 8, 43, 50, 52, 9, 44, 54]
[0, 40, 16, 8, 50, 52, 18, 44, 54]
[0, 40, 16, 42, 49, 8, 50, 52, 54]
[0, 14, 49, 17, 50, 9, 18, 44, 54]
[0, 40, 42, 50, 52, 9, 18, 44, 54]
[0, 40, 49, 50, 52, 9, 18, 44, 54]
[0, 14, 40, 42, 17, 43, 50, 18, 54]
[0, 14, 40, 49, 17, 43, 50, 44, 54]
[0, 1, 5, 7, 49, 8, 50, 52, 18, 54]
[0, 1, 5, 7, 42, 8, 50, 52, 44, 54]
[0, 1, 5, 7, 16, 50, 52, 9, 44, 54]
[0, 1, 5, 14, 8, 50, 52, 9, 44, 54]
[0, 1, 5, 14, 16, 49, 50, 52, 18, 54]
[0, 1, 5, 14, 16, 42, 50, 52, 44, 54]
[0, 10, 5, 7, 49, 8, 43, 50, 9, 54]
[0, 5, 40, 7, 49, 8, 17, 50, 9, 54]
[0, 10, 5, 40, 7, 49, 8, 50, 18, 54]
[0, 10, 5, 40, 7, 42, 8, 50, 44, 54]
[0, 5, 7, 49, 8, 17, 43, 50, 18, 54]
[0, 5, 7, 42, 8, 17, 43, 50, 44, 54]
[0, 10, 5, 40, 7, 16, 50, 9, 44, 54]
[0, 5, 7, 16, 17, 43, 50, 9, 44, 54]
[0, 10, 5, 7, 16, 43, 50, 18, 44, 54]
[0, 10, 5, 7, 16, 42, 49, 43, 50, 54]
[0, 5, 40, 7, 16, 17, 50, 18, 44, 54]
[0, 5, 40, 7, 16, 42, 49, 17, 50, 54]
[0, 10, 5, 14, 40, 8, 50, 9, 44, 54]
[0, 5, 14, 8, 17, 43, 50, 9, 44, 54]
[0, 10, 5, 14, 8, 43, 50, 18, 44, 54]
[0, 10, 5, 14, 42, 49, 8, 43, 50, 54]
[0, 5, 14, 40, 8, 17, 50, 18, 44, 54]
[0, 5, 14, 40, 42, 49, 8, 17, 50, 54]
[0, 10, 5, 14, 16, 49, 43, 50, 9, 54]
[0, 5, 14, 40, 16, 49, 17, 50, 9, 54]
[0, 10, 5, 14, 40, 16, 49, 50, 18, 54]
[0, 10, 5, 14, 40, 16, 42, 50, 44, 54]
[0, 5, 14, 16, 49, 17, 43, 50, 18, 54]
[0, 5, 14, 16, 42, 17, 43, 50, 44, 54]
[0, 7, 16, 8, 17, 43, 50, 9, 18, 54]
[0, 14, 7, 16, 8, 50, 52, 18, 44, 54]
[0, 14, 7, 16, 42, 49, 8, 50, 52, 54]
[0, 14, 7, 42, 50, 52, 9, 18, 44, 54]
[0, 14, 7, 49, 50, 52, 9, 18, 44, 54]
[0, 40, 7, 49, 17, 50, 9, 18, 44, 54]
[0, 14, 40, 7, 42, 43, 50, 52, 18, 54]
[0, 14, 40, 7, 49, 43, 50, 52, 18, 54]
[0, 14, 40, 7, 42, 43, 50, 52, 44, 54]
[0, 14, 40, 7, 49, 43, 50, 52, 44, 54]
[0, 14, 40, 16, 42, 8, 17, 50, 9, 54]
[0, 16, 42, 8, 50, 52, 9, 18, 44, 54]
[0, 16, 49, 8, 50, 52, 9, 18, 44, 54]
[0, 14, 16, 42, 8, 17, 43, 50, 18, 54]
[0, 14, 16, 49, 8, 17, 43, 50, 44, 54]
[0, 40, 16, 42, 8, 43, 50, 52, 18, 54]
[0, 40, 16, 49, 8, 43, 50, 52, 18, 54]
[0, 40, 16, 42, 8, 43, 50, 52, 44, 54]
[0, 40, 16, 49, 8, 43, 50, 52, 44, 54]
[0, 14, 42, 49, 17, 43, 50, 9, 44, 54]
[0, 40, 42, 49, 43, 50, 52, 9, 18, 54]
[0, 40, 42, 49, 43, 50, 52, 9, 44, 54]
[0, 14, 40, 42, 49, 17, 50, 18, 44, 54]
[0, 1, 5, 40, 7, 8, 50, 52, 9, 44, 54]
[0, 1, 5, 7, 8, 43, 50, 52, 18, 44, 54]
[0, 1, 5, 7, 42, 49, 8, 43, 50, 52, 54]
[0, 1, 5, 7, 16, 49, 43, 50, 52, 9, 54]
[0, 1, 5, 40, 7, 16, 49, 50, 52, 18, 54]
[0, 1, 5, 40, 7, 16, 42, 50, 52, 44, 54]
[0, 1, 5, 14, 49, 8, 43, 50, 52, 9, 54]
[0, 1, 5, 14, 40, 49, 8, 50, 52, 18, 54]
[0, 1, 5, 14, 40, 42, 8, 50, 52, 44, 54]
[0, 1, 5, 14, 40, 16, 50, 52, 9, 44, 54]
[0, 1, 5, 14, 16, 43, 50, 52, 18, 44, 54]
[0, 1, 5, 14, 16, 42, 49, 43, 50, 52, 54]
[0, 10, 5, 7, 42, 49, 8, 50, 9, 18, 54]
[0, 5, 40, 7, 8, 17, 43, 50, 9, 44, 54]
[0, 10, 5, 40, 7, 8, 43, 50, 18, 44, 54]
[0, 10, 5, 40, 7, 42, 49, 8, 43, 50, 54]
[0, 10, 5, 40, 7, 16, 49, 43, 50, 9, 54]
[0, 5, 7, 16, 42, 17, 50, 9, 18, 44, 54]
[0, 5, 40, 7, 16, 49, 17, 43, 50, 18, 54]
[0, 5, 40, 7, 16, 42, 17, 43, 50, 44, 54]
[0, 10, 5, 14, 40, 49, 8, 43, 50, 9, 54]
[0, 5, 14, 42, 8, 17, 50, 9, 18, 44, 54]
[0, 5, 14, 40, 49, 8, 17, 43, 50, 18, 54]
[0, 5, 14, 40, 42, 8, 17, 43, 50, 44, 54]
[0, 10, 5, 14, 16, 42, 49, 50, 9, 18, 54]
[0, 5, 14, 40, 16, 17, 43, 50, 9, 44, 54]
[0, 10, 5, 14, 40, 16, 43, 50, 18, 44, 54]
[0, 10, 5, 14, 40, 16, 42, 49, 43, 50, 54]
[0, 14, 40, 7, 16, 42, 8, 50, 52, 9, 54]
[0, 14, 40, 7, 16, 49, 8, 50, 52, 9, 54]
[0, 7, 16, 49, 8, 17, 50, 9, 18, 44, 54]
[0, 14, 7, 16, 42, 8, 43, 50, 52, 18, 54]
[0, 14, 7, 16, 49, 8, 43, 50, 52, 18, 54]
[0, 14, 7, 16, 42, 8, 43, 50, 52, 44, 54]
[0, 14, 7, 16, 49, 8, 43, 50, 52, 44, 54]
[0, 40, 7, 16, 42, 8, 17, 43, 50, 18, 54]
[0, 40, 7, 16, 49, 8, 17, 43, 50, 44, 54]
[0, 14, 7, 42, 49, 43, 50, 52, 9, 18, 54]
[0, 14, 7, 42, 49, 43, 50, 52, 9, 44, 54]
[0, 40, 7, 42, 49, 17, 43, 50, 9, 44, 54]
[0, 14, 40, 7, 42, 49, 50, 52, 18, 44, 54]
[0, 14, 40, 16, 8, 17, 43, 50, 9, 18, 54]
[0, 16, 42, 49, 8, 43, 50, 52, 9, 18, 54]
[0, 16, 42, 49, 8, 43, 50, 52, 9, 44, 54]
[0, 14, 16, 42, 49, 8, 17, 50, 18, 44, 54]
[0, 40, 16, 42, 49, 8, 50, 52, 18, 44, 54]
[0, 1, 5, 40, 7, 49, 8, 43, 50, 52, 9, 54]
[0, 1, 5, 7, 16, 42, 49, 50, 52, 9, 18, 54]
[0, 1, 5, 40, 7, 16, 43, 50, 52, 18, 44, 54]
[0, 1, 5, 40, 7, 16, 42, 49, 43, 50, 52, 54]
[0, 1, 5, 14, 42, 49, 8, 50, 52, 9, 18, 54]
[0, 1, 5, 14, 40, 8, 43, 50, 52, 18, 44, 54]
[0, 1, 5, 14, 40, 42, 49, 8, 43, 50, 52, 54]
[0, 1, 5, 14, 40, 16, 49, 43, 50, 52, 9, 54]
[0, 10, 5, 7, 42, 8, 43, 50, 9, 18, 44, 54]
[0, 5, 40, 7, 42, 8, 17, 50, 9, 18, 44, 54]
[0, 10, 5, 40, 7, 16, 42, 49, 50, 9, 18, 54]
[0, 5, 7, 16, 42, 49, 17, 43, 50, 9, 18, 54]
[0, 10, 5, 14, 40, 42, 49, 8, 50, 9, 18, 54]
[0, 5, 14, 42, 49, 8, 17, 43, 50, 9, 18, 54]
[0, 10, 5, 14, 16, 42, 43, 50, 9, 18, 44, 54]
[0, 5, 14, 40, 16, 42, 17, 50, 9, 18, 44, 54]
[0, 14, 40, 7, 16, 8, 43, 50, 52, 9, 18, 54]
[0, 14, 40, 7, 16, 8, 43, 50, 52, 9, 44, 54]
[0, 7, 16, 42, 49, 8, 17, 43, 50, 9, 44, 54]
[0, 14, 7, 16, 42, 49, 8, 50, 52, 18, 44, 54]
[0, 40, 7, 16, 42, 49, 8, 17, 50, 18, 44, 54]
[0, 14, 40, 16, 49, 8, 17, 50, 9, 18, 44, 54]
[0, 1, 5, 40, 7, 42, 49, 8, 50, 52, 9, 18, 54]
[0, 1, 5, 7, 16, 42, 43, 50, 52, 9, 18, 44, 54]
[0, 1, 5, 14, 42, 8, 43, 50, 52, 9, 18, 44, 54]
[0, 1, 5, 14, 40, 16, 42, 49, 50, 52, 9, 18, 54]
[0, 5, 40, 7, 42, 49, 8, 17, 43, 50, 9, 18, 54]
[0, 10, 5, 40, 7, 16, 42, 43, 50, 9, 18, 44, 54]
[0, 10, 5, 14, 40, 42, 8, 43, 50, 9, 18, 44, 54]
[0, 5, 14, 40, 16, 42, 49, 17, 43, 50, 9, 18, 54]
[0, 14, 40, 7, 16, 42, 8, 50, 52, 9, 18, 44, 54]
[0, 14, 40, 7, 16, 49, 8, 50, 52, 9, 18, 44, 54]
[0, 14, 40, 16, 42, 49, 8, 17, 43, 50, 9, 44, 54]
[0, 1, 5, 40, 7, 42, 8, 43, 50, 52, 9, 18, 44, 54]
[0, 1, 5, 14, 40, 16, 42, 43, 50, 52, 9, 18, 44, 54]
[0, 14, 40, 7, 16, 42, 49, 8, 43, 50, 52, 9, 18, 54]
[0, 14, 40, 7, 16, 42, 49, 8, 43, 50, 52, 9, 44, 54]
