[[2, 7], [3, 5], [4, 7], [6, 7]]
[0, 52]
[10, 54]
[0, 10, 54]
[0, 52, 54]
[0, 10, 40, 52]
[10, 40, 52, 54]
[0, 14, 7, 49, 52]
[0, 16, 42, 8, 52]
[0, 10, 49, 52, 9]
[0, 40, 49, 52, 9]
[0, 42, 50, 52, 18]
[0, 49, 43, 52, 51]
[10, 14, 7, 49, 54]
[10, 16, 42, 8, 54]
[10, 40, 49, 9, 54]
[10, 49, 52, 9, 54]
[10, 42, 50, 18, 54]
[10, 49, 43, 51, 54]
[0, 10, 14, 7, 52, 9]
[0, 14, 40, 7, 52, 9]
[0, 10, 14, 7, 49, 54]
[0, 14, 7, 43, 52, 51]
[0, 14, 7, 49, 52, 54]
[0, 10, 16, 42, 8, 54]
[0, 16, 8, 50, 52, 18]
[0, 16, 42, 8, 52, 54]
[0, 10, 40, 49, 9, 54]
[0, 10, 43, 52, 9, 51]
[0, 40, 43, 52, 9, 51]
[0, 40, 49, 52, 9, 54]
[0, 10, 42, 50, 18, 54]
[0, 10, 49, 43, 51, 54]
[0, 42, 50, 52, 18, 54]
[0, 49, 43, 52, 51, 54]
[10, 14, 40, 7, 9, 54]
[10, 14, 7, 52, 9, 54]
[10, 14, 7, 43, 51, 54]
[10, 16, 8, 50, 18, 54]
[10, 40, 43, 9, 51, 54]
[10, 43, 52, 9, 51, 54]
[0, 10, 14, 40, 7, 9, 54]
[0, 14, 40, 7, 52, 9, 54]
[0, 10, 14, 40, 7, 49, 52]
[0, 10, 14, 7, 43, 51, 54]
[0, 14, 7, 43, 52, 51, 54]
[0, 10, 16, 8, 50, 18, 54]
[0, 10, 40, 16, 42, 8, 52]
[0, 16, 8, 50, 52, 18, 54]
[0, 10, 40, 43, 9, 51, 54]
[0, 40, 43, 52, 9, 51, 54]
[0, 10, 40, 42, 50, 52, 18]
[0, 10, 40, 49, 43, 52, 51]
[10, 14, 40, 7, 49, 52, 54]
[10, 40, 16, 42, 8, 52, 54]
[10, 40, 42, 50, 52, 18, 54]
[10, 40, 49, 43, 52, 51, 54]
[0, 14, 7, 16, 42, 49, 8, 52]
[0, 10, 14, 40, 7, 43, 52, 51]
[0, 14, 7, 42, 49, 50, 52, 18]
[0, 10, 16, 42, 49, 8, 52, 9]
[0, 40, 16, 42, 49, 8, 52, 9]
[0, 10, 40, 16, 8, 50, 52, 18]
[0, 16, 42, 49, 8, 43, 52, 51]
[0, 10, 42, 49, 50, 52, 9, 18]
[0, 40, 42, 49, 50, 52, 9, 18]
[0, 42, 49, 43, 50, 52, 18, 51]
[10, 14, 7, 16, 42, 49, 8, 54]
[10, 14, 7, 42, 49, 50, 18, 54]
[10, 14, 40, 7, 43, 52, 51, 54]
[10, 40, 16, 42, 49, 8, 9, 54]
[10, 16, 42, 49, 8, 52, 9, 54]
[10, 40, 16, 8, 50, 52, 18, 54]
[10, 16, 42, 49, 8, 43, 51, 54]
[10, 40, 42, 49, 50, 9, 18, 54]
[10, 42, 49, 50, 52, 9, 18, 54]
[10, 42, 49, 43, 50, 18, 51, 54]
[0, 10, 14, 7, 16, 42, 8, 52, 9]
[0, 14, 40, 7, 16, 42, 8, 52, 9]
[0, 10, 14, 7, 16, 42, 49, 8, 54]
[0, 14, 7, 16, 49, 8, 50, 52, 18]
[0, 14, 7, 16, 42, 8, 43, 52, 51]
[0, 14, 7, 16, 42, 49, 8, 52, 54]
[0, 10, 14, 7, 42, 50, 52, 9, 18]
[0, 10, 14, 7, 49, 43, 52, 9, 51]
[0, 14, 40, 7, 42, 50, 52, 9, 18]
[0, 14, 40, 7, 49, 43, 52, 9, 51]
[0, 10, 14, 7, 42, 49, 50, 18, 54]
[0, 14, 7, 42, 43, 50, 52, 18, 51]
[0, 14, 7, 42, 49, 50, 52, 18, 54]
[0, 10, 16, 49, 8, 50, 52, 9, 18]
[0, 10, 40, 16, 42, 49, 8, 9, 54]
[0, 10, 16, 42, 8, 43, 52, 9, 51]
[0, 40, 16, 49, 8, 50, 52, 9, 18]
[0, 40, 16, 42, 8, 43, 52, 9, 51]
[0, 40, 16, 42, 49, 8, 52, 9, 54]
[0, 10, 16, 42, 49, 8, 43, 51, 54]
[0, 16, 49, 8, 43, 50, 52, 18, 51]
[0, 16, 42, 49, 8, 43, 52, 51, 54]
[0, 10, 40, 42, 49, 50, 9, 18, 54]
[0, 10, 42, 43, 50, 52, 9, 18, 51]
[0, 40, 42, 43, 50, 52, 9, 18, 51]
[0, 40, 42, 49, 50, 52, 9, 18, 54]
[0, 10, 42, 49, 43, 50, 18, 51, 54]
[0, 42, 49, 43, 50, 52, 18, 51, 54]
[10, 14, 40, 7, 16, 42, 8, 9, 54]
[10, 14, 7, 16, 42, 8, 52, 9, 54]
[10, 14, 7, 16, 49, 8, 50, 18, 54]
[10, 14, 7, 16, 42, 8, 43, 51, 54]
[10, 14, 40, 7, 42, 50, 9, 18, 54]
[10, 14, 7, 42, 50, 52, 9, 18, 54]
[10, 14, 40, 7, 49, 43, 9, 51, 54]
[10, 14, 7, 49, 43, 52, 9, 51, 54]
[10, 14, 7, 42, 43, 50, 18, 51, 54]
[10, 40, 16, 49, 8, 50, 9, 18, 54]
[10, 16, 49, 8, 50, 52, 9, 18, 54]
[10, 40, 16, 42, 8, 43, 9, 51, 54]
[10, 16, 42, 8, 43, 52, 9, 51, 54]
[10, 16, 49, 8, 43, 50, 18, 51, 54]
[10, 40, 42, 43, 50, 9, 18, 51, 54]
[10, 42, 43, 50, 52, 9, 18, 51, 54]
[0, 10, 14, 7, 16, 8, 50, 52, 9, 18]
[0, 10, 14, 40, 7, 16, 42, 8, 9, 54]
[0, 14, 40, 7, 16, 8, 50, 52, 9, 18]
[0, 14, 40, 7, 16, 42, 8, 52, 9, 54]
[0, 10, 14, 7, 16, 49, 8, 50, 18, 54]
[0, 10, 14, 40, 7, 16, 42, 49, 8, 52]
[0, 10, 14, 7, 16, 42, 8, 43, 51, 54]
[0, 14, 7, 16, 8, 43, 50, 52, 18, 51]
[0, 14, 7, 16, 49, 8, 50, 52, 18, 54]
[0, 14, 7, 16, 42, 8, 43, 52, 51, 54]
[0, 10, 14, 40, 7, 42, 50, 9, 18, 54]
[0, 10, 14, 40, 7, 49, 43, 9, 51, 54]
[0, 14, 40, 7, 42, 50, 52, 9, 18, 54]
[0, 14, 40, 7, 49, 43, 52, 9, 51, 54]
[0, 10, 14, 40, 7, 42, 49, 50, 52, 18]
[0, 10, 14, 7, 42, 43, 50, 18, 51, 54]
[0, 14, 7, 42, 43, 50, 52, 18, 51, 54]
[0, 10, 40, 16, 49, 8, 50, 9, 18, 54]
[0, 10, 16, 8, 43, 50, 52, 9, 18, 51]
[0, 10, 40, 16, 42, 8, 43, 9, 51, 54]
[0, 40, 16, 8, 43, 50, 52, 9, 18, 51]
[0, 40, 16, 49, 8, 50, 52, 9, 18, 54]
[0, 40, 16, 42, 8, 43, 52, 9, 51, 54]
[0, 10, 16, 49, 8, 43, 50, 18, 51, 54]
[0, 10, 40, 16, 42, 49, 8, 43, 52, 51]
[0, 16, 49, 8, 43, 50, 52, 18, 51, 54]
[0, 10, 40, 42, 43, 50, 9, 18, 51, 54]
[0, 40, 42, 43, 50, 52, 9, 18, 51, 54]
[0, 10, 40, 42, 49, 43, 50, 52, 18, 51]
[10, 14, 40, 7, 16, 8, 50, 9, 18, 54]
[10, 14, 7, 16, 8, 50, 52, 9, 18, 54]
[10, 14, 7, 16, 8, 43, 50, 18, 51, 54]
[10, 14, 40, 7, 16, 42, 49, 8, 52, 54]
[10, 14, 40, 7, 42, 49, 50, 52, 18, 54]
[10, 40, 16, 8, 43, 50, 9, 18, 51, 54]
[10, 16, 8, 43, 50, 52, 9, 18, 51, 54]
[10, 40, 16, 42, 49, 8, 43, 52, 51, 54]
[10, 40, 42, 49, 43, 50, 52, 18, 51, 54]
[0, 10, 14, 40, 7, 16, 8, 50, 9, 18, 54]
[0, 14, 40, 7, 16, 8, 50, 52, 9, 18, 54]
[0, 10, 14, 40, 7, 16, 49, 8, 50, 52, 18]
[0, 10, 14, 7, 16, 8, 43, 50, 18, 51, 54]
[0, 10, 14, 40, 7, 16, 42, 8, 43, 52, 51]
[0, 14, 7, 16, 8, 43, 50, 52, 18, 51, 54]
[0, 10, 14, 40, 7, 42, 43, 50, 52, 18, 51]
[0, 10, 40, 16, 8, 43, 50, 9, 18, 51, 54]
[0, 40, 16, 8, 43, 50, 52, 9, 18, 51, 54]
[0, 10, 40, 16, 49, 8, 43, 50, 52, 18, 51]
[10, 14, 40, 7, 16, 49, 8, 50, 52, 18, 54]
[10, 14, 40, 7, 16, 42, 8, 43, 52, 51, 54]
[10, 14, 40, 7, 42, 43, 50, 52, 18, 51, 54]
[10, 40, 16, 49, 8, 43, 50, 52, 18, 51, 54]
[0, 10, 14, 7, 16, 42, 49, 8, 43, 52, 9, 51]
[0, 14, 40, 7, 16, 42, 49, 8, 43, 52, 9, 51]
[0, 10, 14, 40, 7, 16, 8, 43, 50, 52, 18, 51]
[0, 10, 14, 7, 42, 49, 43, 50, 52, 9, 18, 51]
[0, 14, 40, 7, 42, 49, 43, 50, 52, 9, 18, 51]
[10, 14, 40, 7, 16, 42, 49, 8, 43, 9, 51, 54]
[10, 14, 7, 16, 42, 49, 8, 43, 52, 9, 51, 54]
[10, 14, 40, 7, 16, 8, 43, 50, 52, 18, 51, 54]
[10, 14, 40, 7, 42, 49, 43, 50, 9, 18, 51, 54]
[10, 14, 7, 42, 49, 43, 50, 52, 9, 18, 51, 54]
[0, 10, 14, 7, 16, 49, 8, 43, 50, 52, 9, 18, 51]
[0, 10, 14, 40, 7, 16, 42, 49, 8, 43, 9, 51, 54]
[0, 14, 40, 7, 16, 49, 8, 43, 50, 52, 9, 18, 51]
[0, 14, 40, 7, 16, 42, 49, 8, 43, 52, 9, 51, 54]
[0, 10, 14, 40, 7, 42, 49, 43, 50, 9, 18, 51, 54]
[0, 14, 40, 7, 42, 49, 43, 50, 52, 9, 18, 51, 54]
[10, 14, 40, 7, 16, 49, 8, 43, 50, 9, 18, 51, 54]
[10, 14, 7, 16, 49, 8, 43, 50, 52, 9, 18, 51, 54]
[0, 10, 14, 40, 7, 16, 49, 8, 43, 50, 9, 18, 51, 54]
[0, 14, 40, 7, 16, 49, 8, 43, 50, 52, 9, 18, 51, 54]
