[[0, 1, 4, 5, 7], [2, 4], [3, 5], [6, 7]]
[10, 42, 43, 53]
[13, 14, 43, 53]
[10, 38, 43, 18, 53]
[10, 42, 49, 39, 53]
[13, 14, 49, 39, 53]
[10, 49, 38, 18, 39, 53]
[10, 34, 35, 42, 52, 53]
[14, 16, 17, 18, 44, 53]
[34, 14, 50, 18, 51, 53]
[35, 40, 17, 18, 44, 53]
[35, 37, 17, 39, 51, 53]
[40, 49, 17, 44, 53, 54]
[34, 40, 43, 18, 53, 54]
[10, 34, 14, 16, 37, 39, 53]
[10, 35, 16, 17, 50, 18, 53]
[10, 34, 35, 38, 52, 18, 53]
[13, 14, 42, 38, 43, 18, 53]
[13, 34, 16, 37, 42, 39, 53]
[14, 16, 42, 17, 38, 44, 53]
[14, 16, 42, 44, 51, 53, 54]
[34, 14, 42, 38, 50, 51, 53]
[14, 35, 42, 43, 50, 44, 53]
[16, 37, 49, 38, 50, 51, 53]
[40, 16, 42, 43, 50, 44, 53]
[40, 16, 49, 50, 52, 44, 53]
[37, 17, 43, 18, 51, 53, 54]
[34, 37, 49, 17, 38, 44, 53]
[34, 40, 42, 17, 43, 51, 53]
[35, 37, 42, 17, 52, 51, 53]
[35, 37, 49, 17, 43, 51, 53]
[35, 40, 42, 17, 38, 44, 53]
[40, 17, 43, 39, 44, 53, 54]
[34, 40, 49, 18, 39, 53, 54]
[34, 37, 49, 44, 51, 53, 54]
[34, 40, 42, 38, 43, 53, 54]
[10, 34, 14, 16, 37, 49, 43, 53]
[10, 14, 35, 16, 37, 49, 52, 53]
[10, 35, 16, 42, 17, 38, 50, 53]
[10, 40, 37, 49, 38, 44, 51, 53]
[13, 14, 35, 16, 17, 38, 50, 53]
[13, 14, 42, 49, 38, 18, 39, 53]
[13, 34, 16, 37, 38, 18, 39, 53]
[13, 34, 16, 37, 42, 49, 43, 53]
[13, 34, 40, 16, 38, 44, 51, 53]
[14, 40, 16, 37, 17, 39, 51, 53]
[14, 16, 38, 18, 44, 51, 53, 54]
[14, 40, 16, 37, 38, 39, 53, 54]
[14, 35, 38, 43, 50, 18, 44, 53]
[34, 14, 35, 49, 50, 51, 53, 54]
[34, 14, 40, 37, 50, 39, 44, 53]
[34, 14, 38, 50, 52, 39, 51, 53]
[14, 35, 42, 49, 50, 39, 44, 53]
[34, 35, 40, 16, 50, 18, 51, 53]
[16, 37, 42, 49, 50, 18, 51, 53]
[16, 37, 43, 50, 52, 18, 51, 53]
[40, 16, 38, 43, 50, 18, 44, 53]
[34, 35, 16, 37, 50, 39, 44, 53]
[35, 16, 37, 42, 50, 51, 53, 54]
[16, 37, 38, 43, 50, 39, 51, 53]
[40, 16, 42, 49, 50, 39, 44, 53]
[40, 16, 43, 50, 52, 39, 44, 53]
[34, 37, 42, 49, 17, 18, 44, 53]
[34, 40, 17, 38, 43, 18, 51, 53]
[35, 37, 17, 38, 52, 18, 51, 53]
[37, 49, 17, 18, 39, 51, 53, 54]
[34, 37, 17, 38, 43, 39, 44, 53]
[34, 40, 42, 49, 17, 39, 51, 53]
[35, 40, 17, 38, 52, 39, 44, 53]
[37, 42, 17, 38, 43, 51, 53, 54]
[34, 37, 43, 39, 44, 51, 53, 54]
[34, 40, 42, 49, 38, 39, 53, 54]
[10, 34, 14, 40, 16, 18, 44, 51, 53]
[10, 14, 35, 16, 37, 43, 52, 39, 53]
[10, 14, 37, 17, 38, 50, 52, 39, 53]
[10, 34, 16, 17, 43, 50, 52, 18, 53]
[10, 40, 37, 42, 49, 18, 44, 51, 53]
[10, 34, 35, 42, 49, 43, 52, 39, 53]
[10, 40, 37, 38, 43, 39, 44, 51, 53]
[13, 14, 35, 16, 42, 17, 50, 18, 53]
[13, 14, 40, 37, 49, 18, 44, 51, 53]
[13, 34, 16, 37, 49, 38, 43, 18, 53]
[13, 34, 40, 16, 42, 18, 44, 51, 53]
[13, 34, 35, 37, 49, 17, 50, 18, 53]
[14, 16, 49, 17, 43, 18, 39, 44, 53]
[34, 14, 35, 16, 42, 17, 43, 51, 53]
[34, 14, 35, 16, 49, 17, 52, 51, 53]
[34, 14, 16, 17, 38, 39, 51, 53, 54]
[14, 40, 16, 37, 49, 17, 43, 51, 53]
[14, 40, 16, 37, 42, 18, 39, 53, 54]
[14, 40, 16, 37, 49, 38, 43, 53, 54]
[14, 35, 40, 37, 49, 17, 50, 53, 54]
[34, 14, 42, 50, 52, 18, 39, 51, 53]
[34, 14, 49, 43, 50, 18, 39, 51, 53]
[14, 35, 49, 38, 50, 18, 39, 44, 53]
[34, 14, 35, 43, 50, 39, 51, 53, 54]
[34, 14, 40, 37, 42, 50, 52, 44, 53]
[34, 14, 40, 37, 49, 43, 50, 44, 53]
[34, 14, 49, 38, 43, 50, 52, 51, 53]
[14, 35, 40, 37, 49, 38, 50, 51, 53]
[34, 35, 40, 16, 42, 17, 50, 53, 54]
[35, 16, 37, 38, 50, 18, 51, 53, 54]
[16, 37, 42, 43, 50, 18, 39, 51, 53]
[16, 37, 49, 50, 52, 18, 39, 51, 53]
[40, 16, 49, 38, 50, 18, 39, 44, 53]
[34, 35, 16, 37, 49, 43, 50, 44, 53]
[34, 35, 40, 16, 42, 38, 50, 51, 53]
[35, 40, 16, 38, 50, 39, 44, 53, 54]
[16, 37, 42, 38, 43, 50, 52, 51, 53]
[34, 37, 42, 17, 43, 18, 39, 44, 53]
[34, 40, 49, 17, 38, 18, 39, 51, 53]
[35, 37, 42, 17, 38, 18, 39, 51, 53]
[35, 40, 42, 17, 52, 18, 39, 44, 53]
[35, 40, 49, 17, 43, 18, 39, 44, 53]
[40, 42, 49, 17, 38, 18, 44, 53, 54]
[35, 40, 49, 17, 38, 43, 52, 44, 53]
[37, 42, 49, 17, 38, 39, 51, 53, 54]
[10, 34, 14, 16, 37, 42, 38, 18, 39, 53]
[10, 34, 14, 40, 16, 42, 38, 44, 51, 53]
[10, 14, 37, 42, 17, 50, 52, 18, 39, 53]
[10, 34, 14, 35, 37, 49, 17, 38, 50, 53]
[10, 14, 37, 49, 17, 38, 43, 50, 52, 53]
[10, 14, 40, 42, 17, 50, 52, 44, 51, 53]
[10, 34, 16, 49, 17, 50, 52, 18, 39, 53]
[10, 35, 16, 49, 17, 43, 50, 18, 39, 53]
[10, 34, 16, 42, 17, 38, 43, 50, 52, 53]
[10, 34, 35, 49, 38, 43, 52, 18, 39, 53]
[10, 40, 37, 42, 43, 18, 39, 44, 51, 53]
[13, 14, 40, 37, 43, 18, 39, 44, 51, 53]
[13, 14, 40, 37, 42, 49, 38, 44, 51, 53]
[13, 34, 35, 37, 17, 43, 50, 18, 39, 53]
[13, 34, 35, 37, 42, 49, 17, 38, 50, 53]
[13, 34, 35, 40, 17, 43, 50, 44, 51, 53]
[34, 14, 35, 16, 17, 38, 43, 18, 51, 53]
[34, 14, 16, 42, 17, 18, 39, 51, 53, 54]
[34, 14, 35, 16, 42, 49, 17, 39, 51, 53]
[34, 14, 35, 16, 17, 43, 52, 39, 51, 53]
[34, 14, 40, 16, 37, 42, 17, 44, 53, 54]
[34, 14, 16, 49, 17, 38, 43, 51, 53, 54]
[14, 16, 42, 49, 17, 38, 43, 39, 44, 53]
[14, 40, 16, 37, 42, 49, 43, 18, 53, 54]
[14, 16, 42, 49, 43, 39, 44, 51, 53, 54]
[14, 35, 17, 43, 50, 18, 44, 51, 53, 54]
[14, 35, 40, 37, 17, 43, 50, 39, 53, 54]
[34, 14, 40, 37, 38, 50, 52, 18, 44, 53]
[34, 14, 42, 49, 43, 50, 52, 18, 51, 53]
[14, 35, 40, 37, 42, 49, 50, 18, 51, 53]
[34, 14, 42, 49, 38, 43, 50, 39, 51, 53]
[14, 35, 40, 37, 38, 43, 50, 39, 51, 53]
[34, 35, 40, 16, 17, 38, 50, 18, 53, 54]
[35, 40, 16, 42, 50, 18, 39, 44, 53, 54]
[40, 16, 42, 49, 38, 50, 52, 18, 44, 53]
[35, 40, 16, 49, 38, 43, 50, 44, 53, 54]
[16, 37, 42, 49, 38, 50, 52, 39, 51, 53]
[35, 37, 42, 49, 17, 38, 43, 18, 51, 53]
[35, 40, 42, 49, 17, 43, 52, 18, 44, 53]
[40, 42, 17, 38, 43, 18, 39, 44, 53, 54]
[35, 37, 42, 49, 17, 43, 52, 39, 51, 53]
[35, 40, 42, 49, 17, 38, 43, 39, 44, 53]
[34, 37, 42, 49, 38, 18, 44, 51, 53, 54]
[10, 34, 14, 16, 37, 42, 49, 38, 43, 18, 53]
[10, 14, 35, 16, 37, 42, 49, 38, 52, 18, 53]
[10, 14, 35, 40, 16, 43, 52, 18, 44, 51, 53]
[10, 34, 14, 35, 37, 42, 49, 17, 50, 18, 53]
[10, 14, 37, 42, 49, 17, 43, 50, 52, 18, 53]
[10, 14, 40, 17, 38, 50, 52, 18, 44, 51, 53]
[10, 34, 14, 35, 37, 17, 38, 43, 50, 39, 53]
[10, 34, 16, 42, 49, 17, 38, 50, 52, 39, 53]
[10, 35, 40, 16, 37, 17, 50, 39, 44, 51, 53]
[10, 35, 16, 42, 49, 17, 38, 43, 50, 39, 53]
[10, 34, 35, 40, 37, 38, 52, 39, 44, 51, 53]
[13, 14, 35, 16, 49, 17, 38, 43, 50, 39, 53]
[13, 14, 40, 37, 42, 38, 43, 39, 44, 51, 53]
[13, 34, 40, 16, 49, 38, 43, 39, 44, 51, 53]
[13, 34, 35, 37, 42, 17, 38, 43, 50, 39, 53]
[13, 34, 35, 40, 49, 17, 50, 39, 44, 51, 53]
[34, 14, 35, 16, 49, 17, 38, 18, 39, 51, 53]
[34, 14, 40, 16, 37, 17, 38, 18, 44, 53, 54]
[34, 14, 16, 42, 49, 17, 43, 18, 51, 53, 54]
[14, 40, 16, 37, 42, 17, 38, 18, 39, 51, 53]
[34, 14, 35, 40, 16, 37, 49, 17, 38, 44, 53]
[14, 16, 49, 38, 43, 18, 39, 44, 51, 53, 54]
[14, 35, 49, 17, 50, 18, 39, 44, 51, 53, 54]
[14, 35, 42, 17, 38, 43, 50, 44, 51, 53, 54]
[34, 14, 35, 40, 37, 43, 50, 18, 44, 53, 54]
[34, 14, 35, 42, 49, 38, 50, 18, 51, 53, 54]
[34, 14, 40, 37, 42, 38, 50, 18, 39, 44, 53]
[14, 35, 40, 37, 42, 43, 50, 18, 39, 51, 53]
[34, 35, 16, 37, 42, 38, 50, 18, 39, 44, 53]
[34, 35, 40, 16, 49, 43, 50, 18, 39, 51, 53]
[35, 40, 16, 42, 49, 43, 50, 18, 44, 53, 54]
[40, 16, 42, 38, 43, 50, 52, 18, 39, 44, 53]
[35, 16, 37, 42, 49, 43, 50, 39, 51, 53, 54]
[35, 37, 49, 17, 38, 43, 52, 18, 39, 51, 53]
[34, 37, 42, 38, 43, 18, 39, 44, 51, 53, 54]
[10, 34, 14, 40, 16, 49, 43, 18, 39, 44, 51, 53]
[10, 14, 35, 16, 37, 42, 38, 43, 52, 18, 39, 53]
[10, 14, 35, 40, 16, 49, 52, 18, 39, 44, 51, 53]
[10, 14, 35, 40, 16, 42, 38, 43, 52, 44, 51, 53]
[10, 34, 14, 35, 37, 42, 17, 43, 50, 18, 39, 53]
[10, 34, 14, 35, 40, 42, 17, 43, 50, 44, 51, 53]
[10, 34, 40, 16, 37, 49, 17, 50, 52, 44, 51, 53]
[10, 35, 40, 16, 37, 49, 17, 43, 50, 44, 51, 53]
[10, 34, 35, 40, 37, 42, 52, 18, 39, 44, 51, 53]
[10, 34, 35, 40, 37, 49, 38, 43, 52, 44, 51, 53]
[13, 14, 35, 16, 42, 49, 17, 43, 50, 18, 39, 53]
[13, 34, 40, 16, 42, 49, 43, 18, 39, 44, 51, 53]
[34, 14, 35, 40, 16, 37, 42, 49, 17, 18, 44, 53]
[34, 14, 35, 40, 16, 37, 17, 43, 52, 18, 44, 53]
[34, 14, 35, 16, 42, 49, 17, 38, 52, 18, 51, 53]
[14, 40, 16, 37, 42, 49, 17, 38, 43, 18, 51, 53]
[34, 14, 35, 40, 16, 37, 17, 38, 43, 39, 44, 53]
[14, 35, 40, 37, 42, 49, 17, 38, 50, 18, 53, 54]
[14, 35, 42, 49, 17, 38, 50, 39, 44, 51, 53, 54]
[34, 14, 35, 40, 37, 49, 50, 18, 39, 44, 53, 54]
[34, 14, 35, 42, 38, 43, 50, 18, 39, 51, 53, 54]
[34, 14, 40, 37, 42, 49, 38, 43, 50, 18, 44, 53]
[34, 14, 35, 40, 37, 42, 38, 43, 50, 44, 53, 54]
[34, 14, 40, 37, 42, 49, 43, 50, 52, 39, 44, 53]
[34, 35, 16, 37, 17, 38, 50, 39, 44, 51, 53, 54]
[34, 35, 40, 16, 42, 49, 17, 43, 50, 39, 53, 54]
[34, 35, 16, 37, 42, 49, 38, 43, 50, 18, 44, 53]
[35, 16, 37, 49, 38, 43, 50, 18, 39, 51, 53, 54]
[34, 35, 40, 16, 42, 49, 38, 43, 50, 39, 51, 53]
[10, 34, 14, 40, 16, 42, 49, 38, 43, 39, 44, 51, 53]
[10, 14, 35, 40, 16, 42, 49, 38, 52, 39, 44, 51, 53]
[10, 34, 14, 35, 40, 17, 38, 43, 50, 18, 44, 51, 53]
[10, 34, 14, 35, 40, 42, 49, 17, 50, 39, 44, 51, 53]
[10, 14, 40, 42, 49, 17, 43, 50, 52, 39, 44, 51, 53]
[10, 34, 40, 16, 37, 17, 43, 50, 52, 39, 44, 51, 53]
[10, 34, 35, 40, 37, 42, 49, 43, 52, 18, 44, 51, 53]
[13, 14, 35, 40, 16, 37, 42, 17, 50, 39, 44, 51, 53]
[13, 34, 35, 40, 42, 17, 38, 43, 50, 18, 44, 51, 53]
[34, 14, 35, 40, 16, 37, 42, 17, 43, 18, 39, 44, 53]
[34, 14, 35, 40, 16, 37, 49, 17, 52, 18, 39, 44, 53]
[34, 14, 35, 16, 42, 17, 38, 43, 52, 18, 39, 51, 53]
[34, 14, 35, 40, 16, 37, 42, 17, 38, 43, 52, 44, 53]
[34, 14, 40, 16, 37, 42, 49, 17, 43, 39, 44, 53, 54]
[14, 35, 40, 37, 42, 17, 38, 43, 50, 18, 39, 53, 54]
[34, 14, 40, 37, 49, 38, 43, 50, 52, 18, 39, 44, 53]
[34, 14, 35, 40, 37, 42, 49, 38, 50, 39, 44, 53, 54]
[34, 35, 16, 37, 42, 17, 50, 18, 39, 44, 51, 53, 54]
[34, 35, 40, 16, 49, 17, 38, 43, 50, 18, 39, 53, 54]
[34, 35, 16, 37, 49, 17, 38, 43, 50, 44, 51, 53, 54]
[10, 34, 14, 35, 40, 49, 17, 38, 50, 18, 39, 44, 51, 53]
[10, 14, 40, 49, 17, 38, 43, 50, 52, 18, 39, 44, 51, 53]
[10, 35, 40, 16, 37, 42, 17, 38, 50, 18, 39, 44, 51, 53]
[13, 14, 35, 40, 16, 37, 17, 38, 50, 18, 39, 44, 51, 53]
[13, 14, 35, 40, 16, 37, 42, 49, 17, 43, 50, 44, 51, 53]
[13, 34, 35, 40, 42, 49, 17, 38, 50, 18, 39, 44, 51, 53]
[34, 14, 40, 16, 37, 49, 17, 38, 43, 18, 39, 44, 53, 54]
[34, 14, 35, 40, 16, 37, 42, 49, 17, 38, 52, 39, 44, 53]
[34, 35, 16, 37, 42, 49, 17, 43, 50, 18, 44, 51, 53, 54]
[10, 34, 40, 16, 37, 42, 49, 17, 38, 50, 52, 18, 44, 51, 53]
[10, 35, 40, 16, 37, 42, 49, 17, 38, 43, 50, 18, 44, 51, 53]
[13, 14, 35, 40, 16, 37, 49, 17, 38, 43, 50, 18, 44, 51, 53]
[10, 34, 40, 16, 37, 42, 17, 38, 43, 50, 52, 18, 39, 44, 51, 53]
