[[2, 5], [3, 5], [4, 5], [6, 7]]
[10, 5, 7, 17, 52, 51, 53]
[10, 5, 14, 40, 17, 52, 51, 53]
[10, 5, 14, 16, 8, 17, 52, 51, 53]
[10, 5, 14, 42, 17, 52, 9, 51, 53]
[0, 1, 10, 5, 7, 17, 50, 18, 51, 53]
[10, 5, 40, 7, 16, 8, 17, 52, 51, 53]
[10, 5, 40, 7, 42, 17, 52, 9, 51, 53]
[10, 5, 7, 42, 17, 43, 52, 18, 51, 53]
[10, 5, 7, 49, 17, 43, 52, 44, 51, 53]
[10, 5, 14, 17, 43, 52, 9, 18, 51, 53]
[0, 1, 10, 5, 7, 42, 17, 43, 50, 51, 53]
[0, 1, 10, 5, 14, 17, 43, 50, 9, 51, 53]
[0, 1, 10, 5, 14, 40, 17, 50, 18, 51, 53]
[10, 5, 7, 16, 42, 8, 17, 52, 9, 51, 53]
[10, 5, 40, 7, 17, 43, 52, 9, 18, 51, 53]
[10, 5, 7, 42, 49, 17, 52, 18, 44, 51, 53]
[10, 5, 14, 49, 17, 52, 9, 18, 44, 51, 53]
[10, 5, 14, 40, 42, 17, 43, 52, 18, 51, 53]
[10, 5, 14, 40, 49, 17, 43, 52, 44, 51, 53]
[0, 1, 10, 5, 40, 7, 17, 43, 50, 9, 51, 53]
[0, 1, 10, 5, 7, 42, 49, 17, 50, 44, 51, 53]
[0, 1, 10, 5, 14, 16, 8, 17, 50, 18, 51, 53]
[0, 1, 10, 5, 14, 42, 17, 50, 9, 18, 51, 53]
[0, 1, 10, 5, 14, 49, 17, 50, 9, 44, 51, 53]
[0, 1, 10, 5, 14, 40, 42, 17, 43, 50, 51, 53]
[10, 5, 7, 16, 8, 17, 43, 52, 9, 18, 51, 53]
[10, 5, 40, 7, 49, 17, 52, 9, 18, 44, 51, 53]
[10, 5, 14, 40, 16, 42, 8, 17, 52, 9, 51, 53]
[10, 5, 14, 16, 42, 8, 17, 43, 52, 18, 51, 53]
[10, 5, 14, 16, 49, 8, 17, 43, 52, 44, 51, 53]
[10, 5, 14, 42, 49, 17, 43, 52, 9, 44, 51, 53]
[10, 5, 14, 40, 42, 49, 17, 52, 18, 44, 51, 53]
[0, 1, 10, 5, 7, 16, 8, 17, 43, 50, 9, 51, 53]
[0, 1, 10, 5, 40, 7, 16, 8, 17, 50, 18, 51, 53]
[0, 1, 10, 5, 40, 7, 42, 17, 50, 9, 18, 51, 53]
[0, 1, 10, 5, 40, 7, 49, 17, 50, 9, 44, 51, 53]
[0, 1, 10, 5, 7, 49, 17, 43, 50, 18, 44, 51, 53]
[0, 1, 10, 5, 14, 16, 42, 8, 17, 43, 50, 51, 53]
[0, 1, 10, 5, 14, 40, 42, 49, 17, 50, 44, 51, 53]
[10, 5, 7, 16, 49, 8, 17, 52, 9, 18, 44, 51, 53]
[10, 5, 40, 7, 16, 42, 8, 17, 43, 52, 18, 51, 53]
[10, 5, 40, 7, 16, 49, 8, 17, 43, 52, 44, 51, 53]
[10, 5, 40, 7, 42, 49, 17, 43, 52, 9, 44, 51, 53]
[10, 5, 14, 40, 16, 8, 17, 43, 52, 9, 18, 51, 53]
[10, 5, 14, 16, 42, 49, 8, 17, 52, 18, 44, 51, 53]
[0, 1, 10, 5, 7, 16, 42, 8, 17, 50, 9, 18, 51, 53]
[0, 1, 10, 5, 7, 16, 49, 8, 17, 50, 9, 44, 51, 53]
[0, 1, 10, 5, 40, 7, 16, 42, 8, 17, 43, 50, 51, 53]
[0, 1, 10, 5, 14, 40, 16, 8, 17, 43, 50, 9, 51, 53]
[0, 1, 10, 5, 14, 16, 42, 49, 8, 17, 50, 44, 51, 53]
[0, 1, 10, 5, 14, 40, 49, 17, 43, 50, 18, 44, 51, 53]
[10, 5, 7, 16, 42, 49, 8, 17, 43, 52, 9, 44, 51, 53]
[10, 5, 40, 7, 16, 42, 49, 8, 17, 52, 18, 44, 51, 53]
[10, 5, 14, 40, 16, 49, 8, 17, 52, 9, 18, 44, 51, 53]
[0, 1, 10, 5, 40, 7, 16, 42, 49, 8, 17, 50, 44, 51, 53]
[0, 1, 10, 5, 14, 40, 16, 42, 8, 17, 50, 9, 18, 51, 53]
[0, 1, 10, 5, 14, 40, 16, 49, 8, 17, 50, 9, 44, 51, 53]
[0, 1, 10, 5, 14, 16, 49, 8, 17, 43, 50, 18, 44, 51, 53]
[0, 1, 10, 5, 14, 42, 49, 17, 43, 50, 9, 18, 44, 51, 53]
[10, 5, 14, 40, 16, 42, 49, 8, 17, 43, 52, 9, 44, 51, 53]
[0, 1, 10, 5, 40, 7, 16, 49, 8, 17, 43, 50, 18, 44, 51, 53]
[0, 1, 10, 5, 40, 7, 42, 49, 17, 43, 50, 9, 18, 44, 51, 53]
[0, 1, 10, 5, 7, 16, 42, 49, 8, 17, 43, 50, 9, 18, 44, 51, 53]
[0, 1, 10, 5, 14, 40, 16, 42, 49, 8, 17, 43, 50, 9, 18, 44, 51, 53]
