[[0, 1, 4, 5, 7], [2, 4], [3, 5], [6, 7]]
[14, 35, 38, 53]
[14, 35, 42, 18, 53]
[14, 16, 17, 43, 50, 53]
[40, 16, 50, 18, 44, 53]
[16, 37, 50, 39, 51, 53]
[14, 16, 49, 17, 50, 39, 53]
[34, 14, 42, 43, 50, 51, 53]
[14, 35, 49, 38, 43, 39, 53]
[34, 35, 16, 37, 49, 18, 53]
[16, 37, 49, 43, 50, 51, 53]
[40, 16, 42, 38, 50, 44, 53]
[34, 37, 42, 17, 50, 39, 53]
[35, 37, 49, 17, 38, 51, 53]
[35, 40, 42, 17, 43, 44, 53]
[34, 14, 35, 16, 17, 18, 51, 53]
[34, 14, 38, 43, 50, 18, 51, 53]
[14, 35, 42, 49, 43, 18, 39, 53]
[34, 14, 42, 49, 50, 39, 51, 53]
[34, 35, 16, 37, 43, 18, 39, 53]
[34, 35, 16, 37, 42, 49, 38, 53]
[34, 35, 40, 16, 43, 44, 51, 53]
[34, 37, 17, 38, 50, 18, 39, 53]
[35, 37, 42, 49, 17, 18, 51, 53]
[35, 40, 17, 38, 43, 18, 44, 53]
[34, 37, 42, 49, 17, 43, 50, 53]
[34, 40, 17, 38, 50, 44, 51, 53]
[35, 37, 17, 38, 43, 39, 51, 53]
[35, 40, 42, 49, 17, 39, 44, 53]
[14, 16, 42, 17, 38, 43, 50, 18, 53]
[34, 14, 35, 16, 42, 17, 38, 51, 53]
[34, 14, 49, 38, 50, 18, 39, 51, 53]
[34, 14, 40, 37, 49, 38, 50, 44, 53]
[14, 35, 40, 37, 42, 39, 44, 51, 53]
[16, 37, 42, 38, 50, 18, 39, 51, 53]
[40, 16, 49, 43, 50, 18, 39, 44, 53]
[34, 35, 16, 37, 42, 38, 43, 39, 53]
[34, 35, 40, 16, 49, 39, 44, 51, 53]
[34, 37, 49, 17, 38, 43, 50, 18, 53]
[34, 40, 42, 17, 50, 18, 44, 51, 53]
[35, 37, 42, 17, 43, 18, 39, 51, 53]
[35, 40, 49, 17, 38, 18, 39, 44, 53]
[14, 16, 42, 49, 17, 38, 50, 18, 39, 53]
[34, 14, 35, 40, 16, 37, 17, 39, 44, 53]
[34, 14, 40, 37, 42, 49, 50, 18, 44, 53]
[14, 35, 40, 37, 38, 18, 39, 44, 51, 53]
[34, 14, 40, 37, 38, 43, 50, 39, 44, 53]
[14, 35, 40, 37, 42, 49, 43, 44, 51, 53]
[16, 37, 42, 49, 38, 43, 50, 18, 51, 53]
[40, 16, 42, 49, 38, 43, 50, 39, 44, 53]
[34, 14, 35, 16, 49, 17, 43, 18, 39, 51, 53]
[14, 40, 16, 37, 49, 17, 50, 18, 44, 51, 53]
[34, 14, 35, 40, 16, 37, 49, 17, 43, 44, 53]
[34, 14, 40, 37, 42, 43, 50, 18, 39, 44, 53]
[14, 35, 40, 37, 49, 38, 43, 18, 44, 51, 53]
[34, 35, 40, 16, 42, 38, 43, 18, 44, 51, 53]
[34, 40, 49, 17, 38, 43, 50, 39, 44, 51, 53]
[14, 40, 16, 37, 17, 43, 50, 18, 39, 44, 51, 53]
[34, 14, 35, 16, 42, 49, 17, 38, 43, 39, 51, 53]
[14, 40, 16, 37, 42, 49, 17, 38, 50, 44, 51, 53]
[34, 35, 40, 16, 42, 49, 38, 18, 39, 44, 51, 53]
[34, 40, 42, 49, 17, 43, 50, 18, 39, 44, 51, 53]
[34, 14, 35, 40, 16, 37, 42, 17, 38, 18, 39, 44, 53]
[14, 40, 16, 37, 42, 17, 38, 43, 50, 39, 44, 51, 53]
[34, 14, 35, 40, 16, 37, 42, 49, 17, 38, 43, 18, 44, 53]
