[[2, 7], [3, 5], [4, 7], [6, 7]]
[0, 10, 5, 8, 50, 51, 54]
[0, 10, 5, 16, 18, 51, 54]
[0, 7, 8, 50, 52, 44, 54]
[0, 7, 16, 52, 18, 44, 54]
[0, 10, 5, 42, 8, 18, 51, 54]
[0, 10, 5, 49, 8, 43, 50, 54]
[0, 10, 5, 16, 49, 43, 18, 54]
[0, 10, 5, 16, 42, 50, 51, 54]
[0, 7, 42, 8, 52, 18, 44, 54]
[0, 7, 16, 42, 50, 52, 44, 54]
[0, 14, 49, 8, 50, 52, 44, 54]
[0, 14, 16, 49, 52, 18, 44, 54]
[0, 10, 5, 7, 8, 50, 9, 51, 54]
[0, 10, 5, 14, 7, 8, 43, 50, 54]
[0, 10, 5, 40, 7, 8, 43, 50, 54]
[0, 10, 5, 7, 16, 9, 18, 51, 54]
[0, 10, 5, 14, 7, 16, 43, 18, 54]
[0, 10, 5, 40, 7, 16, 43, 18, 54]
[0, 10, 5, 14, 8, 43, 50, 9, 54]
[0, 10, 5, 40, 8, 43, 50, 9, 54]
[0, 10, 5, 14, 40, 8, 50, 51, 54]
[0, 10, 5, 42, 49, 8, 43, 18, 54]
[0, 10, 5, 14, 16, 43, 9, 18, 54]
[0, 10, 5, 40, 16, 43, 9, 18, 54]
[0, 10, 5, 14, 40, 16, 18, 51, 54]
[0, 10, 5, 16, 42, 49, 43, 50, 54]
[0, 7, 8, 50, 52, 9, 44, 51, 54]
[0, 40, 7, 8, 43, 50, 52, 44, 54]
[0, 7, 16, 52, 9, 18, 44, 51, 54]
[0, 40, 7, 16, 43, 52, 18, 44, 54]
[0, 14, 40, 8, 50, 52, 9, 44, 54]
[0, 14, 8, 43, 50, 52, 9, 44, 54]
[0, 14, 42, 49, 8, 52, 18, 44, 54]
[0, 14, 40, 8, 50, 52, 44, 51, 54]
[0, 14, 8, 43, 50, 52, 44, 51, 54]
[0, 14, 40, 16, 52, 9, 18, 44, 54]
[0, 14, 16, 43, 52, 9, 18, 44, 54]
[0, 14, 40, 16, 52, 18, 44, 51, 54]
[0, 14, 16, 43, 52, 18, 44, 51, 54]
[0, 14, 16, 42, 49, 50, 52, 44, 54]
[0, 10, 5, 7, 42, 8, 9, 18, 51, 54]
[0, 10, 5, 7, 49, 8, 43, 50, 9, 54]
[0, 10, 5, 14, 7, 42, 8, 43, 18, 54]
[0, 10, 5, 14, 7, 49, 8, 50, 51, 54]
[0, 10, 5, 40, 7, 42, 8, 43, 18, 54]
[0, 10, 5, 40, 7, 8, 50, 52, 44, 54]
[0, 10, 5, 40, 7, 49, 8, 50, 51, 54]
[0, 10, 5, 7, 16, 49, 43, 9, 18, 54]
[0, 10, 5, 7, 16, 42, 50, 9, 51, 54]
[0, 10, 5, 14, 7, 16, 49, 18, 51, 54]
[0, 10, 5, 14, 7, 16, 42, 43, 50, 54]
[0, 10, 5, 40, 7, 16, 52, 18, 44, 54]
[0, 10, 5, 40, 7, 16, 49, 18, 51, 54]
[0, 10, 5, 40, 7, 16, 42, 43, 50, 54]
[0, 10, 5, 14, 42, 8, 43, 9, 18, 54]
[0, 10, 5, 14, 8, 50, 52, 9, 44, 54]
[0, 10, 5, 14, 49, 8, 50, 9, 51, 54]
[0, 10, 5, 40, 42, 8, 43, 9, 18, 54]
[0, 10, 5, 40, 49, 8, 50, 9, 51, 54]
[0, 10, 5, 8, 43, 50, 52, 9, 44, 54]
[0, 10, 5, 14, 40, 42, 8, 18, 51, 54]
[0, 10, 5, 14, 40, 49, 8, 43, 50, 54]
[0, 10, 5, 40, 8, 50, 52, 44, 51, 54]
[0, 10, 5, 14, 16, 52, 9, 18, 44, 54]
[0, 10, 5, 14, 16, 49, 9, 18, 51, 54]
[0, 10, 5, 14, 16, 42, 43, 50, 9, 54]
[0, 10, 5, 40, 16, 49, 9, 18, 51, 54]
[0, 10, 5, 16, 43, 52, 9, 18, 44, 54]
[0, 10, 5, 40, 16, 42, 43, 50, 9, 54]
[0, 10, 5, 14, 40, 16, 49, 43, 18, 54]
[0, 10, 5, 14, 40, 16, 42, 50, 51, 54]
[0, 10, 5, 40, 16, 52, 18, 44, 51, 54]
[0, 7, 42, 8, 52, 9, 18, 44, 51, 54]
[0, 40, 7, 49, 8, 50, 52, 9, 44, 54]
[0, 7, 49, 8, 43, 50, 52, 9, 44, 54]
[0, 40, 7, 42, 8, 43, 52, 18, 44, 54]
[0, 40, 7, 49, 8, 50, 52, 44, 51, 54]
[0, 7, 49, 8, 43, 50, 52, 44, 51, 54]
[0, 40, 7, 16, 49, 52, 9, 18, 44, 54]
[0, 7, 16, 49, 43, 52, 9, 18, 44, 54]
[0, 7, 16, 42, 50, 52, 9, 44, 51, 54]
[0, 40, 7, 16, 49, 52, 18, 44, 51, 54]
[0, 7, 16, 49, 43, 52, 18, 44, 51, 54]
[0, 40, 7, 16, 42, 43, 50, 52, 44, 54]
[0, 14, 40, 42, 8, 52, 9, 18, 44, 54]
[0, 14, 42, 8, 43, 52, 9, 18, 44, 54]
[0, 14, 49, 8, 50, 52, 9, 44, 51, 54]
[0, 14, 40, 42, 8, 52, 18, 44, 51, 54]
[0, 14, 42, 8, 43, 52, 18, 44, 51, 54]
[0, 14, 40, 49, 8, 43, 50, 52, 44, 54]
[0, 14, 16, 49, 52, 9, 18, 44, 51, 54]
[0, 14, 40, 16, 42, 50, 52, 9, 44, 54]
[0, 14, 16, 42, 43, 50, 52, 9, 44, 54]
[0, 14, 40, 16, 49, 43, 52, 18, 44, 54]
[0, 14, 40, 16, 42, 50, 52, 44, 51, 54]
[0, 14, 16, 42, 43, 50, 52, 44, 51, 54]
[0, 10, 5, 14, 40, 7, 8, 50, 9, 51, 54]
[0, 10, 5, 7, 42, 49, 8, 43, 9, 18, 54]
[0, 10, 5, 7, 49, 8, 50, 52, 9, 44, 54]
[0, 10, 5, 14, 7, 42, 49, 8, 18, 51, 54]
[0, 10, 5, 40, 7, 42, 8, 52, 18, 44, 54]
[0, 10, 5, 40, 7, 42, 49, 8, 18, 51, 54]
[0, 10, 5, 14, 40, 7, 16, 9, 18, 51, 54]
[0, 10, 5, 7, 16, 49, 52, 9, 18, 44, 54]
[0, 10, 5, 7, 16, 42, 49, 43, 50, 9, 54]
[0, 10, 5, 14, 7, 16, 42, 49, 50, 51, 54]
[0, 10, 5, 40, 7, 16, 42, 50, 52, 44, 54]
[0, 10, 5, 40, 7, 16, 42, 49, 50, 51, 54]
[0, 10, 5, 14, 42, 8, 52, 9, 18, 44, 54]
[0, 10, 5, 14, 42, 49, 8, 9, 18, 51, 54]
[0, 10, 5, 40, 42, 49, 8, 9, 18, 51, 54]
[0, 10, 5, 42, 8, 43, 52, 9, 18, 44, 54]
[0, 10, 5, 49, 8, 50, 52, 9, 44, 51, 54]
[0, 10, 5, 14, 40, 42, 49, 8, 43, 18, 54]
[0, 10, 5, 14, 40, 49, 8, 50, 52, 44, 54]
[0, 10, 5, 40, 42, 8, 52, 18, 44, 51, 54]
[0, 10, 5, 40, 49, 8, 43, 50, 52, 44, 54]
[0, 10, 5, 14, 16, 42, 50, 52, 9, 44, 54]
[0, 10, 5, 14, 16, 42, 49, 50, 9, 51, 54]
[0, 10, 5, 16, 49, 52, 9, 18, 44, 51, 54]
[0, 10, 5, 40, 16, 42, 49, 50, 9, 51, 54]
[0, 10, 5, 16, 42, 43, 50, 52, 9, 44, 54]
[0, 10, 5, 14, 40, 16, 49, 52, 18, 44, 54]
[0, 10, 5, 14, 40, 16, 42, 49, 43, 50, 54]
[0, 10, 5, 40, 16, 49, 43, 52, 18, 44, 54]
[0, 10, 5, 40, 16, 42, 50, 52, 44, 51, 54]
[0, 40, 7, 42, 49, 8, 52, 9, 18, 44, 54]
[0, 7, 42, 49, 8, 43, 52, 9, 18, 44, 54]
[0, 40, 7, 8, 43, 50, 52, 9, 44, 51, 54]
[0, 40, 7, 42, 49, 8, 52, 18, 44, 51, 54]
[0, 7, 42, 49, 8, 43, 52, 18, 44, 51, 54]
[0, 40, 7, 16, 43, 52, 9, 18, 44, 51, 54]
[0, 40, 7, 16, 42, 49, 50, 52, 9, 44, 54]
[0, 7, 16, 42, 49, 43, 50, 52, 9, 44, 54]
[0, 40, 7, 16, 42, 49, 50, 52, 44, 51, 54]
[0, 7, 16, 42, 49, 43, 50, 52, 44, 51, 54]
[0, 14, 42, 49, 8, 52, 9, 18, 44, 51, 54]
[0, 14, 40, 42, 49, 8, 43, 52, 18, 44, 54]
[0, 14, 16, 42, 49, 50, 52, 9, 44, 51, 54]
[0, 14, 40, 16, 42, 49, 43, 50, 52, 44, 54]
[0, 10, 5, 14, 40, 7, 42, 8, 9, 18, 51, 54]
[0, 10, 5, 14, 40, 7, 49, 8, 43, 50, 9, 54]
[0, 10, 5, 14, 7, 8, 50, 52, 9, 44, 51, 54]
[0, 10, 5, 7, 42, 49, 8, 52, 9, 18, 44, 54]
[0, 10, 5, 7, 8, 43, 50, 52, 9, 44, 51, 54]
[0, 10, 5, 14, 40, 7, 8, 43, 50, 52, 44, 54]
[0, 10, 5, 14, 40, 7, 16, 49, 43, 9, 18, 54]
[0, 10, 5, 14, 7, 16, 52, 9, 18, 44, 51, 54]
[0, 10, 5, 14, 40, 7, 16, 42, 50, 9, 51, 54]
[0, 10, 5, 7, 16, 43, 52, 9, 18, 44, 51, 54]
[0, 10, 5, 7, 16, 42, 49, 50, 52, 9, 44, 54]
[0, 10, 5, 14, 40, 7, 16, 43, 52, 18, 44, 54]
[0, 10, 5, 42, 49, 8, 52, 9, 18, 44, 51, 54]
[0, 10, 5, 14, 40, 42, 49, 8, 52, 18, 44, 54]
[0, 10, 5, 14, 40, 8, 43, 50, 52, 44, 51, 54]
[0, 10, 5, 40, 42, 49, 8, 43, 52, 18, 44, 54]
[0, 10, 5, 16, 42, 49, 50, 52, 9, 44, 51, 54]
[0, 10, 5, 14, 40, 16, 43, 52, 18, 44, 51, 54]
[0, 10, 5, 14, 40, 16, 42, 49, 50, 52, 44, 54]
[0, 10, 5, 40, 16, 42, 49, 43, 50, 52, 44, 54]
[0, 40, 7, 42, 8, 43, 52, 9, 18, 44, 51, 54]
[0, 40, 7, 16, 42, 43, 50, 52, 9, 44, 51, 54]
[0, 14, 40, 49, 8, 43, 50, 52, 9, 44, 51, 54]
[0, 14, 40, 16, 49, 43, 52, 9, 18, 44, 51, 54]
[0, 10, 5, 14, 40, 7, 42, 49, 8, 43, 9, 18, 54]
[0, 10, 5, 14, 7, 42, 8, 52, 9, 18, 44, 51, 54]
[0, 10, 5, 14, 7, 49, 8, 43, 50, 52, 9, 44, 54]
[0, 10, 5, 7, 42, 8, 43, 52, 9, 18, 44, 51, 54]
[0, 10, 5, 14, 40, 7, 42, 8, 43, 52, 18, 44, 54]
[0, 10, 5, 14, 40, 7, 49, 8, 50, 52, 44, 51, 54]
[0, 10, 5, 40, 7, 49, 8, 43, 50, 52, 44, 51, 54]
[0, 10, 5, 14, 7, 16, 49, 43, 52, 9, 18, 44, 54]
[0, 10, 5, 14, 40, 7, 16, 42, 49, 43, 50, 9, 54]
[0, 10, 5, 14, 7, 16, 42, 50, 52, 9, 44, 51, 54]
[0, 10, 5, 7, 16, 42, 43, 50, 52, 9, 44, 51, 54]
[0, 10, 5, 14, 40, 7, 16, 49, 52, 18, 44, 51, 54]
[0, 10, 5, 14, 40, 7, 16, 42, 43, 50, 52, 44, 54]
[0, 10, 5, 40, 7, 16, 49, 43, 52, 18, 44, 51, 54]
[0, 10, 5, 14, 49, 8, 43, 50, 52, 9, 44, 51, 54]
[0, 10, 5, 14, 40, 42, 8, 43, 52, 18, 44, 51, 54]
[0, 10, 5, 14, 16, 49, 43, 52, 9, 18, 44, 51, 54]
[0, 10, 5, 14, 40, 16, 42, 43, 50, 52, 44, 51, 54]
[0, 14, 40, 42, 49, 8, 43, 52, 9, 18, 44, 51, 54]
[0, 14, 40, 16, 42, 49, 43, 50, 52, 9, 44, 51, 54]
[0, 10, 5, 14, 7, 42, 49, 8, 43, 52, 9, 18, 44, 54]
[0, 10, 5, 14, 40, 7, 42, 49, 8, 52, 18, 44, 51, 54]
[0, 10, 5, 40, 7, 42, 49, 8, 43, 52, 18, 44, 51, 54]
[0, 10, 5, 14, 7, 16, 42, 49, 43, 50, 52, 9, 44, 54]
[0, 10, 5, 14, 40, 7, 16, 42, 49, 50, 52, 44, 51, 54]
[0, 10, 5, 40, 7, 16, 42, 49, 43, 50, 52, 44, 51, 54]
[0, 10, 5, 14, 42, 49, 8, 43, 52, 9, 18, 44, 51, 54]
[0, 10, 5, 14, 16, 42, 49, 43, 50, 52, 9, 44, 51, 54]
