[[2, 5], [3, 5], [4, 5], [6, 7]]
[1, 5, 42, 17, 50, 52]
[1, 7, 8, 50, 52, 9]
[1, 7, 16, 42, 50, 52]
[1, 14, 42, 8, 50, 52]
[1, 14, 16, 50, 52, 9]
[0, 7, 16, 17, 50, 52, 18]
[0, 14, 8, 17, 50, 52, 18]
[1, 5, 40, 17, 50, 52, 9]
[1, 5, 17, 43, 50, 52, 18]
[1, 40, 7, 42, 8, 50, 52]
[1, 40, 7, 16, 50, 52, 9]
[1, 7, 16, 17, 50, 52, 18]
[1, 7, 16, 43, 50, 52, 18]
[1, 14, 40, 8, 50, 52, 9]
[1, 10, 8, 17, 43, 50, 53]
[1, 14, 8, 17, 50, 52, 18]
[1, 14, 8, 43, 50, 52, 18]
[1, 14, 40, 16, 42, 50, 52]
[0, 1, 7, 8, 43, 50, 52, 53]
[0, 1, 14, 16, 43, 50, 52, 53]
[0, 7, 8, 17, 43, 50, 52, 9]
[0, 40, 7, 8, 17, 50, 52, 18]
[0, 7, 16, 42, 17, 43, 50, 52]
[0, 14, 42, 8, 17, 43, 50, 52]
[0, 14, 16, 17, 43, 50, 52, 9]
[0, 14, 40, 16, 17, 50, 52, 18]
[1, 5, 14, 7, 17, 50, 52, 9]
[1, 5, 16, 8, 17, 50, 52, 9]
[1, 5, 49, 17, 50, 52, 18, 44]
[1, 7, 8, 17, 43, 50, 52, 9]
[1, 40, 7, 8, 17, 50, 52, 18]
[1, 40, 7, 8, 43, 50, 52, 18]
[1, 7, 16, 42, 17, 43, 50, 52]
[1, 7, 16, 49, 50, 52, 18, 44]
[1, 10, 42, 8, 17, 50, 18, 53]
[1, 10, 49, 8, 17, 50, 44, 53]
[1, 14, 42, 8, 17, 43, 50, 52]
[1, 14, 49, 8, 50, 52, 18, 44]
[1, 10, 16, 17, 50, 9, 18, 53]
[1, 14, 16, 17, 43, 50, 52, 9]
[1, 10, 40, 16, 17, 43, 50, 53]
[1, 14, 40, 16, 17, 50, 52, 18]
[1, 14, 40, 16, 43, 50, 52, 18]
[0, 1, 7, 42, 8, 50, 52, 18, 53]
[0, 1, 7, 49, 8, 50, 52, 44, 53]
[0, 1, 7, 16, 50, 52, 9, 18, 53]
[0, 1, 40, 7, 16, 43, 50, 52, 53]
[0, 1, 14, 8, 50, 52, 9, 18, 53]
[0, 1, 14, 40, 8, 43, 50, 52, 53]
[0, 1, 14, 16, 42, 50, 52, 18, 53]
[0, 1, 14, 16, 49, 50, 52, 44, 53]
[0, 7, 42, 8, 17, 50, 52, 9, 18]
[0, 7, 49, 8, 17, 50, 52, 9, 44]
[0, 40, 7, 42, 8, 17, 43, 50, 52]
[0, 40, 7, 16, 17, 43, 50, 52, 9]
[0, 7, 16, 42, 49, 17, 50, 52, 44]
[0, 14, 40, 8, 17, 43, 50, 52, 9]
[0, 14, 42, 49, 8, 17, 50, 52, 44]
[0, 14, 16, 42, 17, 50, 52, 9, 18]
[0, 14, 16, 49, 17, 50, 52, 9, 44]
[0, 14, 40, 16, 42, 17, 43, 50, 52]
[1, 5, 14, 40, 7, 42, 17, 50, 52]
[1, 5, 40, 16, 42, 8, 17, 50, 52]
[1, 5, 42, 49, 17, 43, 50, 52, 44]
[1, 7, 42, 8, 17, 50, 52, 9, 18]
[1, 7, 49, 8, 17, 50, 52, 9, 44]
[1, 7, 42, 8, 43, 50, 52, 9, 18]
[1, 7, 49, 8, 43, 50, 52, 9, 44]
[1, 40, 7, 42, 8, 17, 43, 50, 52]
[1, 40, 7, 49, 8, 50, 52, 18, 44]
[1, 40, 7, 16, 17, 43, 50, 52, 9]
[1, 10, 14, 7, 16, 17, 43, 50, 53]
[1, 7, 16, 42, 49, 17, 50, 52, 44]
[1, 7, 16, 42, 49, 43, 50, 52, 44]
[1, 10, 40, 8, 17, 50, 9, 18, 53]
[1, 14, 40, 8, 17, 43, 50, 52, 9]
[1, 14, 42, 49, 8, 17, 50, 52, 44]
[1, 14, 42, 49, 8, 43, 50, 52, 44]
[1, 10, 16, 42, 17, 43, 50, 9, 53]
[1, 14, 16, 42, 17, 50, 52, 9, 18]
[1, 14, 16, 49, 17, 50, 52, 9, 44]
[1, 14, 16, 42, 43, 50, 52, 9, 18]
[1, 14, 16, 49, 43, 50, 52, 9, 44]
[1, 10, 40, 16, 42, 17, 50, 18, 53]
[1, 10, 40, 16, 49, 17, 50, 44, 53]
[1, 14, 40, 16, 42, 17, 43, 50, 52]
[1, 14, 40, 16, 49, 50, 52, 18, 44]
[0, 1, 40, 7, 8, 50, 52, 9, 18, 53]
[0, 1, 7, 16, 42, 43, 50, 52, 9, 53]
[0, 1, 40, 7, 16, 42, 50, 52, 18, 53]
[0, 1, 40, 7, 16, 49, 50, 52, 44, 53]
[0, 1, 14, 42, 8, 43, 50, 52, 9, 53]
[0, 1, 14, 40, 42, 8, 50, 52, 18, 53]
[0, 1, 14, 40, 49, 8, 50, 52, 44, 53]
[0, 1, 14, 40, 16, 50, 52, 9, 18, 53]
[0, 40, 7, 42, 49, 8, 17, 50, 52, 44]
[0, 40, 7, 16, 42, 17, 50, 52, 9, 18]
[0, 40, 7, 16, 49, 17, 50, 52, 9, 44]
[0, 7, 16, 49, 17, 43, 50, 52, 18, 44]
[0, 14, 40, 42, 8, 17, 50, 52, 9, 18]
[0, 14, 40, 49, 8, 17, 50, 52, 9, 44]
[0, 14, 49, 8, 17, 43, 50, 52, 18, 44]
[0, 14, 40, 16, 42, 49, 17, 50, 52, 44]
[1, 5, 14, 7, 16, 42, 8, 17, 50, 52]
[1, 5, 14, 40, 7, 17, 43, 50, 52, 18]
[1, 5, 40, 16, 8, 17, 43, 50, 52, 18]
[1, 5, 40, 42, 17, 43, 50, 52, 9, 18]
[1, 5, 40, 49, 17, 43, 50, 52, 9, 44]
[1, 10, 14, 7, 8, 17, 50, 9, 18, 53]
[1, 7, 42, 49, 8, 50, 52, 9, 18, 44]
[1, 10, 14, 40, 7, 8, 17, 43, 50, 53]
[1, 40, 7, 42, 49, 8, 17, 50, 52, 44]
[1, 40, 7, 42, 49, 8, 43, 50, 52, 44]
[1, 40, 7, 16, 42, 17, 50, 52, 9, 18]
[1, 40, 7, 16, 49, 17, 50, 52, 9, 44]
[1, 40, 7, 16, 42, 43, 50, 52, 9, 18]
[1, 40, 7, 16, 49, 43, 50, 52, 9, 44]
[1, 10, 14, 7, 16, 42, 17, 50, 18, 53]
[1, 10, 14, 7, 16, 49, 17, 50, 44, 53]
[1, 7, 16, 49, 17, 43, 50, 52, 18, 44]
[1, 10, 40, 42, 8, 17, 43, 50, 9, 53]
[1, 14, 40, 42, 8, 17, 50, 52, 9, 18]
[1, 14, 40, 49, 8, 17, 50, 52, 9, 44]
[1, 14, 40, 42, 8, 43, 50, 52, 9, 18]
[1, 14, 40, 49, 8, 43, 50, 52, 9, 44]
[1, 14, 49, 8, 17, 43, 50, 52, 18, 44]
[1, 10, 16, 42, 49, 17, 50, 9, 44, 53]
[1, 14, 16, 42, 49, 50, 52, 9, 18, 44]
[1, 14, 40, 16, 42, 49, 17, 50, 52, 44]
[1, 14, 40, 16, 42, 49, 43, 50, 52, 44]
[0, 1, 40, 7, 42, 8, 43, 50, 52, 9, 53]
[0, 1, 7, 16, 42, 49, 50, 52, 9, 44, 53]
[0, 1, 14, 42, 49, 8, 50, 52, 9, 44, 53]
[0, 1, 14, 40, 16, 42, 43, 50, 52, 9, 53]
[0, 40, 7, 49, 8, 17, 43, 50, 52, 18, 44]
[0, 14, 40, 16, 49, 17, 43, 50, 52, 18, 44]
[1, 5, 14, 40, 7, 16, 8, 17, 50, 52, 9]
[1, 5, 14, 7, 16, 8, 17, 43, 50, 52, 18]
[1, 5, 14, 7, 42, 17, 43, 50, 52, 9, 18]
[1, 5, 14, 7, 49, 17, 43, 50, 52, 9, 44]
[1, 5, 14, 40, 7, 49, 17, 50, 52, 18, 44]
[1, 5, 16, 42, 8, 17, 43, 50, 52, 9, 18]
[1, 5, 16, 49, 8, 17, 43, 50, 52, 9, 44]
[1, 5, 40, 16, 49, 8, 17, 50, 52, 18, 44]
[1, 5, 40, 42, 49, 17, 50, 52, 9, 18, 44]
[1, 10, 14, 7, 42, 8, 17, 43, 50, 9, 53]
[1, 10, 14, 40, 7, 42, 8, 17, 50, 18, 53]
[1, 10, 14, 40, 7, 49, 8, 17, 50, 44, 53]
[1, 40, 7, 49, 8, 17, 43, 50, 52, 18, 44]
[1, 10, 14, 40, 7, 16, 17, 50, 9, 18, 53]
[1, 40, 7, 16, 42, 49, 50, 52, 9, 18, 44]
[1, 10, 40, 42, 49, 8, 17, 50, 9, 44, 53]
[1, 14, 40, 42, 49, 8, 50, 52, 9, 18, 44]
[1, 10, 42, 49, 8, 17, 43, 50, 18, 44, 53]
[1, 10, 16, 49, 17, 43, 50, 9, 18, 44, 53]
[1, 14, 40, 16, 49, 17, 43, 50, 52, 18, 44]
[0, 1, 40, 7, 42, 49, 8, 50, 52, 9, 44, 53]
[0, 1, 7, 42, 49, 8, 43, 50, 52, 18, 44, 53]
[0, 1, 7, 16, 49, 43, 50, 52, 9, 18, 44, 53]
[0, 1, 14, 49, 8, 43, 50, 52, 9, 18, 44, 53]
[0, 1, 14, 40, 16, 42, 49, 50, 52, 9, 44, 53]
[0, 1, 14, 16, 42, 49, 43, 50, 52, 18, 44, 53]
[0, 7, 42, 49, 8, 17, 43, 50, 52, 9, 18, 44]
[0, 14, 16, 42, 49, 17, 43, 50, 52, 9, 18, 44]
[1, 5, 14, 7, 16, 49, 8, 17, 50, 52, 18, 44]
[1, 5, 14, 7, 42, 49, 17, 50, 52, 9, 18, 44]
[1, 5, 14, 40, 7, 42, 49, 17, 43, 50, 52, 44]
[1, 5, 16, 42, 49, 8, 17, 50, 52, 9, 18, 44]
[1, 5, 40, 16, 42, 49, 8, 17, 43, 50, 52, 44]
[1, 10, 14, 7, 42, 49, 8, 17, 50, 9, 44, 53]
[1, 7, 42, 49, 8, 17, 43, 50, 52, 9, 18, 44]
[1, 10, 14, 40, 7, 16, 42, 17, 43, 50, 9, 53]
[1, 10, 40, 49, 8, 17, 43, 50, 9, 18, 44, 53]
[1, 14, 16, 42, 49, 17, 43, 50, 52, 9, 18, 44]
[1, 10, 40, 16, 42, 49, 17, 43, 50, 18, 44, 53]
[0, 1, 40, 7, 49, 8, 43, 50, 52, 9, 18, 44, 53]
[0, 1, 40, 7, 16, 42, 49, 43, 50, 52, 18, 44, 53]
[0, 1, 14, 40, 42, 49, 8, 43, 50, 52, 18, 44, 53]
[0, 1, 14, 40, 16, 49, 43, 50, 52, 9, 18, 44, 53]
[0, 40, 7, 16, 42, 49, 17, 43, 50, 52, 9, 18, 44]
[0, 14, 40, 42, 49, 8, 17, 43, 50, 52, 9, 18, 44]
[1, 5, 14, 7, 16, 42, 49, 8, 17, 43, 50, 52, 44]
[1, 10, 14, 7, 49, 8, 17, 43, 50, 9, 18, 44, 53]
[1, 10, 14, 40, 7, 16, 42, 49, 17, 50, 9, 44, 53]
[1, 40, 7, 16, 42, 49, 17, 43, 50, 52, 9, 18, 44]
[1, 10, 14, 7, 16, 42, 49, 17, 43, 50, 18, 44, 53]
[1, 14, 40, 42, 49, 8, 17, 43, 50, 52, 9, 18, 44]
[1, 5, 14, 40, 7, 16, 42, 8, 17, 43, 50, 52, 9, 18]
[1, 5, 14, 40, 7, 16, 49, 8, 17, 43, 50, 52, 9, 44]
[1, 10, 14, 40, 7, 42, 49, 8, 17, 43, 50, 18, 44, 53]
[1, 10, 14, 40, 7, 16, 49, 17, 43, 50, 9, 18, 44, 53]
[1, 5, 14, 40, 7, 16, 42, 49, 8, 17, 50, 52, 9, 18, 44]
