[[2, 5], [3, 5], [4, 5], [6, 7]]
[10, 5, 43, 50, 9, 54]
[10, 5, 40, 50, 18, 54]
[10, 5, 14, 7, 50, 18, 54]
[10, 5, 16, 8, 50, 18, 54]
[10, 5, 42, 50, 9, 18, 54]
[10, 5, 49, 50, 9, 44, 54]
[10, 5, 40, 42, 43, 50, 54]
[0, 1, 10, 5, 50, 52, 18, 54]
[10, 5, 14, 7, 42, 43, 50, 54]
[10, 5, 16, 42, 8, 43, 50, 54]
[10, 5, 40, 42, 49, 50, 44, 54]
[0, 1, 10, 5, 42, 43, 50, 52, 54]
[10, 5, 14, 40, 7, 43, 50, 9, 54]
[10, 5, 14, 7, 42, 49, 50, 44, 54]
[10, 5, 40, 16, 8, 43, 50, 9, 54]
[10, 5, 16, 42, 49, 8, 50, 44, 54]
[10, 5, 40, 49, 43, 50, 18, 44, 54]
[0, 1, 10, 5, 40, 43, 50, 52, 9, 54]
[0, 1, 10, 5, 42, 49, 50, 52, 44, 54]
[10, 5, 14, 7, 16, 8, 43, 50, 9, 54]
[10, 5, 14, 40, 7, 16, 8, 50, 18, 54]
[10, 5, 14, 40, 7, 42, 50, 9, 18, 54]
[10, 5, 14, 40, 7, 49, 50, 9, 44, 54]
[10, 5, 14, 7, 49, 43, 50, 18, 44, 54]
[10, 5, 40, 16, 42, 8, 50, 9, 18, 54]
[10, 5, 40, 16, 49, 8, 50, 9, 44, 54]
[10, 5, 16, 49, 8, 43, 50, 18, 44, 54]
[10, 5, 42, 49, 43, 50, 9, 18, 44, 54]
[0, 1, 10, 5, 14, 7, 43, 50, 52, 9, 54]
[0, 1, 10, 5, 14, 40, 7, 50, 52, 18, 54]
[0, 1, 10, 5, 16, 8, 43, 50, 52, 9, 54]
[0, 1, 10, 5, 40, 16, 8, 50, 52, 18, 54]
[0, 1, 10, 5, 40, 42, 50, 52, 9, 18, 54]
[0, 1, 10, 5, 40, 49, 50, 52, 9, 44, 54]
[0, 1, 10, 5, 49, 43, 50, 52, 18, 44, 54]
[10, 5, 14, 7, 16, 42, 8, 50, 9, 18, 54]
[10, 5, 14, 7, 16, 49, 8, 50, 9, 44, 54]
[10, 5, 14, 40, 7, 16, 42, 8, 43, 50, 54]
[0, 1, 10, 5, 14, 7, 16, 8, 50, 52, 18, 54]
[0, 1, 10, 5, 14, 7, 42, 50, 52, 9, 18, 54]
[0, 1, 10, 5, 14, 7, 49, 50, 52, 9, 44, 54]
[0, 1, 10, 5, 14, 40, 7, 42, 43, 50, 52, 54]
[0, 1, 10, 5, 16, 42, 8, 50, 52, 9, 18, 54]
[0, 1, 10, 5, 16, 49, 8, 50, 52, 9, 44, 54]
[0, 1, 10, 5, 40, 16, 42, 8, 43, 50, 52, 54]
[10, 5, 14, 40, 7, 16, 42, 49, 8, 50, 44, 54]
[0, 1, 10, 5, 14, 7, 16, 42, 8, 43, 50, 52, 54]
[0, 1, 10, 5, 14, 40, 7, 42, 49, 50, 52, 44, 54]
[0, 1, 10, 5, 40, 16, 42, 49, 8, 50, 52, 44, 54]
[10, 5, 14, 40, 7, 16, 49, 8, 43, 50, 18, 44, 54]
[10, 5, 14, 40, 7, 42, 49, 43, 50, 9, 18, 44, 54]
[10, 5, 40, 16, 42, 49, 8, 43, 50, 9, 18, 44, 54]
[0, 1, 10, 5, 14, 40, 7, 16, 8, 43, 50, 52, 9, 54]
[0, 1, 10, 5, 14, 7, 16, 42, 49, 8, 50, 52, 44, 54]
[0, 1, 10, 5, 14, 40, 7, 49, 43, 50, 52, 18, 44, 54]
[0, 1, 10, 5, 40, 16, 49, 8, 43, 50, 52, 18, 44, 54]
[0, 1, 10, 5, 40, 42, 49, 43, 50, 52, 9, 18, 44, 54]
[10, 5, 14, 7, 16, 42, 49, 8, 43, 50, 9, 18, 44, 54]
[0, 1, 10, 5, 14, 40, 7, 16, 42, 8, 50, 52, 9, 18, 54]
[0, 1, 10, 5, 14, 40, 7, 16, 49, 8, 50, 52, 9, 44, 54]
[0, 1, 10, 5, 14, 7, 16, 49, 8, 43, 50, 52, 18, 44, 54]
[0, 1, 10, 5, 14, 7, 42, 49, 43, 50, 52, 9, 18, 44, 54]
[0, 1, 10, 5, 16, 42, 49, 8, 43, 50, 52, 9, 18, 44, 54]
[0, 1, 10, 5, 14, 40, 7, 16, 42, 49, 8, 43, 50, 52, 9, 18, 44, 54]
