[[2, 7], [3, 5], [4, 7], [6, 7]]
[0, 1, 5, 8, 17, 44, 53]
[0, 1, 7, 43, 18, 44, 54]
[0, 1, 10, 14, 17, 18, 53]
[0, 1, 14, 18, 44, 51, 54]
[0, 5, 40, 7, 8, 44, 54]
[0, 5, 7, 8, 43, 53, 54]
[0, 5, 14, 8, 9, 44, 54]
[0, 5, 14, 8, 51, 53, 54]
[0, 5, 43, 9, 18, 44, 54]
[0, 5, 40, 18, 44, 51, 54]
[0, 10, 14, 8, 17, 52, 44]
[1, 5, 17, 18, 44, 53, 54]
[1, 8, 17, 43, 52, 53, 54]
[10, 5, 17, 43, 52, 18, 54]
[0, 1, 5, 40, 7, 8, 44, 54]
[0, 1, 5, 14, 8, 9, 44, 54]
[0, 1, 5, 16, 42, 17, 44, 53]
[0, 1, 10, 7, 49, 17, 18, 53]
[0, 1, 7, 49, 18, 44, 51, 54]
[0, 1, 7, 42, 43, 50, 44, 54]
[0, 1, 10, 40, 8, 17, 52, 44]
[0, 1, 10, 14, 42, 17, 50, 53]
[0, 1, 14, 49, 43, 18, 44, 54]
[0, 1, 14, 42, 50, 44, 51, 54]
[0, 5, 7, 49, 8, 9, 44, 54]
[0, 5, 7, 49, 8, 51, 53, 54]
[0, 5, 40, 7, 16, 42, 44, 54]
[0, 5, 7, 16, 42, 43, 53, 54]
[0, 5, 14, 40, 49, 8, 44, 54]
[0, 5, 14, 49, 8, 43, 53, 54]
[0, 5, 14, 16, 42, 9, 44, 54]
[0, 5, 43, 9, 18, 44, 53, 54]
[0, 5, 49, 9, 18, 44, 51, 54]
[0, 5, 42, 43, 50, 9, 44, 54]
[0, 5, 14, 16, 42, 51, 53, 54]
[0, 5, 40, 49, 43, 18, 44, 54]
[0, 5, 40, 18, 44, 51, 53, 54]
[0, 5, 40, 42, 50, 44, 51, 54]
[0, 10, 7, 49, 8, 17, 52, 44]
[0, 10, 14, 16, 42, 17, 52, 44]
[1, 5, 42, 17, 50, 44, 53, 54]
[1, 49, 8, 17, 52, 51, 53, 54]
[1, 16, 42, 17, 43, 52, 53, 54]
[10, 5, 40, 17, 52, 18, 53, 54]
[10, 5, 49, 17, 52, 18, 51, 54]
[10, 5, 42, 17, 43, 50, 52, 54]
[0, 1, 5, 7, 49, 8, 9, 44, 54]
[0, 1, 5, 40, 7, 16, 42, 44, 54]
[0, 1, 10, 5, 14, 8, 17, 53, 54]
[0, 1, 5, 14, 40, 49, 8, 44, 54]
[0, 1, 5, 14, 16, 42, 9, 44, 54]
[0, 1, 10, 5, 17, 43, 52, 18, 54]
[0, 1, 10, 5, 42, 17, 51, 53, 54]
[0, 1, 5, 16, 17, 50, 18, 44, 53]
[0, 1, 7, 16, 8, 43, 50, 44, 54]
[0, 1, 10, 40, 7, 17, 9, 18, 53]
[0, 1, 40, 7, 9, 18, 44, 51, 54]
[0, 1, 10, 7, 17, 43, 18, 51, 53]
[0, 1, 10, 7, 42, 49, 17, 50, 53]
[0, 1, 7, 42, 17, 52, 44, 53, 54]
[0, 1, 7, 42, 49, 50, 44, 51, 54]
[0, 1, 10, 49, 8, 17, 52, 9, 44]
[0, 1, 10, 8, 17, 50, 9, 44, 54]
[0, 1, 10, 14, 16, 8, 17, 50, 53]
[0, 1, 14, 16, 8, 50, 44, 51, 54]
[0, 1, 10, 16, 17, 9, 18, 44, 54]
[0, 1, 14, 40, 43, 9, 18, 44, 54]
[0, 1, 10, 40, 16, 42, 17, 52, 44]
[0, 1, 14, 42, 49, 43, 50, 44, 54]
[0, 1, 17, 43, 52, 18, 44, 53, 54]
[0, 5, 40, 7, 8, 9, 51, 53, 54]
[0, 5, 7, 8, 43, 9, 44, 51, 54]
[0, 5, 14, 7, 9, 18, 44, 51, 54]
[0, 5, 7, 16, 42, 49, 9, 44, 54]
[0, 5, 14, 40, 7, 43, 18, 44, 54]
[0, 5, 40, 7, 16, 50, 18, 44, 54]
[0, 5, 7, 16, 43, 50, 18, 53, 54]
[0, 5, 7, 16, 42, 49, 51, 53, 54]
[0, 5, 14, 40, 8, 43, 9, 53, 54]
[0, 5, 16, 8, 43, 50, 9, 44, 54]
[0, 5, 8, 17, 50, 52, 9, 53, 54]
[0, 5, 14, 40, 8, 43, 44, 51, 54]
[0, 5, 40, 16, 8, 50, 44, 51, 54]
[0, 5, 14, 16, 50, 9, 18, 44, 54]
[0, 5, 16, 17, 52, 9, 18, 53, 54]
[0, 5, 49, 9, 18, 44, 51, 53, 54]
[0, 5, 42, 43, 50, 9, 44, 53, 54]
[0, 5, 42, 49, 50, 9, 44, 51, 54]
[0, 5, 14, 16, 50, 18, 51, 53, 54]
[0, 5, 14, 40, 16, 42, 49, 44, 54]
[0, 5, 14, 16, 42, 49, 43, 53, 54]
[0, 5, 40, 49, 43, 18, 44, 53, 54]
[0, 5, 40, 42, 49, 43, 50, 44, 54]
[0, 5, 40, 42, 50, 44, 51, 53, 54]
[0, 10, 40, 7, 8, 17, 52, 9, 44]
[0, 10, 7, 8, 17, 43, 52, 44, 51]
[0, 10, 7, 16, 42, 49, 17, 52, 44]
[0, 10, 14, 8, 17, 52, 44, 53, 54]
[0, 10, 14, 16, 17, 50, 52, 18, 44]
[1, 5, 16, 8, 17, 50, 44, 53, 54]
[1, 14, 7, 8, 17, 52, 51, 53, 54]
[1, 40, 8, 17, 52, 9, 51, 53, 54]
[1, 16, 17, 43, 50, 52, 18, 53, 54]
[1, 16, 42, 49, 17, 52, 51, 53, 54]
[10, 5, 14, 7, 17, 52, 18, 51, 54]
[10, 5, 16, 8, 17, 43, 50, 52, 54]
[10, 5, 40, 17, 52, 9, 18, 51, 54]
[10, 5, 49, 17, 52, 9, 18, 53, 54]
[10, 5, 40, 42, 17, 50, 52, 53, 54]
[10, 5, 42, 49, 17, 50, 52, 51, 54]
[0, 1, 5, 7, 8, 43, 9, 44, 51, 54]
[0, 1, 10, 5, 7, 49, 8, 17, 53, 54]
[0, 1, 5, 14, 7, 49, 8, 17, 44, 53]
[0, 1, 5, 40, 7, 8, 17, 50, 44, 54]
[0, 1, 5, 7, 16, 42, 49, 9, 44, 54]
[0, 1, 5, 40, 7, 16, 17, 18, 44, 54]
[0, 1, 5, 40, 7, 16, 50, 18, 44, 54]
[0, 1, 5, 14, 8, 17, 50, 9, 44, 54]
[0, 1, 5, 40, 49, 8, 17, 9, 44, 53]
[0, 1, 10, 5, 16, 8, 17, 51, 53, 54]
[0, 1, 5, 14, 40, 8, 43, 44, 51, 54]
[0, 1, 5, 42, 8, 17, 50, 18, 44, 53]
[0, 1, 5, 49, 8, 17, 43, 44, 51, 53]
[0, 1, 5, 14, 16, 17, 9, 18, 44, 54]
[0, 1, 5, 14, 16, 50, 9, 18, 44, 54]
[0, 1, 10, 5, 14, 16, 42, 17, 53, 54]
[0, 1, 10, 5, 49, 17, 52, 18, 51, 54]
[0, 1, 10, 5, 17, 50, 18, 51, 53, 54]
[0, 1, 10, 5, 42, 49, 17, 43, 53, 54]
[0, 1, 10, 5, 42, 17, 43, 50, 52, 54]
[0, 1, 5, 14, 40, 16, 42, 49, 44, 54]
[0, 1, 10, 14, 7, 8, 17, 52, 9, 44]
[0, 1, 10, 7, 16, 49, 8, 17, 50, 53]
[0, 1, 7, 16, 8, 17, 52, 44, 53, 54]
[0, 1, 7, 16, 42, 8, 43, 18, 44, 54]
[0, 1, 7, 16, 49, 8, 50, 44, 51, 54]
[0, 1, 10, 40, 7, 42, 17, 50, 9, 53]
[0, 1, 40, 7, 49, 43, 9, 18, 44, 54]
[0, 1, 40, 7, 42, 50, 9, 44, 51, 54]
[0, 1, 10, 7, 42, 17, 43, 50, 51, 53]
[0, 1, 7, 17, 50, 52, 18, 44, 53, 54]
[0, 1, 10, 42, 8, 17, 9, 18, 44, 54]
[0, 1, 10, 8, 17, 43, 52, 9, 44, 51]
[0, 1, 10, 14, 16, 42, 8, 17, 18, 53]
[0, 1, 10, 40, 49, 8, 17, 50, 44, 54]
[0, 1, 14, 16, 42, 8, 18, 44, 51, 54]
[0, 1, 14, 16, 49, 8, 43, 50, 44, 54]
[0, 1, 10, 14, 40, 49, 17, 9, 18, 53]
[0, 1, 10, 16, 42, 49, 17, 52, 9, 44]
[0, 1, 10, 16, 42, 17, 50, 9, 44, 54]
[0, 1, 14, 40, 49, 9, 18, 44, 51, 54]
[0, 1, 14, 40, 42, 43, 50, 9, 44, 54]
[0, 1, 10, 14, 49, 17, 43, 18, 51, 53]
[0, 1, 10, 40, 16, 49, 17, 18, 44, 54]
[0, 1, 10, 40, 16, 17, 50, 52, 18, 44]
[0, 1, 14, 42, 49, 17, 52, 44, 53, 54]
[0, 1, 49, 17, 52, 18, 44, 51, 53, 54]
[0, 1, 42, 17, 43, 50, 52, 44, 53, 54]
[0, 5, 40, 7, 49, 8, 43, 9, 53, 54]
[0, 5, 40, 7, 42, 8, 50, 18, 44, 54]
[0, 5, 7, 42, 8, 43, 50, 18, 53, 54]
[0, 5, 40, 7, 49, 8, 43, 44, 51, 54]
[0, 5, 14, 7, 49, 43, 9, 18, 44, 54]
[0, 5, 14, 7, 9, 18, 44, 51, 53, 54]
[0, 5, 14, 7, 42, 50, 9, 44, 51, 54]
[0, 5, 7, 16, 49, 50, 9, 18, 44, 54]
[0, 5, 40, 7, 16, 42, 9, 51, 53, 54]
[0, 5, 7, 16, 42, 43, 9, 44, 51, 54]
[0, 5, 14, 40, 7, 43, 18, 44, 53, 54]
[0, 5, 14, 40, 7, 49, 18, 44, 51, 54]
[0, 5, 14, 40, 7, 42, 43, 50, 44, 54]
[0, 5, 7, 16, 49, 50, 18, 51, 53, 54]
[0, 5, 14, 42, 8, 50, 9, 18, 44, 54]
[0, 5, 14, 40, 49, 8, 9, 51, 53, 54]
[0, 5, 14, 49, 8, 43, 9, 44, 51, 54]
[0, 5, 16, 42, 8, 43, 9, 18, 44, 54]
[0, 5, 16, 8, 43, 50, 9, 44, 53, 54]
[0, 5, 16, 49, 8, 50, 9, 44, 51, 54]
[0, 5, 42, 8, 17, 52, 9, 18, 53, 54]
[0, 5, 8, 17, 43, 50, 9, 44, 53, 54]
[0, 5, 14, 42, 8, 50, 18, 51, 53, 54]
[0, 5, 40, 16, 42, 8, 18, 44, 51, 54]
[0, 5, 40, 16, 49, 8, 43, 50, 44, 54]
[0, 5, 40, 16, 8, 50, 44, 51, 53, 54]
[0, 5, 40, 8, 17, 50, 44, 51, 53, 54]
[0, 5, 40, 49, 8, 17, 50, 52, 53, 54]
[0, 5, 14, 40, 16, 42, 43, 9, 53, 54]
[0, 5, 16, 17, 43, 9, 18, 44, 53, 54]
[0, 5, 16, 42, 17, 50, 52, 9, 53, 54]
[0, 5, 42, 49, 50, 9, 44, 51, 53, 54]
[0, 5, 14, 40, 16, 49, 50, 18, 44, 54]
[0, 5, 14, 16, 49, 43, 50, 18, 53, 54]
[0, 5, 14, 40, 16, 42, 43, 44, 51, 54]
[0, 5, 40, 16, 17, 18, 44, 51, 53, 54]
[0, 5, 40, 16, 49, 17, 52, 18, 53, 54]
[0, 5, 40, 42, 49, 43, 50, 44, 53, 54]
[0, 10, 7, 49, 8, 17, 52, 44, 53, 54]
[0, 10, 40, 7, 16, 42, 17, 52, 9, 44]
[0, 10, 7, 16, 49, 17, 50, 52, 18, 44]
[0, 10, 7, 16, 42, 17, 43, 52, 44, 51]
[0, 10, 14, 40, 49, 8, 17, 52, 9, 44]
[0, 10, 14, 42, 8, 17, 50, 52, 18, 44]
[0, 10, 14, 49, 8, 17, 43, 52, 44, 51]
[0, 10, 14, 16, 42, 17, 52, 44, 53, 54]
[1, 5, 14, 7, 49, 17, 18, 44, 53, 54]
[1, 5, 16, 42, 8, 17, 18, 44, 53, 54]
[1, 5, 40, 49, 17, 9, 18, 44, 53, 54]
[1, 5, 49, 17, 43, 18, 44, 51, 53, 54]
[1, 14, 7, 49, 8, 17, 43, 52, 53, 54]
[1, 14, 7, 16, 42, 17, 52, 51, 53, 54]
[1, 40, 49, 8, 17, 43, 52, 9, 53, 54]
[1, 42, 8, 17, 43, 50, 52, 18, 53, 54]
[1, 40, 16, 42, 17, 52, 9, 51, 53, 54]
[1, 16, 49, 17, 50, 52, 18, 51, 53, 54]
[10, 5, 14, 7, 17, 52, 9, 18, 53, 54]
[10, 5, 14, 7, 49, 17, 43, 52, 18, 54]
[10, 5, 14, 7, 42, 17, 50, 52, 51, 54]
[10, 5, 16, 42, 8, 17, 43, 52, 18, 54]
[10, 5, 40, 16, 8, 17, 50, 52, 53, 54]
[10, 5, 16, 49, 8, 17, 50, 52, 51, 54]
[10, 5, 40, 49, 17, 43, 52, 9, 18, 54]
[10, 5, 17, 43, 52, 9, 18, 51, 53, 54]
[10, 5, 40, 42, 17, 50, 52, 9, 51, 54]
[10, 5, 42, 49, 17, 50, 52, 9, 53, 54]
[0, 1, 10, 5, 40, 7, 8, 17, 9, 53, 54]
[0, 1, 5, 14, 40, 7, 8, 17, 9, 44, 53]
[0, 1, 5, 7, 49, 8, 17, 50, 9, 44, 54]
[0, 1, 10, 5, 7, 8, 17, 43, 51, 53, 54]
[0, 1, 5, 14, 7, 8, 17, 43, 44, 51, 53]
[0, 1, 5, 40, 7, 42, 8, 17, 18, 44, 54]
[0, 1, 5, 40, 7, 42, 8, 50, 18, 44, 54]
[0, 1, 5, 40, 7, 49, 8, 43, 44, 51, 54]
[0, 1, 5, 7, 16, 49, 17, 9, 18, 44, 54]
[0, 1, 5, 7, 16, 49, 50, 9, 18, 44, 54]
[0, 1, 5, 7, 16, 42, 43, 9, 44, 51, 54]
[0, 1, 10, 5, 14, 7, 17, 52, 18, 51, 54]
[0, 1, 10, 5, 14, 7, 42, 17, 43, 53, 54]
[0, 1, 10, 5, 7, 16, 42, 49, 17, 53, 54]
[0, 1, 5, 14, 7, 16, 42, 49, 17, 44, 53]
[0, 1, 5, 40, 7, 16, 42, 17, 50, 44, 54]
[0, 1, 5, 14, 42, 8, 17, 9, 18, 44, 54]
[0, 1, 5, 14, 42, 8, 50, 9, 18, 44, 54]
[0, 1, 5, 14, 49, 8, 43, 9, 44, 51, 54]
[0, 1, 5, 40, 8, 17, 43, 9, 44, 51, 53]
[0, 1, 10, 5, 16, 49, 8, 17, 43, 53, 54]
[0, 1, 10, 5, 16, 8, 17, 43, 50, 52, 54]
[0, 1, 5, 14, 40, 49, 8, 17, 50, 44, 54]
[0, 1, 10, 5, 40, 17, 52, 9, 18, 51, 54]
[0, 1, 10, 5, 40, 42, 17, 43, 9, 53, 54]
[0, 1, 5, 14, 16, 42, 17, 50, 9, 44, 54]
[0, 1, 5, 40, 16, 42, 49, 17, 9, 44, 53]
[0, 1, 10, 5, 14, 16, 17, 50, 18, 53, 54]
[0, 1, 10, 5, 49, 17, 43, 50, 18, 53, 54]
[0, 1, 10, 5, 42, 49, 17, 50, 52, 51, 54]
[0, 1, 5, 14, 40, 16, 49, 17, 18, 44, 54]
[0, 1, 5, 14, 40, 16, 49, 50, 18, 44, 54]
[0, 1, 5, 14, 40, 16, 42, 43, 44, 51, 54]
[0, 1, 5, 16, 42, 49, 17, 43, 44, 51, 53]
[0, 1, 10, 40, 7, 16, 8, 17, 50, 9, 53]
[0, 1, 40, 7, 16, 8, 50, 9, 44, 51, 54]
[0, 1, 10, 14, 40, 7, 49, 8, 17, 52, 44]
[0, 1, 10, 14, 40, 7, 8, 17, 50, 44, 54]
[0, 1, 10, 7, 16, 42, 49, 8, 17, 18, 53]
[0, 1, 10, 7, 16, 8, 17, 43, 50, 51, 53]
[0, 1, 7, 16, 42, 49, 8, 18, 44, 51, 54]
[0, 1, 10, 14, 7, 16, 42, 17, 52, 9, 44]
[0, 1, 40, 7, 42, 49, 43, 50, 9, 44, 54]
[0, 1, 10, 14, 40, 7, 16, 17, 18, 44, 54]
[0, 1, 14, 7, 17, 52, 18, 44, 51, 53, 54]
[0, 1, 14, 40, 16, 8, 43, 50, 9, 44, 54]
[0, 1, 10, 40, 42, 49, 8, 17, 18, 44, 54]
[0, 1, 10, 40, 42, 8, 17, 50, 52, 18, 44]
[0, 1, 10, 40, 49, 8, 17, 43, 52, 44, 51]
[0, 1, 10, 40, 8, 17, 43, 50, 44, 51, 54]
[0, 1, 14, 16, 49, 8, 17, 52, 44, 53, 54]
[0, 1, 14, 16, 42, 49, 8, 43, 18, 44, 54]
[0, 1, 16, 8, 17, 43, 50, 52, 44, 53, 54]
[0, 1, 10, 14, 40, 17, 43, 9, 18, 51, 53]
[0, 1, 10, 14, 40, 42, 49, 17, 50, 9, 53]
[0, 1, 10, 16, 49, 17, 50, 52, 9, 18, 44]
[0, 1, 10, 16, 42, 17, 43, 52, 9, 44, 51]
[0, 1, 14, 40, 42, 17, 52, 9, 44, 53, 54]
[0, 1, 14, 40, 42, 49, 50, 9, 44, 51, 54]
[0, 1, 40, 17, 52, 9, 18, 44, 51, 53, 54]
[0, 1, 10, 14, 42, 49, 17, 43, 50, 51, 53]
[0, 1, 10, 40, 16, 17, 43, 18, 44, 51, 54]
[0, 1, 10, 40, 16, 42, 49, 17, 50, 44, 54]
[0, 1, 14, 49, 17, 50, 52, 18, 44, 53, 54]
[0, 1, 14, 42, 17, 43, 52, 44, 51, 53, 54]
[0, 1, 42, 49, 17, 50, 52, 44, 51, 53, 54]
[0, 5, 14, 7, 16, 8, 50, 9, 44, 51, 54]
[0, 5, 7, 42, 49, 8, 50, 9, 18, 44, 54]
[0, 5, 14, 40, 7, 16, 8, 43, 50, 44, 54]
[0, 5, 14, 40, 7, 8, 17, 50, 52, 53, 54]
[0, 5, 7, 42, 49, 8, 50, 18, 51, 53, 54]
[0, 5, 14, 7, 49, 43, 9, 18, 44, 53, 54]
[0, 5, 14, 7, 42, 49, 43, 50, 9, 44, 54]
[0, 5, 14, 7, 42, 50, 9, 44, 51, 53, 54]
[0, 5, 40, 7, 16, 50, 9, 18, 51, 53, 54]
[0, 5, 7, 16, 43, 50, 9, 18, 44, 51, 54]
[0, 5, 40, 7, 16, 42, 49, 43, 9, 53, 54]
[0, 5, 14, 40, 7, 16, 17, 52, 18, 53, 54]
[0, 5, 14, 40, 7, 49, 18, 44, 51, 53, 54]
[0, 5, 14, 40, 7, 42, 43, 50, 44, 53, 54]
[0, 5, 14, 40, 7, 42, 49, 50, 44, 51, 54]
[0, 5, 40, 7, 16, 42, 49, 43, 44, 51, 54]
[0, 5, 16, 42, 8, 43, 9, 18, 44, 53, 54]
[0, 5, 16, 42, 49, 8, 9, 18, 44, 51, 54]
[0, 5, 16, 49, 8, 50, 9, 44, 51, 53, 54]
[0, 5, 42, 8, 17, 43, 9, 18, 44, 53, 54]
[0, 5, 49, 8, 17, 50, 9, 44, 51, 53, 54]
[0, 5, 14, 40, 42, 49, 8, 50, 18, 44, 54]
[0, 5, 14, 42, 49, 8, 43, 50, 18, 53, 54]
[0, 5, 40, 16, 42, 49, 8, 43, 18, 44, 54]
[0, 5, 40, 16, 42, 8, 18, 44, 51, 53, 54]
[0, 5, 40, 16, 49, 8, 43, 50, 44, 53, 54]
[0, 5, 40, 42, 8, 17, 18, 44, 51, 53, 54]
[0, 5, 40, 42, 49, 8, 17, 52, 18, 53, 54]
[0, 5, 40, 49, 8, 17, 43, 50, 44, 53, 54]
[0, 5, 40, 8, 17, 43, 50, 52, 51, 53, 54]
[0, 5, 14, 40, 16, 43, 50, 9, 18, 53, 54]
[0, 5, 14, 40, 16, 42, 49, 9, 51, 53, 54]
[0, 5, 14, 16, 42, 49, 43, 9, 44, 51, 54]
[0, 5, 16, 49, 17, 9, 18, 44, 51, 53, 54]
[0, 5, 16, 42, 17, 43, 50, 9, 44, 53, 54]
[0, 5, 14, 40, 16, 43, 50, 18, 44, 51, 54]
[0, 5, 40, 16, 49, 17, 43, 18, 44, 53, 54]
[0, 5, 40, 16, 17, 43, 52, 18, 51, 53, 54]
[0, 5, 40, 16, 42, 17, 50, 44, 51, 53, 54]
[0, 5, 40, 16, 42, 49, 17, 50, 52, 53, 54]
[0, 10, 40, 7, 8, 17, 52, 9, 44, 53, 54]
[0, 10, 7, 42, 49, 8, 17, 50, 52, 18, 44]
[0, 10, 7, 8, 17, 43, 52, 44, 51, 53, 54]
[0, 10, 40, 7, 16, 17, 50, 52, 9, 18, 44]
[0, 10, 7, 16, 17, 43, 50, 52, 18, 44, 51]
[0, 10, 7, 16, 42, 49, 17, 52, 44, 53, 54]
[0, 10, 14, 40, 8, 17, 43, 52, 9, 44, 51]
[0, 10, 14, 40, 16, 42, 49, 17, 52, 9, 44]
[0, 10, 14, 16, 17, 50, 52, 18, 44, 53, 54]
[0, 10, 14, 16, 42, 49, 17, 43, 52, 44, 51]
[1, 5, 14, 40, 7, 17, 9, 18, 44, 53, 54]
[1, 5, 14, 7, 17, 43, 18, 44, 51, 53, 54]
[1, 5, 14, 7, 42, 49, 17, 50, 44, 53, 54]
[1, 5, 40, 17, 43, 9, 18, 44, 51, 53, 54]
[1, 5, 40, 42, 49, 17, 50, 9, 44, 53, 54]
[1, 5, 42, 49, 17, 43, 50, 44, 51, 53, 54]
[1, 14, 40, 7, 8, 17, 43, 52, 9, 53, 54]
[1, 14, 7, 16, 17, 50, 52, 18, 51, 53, 54]
[1, 14, 7, 16, 42, 49, 17, 43, 52, 53, 54]
[1, 42, 49, 8, 17, 50, 52, 18, 51, 53, 54]
[1, 40, 16, 17, 50, 52, 9, 18, 51, 53, 54]
[1, 40, 16, 42, 49, 17, 43, 52, 9, 53, 54]
[10, 5, 14, 7, 16, 8, 17, 50, 52, 51, 54]
[10, 5, 14, 40, 7, 17, 43, 52, 9, 18, 54]
[10, 5, 14, 7, 42, 17, 50, 52, 9, 53, 54]
[10, 5, 14, 40, 7, 49, 17, 52, 18, 53, 54]
[10, 5, 14, 7, 42, 49, 17, 43, 50, 52, 54]
[10, 5, 40, 16, 8, 17, 50, 52, 9, 51, 54]
[10, 5, 16, 49, 8, 17, 50, 52, 9, 53, 54]
[10, 5, 40, 16, 42, 8, 17, 52, 18, 53, 54]
[10, 5, 16, 42, 49, 8, 17, 52, 18, 51, 54]
[10, 5, 40, 42, 49, 17, 43, 50, 52, 9, 54]
[10, 5, 42, 17, 43, 50, 52, 9, 51, 53, 54]
[10, 5, 40, 49, 17, 43, 52, 18, 51, 53, 54]
[0, 1, 5, 7, 42, 49, 8, 17, 9, 18, 44, 54]
[0, 1, 5, 7, 8, 17, 43, 50, 9, 44, 51, 54]
[0, 1, 5, 7, 42, 49, 8, 50, 9, 18, 44, 54]
[0, 1, 10, 5, 14, 7, 16, 8, 17, 43, 53, 54]
[0, 1, 10, 5, 40, 7, 16, 42, 17, 9, 53, 54]
[0, 1, 5, 14, 40, 7, 16, 42, 17, 9, 44, 53]
[0, 1, 5, 7, 16, 17, 43, 9, 18, 44, 51, 54]
[0, 1, 5, 7, 16, 42, 49, 17, 50, 9, 44, 54]
[0, 1, 5, 7, 16, 43, 50, 9, 18, 44, 51, 54]
[0, 1, 10, 5, 14, 7, 49, 17, 43, 52, 18, 54]
[0, 1, 10, 5, 14, 7, 17, 43, 50, 18, 53, 54]
[0, 1, 10, 5, 14, 7, 42, 49, 17, 51, 53, 54]
[0, 1, 10, 5, 14, 7, 42, 17, 50, 52, 51, 54]
[0, 1, 10, 5, 7, 16, 49, 17, 50, 18, 53, 54]
[0, 1, 10, 5, 7, 16, 42, 17, 43, 51, 53, 54]
[0, 1, 5, 14, 7, 16, 49, 17, 50, 18, 44, 53]
[0, 1, 5, 14, 7, 16, 42, 17, 43, 44, 51, 53]
[0, 1, 5, 40, 7, 16, 42, 49, 43, 44, 51, 54]
[0, 1, 10, 5, 14, 40, 49, 8, 17, 9, 53, 54]
[0, 1, 10, 5, 40, 16, 8, 17, 43, 9, 53, 54]
[0, 1, 10, 5, 14, 42, 8, 17, 50, 18, 53, 54]
[0, 1, 10, 5, 14, 49, 8, 17, 43, 51, 53, 54]
[0, 1, 10, 5, 16, 42, 8, 17, 43, 52, 18, 54]
[0, 1, 10, 5, 16, 49, 8, 17, 50, 52, 51, 54]
[0, 1, 5, 14, 40, 42, 49, 8, 17, 18, 44, 54]
[0, 1, 5, 14, 40, 8, 17, 43, 50, 44, 51, 54]
[0, 1, 5, 14, 40, 42, 49, 8, 50, 18, 44, 54]
[0, 1, 10, 5, 40, 49, 17, 43, 52, 9, 18, 54]
[0, 1, 10, 5, 40, 17, 43, 50, 9, 18, 53, 54]
[0, 1, 10, 5, 40, 42, 49, 17, 9, 51, 53, 54]
[0, 1, 10, 5, 40, 42, 17, 50, 52, 9, 51, 54]
[0, 1, 5, 14, 16, 42, 49, 43, 9, 44, 51, 54]
[0, 1, 5, 40, 16, 49, 17, 50, 9, 18, 44, 53]
[0, 1, 5, 40, 16, 42, 17, 43, 9, 44, 51, 53]
[0, 1, 5, 14, 40, 16, 17, 43, 18, 44, 51, 54]
[0, 1, 5, 14, 40, 16, 42, 49, 17, 50, 44, 54]
[0, 1, 5, 14, 40, 16, 43, 50, 18, 44, 51, 54]
[0, 1, 5, 16, 49, 17, 43, 50, 18, 44, 51, 53]
[0, 1, 10, 14, 7, 49, 8, 17, 50, 9, 44, 54]
[0, 1, 10, 40, 7, 16, 42, 8, 17, 9, 18, 53]
[0, 1, 40, 7, 16, 42, 8, 9, 18, 44, 51, 54]
[0, 1, 40, 7, 16, 49, 8, 43, 50, 9, 44, 54]
[0, 1, 10, 14, 40, 7, 42, 8, 17, 18, 44, 54]
[0, 1, 10, 14, 40, 7, 8, 17, 43, 52, 44, 51]
[0, 1, 10, 7, 16, 42, 8, 17, 43, 18, 51, 53]
[0, 1, 10, 14, 7, 16, 49, 17, 9, 18, 44, 54]
[0, 1, 10, 14, 7, 16, 17, 50, 52, 9, 18, 44]
[0, 1, 10, 40, 7, 49, 17, 43, 9, 18, 51, 53]
[0, 1, 40, 7, 42, 49, 17, 52, 9, 44, 53, 54]
[0, 1, 10, 14, 40, 7, 16, 42, 49, 17, 52, 44]
[0, 1, 10, 14, 40, 7, 16, 42, 17, 50, 44, 54]
[0, 1, 14, 7, 49, 17, 43, 52, 18, 44, 53, 54]
[0, 1, 14, 7, 42, 17, 50, 52, 44, 51, 53, 54]
[0, 1, 7, 42, 49, 17, 43, 52, 44, 51, 53, 54]
[0, 1, 10, 14, 40, 16, 49, 8, 17, 50, 9, 53]
[0, 1, 10, 42, 49, 8, 17, 50, 52, 9, 18, 44]
[0, 1, 10, 49, 8, 17, 43, 50, 9, 44, 51, 54]
[0, 1, 14, 40, 16, 8, 17, 52, 9, 44, 53, 54]
[0, 1, 14, 40, 16, 42, 8, 43, 9, 18, 44, 54]
[0, 1, 14, 40, 16, 49, 8, 50, 9, 44, 51, 54]
[0, 1, 10, 14, 16, 49, 8, 17, 43, 50, 51, 53]
[0, 1, 10, 40, 42, 8, 17, 43, 18, 44, 51, 54]
[0, 1, 14, 16, 8, 17, 43, 52, 44, 51, 53, 54]
[0, 1, 16, 42, 8, 17, 43, 52, 18, 44, 53, 54]
[0, 1, 16, 49, 8, 17, 50, 52, 44, 51, 53, 54]
[0, 1, 10, 14, 40, 42, 17, 43, 50, 9, 51, 53]
[0, 1, 10, 16, 49, 17, 43, 9, 18, 44, 51, 54]
[0, 1, 10, 16, 17, 43, 50, 52, 9, 18, 44, 51]
[0, 1, 14, 40, 17, 50, 52, 9, 18, 44, 53, 54]
[0, 1, 40, 49, 17, 43, 52, 9, 18, 44, 53, 54]
[0, 1, 40, 42, 17, 50, 52, 9, 44, 51, 53, 54]
[0, 1, 10, 40, 16, 42, 49, 17, 43, 52, 44, 51]
[0, 1, 10, 40, 16, 42, 17, 43, 50, 44, 51, 54]
[0, 1, 14, 17, 43, 50, 52, 18, 44, 51, 53, 54]
[0, 5, 14, 7, 16, 42, 8, 9, 18, 44, 51, 54]
[0, 5, 14, 7, 16, 49, 8, 43, 50, 9, 44, 54]
[0, 5, 14, 7, 16, 8, 50, 9, 44, 51, 53, 54]
[0, 5, 14, 7, 8, 17, 50, 9, 44, 51, 53, 54]
[0, 5, 14, 7, 49, 8, 17, 50, 52, 9, 53, 54]
[0, 5, 40, 7, 42, 8, 50, 9, 18, 51, 53, 54]
[0, 5, 7, 42, 8, 43, 50, 9, 18, 44, 51, 54]
[0, 5, 14, 40, 7, 16, 42, 8, 43, 18, 44, 54]
[0, 5, 14, 40, 7, 16, 8, 43, 50, 44, 53, 54]
[0, 5, 14, 40, 7, 16, 49, 8, 50, 44, 51, 54]
[0, 5, 14, 40, 7, 42, 8, 17, 52, 18, 53, 54]
[0, 5, 14, 40, 7, 8, 17, 43, 50, 44, 53, 54]
[0, 5, 14, 7, 16, 17, 9, 18, 44, 51, 53, 54]
[0, 5, 14, 7, 16, 49, 17, 52, 9, 18, 53, 54]
[0, 5, 14, 7, 42, 49, 43, 50, 9, 44, 53, 54]
[0, 5, 40, 7, 16, 49, 43, 50, 9, 18, 53, 54]
[0, 5, 14, 40, 7, 16, 17, 43, 18, 44, 53, 54]
[0, 5, 14, 40, 7, 16, 42, 17, 50, 52, 53, 54]
[0, 5, 14, 40, 7, 42, 49, 50, 44, 51, 53, 54]
[0, 5, 40, 7, 16, 49, 43, 50, 18, 44, 51, 54]
[0, 5, 14, 40, 42, 8, 43, 50, 9, 18, 53, 54]
[0, 5, 16, 42, 49, 8, 9, 18, 44, 51, 53, 54]
[0, 5, 42, 49, 8, 17, 9, 18, 44, 51, 53, 54]
[0, 5, 49, 8, 17, 43, 50, 52, 9, 51, 53, 54]
[0, 5, 14, 40, 42, 8, 43, 50, 18, 44, 51, 54]
[0, 5, 40, 16, 42, 49, 8, 43, 18, 44, 53, 54]
[0, 5, 40, 42, 49, 8, 17, 43, 18, 44, 53, 54]
[0, 5, 40, 42, 8, 17, 43, 52, 18, 51, 53, 54]
[0, 5, 14, 40, 16, 49, 50, 9, 18, 51, 53, 54]
[0, 5, 14, 16, 49, 43, 50, 9, 18, 44, 51, 54]
[0, 5, 16, 49, 17, 43, 52, 9, 18, 51, 53, 54]
[0, 5, 16, 42, 49, 17, 50, 9, 44, 51, 53, 54]
[0, 5, 40, 16, 42, 49, 17, 43, 50, 44, 53, 54]
[0, 5, 40, 16, 42, 17, 43, 50, 52, 51, 53, 54]
[0, 10, 40, 7, 42, 8, 17, 50, 52, 9, 18, 44]
[0, 10, 40, 7, 49, 8, 17, 43, 52, 9, 44, 51]
[0, 10, 7, 42, 8, 17, 43, 50, 52, 18, 44, 51]
[0, 10, 40, 7, 16, 42, 17, 52, 9, 44, 53, 54]
[0, 10, 7, 16, 49, 17, 50, 52, 18, 44, 53, 54]
[0, 10, 7, 16, 42, 17, 43, 52, 44, 51, 53, 54]
[0, 10, 14, 40, 49, 8, 17, 52, 9, 44, 53, 54]
[0, 10, 14, 42, 8, 17, 50, 52, 18, 44, 53, 54]
[0, 10, 14, 49, 8, 17, 43, 52, 44, 51, 53, 54]
[0, 10, 14, 40, 16, 49, 17, 50, 52, 9, 18, 44]
[0, 10, 14, 40, 16, 42, 17, 43, 52, 9, 44, 51]
[0, 10, 14, 16, 49, 17, 43, 50, 52, 18, 44, 51]
[1, 5, 14, 7, 16, 49, 8, 17, 50, 44, 53, 54]
[1, 5, 14, 40, 7, 42, 17, 50, 9, 44, 53, 54]
[1, 5, 14, 7, 42, 17, 43, 50, 44, 51, 53, 54]
[1, 5, 40, 16, 49, 8, 17, 50, 9, 44, 53, 54]
[1, 5, 16, 49, 8, 17, 43, 50, 44, 51, 53, 54]
[1, 5, 40, 42, 17, 43, 50, 9, 44, 51, 53, 54]
[1, 14, 40, 7, 49, 8, 17, 52, 9, 51, 53, 54]
[1, 14, 7, 42, 8, 17, 50, 52, 18, 51, 53, 54]
[1, 14, 40, 7, 16, 42, 17, 43, 52, 9, 53, 54]
[1, 14, 7, 16, 49, 17, 43, 50, 52, 18, 53, 54]
[1, 40, 42, 8, 17, 50, 52, 9, 18, 51, 53, 54]
[1, 40, 16, 49, 17, 43, 50, 52, 9, 18, 53, 54]
[10, 5, 14, 7, 16, 8, 17, 50, 52, 9, 53, 54]
[10, 5, 14, 7, 16, 42, 8, 17, 52, 18, 51, 54]
[10, 5, 14, 7, 16, 49, 8, 17, 43, 50, 52, 54]
[10, 5, 14, 40, 7, 49, 17, 52, 9, 18, 51, 54]
[10, 5, 14, 40, 7, 42, 17, 43, 50, 52, 9, 54]
[10, 5, 14, 40, 7, 17, 43, 52, 18, 51, 53, 54]
[10, 5, 14, 40, 7, 42, 49, 17, 50, 52, 53, 54]
[10, 5, 40, 16, 42, 8, 17, 52, 9, 18, 51, 54]
[10, 5, 16, 42, 49, 8, 17, 52, 9, 18, 53, 54]
[10, 5, 40, 16, 49, 8, 17, 43, 50, 52, 9, 54]
[10, 5, 16, 8, 17, 43, 50, 52, 9, 51, 53, 54]
[10, 5, 40, 42, 49, 17, 43, 50, 52, 51, 53, 54]
[0, 1, 5, 7, 42, 8, 17, 43, 9, 18, 44, 51, 54]
[0, 1, 5, 7, 42, 8, 43, 50, 9, 18, 44, 51, 54]
[0, 1, 10, 5, 14, 7, 16, 49, 8, 17, 51, 53, 54]
[0, 1, 10, 5, 14, 7, 16, 8, 17, 50, 52, 51, 54]
[0, 1, 10, 5, 7, 42, 49, 8, 17, 50, 18, 53, 54]
[0, 1, 5, 14, 7, 42, 49, 8, 17, 50, 18, 44, 53]
[0, 1, 5, 40, 7, 49, 8, 17, 43, 50, 44, 51, 54]
[0, 1, 10, 5, 14, 40, 7, 17, 43, 52, 9, 18, 54]
[0, 1, 10, 5, 14, 40, 7, 42, 17, 9, 51, 53, 54]
[0, 1, 10, 5, 40, 7, 16, 17, 50, 9, 18, 53, 54]
[0, 1, 5, 14, 40, 7, 16, 17, 50, 9, 18, 44, 53]
[0, 1, 5, 7, 16, 42, 17, 43, 50, 9, 44, 51, 54]
[0, 1, 10, 5, 14, 7, 49, 17, 50, 18, 51, 53, 54]
[0, 1, 10, 5, 14, 7, 42, 49, 17, 43, 50, 52, 54]
[0, 1, 10, 5, 7, 16, 17, 43, 50, 18, 51, 53, 54]
[0, 1, 5, 14, 7, 16, 17, 43, 50, 18, 44, 51, 53]
[0, 1, 5, 40, 7, 16, 49, 17, 43, 18, 44, 51, 54]
[0, 1, 5, 40, 7, 16, 49, 43, 50, 18, 44, 51, 54]
[0, 1, 10, 5, 14, 40, 8, 17, 43, 9, 51, 53, 54]
[0, 1, 10, 5, 40, 16, 49, 8, 17, 9, 51, 53, 54]
[0, 1, 10, 5, 40, 16, 8, 17, 50, 52, 9, 51, 54]
[0, 1, 5, 14, 49, 8, 17, 43, 50, 9, 44, 51, 54]
[0, 1, 5, 40, 42, 49, 8, 17, 50, 9, 18, 44, 53]
[0, 1, 10, 5, 16, 42, 49, 8, 17, 52, 18, 51, 54]
[0, 1, 10, 5, 16, 42, 8, 17, 50, 18, 51, 53, 54]
[0, 1, 5, 14, 40, 42, 8, 17, 43, 18, 44, 51, 54]
[0, 1, 5, 14, 40, 42, 8, 43, 50, 18, 44, 51, 54]
[0, 1, 5, 42, 49, 8, 17, 43, 50, 18, 44, 51, 53]
[0, 1, 10, 5, 14, 40, 16, 42, 49, 17, 9, 53, 54]
[0, 1, 10, 5, 40, 49, 17, 50, 9, 18, 51, 53, 54]
[0, 1, 10, 5, 40, 42, 49, 17, 43, 50, 52, 9, 54]
[0, 1, 5, 14, 16, 49, 17, 43, 9, 18, 44, 51, 54]
[0, 1, 5, 14, 16, 49, 43, 50, 9, 18, 44, 51, 54]
[0, 1, 5, 40, 16, 17, 43, 50, 9, 18, 44, 51, 53]
[0, 1, 10, 5, 14, 16, 42, 49, 17, 43, 51, 53, 54]
[0, 1, 5, 14, 40, 16, 42, 17, 43, 50, 44, 51, 54]
[0, 1, 10, 14, 7, 42, 49, 8, 17, 9, 18, 44, 54]
[0, 1, 10, 14, 7, 42, 8, 17, 50, 52, 9, 18, 44]
[0, 1, 10, 14, 7, 49, 8, 17, 43, 52, 9, 44, 51]
[0, 1, 10, 14, 7, 8, 17, 43, 50, 9, 44, 51, 54]
[0, 1, 40, 7, 16, 49, 8, 17, 52, 9, 44, 53, 54]
[0, 1, 40, 7, 16, 42, 49, 8, 43, 9, 18, 44, 54]
[0, 1, 14, 7, 16, 8, 17, 50, 52, 44, 51, 53, 54]
[0, 1, 7, 16, 42, 8, 17, 50, 52, 18, 44, 53, 54]
[0, 1, 7, 16, 49, 8, 17, 43, 52, 44, 51, 53, 54]
[0, 1, 10, 14, 7, 16, 17, 43, 9, 18, 44, 51, 54]
[0, 1, 10, 14, 7, 16, 42, 49, 17, 50, 9, 44, 54]
[0, 1, 10, 40, 7, 42, 49, 17, 43, 50, 9, 51, 53]
[0, 1, 14, 40, 7, 17, 43, 52, 9, 18, 44, 53, 54]
[0, 1, 40, 7, 49, 17, 50, 52, 9, 18, 44, 53, 54]
[0, 1, 40, 7, 42, 17, 43, 52, 9, 44, 51, 53, 54]
[0, 1, 10, 14, 40, 7, 16, 49, 17, 50, 52, 18, 44]
[0, 1, 10, 14, 40, 7, 16, 42, 17, 43, 52, 44, 51]
[0, 1, 14, 7, 42, 49, 17, 43, 50, 52, 44, 53, 54]
[0, 1, 7, 49, 17, 43, 50, 52, 18, 44, 51, 53, 54]
[0, 1, 10, 14, 40, 16, 42, 49, 8, 17, 9, 18, 53]
[0, 1, 10, 14, 40, 16, 8, 17, 43, 50, 9, 51, 53]
[0, 1, 10, 42, 49, 8, 17, 43, 9, 18, 44, 51, 54]
[0, 1, 10, 42, 8, 17, 43, 50, 52, 9, 18, 44, 51]
[0, 1, 14, 40, 16, 42, 49, 8, 9, 18, 44, 51, 54]
[0, 1, 40, 16, 8, 17, 50, 52, 9, 44, 51, 53, 54]
[0, 1, 10, 14, 16, 42, 49, 8, 17, 43, 18, 51, 53]
[0, 1, 16, 42, 49, 8, 17, 52, 18, 44, 51, 53, 54]
[0, 1, 10, 16, 42, 49, 17, 43, 50, 9, 44, 51, 54]
[0, 1, 40, 42, 49, 17, 43, 50, 52, 9, 44, 53, 54]
[0, 1, 10, 40, 16, 49, 17, 43, 50, 52, 18, 44, 51]
[0, 5, 14, 7, 16, 42, 49, 8, 43, 9, 18, 44, 54]
[0, 5, 14, 7, 16, 42, 8, 9, 18, 44, 51, 53, 54]
[0, 5, 14, 7, 16, 49, 8, 43, 50, 9, 44, 53, 54]
[0, 5, 14, 7, 42, 8, 17, 9, 18, 44, 51, 53, 54]
[0, 5, 14, 7, 42, 49, 8, 17, 52, 9, 18, 53, 54]
[0, 5, 14, 7, 49, 8, 17, 43, 50, 9, 44, 53, 54]
[0, 5, 14, 7, 8, 17, 43, 50, 52, 9, 51, 53, 54]
[0, 5, 40, 7, 42, 49, 8, 43, 50, 9, 18, 53, 54]
[0, 5, 14, 40, 7, 16, 42, 8, 43, 18, 44, 53, 54]
[0, 5, 14, 40, 7, 16, 42, 49, 8, 18, 44, 51, 54]
[0, 5, 14, 40, 7, 16, 49, 8, 50, 44, 51, 53, 54]
[0, 5, 14, 40, 7, 42, 8, 17, 43, 18, 44, 53, 54]
[0, 5, 14, 40, 7, 49, 8, 17, 50, 44, 51, 53, 54]
[0, 5, 40, 7, 42, 49, 8, 43, 50, 18, 44, 51, 54]
[0, 5, 14, 7, 16, 49, 17, 43, 9, 18, 44, 53, 54]
[0, 5, 14, 7, 16, 17, 43, 52, 9, 18, 51, 53, 54]
[0, 5, 14, 7, 16, 42, 17, 50, 9, 44, 51, 53, 54]
[0, 5, 14, 7, 16, 42, 49, 17, 50, 52, 9, 53, 54]
[0, 5, 14, 40, 7, 16, 49, 17, 18, 44, 51, 53, 54]
[0, 5, 14, 40, 7, 16, 42, 17, 43, 50, 44, 53, 54]
[0, 5, 14, 40, 42, 49, 8, 50, 9, 18, 51, 53, 54]
[0, 5, 14, 42, 49, 8, 43, 50, 9, 18, 44, 51, 54]
[0, 5, 42, 49, 8, 17, 43, 52, 9, 18, 51, 53, 54]
[0, 5, 16, 42, 49, 17, 43, 50, 52, 9, 51, 53, 54]
[0, 10, 7, 42, 49, 8, 17, 50, 52, 18, 44, 53, 54]
[0, 10, 40, 7, 16, 17, 50, 52, 9, 18, 44, 53, 54]
[0, 10, 40, 7, 16, 42, 49, 17, 43, 52, 9, 44, 51]
[0, 10, 7, 16, 17, 43, 50, 52, 18, 44, 51, 53, 54]
[0, 10, 14, 40, 42, 49, 8, 17, 50, 52, 9, 18, 44]
[0, 10, 14, 40, 8, 17, 43, 52, 9, 44, 51, 53, 54]
[0, 10, 14, 42, 49, 8, 17, 43, 50, 52, 18, 44, 51]
[0, 10, 14, 40, 16, 17, 43, 50, 52, 9, 18, 44, 51]
[0, 10, 14, 40, 16, 42, 49, 17, 52, 9, 44, 53, 54]
[0, 10, 14, 16, 42, 49, 17, 43, 52, 44, 51, 53, 54]
[1, 5, 14, 40, 7, 16, 8, 17, 50, 9, 44, 53, 54]
[1, 5, 14, 7, 16, 42, 49, 8, 17, 18, 44, 53, 54]
[1, 5, 14, 7, 16, 8, 17, 43, 50, 44, 51, 53, 54]
[1, 5, 40, 16, 42, 49, 8, 17, 9, 18, 44, 53, 54]
[1, 5, 40, 16, 8, 17, 43, 50, 9, 44, 51, 53, 54]
[1, 5, 16, 42, 49, 8, 17, 43, 18, 44, 51, 53, 54]
[1, 14, 7, 42, 49, 8, 17, 43, 50, 52, 18, 53, 54]
[1, 14, 40, 7, 16, 17, 43, 50, 52, 9, 18, 53, 54]
[1, 14, 40, 7, 16, 42, 49, 17, 52, 9, 51, 53, 54]
[1, 40, 42, 49, 8, 17, 43, 50, 52, 9, 18, 53, 54]
[10, 5, 14, 7, 16, 42, 8, 17, 52, 9, 18, 53, 54]
[10, 5, 14, 40, 7, 16, 8, 17, 43, 50, 52, 9, 54]
[10, 5, 14, 7, 16, 42, 49, 8, 17, 43, 52, 18, 54]
[10, 5, 14, 40, 7, 16, 49, 8, 17, 50, 52, 53, 54]
[10, 5, 14, 7, 49, 17, 43, 52, 9, 18, 51, 53, 54]
[10, 5, 14, 40, 7, 42, 49, 17, 50, 52, 9, 51, 54]
[10, 5, 14, 40, 7, 42, 17, 43, 50, 52, 51, 53, 54]
[10, 5, 40, 16, 42, 49, 8, 17, 43, 52, 9, 18, 54]
[10, 5, 16, 42, 8, 17, 43, 52, 9, 18, 51, 53, 54]
[10, 5, 40, 16, 49, 8, 17, 43, 50, 52, 51, 53, 54]
[0, 1, 10, 5, 14, 40, 7, 16, 8, 17, 9, 51, 53, 54]
[0, 1, 10, 5, 40, 7, 42, 8, 17, 50, 9, 18, 53, 54]
[0, 1, 10, 5, 40, 7, 49, 8, 17, 43, 9, 51, 53, 54]
[0, 1, 5, 14, 40, 7, 42, 8, 17, 50, 9, 18, 44, 53]
[0, 1, 5, 14, 40, 7, 49, 8, 17, 43, 9, 44, 51, 53]
[0, 1, 10, 5, 14, 7, 16, 42, 8, 17, 52, 18, 51, 54]
[0, 1, 10, 5, 14, 7, 16, 49, 8, 17, 43, 50, 52, 54]
[0, 1, 10, 5, 7, 42, 8, 17, 43, 50, 18, 51, 53, 54]
[0, 1, 5, 14, 7, 42, 8, 17, 43, 50, 18, 44, 51, 53]
[0, 1, 5, 40, 7, 42, 49, 8, 17, 43, 18, 44, 51, 54]
[0, 1, 5, 40, 7, 42, 49, 8, 43, 50, 18, 44, 51, 54]
[0, 1, 10, 5, 14, 40, 7, 49, 17, 52, 9, 18, 51, 54]
[0, 1, 10, 5, 14, 40, 7, 17, 50, 9, 18, 51, 53, 54]
[0, 1, 10, 5, 14, 40, 7, 42, 49, 17, 43, 9, 53, 54]
[0, 1, 10, 5, 14, 40, 7, 42, 17, 43, 50, 52, 9, 54]
[0, 1, 5, 40, 7, 16, 42, 49, 17, 43, 50, 44, 51, 54]
[0, 1, 10, 5, 40, 16, 42, 8, 17, 52, 9, 18, 51, 54]
[0, 1, 10, 5, 40, 16, 49, 8, 17, 43, 50, 52, 9, 54]
[0, 1, 5, 14, 42, 49, 8, 17, 43, 9, 18, 44, 51, 54]
[0, 1, 5, 14, 42, 49, 8, 43, 50, 9, 18, 44, 51, 54]
[0, 1, 5, 40, 42, 8, 17, 43, 50, 9, 18, 44, 51, 53]
[0, 1, 10, 5, 16, 42, 49, 8, 17, 43, 50, 18, 53, 54]
[0, 1, 10, 5, 14, 40, 16, 49, 17, 50, 9, 18, 53, 54]
[0, 1, 10, 5, 14, 40, 16, 42, 17, 43, 9, 51, 53, 54]
[0, 1, 5, 14, 16, 42, 49, 17, 43, 50, 9, 44, 51, 54]
[0, 1, 10, 5, 14, 16, 49, 17, 43, 50, 18, 51, 53, 54]
[0, 1, 10, 14, 7, 42, 8, 17, 43, 9, 18, 44, 51, 54]
[0, 1, 10, 40, 7, 16, 49, 8, 17, 43, 50, 9, 51, 53]
[0, 1, 40, 7, 16, 8, 17, 43, 52, 9, 44, 51, 53, 54]
[0, 1, 10, 14, 40, 7, 42, 49, 8, 17, 50, 52, 18, 44]
[0, 1, 10, 14, 40, 7, 49, 8, 17, 43, 50, 44, 51, 54]
[0, 1, 14, 7, 16, 42, 8, 17, 52, 18, 44, 51, 53, 54]
[0, 1, 14, 7, 16, 49, 8, 17, 43, 50, 52, 44, 53, 54]
[0, 1, 10, 14, 7, 16, 42, 49, 17, 43, 52, 9, 44, 51]
[0, 1, 10, 14, 7, 16, 42, 17, 43, 50, 9, 44, 51, 54]
[0, 1, 14, 40, 7, 49, 17, 52, 9, 18, 44, 51, 53, 54]
[0, 1, 14, 40, 7, 42, 17, 43, 50, 52, 9, 44, 53, 54]
[0, 1, 40, 7, 17, 43, 50, 52, 9, 18, 44, 51, 53, 54]
[0, 1, 10, 14, 40, 7, 16, 49, 17, 43, 18, 44, 51, 54]
[0, 1, 10, 14, 40, 7, 16, 17, 43, 50, 52, 18, 44, 51]
[0, 1, 10, 14, 40, 16, 42, 8, 17, 43, 9, 18, 51, 53]
[0, 1, 40, 16, 42, 8, 17, 52, 9, 18, 44, 51, 53, 54]
[0, 1, 40, 16, 49, 8, 17, 43, 50, 52, 9, 44, 53, 54]
[0, 1, 10, 40, 42, 49, 8, 17, 43, 50, 52, 18, 44, 51]
[0, 1, 14, 16, 42, 49, 8, 17, 50, 52, 18, 44, 53, 54]
[0, 1, 14, 40, 42, 49, 17, 43, 52, 9, 44, 51, 53, 54]
[0, 5, 14, 7, 16, 42, 49, 8, 43, 9, 18, 44, 53, 54]
[0, 5, 14, 7, 42, 49, 8, 17, 43, 9, 18, 44, 53, 54]
[0, 5, 14, 7, 42, 8, 17, 43, 52, 9, 18, 51, 53, 54]
[0, 5, 14, 40, 7, 16, 42, 49, 8, 18, 44, 51, 53, 54]
[0, 5, 14, 40, 7, 42, 49, 8, 17, 18, 44, 51, 53, 54]
[0, 5, 14, 40, 7, 49, 8, 17, 43, 50, 52, 51, 53, 54]
[0, 5, 14, 7, 16, 42, 49, 17, 43, 50, 9, 44, 53, 54]
[0, 5, 14, 7, 16, 42, 17, 43, 50, 52, 9, 51, 53, 54]
[0, 5, 14, 40, 7, 16, 49, 17, 43, 52, 18, 51, 53, 54]
[0, 5, 14, 40, 7, 16, 42, 49, 17, 50, 44, 51, 53, 54]
[0, 10, 40, 7, 42, 8, 17, 50, 52, 9, 18, 44, 53, 54]
[0, 10, 40, 7, 49, 8, 17, 43, 52, 9, 44, 51, 53, 54]
[0, 10, 7, 42, 8, 17, 43, 50, 52, 18, 44, 51, 53, 54]
[0, 10, 40, 7, 16, 49, 17, 43, 50, 52, 9, 18, 44, 51]
[0, 10, 14, 40, 42, 8, 17, 43, 50, 52, 9, 18, 44, 51]
[0, 10, 14, 40, 16, 49, 17, 50, 52, 9, 18, 44, 53, 54]
[0, 10, 14, 40, 16, 42, 17, 43, 52, 9, 44, 51, 53, 54]
[0, 10, 14, 16, 49, 17, 43, 50, 52, 18, 44, 51, 53, 54]
[1, 5, 14, 40, 7, 16, 42, 8, 17, 9, 18, 44, 53, 54]
[1, 5, 14, 7, 16, 42, 8, 17, 43, 18, 44, 51, 53, 54]
[1, 5, 14, 40, 7, 49, 17, 43, 9, 18, 44, 51, 53, 54]
[1, 5, 40, 16, 42, 8, 17, 43, 9, 18, 44, 51, 53, 54]
[1, 14, 40, 7, 42, 8, 17, 43, 50, 52, 9, 18, 53, 54]
[1, 14, 40, 7, 16, 49, 17, 50, 52, 9, 18, 51, 53, 54]
[10, 5, 14, 40, 7, 16, 42, 8, 17, 43, 52, 9, 18, 54]
[10, 5, 14, 40, 7, 16, 49, 8, 17, 50, 52, 9, 51, 54]
[10, 5, 14, 40, 7, 16, 42, 49, 8, 17, 52, 18, 53, 54]
[10, 5, 14, 40, 7, 16, 8, 17, 43, 50, 52, 51, 53, 54]
[10, 5, 14, 7, 42, 49, 17, 43, 50, 52, 9, 51, 53, 54]
[10, 5, 40, 16, 42, 49, 8, 17, 43, 52, 18, 51, 53, 54]
[0, 1, 10, 5, 14, 40, 7, 16, 49, 8, 17, 43, 9, 53, 54]
[0, 1, 10, 5, 14, 40, 7, 16, 8, 17, 43, 50, 52, 9, 54]
[0, 1, 10, 5, 14, 7, 16, 42, 49, 8, 17, 43, 52, 18, 54]
[0, 1, 10, 5, 14, 7, 16, 42, 8, 17, 43, 50, 18, 53, 54]
[0, 1, 10, 5, 14, 40, 7, 49, 17, 43, 50, 9, 18, 53, 54]
[0, 1, 10, 5, 14, 40, 7, 42, 49, 17, 50, 52, 9, 51, 54]
[0, 1, 10, 5, 40, 7, 16, 42, 49, 17, 43, 9, 51, 53, 54]
[0, 1, 5, 14, 40, 7, 16, 42, 49, 17, 43, 9, 44, 51, 53]
[0, 1, 10, 5, 14, 40, 42, 49, 8, 17, 50, 9, 18, 53, 54]
[0, 1, 10, 5, 40, 16, 42, 49, 8, 17, 43, 52, 9, 18, 54]
[0, 1, 10, 5, 40, 16, 42, 8, 17, 43, 50, 9, 18, 53, 54]
[0, 1, 10, 5, 14, 42, 49, 8, 17, 43, 50, 18, 51, 53, 54]
[0, 1, 10, 5, 14, 40, 16, 17, 43, 50, 9, 18, 51, 53, 54]
[0, 1, 10, 40, 7, 16, 42, 49, 8, 17, 43, 9, 18, 51, 53]
[0, 1, 14, 40, 7, 16, 8, 17, 43, 50, 52, 9, 44, 53, 54]
[0, 1, 10, 14, 40, 7, 42, 49, 8, 17, 43, 18, 44, 51, 54]
[0, 1, 10, 14, 40, 7, 42, 8, 17, 43, 50, 52, 18, 44, 51]
[0, 1, 14, 7, 16, 42, 49, 8, 17, 43, 52, 18, 44, 53, 54]
[0, 1, 10, 14, 7, 16, 49, 17, 43, 50, 52, 9, 18, 44, 51]
[0, 1, 14, 40, 7, 42, 49, 17, 50, 52, 9, 44, 51, 53, 54]
[0, 1, 10, 14, 40, 7, 16, 42, 49, 17, 43, 50, 44, 51, 54]
[0, 1, 14, 40, 16, 42, 8, 17, 50, 52, 9, 18, 44, 53, 54]
[0, 1, 14, 40, 16, 49, 8, 17, 43, 52, 9, 44, 51, 53, 54]
[0, 1, 40, 16, 42, 49, 8, 17, 43, 52, 9, 18, 44, 53, 54]
[0, 1, 14, 16, 42, 8, 17, 43, 50, 52, 18, 44, 51, 53, 54]
[0, 1, 14, 40, 49, 17, 43, 50, 52, 9, 18, 44, 51, 53, 54]
[0, 5, 14, 40, 7, 42, 49, 8, 17, 43, 52, 18, 51, 53, 54]
[0, 5, 14, 40, 7, 16, 42, 49, 17, 43, 50, 52, 51, 53, 54]
[0, 10, 40, 7, 42, 49, 8, 17, 43, 50, 52, 9, 18, 44, 51]
[0, 10, 40, 7, 16, 42, 49, 17, 43, 52, 9, 44, 51, 53, 54]
[0, 10, 14, 40, 42, 49, 8, 17, 50, 52, 9, 18, 44, 53, 54]
[0, 10, 14, 42, 49, 8, 17, 43, 50, 52, 18, 44, 51, 53, 54]
[0, 10, 14, 40, 16, 17, 43, 50, 52, 9, 18, 44, 51, 53, 54]
[1, 5, 14, 40, 7, 42, 49, 17, 43, 50, 9, 44, 51, 53, 54]
[1, 14, 40, 7, 42, 49, 8, 17, 50, 52, 9, 18, 51, 53, 54]
[10, 5, 14, 40, 7, 16, 42, 49, 8, 17, 52, 9, 18, 51, 54]
[10, 5, 14, 7, 16, 49, 8, 17, 43, 50, 52, 9, 51, 53, 54]
[10, 5, 14, 40, 7, 16, 42, 8, 17, 43, 52, 18, 51, 53, 54]
[0, 1, 10, 5, 14, 40, 7, 16, 42, 8, 17, 43, 52, 9, 18, 54]
[0, 1, 10, 5, 14, 40, 7, 16, 49, 8, 17, 50, 52, 9, 51, 54]
[0, 1, 10, 5, 14, 7, 16, 42, 49, 8, 17, 50, 18, 51, 53, 54]
[0, 1, 10, 5, 40, 7, 16, 49, 17, 43, 50, 9, 18, 51, 53, 54]
[0, 1, 5, 14, 40, 7, 16, 49, 17, 43, 50, 9, 18, 44, 51, 53]
[0, 1, 10, 5, 14, 40, 42, 8, 17, 43, 50, 9, 18, 51, 53, 54]
[0, 1, 10, 5, 40, 16, 42, 49, 8, 17, 50, 9, 18, 51, 53, 54]
[0, 1, 10, 14, 7, 42, 49, 8, 17, 43, 50, 52, 9, 18, 44, 51]
[0, 1, 14, 40, 7, 16, 42, 8, 17, 43, 52, 9, 18, 44, 53, 54]
[0, 1, 14, 40, 7, 16, 49, 8, 17, 50, 52, 9, 44, 51, 53, 54]
[0, 1, 40, 7, 16, 42, 49, 8, 17, 50, 52, 9, 18, 44, 53, 54]
[0, 1, 7, 16, 42, 49, 8, 17, 43, 50, 52, 18, 44, 51, 53, 54]
[0, 10, 40, 7, 16, 49, 17, 43, 50, 52, 9, 18, 44, 51, 53, 54]
[0, 10, 14, 40, 42, 8, 17, 43, 50, 52, 9, 18, 44, 51, 53, 54]
[1, 5, 14, 40, 7, 16, 49, 8, 17, 43, 50, 9, 44, 51, 53, 54]
[10, 5, 14, 7, 16, 42, 49, 8, 17, 43, 52, 9, 18, 51, 53, 54]
[0, 1, 10, 5, 14, 40, 7, 16, 42, 49, 8, 17, 52, 9, 18, 51, 54]
[0, 1, 10, 5, 14, 40, 7, 16, 42, 8, 17, 50, 9, 18, 51, 53, 54]
[0, 1, 10, 5, 40, 7, 42, 49, 8, 17, 43, 50, 9, 18, 51, 53, 54]
[0, 1, 5, 14, 40, 7, 42, 49, 8, 17, 43, 50, 9, 18, 44, 51, 53]
[0, 1, 14, 40, 7, 16, 42, 49, 8, 17, 52, 9, 18, 44, 51, 53, 54]
[0, 1, 40, 7, 16, 42, 8, 17, 43, 50, 52, 9, 18, 44, 51, 53, 54]
[0, 10, 40, 7, 42, 49, 8, 17, 43, 50, 52, 9, 18, 44, 51, 53, 54]
[1, 5, 14, 40, 7, 16, 42, 49, 8, 17, 43, 9, 18, 44, 51, 53, 54]
[0, 1, 10, 5, 14, 40, 7, 16, 42, 49, 8, 17, 43, 50, 9, 18, 53, 54]
[0, 1, 14, 40, 16, 42, 49, 8, 17, 43, 50, 52, 9, 18, 44, 51, 53, 54]
