[[2, 5, 7], [3, 5], [4, 5, 7], [6, 7]]
[10, 7, 50]
[7, 8, 50, 52, 18]
[7, 42, 8, 43, 52]
[7, 8, 52, 51, 54]
[10, 7, 42, 43, 18]
[40, 7, 16, 43, 52]
[14, 8, 43, 52, 9]
[10, 14, 43, 9, 18]
[10, 14, 42, 50, 9]
[10, 14, 40, 49, 50]
[14, 16, 49, 43, 52]
[14, 16, 52, 44, 51]
[0, 1, 10, 5, 7, 50, 9]
[0, 1, 10, 5, 40, 7, 50]
[0, 1, 10, 5, 14, 43, 18]
[0, 1, 10, 5, 14, 42, 50]
[0, 1, 10, 5, 14, 49, 50]
[0, 1, 10, 8, 43, 52, 9]
[0, 1, 10, 16, 49, 43, 52]
[0, 1, 10, 16, 52, 44, 51]
[0, 10, 5, 40, 7, 50, 9]
[0, 10, 5, 7, 49, 43, 18]
[0, 10, 5, 7, 18, 44, 51]
[0, 10, 5, 7, 42, 49, 50]
[0, 10, 5, 14, 16, 8, 50]
[0, 10, 5, 14, 49, 50, 9]
[0, 10, 5, 14, 40, 43, 18]
[0, 10, 5, 14, 40, 42, 50]
[10, 7, 16, 49, 8, 50, 9]
[40, 7, 49, 8, 43, 52, 9]
[40, 7, 8, 52, 9, 44, 51]
[7, 8, 52, 9, 51, 53, 54]
[10, 40, 7, 16, 8, 43, 18]
[10, 40, 7, 16, 42, 8, 50]
[40, 7, 8, 52, 51, 53, 54]
[7, 42, 49, 8, 52, 44, 51]
[7, 49, 8, 43, 52, 44, 54]
[10, 40, 7, 49, 43, 9, 18]
[10, 40, 7, 9, 18, 44, 51]
[10, 40, 7, 42, 49, 50, 9]
[7, 16, 49, 50, 52, 9, 18]
[7, 16, 42, 49, 43, 52, 9]
[7, 16, 42, 52, 9, 44, 51]
[7, 16, 43, 52, 9, 44, 54]
[7, 16, 49, 52, 9, 51, 54]
[10, 7, 42, 49, 18, 44, 51]
[10, 7, 42, 52, 18, 53, 54]
[10, 7, 49, 43, 50, 44, 51]
[10, 7, 43, 50, 52, 53, 54]
[40, 7, 16, 42, 50, 52, 18]
[40, 7, 16, 42, 52, 51, 54]
[40, 7, 16, 49, 52, 44, 51]
[7, 16, 42, 52, 51, 53, 54]
[7, 16, 43, 52, 44, 53, 54]
[7, 16, 49, 52, 51, 53, 54]
[10, 14, 40, 16, 8, 50, 9]
[14, 42, 8, 50, 52, 9, 18]
[14, 42, 8, 52, 9, 51, 54]
[14, 49, 8, 52, 9, 44, 51]
[10, 14, 16, 49, 8, 43, 18]
[10, 14, 16, 8, 18, 44, 51]
[10, 14, 16, 42, 49, 8, 50]
[14, 40, 49, 8, 50, 52, 18]
[14, 40, 42, 49, 8, 43, 52]
[14, 40, 42, 8, 52, 44, 51]
[14, 40, 8, 43, 52, 44, 54]
[14, 40, 49, 8, 52, 51, 54]
[14, 42, 8, 52, 51, 53, 54]
[14, 8, 43, 52, 44, 53, 54]
[14, 49, 8, 52, 51, 53, 54]
[10, 14, 49, 9, 18, 44, 51]
[10, 14, 52, 9, 18, 53, 54]
[14, 40, 16, 50, 52, 9, 18]
[14, 40, 16, 42, 43, 52, 9]
[14, 40, 16, 52, 9, 51, 54]
[14, 16, 52, 9, 51, 53, 54]
[10, 14, 40, 42, 49, 43, 18]
[10, 14, 40, 42, 18, 44, 51]
[10, 14, 40, 43, 50, 44, 51]
[14, 16, 42, 49, 50, 52, 18]
[14, 16, 50, 52, 18, 44, 54]
[14, 40, 16, 52, 51, 53, 54]
[14, 16, 42, 43, 52, 44, 54]
[14, 16, 42, 49, 52, 51, 54]
[0, 1, 10, 5, 7, 16, 8, 43, 18]
[0, 1, 10, 5, 7, 16, 42, 8, 50]
[0, 1, 10, 5, 7, 16, 49, 8, 50]
[0, 1, 10, 5, 7, 42, 43, 9, 18]
[0, 1, 10, 5, 7, 49, 43, 9, 18]
[0, 1, 10, 5, 7, 9, 18, 44, 51]
[0, 1, 10, 5, 7, 42, 49, 50, 9]
[0, 1, 10, 5, 40, 7, 42, 43, 18]
[0, 1, 10, 5, 40, 7, 49, 43, 18]
[0, 1, 10, 5, 40, 7, 18, 44, 51]
[0, 1, 10, 5, 40, 7, 42, 49, 50]
[0, 1, 10, 5, 14, 16, 8, 50, 9]
[0, 1, 10, 5, 14, 40, 16, 8, 50]
[0, 1, 10, 5, 14, 40, 43, 9, 18]
[0, 1, 10, 5, 14, 40, 42, 50, 9]
[0, 1, 10, 5, 14, 40, 49, 50, 9]
[0, 1, 10, 5, 14, 42, 49, 43, 18]
[0, 1, 10, 5, 14, 42, 18, 44, 51]
[0, 1, 10, 5, 14, 49, 18, 44, 51]
[0, 1, 10, 5, 14, 43, 50, 44, 51]
[0, 1, 10, 14, 7, 8, 50, 52, 18]
[0, 1, 10, 14, 7, 42, 8, 43, 52]
[0, 1, 10, 14, 7, 8, 52, 51, 54]
[0, 1, 10, 14, 40, 7, 16, 43, 52]
[0, 1, 10, 42, 8, 50, 52, 9, 18]
[0, 1, 10, 42, 8, 52, 9, 51, 54]
[0, 1, 10, 49, 8, 52, 9, 44, 51]
[0, 1, 10, 40, 49, 8, 50, 52, 18]
[0, 1, 10, 40, 42, 49, 8, 43, 52]
[0, 1, 10, 40, 42, 8, 52, 44, 51]
[0, 1, 10, 40, 8, 43, 52, 44, 54]
[0, 1, 10, 40, 49, 8, 52, 51, 54]
[0, 1, 10, 40, 16, 50, 52, 9, 18]
[0, 1, 10, 40, 16, 42, 43, 52, 9]
[0, 1, 10, 40, 16, 52, 9, 51, 54]
[0, 1, 10, 16, 42, 49, 50, 52, 18]
[0, 1, 10, 16, 50, 52, 18, 44, 54]
[0, 1, 10, 16, 42, 43, 52, 44, 54]
[0, 1, 10, 16, 42, 49, 52, 51, 54]
[0, 10, 5, 7, 16, 8, 43, 9, 18]
[0, 10, 5, 7, 16, 42, 8, 50, 9]
[0, 10, 5, 40, 7, 16, 49, 8, 50]
[0, 10, 5, 40, 7, 42, 43, 9, 18]
[0, 10, 5, 7, 49, 52, 18, 53, 54]
[0, 10, 5, 7, 42, 43, 50, 44, 51]
[0, 10, 5, 14, 16, 42, 8, 43, 18]
[0, 10, 5, 14, 42, 49, 43, 9, 18]
[0, 10, 5, 14, 42, 9, 18, 44, 51]
[0, 10, 5, 14, 43, 50, 9, 44, 51]
[0, 10, 5, 14, 40, 49, 18, 44, 51]
[0, 10, 5, 14, 40, 52, 18, 53, 54]
[10, 7, 16, 42, 49, 8, 43, 9, 18]
[10, 7, 16, 42, 8, 9, 18, 44, 51]
[10, 7, 16, 8, 43, 50, 9, 44, 51]
[40, 7, 42, 49, 8, 50, 52, 9, 18]
[40, 7, 8, 50, 52, 9, 18, 44, 54]
[7, 8, 50, 52, 9, 18, 44, 53, 54]
[40, 7, 42, 8, 43, 52, 9, 44, 54]
[40, 7, 42, 49, 8, 52, 9, 51, 54]
[7, 42, 8, 43, 52, 9, 44, 53, 54]
[7, 42, 49, 8, 52, 9, 51, 53, 54]
[7, 49, 8, 43, 52, 9, 44, 53, 54]
[10, 40, 7, 16, 49, 8, 18, 44, 51]
[10, 40, 7, 16, 8, 52, 18, 53, 54]
[40, 7, 8, 50, 52, 18, 44, 53, 54]
[7, 42, 8, 43, 50, 52, 18, 51, 54]
[7, 42, 49, 8, 50, 52, 18, 44, 54]
[7, 49, 8, 43, 50, 52, 18, 44, 51]
[40, 7, 42, 8, 43, 52, 44, 53, 54]
[40, 7, 42, 49, 8, 52, 51, 53, 54]
[40, 7, 49, 8, 43, 52, 44, 53, 54]
[10, 40, 7, 49, 52, 9, 18, 53, 54]
[10, 40, 7, 42, 43, 50, 9, 44, 51]
[7, 16, 42, 50, 52, 9, 18, 44, 54]
[7, 16, 43, 50, 52, 9, 18, 44, 51]
[40, 7, 16, 42, 52, 9, 51, 53, 54]
[40, 7, 16, 43, 52, 9, 44, 53, 54]
[40, 7, 16, 49, 52, 9, 51, 53, 54]
[10, 7, 49, 50, 52, 44, 51, 53, 54]
[40, 7, 16, 43, 50, 52, 18, 51, 54]
[40, 7, 16, 49, 50, 52, 18, 44, 54]
[7, 16, 42, 50, 52, 18, 44, 53, 54]
[7, 16, 43, 50, 52, 18, 51, 53, 54]
[7, 16, 49, 50, 52, 18, 44, 53, 54]
[40, 7, 16, 42, 49, 43, 52, 44, 54]
[7, 16, 42, 49, 43, 52, 44, 53, 54]
[10, 14, 40, 16, 42, 8, 43, 9, 18]
[14, 8, 43, 50, 52, 9, 18, 51, 54]
[14, 49, 8, 50, 52, 9, 18, 44, 54]
[14, 40, 42, 8, 52, 9, 51, 53, 54]
[14, 40, 8, 43, 52, 9, 44, 53, 54]
[14, 40, 49, 8, 52, 9, 51, 53, 54]
[14, 42, 49, 8, 43, 52, 9, 44, 54]
[10, 14, 16, 49, 8, 52, 18, 53, 54]
[10, 14, 16, 42, 8, 43, 50, 44, 51]
[14, 40, 42, 8, 50, 52, 18, 44, 54]
[14, 40, 8, 43, 50, 52, 18, 44, 51]
[14, 42, 8, 50, 52, 18, 44, 53, 54]
[14, 8, 43, 50, 52, 18, 51, 53, 54]
[14, 49, 8, 50, 52, 18, 44, 53, 54]
[14, 42, 49, 8, 43, 52, 44, 53, 54]
[10, 14, 42, 49, 43, 50, 9, 44, 51]
[10, 14, 42, 43, 50, 52, 9, 53, 54]
[14, 16, 50, 52, 9, 18, 44, 53, 54]
[14, 40, 16, 42, 49, 52, 9, 44, 51]
[14, 40, 16, 49, 43, 52, 9, 44, 54]
[14, 16, 42, 43, 52, 9, 44, 53, 54]
[14, 16, 42, 49, 52, 9, 51, 53, 54]
[14, 16, 49, 43, 52, 9, 44, 53, 54]
[10, 14, 40, 42, 49, 52, 18, 53, 54]
[10, 14, 40, 49, 43, 50, 52, 53, 54]
[10, 14, 40, 50, 52, 44, 51, 53, 54]
[14, 40, 16, 50, 52, 18, 44, 53, 54]
[14, 16, 42, 43, 50, 52, 18, 44, 51]
[14, 16, 49, 43, 50, 52, 18, 51, 54]
[14, 40, 16, 42, 43, 52, 44, 53, 54]
[14, 40, 16, 42, 49, 52, 51, 53, 54]
[14, 40, 16, 49, 43, 52, 44, 53, 54]
[0, 1, 10, 5, 40, 7, 16, 8, 43, 9, 18]
[0, 1, 10, 5, 40, 7, 16, 42, 8, 50, 9]
[0, 1, 10, 5, 40, 7, 16, 49, 8, 50, 9]
[0, 1, 10, 5, 7, 16, 42, 49, 8, 43, 18]
[0, 1, 10, 5, 7, 16, 42, 8, 18, 44, 51]
[0, 1, 10, 5, 7, 16, 49, 8, 18, 44, 51]
[0, 1, 10, 5, 7, 16, 8, 43, 50, 44, 51]
[0, 1, 10, 5, 7, 42, 49, 9, 18, 44, 51]
[0, 1, 10, 5, 7, 42, 43, 50, 9, 44, 51]
[0, 1, 10, 5, 7, 49, 43, 50, 9, 44, 51]
[0, 1, 10, 5, 40, 7, 42, 49, 18, 44, 51]
[0, 1, 10, 5, 40, 7, 42, 43, 50, 44, 51]
[0, 1, 10, 5, 40, 7, 49, 43, 50, 44, 51]
[0, 1, 10, 5, 14, 16, 42, 8, 43, 9, 18]
[0, 1, 10, 5, 14, 16, 49, 8, 43, 9, 18]
[0, 1, 10, 5, 14, 16, 8, 9, 18, 44, 51]
[0, 1, 10, 5, 14, 16, 42, 49, 8, 50, 9]
[0, 1, 10, 5, 14, 40, 16, 42, 8, 43, 18]
[0, 1, 10, 5, 14, 40, 16, 49, 8, 43, 18]
[0, 1, 10, 5, 14, 40, 16, 8, 18, 44, 51]
[0, 1, 10, 5, 14, 40, 16, 42, 49, 8, 50]
[0, 1, 10, 5, 14, 40, 42, 49, 43, 9, 18]
[0, 1, 10, 5, 14, 40, 42, 9, 18, 44, 51]
[0, 1, 10, 5, 14, 40, 49, 9, 18, 44, 51]
[0, 1, 10, 5, 14, 40, 43, 50, 9, 44, 51]
[0, 1, 10, 5, 14, 42, 49, 43, 50, 44, 51]
[0, 1, 10, 14, 40, 7, 49, 8, 43, 52, 9]
[0, 1, 10, 14, 40, 7, 8, 52, 9, 44, 51]
[0, 1, 10, 14, 7, 42, 49, 8, 52, 44, 51]
[0, 1, 10, 14, 7, 49, 8, 43, 52, 44, 54]
[0, 1, 10, 14, 7, 16, 49, 50, 52, 9, 18]
[0, 1, 10, 14, 7, 16, 42, 49, 43, 52, 9]
[0, 1, 10, 14, 7, 16, 42, 52, 9, 44, 51]
[0, 1, 10, 14, 7, 16, 43, 52, 9, 44, 54]
[0, 1, 10, 14, 7, 16, 49, 52, 9, 51, 54]
[0, 1, 10, 14, 40, 7, 16, 42, 50, 52, 18]
[0, 1, 10, 14, 40, 7, 16, 42, 52, 51, 54]
[0, 1, 10, 14, 40, 7, 16, 49, 52, 44, 51]
[0, 1, 10, 8, 43, 50, 52, 9, 18, 51, 54]
[0, 1, 10, 49, 8, 50, 52, 9, 18, 44, 54]
[0, 1, 10, 42, 49, 8, 43, 52, 9, 44, 54]
[0, 1, 10, 40, 42, 8, 50, 52, 18, 44, 54]
[0, 1, 10, 40, 8, 43, 50, 52, 18, 44, 51]
[0, 1, 10, 40, 16, 42, 49, 52, 9, 44, 51]
[0, 1, 10, 40, 16, 49, 43, 52, 9, 44, 54]
[0, 1, 10, 16, 42, 43, 50, 52, 18, 44, 51]
[0, 1, 10, 16, 49, 43, 50, 52, 18, 51, 54]
[0, 10, 5, 7, 16, 49, 8, 9, 18, 44, 51]
[0, 10, 5, 7, 16, 8, 52, 9, 18, 53, 54]
[0, 10, 5, 40, 7, 16, 42, 49, 8, 43, 18]
[0, 10, 5, 40, 7, 16, 42, 8, 18, 44, 51]
[0, 10, 5, 40, 7, 16, 8, 43, 50, 44, 51]
[0, 10, 5, 40, 7, 42, 49, 9, 18, 44, 51]
[0, 10, 5, 40, 7, 42, 52, 9, 18, 53, 54]
[0, 10, 5, 40, 7, 49, 43, 50, 9, 44, 51]
[0, 10, 5, 40, 7, 43, 50, 52, 9, 53, 54]
[0, 10, 5, 7, 43, 52, 18, 44, 51, 53, 54]
[0, 10, 5, 7, 42, 49, 43, 50, 52, 53, 54]
[0, 10, 5, 7, 42, 50, 52, 44, 51, 53, 54]
[0, 10, 5, 14, 40, 16, 49, 8, 43, 9, 18]
[0, 10, 5, 14, 40, 16, 8, 9, 18, 44, 51]
[0, 10, 5, 14, 40, 16, 42, 49, 8, 50, 9]
[0, 10, 5, 14, 16, 42, 49, 8, 18, 44, 51]
[0, 10, 5, 14, 16, 42, 8, 52, 18, 53, 54]
[0, 10, 5, 14, 16, 49, 8, 43, 50, 44, 51]
[0, 10, 5, 14, 16, 8, 43, 50, 52, 53, 54]
[0, 10, 5, 14, 42, 49, 52, 9, 18, 53, 54]
[0, 10, 5, 14, 49, 43, 50, 52, 9, 53, 54]
[0, 10, 5, 14, 50, 52, 9, 44, 51, 53, 54]
[0, 10, 5, 14, 40, 42, 49, 43, 50, 44, 51]
[0, 10, 5, 14, 40, 42, 43, 50, 52, 53, 54]
[10, 7, 16, 42, 49, 8, 52, 9, 18, 53, 54]
[10, 7, 16, 49, 8, 43, 50, 52, 9, 53, 54]
[10, 7, 16, 8, 50, 52, 9, 44, 51, 53, 54]
[40, 7, 42, 8, 43, 50, 52, 9, 18, 44, 51]
[40, 7, 49, 8, 43, 50, 52, 9, 18, 51, 54]
[7, 42, 8, 43, 50, 52, 9, 18, 51, 53, 54]
[7, 42, 49, 8, 50, 52, 9, 18, 44, 53, 54]
[7, 49, 8, 43, 50, 52, 9, 18, 51, 53, 54]
[10, 40, 7, 16, 42, 49, 8, 43, 50, 44, 51]
[10, 40, 7, 16, 42, 8, 43, 50, 52, 53, 54]
[40, 7, 42, 8, 43, 50, 52, 18, 51, 53, 54]
[40, 7, 42, 49, 8, 50, 52, 18, 44, 53, 54]
[40, 7, 49, 8, 43, 50, 52, 18, 51, 53, 54]
[10, 40, 7, 43, 52, 9, 18, 44, 51, 53, 54]
[10, 40, 7, 42, 49, 43, 50, 52, 9, 53, 54]
[10, 40, 7, 42, 50, 52, 9, 44, 51, 53, 54]
[40, 7, 16, 42, 50, 52, 9, 18, 44, 53, 54]
[40, 7, 16, 43, 50, 52, 9, 18, 51, 53, 54]
[40, 7, 16, 49, 50, 52, 9, 18, 44, 53, 54]
[7, 16, 42, 49, 43, 50, 52, 9, 18, 51, 54]
[40, 7, 16, 42, 49, 43, 52, 9, 44, 53, 54]
[10, 7, 42, 49, 43, 52, 18, 44, 51, 53, 54]
[40, 7, 16, 42, 49, 43, 50, 52, 18, 44, 51]
[7, 16, 42, 49, 43, 50, 52, 18, 51, 53, 54]
[10, 14, 40, 16, 42, 49, 8, 9, 18, 44, 51]
[10, 14, 40, 16, 42, 8, 52, 9, 18, 53, 54]
[10, 14, 40, 16, 49, 8, 43, 50, 9, 44, 51]
[10, 14, 40, 16, 8, 43, 50, 52, 9, 53, 54]
[14, 40, 42, 8, 50, 52, 9, 18, 44, 53, 54]
[14, 40, 8, 43, 50, 52, 9, 18, 51, 53, 54]
[14, 40, 49, 8, 50, 52, 9, 18, 44, 53, 54]
[14, 42, 49, 8, 43, 50, 52, 9, 18, 44, 51]
[14, 40, 42, 49, 8, 43, 52, 9, 44, 53, 54]
[10, 14, 16, 8, 43, 52, 18, 44, 51, 53, 54]
[10, 14, 16, 42, 49, 8, 43, 50, 52, 53, 54]
[10, 14, 16, 42, 8, 50, 52, 44, 51, 53, 54]
[14, 40, 42, 49, 8, 43, 50, 52, 18, 51, 54]
[14, 42, 49, 8, 43, 50, 52, 18, 51, 53, 54]
[10, 14, 49, 43, 52, 9, 18, 44, 51, 53, 54]
[10, 14, 42, 49, 50, 52, 9, 44, 51, 53, 54]
[14, 40, 16, 42, 43, 50, 52, 9, 18, 51, 54]
[14, 40, 16, 42, 49, 50, 52, 9, 18, 44, 54]
[14, 40, 16, 49, 43, 50, 52, 9, 18, 44, 51]
[14, 16, 42, 43, 50, 52, 9, 18, 51, 53, 54]
[14, 16, 42, 49, 50, 52, 9, 18, 44, 53, 54]
[14, 16, 49, 43, 50, 52, 9, 18, 51, 53, 54]
[10, 14, 40, 42, 43, 52, 18, 44, 51, 53, 54]
[14, 40, 16, 42, 43, 50, 52, 18, 51, 53, 54]
[14, 40, 16, 42, 49, 50, 52, 18, 44, 53, 54]
[14, 40, 16, 49, 43, 50, 52, 18, 51, 53, 54]
[0, 1, 10, 5, 40, 7, 16, 42, 49, 8, 43, 9, 18]
[0, 1, 10, 5, 40, 7, 16, 42, 8, 9, 18, 44, 51]
[0, 1, 10, 5, 40, 7, 16, 49, 8, 9, 18, 44, 51]
[0, 1, 10, 5, 40, 7, 16, 8, 43, 50, 9, 44, 51]
[0, 1, 10, 5, 7, 16, 42, 49, 8, 43, 50, 44, 51]
[0, 1, 10, 5, 14, 16, 42, 49, 8, 9, 18, 44, 51]
[0, 1, 10, 5, 14, 16, 42, 8, 43, 50, 9, 44, 51]
[0, 1, 10, 5, 14, 16, 49, 8, 43, 50, 9, 44, 51]
[0, 1, 10, 5, 14, 40, 16, 42, 49, 8, 18, 44, 51]
[0, 1, 10, 5, 14, 40, 16, 42, 8, 43, 50, 44, 51]
[0, 1, 10, 5, 14, 40, 16, 49, 8, 43, 50, 44, 51]
[0, 1, 10, 5, 14, 40, 42, 49, 43, 50, 9, 44, 51]
[0, 1, 10, 14, 40, 7, 42, 49, 8, 50, 52, 9, 18]
[0, 1, 10, 14, 40, 7, 8, 50, 52, 9, 18, 44, 54]
[0, 1, 10, 14, 40, 7, 42, 8, 43, 52, 9, 44, 54]
[0, 1, 10, 14, 40, 7, 42, 49, 8, 52, 9, 51, 54]
[0, 1, 10, 14, 7, 42, 8, 43, 50, 52, 18, 51, 54]
[0, 1, 10, 14, 7, 42, 49, 8, 50, 52, 18, 44, 54]
[0, 1, 10, 14, 7, 49, 8, 43, 50, 52, 18, 44, 51]
[0, 1, 10, 14, 7, 16, 42, 50, 52, 9, 18, 44, 54]
[0, 1, 10, 14, 7, 16, 43, 50, 52, 9, 18, 44, 51]
[0, 1, 10, 14, 40, 7, 16, 43, 50, 52, 18, 51, 54]
[0, 1, 10, 14, 40, 7, 16, 49, 50, 52, 18, 44, 54]
[0, 1, 10, 14, 40, 7, 16, 42, 49, 43, 52, 44, 54]
[0, 1, 10, 42, 49, 8, 43, 50, 52, 9, 18, 44, 51]
[0, 1, 10, 40, 42, 49, 8, 43, 50, 52, 18, 51, 54]
[0, 1, 10, 40, 16, 42, 43, 50, 52, 9, 18, 51, 54]
[0, 1, 10, 40, 16, 42, 49, 50, 52, 9, 18, 44, 54]
[0, 1, 10, 40, 16, 49, 43, 50, 52, 9, 18, 44, 51]
[0, 10, 5, 7, 16, 42, 49, 8, 43, 50, 9, 44, 51]
[0, 10, 5, 7, 16, 42, 8, 43, 50, 52, 9, 53, 54]
[0, 10, 5, 40, 7, 16, 42, 49, 8, 52, 18, 53, 54]
[0, 10, 5, 40, 7, 16, 49, 8, 43, 50, 52, 53, 54]
[0, 10, 5, 40, 7, 16, 8, 50, 52, 44, 51, 53, 54]
[0, 10, 5, 40, 7, 49, 50, 52, 9, 44, 51, 53, 54]
[0, 10, 5, 14, 40, 16, 49, 8, 52, 9, 18, 53, 54]
[0, 10, 5, 14, 40, 16, 42, 8, 43, 50, 9, 44, 51]
[0, 10, 5, 14, 16, 49, 8, 50, 52, 44, 51, 53, 54]
[0, 10, 5, 14, 42, 43, 52, 9, 18, 44, 51, 53, 54]
[0, 10, 5, 14, 40, 49, 43, 52, 18, 44, 51, 53, 54]
[0, 10, 5, 14, 40, 42, 49, 50, 52, 44, 51, 53, 54]
[10, 7, 16, 42, 8, 43, 52, 9, 18, 44, 51, 53, 54]
[10, 40, 7, 16, 49, 8, 43, 52, 18, 44, 51, 53, 54]
[10, 40, 7, 16, 42, 49, 8, 50, 52, 44, 51, 53, 54]
[40, 7, 16, 42, 49, 43, 50, 52, 9, 18, 51, 53, 54]
[10, 14, 40, 16, 49, 8, 50, 52, 9, 44, 51, 53, 54]
[14, 40, 42, 49, 8, 43, 50, 52, 9, 18, 51, 53, 54]
[0, 1, 10, 5, 40, 7, 16, 42, 49, 8, 43, 50, 9, 44, 51]
[0, 1, 10, 14, 40, 7, 42, 8, 43, 50, 52, 9, 18, 44, 51]
[0, 1, 10, 14, 40, 7, 49, 8, 43, 50, 52, 9, 18, 51, 54]
[0, 1, 10, 14, 7, 16, 42, 49, 43, 50, 52, 9, 18, 51, 54]
[0, 1, 10, 14, 40, 7, 16, 42, 49, 43, 50, 52, 18, 44, 51]
[0, 10, 5, 7, 16, 49, 8, 43, 52, 9, 18, 44, 51, 53, 54]
[0, 10, 5, 7, 16, 42, 49, 8, 50, 52, 9, 44, 51, 53, 54]
[0, 10, 5, 40, 7, 16, 42, 8, 43, 52, 18, 44, 51, 53, 54]
[0, 10, 5, 40, 7, 42, 49, 43, 52, 9, 18, 44, 51, 53, 54]
[0, 10, 5, 14, 40, 16, 8, 43, 52, 9, 18, 44, 51, 53, 54]
[0, 10, 5, 14, 40, 16, 42, 49, 8, 43, 50, 52, 9, 53, 54]
[0, 10, 5, 14, 40, 16, 42, 8, 50, 52, 9, 44, 51, 53, 54]
[0, 10, 5, 14, 16, 42, 49, 8, 43, 52, 18, 44, 51, 53, 54]
[10, 14, 40, 16, 42, 49, 8, 43, 52, 9, 18, 44, 51, 53, 54]
