[[1], [2], [3, 5], [4]]
[6, 45, 49, 44]
[0, 6, 45, 49, 44]
[6, 45, 7, 49, 44]
[6, 45, 49, 8, 44]
[6, 45, 42, 49, 44]
[6, 45, 49, 43, 44]
[6, 45, 46, 49, 44]
[0, 6, 45, 7, 49, 44]
[0, 6, 45, 49, 8, 44]
[0, 6, 45, 42, 49, 44]
[0, 6, 45, 49, 43, 44]
[0, 6, 45, 46, 49, 44]
[5, 6, 45, 49, 9, 44]
[5, 40, 6, 45, 49, 44]
[6, 45, 7, 49, 8, 44]
[6, 45, 7, 42, 49, 44]
[6, 45, 7, 49, 43, 44]
[6, 45, 7, 46, 49, 44]
[6, 45, 42, 49, 8, 44]
[6, 45, 49, 8, 43, 44]
[6, 45, 46, 49, 8, 44]
[40, 6, 45, 49, 9, 44]
[6, 45, 42, 49, 43, 44]
[6, 45, 42, 46, 49, 44]
[6, 45, 46, 49, 43, 44]
[0, 5, 6, 45, 49, 9, 44]
[0, 5, 40, 6, 45, 49, 44]
[0, 6, 45, 7, 49, 8, 44]
[0, 6, 45, 7, 42, 49, 44]
[0, 6, 45, 7, 49, 43, 44]
[0, 6, 45, 7, 46, 49, 44]
[0, 6, 45, 42, 49, 8, 44]
[0, 6, 45, 49, 8, 43, 44]
[0, 6, 45, 46, 49, 8, 44]
[0, 40, 6, 45, 49, 9, 44]
[0, 6, 45, 42, 49, 43, 44]
[0, 6, 45, 42, 46, 49, 44]
[0, 6, 45, 46, 49, 43, 44]
[5, 6, 45, 7, 49, 9, 44]
[5, 40, 6, 45, 7, 49, 44]
[5, 6, 45, 49, 8, 9, 44]
[5, 40, 6, 45, 49, 8, 44]
[5, 6, 45, 42, 49, 9, 44]
[5, 6, 45, 49, 43, 9, 44]
[5, 6, 45, 46, 49, 9, 44]
[5, 40, 6, 45, 42, 49, 44]
[5, 40, 6, 45, 49, 43, 44]
[5, 40, 6, 45, 46, 49, 44]
[6, 45, 7, 42, 49, 8, 44]
[6, 45, 7, 49, 8, 43, 44]
[6, 45, 7, 46, 49, 8, 44]
[40, 6, 45, 7, 49, 9, 44]
[6, 45, 7, 42, 49, 43, 44]
[6, 45, 7, 42, 46, 49, 44]
[6, 45, 7, 46, 49, 43, 44]
[40, 6, 45, 49, 8, 9, 44]
[6, 45, 42, 49, 8, 43, 44]
[6, 45, 42, 46, 49, 8, 44]
[6, 45, 46, 49, 8, 43, 44]
[40, 6, 45, 42, 49, 9, 44]
[40, 6, 45, 49, 43, 9, 44]
[40, 6, 45, 46, 49, 9, 44]
[6, 45, 42, 46, 49, 43, 44]
[0, 5, 6, 45, 7, 49, 9, 44]
[0, 5, 40, 6, 45, 7, 49, 44]
[0, 5, 6, 45, 49, 8, 9, 44]
[0, 5, 40, 6, 45, 49, 8, 44]
[0, 5, 6, 45, 42, 49, 9, 44]
[0, 5, 6, 45, 49, 43, 9, 44]
[0, 5, 6, 45, 46, 49, 9, 44]
[0, 5, 40, 6, 45, 42, 49, 44]
[0, 5, 40, 6, 45, 49, 43, 44]
[0, 5, 40, 6, 45, 46, 49, 44]
[0, 6, 45, 7, 42, 49, 8, 44]
[0, 6, 45, 7, 49, 8, 43, 44]
[0, 6, 45, 7, 46, 49, 8, 44]
[0, 40, 6, 45, 7, 49, 9, 44]
[0, 6, 45, 7, 42, 49, 43, 44]
[0, 6, 45, 7, 42, 46, 49, 44]
[0, 6, 45, 7, 46, 49, 43, 44]
[0, 40, 6, 45, 49, 8, 9, 44]
[0, 6, 45, 42, 49, 8, 43, 44]
[0, 6, 45, 42, 46, 49, 8, 44]
[0, 6, 45, 46, 49, 8, 43, 44]
[0, 40, 6, 45, 42, 49, 9, 44]
[0, 40, 6, 45, 49, 43, 9, 44]
[0, 40, 6, 45, 46, 49, 9, 44]
[0, 6, 45, 42, 46, 49, 43, 44]
[5, 6, 45, 7, 49, 8, 9, 44]
[5, 40, 6, 45, 7, 49, 8, 44]
[5, 6, 45, 7, 42, 49, 9, 44]
[5, 6, 45, 7, 49, 43, 9, 44]
[5, 6, 45, 7, 46, 49, 9, 44]
[5, 40, 6, 45, 7, 42, 49, 44]
[5, 40, 6, 45, 7, 49, 43, 44]
[5, 40, 6, 45, 7, 46, 49, 44]
[5, 6, 45, 42, 49, 8, 9, 44]
[5, 6, 45, 49, 8, 43, 9, 44]
[5, 6, 45, 46, 49, 8, 9, 44]
[5, 40, 6, 45, 42, 49, 8, 44]
[5, 40, 6, 45, 49, 8, 43, 44]
[5, 40, 6, 45, 46, 49, 8, 44]
[5, 6, 45, 42, 49, 43, 9, 44]
[5, 6, 45, 42, 46, 49, 9, 44]
[5, 6, 45, 46, 49, 43, 9, 44]
[5, 40, 6, 45, 42, 49, 43, 44]
[5, 40, 6, 45, 42, 46, 49, 44]
[5, 40, 6, 45, 46, 49, 43, 44]
[40, 6, 45, 7, 49, 8, 9, 44]
[6, 45, 7, 42, 49, 8, 43, 44]
[6, 45, 7, 42, 46, 49, 8, 44]
[6, 45, 7, 46, 49, 8, 43, 44]
[40, 6, 45, 7, 42, 49, 9, 44]
[40, 6, 45, 7, 49, 43, 9, 44]
[40, 6, 45, 7, 46, 49, 9, 44]
[6, 45, 7, 42, 46, 49, 43, 44]
[40, 6, 45, 42, 49, 8, 9, 44]
[40, 6, 45, 49, 8, 43, 9, 44]
[40, 6, 45, 46, 49, 8, 9, 44]
[6, 45, 42, 46, 49, 8, 43, 44]
[40, 6, 45, 42, 49, 43, 9, 44]
[40, 6, 45, 42, 46, 49, 9, 44]
[40, 6, 45, 46, 49, 43, 9, 44]
[0, 5, 6, 45, 7, 49, 8, 9, 44]
[0, 5, 40, 6, 45, 7, 49, 8, 44]
[0, 5, 6, 45, 7, 42, 49, 9, 44]
[0, 5, 6, 45, 7, 49, 43, 9, 44]
[0, 5, 6, 45, 7, 46, 49, 9, 44]
[0, 5, 40, 6, 45, 7, 42, 49, 44]
[0, 5, 40, 6, 45, 7, 49, 43, 44]
[0, 5, 40, 6, 45, 7, 46, 49, 44]
[0, 5, 6, 45, 42, 49, 8, 9, 44]
[0, 5, 6, 45, 49, 8, 43, 9, 44]
[0, 5, 6, 45, 46, 49, 8, 9, 44]
[0, 5, 40, 6, 45, 42, 49, 8, 44]
[0, 5, 40, 6, 45, 49, 8, 43, 44]
[0, 5, 40, 6, 45, 46, 49, 8, 44]
[0, 5, 6, 45, 42, 49, 43, 9, 44]
[0, 5, 6, 45, 42, 46, 49, 9, 44]
[0, 5, 6, 45, 46, 49, 43, 9, 44]
[0, 5, 40, 6, 45, 42, 49, 43, 44]
[0, 5, 40, 6, 45, 42, 46, 49, 44]
[0, 5, 40, 6, 45, 46, 49, 43, 44]
[0, 40, 6, 45, 7, 49, 8, 9, 44]
[0, 6, 45, 7, 42, 49, 8, 43, 44]
[0, 6, 45, 7, 42, 46, 49, 8, 44]
[0, 6, 45, 7, 46, 49, 8, 43, 44]
[0, 40, 6, 45, 7, 42, 49, 9, 44]
[0, 40, 6, 45, 7, 49, 43, 9, 44]
[0, 40, 6, 45, 7, 46, 49, 9, 44]
[0, 6, 45, 7, 42, 46, 49, 43, 44]
[0, 40, 6, 45, 42, 49, 8, 9, 44]
[0, 40, 6, 45, 49, 8, 43, 9, 44]
[0, 40, 6, 45, 46, 49, 8, 9, 44]
[0, 6, 45, 42, 46, 49, 8, 43, 44]
[0, 40, 6, 45, 42, 49, 43, 9, 44]
[0, 40, 6, 45, 42, 46, 49, 9, 44]
[0, 40, 6, 45, 46, 49, 43, 9, 44]
[5, 6, 45, 7, 42, 49, 8, 9, 44]
[5, 6, 45, 7, 49, 8, 43, 9, 44]
[5, 6, 45, 7, 46, 49, 8, 9, 44]
[5, 40, 6, 45, 7, 42, 49, 8, 44]
[5, 40, 6, 45, 7, 49, 8, 43, 44]
[5, 40, 6, 45, 7, 46, 49, 8, 44]
[5, 6, 45, 7, 42, 49, 43, 9, 44]
[5, 6, 45, 7, 42, 46, 49, 9, 44]
[5, 6, 45, 7, 46, 49, 43, 9, 44]
[5, 40, 6, 45, 7, 42, 49, 43, 44]
[5, 40, 6, 45, 7, 42, 46, 49, 44]
[5, 40, 6, 45, 7, 46, 49, 43, 44]
[5, 6, 45, 42, 49, 8, 43, 9, 44]
[5, 6, 45, 42, 46, 49, 8, 9, 44]
[5, 6, 45, 46, 49, 8, 43, 9, 44]
[5, 40, 6, 45, 42, 49, 8, 43, 44]
[5, 40, 6, 45, 42, 46, 49, 8, 44]
[5, 40, 6, 45, 46, 49, 8, 43, 44]
[5, 6, 45, 42, 46, 49, 43, 9, 44]
[5, 40, 6, 45, 42, 46, 49, 43, 44]
[40, 6, 45, 7, 42, 49, 8, 9, 44]
[40, 6, 45, 7, 49, 8, 43, 9, 44]
[40, 6, 45, 7, 46, 49, 8, 9, 44]
[6, 45, 7, 42, 46, 49, 8, 43, 44]
[40, 6, 45, 7, 42, 49, 43, 9, 44]
[40, 6, 45, 7, 42, 46, 49, 9, 44]
[40, 6, 45, 7, 46, 49, 43, 9, 44]
[40, 6, 45, 42, 49, 8, 43, 9, 44]
[40, 6, 45, 42, 46, 49, 8, 9, 44]
[40, 6, 45, 46, 49, 8, 43, 9, 44]
[40, 6, 45, 42, 46, 49, 43, 9, 44]
[0, 5, 6, 45, 7, 42, 49, 8, 9, 44]
[0, 5, 6, 45, 7, 49, 8, 43, 9, 44]
[0, 5, 6, 45, 7, 46, 49, 8, 9, 44]
[0, 5, 40, 6, 45, 7, 42, 49, 8, 44]
[0, 5, 40, 6, 45, 7, 49, 8, 43, 44]
[0, 5, 40, 6, 45, 7, 46, 49, 8, 44]
[0, 5, 6, 45, 7, 42, 49, 43, 9, 44]
[0, 5, 6, 45, 7, 42, 46, 49, 9, 44]
[0, 5, 6, 45, 7, 46, 49, 43, 9, 44]
[0, 5, 40, 6, 45, 7, 42, 49, 43, 44]
[0, 5, 40, 6, 45, 7, 42, 46, 49, 44]
[0, 5, 40, 6, 45, 7, 46, 49, 43, 44]
[0, 5, 6, 45, 42, 49, 8, 43, 9, 44]
[0, 5, 6, 45, 42, 46, 49, 8, 9, 44]
[0, 5, 6, 45, 46, 49, 8, 43, 9, 44]
[0, 5, 40, 6, 45, 42, 49, 8, 43, 44]
[0, 5, 40, 6, 45, 42, 46, 49, 8, 44]
[0, 5, 40, 6, 45, 46, 49, 8, 43, 44]
[0, 5, 6, 45, 42, 46, 49, 43, 9, 44]
[0, 5, 40, 6, 45, 42, 46, 49, 43, 44]
[0, 40, 6, 45, 7, 42, 49, 8, 9, 44]
[0, 40, 6, 45, 7, 49, 8, 43, 9, 44]
[0, 40, 6, 45, 7, 46, 49, 8, 9, 44]
[0, 6, 45, 7, 42, 46, 49, 8, 43, 44]
[0, 40, 6, 45, 7, 42, 49, 43, 9, 44]
[0, 40, 6, 45, 7, 42, 46, 49, 9, 44]
[0, 40, 6, 45, 7, 46, 49, 43, 9, 44]
[0, 40, 6, 45, 42, 49, 8, 43, 9, 44]
[0, 40, 6, 45, 42, 46, 49, 8, 9, 44]
[0, 40, 6, 45, 46, 49, 8, 43, 9, 44]
[0, 40, 6, 45, 42, 46, 49, 43, 9, 44]
[5, 6, 45, 7, 42, 49, 8, 43, 9, 44]
[5, 6, 45, 7, 42, 46, 49, 8, 9, 44]
[5, 6, 45, 7, 46, 49, 8, 43, 9, 44]
[5, 40, 6, 45, 7, 42, 49, 8, 43, 44]
[5, 40, 6, 45, 7, 42, 46, 49, 8, 44]
[5, 40, 6, 45, 7, 46, 49, 8, 43, 44]
[5, 6, 45, 7, 42, 46, 49, 43, 9, 44]
[5, 40, 6, 45, 7, 42, 46, 49, 43, 44]
[5, 6, 45, 42, 46, 49, 8, 43, 9, 44]
[5, 40, 6, 45, 42, 46, 49, 8, 43, 44]
[40, 6, 45, 7, 42, 49, 8, 43, 9, 44]
[40, 6, 45, 7, 42, 46, 49, 8, 9, 44]
[40, 6, 45, 7, 46, 49, 8, 43, 9, 44]
[40, 6, 45, 7, 42, 46, 49, 43, 9, 44]
[40, 6, 45, 42, 46, 49, 8, 43, 9, 44]
[0, 5, 6, 45, 7, 42, 49, 8, 43, 9, 44]
[0, 5, 6, 45, 7, 42, 46, 49, 8, 9, 44]
[0, 5, 6, 45, 7, 46, 49, 8, 43, 9, 44]
[0, 5, 40, 6, 45, 7, 42, 49, 8, 43, 44]
[0, 5, 40, 6, 45, 7, 42, 46, 49, 8, 44]
[0, 5, 40, 6, 45, 7, 46, 49, 8, 43, 44]
[0, 5, 6, 45, 7, 42, 46, 49, 43, 9, 44]
[0, 5, 40, 6, 45, 7, 42, 46, 49, 43, 44]
[0, 5, 6, 45, 42, 46, 49, 8, 43, 9, 44]
[0, 5, 40, 6, 45, 42, 46, 49, 8, 43, 44]
[0, 40, 6, 45, 7, 42, 49, 8, 43, 9, 44]
[0, 40, 6, 45, 7, 42, 46, 49, 8, 9, 44]
[0, 40, 6, 45, 7, 46, 49, 8, 43, 9, 44]
[0, 40, 6, 45, 7, 42, 46, 49, 43, 9, 44]
[0, 40, 6, 45, 42, 46, 49, 8, 43, 9, 44]
[5, 6, 45, 7, 42, 46, 49, 8, 43, 9, 44]
[5, 40, 6, 45, 7, 42, 46, 49, 8, 43, 44]
[40, 6, 45, 7, 42, 46, 49, 8, 43, 9, 44]
[0, 5, 6, 45, 7, 42, 46, 49, 8, 43, 9, 44]
[0, 5, 40, 6, 45, 7, 42, 46, 49, 8, 43, 44]
[0, 40, 6, 45, 7, 42, 46, 49, 8, 43, 9, 44]
