[[2, 7], [3, 5], [4, 7], [6, 7]]
[0, 5, 14, 8, 50, 52, 44, 53]
[0, 5, 14, 16, 52, 18, 44, 53]
[0, 10, 7, 8, 17, 43, 52, 9]
[0, 10, 40, 7, 8, 17, 52, 51]
[0, 10, 14, 8, 17, 52, 9, 51]
[0, 10, 14, 40, 8, 17, 43, 52]
[1, 10, 5, 8, 43, 50, 44, 54]
[1, 10, 5, 16, 43, 18, 44, 54]
[10, 7, 17, 43, 52, 9, 18, 54]
[10, 40, 7, 17, 52, 18, 51, 54]
[10, 14, 17, 52, 9, 18, 51, 54]
[10, 14, 40, 17, 43, 52, 18, 54]
[0, 1, 10, 5, 7, 42, 52, 9, 53]
[0, 1, 10, 5, 14, 40, 42, 52, 53]
[0, 5, 7, 49, 8, 50, 52, 44, 53]
[0, 5, 7, 16, 49, 52, 18, 44, 53]
[0, 5, 14, 42, 8, 52, 18, 44, 53]
[0, 5, 14, 16, 42, 50, 52, 44, 53]
[0, 10, 7, 49, 8, 17, 52, 9, 51]
[0, 10, 40, 7, 49, 8, 17, 43, 52]
[0, 10, 7, 16, 42, 17, 43, 52, 9]
[0, 10, 40, 7, 16, 42, 17, 52, 51]
[0, 10, 14, 49, 8, 17, 43, 52, 9]
[0, 10, 14, 40, 49, 8, 17, 52, 51]
[0, 10, 14, 16, 42, 17, 52, 9, 51]
[0, 10, 14, 40, 16, 42, 17, 43, 52]
[1, 10, 5, 42, 8, 43, 18, 44, 54]
[1, 10, 5, 49, 8, 50, 44, 51, 54]
[1, 10, 5, 16, 49, 18, 44, 51, 54]
[1, 10, 5, 16, 42, 43, 50, 44, 54]
[1, 10, 42, 52, 9, 44, 51, 53, 54]
[1, 10, 40, 42, 43, 52, 44, 53, 54]
[10, 7, 49, 17, 52, 9, 18, 51, 54]
[10, 7, 42, 17, 43, 50, 52, 9, 54]
[10, 40, 7, 49, 17, 43, 52, 18, 54]
[10, 40, 7, 42, 17, 50, 52, 51, 54]
[10, 14, 49, 17, 43, 52, 9, 18, 54]
[10, 14, 42, 17, 50, 52, 9, 51, 54]
[10, 14, 40, 49, 17, 52, 18, 51, 54]
[10, 14, 40, 42, 17, 43, 50, 52, 54]
[0, 1, 10, 5, 7, 16, 8, 52, 9, 53]
[0, 1, 10, 5, 7, 8, 17, 43, 52, 9]
[0, 1, 10, 5, 40, 7, 8, 17, 52, 51]
[0, 1, 10, 5, 7, 50, 52, 9, 18, 53]
[0, 1, 10, 5, 40, 7, 42, 49, 52, 53]
[0, 1, 10, 5, 14, 8, 17, 52, 9, 51]
[0, 1, 10, 5, 14, 40, 16, 8, 52, 53]
[0, 1, 10, 5, 14, 40, 8, 17, 43, 52]
[0, 1, 10, 5, 14, 42, 49, 52, 9, 53]
[0, 1, 10, 5, 14, 40, 50, 52, 18, 53]
[0, 1, 10, 7, 8, 43, 50, 9, 44, 54]
[0, 1, 10, 40, 7, 8, 50, 44, 51, 54]
[0, 1, 10, 7, 16, 43, 9, 18, 44, 54]
[0, 1, 10, 7, 17, 43, 52, 9, 18, 54]
[0, 1, 10, 40, 7, 16, 18, 44, 51, 54]
[0, 1, 10, 40, 7, 17, 52, 18, 51, 54]
[0, 1, 10, 14, 8, 50, 9, 44, 51, 54]
[0, 1, 10, 14, 40, 8, 43, 50, 44, 54]
[0, 1, 10, 14, 16, 9, 18, 44, 51, 54]
[0, 1, 10, 14, 17, 52, 9, 18, 51, 54]
[0, 1, 10, 14, 40, 16, 43, 18, 44, 54]
[0, 1, 10, 14, 40, 17, 43, 52, 18, 54]
[0, 5, 40, 7, 8, 50, 52, 9, 44, 53]
[0, 5, 7, 8, 43, 50, 52, 9, 53, 54]
[0, 5, 7, 42, 49, 8, 52, 18, 44, 53]
[0, 5, 40, 7, 8, 50, 52, 51, 53, 54]
[0, 5, 7, 8, 43, 50, 52, 44, 51, 53]
[0, 5, 40, 7, 16, 52, 9, 18, 44, 53]
[0, 5, 7, 16, 43, 52, 9, 18, 53, 54]
[0, 5, 40, 7, 16, 52, 18, 51, 53, 54]
[0, 5, 7, 16, 43, 52, 18, 44, 51, 53]
[0, 5, 7, 16, 42, 49, 50, 52, 44, 53]
[0, 5, 14, 8, 50, 52, 9, 51, 53, 54]
[0, 5, 14, 40, 8, 43, 50, 52, 53, 54]
[0, 5, 14, 16, 52, 9, 18, 51, 53, 54]
[0, 5, 14, 40, 16, 43, 52, 18, 53, 54]
[0, 10, 7, 8, 17, 43, 52, 9, 53, 54]
[0, 10, 40, 7, 8, 17, 52, 51, 53, 54]
[0, 10, 7, 16, 17, 43, 50, 52, 9, 18]
[0, 10, 7, 16, 42, 49, 17, 52, 9, 51]
[0, 10, 40, 7, 16, 17, 50, 52, 18, 51]
[0, 10, 40, 7, 16, 42, 49, 17, 43, 52]
[0, 10, 14, 8, 17, 52, 9, 51, 53, 54]
[0, 10, 14, 40, 8, 17, 43, 52, 53, 54]
[0, 10, 14, 16, 17, 50, 52, 9, 18, 51]
[0, 10, 14, 16, 42, 49, 17, 43, 52, 9]
[0, 10, 14, 40, 16, 17, 43, 50, 52, 18]
[0, 10, 14, 40, 16, 42, 49, 17, 52, 51]
[1, 10, 5, 14, 7, 8, 50, 44, 51, 54]
[1, 10, 5, 14, 7, 16, 18, 44, 51, 54]
[1, 10, 5, 40, 8, 50, 9, 44, 51, 54]
[1, 10, 5, 42, 49, 8, 18, 44, 51, 54]
[1, 10, 5, 40, 16, 9, 18, 44, 51, 54]
[1, 10, 5, 16, 42, 49, 50, 44, 51, 54]
[1, 10, 16, 8, 52, 9, 44, 51, 53, 54]
[1, 10, 40, 16, 8, 43, 52, 44, 53, 54]
[1, 10, 50, 52, 9, 18, 44, 51, 53, 54]
[1, 10, 42, 49, 43, 52, 9, 44, 53, 54]
[1, 10, 40, 43, 50, 52, 18, 44, 53, 54]
[1, 10, 40, 42, 49, 52, 44, 51, 53, 54]
[10, 7, 16, 8, 17, 43, 50, 52, 9, 54]
[10, 40, 7, 16, 8, 17, 50, 52, 51, 54]
[10, 7, 17, 43, 52, 9, 18, 44, 53, 54]
[10, 7, 42, 49, 17, 50, 52, 9, 51, 54]
[10, 40, 7, 17, 52, 18, 44, 51, 53, 54]
[10, 40, 7, 42, 49, 17, 43, 50, 52, 54]
[10, 14, 16, 8, 17, 50, 52, 9, 51, 54]
[10, 14, 40, 16, 8, 17, 43, 50, 52, 54]
[10, 14, 17, 52, 9, 18, 44, 51, 53, 54]
[10, 14, 42, 49, 17, 43, 50, 52, 9, 54]
[10, 14, 40, 17, 43, 52, 18, 44, 53, 54]
[10, 14, 40, 42, 49, 17, 50, 52, 51, 54]
[0, 1, 10, 5, 7, 49, 8, 17, 52, 9, 51]
[0, 1, 10, 5, 40, 7, 16, 49, 8, 52, 53]
[0, 1, 10, 5, 40, 7, 49, 8, 17, 43, 52]
[0, 1, 10, 5, 7, 16, 42, 17, 43, 52, 9]
[0, 1, 10, 5, 40, 7, 16, 42, 17, 52, 51]
[0, 1, 10, 5, 40, 7, 49, 50, 52, 18, 53]
[0, 1, 10, 5, 40, 7, 42, 43, 52, 51, 53]
[0, 1, 10, 5, 14, 16, 49, 8, 52, 9, 53]
[0, 1, 10, 5, 14, 49, 8, 17, 43, 52, 9]
[0, 1, 10, 5, 14, 40, 49, 8, 17, 52, 51]
[0, 1, 10, 5, 14, 16, 42, 17, 52, 9, 51]
[0, 1, 10, 5, 14, 49, 50, 52, 9, 18, 53]
[0, 1, 10, 5, 14, 42, 43, 52, 9, 51, 53]
[0, 1, 10, 5, 14, 40, 16, 42, 17, 43, 52]
[0, 1, 10, 7, 42, 8, 43, 9, 18, 44, 54]
[0, 1, 10, 7, 49, 8, 50, 9, 44, 51, 54]
[0, 1, 10, 40, 7, 42, 8, 18, 44, 51, 54]
[0, 1, 10, 40, 7, 49, 8, 43, 50, 44, 54]
[0, 1, 10, 7, 16, 49, 9, 18, 44, 51, 54]
[0, 1, 10, 7, 16, 42, 43, 50, 9, 44, 54]
[0, 1, 10, 7, 49, 17, 52, 9, 18, 51, 54]
[0, 1, 10, 7, 42, 17, 43, 50, 52, 9, 54]
[0, 1, 10, 7, 42, 17, 52, 9, 51, 53, 54]
[0, 1, 10, 40, 7, 16, 49, 43, 18, 44, 54]
[0, 1, 10, 40, 7, 16, 42, 50, 44, 51, 54]
[0, 1, 10, 40, 7, 49, 17, 43, 52, 18, 54]
[0, 1, 10, 40, 7, 42, 17, 43, 52, 53, 54]
[0, 1, 10, 40, 7, 42, 17, 50, 52, 51, 54]
[0, 1, 10, 14, 42, 8, 9, 18, 44, 51, 54]
[0, 1, 10, 14, 49, 8, 43, 50, 9, 44, 54]
[0, 1, 10, 14, 40, 42, 8, 43, 18, 44, 54]
[0, 1, 10, 14, 40, 49, 8, 50, 44, 51, 54]
[0, 1, 10, 14, 16, 49, 43, 9, 18, 44, 54]
[0, 1, 10, 14, 16, 42, 50, 9, 44, 51, 54]
[0, 1, 10, 14, 49, 17, 43, 52, 9, 18, 54]
[0, 1, 10, 14, 42, 17, 43, 52, 9, 53, 54]
[0, 1, 10, 14, 42, 17, 50, 52, 9, 51, 54]
[0, 1, 10, 14, 40, 16, 49, 18, 44, 51, 54]
[0, 1, 10, 14, 40, 16, 42, 43, 50, 44, 54]
[0, 1, 10, 14, 40, 49, 17, 52, 18, 51, 54]
[0, 1, 10, 14, 40, 42, 17, 43, 50, 52, 54]
[0, 1, 10, 14, 40, 42, 17, 52, 51, 53, 54]
[0, 5, 40, 7, 42, 8, 52, 9, 18, 44, 53]
[0, 5, 7, 42, 8, 43, 52, 9, 18, 53, 54]
[0, 5, 7, 49, 8, 50, 52, 9, 51, 53, 54]
[0, 5, 40, 7, 42, 8, 52, 18, 51, 53, 54]
[0, 5, 7, 42, 8, 43, 52, 18, 44, 51, 53]
[0, 5, 40, 7, 49, 8, 43, 50, 52, 53, 54]
[0, 5, 7, 16, 49, 52, 9, 18, 51, 53, 54]
[0, 5, 40, 7, 16, 42, 50, 52, 9, 44, 53]
[0, 5, 7, 16, 42, 43, 50, 52, 9, 53, 54]
[0, 5, 40, 7, 16, 49, 43, 52, 18, 53, 54]
[0, 5, 40, 7, 16, 42, 50, 52, 51, 53, 54]
[0, 5, 7, 16, 42, 43, 50, 52, 44, 51, 53]
[0, 5, 14, 42, 8, 52, 9, 18, 51, 53, 54]
[0, 5, 14, 40, 49, 8, 50, 52, 9, 44, 53]
[0, 5, 14, 49, 8, 43, 50, 52, 9, 53, 54]
[0, 5, 14, 40, 42, 8, 43, 52, 18, 53, 54]
[0, 5, 14, 40, 49, 8, 50, 52, 51, 53, 54]
[0, 5, 14, 49, 8, 43, 50, 52, 44, 51, 53]
[0, 5, 14, 40, 16, 49, 52, 9, 18, 44, 53]
[0, 5, 14, 16, 49, 43, 52, 9, 18, 53, 54]
[0, 5, 14, 16, 42, 50, 52, 9, 51, 53, 54]
[0, 5, 14, 40, 16, 49, 52, 18, 51, 53, 54]
[0, 5, 14, 16, 49, 43, 52, 18, 44, 51, 53]
[0, 5, 14, 40, 16, 42, 43, 50, 52, 53, 54]
[0, 10, 7, 42, 8, 17, 43, 50, 52, 9, 18]
[0, 10, 7, 49, 8, 17, 52, 9, 51, 53, 54]
[0, 10, 40, 7, 42, 8, 17, 50, 52, 18, 51]
[0, 10, 40, 7, 49, 8, 17, 43, 52, 53, 54]
[0, 10, 7, 16, 49, 17, 50, 52, 9, 18, 51]
[0, 10, 7, 16, 42, 17, 43, 52, 9, 53, 54]
[0, 10, 40, 7, 16, 49, 17, 43, 50, 52, 18]
[0, 10, 40, 7, 16, 42, 17, 52, 51, 53, 54]
[0, 10, 14, 42, 8, 17, 50, 52, 9, 18, 51]
[0, 10, 14, 49, 8, 17, 43, 52, 9, 53, 54]
[0, 10, 14, 40, 42, 8, 17, 43, 50, 52, 18]
[0, 10, 14, 40, 49, 8, 17, 52, 51, 53, 54]
[0, 10, 14, 16, 49, 17, 43, 50, 52, 9, 18]
[0, 10, 14, 16, 42, 17, 52, 9, 51, 53, 54]
[0, 10, 14, 40, 16, 49, 17, 50, 52, 18, 51]
[0, 10, 14, 40, 16, 42, 17, 43, 52, 53, 54]
[1, 10, 5, 14, 7, 42, 8, 18, 44, 51, 54]
[1, 10, 5, 14, 7, 49, 8, 43, 50, 44, 54]
[1, 10, 5, 14, 7, 16, 49, 43, 18, 44, 54]
[1, 10, 5, 14, 7, 16, 42, 50, 44, 51, 54]
[1, 10, 5, 40, 42, 8, 9, 18, 44, 51, 54]
[1, 10, 5, 40, 49, 8, 43, 50, 9, 44, 54]
[1, 10, 5, 40, 16, 49, 43, 9, 18, 44, 54]
[1, 10, 5, 40, 16, 42, 50, 9, 44, 51, 54]
[1, 10, 14, 7, 42, 43, 52, 9, 44, 53, 54]
[1, 10, 14, 40, 7, 42, 52, 44, 51, 53, 54]
[1, 10, 16, 49, 8, 43, 52, 9, 44, 53, 54]
[1, 10, 40, 16, 49, 8, 52, 44, 51, 53, 54]
[1, 10, 49, 43, 50, 52, 9, 18, 44, 53, 54]
[1, 10, 40, 49, 50, 52, 18, 44, 51, 53, 54]
[10, 7, 16, 42, 8, 17, 43, 52, 9, 18, 54]
[10, 7, 16, 49, 8, 17, 50, 52, 9, 51, 54]
[10, 40, 7, 16, 42, 8, 17, 52, 18, 51, 54]
[10, 40, 7, 16, 49, 8, 17, 43, 50, 52, 54]
[10, 7, 49, 17, 52, 9, 18, 44, 51, 53, 54]
[10, 7, 42, 17, 43, 50, 52, 9, 44, 53, 54]
[10, 40, 7, 49, 17, 43, 52, 18, 44, 53, 54]
[10, 40, 7, 42, 17, 50, 52, 44, 51, 53, 54]
[10, 14, 16, 42, 8, 17, 52, 9, 18, 51, 54]
[10, 14, 16, 49, 8, 17, 43, 50, 52, 9, 54]
[10, 14, 40, 16, 42, 8, 17, 43, 52, 18, 54]
[10, 14, 40, 16, 49, 8, 17, 50, 52, 51, 54]
[10, 14, 49, 17, 43, 52, 9, 18, 44, 53, 54]
[10, 14, 42, 17, 50, 52, 9, 44, 51, 53, 54]
[10, 14, 40, 49, 17, 52, 18, 44, 51, 53, 54]
[10, 14, 40, 42, 17, 43, 50, 52, 44, 53, 54]
[0, 1, 10, 5, 7, 8, 17, 50, 52, 9, 51, 54]
[0, 1, 10, 5, 40, 7, 16, 8, 43, 52, 51, 53]
[0, 1, 10, 5, 40, 7, 8, 17, 43, 50, 52, 54]
[0, 1, 10, 5, 7, 16, 17, 43, 50, 52, 9, 18]
[0, 1, 10, 5, 7, 16, 17, 52, 9, 18, 51, 54]
[0, 1, 10, 5, 7, 16, 42, 49, 17, 52, 9, 51]
[0, 1, 10, 5, 7, 42, 49, 43, 52, 9, 51, 53]
[0, 1, 10, 5, 40, 7, 16, 17, 43, 52, 18, 54]
[0, 1, 10, 5, 40, 7, 16, 17, 50, 52, 18, 51]
[0, 1, 10, 5, 40, 7, 16, 42, 49, 17, 43, 52]
[0, 1, 10, 5, 40, 7, 43, 50, 52, 18, 51, 53]
[0, 1, 10, 5, 14, 16, 8, 43, 52, 9, 51, 53]
[0, 1, 10, 5, 14, 8, 17, 43, 50, 52, 9, 54]
[0, 1, 10, 5, 14, 40, 8, 17, 50, 52, 51, 54]
[0, 1, 10, 5, 14, 16, 17, 43, 52, 9, 18, 54]
[0, 1, 10, 5, 14, 16, 17, 50, 52, 9, 18, 51]
[0, 1, 10, 5, 14, 16, 42, 49, 17, 43, 52, 9]
[0, 1, 10, 5, 14, 43, 50, 52, 9, 18, 51, 53]
[0, 1, 10, 5, 14, 40, 16, 17, 43, 50, 52, 18]
[0, 1, 10, 5, 14, 40, 16, 17, 52, 18, 51, 54]
[0, 1, 10, 5, 14, 40, 16, 42, 49, 17, 52, 51]
[0, 1, 10, 5, 14, 40, 42, 49, 43, 52, 51, 53]
[0, 1, 10, 7, 16, 8, 17, 43, 50, 52, 9, 54]
[0, 1, 10, 7, 16, 8, 17, 52, 9, 51, 53, 54]
[0, 1, 10, 7, 42, 49, 8, 9, 18, 44, 51, 54]
[0, 1, 10, 40, 7, 16, 8, 17, 43, 52, 53, 54]
[0, 1, 10, 40, 7, 16, 8, 17, 50, 52, 51, 54]
[0, 1, 10, 40, 7, 42, 49, 8, 43, 18, 44, 54]
[0, 1, 10, 7, 16, 42, 49, 50, 9, 44, 51, 54]
[0, 1, 10, 7, 17, 50, 52, 9, 18, 51, 53, 54]
[0, 1, 10, 7, 42, 49, 17, 43, 52, 9, 53, 54]
[0, 1, 10, 7, 42, 49, 17, 50, 52, 9, 51, 54]
[0, 1, 10, 40, 7, 16, 42, 49, 43, 50, 44, 54]
[0, 1, 10, 40, 7, 17, 43, 50, 52, 18, 53, 54]
[0, 1, 10, 40, 7, 42, 49, 17, 43, 50, 52, 54]
[0, 1, 10, 40, 7, 42, 49, 17, 52, 51, 53, 54]
[0, 1, 10, 14, 16, 8, 17, 43, 52, 9, 53, 54]
[0, 1, 10, 14, 16, 8, 17, 50, 52, 9, 51, 54]
[0, 1, 10, 14, 42, 49, 8, 43, 9, 18, 44, 54]
[0, 1, 10, 14, 40, 16, 8, 17, 43, 50, 52, 54]
[0, 1, 10, 14, 40, 16, 8, 17, 52, 51, 53, 54]
[0, 1, 10, 14, 40, 42, 49, 8, 18, 44, 51, 54]
[0, 1, 10, 14, 16, 42, 49, 43, 50, 9, 44, 54]
[0, 1, 10, 14, 17, 43, 50, 52, 9, 18, 53, 54]
[0, 1, 10, 14, 42, 49, 17, 43, 50, 52, 9, 54]
[0, 1, 10, 14, 42, 49, 17, 52, 9, 51, 53, 54]
[0, 1, 10, 14, 40, 16, 42, 49, 50, 44, 51, 54]
[0, 1, 10, 14, 40, 17, 50, 52, 18, 51, 53, 54]
[0, 1, 10, 14, 40, 42, 49, 17, 43, 52, 53, 54]
[0, 1, 10, 14, 40, 42, 49, 17, 50, 52, 51, 54]
[0, 5, 7, 42, 49, 8, 52, 9, 18, 51, 53, 54]
[0, 5, 40, 7, 42, 49, 8, 43, 52, 18, 53, 54]
[0, 5, 7, 16, 42, 49, 50, 52, 9, 51, 53, 54]
[0, 5, 40, 7, 16, 42, 49, 43, 50, 52, 53, 54]
[0, 5, 14, 40, 42, 49, 8, 52, 9, 18, 44, 53]
[0, 5, 14, 42, 49, 8, 43, 52, 9, 18, 53, 54]
[0, 5, 14, 40, 8, 43, 50, 52, 9, 44, 51, 53]
[0, 5, 14, 40, 42, 49, 8, 52, 18, 51, 53, 54]
[0, 5, 14, 42, 49, 8, 43, 52, 18, 44, 51, 53]
[0, 5, 14, 40, 16, 43, 52, 9, 18, 44, 51, 53]
[0, 5, 14, 40, 16, 42, 49, 50, 52, 9, 44, 53]
[0, 5, 14, 16, 42, 49, 43, 50, 52, 9, 53, 54]
[0, 5, 14, 40, 16, 42, 49, 50, 52, 51, 53, 54]
[0, 5, 14, 16, 42, 49, 43, 50, 52, 44, 51, 53]
[0, 10, 7, 42, 49, 8, 17, 50, 52, 9, 18, 51]
[0, 10, 7, 8, 17, 50, 52, 9, 44, 51, 53, 54]
[0, 10, 40, 7, 42, 49, 8, 17, 43, 50, 52, 18]
[0, 10, 40, 7, 8, 17, 43, 50, 52, 44, 53, 54]
[0, 10, 7, 16, 17, 43, 50, 52, 9, 18, 53, 54]
[0, 10, 7, 16, 17, 52, 9, 18, 44, 51, 53, 54]
[0, 10, 7, 16, 42, 49, 17, 52, 9, 51, 53, 54]
[0, 10, 40, 7, 16, 17, 43, 52, 18, 44, 53, 54]
[0, 10, 40, 7, 16, 17, 50, 52, 18, 51, 53, 54]
[0, 10, 40, 7, 16, 42, 49, 17, 43, 52, 53, 54]
[0, 10, 14, 42, 49, 8, 17, 43, 50, 52, 9, 18]
[0, 10, 14, 8, 17, 43, 50, 52, 9, 44, 53, 54]
[0, 10, 14, 40, 42, 49, 8, 17, 50, 52, 18, 51]
[0, 10, 14, 40, 8, 17, 50, 52, 44, 51, 53, 54]
[0, 10, 14, 16, 17, 43, 52, 9, 18, 44, 53, 54]
[0, 10, 14, 16, 17, 50, 52, 9, 18, 51, 53, 54]
[0, 10, 14, 16, 42, 49, 17, 43, 52, 9, 53, 54]
[0, 10, 14, 40, 16, 17, 43, 50, 52, 18, 53, 54]
[0, 10, 14, 40, 16, 17, 52, 18, 44, 51, 53, 54]
[0, 10, 14, 40, 16, 42, 49, 17, 52, 51, 53, 54]
[1, 10, 5, 14, 40, 7, 8, 43, 50, 9, 44, 54]
[1, 10, 5, 14, 7, 42, 49, 8, 43, 18, 44, 54]
[1, 10, 5, 14, 40, 7, 16, 43, 9, 18, 44, 54]
[1, 10, 5, 14, 7, 16, 42, 49, 43, 50, 44, 54]
[1, 10, 5, 40, 42, 49, 8, 43, 9, 18, 44, 54]
[1, 10, 5, 40, 16, 42, 49, 43, 50, 9, 44, 54]
[1, 10, 14, 7, 16, 8, 43, 52, 9, 44, 53, 54]
[1, 10, 14, 40, 7, 16, 8, 52, 44, 51, 53, 54]
[1, 10, 14, 7, 43, 50, 52, 9, 18, 44, 53, 54]
[1, 10, 14, 7, 42, 49, 52, 9, 44, 51, 53, 54]
[1, 10, 14, 40, 7, 50, 52, 18, 44, 51, 53, 54]
[1, 10, 14, 40, 7, 42, 49, 43, 52, 44, 53, 54]
[10, 7, 16, 42, 49, 8, 17, 52, 9, 18, 51, 54]
[10, 7, 16, 8, 17, 43, 50, 52, 9, 44, 53, 54]
[10, 40, 7, 16, 42, 49, 8, 17, 43, 52, 18, 54]
[10, 40, 7, 16, 8, 17, 50, 52, 44, 51, 53, 54]
[10, 7, 42, 49, 17, 50, 52, 9, 44, 51, 53, 54]
[10, 40, 7, 42, 49, 17, 43, 50, 52, 44, 53, 54]
[10, 14, 16, 42, 49, 8, 17, 43, 52, 9, 18, 54]
[10, 14, 16, 8, 17, 50, 52, 9, 44, 51, 53, 54]
[10, 14, 40, 16, 42, 49, 8, 17, 52, 18, 51, 54]
[10, 14, 40, 16, 8, 17, 43, 50, 52, 44, 53, 54]
[10, 14, 42, 49, 17, 43, 50, 52, 9, 44, 53, 54]
[10, 14, 40, 42, 49, 17, 50, 52, 44, 51, 53, 54]
[0, 1, 10, 5, 7, 16, 42, 8, 50, 52, 9, 18, 53]
[0, 1, 10, 5, 7, 16, 49, 8, 43, 52, 9, 51, 53]
[0, 1, 10, 5, 7, 42, 8, 17, 43, 50, 52, 9, 18]
[0, 1, 10, 5, 7, 42, 8, 17, 52, 9, 18, 51, 54]
[0, 1, 10, 5, 7, 49, 8, 17, 43, 50, 52, 9, 54]
[0, 1, 10, 5, 40, 7, 42, 8, 17, 43, 52, 18, 54]
[0, 1, 10, 5, 40, 7, 42, 8, 17, 50, 52, 18, 51]
[0, 1, 10, 5, 40, 7, 49, 8, 17, 50, 52, 51, 54]
[0, 1, 10, 5, 7, 16, 49, 17, 43, 52, 9, 18, 54]
[0, 1, 10, 5, 7, 16, 49, 17, 50, 52, 9, 18, 51]
[0, 1, 10, 5, 7, 16, 42, 17, 50, 52, 9, 51, 54]
[0, 1, 10, 5, 7, 49, 43, 50, 52, 9, 18, 51, 53]
[0, 1, 10, 5, 40, 7, 16, 49, 17, 43, 50, 52, 18]
[0, 1, 10, 5, 40, 7, 16, 49, 17, 52, 18, 51, 54]
[0, 1, 10, 5, 40, 7, 16, 42, 17, 43, 50, 52, 54]
[0, 1, 10, 5, 14, 42, 8, 17, 43, 52, 9, 18, 54]
[0, 1, 10, 5, 14, 42, 8, 17, 50, 52, 9, 18, 51]
[0, 1, 10, 5, 14, 49, 8, 17, 50, 52, 9, 51, 54]
[0, 1, 10, 5, 14, 40, 16, 42, 8, 50, 52, 18, 53]
[0, 1, 10, 5, 14, 40, 16, 49, 8, 43, 52, 51, 53]
[0, 1, 10, 5, 14, 40, 42, 8, 17, 43, 50, 52, 18]
[0, 1, 10, 5, 14, 40, 42, 8, 17, 52, 18, 51, 54]
[0, 1, 10, 5, 14, 40, 49, 8, 17, 43, 50, 52, 54]
[0, 1, 10, 5, 14, 16, 49, 17, 43, 50, 52, 9, 18]
[0, 1, 10, 5, 14, 16, 49, 17, 52, 9, 18, 51, 54]
[0, 1, 10, 5, 14, 16, 42, 17, 43, 50, 52, 9, 54]
[0, 1, 10, 5, 14, 40, 16, 49, 17, 43, 52, 18, 54]
[0, 1, 10, 5, 14, 40, 16, 49, 17, 50, 52, 18, 51]
[0, 1, 10, 5, 14, 40, 16, 42, 17, 50, 52, 51, 54]
[0, 1, 10, 5, 14, 40, 49, 43, 50, 52, 18, 51, 53]
[0, 1, 10, 7, 16, 42, 8, 17, 43, 52, 9, 18, 54]
[0, 1, 10, 7, 16, 49, 8, 17, 43, 52, 9, 53, 54]
[0, 1, 10, 7, 16, 49, 8, 17, 50, 52, 9, 51, 54]
[0, 1, 10, 40, 7, 16, 42, 8, 17, 52, 18, 51, 54]
[0, 1, 10, 40, 7, 16, 49, 8, 17, 43, 50, 52, 54]
[0, 1, 10, 40, 7, 16, 49, 8, 17, 52, 51, 53, 54]
[0, 1, 10, 7, 49, 17, 43, 50, 52, 9, 18, 53, 54]
[0, 1, 10, 40, 7, 49, 17, 50, 52, 18, 51, 53, 54]
[0, 1, 10, 14, 16, 42, 8, 17, 52, 9, 18, 51, 54]
[0, 1, 10, 14, 16, 49, 8, 17, 43, 50, 52, 9, 54]
[0, 1, 10, 14, 16, 49, 8, 17, 52, 9, 51, 53, 54]
[0, 1, 10, 14, 40, 16, 42, 8, 17, 43, 52, 18, 54]
[0, 1, 10, 14, 40, 16, 49, 8, 17, 43, 52, 53, 54]
[0, 1, 10, 14, 40, 16, 49, 8, 17, 50, 52, 51, 54]
[0, 1, 10, 14, 49, 17, 50, 52, 9, 18, 51, 53, 54]
[0, 1, 10, 14, 40, 49, 17, 43, 50, 52, 18, 53, 54]
[0, 5, 40, 7, 49, 8, 43, 50, 52, 9, 44, 51, 53]
[0, 5, 40, 7, 16, 49, 43, 52, 9, 18, 44, 51, 53]
[0, 5, 14, 40, 42, 8, 43, 52, 9, 18, 44, 51, 53]
[0, 5, 14, 40, 16, 42, 43, 50, 52, 9, 44, 51, 53]
[0, 10, 7, 42, 8, 17, 43, 50, 52, 9, 18, 53, 54]
[0, 10, 7, 42, 8, 17, 52, 9, 18, 44, 51, 53, 54]
[0, 10, 7, 49, 8, 17, 43, 50, 52, 9, 44, 53, 54]
[0, 10, 40, 7, 42, 8, 17, 43, 52, 18, 44, 53, 54]
[0, 10, 40, 7, 42, 8, 17, 50, 52, 18, 51, 53, 54]
[0, 10, 40, 7, 49, 8, 17, 50, 52, 44, 51, 53, 54]
[0, 10, 7, 16, 49, 17, 43, 52, 9, 18, 44, 53, 54]
[0, 10, 7, 16, 49, 17, 50, 52, 9, 18, 51, 53, 54]
[0, 10, 7, 16, 42, 17, 50, 52, 9, 44, 51, 53, 54]
[0, 10, 40, 7, 16, 49, 17, 43, 50, 52, 18, 53, 54]
[0, 10, 40, 7, 16, 49, 17, 52, 18, 44, 51, 53, 54]
[0, 10, 40, 7, 16, 42, 17, 43, 50, 52, 44, 53, 54]
[0, 10, 14, 42, 8, 17, 43, 52, 9, 18, 44, 53, 54]
[0, 10, 14, 42, 8, 17, 50, 52, 9, 18, 51, 53, 54]
[0, 10, 14, 49, 8, 17, 50, 52, 9, 44, 51, 53, 54]
[0, 10, 14, 40, 42, 8, 17, 43, 50, 52, 18, 53, 54]
[0, 10, 14, 40, 42, 8, 17, 52, 18, 44, 51, 53, 54]
[0, 10, 14, 40, 49, 8, 17, 43, 50, 52, 44, 53, 54]
[0, 10, 14, 16, 49, 17, 43, 50, 52, 9, 18, 53, 54]
[0, 10, 14, 16, 49, 17, 52, 9, 18, 44, 51, 53, 54]
[0, 10, 14, 16, 42, 17, 43, 50, 52, 9, 44, 53, 54]
[0, 10, 14, 40, 16, 49, 17, 43, 52, 18, 44, 53, 54]
[0, 10, 14, 40, 16, 49, 17, 50, 52, 18, 51, 53, 54]
[0, 10, 14, 40, 16, 42, 17, 50, 52, 44, 51, 53, 54]
[1, 10, 5, 14, 40, 7, 42, 8, 43, 9, 18, 44, 54]
[1, 10, 5, 14, 40, 7, 49, 8, 50, 9, 44, 51, 54]
[1, 10, 5, 14, 40, 7, 16, 49, 9, 18, 44, 51, 54]
[1, 10, 5, 14, 40, 7, 16, 42, 43, 50, 9, 44, 54]
[1, 10, 14, 7, 16, 49, 8, 52, 9, 44, 51, 53, 54]
[1, 10, 14, 40, 7, 16, 49, 8, 43, 52, 44, 53, 54]
[1, 10, 14, 7, 49, 50, 52, 9, 18, 44, 51, 53, 54]
[1, 10, 14, 40, 7, 49, 43, 50, 52, 18, 44, 53, 54]
[1, 10, 16, 42, 8, 50, 52, 9, 18, 44, 51, 53, 54]
[1, 10, 40, 16, 42, 8, 43, 50, 52, 18, 44, 53, 54]
[10, 7, 16, 42, 8, 17, 43, 52, 9, 18, 44, 53, 54]
[10, 7, 16, 49, 8, 17, 50, 52, 9, 44, 51, 53, 54]
[10, 40, 7, 16, 42, 8, 17, 52, 18, 44, 51, 53, 54]
[10, 40, 7, 16, 49, 8, 17, 43, 50, 52, 44, 53, 54]
[10, 14, 16, 42, 8, 17, 52, 9, 18, 44, 51, 53, 54]
[10, 14, 16, 49, 8, 17, 43, 50, 52, 9, 44, 53, 54]
[10, 14, 40, 16, 42, 8, 17, 43, 52, 18, 44, 53, 54]
[10, 14, 40, 16, 49, 8, 17, 50, 52, 44, 51, 53, 54]
[0, 1, 10, 5, 7, 42, 49, 8, 17, 43, 52, 9, 18, 54]
[0, 1, 10, 5, 7, 42, 49, 8, 17, 50, 52, 9, 18, 51]
[0, 1, 10, 5, 40, 7, 16, 42, 49, 8, 50, 52, 18, 53]
[0, 1, 10, 5, 40, 7, 42, 49, 8, 17, 43, 50, 52, 18]
[0, 1, 10, 5, 40, 7, 42, 49, 8, 17, 52, 18, 51, 54]
[0, 1, 10, 5, 7, 16, 42, 49, 17, 43, 50, 52, 9, 54]
[0, 1, 10, 5, 40, 7, 16, 42, 49, 17, 50, 52, 51, 54]
[0, 1, 10, 5, 14, 16, 42, 49, 8, 50, 52, 9, 18, 53]
[0, 1, 10, 5, 14, 42, 49, 8, 17, 43, 50, 52, 9, 18]
[0, 1, 10, 5, 14, 42, 49, 8, 17, 52, 9, 18, 51, 54]
[0, 1, 10, 5, 14, 40, 42, 49, 8, 17, 43, 52, 18, 54]
[0, 1, 10, 5, 14, 40, 42, 49, 8, 17, 50, 52, 18, 51]
[0, 1, 10, 5, 14, 16, 42, 49, 17, 50, 52, 9, 51, 54]
[0, 1, 10, 5, 14, 40, 16, 42, 49, 17, 43, 50, 52, 54]
[0, 1, 10, 7, 16, 42, 49, 8, 17, 52, 9, 18, 51, 54]
[0, 1, 10, 40, 7, 16, 42, 49, 8, 17, 43, 52, 18, 54]
[0, 1, 10, 14, 16, 42, 49, 8, 17, 43, 52, 9, 18, 54]
[0, 1, 10, 14, 40, 16, 42, 49, 8, 17, 52, 18, 51, 54]
[0, 5, 40, 7, 42, 49, 8, 43, 52, 9, 18, 44, 51, 53]
[0, 5, 40, 7, 16, 42, 49, 43, 50, 52, 9, 44, 51, 53]
[0, 10, 7, 42, 49, 8, 17, 43, 52, 9, 18, 44, 53, 54]
[0, 10, 7, 42, 49, 8, 17, 50, 52, 9, 18, 51, 53, 54]
[0, 10, 40, 7, 42, 49, 8, 17, 43, 50, 52, 18, 53, 54]
[0, 10, 40, 7, 42, 49, 8, 17, 52, 18, 44, 51, 53, 54]
[0, 10, 7, 16, 42, 49, 17, 43, 50, 52, 9, 44, 53, 54]
[0, 10, 40, 7, 16, 42, 49, 17, 50, 52, 44, 51, 53, 54]
[0, 10, 14, 42, 49, 8, 17, 43, 50, 52, 9, 18, 53, 54]
[0, 10, 14, 42, 49, 8, 17, 52, 9, 18, 44, 51, 53, 54]
[0, 10, 14, 40, 42, 49, 8, 17, 43, 52, 18, 44, 53, 54]
[0, 10, 14, 40, 42, 49, 8, 17, 50, 52, 18, 51, 53, 54]
[0, 10, 14, 16, 42, 49, 17, 50, 52, 9, 44, 51, 53, 54]
[0, 10, 14, 40, 16, 42, 49, 17, 43, 50, 52, 44, 53, 54]
[1, 10, 5, 14, 40, 7, 42, 49, 8, 9, 18, 44, 51, 54]
[1, 10, 5, 14, 40, 7, 16, 42, 49, 50, 9, 44, 51, 54]
[1, 10, 16, 42, 49, 8, 43, 50, 52, 9, 18, 44, 53, 54]
[1, 10, 40, 16, 42, 49, 8, 50, 52, 18, 44, 51, 53, 54]
[10, 7, 16, 42, 49, 8, 17, 52, 9, 18, 44, 51, 53, 54]
[10, 40, 7, 16, 42, 49, 8, 17, 43, 52, 18, 44, 53, 54]
[10, 14, 16, 42, 49, 8, 17, 43, 52, 9, 18, 44, 53, 54]
[10, 14, 40, 16, 42, 49, 8, 17, 52, 18, 44, 51, 53, 54]
[0, 1, 10, 5, 40, 7, 16, 42, 8, 43, 50, 52, 18, 51, 53]
[0, 1, 10, 5, 14, 16, 42, 8, 43, 50, 52, 9, 18, 51, 53]
[0, 1, 10, 7, 16, 42, 8, 17, 50, 52, 9, 18, 51, 53, 54]
[0, 1, 10, 40, 7, 16, 42, 8, 17, 43, 50, 52, 18, 53, 54]
[0, 1, 10, 14, 16, 42, 8, 17, 43, 50, 52, 9, 18, 53, 54]
[0, 1, 10, 14, 40, 16, 42, 8, 17, 50, 52, 18, 51, 53, 54]
[1, 10, 14, 7, 16, 42, 8, 43, 50, 52, 9, 18, 44, 53, 54]
[1, 10, 14, 40, 7, 16, 42, 8, 50, 52, 18, 44, 51, 53, 54]
[0, 1, 10, 5, 7, 16, 42, 49, 8, 43, 50, 52, 9, 18, 51, 53]
[0, 1, 10, 5, 14, 40, 16, 42, 49, 8, 43, 50, 52, 18, 51, 53]
[0, 1, 10, 7, 16, 42, 49, 8, 17, 43, 50, 52, 9, 18, 53, 54]
[0, 1, 10, 40, 7, 16, 42, 49, 8, 17, 50, 52, 18, 51, 53, 54]
[0, 1, 10, 14, 16, 42, 49, 8, 17, 50, 52, 9, 18, 51, 53, 54]
[0, 1, 10, 14, 40, 16, 42, 49, 8, 17, 43, 50, 52, 18, 53, 54]
[1, 10, 14, 7, 16, 42, 49, 8, 50, 52, 9, 18, 44, 51, 53, 54]
[1, 10, 14, 40, 7, 16, 42, 49, 8, 43, 50, 52, 18, 44, 53, 54]
