[[0, 1, 4, 5, 7], [2, 4], [3, 5], [6, 7]]
[10, 16, 37, 18, 44, 53]
[10, 40, 16, 39, 51, 53]
[10, 14, 40, 37, 50, 18, 53]
[10, 34, 14, 49, 38, 44, 53]
[10, 14, 35, 37, 43, 44, 53]
[10, 14, 50, 39, 44, 51, 53]
[10, 16, 37, 42, 38, 44, 53]
[10, 40, 16, 49, 43, 51, 53]
[10, 34, 35, 40, 17, 39, 53]
[10, 13, 40, 37, 42, 43, 50, 53]
[10, 13, 49, 38, 50, 44, 51, 53]
[10, 34, 14, 42, 49, 18, 44, 53]
[10, 14, 35, 40, 49, 18, 51, 53]
[10, 34, 14, 38, 43, 39, 44, 53]
[10, 14, 35, 37, 49, 39, 44, 53]
[10, 14, 40, 37, 42, 38, 50, 53]
[10, 14, 49, 43, 50, 44, 51, 53]
[10, 34, 35, 16, 42, 39, 44, 53]
[10, 34, 40, 16, 49, 38, 50, 53]
[10, 34, 49, 17, 50, 18, 44, 53]
[10, 34, 35, 40, 49, 17, 43, 53]
[10, 13, 34, 14, 40, 16, 50, 39, 53]
[10, 13, 35, 40, 16, 37, 17, 18, 53]
[10, 13, 35, 16, 17, 39, 44, 51, 53]
[10, 13, 40, 37, 38, 43, 50, 18, 53]
[10, 13, 42, 49, 50, 18, 44, 51, 53]
[10, 13, 40, 37, 42, 49, 50, 39, 53]
[10, 13, 38, 43, 50, 39, 44, 51, 53]
[10, 14, 16, 37, 17, 38, 50, 44, 53]
[10, 34, 14, 42, 43, 18, 39, 44, 53]
[10, 14, 35, 40, 43, 18, 39, 51, 53]
[10, 34, 14, 40, 37, 42, 43, 51, 53]
[10, 14, 35, 40, 42, 49, 38, 51, 53]
[10, 34, 35, 16, 38, 18, 39, 44, 53]
[10, 34, 40, 16, 42, 49, 50, 18, 53]
[10, 16, 37, 49, 43, 18, 39, 44, 53]
[10, 40, 16, 42, 38, 18, 39, 51, 53]
[10, 34, 35, 40, 16, 37, 38, 51, 53]
[10, 34, 35, 16, 42, 49, 43, 44, 53]
[10, 34, 40, 16, 38, 43, 50, 39, 53]
[10, 34, 35, 37, 17, 18, 44, 51, 53]
[10, 34, 17, 43, 50, 18, 39, 44, 53]
[10, 34, 40, 37, 17, 43, 50, 51, 53]
[10, 34, 42, 49, 17, 38, 50, 44, 53]
[10, 35, 37, 42, 17, 43, 50, 44, 53]
[10, 35, 40, 49, 17, 38, 50, 51, 53]
[10, 13, 34, 14, 40, 16, 49, 43, 50, 53]
[10, 13, 34, 14, 35, 40, 49, 17, 38, 53]
[10, 13, 35, 40, 16, 37, 42, 17, 38, 53]
[10, 13, 35, 16, 49, 17, 43, 44, 51, 53]
[10, 13, 40, 37, 49, 38, 50, 18, 39, 53]
[10, 13, 42, 43, 50, 18, 39, 44, 51, 53]
[10, 14, 16, 37, 42, 17, 50, 18, 44, 53]
[10, 34, 14, 35, 16, 17, 50, 39, 44, 53]
[10, 14, 35, 40, 16, 37, 42, 17, 43, 53]
[10, 14, 35, 16, 49, 17, 38, 44, 51, 53]
[10, 14, 40, 16, 42, 17, 50, 39, 51, 53]
[10, 34, 14, 40, 37, 38, 43, 18, 51, 53]
[10, 14, 35, 37, 42, 38, 43, 18, 44, 53]
[10, 14, 40, 37, 49, 43, 50, 18, 39, 53]
[10, 14, 42, 38, 50, 18, 39, 44, 51, 53]
[10, 34, 14, 40, 37, 42, 49, 39, 51, 53]
[10, 14, 35, 40, 42, 38, 43, 39, 51, 53]
[10, 34, 35, 40, 16, 37, 42, 18, 51, 53]
[10, 34, 35, 16, 49, 38, 43, 18, 44, 53]
[10, 34, 40, 16, 42, 43, 50, 18, 39, 53]
[10, 40, 16, 42, 49, 38, 43, 18, 51, 53]
[10, 34, 16, 37, 42, 43, 50, 44, 51, 53]
[10, 16, 37, 42, 49, 38, 43, 39, 44, 53]
[10, 34, 35, 40, 42, 17, 38, 18, 39, 53]
[10, 35, 37, 17, 38, 43, 50, 18, 44, 53]
[10, 35, 40, 42, 49, 17, 50, 18, 51, 53]
[10, 34, 35, 37, 42, 17, 38, 44, 51, 53]
[10, 34, 40, 37, 49, 17, 50, 39, 51, 53]
[10, 34, 42, 17, 38, 43, 50, 39, 44, 53]
[10, 35, 37, 42, 49, 17, 50, 39, 44, 53]
[10, 35, 40, 17, 38, 43, 50, 39, 51, 53]
[10, 13, 34, 14, 16, 37, 50, 18, 44, 51, 53]
[10, 13, 34, 14, 35, 40, 42, 49, 17, 18, 53]
[10, 13, 34, 14, 35, 40, 17, 38, 43, 39, 53]
[10, 14, 35, 40, 16, 37, 17, 38, 43, 18, 53]
[10, 14, 35, 16, 42, 49, 17, 18, 44, 51, 53]
[10, 14, 40, 16, 17, 38, 50, 18, 39, 51, 53]
[10, 34, 14, 35, 16, 49, 17, 43, 50, 44, 53]
[10, 14, 35, 40, 16, 37, 42, 49, 17, 39, 53]
[10, 14, 35, 16, 17, 38, 43, 39, 44, 51, 53]
[10, 14, 40, 16, 42, 49, 17, 43, 50, 51, 53]
[10, 34, 14, 40, 37, 49, 38, 18, 39, 51, 53]
[10, 14, 35, 37, 42, 49, 38, 18, 39, 44, 53]
[10, 14, 42, 49, 38, 43, 50, 18, 44, 51, 53]
[10, 14, 40, 37, 42, 49, 38, 43, 50, 39, 53]
[10, 34, 16, 37, 38, 43, 50, 18, 44, 51, 53]
[10, 34, 16, 37, 42, 49, 50, 39, 44, 51, 53]
[10, 34, 35, 40, 42, 49, 17, 38, 43, 18, 53]
[10, 35, 37, 49, 17, 38, 50, 18, 39, 44, 53]
[10, 35, 40, 42, 17, 43, 50, 18, 39, 51, 53]
[10, 13, 34, 14, 40, 16, 42, 38, 50, 18, 39, 53]
[10, 13, 34, 14, 16, 37, 42, 38, 50, 44, 51, 53]
[10, 13, 34, 14, 35, 40, 42, 17, 43, 18, 39, 53]
[10, 13, 34, 14, 35, 37, 42, 17, 43, 44, 51, 53]
[10, 13, 35, 40, 16, 37, 49, 17, 43, 18, 39, 53]
[10, 13, 35, 16, 42, 17, 38, 18, 39, 44, 51, 53]
[10, 34, 14, 35, 40, 16, 37, 17, 50, 18, 51, 53]
[10, 14, 35, 40, 16, 37, 49, 17, 38, 18, 39, 53]
[10, 14, 35, 16, 42, 17, 43, 18, 39, 44, 51, 53]
[10, 14, 40, 16, 49, 17, 38, 43, 50, 18, 51, 53]
[10, 14, 16, 37, 49, 17, 38, 43, 50, 39, 44, 53]
[10, 34, 16, 37, 49, 38, 50, 18, 39, 44, 51, 53]
[10, 34, 35, 40, 16, 37, 49, 38, 43, 39, 51, 53]
[10, 34, 35, 37, 49, 17, 43, 18, 39, 44, 51, 53]
[10, 34, 40, 37, 42, 17, 38, 43, 50, 18, 51, 53]
[10, 13, 34, 14, 40, 16, 42, 49, 38, 43, 50, 18, 53]
[10, 13, 34, 14, 35, 37, 17, 38, 43, 18, 44, 51, 53]
[10, 13, 34, 14, 35, 37, 42, 49, 17, 39, 44, 51, 53]
[10, 13, 35, 16, 42, 49, 17, 38, 43, 18, 44, 51, 53]
[10, 13, 35, 40, 16, 37, 42, 49, 17, 38, 43, 39, 53]
[10, 34, 14, 35, 16, 42, 17, 38, 50, 18, 39, 44, 53]
[10, 14, 16, 37, 42, 49, 17, 43, 50, 18, 39, 44, 53]
[10, 34, 14, 35, 40, 16, 37, 42, 17, 38, 50, 51, 53]
[10, 34, 35, 40, 16, 37, 42, 49, 43, 18, 39, 51, 53]
[10, 34, 40, 37, 42, 49, 17, 38, 50, 18, 39, 51, 53]
[10, 34, 35, 37, 42, 49, 17, 38, 43, 39, 44, 51, 53]
[10, 13, 34, 14, 16, 37, 49, 43, 50, 18, 39, 44, 51, 53]
[10, 13, 34, 14, 35, 37, 49, 17, 38, 18, 39, 44, 51, 53]
[10, 34, 14, 35, 16, 42, 49, 17, 38, 43, 50, 18, 44, 53]
[10, 13, 34, 14, 16, 37, 42, 49, 38, 43, 50, 39, 44, 51, 53]
[10, 34, 14, 35, 40, 16, 37, 49, 17, 43, 50, 18, 39, 51, 53]
[10, 34, 14, 35, 40, 16, 37, 42, 49, 17, 38, 43, 50, 39, 51, 53]
