[[2, 5], [3, 5], [4, 5], [6, 7]]
[0, 1, 10, 5, 43, 51, 53, 54]
[0, 1, 10, 14, 44, 51, 53, 54]
[0, 1, 10, 5, 42, 18, 51, 53, 54]
[0, 1, 10, 5, 49, 44, 51, 53, 54]
[0, 1, 10, 40, 7, 44, 51, 53, 54]
[0, 1, 10, 14, 49, 43, 51, 53, 54]
[0, 7, 42, 8, 17, 50, 51, 53, 54]
[0, 7, 16, 17, 50, 9, 51, 53, 54]
[0, 14, 8, 17, 50, 9, 51, 53, 54]
[0, 14, 16, 42, 17, 50, 51, 53, 54]
[0, 1, 10, 5, 40, 9, 18, 51, 53, 54]
[0, 1, 10, 7, 16, 8, 44, 51, 53, 54]
[0, 1, 10, 7, 49, 9, 18, 51, 53, 54]
[0, 1, 10, 7, 42, 9, 44, 51, 53, 54]
[0, 1, 10, 40, 7, 49, 43, 51, 53, 54]
[0, 1, 10, 14, 42, 49, 18, 51, 53, 54]
[0, 5, 49, 8, 17, 50, 9, 51, 53, 54]
[0, 5, 16, 17, 50, 18, 44, 51, 53, 54]
[0, 5, 16, 42, 49, 17, 50, 51, 53, 54]
[0, 40, 7, 8, 17, 50, 9, 51, 53, 54]
[0, 7, 8, 17, 43, 50, 18, 51, 53, 54]
[0, 40, 7, 16, 42, 17, 50, 51, 53, 54]
[0, 14, 40, 42, 8, 17, 50, 51, 53, 54]
[0, 14, 40, 16, 17, 50, 9, 51, 53, 54]
[0, 14, 16, 17, 43, 50, 18, 51, 53, 54]
[0, 1, 10, 5, 14, 7, 9, 18, 51, 53, 54]
[0, 1, 10, 5, 14, 40, 7, 43, 51, 53, 54]
[0, 1, 10, 5, 16, 8, 9, 18, 51, 53, 54]
[0, 1, 10, 5, 40, 16, 8, 43, 51, 53, 54]
[0, 1, 10, 5, 40, 42, 43, 9, 51, 53, 54]
[0, 1, 10, 7, 16, 49, 8, 43, 51, 53, 54]
[0, 1, 10, 7, 43, 9, 18, 44, 51, 53, 54]
[0, 1, 10, 7, 42, 49, 43, 9, 51, 53, 54]
[0, 1, 10, 40, 7, 42, 49, 18, 51, 53, 54]
[0, 1, 10, 14, 40, 16, 8, 44, 51, 53, 54]
[0, 1, 10, 14, 40, 49, 9, 18, 51, 53, 54]
[0, 1, 10, 14, 40, 42, 9, 44, 51, 53, 54]
[0, 1, 10, 14, 42, 43, 18, 44, 51, 53, 54]
[0, 5, 8, 17, 43, 50, 9, 44, 51, 53, 54]
[0, 5, 40, 8, 17, 50, 18, 44, 51, 53, 54]
[0, 5, 40, 42, 49, 8, 17, 50, 51, 53, 54]
[0, 5, 40, 16, 49, 17, 50, 9, 51, 53, 54]
[0, 5, 16, 49, 17, 43, 50, 18, 51, 53, 54]
[0, 5, 16, 42, 17, 43, 50, 44, 51, 53, 54]
[0, 7, 49, 8, 17, 50, 18, 44, 51, 53, 54]
[0, 40, 7, 16, 17, 43, 50, 18, 51, 53, 54]
[0, 14, 40, 8, 17, 43, 50, 18, 51, 53, 54]
[0, 14, 16, 49, 17, 50, 18, 44, 51, 53, 54]
[0, 1, 10, 5, 14, 7, 16, 8, 43, 51, 53, 54]
[0, 1, 10, 5, 14, 7, 42, 43, 9, 51, 53, 54]
[0, 1, 10, 5, 14, 40, 7, 42, 18, 51, 53, 54]
[0, 1, 10, 5, 14, 40, 7, 49, 44, 51, 53, 54]
[0, 1, 10, 5, 16, 42, 8, 43, 9, 51, 53, 54]
[0, 1, 10, 5, 40, 16, 42, 8, 18, 51, 53, 54]
[0, 1, 10, 5, 40, 16, 49, 8, 44, 51, 53, 54]
[0, 1, 10, 5, 40, 42, 49, 9, 44, 51, 53, 54]
[0, 1, 10, 5, 42, 49, 43, 18, 44, 51, 53, 54]
[0, 1, 10, 7, 16, 42, 49, 8, 18, 51, 53, 54]
[0, 1, 10, 40, 7, 42, 43, 18, 44, 51, 53, 54]
[0, 1, 10, 14, 16, 49, 8, 9, 18, 51, 53, 54]
[0, 1, 10, 14, 16, 42, 8, 9, 44, 51, 53, 54]
[0, 1, 10, 14, 40, 16, 49, 8, 43, 51, 53, 54]
[0, 1, 10, 14, 40, 43, 9, 18, 44, 51, 53, 54]
[0, 1, 10, 14, 40, 42, 49, 43, 9, 51, 53, 54]
[0, 5, 14, 7, 8, 17, 50, 18, 44, 51, 53, 54]
[0, 5, 14, 7, 42, 49, 8, 17, 50, 51, 53, 54]
[0, 5, 14, 7, 16, 49, 17, 50, 9, 51, 53, 54]
[0, 5, 42, 8, 17, 50, 9, 18, 44, 51, 53, 54]
[0, 5, 40, 49, 8, 17, 43, 50, 18, 51, 53, 54]
[0, 5, 40, 42, 8, 17, 43, 50, 44, 51, 53, 54]
[0, 5, 40, 16, 17, 43, 50, 9, 44, 51, 53, 54]
[0, 7, 42, 49, 8, 17, 43, 50, 44, 51, 53, 54]
[0, 7, 16, 42, 17, 43, 50, 9, 18, 51, 53, 54]
[0, 7, 16, 49, 17, 43, 50, 9, 44, 51, 53, 54]
[0, 40, 7, 16, 49, 17, 50, 18, 44, 51, 53, 54]
[0, 14, 42, 8, 17, 43, 50, 9, 18, 51, 53, 54]
[0, 14, 49, 8, 17, 43, 50, 9, 44, 51, 53, 54]
[0, 14, 40, 49, 8, 17, 50, 18, 44, 51, 53, 54]
[0, 14, 16, 42, 49, 17, 43, 50, 44, 51, 53, 54]
[0, 1, 10, 5, 14, 7, 16, 42, 8, 18, 51, 53, 54]
[0, 1, 10, 5, 14, 7, 16, 49, 8, 44, 51, 53, 54]
[0, 1, 10, 5, 14, 7, 42, 49, 9, 44, 51, 53, 54]
[0, 1, 10, 5, 16, 42, 49, 8, 9, 44, 51, 53, 54]
[0, 1, 10, 5, 40, 49, 43, 9, 18, 44, 51, 53, 54]
[0, 1, 10, 40, 7, 16, 49, 8, 9, 18, 51, 53, 54]
[0, 1, 10, 40, 7, 16, 42, 8, 9, 44, 51, 53, 54]
[0, 1, 10, 7, 16, 42, 8, 43, 18, 44, 51, 53, 54]
[0, 1, 10, 14, 16, 8, 43, 9, 18, 44, 51, 53, 54]
[0, 1, 10, 14, 16, 42, 49, 8, 43, 9, 51, 53, 54]
[0, 1, 10, 14, 40, 16, 42, 49, 8, 18, 51, 53, 54]
[0, 5, 14, 40, 7, 49, 8, 17, 50, 9, 51, 53, 54]
[0, 5, 14, 7, 49, 8, 17, 43, 50, 18, 51, 53, 54]
[0, 5, 14, 7, 42, 8, 17, 43, 50, 44, 51, 53, 54]
[0, 5, 14, 7, 16, 17, 43, 50, 9, 44, 51, 53, 54]
[0, 5, 14, 40, 7, 16, 17, 50, 18, 44, 51, 53, 54]
[0, 5, 14, 40, 7, 16, 42, 49, 17, 50, 51, 53, 54]
[0, 5, 42, 49, 8, 17, 43, 50, 9, 18, 51, 53, 54]
[0, 5, 40, 16, 42, 17, 50, 9, 18, 44, 51, 53, 54]
[0, 40, 7, 42, 8, 17, 43, 50, 9, 18, 51, 53, 54]
[0, 40, 7, 49, 8, 17, 43, 50, 9, 44, 51, 53, 54]
[0, 7, 16, 42, 49, 17, 50, 9, 18, 44, 51, 53, 54]
[0, 40, 7, 16, 42, 49, 17, 43, 50, 44, 51, 53, 54]
[0, 14, 42, 49, 8, 17, 50, 9, 18, 44, 51, 53, 54]
[0, 14, 40, 42, 49, 8, 17, 43, 50, 44, 51, 53, 54]
[0, 14, 40, 16, 42, 17, 43, 50, 9, 18, 51, 53, 54]
[0, 14, 40, 16, 49, 17, 43, 50, 9, 44, 51, 53, 54]
[0, 1, 10, 5, 14, 40, 7, 16, 8, 9, 18, 51, 53, 54]
[0, 1, 10, 5, 14, 7, 49, 43, 9, 18, 44, 51, 53, 54]
[0, 1, 10, 5, 16, 49, 8, 43, 9, 18, 44, 51, 53, 54]
[0, 1, 10, 40, 7, 16, 8, 43, 9, 18, 44, 51, 53, 54]
[0, 1, 10, 40, 7, 16, 42, 49, 8, 43, 9, 51, 53, 54]
[0, 1, 10, 14, 40, 16, 42, 8, 43, 18, 44, 51, 53, 54]
[0, 5, 14, 40, 7, 8, 17, 43, 50, 9, 44, 51, 53, 54]
[0, 5, 14, 7, 16, 42, 17, 50, 9, 18, 44, 51, 53, 54]
[0, 5, 14, 40, 7, 16, 49, 17, 43, 50, 18, 51, 53, 54]
[0, 5, 14, 40, 7, 16, 42, 17, 43, 50, 44, 51, 53, 54]
[0, 5, 40, 16, 42, 49, 17, 43, 50, 9, 18, 51, 53, 54]
[0, 40, 7, 42, 49, 8, 17, 50, 9, 18, 44, 51, 53, 54]
[0, 14, 40, 16, 42, 49, 17, 50, 9, 18, 44, 51, 53, 54]
[0, 1, 10, 5, 14, 40, 7, 16, 42, 8, 43, 9, 51, 53, 54]
[0, 1, 10, 5, 14, 40, 7, 42, 49, 43, 18, 44, 51, 53, 54]
[0, 1, 10, 5, 40, 16, 42, 49, 8, 43, 18, 44, 51, 53, 54]
[0, 5, 14, 40, 7, 42, 8, 17, 50, 9, 18, 44, 51, 53, 54]
[0, 5, 14, 7, 16, 42, 49, 17, 43, 50, 9, 18, 51, 53, 54]
[0, 1, 10, 5, 14, 40, 7, 16, 42, 49, 8, 9, 44, 51, 53, 54]
[0, 1, 10, 5, 14, 7, 16, 42, 49, 8, 43, 18, 44, 51, 53, 54]
[0, 5, 14, 40, 7, 42, 49, 8, 17, 43, 50, 9, 18, 51, 53, 54]
[0, 1, 10, 5, 14, 40, 7, 16, 49, 8, 43, 9, 18, 44, 51, 53, 54]
