[[0, 1, 4, 5, 7], [2, 4], [3, 5], [6, 7]]
[49, 17, 52, 53]
[16, 42, 52, 51, 53]
[34, 17, 50, 52, 53]
[17, 43, 52, 39, 53]
[10, 13, 37, 49, 53, 54]
[13, 14, 17, 52, 39, 53]
[16, 38, 52, 18, 51, 53]
[34, 40, 17, 38, 53, 54]
[10, 13, 37, 43, 39, 53, 54]
[10, 34, 16, 52, 18, 44, 53]
[13, 14, 40, 16, 49, 53, 54]
[13, 14, 49, 17, 43, 52, 53]
[13, 16, 42, 50, 52, 51, 53]
[13, 34, 40, 37, 42, 53, 54]
[13, 42, 49, 50, 44, 53, 54]
[14, 35, 37, 52, 18, 39, 53]
[34, 14, 37, 49, 52, 51, 53]
[14, 35, 40, 52, 44, 51, 53]
[34, 35, 16, 38, 43, 52, 53]
[35, 16, 38, 50, 52, 39, 53]
[34, 40, 42, 17, 18, 53, 54]
[42, 49, 17, 38, 52, 18, 53]
[10, 13, 34, 14, 16, 42, 53, 54]
[10, 13, 40, 42, 17, 51, 53, 54]
[10, 14, 35, 37, 18, 51, 53, 54]
[10, 14, 35, 40, 39, 44, 53, 54]
[10, 14, 37, 49, 38, 52, 44, 53]
[10, 14, 40, 42, 43, 52, 51, 53]
[10, 34, 16, 42, 38, 52, 44, 53]
[10, 34, 17, 50, 39, 51, 53, 54]
[13, 14, 40, 16, 43, 39, 53, 54]
[13, 14, 40, 49, 17, 50, 52, 53]
[13, 14, 49, 17, 50, 44, 53, 54]
[13, 16, 38, 50, 52, 18, 51, 53]
[13, 35, 17, 43, 52, 18, 51, 53]
[13, 34, 35, 37, 50, 52, 18, 53]
[13, 34, 40, 37, 38, 18, 53, 54]
[13, 34, 40, 43, 50, 18, 53, 54]
[13, 49, 38, 50, 18, 44, 53, 54]
[13, 34, 35, 40, 49, 51, 53, 54]
[13, 34, 35, 49, 52, 44, 51, 53]
[13, 34, 38, 39, 44, 51, 53, 54]
[13, 42, 43, 50, 39, 44, 53, 54]
[34, 14, 16, 37, 42, 17, 52, 53]
[14, 16, 17, 43, 44, 51, 53, 54]
[34, 14, 40, 43, 52, 18, 44, 53]
[14, 35, 37, 49, 43, 52, 18, 53]
[34, 14, 37, 43, 52, 39, 51, 53]
[14, 35, 37, 42, 38, 52, 39, 53]
[14, 35, 38, 50, 44, 51, 53, 54]
[34, 35, 16, 42, 43, 52, 18, 53]
[35, 16, 42, 50, 52, 18, 39, 53]
[34, 35, 16, 49, 38, 52, 39, 53]
[34, 35, 40, 16, 43, 50, 53, 54]
[35, 16, 49, 38, 43, 50, 52, 53]
[40, 16, 37, 38, 52, 39, 44, 53]
[16, 42, 49, 43, 52, 39, 51, 53]
[34, 42, 17, 38, 50, 52, 18, 53]
[35, 17, 43, 50, 52, 18, 51, 53]
[42, 17, 38, 43, 52, 18, 39, 53]
[34, 49, 17, 43, 50, 52, 39, 53]
[10, 13, 34, 14, 16, 38, 18, 53, 54]
[10, 13, 40, 17, 38, 18, 51, 53, 54]
[10, 13, 37, 17, 38, 39, 44, 53, 54]
[10, 13, 37, 42, 49, 38, 18, 53, 54]
[10, 13, 40, 43, 18, 44, 51, 53, 54]
[10, 14, 37, 42, 49, 52, 18, 44, 53]
[10, 14, 40, 38, 43, 52, 18, 51, 53]
[10, 14, 35, 37, 42, 38, 51, 53, 54]
[10, 14, 35, 40, 49, 43, 44, 53, 54]
[10, 14, 37, 38, 43, 52, 39, 44, 53]
[10, 14, 40, 42, 49, 52, 39, 51, 53]
[10, 34, 35, 16, 49, 38, 51, 53, 54]
[10, 34, 40, 16, 37, 52, 39, 51, 53]
[10, 34, 49, 17, 43, 50, 51, 53, 54]
[13, 34, 14, 16, 37, 50, 44, 53, 54]
[13, 14, 35, 40, 16, 38, 52, 39, 53]
[13, 14, 35, 16, 38, 39, 44, 53, 54]
[13, 14, 35, 16, 49, 38, 50, 52, 53]
[13, 14, 16, 42, 50, 44, 51, 53, 54]
[13, 14, 42, 17, 38, 52, 18, 39, 53]
[13, 14, 35, 40, 37, 49, 17, 53, 54]
[13, 14, 40, 17, 43, 50, 52, 39, 53]
[13, 14, 17, 43, 50, 39, 44, 53, 54]
[13, 34, 14, 37, 49, 50, 52, 51, 53]
[13, 35, 16, 17, 18, 39, 44, 53, 54]
[13, 34, 35, 40, 16, 42, 17, 53, 54]
[13, 34, 16, 37, 42, 17, 43, 52, 53]
[13, 35, 40, 16, 37, 17, 51, 53, 54]
[13, 35, 49, 17, 52, 18, 39, 51, 53]
[13, 35, 40, 37, 49, 17, 52, 44, 53]
[13, 35, 42, 17, 38, 43, 52, 51, 53]
[13, 34, 35, 40, 37, 43, 52, 18, 53]
[13, 34, 35, 37, 43, 18, 44, 53, 54]
[13, 34, 40, 49, 50, 18, 39, 53, 54]
[13, 34, 42, 18, 39, 44, 51, 53, 54]
[13, 38, 43, 50, 18, 39, 44, 53, 54]
[13, 34, 35, 37, 42, 38, 50, 52, 53]
[13, 34, 35, 40, 43, 39, 51, 53, 54]
[13, 34, 35, 43, 52, 39, 44, 51, 53]
[13, 34, 37, 49, 50, 44, 51, 53, 54]
[13, 34, 40, 42, 38, 43, 50, 53, 54]
[13, 34, 49, 38, 43, 44, 51, 53, 54]
[13, 40, 37, 38, 43, 50, 51, 53, 54]
[34, 14, 16, 37, 17, 38, 52, 18, 53]
[14, 40, 16, 37, 49, 17, 18, 53, 54]
[14, 16, 37, 42, 49, 17, 50, 52, 53]
[14, 16, 49, 17, 39, 44, 51, 53, 54]
[34, 14, 35, 37, 43, 50, 52, 18, 53]
[34, 14, 40, 49, 52, 18, 39, 44, 53]
[14, 35, 42, 50, 18, 44, 51, 53, 54]
[34, 14, 40, 42, 38, 43, 52, 44, 53]
[14, 35, 37, 42, 49, 38, 43, 52, 53]
[14, 35, 40, 37, 42, 50, 39, 53, 54]
[34, 35, 16, 42, 49, 52, 18, 39, 53]
[35, 16, 42, 49, 43, 50, 52, 18, 53]
[40, 16, 37, 42, 52, 18, 39, 44, 53]
[16, 49, 38, 43, 52, 18, 39, 51, 53]
[34, 35, 40, 16, 49, 50, 39, 53, 54]
[40, 16, 37, 49, 38, 43, 52, 44, 53]
[35, 49, 17, 50, 52, 18, 39, 51, 53]
[40, 37, 17, 43, 52, 18, 44, 51, 53]
[34, 37, 42, 17, 39, 44, 51, 53, 54]
[34, 40, 49, 17, 38, 43, 39, 53, 54]
[35, 40, 37, 49, 17, 50, 52, 44, 53]
[35, 42, 17, 38, 43, 50, 52, 51, 53]
[10, 13, 14, 16, 50, 52, 18, 39, 44, 53]
[10, 13, 14, 40, 16, 37, 50, 52, 51, 53]
[10, 13, 14, 35, 42, 49, 17, 52, 44, 53]
[10, 13, 34, 14, 35, 42, 50, 44, 53, 54]
[10, 13, 34, 35, 16, 37, 17, 52, 44, 53]
[10, 13, 35, 16, 37, 49, 50, 44, 53, 54]
[10, 13, 37, 42, 17, 18, 39, 44, 53, 54]
[10, 13, 37, 49, 17, 38, 43, 44, 53, 54]
[10, 13, 37, 42, 38, 43, 18, 39, 53, 54]
[10, 13, 40, 49, 18, 39, 44, 51, 53, 54]
[10, 13, 34, 37, 38, 43, 50, 52, 44, 53]
[10, 13, 34, 40, 42, 49, 50, 52, 51, 53]
[10, 13, 40, 42, 38, 43, 44, 51, 53, 54]
[10, 14, 37, 42, 43, 52, 18, 39, 44, 53]
[10, 14, 40, 49, 38, 52, 18, 39, 51, 53]
[10, 34, 35, 16, 42, 49, 18, 51, 53, 54]
[10, 34, 16, 49, 43, 52, 18, 39, 44, 53]
[10, 34, 35, 16, 38, 43, 39, 51, 53, 54]
[10, 34, 40, 16, 37, 49, 43, 52, 51, 53]
[10, 34, 40, 37, 17, 50, 18, 44, 53, 54]
[10, 34, 35, 42, 17, 43, 50, 52, 44, 53]
[13, 14, 35, 40, 16, 42, 52, 18, 39, 53]
[13, 14, 35, 16, 42, 18, 39, 44, 53, 54]
[13, 14, 35, 16, 42, 49, 50, 52, 18, 53]
[13, 14, 16, 37, 43, 18, 44, 51, 53, 54]
[13, 14, 40, 16, 42, 49, 38, 18, 53, 54]
[13, 14, 16, 38, 50, 18, 44, 51, 53, 54]
[13, 14, 35, 40, 16, 37, 42, 51, 53, 54]
[13, 14, 35, 16, 37, 42, 52, 44, 51, 53]
[13, 14, 35, 16, 38, 43, 50, 52, 39, 53]
[13, 14, 35, 40, 16, 49, 38, 43, 52, 53]
[13, 14, 35, 16, 49, 38, 43, 44, 53, 54]
[13, 14, 40, 16, 37, 38, 50, 39, 53, 54]
[13, 14, 35, 17, 43, 18, 44, 51, 53, 54]
[13, 14, 40, 37, 17, 52, 18, 44, 51, 53]
[13, 14, 42, 49, 17, 38, 43, 52, 18, 53]
[13, 14, 35, 40, 37, 17, 43, 39, 53, 54]
[13, 14, 35, 40, 17, 38, 50, 39, 53, 54]
[13, 34, 14, 40, 43, 50, 52, 18, 44, 53]
[13, 34, 14, 37, 43, 50, 52, 39, 51, 53]
[13, 34, 35, 40, 16, 17, 38, 18, 53, 54]
[13, 34, 16, 37, 17, 38, 43, 52, 18, 53]
[13, 35, 16, 49, 17, 43, 18, 44, 53, 54]
[13, 34, 16, 37, 42, 49, 17, 52, 39, 53]
[13, 34, 40, 16, 37, 42, 17, 50, 52, 53]
[13, 34, 16, 37, 42, 17, 50, 44, 53, 54]
[13, 35, 16, 42, 17, 38, 39, 44, 53, 54]
[13, 40, 16, 37, 38, 50, 52, 39, 44, 53]
[13, 16, 42, 49, 43, 50, 52, 39, 51, 53]
[13, 35, 40, 37, 17, 43, 52, 39, 44, 53]
[13, 35, 42, 49, 17, 38, 52, 39, 51, 53]
[13, 34, 35, 40, 37, 49, 52, 18, 39, 53]
[13, 34, 35, 37, 49, 18, 39, 44, 53, 54]
[13, 34, 42, 49, 43, 18, 44, 51, 53, 54]
[13, 40, 37, 42, 43, 50, 18, 51, 53, 54]
[13, 34, 35, 40, 37, 42, 38, 43, 52, 53]
[13, 34, 35, 37, 42, 38, 43, 44, 53, 54]
[13, 34, 35, 40, 50, 52, 39, 44, 51, 53]
[13, 34, 40, 37, 42, 49, 43, 39, 53, 54]
[13, 34, 37, 43, 50, 39, 44, 51, 53, 54]
[13, 34, 40, 42, 49, 38, 50, 39, 53, 54]
[13, 40, 37, 49, 38, 50, 39, 51, 53, 54]
[14, 16, 37, 49, 17, 38, 50, 52, 18, 53]
[14, 40, 16, 37, 17, 43, 18, 39, 53, 54]
[14, 40, 16, 37, 42, 49, 17, 38, 53, 54]
[14, 16, 37, 42, 17, 43, 50, 52, 39, 53]
[34, 14, 35, 37, 49, 50, 52, 18, 39, 53]
[34, 14, 37, 42, 49, 38, 52, 18, 51, 53]
[14, 35, 40, 37, 38, 50, 18, 39, 53, 54]
[14, 35, 40, 42, 38, 52, 18, 44, 51, 53]
[34, 14, 35, 37, 42, 38, 43, 50, 52, 53]
[34, 14, 35, 40, 49, 50, 52, 44, 51, 53]
[34, 14, 40, 42, 49, 38, 52, 39, 44, 53]
[14, 35, 40, 37, 42, 49, 43, 50, 53, 54]
[14, 35, 40, 49, 43, 52, 39, 44, 51, 53]
[40, 16, 37, 42, 49, 43, 52, 18, 44, 53]
[35, 40, 16, 37, 42, 50, 52, 44, 51, 53]
[34, 37, 17, 38, 18, 39, 44, 51, 53, 54]
[34, 40, 42, 49, 17, 43, 18, 39, 53, 54]
[40, 37, 49, 17, 52, 18, 39, 44, 51, 53]
[34, 37, 42, 49, 17, 43, 44, 51, 53, 54]
[35, 40, 37, 17, 43, 50, 52, 39, 44, 53]
[35, 42, 49, 17, 38, 50, 52, 39, 51, 53]
[40, 37, 42, 17, 38, 43, 52, 44, 51, 53]
[10, 13, 34, 14, 16, 17, 43, 18, 44, 53, 54]
[10, 13, 14, 16, 49, 43, 50, 52, 18, 44, 53]
[10, 13, 34, 14, 16, 42, 49, 43, 39, 53, 54]
[10, 13, 14, 16, 42, 38, 50, 52, 39, 44, 53]
[10, 13, 34, 14, 35, 17, 43, 50, 18, 53, 54]
[10, 13, 14, 35, 49, 17, 38, 52, 18, 44, 53]
[10, 13, 14, 35, 42, 17, 43, 52, 39, 44, 53]
[10, 13, 34, 14, 35, 38, 50, 18, 44, 53, 54]
[10, 13, 35, 16, 37, 17, 38, 50, 39, 53, 54]
[10, 13, 35, 40, 16, 43, 50, 18, 51, 53, 54]
[10, 13, 35, 16, 37, 43, 50, 39, 44, 53, 54]
[10, 13, 37, 42, 49, 17, 43, 18, 44, 53, 54]
[10, 13, 40, 42, 49, 17, 43, 39, 51, 53, 54]
[10, 13, 34, 37, 42, 43, 50, 52, 18, 44, 53]
[10, 13, 34, 40, 49, 38, 50, 52, 18, 51, 53]
[10, 13, 34, 37, 49, 38, 50, 52, 39, 44, 53]
[10, 13, 34, 40, 42, 43, 50, 52, 39, 51, 53]
[10, 13, 40, 42, 49, 38, 39, 44, 51, 53, 54]
[10, 14, 35, 40, 16, 17, 50, 52, 18, 51, 53]
[10, 14, 35, 16, 37, 17, 50, 52, 39, 44, 53]
[10, 14, 16, 37, 42, 17, 43, 50, 51, 53, 54]
[10, 14, 40, 16, 49, 17, 38, 50, 44, 53, 54]
[10, 14, 35, 37, 49, 43, 18, 39, 51, 53, 54]
[10, 14, 35, 40, 42, 38, 18, 39, 44, 53, 54]
[10, 34, 35, 16, 42, 43, 18, 39, 51, 53, 54]
[10, 34, 35, 40, 16, 37, 42, 43, 44, 53, 54]
[10, 34, 16, 42, 49, 38, 43, 52, 39, 44, 53]
[10, 34, 35, 17, 38, 43, 50, 52, 18, 44, 53]
[10, 34, 42, 17, 38, 50, 18, 39, 51, 53, 54]
[10, 34, 35, 42, 49, 17, 50, 52, 39, 44, 53]
[10, 34, 40, 37, 42, 17, 38, 50, 44, 53, 54]
[13, 34, 14, 35, 40, 16, 42, 17, 52, 44, 53]
[13, 34, 14, 40, 16, 50, 18, 39, 51, 53, 54]
[13, 14, 35, 40, 16, 37, 38, 18, 51, 53, 54]
[13, 14, 35, 16, 37, 38, 52, 18, 44, 51, 53]
[13, 14, 35, 16, 42, 43, 50, 52, 18, 39, 53]
[13, 14, 35, 40, 16, 42, 49, 43, 52, 18, 53]
[13, 14, 35, 16, 42, 49, 43, 18, 44, 53, 54]
[13, 14, 40, 16, 37, 42, 50, 18, 39, 53, 54]
[13, 14, 16, 37, 49, 18, 39, 44, 51, 53, 54]
[13, 14, 40, 16, 42, 38, 43, 18, 39, 53, 54]
[13, 14, 40, 16, 37, 49, 38, 43, 50, 53, 54]
[13, 14, 16, 37, 42, 38, 43, 44, 51, 53, 54]
[13, 14, 35, 40, 42, 17, 50, 18, 39, 53, 54]
[13, 14, 35, 49, 17, 18, 39, 44, 51, 53, 54]
[13, 14, 40, 37, 17, 43, 50, 18, 51, 53, 54]
[13, 14, 37, 17, 43, 50, 52, 18, 44, 51, 53]
[13, 14, 40, 42, 49, 17, 38, 50, 52, 18, 53]
[13, 14, 42, 49, 17, 38, 50, 18, 44, 53, 54]
[13, 34, 14, 35, 37, 17, 38, 43, 44, 53, 54]
[13, 34, 14, 35, 40, 42, 49, 17, 51, 53, 54]
[13, 14, 35, 37, 42, 17, 50, 44, 51, 53, 54]
[13, 14, 35, 40, 49, 17, 38, 43, 50, 53, 54]
[13, 14, 35, 42, 17, 38, 43, 44, 51, 53, 54]
[13, 14, 40, 37, 42, 17, 38, 52, 44, 51, 53]
[13, 34, 14, 40, 49, 50, 52, 18, 39, 44, 53]
[13, 34, 14, 40, 42, 38, 43, 50, 52, 44, 53]
[13, 34, 16, 37, 49, 17, 38, 52, 18, 39, 53]
[13, 34, 40, 16, 37, 17, 38, 50, 52, 18, 53]
[13, 34, 16, 37, 17, 38, 50, 18, 44, 53, 54]
[13, 34, 35, 16, 49, 17, 50, 44, 51, 53, 54]
[13, 34, 40, 16, 17, 38, 50, 39, 51, 53, 54]
[13, 34, 16, 17, 38, 50, 52, 39, 44, 51, 53]
[13, 34, 40, 16, 49, 17, 38, 52, 44, 51, 53]
[13, 35, 16, 42, 49, 17, 38, 43, 44, 53, 54]
[13, 40, 16, 37, 42, 50, 52, 18, 39, 44, 53]
[13, 16, 49, 38, 43, 50, 52, 18, 39, 51, 53]
[13, 40, 16, 37, 49, 38, 43, 50, 52, 44, 53]
[13, 34, 35, 37, 49, 43, 50, 52, 18, 39, 53]
[13, 34, 35, 40, 42, 49, 38, 18, 51, 53, 54]
[13, 34, 35, 42, 49, 38, 52, 18, 44, 51, 53]
[13, 34, 40, 37, 49, 38, 43, 18, 39, 53, 54]
[13, 40, 37, 42, 49, 50, 18, 39, 51, 53, 54]
[13, 34, 35, 40, 37, 42, 49, 38, 52, 39, 53]
[13, 34, 35, 37, 42, 49, 38, 39, 44, 53, 54]
[13, 34, 35, 40, 49, 43, 50, 52, 44, 51, 53]
[14, 16, 37, 17, 38, 43, 50, 52, 18, 39, 53]
[14, 16, 42, 17, 38, 43, 18, 44, 51, 53, 54]
[34, 14, 35, 40, 16, 42, 17, 50, 52, 44, 53]
[34, 14, 16, 37, 42, 49, 17, 43, 52, 39, 53]
[34, 14, 40, 16, 17, 38, 52, 39, 44, 51, 53]
[14, 40, 16, 37, 42, 17, 38, 43, 39, 53, 54]
[14, 40, 16, 17, 38, 43, 50, 52, 44, 51, 53]
[34, 14, 37, 42, 38, 43, 52, 18, 39, 51, 53]
[14, 35, 40, 37, 49, 38, 43, 50, 18, 53, 54]
[34, 14, 35, 37, 42, 49, 38, 50, 52, 39, 53]
[34, 14, 35, 40, 43, 50, 52, 39, 44, 51, 53]
[14, 35, 49, 38, 43, 50, 39, 44, 51, 53, 54]
[34, 35, 16, 37, 49, 50, 18, 44, 51, 53, 54]
[34, 35, 40, 16, 42, 38, 43, 50, 18, 53, 54]
[35, 40, 16, 37, 38, 50, 52, 18, 44, 51, 53]
[34, 35, 40, 16, 37, 42, 49, 52, 44, 51, 53]
[34, 37, 49, 17, 38, 43, 18, 44, 51, 53, 54]
[34, 40, 37, 17, 50, 52, 18, 39, 44, 51, 53]
[34, 42, 49, 17, 38, 43, 50, 52, 18, 39, 53]
[40, 37, 42, 49, 17, 38, 52, 39, 44, 51, 53]
[10, 13, 34, 14, 16, 49, 17, 18, 39, 44, 53, 54]
[10, 13, 34, 14, 40, 16, 37, 49, 17, 51, 53, 54]
[10, 13, 34, 14, 16, 42, 17, 38, 43, 44, 53, 54]
[10, 13, 34, 14, 16, 49, 38, 43, 18, 39, 53, 54]
[10, 13, 14, 16, 42, 49, 38, 43, 50, 52, 44, 53]
[10, 13, 34, 14, 35, 49, 17, 50, 18, 39, 53, 54]
[10, 13, 14, 35, 17, 38, 43, 52, 18, 39, 44, 53]
[10, 13, 34, 14, 35, 42, 17, 38, 43, 50, 53, 54]
[10, 13, 14, 35, 40, 37, 17, 38, 43, 52, 51, 53]
[10, 13, 34, 35, 40, 16, 17, 52, 18, 39, 51, 53]
[10, 13, 35, 16, 37, 42, 17, 50, 18, 39, 53, 54]
[10, 13, 35, 16, 37, 49, 17, 38, 43, 50, 53, 54]
[10, 13, 35, 40, 16, 42, 17, 50, 44, 51, 53, 54]
[10, 13, 35, 40, 16, 49, 50, 18, 39, 51, 53, 54]
[10, 13, 35, 40, 16, 42, 38, 43, 50, 51, 53, 54]
[10, 13, 40, 49, 17, 38, 43, 18, 39, 51, 53, 54]
[10, 13, 34, 37, 42, 49, 50, 52, 18, 39, 44, 53]
[10, 13, 34, 40, 38, 43, 50, 52, 18, 39, 51, 53]
[10, 14, 16, 37, 17, 38, 43, 50, 18, 51, 53, 54]
[10, 14, 40, 16, 42, 49, 17, 50, 18, 44, 53, 54]
[10, 14, 35, 16, 37, 49, 17, 43, 50, 52, 44, 53]
[10, 14, 35, 40, 16, 42, 17, 38, 50, 52, 51, 53]
[10, 14, 16, 37, 42, 49, 17, 50, 39, 51, 53, 54]
[10, 14, 40, 16, 17, 38, 43, 50, 39, 44, 53, 54]
[10, 14, 35, 40, 42, 49, 38, 43, 18, 44, 53, 54]
[10, 14, 35, 37, 42, 49, 38, 43, 39, 51, 53, 54]
[10, 34, 35, 40, 16, 37, 38, 43, 18, 44, 53, 54]
[10, 34, 40, 16, 37, 42, 38, 52, 18, 39, 51, 53]
[10, 34, 35, 40, 16, 37, 42, 49, 39, 44, 53, 54]
[10, 34, 35, 49, 17, 38, 50, 52, 18, 39, 44, 53]
[10, 34, 42, 49, 17, 38, 43, 50, 18, 51, 53, 54]
[10, 34, 35, 40, 37, 49, 17, 38, 50, 52, 51, 53]
[13, 34, 14, 35, 40, 16, 17, 38, 52, 18, 44, 53]
[13, 34, 14, 35, 16, 37, 17, 38, 52, 39, 51, 53]
[13, 34, 14, 16, 37, 42, 38, 50, 18, 44, 53, 54]
[13, 34, 14, 40, 16, 49, 43, 50, 18, 51, 53, 54]
[13, 14, 40, 16, 37, 42, 49, 43, 50, 18, 53, 54]
[13, 34, 14, 16, 37, 49, 43, 50, 39, 44, 53, 54]
[13, 34, 14, 40, 16, 42, 38, 50, 39, 51, 53, 54]
[13, 14, 16, 37, 42, 49, 38, 39, 44, 51, 53, 54]
[13, 14, 16, 42, 49, 43, 50, 39, 44, 51, 53, 54]
[13, 34, 14, 35, 37, 42, 17, 43, 18, 44, 53, 54]
[13, 34, 14, 35, 40, 49, 17, 38, 18, 51, 53, 54]
[13, 14, 35, 40, 37, 42, 49, 17, 38, 18, 53, 54]
[13, 14, 35, 37, 17, 38, 50, 18, 44, 51, 53, 54]
[13, 14, 35, 40, 42, 49, 17, 43, 50, 18, 53, 54]
[13, 14, 40, 37, 49, 17, 50, 18, 39, 51, 53, 54]
[13, 14, 37, 49, 17, 50, 52, 18, 39, 44, 51, 53]
[13, 14, 40, 42, 17, 38, 43, 50, 52, 18, 39, 53]
[13, 14, 42, 17, 38, 43, 50, 18, 39, 44, 53, 54]
[13, 34, 14, 35, 37, 49, 17, 38, 39, 44, 53, 54]
[13, 34, 14, 35, 40, 42, 17, 43, 39, 51, 53, 54]
[13, 14, 35, 42, 49, 17, 38, 39, 44, 51, 53, 54]
[13, 14, 40, 37, 42, 17, 38, 43, 50, 51, 53, 54]
[13, 14, 37, 42, 17, 38, 43, 50, 52, 44, 51, 53]
[13, 34, 14, 37, 42, 49, 38, 50, 52, 18, 51, 53]
[13, 34, 14, 40, 42, 49, 38, 50, 52, 39, 44, 53]
[13, 34, 35, 40, 16, 37, 17, 43, 50, 18, 53, 54]
[13, 34, 40, 16, 42, 17, 50, 18, 39, 51, 53, 54]
[13, 34, 16, 42, 17, 50, 52, 18, 39, 44, 51, 53]
[13, 34, 40, 16, 42, 49, 17, 52, 18, 44, 51, 53]
[13, 35, 40, 16, 37, 42, 17, 38, 18, 51, 53, 54]
[13, 34, 35, 16, 37, 17, 38, 39, 44, 51, 53, 54]
[13, 34, 35, 40, 16, 42, 49, 17, 43, 39, 53, 54]
[13, 34, 35, 16, 17, 43, 50, 39, 44, 51, 53, 54]
[13, 34, 40, 16, 17, 38, 43, 52, 39, 44, 51, 53]
[13, 34, 40, 16, 49, 17, 38, 43, 50, 51, 53, 54]
[13, 34, 16, 49, 17, 38, 43, 50, 52, 44, 51, 53]
[13, 35, 40, 16, 37, 49, 17, 43, 39, 51, 53, 54]
[13, 40, 16, 37, 42, 49, 43, 50, 52, 18, 44, 53]
[13, 35, 40, 37, 42, 49, 17, 38, 52, 18, 44, 53]
[13, 34, 35, 40, 42, 38, 43, 18, 39, 51, 53, 54]
[13, 34, 35, 42, 38, 43, 52, 18, 39, 44, 51, 53]
[13, 34, 37, 42, 49, 38, 50, 18, 44, 51, 53, 54]
[13, 34, 35, 37, 42, 49, 38, 43, 50, 52, 39, 53]
[34, 14, 35, 40, 16, 17, 38, 50, 52, 18, 44, 53]
[34, 14, 16, 37, 49, 17, 38, 43, 52, 18, 39, 53]
[34, 14, 40, 16, 42, 17, 52, 18, 39, 44, 51, 53]
[14, 16, 42, 49, 17, 38, 18, 39, 44, 51, 53, 54]
[14, 40, 16, 42, 17, 43, 50, 52, 18, 44, 51, 53]
[34, 14, 35, 16, 37, 17, 38, 50, 52, 39, 51, 53]
[34, 14, 40, 16, 49, 17, 38, 43, 52, 44, 51, 53]
[14, 40, 16, 49, 17, 38, 50, 52, 39, 44, 51, 53]
[14, 35, 42, 49, 43, 50, 18, 39, 44, 51, 53, 54]
[34, 35, 40, 16, 37, 49, 38, 52, 18, 44, 51, 53]
[34, 35, 16, 37, 43, 50, 18, 39, 44, 51, 53, 54]
[34, 35, 40, 16, 42, 49, 38, 50, 18, 39, 53, 54]
[34, 35, 16, 37, 42, 49, 38, 50, 44, 51, 53, 54]
[34, 35, 40, 16, 37, 42, 43, 52, 39, 44, 51, 53]
[34, 40, 37, 49, 17, 43, 50, 52, 18, 44, 51, 53]
[35, 40, 37, 42, 49, 17, 38, 50, 52, 18, 44, 53]
[34, 40, 37, 42, 17, 38, 50, 52, 39, 44, 51, 53]
[10, 13, 34, 14, 40, 16, 37, 17, 43, 39, 51, 53, 54]
[10, 13, 34, 14, 16, 42, 49, 17, 38, 39, 44, 53, 54]
[10, 13, 14, 40, 16, 37, 42, 38, 50, 52, 18, 51, 53]
[10, 13, 34, 14, 40, 16, 37, 38, 39, 44, 51, 53, 54]
[10, 13, 14, 40, 16, 37, 49, 43, 50, 52, 39, 51, 53]
[10, 13, 14, 35, 40, 37, 42, 17, 43, 52, 18, 51, 53]
[10, 13, 34, 14, 35, 42, 49, 17, 38, 50, 39, 53, 54]
[10, 13, 14, 35, 40, 37, 49, 17, 38, 52, 39, 51, 53]
[10, 13, 34, 14, 35, 40, 37, 38, 50, 39, 51, 53, 54]
[10, 13, 34, 14, 35, 42, 49, 43, 50, 39, 44, 53, 54]
[10, 13, 34, 35, 16, 37, 42, 17, 38, 52, 18, 44, 53]
[10, 13, 34, 35, 40, 16, 49, 17, 43, 52, 18, 51, 53]
[10, 13, 35, 16, 37, 42, 49, 17, 43, 50, 18, 53, 54]
[10, 13, 35, 40, 16, 17, 38, 50, 18, 44, 51, 53, 54]
[10, 13, 34, 35, 16, 37, 49, 17, 43, 52, 39, 44, 53]
[10, 13, 34, 35, 40, 16, 42, 17, 38, 52, 39, 51, 53]
[10, 13, 35, 16, 37, 42, 49, 38, 50, 18, 44, 53, 54]
[10, 13, 35, 40, 16, 42, 49, 38, 50, 39, 51, 53, 54]
[10, 14, 16, 37, 49, 17, 38, 50, 18, 39, 51, 53, 54]
[10, 14, 40, 16, 42, 17, 43, 50, 18, 39, 44, 53, 54]
[10, 34, 35, 40, 16, 37, 49, 38, 18, 39, 44, 53, 54]
[10, 34, 40, 16, 37, 42, 49, 38, 43, 52, 18, 51, 53]
[10, 34, 35, 40, 37, 42, 49, 17, 50, 52, 18, 51, 53]
[10, 34, 40, 37, 49, 17, 43, 50, 18, 39, 44, 53, 54]
[10, 34, 35, 40, 37, 17, 38, 43, 50, 52, 39, 51, 53]
[13, 34, 14, 35, 16, 37, 42, 17, 52, 18, 39, 51, 53]
[13, 34, 14, 35, 16, 37, 49, 17, 38, 43, 52, 51, 53]
[13, 14, 16, 49, 38, 43, 50, 18, 39, 44, 51, 53, 54]
[13, 34, 14, 40, 16, 42, 49, 38, 43, 50, 51, 53, 54]
[13, 14, 35, 40, 16, 37, 42, 49, 43, 39, 51, 53, 54]
[13, 14, 35, 16, 37, 42, 49, 43, 52, 39, 44, 51, 53]
[13, 14, 35, 40, 16, 37, 42, 43, 50, 52, 44, 51, 53]
[13, 34, 14, 35, 37, 42, 49, 17, 18, 39, 44, 53, 54]
[13, 34, 14, 35, 40, 17, 38, 43, 18, 39, 51, 53, 54]
[13, 14, 35, 40, 37, 42, 17, 38, 43, 18, 39, 53, 54]
[13, 14, 40, 37, 49, 17, 43, 52, 18, 39, 44, 51, 53]
[13, 14, 40, 37, 42, 49, 17, 38, 50, 39, 51, 53, 54]
[13, 14, 37, 42, 49, 17, 38, 50, 52, 39, 44, 51, 53]
[13, 34, 14, 37, 42, 38, 43, 50, 52, 18, 39, 51, 53]
[13, 34, 35, 40, 16, 37, 49, 17, 50, 18, 39, 53, 54]
[13, 34, 35, 16, 37, 42, 17, 18, 39, 44, 51, 53, 54]
[13, 34, 35, 40, 16, 49, 17, 38, 43, 18, 39, 53, 54]
[13, 34, 40, 16, 42, 17, 43, 52, 18, 39, 44, 51, 53]
[13, 34, 40, 16, 42, 49, 17, 43, 50, 18, 51, 53, 54]
[13, 34, 16, 42, 49, 17, 43, 50, 52, 18, 44, 51, 53]
[13, 34, 35, 40, 16, 37, 42, 17, 38, 43, 50, 53, 54]
[13, 34, 35, 16, 37, 49, 17, 38, 43, 44, 51, 53, 54]
[13, 34, 40, 16, 37, 42, 49, 17, 43, 50, 52, 39, 53]
[13, 34, 16, 37, 42, 49, 17, 43, 50, 39, 44, 53, 54]
[13, 35, 40, 37, 42, 17, 38, 43, 52, 18, 39, 44, 53]
[13, 34, 35, 40, 42, 38, 50, 52, 18, 39, 44, 51, 53]
[13, 34, 37, 42, 38, 43, 50, 18, 39, 44, 51, 53, 54]
[34, 14, 35, 16, 37, 42, 17, 50, 52, 18, 39, 51, 53]
[34, 14, 40, 16, 42, 49, 17, 43, 52, 18, 44, 51, 53]
[14, 40, 16, 42, 49, 17, 50, 52, 18, 39, 44, 51, 53]
[34, 14, 35, 16, 37, 49, 17, 38, 43, 50, 52, 51, 53]
[34, 14, 35, 40, 42, 49, 38, 50, 52, 18, 44, 51, 53]
[14, 35, 40, 42, 49, 38, 43, 52, 18, 39, 44, 51, 53]
[34, 35, 40, 16, 37, 38, 43, 52, 18, 39, 44, 51, 53]
[34, 35, 16, 37, 42, 38, 43, 50, 39, 44, 51, 53, 54]
[35, 40, 16, 37, 42, 49, 43, 50, 52, 39, 44, 51, 53]
[35, 40, 37, 42, 17, 38, 43, 50, 52, 18, 39, 44, 53]
[34, 40, 37, 42, 49, 17, 38, 43, 50, 52, 44, 51, 53]
[10, 13, 34, 14, 40, 16, 37, 42, 18, 39, 44, 51, 53, 54]
[10, 13, 34, 14, 40, 16, 37, 49, 38, 43, 44, 51, 53, 54]
[10, 13, 14, 35, 40, 37, 42, 49, 17, 52, 18, 39, 51, 53]
[10, 13, 34, 14, 35, 40, 37, 49, 17, 50, 44, 51, 53, 54]
[10, 13, 34, 14, 35, 40, 37, 42, 50, 18, 39, 51, 53, 54]
[10, 13, 34, 14, 35, 49, 38, 43, 50, 18, 39, 44, 53, 54]
[10, 13, 34, 14, 35, 40, 37, 49, 38, 43, 50, 51, 53, 54]
[10, 13, 34, 35, 40, 16, 42, 49, 17, 38, 43, 52, 51, 53]
[10, 13, 35, 16, 37, 42, 38, 43, 50, 18, 39, 44, 53, 54]
[10, 14, 35, 16, 37, 42, 17, 38, 50, 52, 18, 39, 44, 53]
[10, 14, 35, 40, 16, 49, 17, 43, 50, 52, 18, 39, 51, 53]
[10, 34, 35, 40, 37, 42, 17, 43, 50, 52, 18, 39, 51, 53]
[10, 34, 40, 37, 42, 49, 17, 38, 43, 50, 39, 44, 53, 54]
[13, 34, 14, 35, 16, 37, 42, 49, 17, 43, 52, 18, 51, 53]
[13, 34, 14, 35, 40, 16, 42, 49, 17, 43, 52, 39, 44, 53]
[13, 14, 35, 40, 16, 37, 49, 38, 43, 18, 39, 51, 53, 54]
[13, 14, 35, 16, 37, 49, 38, 43, 52, 18, 39, 44, 51, 53]
[13, 14, 35, 40, 16, 37, 38, 43, 50, 52, 18, 44, 51, 53]
[13, 14, 35, 40, 16, 37, 42, 49, 50, 52, 39, 44, 51, 53]
[13, 14, 35, 37, 42, 49, 17, 43, 50, 39, 44, 51, 53, 54]
[13, 14, 40, 37, 42, 49, 17, 38, 43, 52, 39, 44, 51, 53]
[13, 34, 35, 16, 37, 42, 49, 17, 43, 18, 44, 51, 53, 54]
[13, 34, 35, 16, 42, 49, 17, 38, 50, 18, 44, 51, 53, 54]
[13, 34, 40, 16, 37, 49, 17, 38, 43, 50, 52, 18, 39, 53]
[13, 34, 16, 37, 49, 17, 38, 43, 50, 18, 39, 44, 53, 54]
[13, 34, 35, 40, 16, 37, 42, 49, 17, 38, 50, 39, 53, 54]
[13, 34, 35, 40, 42, 49, 38, 43, 50, 52, 18, 44, 51, 53]
[34, 14, 35, 16, 37, 42, 49, 17, 43, 50, 52, 18, 51, 53]
[34, 14, 35, 40, 16, 42, 49, 17, 43, 50, 52, 39, 44, 53]
[34, 14, 35, 40, 42, 38, 43, 50, 52, 18, 39, 44, 51, 53]
[35, 40, 16, 37, 49, 38, 43, 50, 52, 18, 39, 44, 51, 53]
[10, 13, 34, 14, 40, 16, 37, 42, 49, 17, 38, 18, 51, 53, 54]
[10, 13, 34, 14, 40, 16, 37, 42, 49, 43, 18, 44, 51, 53, 54]
[10, 13, 34, 14, 35, 40, 37, 17, 43, 50, 39, 44, 51, 53, 54]
[10, 13, 34, 14, 35, 40, 37, 42, 49, 43, 50, 18, 51, 53, 54]
[10, 13, 35, 40, 16, 42, 49, 17, 43, 50, 39, 44, 51, 53, 54]
[10, 14, 35, 16, 37, 42, 49, 17, 38, 43, 50, 52, 18, 44, 53]
[10, 14, 35, 40, 16, 42, 49, 17, 38, 43, 50, 52, 39, 51, 53]
[13, 34, 14, 35, 40, 16, 49, 17, 38, 43, 52, 18, 39, 44, 53]
[13, 34, 14, 16, 37, 42, 49, 38, 43, 50, 18, 39, 44, 53, 54]
[13, 14, 35, 40, 16, 37, 49, 38, 50, 52, 18, 39, 44, 51, 53]
[13, 14, 35, 37, 49, 17, 38, 43, 50, 18, 39, 44, 51, 53, 54]
[13, 34, 35, 16, 42, 17, 38, 43, 50, 18, 39, 44, 51, 53, 54]
[13, 35, 40, 16, 37, 42, 49, 17, 38, 43, 18, 39, 51, 53, 54]
[34, 14, 35, 40, 16, 49, 17, 38, 43, 50, 52, 18, 39, 44, 53]
[10, 13, 34, 14, 40, 16, 37, 42, 17, 38, 43, 18, 39, 51, 53, 54]
[10, 13, 14, 40, 16, 37, 42, 49, 38, 43, 50, 52, 18, 39, 51, 53]
[10, 13, 34, 35, 16, 37, 42, 49, 17, 38, 43, 52, 18, 39, 44, 53]
[10, 13, 35, 40, 16, 49, 17, 38, 43, 50, 18, 39, 44, 51, 53, 54]
[10, 13, 34, 14, 35, 40, 37, 42, 49, 17, 38, 50, 18, 44, 51, 53, 54]
[10, 13, 34, 14, 35, 40, 37, 42, 17, 38, 43, 50, 18, 39, 44, 51, 53, 54]
