[[2, 5, 7], [3, 5], [4, 5, 7], [6, 7]]
[0, 9, 54]
[0, 1, 10, 5, 14]
[0, 5, 40, 9, 54]
[0, 5, 9, 44, 54]
[0, 5, 42, 49, 54]
[0, 14, 7, 42, 54]
[0, 16, 49, 8, 54]
[0, 40, 9, 44, 54]
[0, 50, 18, 51, 54]
[0, 40, 42, 49, 54]
[0, 42, 43, 51, 54]
[0, 42, 49, 44, 54]
[43, 52, 44, 53, 54]
[49, 52, 51, 53, 54]
[0, 1, 10, 5, 7, 42, 9]
[0, 1, 10, 5, 40, 7, 49]
[0, 5, 14, 7, 16, 8, 54]
[0, 5, 14, 7, 49, 9, 54]
[0, 5, 14, 40, 7, 42, 54]
[0, 5, 14, 7, 42, 44, 54]
[0, 5, 16, 42, 8, 9, 54]
[0, 5, 40, 16, 49, 8, 54]
[0, 5, 16, 8, 43, 51, 54]
[0, 5, 16, 49, 8, 44, 54]
[0, 5, 49, 43, 9, 51, 54]
[0, 5, 40, 50, 18, 51, 54]
[0, 5, 49, 43, 50, 18, 54]
[0, 5, 50, 18, 44, 51, 54]
[0, 5, 40, 42, 43, 51, 54]
[0, 5, 40, 42, 49, 44, 54]
[0, 5, 42, 43, 44, 51, 54]
[0, 14, 40, 7, 16, 8, 54]
[0, 14, 7, 16, 8, 44, 54]
[0, 14, 40, 7, 49, 9, 54]
[0, 14, 7, 43, 9, 51, 54]
[0, 14, 7, 49, 9, 44, 54]
[0, 14, 7, 43, 50, 18, 54]
[0, 14, 40, 7, 42, 44, 54]
[0, 40, 16, 42, 8, 9, 54]
[0, 16, 42, 8, 9, 44, 54]
[0, 40, 16, 8, 43, 51, 54]
[0, 40, 16, 49, 8, 44, 54]
[0, 16, 8, 43, 44, 51, 54]
[0, 42, 43, 50, 9, 18, 54]
[0, 40, 49, 43, 9, 51, 54]
[0, 49, 43, 9, 44, 51, 54]
[0, 40, 49, 43, 50, 18, 54]
[0, 40, 50, 18, 44, 51, 54]
[0, 49, 43, 50, 18, 44, 54]
[0, 40, 42, 43, 44, 51, 54]
[14, 40, 7, 52, 51, 53, 54]
[16, 8, 52, 9, 51, 53, 54]
[40, 42, 52, 9, 51, 53, 54]
[42, 50, 52, 18, 44, 53, 54]
[0, 1, 10, 5, 40, 7, 16, 8, 9]
[0, 1, 10, 5, 7, 16, 42, 49, 8]
[0, 1, 10, 5, 7, 43, 50, 9, 18]
[0, 1, 10, 5, 40, 7, 43, 44, 51]
[0, 1, 10, 5, 14, 16, 49, 8, 9]
[0, 1, 10, 5, 14, 40, 16, 42, 8]
[0, 1, 10, 5, 14, 40, 42, 49, 9]
[0, 1, 10, 5, 14, 42, 43, 50, 18]
[0, 1, 10, 5, 14, 49, 43, 44, 51]
[0, 1, 10, 40, 8, 52, 18, 53, 54]
[0, 1, 10, 16, 42, 52, 18, 53, 54]
[0, 1, 10, 16, 43, 50, 52, 53, 54]
[0, 5, 14, 40, 7, 16, 8, 44, 54]
[0, 5, 14, 40, 7, 43, 9, 51, 54]
[0, 5, 14, 40, 7, 49, 9, 44, 54]
[0, 5, 14, 7, 43, 9, 44, 51, 54]
[0, 5, 14, 40, 7, 43, 50, 18, 54]
[0, 5, 14, 7, 43, 50, 18, 44, 54]
[0, 5, 14, 7, 49, 50, 18, 51, 54]
[0, 5, 14, 7, 42, 49, 43, 51, 54]
[0, 5, 16, 8, 43, 50, 9, 18, 54]
[0, 5, 40, 16, 42, 8, 9, 44, 54]
[0, 5, 16, 42, 8, 50, 18, 51, 54]
[0, 5, 40, 16, 8, 43, 44, 51, 54]
[0, 5, 40, 42, 43, 50, 9, 18, 54]
[0, 5, 42, 43, 50, 9, 18, 44, 54]
[0, 5, 42, 49, 50, 9, 18, 51, 54]
[0, 5, 40, 49, 43, 9, 44, 51, 54]
[0, 5, 40, 49, 43, 50, 18, 44, 54]
[0, 14, 7, 16, 42, 49, 8, 9, 54]
[0, 14, 7, 16, 49, 8, 43, 51, 54]
[0, 14, 7, 42, 50, 9, 18, 51, 54]
[0, 14, 40, 7, 43, 9, 44, 51, 54]
[0, 14, 40, 7, 43, 50, 18, 44, 54]
[0, 14, 40, 7, 49, 50, 18, 51, 54]
[0, 14, 7, 49, 50, 18, 44, 51, 54]
[0, 14, 40, 7, 42, 49, 43, 51, 54]
[0, 14, 7, 42, 49, 43, 44, 51, 54]
[0, 40, 16, 8, 43, 50, 9, 18, 54]
[0, 16, 8, 43, 50, 9, 18, 44, 54]
[0, 16, 49, 8, 50, 9, 18, 51, 54]
[0, 16, 42, 49, 8, 43, 9, 51, 54]
[0, 40, 16, 42, 8, 50, 18, 51, 54]
[0, 16, 42, 49, 8, 43, 50, 18, 54]
[0, 16, 42, 8, 50, 18, 44, 51, 54]
[0, 40, 42, 43, 50, 9, 18, 44, 54]
[0, 40, 42, 49, 50, 9, 18, 51, 54]
[0, 42, 49, 50, 9, 18, 44, 51, 54]
[14, 7, 16, 42, 8, 52, 51, 53, 54]
[14, 7, 50, 52, 9, 18, 44, 53, 54]
[14, 7, 42, 43, 52, 9, 44, 53, 54]
[14, 7, 42, 49, 52, 9, 51, 53, 54]
[14, 40, 7, 49, 43, 52, 44, 53, 54]
[16, 49, 8, 43, 52, 9, 44, 53, 54]
[40, 16, 8, 50, 52, 18, 44, 53, 54]
[40, 16, 42, 8, 43, 52, 44, 53, 54]
[40, 16, 42, 49, 8, 52, 51, 53, 54]
[40, 43, 50, 52, 9, 18, 51, 53, 54]
[40, 49, 50, 52, 9, 18, 44, 53, 54]
[40, 42, 49, 43, 52, 9, 44, 53, 54]
[42, 49, 43, 50, 52, 18, 51, 53, 54]
[0, 1, 10, 5, 7, 16, 49, 8, 43, 50, 18]
[0, 1, 10, 5, 7, 16, 8, 50, 18, 44, 51]
[0, 1, 10, 5, 7, 16, 42, 8, 43, 44, 51]
[0, 1, 10, 5, 7, 49, 50, 9, 18, 44, 51]
[0, 1, 10, 5, 7, 42, 49, 43, 9, 44, 51]
[0, 1, 10, 5, 40, 7, 42, 49, 43, 50, 18]
[0, 1, 10, 5, 40, 7, 42, 50, 18, 44, 51]
[0, 1, 10, 5, 14, 16, 8, 43, 9, 44, 51]
[0, 1, 10, 5, 14, 40, 16, 8, 43, 50, 18]
[0, 1, 10, 5, 14, 40, 49, 43, 50, 9, 18]
[0, 1, 10, 5, 14, 40, 50, 9, 18, 44, 51]
[0, 1, 10, 5, 14, 40, 42, 43, 9, 44, 51]
[0, 1, 10, 5, 14, 42, 49, 50, 18, 44, 51]
[0, 1, 10, 14, 7, 49, 8, 52, 18, 53, 54]
[0, 1, 10, 14, 7, 16, 52, 9, 18, 53, 54]
[0, 1, 10, 42, 49, 8, 52, 9, 18, 53, 54]
[0, 1, 10, 49, 8, 43, 50, 52, 9, 53, 54]
[0, 1, 10, 8, 50, 52, 9, 44, 51, 53, 54]
[0, 1, 10, 40, 42, 8, 43, 50, 52, 53, 54]
[0, 1, 10, 40, 16, 49, 52, 9, 18, 53, 54]
[0, 1, 10, 16, 49, 50, 52, 44, 51, 53, 54]
[0, 5, 14, 7, 16, 8, 50, 9, 18, 51, 54]
[0, 5, 14, 40, 7, 16, 42, 49, 8, 9, 54]
[0, 5, 14, 7, 16, 42, 8, 43, 9, 51, 54]
[0, 5, 14, 7, 16, 42, 49, 8, 9, 44, 54]
[0, 5, 14, 7, 16, 42, 8, 43, 50, 18, 54]
[0, 5, 14, 40, 7, 16, 49, 8, 43, 51, 54]
[0, 5, 14, 7, 16, 49, 8, 43, 44, 51, 54]
[0, 5, 14, 40, 7, 42, 50, 9, 18, 51, 54]
[0, 5, 14, 7, 42, 49, 43, 50, 9, 18, 54]
[0, 5, 14, 7, 42, 50, 9, 18, 44, 51, 54]
[0, 5, 14, 40, 7, 49, 50, 18, 44, 51, 54]
[0, 5, 14, 40, 7, 42, 49, 43, 44, 51, 54]
[0, 5, 40, 16, 8, 43, 50, 9, 18, 44, 54]
[0, 5, 40, 16, 49, 8, 50, 9, 18, 51, 54]
[0, 5, 16, 49, 8, 50, 9, 18, 44, 51, 54]
[0, 5, 40, 16, 42, 49, 8, 43, 9, 51, 54]
[0, 5, 16, 42, 49, 8, 43, 9, 44, 51, 54]
[0, 5, 40, 16, 42, 49, 8, 43, 50, 18, 54]
[0, 5, 40, 16, 42, 8, 50, 18, 44, 51, 54]
[0, 5, 16, 42, 49, 8, 43, 50, 18, 44, 54]
[0, 5, 40, 42, 49, 50, 9, 18, 44, 51, 54]
[0, 14, 40, 7, 16, 8, 50, 9, 18, 51, 54]
[0, 14, 7, 16, 49, 8, 43, 50, 9, 18, 54]
[0, 14, 7, 16, 8, 50, 9, 18, 44, 51, 54]
[0, 14, 40, 7, 16, 42, 8, 43, 9, 51, 54]
[0, 14, 40, 7, 16, 42, 49, 8, 9, 44, 54]
[0, 14, 7, 16, 42, 8, 43, 9, 44, 51, 54]
[0, 14, 40, 7, 16, 42, 8, 43, 50, 18, 54]
[0, 14, 7, 16, 42, 8, 43, 50, 18, 44, 54]
[0, 14, 7, 16, 42, 49, 8, 50, 18, 51, 54]
[0, 14, 40, 7, 16, 49, 8, 43, 44, 51, 54]
[0, 14, 40, 7, 42, 49, 43, 50, 9, 18, 54]
[0, 14, 40, 7, 42, 50, 9, 18, 44, 51, 54]
[0, 14, 7, 42, 49, 43, 50, 9, 18, 44, 54]
[0, 40, 16, 49, 8, 50, 9, 18, 44, 51, 54]
[0, 40, 16, 42, 49, 8, 43, 9, 44, 51, 54]
[0, 40, 16, 42, 49, 8, 43, 50, 18, 44, 54]
[14, 40, 7, 16, 8, 43, 52, 9, 44, 53, 54]
[14, 40, 7, 16, 49, 8, 52, 9, 51, 53, 54]
[14, 7, 16, 8, 43, 50, 52, 18, 51, 53, 54]
[14, 7, 16, 49, 8, 50, 52, 18, 44, 53, 54]
[14, 7, 16, 42, 49, 8, 43, 52, 44, 53, 54]
[14, 7, 49, 43, 50, 52, 9, 18, 51, 53, 54]
[14, 40, 7, 42, 43, 50, 52, 18, 51, 53, 54]
[14, 40, 7, 42, 49, 50, 52, 18, 44, 53, 54]
[16, 42, 8, 43, 50, 52, 9, 18, 51, 53, 54]
[16, 42, 49, 8, 50, 52, 9, 18, 44, 53, 54]
[40, 16, 49, 8, 43, 50, 52, 18, 51, 53, 54]
[0, 1, 10, 5, 40, 7, 16, 42, 8, 43, 50, 9, 18]
[0, 1, 10, 5, 40, 7, 16, 49, 8, 43, 9, 44, 51]
[0, 1, 10, 5, 14, 16, 42, 49, 8, 43, 50, 9, 18]
[0, 1, 10, 5, 14, 16, 42, 8, 50, 9, 18, 44, 51]
[0, 1, 10, 5, 14, 40, 16, 49, 8, 50, 18, 44, 51]
[0, 1, 10, 5, 14, 40, 16, 42, 49, 8, 43, 44, 51]
[0, 1, 10, 14, 40, 7, 42, 8, 52, 9, 18, 53, 54]
[0, 1, 10, 14, 40, 7, 8, 43, 50, 52, 9, 53, 54]
[0, 1, 10, 14, 7, 8, 43, 52, 18, 44, 51, 53, 54]
[0, 1, 10, 14, 7, 42, 49, 8, 43, 50, 52, 53, 54]
[0, 1, 10, 14, 7, 42, 8, 50, 52, 44, 51, 53, 54]
[0, 1, 10, 14, 7, 16, 42, 43, 50, 52, 9, 53, 54]
[0, 1, 10, 14, 40, 7, 16, 42, 49, 52, 18, 53, 54]
[0, 1, 10, 14, 40, 7, 16, 49, 43, 50, 52, 53, 54]
[0, 1, 10, 14, 40, 7, 16, 50, 52, 44, 51, 53, 54]
[0, 1, 10, 42, 8, 43, 52, 9, 18, 44, 51, 53, 54]
[0, 1, 10, 40, 49, 8, 43, 52, 18, 44, 51, 53, 54]
[0, 1, 10, 40, 42, 49, 8, 50, 52, 44, 51, 53, 54]
[0, 1, 10, 40, 16, 43, 52, 9, 18, 44, 51, 53, 54]
[0, 1, 10, 40, 16, 42, 49, 43, 50, 52, 9, 53, 54]
[0, 1, 10, 40, 16, 42, 50, 52, 9, 44, 51, 53, 54]
[0, 1, 10, 16, 42, 49, 43, 52, 18, 44, 51, 53, 54]
[0, 5, 14, 40, 7, 16, 49, 8, 43, 50, 9, 18, 54]
[0, 5, 14, 40, 7, 16, 8, 50, 9, 18, 44, 51, 54]
[0, 5, 14, 7, 16, 49, 8, 43, 50, 9, 18, 44, 54]
[0, 5, 14, 40, 7, 16, 42, 8, 43, 9, 44, 51, 54]
[0, 5, 14, 40, 7, 16, 42, 8, 43, 50, 18, 44, 54]
[0, 5, 14, 40, 7, 16, 42, 49, 8, 50, 18, 51, 54]
[0, 5, 14, 7, 16, 42, 49, 8, 50, 18, 44, 51, 54]
[0, 5, 14, 40, 7, 42, 49, 43, 50, 9, 18, 44, 54]
[0, 14, 40, 7, 16, 49, 8, 43, 50, 9, 18, 44, 54]
[0, 14, 40, 7, 16, 42, 49, 8, 50, 18, 44, 51, 54]
[14, 40, 7, 16, 42, 8, 50, 52, 9, 18, 44, 53, 54]
[0, 1, 10, 5, 40, 7, 16, 42, 49, 8, 50, 9, 18, 44, 51]
[0, 1, 10, 14, 40, 7, 49, 8, 50, 52, 9, 44, 51, 53, 54]
[0, 1, 10, 14, 7, 16, 49, 43, 52, 9, 18, 44, 51, 53, 54]
[0, 1, 10, 14, 7, 16, 42, 49, 50, 52, 9, 44, 51, 53, 54]
[0, 1, 10, 14, 40, 7, 16, 42, 43, 52, 18, 44, 51, 53, 54]
[14, 40, 7, 16, 42, 49, 8, 43, 50, 52, 9, 18, 51, 53, 54]
[0, 1, 10, 14, 40, 7, 42, 49, 8, 43, 52, 9, 18, 44, 51, 53, 54]
