[[1], [2, 4], [3], [5]]
[0, 52]
[45, 49]
[0, 8, 52]
[0, 38, 52]
[0, 45, 49]
[4, 45, 49]
[6, 45, 49]
[45, 7, 49]
[45, 49, 8]
[34, 45, 49]
[45, 37, 49]
[45, 49, 38]
[0, 4, 45, 49]
[0, 6, 45, 49]
[0, 34, 7, 52]
[0, 45, 7, 49]
[0, 8, 38, 52]
[0, 45, 49, 8]
[0, 36, 52, 9]
[0, 34, 45, 49]
[0, 45, 37, 49]
[0, 45, 49, 38]
[0, 46, 52, 39]
[4, 45, 7, 49]
[4, 45, 49, 8]
[4, 34, 45, 49]
[4, 45, 37, 49]
[4, 45, 49, 38]
[6, 45, 49, 8]
[6, 45, 49, 38]
[45, 7, 49, 8]
[34, 45, 7, 49]
[45, 7, 37, 49]
[45, 7, 49, 38]
[34, 45, 49, 8]
[45, 37, 49, 8]
[45, 49, 8, 38]
[36, 45, 49, 9]
[34, 45, 37, 49]
[34, 45, 49, 38]
[45, 37, 49, 38]
[45, 46, 49, 39]
[0, 4, 45, 7, 49]
[0, 4, 45, 49, 8]
[0, 4, 34, 45, 49]
[0, 4, 45, 37, 49]
[0, 4, 45, 49, 38]
[0, 6, 45, 49, 8]
[0, 6, 45, 49, 38]
[0, 34, 7, 8, 52]
[0, 45, 7, 49, 8]
[0, 34, 7, 38, 52]
[0, 34, 45, 7, 49]
[0, 45, 7, 37, 49]
[0, 45, 7, 49, 38]
[0, 36, 8, 52, 9]
[0, 34, 45, 49, 8]
[0, 45, 37, 49, 8]
[0, 45, 49, 8, 38]
[0, 46, 8, 52, 39]
[0, 36, 38, 52, 9]
[0, 36, 45, 49, 9]
[0, 34, 45, 37, 49]
[0, 34, 45, 49, 38]
[0, 45, 37, 49, 38]
[0, 46, 38, 52, 39]
[0, 45, 46, 49, 39]
[4, 6, 45, 7, 49]
[4, 34, 6, 45, 49]
[4, 45, 7, 49, 8]
[4, 34, 45, 7, 49]
[4, 45, 7, 37, 49]
[4, 45, 7, 49, 38]
[4, 34, 45, 49, 8]
[4, 45, 37, 49, 8]
[4, 45, 49, 8, 38]
[4, 36, 45, 49, 9]
[4, 34, 45, 37, 49]
[4, 34, 45, 49, 38]
[4, 45, 37, 49, 38]
[4, 45, 46, 49, 39]
[34, 6, 45, 7, 49]
[6, 45, 49, 8, 38]
[6, 36, 45, 49, 9]
[6, 45, 46, 49, 39]
[34, 45, 7, 49, 8]
[45, 7, 37, 49, 8]
[45, 7, 49, 8, 38]
[36, 45, 7, 49, 9]
[34, 45, 7, 37, 49]
[34, 45, 7, 49, 38]
[45, 7, 37, 49, 38]
[45, 7, 46, 49, 39]
[36, 45, 49, 8, 9]
[34, 45, 37, 49, 8]
[34, 45, 49, 8, 38]
[45, 37, 49, 8, 38]
[45, 46, 49, 8, 39]
[34, 36, 45, 49, 9]
[36, 45, 37, 49, 9]
[36, 45, 49, 38, 9]
[34, 45, 37, 49, 38]
[34, 45, 46, 49, 39]
[45, 37, 46, 49, 39]
[45, 46, 49, 38, 39]
[0, 4, 6, 45, 7, 49]
[0, 4, 34, 6, 45, 49]
[0, 4, 45, 7, 49, 8]
[0, 4, 34, 45, 7, 49]
[0, 4, 45, 7, 37, 49]
[0, 4, 45, 7, 49, 38]
[0, 4, 34, 45, 49, 8]
[0, 4, 45, 37, 49, 8]
[0, 4, 45, 49, 8, 38]
[0, 4, 36, 45, 49, 9]
[0, 4, 34, 45, 37, 49]
[0, 4, 34, 45, 49, 38]
[0, 4, 45, 37, 49, 38]
[0, 4, 45, 46, 49, 39]
[0, 34, 6, 45, 7, 49]
[0, 6, 45, 49, 8, 38]
[0, 6, 36, 45, 49, 9]
[0, 6, 45, 46, 49, 39]
[0, 34, 7, 8, 38, 52]
[0, 34, 45, 7, 49, 8]
[0, 45, 7, 37, 49, 8]
[0, 45, 7, 49, 8, 38]
[0, 34, 36, 7, 52, 9]
[0, 36, 45, 7, 49, 9]
[0, 34, 45, 7, 37, 49]
[0, 34, 45, 7, 49, 38]
[0, 34, 7, 46, 52, 39]
[0, 45, 7, 37, 49, 38]
[0, 45, 7, 46, 49, 39]
[0, 36, 8, 38, 52, 9]
[0, 36, 45, 49, 8, 9]
[0, 34, 45, 37, 49, 8]
[0, 34, 45, 49, 8, 38]
[0, 45, 37, 49, 8, 38]
[0, 46, 8, 38, 52, 39]
[0, 45, 46, 49, 8, 39]
[0, 34, 36, 45, 49, 9]
[0, 36, 45, 37, 49, 9]
[0, 36, 45, 49, 38, 9]
[0, 36, 46, 52, 9, 39]
[0, 34, 45, 37, 49, 38]
[0, 34, 45, 46, 49, 39]
[0, 45, 37, 46, 49, 39]
[0, 45, 46, 49, 38, 39]
[4, 6, 45, 7, 49, 8]
[4, 6, 45, 7, 49, 38]
[4, 34, 6, 45, 49, 8]
[4, 34, 6, 45, 49, 38]
[4, 34, 45, 7, 49, 8]
[4, 45, 7, 37, 49, 8]
[4, 45, 7, 49, 8, 38]
[4, 36, 45, 7, 49, 9]
[4, 34, 45, 7, 37, 49]
[4, 34, 45, 7, 49, 38]
[4, 45, 7, 37, 49, 38]
[4, 45, 7, 46, 49, 39]
[4, 36, 45, 49, 8, 9]
[4, 34, 45, 37, 49, 8]
[4, 34, 45, 49, 8, 38]
[4, 45, 37, 49, 8, 38]
[4, 45, 46, 49, 8, 39]
[4, 34, 36, 45, 49, 9]
[4, 36, 45, 37, 49, 9]
[4, 36, 45, 49, 38, 9]
[4, 34, 45, 37, 49, 38]
[4, 34, 45, 46, 49, 39]
[4, 45, 37, 46, 49, 39]
[4, 45, 46, 49, 38, 39]
[34, 6, 45, 7, 49, 8]
[34, 6, 45, 7, 49, 38]
[6, 36, 45, 49, 8, 9]
[6, 45, 46, 49, 8, 39]
[6, 36, 45, 49, 38, 9]
[6, 45, 46, 49, 38, 39]
[36, 45, 7, 49, 8, 9]
[34, 45, 7, 37, 49, 8]
[34, 45, 7, 49, 8, 38]
[45, 7, 37, 49, 8, 38]
[45, 7, 46, 49, 8, 39]
[34, 36, 45, 7, 49, 9]
[36, 45, 7, 37, 49, 9]
[36, 45, 7, 49, 38, 9]
[34, 45, 7, 37, 49, 38]
[34, 45, 7, 46, 49, 39]
[45, 7, 37, 46, 49, 39]
[45, 7, 46, 49, 38, 39]
[34, 36, 45, 49, 8, 9]
[36, 45, 37, 49, 8, 9]
[36, 45, 49, 8, 38, 9]
[34, 45, 37, 49, 8, 38]
[34, 45, 46, 49, 8, 39]
[45, 37, 46, 49, 8, 39]
[45, 46, 49, 8, 38, 39]
[34, 36, 45, 37, 49, 9]
[34, 36, 45, 49, 38, 9]
[36, 45, 37, 49, 38, 9]
[36, 45, 46, 49, 9, 39]
[34, 45, 37, 46, 49, 39]
[34, 45, 46, 49, 38, 39]
[45, 37, 46, 49, 38, 39]
[0, 4, 6, 45, 7, 49, 8]
[0, 4, 6, 45, 7, 49, 38]
[0, 4, 34, 6, 45, 49, 8]
[0, 4, 34, 6, 45, 49, 38]
[0, 4, 34, 45, 7, 49, 8]
[0, 4, 45, 7, 37, 49, 8]
[0, 4, 45, 7, 49, 8, 38]
[0, 4, 36, 45, 7, 49, 9]
[0, 4, 34, 45, 7, 37, 49]
[0, 4, 34, 45, 7, 49, 38]
[0, 4, 45, 7, 37, 49, 38]
[0, 4, 45, 7, 46, 49, 39]
[0, 4, 36, 45, 49, 8, 9]
[0, 4, 34, 45, 37, 49, 8]
[0, 4, 34, 45, 49, 8, 38]
[0, 4, 45, 37, 49, 8, 38]
[0, 4, 45, 46, 49, 8, 39]
[0, 4, 34, 36, 45, 49, 9]
[0, 4, 36, 45, 37, 49, 9]
[0, 4, 36, 45, 49, 38, 9]
[0, 4, 34, 45, 37, 49, 38]
[0, 4, 34, 45, 46, 49, 39]
[0, 4, 45, 37, 46, 49, 39]
[0, 4, 45, 46, 49, 38, 39]
[0, 34, 6, 45, 7, 49, 8]
[0, 34, 6, 45, 7, 49, 38]
[0, 6, 36, 45, 49, 8, 9]
[0, 6, 45, 46, 49, 8, 39]
[0, 6, 36, 45, 49, 38, 9]
[0, 6, 45, 46, 49, 38, 39]
[0, 34, 36, 7, 8, 52, 9]
[0, 36, 45, 7, 49, 8, 9]
[0, 34, 45, 7, 37, 49, 8]
[0, 34, 45, 7, 49, 8, 38]
[0, 34, 7, 46, 8, 52, 39]
[0, 45, 7, 37, 49, 8, 38]
[0, 45, 7, 46, 49, 8, 39]
[0, 34, 36, 7, 38, 52, 9]
[0, 34, 36, 45, 7, 49, 9]
[0, 36, 45, 7, 37, 49, 9]
[0, 36, 45, 7, 49, 38, 9]
[0, 34, 45, 7, 37, 49, 38]
[0, 34, 7, 46, 38, 52, 39]
[0, 34, 45, 7, 46, 49, 39]
[0, 45, 7, 37, 46, 49, 39]
[0, 45, 7, 46, 49, 38, 39]
[0, 34, 36, 45, 49, 8, 9]
[0, 36, 45, 37, 49, 8, 9]
[0, 36, 45, 49, 8, 38, 9]
[0, 36, 46, 8, 52, 9, 39]
[0, 34, 45, 37, 49, 8, 38]
[0, 34, 45, 46, 49, 8, 39]
[0, 45, 37, 46, 49, 8, 39]
[0, 45, 46, 49, 8, 38, 39]
[0, 34, 36, 45, 37, 49, 9]
[0, 34, 36, 45, 49, 38, 9]
[0, 36, 45, 37, 49, 38, 9]
[0, 36, 46, 38, 52, 9, 39]
[0, 36, 45, 46, 49, 9, 39]
[0, 34, 45, 37, 46, 49, 39]
[0, 34, 45, 46, 49, 38, 39]
[0, 45, 37, 46, 49, 38, 39]
[4, 6, 45, 7, 49, 8, 38]
[4, 6, 36, 45, 7, 49, 9]
[4, 6, 45, 7, 46, 49, 39]
[4, 34, 6, 45, 49, 8, 38]
[4, 34, 6, 36, 45, 49, 9]
[4, 34, 6, 45, 46, 49, 39]
[4, 36, 45, 7, 49, 8, 9]
[4, 34, 45, 7, 37, 49, 8]
[4, 34, 45, 7, 49, 8, 38]
[4, 45, 7, 37, 49, 8, 38]
[4, 45, 7, 46, 49, 8, 39]
[4, 34, 36, 45, 7, 49, 9]
[4, 36, 45, 7, 37, 49, 9]
[4, 36, 45, 7, 49, 38, 9]
[4, 34, 45, 7, 37, 49, 38]
[4, 34, 45, 7, 46, 49, 39]
[4, 45, 7, 37, 46, 49, 39]
[4, 45, 7, 46, 49, 38, 39]
[4, 34, 36, 45, 49, 8, 9]
[4, 36, 45, 37, 49, 8, 9]
[4, 36, 45, 49, 8, 38, 9]
[4, 34, 45, 37, 49, 8, 38]
[4, 34, 45, 46, 49, 8, 39]
[4, 45, 37, 46, 49, 8, 39]
[4, 45, 46, 49, 8, 38, 39]
[4, 34, 36, 45, 37, 49, 9]
[4, 34, 36, 45, 49, 38, 9]
[4, 36, 45, 37, 49, 38, 9]
[4, 36, 45, 46, 49, 9, 39]
[4, 34, 45, 37, 46, 49, 39]
[4, 34, 45, 46, 49, 38, 39]
[4, 45, 37, 46, 49, 38, 39]
[34, 6, 45, 7, 49, 8, 38]
[34, 6, 36, 45, 7, 49, 9]
[34, 6, 45, 7, 46, 49, 39]
[6, 36, 45, 49, 8, 38, 9]
[6, 45, 46, 49, 8, 38, 39]
[6, 36, 45, 46, 49, 9, 39]
[34, 36, 45, 7, 49, 8, 9]
[36, 45, 7, 37, 49, 8, 9]
[36, 45, 7, 49, 8, 38, 9]
[34, 45, 7, 37, 49, 8, 38]
[34, 45, 7, 46, 49, 8, 39]
[45, 7, 37, 46, 49, 8, 39]
[45, 7, 46, 49, 8, 38, 39]
[34, 36, 45, 7, 37, 49, 9]
[34, 36, 45, 7, 49, 38, 9]
[36, 45, 7, 37, 49, 38, 9]
[36, 45, 7, 46, 49, 9, 39]
[34, 45, 7, 37, 46, 49, 39]
[34, 45, 7, 46, 49, 38, 39]
[45, 7, 37, 46, 49, 38, 39]
[34, 36, 45, 37, 49, 8, 9]
[34, 36, 45, 49, 8, 38, 9]
[36, 45, 37, 49, 8, 38, 9]
[36, 45, 46, 49, 8, 9, 39]
[34, 45, 37, 46, 49, 8, 39]
[34, 45, 46, 49, 8, 38, 39]
[45, 37, 46, 49, 8, 38, 39]
[34, 36, 45, 37, 49, 38, 9]
[34, 36, 45, 46, 49, 9, 39]
[36, 45, 37, 46, 49, 9, 39]
[36, 45, 46, 49, 38, 9, 39]
[34, 45, 37, 46, 49, 38, 39]
[0, 4, 6, 45, 7, 49, 8, 38]
[0, 4, 6, 36, 45, 7, 49, 9]
[0, 4, 6, 45, 7, 46, 49, 39]
[0, 4, 34, 6, 45, 49, 8, 38]
[0, 4, 34, 6, 36, 45, 49, 9]
[0, 4, 34, 6, 45, 46, 49, 39]
[0, 4, 36, 45, 7, 49, 8, 9]
[0, 4, 34, 45, 7, 37, 49, 8]
[0, 4, 34, 45, 7, 49, 8, 38]
[0, 4, 45, 7, 37, 49, 8, 38]
[0, 4, 45, 7, 46, 49, 8, 39]
[0, 4, 34, 36, 45, 7, 49, 9]
[0, 4, 36, 45, 7, 37, 49, 9]
[0, 4, 36, 45, 7, 49, 38, 9]
[0, 4, 34, 45, 7, 37, 49, 38]
[0, 4, 34, 45, 7, 46, 49, 39]
[0, 4, 45, 7, 37, 46, 49, 39]
[0, 4, 45, 7, 46, 49, 38, 39]
[0, 4, 34, 36, 45, 49, 8, 9]
[0, 4, 36, 45, 37, 49, 8, 9]
[0, 4, 36, 45, 49, 8, 38, 9]
[0, 4, 34, 45, 37, 49, 8, 38]
[0, 4, 34, 45, 46, 49, 8, 39]
[0, 4, 45, 37, 46, 49, 8, 39]
[0, 4, 45, 46, 49, 8, 38, 39]
[0, 4, 34, 36, 45, 37, 49, 9]
[0, 4, 34, 36, 45, 49, 38, 9]
[0, 4, 36, 45, 37, 49, 38, 9]
[0, 4, 36, 45, 46, 49, 9, 39]
[0, 4, 34, 45, 37, 46, 49, 39]
[0, 4, 34, 45, 46, 49, 38, 39]
[0, 4, 45, 37, 46, 49, 38, 39]
[0, 34, 6, 45, 7, 49, 8, 38]
[0, 34, 6, 36, 45, 7, 49, 9]
[0, 34, 6, 45, 7, 46, 49, 39]
[0, 6, 36, 45, 49, 8, 38, 9]
[0, 6, 45, 46, 49, 8, 38, 39]
[0, 6, 36, 45, 46, 49, 9, 39]
[0, 34, 36, 7, 8, 38, 52, 9]
[0, 34, 36, 45, 7, 49, 8, 9]
[0, 36, 45, 7, 37, 49, 8, 9]
[0, 36, 45, 7, 49, 8, 38, 9]
[0, 34, 45, 7, 37, 49, 8, 38]
[0, 34, 7, 46, 8, 38, 52, 39]
[0, 34, 45, 7, 46, 49, 8, 39]
[0, 45, 7, 37, 46, 49, 8, 39]
[0, 45, 7, 46, 49, 8, 38, 39]
[0, 34, 36, 45, 7, 37, 49, 9]
[0, 34, 36, 45, 7, 49, 38, 9]
[0, 34, 36, 7, 46, 52, 9, 39]
[0, 36, 45, 7, 37, 49, 38, 9]
[0, 36, 45, 7, 46, 49, 9, 39]
[0, 34, 45, 7, 37, 46, 49, 39]
[0, 34, 45, 7, 46, 49, 38, 39]
[0, 45, 7, 37, 46, 49, 38, 39]
[0, 34, 36, 45, 37, 49, 8, 9]
[0, 34, 36, 45, 49, 8, 38, 9]
[0, 36, 45, 37, 49, 8, 38, 9]
[0, 36, 46, 8, 38, 52, 9, 39]
[0, 36, 45, 46, 49, 8, 9, 39]
[0, 34, 45, 37, 46, 49, 8, 39]
[0, 34, 45, 46, 49, 8, 38, 39]
[0, 45, 37, 46, 49, 8, 38, 39]
[0, 34, 36, 45, 37, 49, 38, 9]
[0, 34, 36, 45, 46, 49, 9, 39]
[0, 36, 45, 37, 46, 49, 9, 39]
[0, 36, 45, 46, 49, 38, 9, 39]
[0, 34, 45, 37, 46, 49, 38, 39]
[4, 6, 36, 45, 7, 49, 8, 9]
[4, 6, 45, 7, 46, 49, 8, 39]
[4, 6, 36, 45, 7, 49, 38, 9]
[4, 6, 45, 7, 46, 49, 38, 39]
[4, 34, 6, 36, 45, 49, 8, 9]
[4, 34, 6, 45, 46, 49, 8, 39]
[4, 34, 6, 36, 45, 49, 38, 9]
[4, 34, 6, 45, 46, 49, 38, 39]
[4, 34, 36, 45, 7, 49, 8, 9]
[4, 36, 45, 7, 37, 49, 8, 9]
[4, 36, 45, 7, 49, 8, 38, 9]
[4, 34, 45, 7, 37, 49, 8, 38]
[4, 34, 45, 7, 46, 49, 8, 39]
[4, 45, 7, 37, 46, 49, 8, 39]
[4, 45, 7, 46, 49, 8, 38, 39]
[4, 34, 36, 45, 7, 37, 49, 9]
[4, 34, 36, 45, 7, 49, 38, 9]
[4, 36, 45, 7, 37, 49, 38, 9]
[4, 36, 45, 7, 46, 49, 9, 39]
[4, 34, 45, 7, 37, 46, 49, 39]
[4, 34, 45, 7, 46, 49, 38, 39]
[4, 45, 7, 37, 46, 49, 38, 39]
[4, 34, 36, 45, 37, 49, 8, 9]
[4, 34, 36, 45, 49, 8, 38, 9]
[4, 36, 45, 37, 49, 8, 38, 9]
[4, 36, 45, 46, 49, 8, 9, 39]
[4, 34, 45, 37, 46, 49, 8, 39]
[4, 34, 45, 46, 49, 8, 38, 39]
[4, 45, 37, 46, 49, 8, 38, 39]
[4, 34, 36, 45, 37, 49, 38, 9]
[4, 34, 36, 45, 46, 49, 9, 39]
[4, 36, 45, 37, 46, 49, 9, 39]
[4, 36, 45, 46, 49, 38, 9, 39]
[4, 34, 45, 37, 46, 49, 38, 39]
[34, 6, 36, 45, 7, 49, 8, 9]
[34, 6, 45, 7, 46, 49, 8, 39]
[34, 6, 36, 45, 7, 49, 38, 9]
[34, 6, 45, 7, 46, 49, 38, 39]
[6, 36, 45, 46, 49, 8, 9, 39]
[6, 36, 45, 46, 49, 38, 9, 39]
[34, 36, 45, 7, 37, 49, 8, 9]
[34, 36, 45, 7, 49, 8, 38, 9]
[36, 45, 7, 37, 49, 8, 38, 9]
[36, 45, 7, 46, 49, 8, 9, 39]
[34, 45, 7, 37, 46, 49, 8, 39]
[34, 45, 7, 46, 49, 8, 38, 39]
[45, 7, 37, 46, 49, 8, 38, 39]
[34, 36, 45, 7, 37, 49, 38, 9]
[34, 36, 45, 7, 46, 49, 9, 39]
[36, 45, 7, 37, 46, 49, 9, 39]
[36, 45, 7, 46, 49, 38, 9, 39]
[34, 45, 7, 37, 46, 49, 38, 39]
[34, 36, 45, 37, 49, 8, 38, 9]
[34, 36, 45, 46, 49, 8, 9, 39]
[36, 45, 37, 46, 49, 8, 9, 39]
[36, 45, 46, 49, 8, 38, 9, 39]
[34, 45, 37, 46, 49, 8, 38, 39]
[34, 36, 45, 37, 46, 49, 9, 39]
[34, 36, 45, 46, 49, 38, 9, 39]
[36, 45, 37, 46, 49, 38, 9, 39]
[0, 4, 6, 36, 45, 7, 49, 8, 9]
[0, 4, 6, 45, 7, 46, 49, 8, 39]
[0, 4, 6, 36, 45, 7, 49, 38, 9]
[0, 4, 6, 45, 7, 46, 49, 38, 39]
[0, 4, 34, 6, 36, 45, 49, 8, 9]
[0, 4, 34, 6, 45, 46, 49, 8, 39]
[0, 4, 34, 6, 36, 45, 49, 38, 9]
[0, 4, 34, 6, 45, 46, 49, 38, 39]
[0, 4, 34, 36, 45, 7, 49, 8, 9]
[0, 4, 36, 45, 7, 37, 49, 8, 9]
[0, 4, 36, 45, 7, 49, 8, 38, 9]
[0, 4, 34, 45, 7, 37, 49, 8, 38]
[0, 4, 34, 45, 7, 46, 49, 8, 39]
[0, 4, 45, 7, 37, 46, 49, 8, 39]
[0, 4, 45, 7, 46, 49, 8, 38, 39]
[0, 4, 34, 36, 45, 7, 37, 49, 9]
[0, 4, 34, 36, 45, 7, 49, 38, 9]
[0, 4, 36, 45, 7, 37, 49, 38, 9]
[0, 4, 36, 45, 7, 46, 49, 9, 39]
[0, 4, 34, 45, 7, 37, 46, 49, 39]
[0, 4, 34, 45, 7, 46, 49, 38, 39]
[0, 4, 45, 7, 37, 46, 49, 38, 39]
[0, 4, 34, 36, 45, 37, 49, 8, 9]
[0, 4, 34, 36, 45, 49, 8, 38, 9]
[0, 4, 36, 45, 37, 49, 8, 38, 9]
[0, 4, 36, 45, 46, 49, 8, 9, 39]
[0, 4, 34, 45, 37, 46, 49, 8, 39]
[0, 4, 34, 45, 46, 49, 8, 38, 39]
[0, 4, 45, 37, 46, 49, 8, 38, 39]
[0, 4, 34, 36, 45, 37, 49, 38, 9]
[0, 4, 34, 36, 45, 46, 49, 9, 39]
[0, 4, 36, 45, 37, 46, 49, 9, 39]
[0, 4, 36, 45, 46, 49, 38, 9, 39]
[0, 4, 34, 45, 37, 46, 49, 38, 39]
[0, 34, 6, 36, 45, 7, 49, 8, 9]
[0, 34, 6, 45, 7, 46, 49, 8, 39]
[0, 34, 6, 36, 45, 7, 49, 38, 9]
[0, 34, 6, 45, 7, 46, 49, 38, 39]
[0, 6, 36, 45, 46, 49, 8, 9, 39]
[0, 6, 36, 45, 46, 49, 38, 9, 39]
[0, 34, 36, 45, 7, 37, 49, 8, 9]
[0, 34, 36, 45, 7, 49, 8, 38, 9]
[0, 34, 36, 7, 46, 8, 52, 9, 39]
[0, 36, 45, 7, 37, 49, 8, 38, 9]
[0, 36, 45, 7, 46, 49, 8, 9, 39]
[0, 34, 45, 7, 37, 46, 49, 8, 39]
[0, 34, 45, 7, 46, 49, 8, 38, 39]
[0, 45, 7, 37, 46, 49, 8, 38, 39]
[0, 34, 36, 45, 7, 37, 49, 38, 9]
[0, 34, 36, 7, 46, 38, 52, 9, 39]
[0, 34, 36, 45, 7, 46, 49, 9, 39]
[0, 36, 45, 7, 37, 46, 49, 9, 39]
[0, 36, 45, 7, 46, 49, 38, 9, 39]
[0, 34, 45, 7, 37, 46, 49, 38, 39]
[0, 34, 36, 45, 37, 49, 8, 38, 9]
[0, 34, 36, 45, 46, 49, 8, 9, 39]
[0, 36, 45, 37, 46, 49, 8, 9, 39]
[0, 36, 45, 46, 49, 8, 38, 9, 39]
[0, 34, 45, 37, 46, 49, 8, 38, 39]
[0, 34, 36, 45, 37, 46, 49, 9, 39]
[0, 34, 36, 45, 46, 49, 38, 9, 39]
[0, 36, 45, 37, 46, 49, 38, 9, 39]
[4, 6, 36, 45, 7, 49, 8, 38, 9]
[4, 6, 45, 7, 46, 49, 8, 38, 39]
[4, 6, 36, 45, 7, 46, 49, 9, 39]
[4, 34, 6, 36, 45, 49, 8, 38, 9]
[4, 34, 6, 45, 46, 49, 8, 38, 39]
[4, 34, 6, 36, 45, 46, 49, 9, 39]
[4, 34, 36, 45, 7, 37, 49, 8, 9]
[4, 34, 36, 45, 7, 49, 8, 38, 9]
[4, 36, 45, 7, 37, 49, 8, 38, 9]
[4, 36, 45, 7, 46, 49, 8, 9, 39]
[4, 34, 45, 7, 37, 46, 49, 8, 39]
[4, 34, 45, 7, 46, 49, 8, 38, 39]
[4, 45, 7, 37, 46, 49, 8, 38, 39]
[4, 34, 36, 45, 7, 37, 49, 38, 9]
[4, 34, 36, 45, 7, 46, 49, 9, 39]
[4, 36, 45, 7, 37, 46, 49, 9, 39]
[4, 36, 45, 7, 46, 49, 38, 9, 39]
[4, 34, 45, 7, 37, 46, 49, 38, 39]
[4, 34, 36, 45, 37, 49, 8, 38, 9]
[4, 34, 36, 45, 46, 49, 8, 9, 39]
[4, 36, 45, 37, 46, 49, 8, 9, 39]
[4, 36, 45, 46, 49, 8, 38, 9, 39]
[4, 34, 45, 37, 46, 49, 8, 38, 39]
[4, 34, 36, 45, 37, 46, 49, 9, 39]
[4, 34, 36, 45, 46, 49, 38, 9, 39]
[4, 36, 45, 37, 46, 49, 38, 9, 39]
[34, 6, 36, 45, 7, 49, 8, 38, 9]
[34, 6, 45, 7, 46, 49, 8, 38, 39]
[34, 6, 36, 45, 7, 46, 49, 9, 39]
[6, 36, 45, 46, 49, 8, 38, 9, 39]
[34, 36, 45, 7, 37, 49, 8, 38, 9]
[34, 36, 45, 7, 46, 49, 8, 9, 39]
[36, 45, 7, 37, 46, 49, 8, 9, 39]
[36, 45, 7, 46, 49, 8, 38, 9, 39]
[34, 45, 7, 37, 46, 49, 8, 38, 39]
[34, 36, 45, 7, 37, 46, 49, 9, 39]
[34, 36, 45, 7, 46, 49, 38, 9, 39]
[36, 45, 7, 37, 46, 49, 38, 9, 39]
[34, 36, 45, 37, 46, 49, 8, 9, 39]
[34, 36, 45, 46, 49, 8, 38, 9, 39]
[36, 45, 37, 46, 49, 8, 38, 9, 39]
[34, 36, 45, 37, 46, 49, 38, 9, 39]
[0, 4, 6, 36, 45, 7, 49, 8, 38, 9]
[0, 4, 6, 45, 7, 46, 49, 8, 38, 39]
[0, 4, 6, 36, 45, 7, 46, 49, 9, 39]
[0, 4, 34, 6, 36, 45, 49, 8, 38, 9]
[0, 4, 34, 6, 45, 46, 49, 8, 38, 39]
[0, 4, 34, 6, 36, 45, 46, 49, 9, 39]
[0, 4, 34, 36, 45, 7, 37, 49, 8, 9]
[0, 4, 34, 36, 45, 7, 49, 8, 38, 9]
[0, 4, 36, 45, 7, 37, 49, 8, 38, 9]
[0, 4, 36, 45, 7, 46, 49, 8, 9, 39]
[0, 4, 34, 45, 7, 37, 46, 49, 8, 39]
[0, 4, 34, 45, 7, 46, 49, 8, 38, 39]
[0, 4, 45, 7, 37, 46, 49, 8, 38, 39]
[0, 4, 34, 36, 45, 7, 37, 49, 38, 9]
[0, 4, 34, 36, 45, 7, 46, 49, 9, 39]
[0, 4, 36, 45, 7, 37, 46, 49, 9, 39]
[0, 4, 36, 45, 7, 46, 49, 38, 9, 39]
[0, 4, 34, 45, 7, 37, 46, 49, 38, 39]
[0, 4, 34, 36, 45, 37, 49, 8, 38, 9]
[0, 4, 34, 36, 45, 46, 49, 8, 9, 39]
[0, 4, 36, 45, 37, 46, 49, 8, 9, 39]
[0, 4, 36, 45, 46, 49, 8, 38, 9, 39]
[0, 4, 34, 45, 37, 46, 49, 8, 38, 39]
[0, 4, 34, 36, 45, 37, 46, 49, 9, 39]
[0, 4, 34, 36, 45, 46, 49, 38, 9, 39]
[0, 4, 36, 45, 37, 46, 49, 38, 9, 39]
[0, 34, 6, 36, 45, 7, 49, 8, 38, 9]
[0, 34, 6, 45, 7, 46, 49, 8, 38, 39]
[0, 34, 6, 36, 45, 7, 46, 49, 9, 39]
[0, 6, 36, 45, 46, 49, 8, 38, 9, 39]
[0, 34, 36, 45, 7, 37, 49, 8, 38, 9]
[0, 34, 36, 7, 46, 8, 38, 52, 9, 39]
[0, 34, 36, 45, 7, 46, 49, 8, 9, 39]
[0, 36, 45, 7, 37, 46, 49, 8, 9, 39]
[0, 36, 45, 7, 46, 49, 8, 38, 9, 39]
[0, 34, 45, 7, 37, 46, 49, 8, 38, 39]
[0, 34, 36, 45, 7, 37, 46, 49, 9, 39]
[0, 34, 36, 45, 7, 46, 49, 38, 9, 39]
[0, 36, 45, 7, 37, 46, 49, 38, 9, 39]
[0, 34, 36, 45, 37, 46, 49, 8, 9, 39]
[0, 34, 36, 45, 46, 49, 8, 38, 9, 39]
[0, 36, 45, 37, 46, 49, 8, 38, 9, 39]
[0, 34, 36, 45, 37, 46, 49, 38, 9, 39]
[4, 6, 36, 45, 7, 46, 49, 8, 9, 39]
[4, 6, 36, 45, 7, 46, 49, 38, 9, 39]
[4, 34, 6, 36, 45, 46, 49, 8, 9, 39]
[4, 34, 6, 36, 45, 46, 49, 38, 9, 39]
[4, 34, 36, 45, 7, 37, 49, 8, 38, 9]
[4, 34, 36, 45, 7, 46, 49, 8, 9, 39]
[4, 36, 45, 7, 37, 46, 49, 8, 9, 39]
[4, 36, 45, 7, 46, 49, 8, 38, 9, 39]
[4, 34, 45, 7, 37, 46, 49, 8, 38, 39]
[4, 34, 36, 45, 7, 37, 46, 49, 9, 39]
[4, 34, 36, 45, 7, 46, 49, 38, 9, 39]
[4, 36, 45, 7, 37, 46, 49, 38, 9, 39]
[4, 34, 36, 45, 37, 46, 49, 8, 9, 39]
[4, 34, 36, 45, 46, 49, 8, 38, 9, 39]
[4, 36, 45, 37, 46, 49, 8, 38, 9, 39]
[4, 34, 36, 45, 37, 46, 49, 38, 9, 39]
[34, 6, 36, 45, 7, 46, 49, 8, 9, 39]
[34, 6, 36, 45, 7, 46, 49, 38, 9, 39]
[34, 36, 45, 7, 37, 46, 49, 8, 9, 39]
[34, 36, 45, 7, 46, 49, 8, 38, 9, 39]
[36, 45, 7, 37, 46, 49, 8, 38, 9, 39]
[34, 36, 45, 7, 37, 46, 49, 38, 9, 39]
[34, 36, 45, 37, 46, 49, 8, 38, 9, 39]
[0, 4, 6, 36, 45, 7, 46, 49, 8, 9, 39]
[0, 4, 6, 36, 45, 7, 46, 49, 38, 9, 39]
[0, 4, 34, 6, 36, 45, 46, 49, 8, 9, 39]
[0, 4, 34, 6, 36, 45, 46, 49, 38, 9, 39]
[0, 4, 34, 36, 45, 7, 37, 49, 8, 38, 9]
[0, 4, 34, 36, 45, 7, 46, 49, 8, 9, 39]
[0, 4, 36, 45, 7, 37, 46, 49, 8, 9, 39]
[0, 4, 36, 45, 7, 46, 49, 8, 38, 9, 39]
[0, 4, 34, 45, 7, 37, 46, 49, 8, 38, 39]
[0, 4, 34, 36, 45, 7, 37, 46, 49, 9, 39]
[0, 4, 34, 36, 45, 7, 46, 49, 38, 9, 39]
[0, 4, 36, 45, 7, 37, 46, 49, 38, 9, 39]
[0, 4, 34, 36, 45, 37, 46, 49, 8, 9, 39]
[0, 4, 34, 36, 45, 46, 49, 8, 38, 9, 39]
[0, 4, 36, 45, 37, 46, 49, 8, 38, 9, 39]
[0, 4, 34, 36, 45, 37, 46, 49, 38, 9, 39]
[0, 34, 6, 36, 45, 7, 46, 49, 8, 9, 39]
[0, 34, 6, 36, 45, 7, 46, 49, 38, 9, 39]
[0, 34, 36, 45, 7, 37, 46, 49, 8, 9, 39]
[0, 34, 36, 45, 7, 46, 49, 8, 38, 9, 39]
[0, 36, 45, 7, 37, 46, 49, 8, 38, 9, 39]
[0, 34, 36, 45, 7, 37, 46, 49, 38, 9, 39]
[0, 34, 36, 45, 37, 46, 49, 8, 38, 9, 39]
[4, 6, 36, 45, 7, 46, 49, 8, 38, 9, 39]
[4, 34, 6, 36, 45, 46, 49, 8, 38, 9, 39]
[4, 34, 36, 45, 7, 37, 46, 49, 8, 9, 39]
[4, 34, 36, 45, 7, 46, 49, 8, 38, 9, 39]
[4, 36, 45, 7, 37, 46, 49, 8, 38, 9, 39]
[4, 34, 36, 45, 7, 37, 46, 49, 38, 9, 39]
[4, 34, 36, 45, 37, 46, 49, 8, 38, 9, 39]
[34, 6, 36, 45, 7, 46, 49, 8, 38, 9, 39]
[34, 36, 45, 7, 37, 46, 49, 8, 38, 9, 39]
[0, 4, 6, 36, 45, 7, 46, 49, 8, 38, 9, 39]
[0, 4, 34, 6, 36, 45, 46, 49, 8, 38, 9, 39]
[0, 4, 34, 36, 45, 7, 37, 46, 49, 8, 9, 39]
[0, 4, 34, 36, 45, 7, 46, 49, 8, 38, 9, 39]
[0, 4, 36, 45, 7, 37, 46, 49, 8, 38, 9, 39]
[0, 4, 34, 36, 45, 7, 37, 46, 49, 38, 9, 39]
[0, 4, 34, 36, 45, 37, 46, 49, 8, 38, 9, 39]
[0, 34, 6, 36, 45, 7, 46, 49, 8, 38, 9, 39]
[0, 34, 36, 45, 7, 37, 46, 49, 8, 38, 9, 39]
[4, 34, 36, 45, 7, 37, 46, 49, 8, 38, 9, 39]
[0, 4, 34, 36, 45, 7, 37, 46, 49, 8, 38, 9, 39]
