[[2, 5], [3, 5], [4, 5], [6, 7]]
[1, 5, 49, 8, 52, 51]
[0, 1, 8, 17, 52, 44, 51]
[1, 5, 8, 43, 52, 44, 51]
[1, 5, 40, 16, 49, 52, 51]
[0, 1, 49, 8, 17, 43, 52, 51]
[0, 1, 40, 16, 17, 52, 44, 51]
[1, 5, 14, 7, 16, 49, 52, 51]
[1, 5, 42, 8, 52, 18, 44, 51]
[1, 5, 16, 52, 9, 18, 44, 51]
[1, 5, 16, 42, 49, 52, 9, 51]
[1, 5, 40, 16, 43, 52, 44, 51]
[1, 7, 49, 17, 50, 52, 18, 51]
[1, 7, 42, 17, 50, 52, 44, 51]
[1, 14, 17, 50, 52, 9, 44, 51]
[0, 1, 14, 7, 16, 17, 52, 44, 51]
[0, 1, 49, 8, 17, 50, 52, 9, 51]
[0, 1, 42, 49, 8, 17, 52, 18, 51]
[0, 1, 16, 49, 17, 52, 9, 18, 51]
[0, 1, 16, 42, 17, 52, 9, 44, 51]
[0, 1, 16, 17, 50, 52, 18, 44, 51]
[0, 1, 40, 16, 49, 17, 43, 52, 51]
[0, 1, 16, 42, 49, 17, 50, 52, 51]
[1, 5, 14, 40, 7, 49, 8, 52, 51]
[1, 5, 14, 7, 16, 43, 52, 44, 51]
[1, 5, 40, 8, 52, 9, 18, 44, 51]
[1, 5, 40, 42, 49, 8, 52, 9, 51]
[1, 5, 42, 49, 8, 43, 52, 18, 51]
[1, 5, 16, 49, 43, 52, 9, 18, 51]
[1, 5, 16, 42, 43, 52, 9, 44, 51]
[1, 5, 40, 16, 42, 52, 18, 44, 51]
[1, 40, 7, 17, 50, 52, 9, 44, 51]
[1, 7, 17, 43, 50, 52, 18, 44, 51]
[1, 7, 42, 49, 17, 43, 50, 52, 51]
[1, 14, 49, 17, 43, 50, 52, 9, 51]
[1, 14, 40, 49, 17, 50, 52, 18, 51]
[1, 14, 40, 42, 17, 50, 52, 44, 51]
[0, 1, 14, 40, 7, 8, 17, 52, 44, 51]
[0, 1, 14, 7, 16, 49, 17, 43, 52, 51]
[0, 1, 40, 49, 8, 17, 52, 9, 18, 51]
[0, 1, 40, 42, 8, 17, 52, 9, 44, 51]
[0, 1, 8, 17, 43, 50, 52, 9, 44, 51]
[0, 1, 40, 8, 17, 50, 52, 18, 44, 51]
[0, 1, 42, 8, 17, 43, 52, 18, 44, 51]
[0, 1, 40, 42, 49, 8, 17, 50, 52, 51]
[0, 1, 16, 17, 43, 52, 9, 18, 44, 51]
[0, 1, 40, 16, 49, 17, 50, 52, 9, 51]
[0, 1, 16, 42, 49, 17, 43, 52, 9, 51]
[0, 1, 40, 16, 42, 49, 17, 52, 18, 51]
[0, 1, 16, 49, 17, 43, 50, 52, 18, 51]
[0, 1, 16, 42, 17, 43, 50, 52, 44, 51]
[1, 5, 14, 7, 8, 52, 9, 18, 44, 51]
[1, 5, 14, 7, 42, 49, 8, 52, 9, 51]
[1, 5, 14, 40, 7, 8, 43, 52, 44, 51]
[1, 5, 14, 7, 16, 42, 52, 18, 44, 51]
[1, 5, 40, 49, 8, 43, 52, 9, 18, 51]
[1, 5, 40, 42, 8, 43, 52, 9, 44, 51]
[1, 5, 40, 16, 42, 49, 43, 52, 18, 51]
[1, 7, 16, 8, 17, 50, 52, 9, 44, 51]
[1, 40, 7, 49, 17, 43, 50, 52, 9, 51]
[1, 14, 16, 49, 8, 17, 50, 52, 18, 51]
[1, 14, 16, 42, 8, 17, 50, 52, 44, 51]
[1, 14, 42, 49, 17, 50, 52, 9, 18, 51]
[1, 14, 40, 17, 43, 50, 52, 18, 44, 51]
[1, 14, 40, 42, 49, 17, 43, 50, 52, 51]
[0, 1, 14, 7, 49, 8, 17, 52, 9, 18, 51]
[0, 1, 14, 7, 42, 8, 17, 52, 9, 44, 51]
[0, 1, 14, 7, 8, 17, 50, 52, 18, 44, 51]
[0, 1, 14, 40, 7, 49, 8, 17, 43, 52, 51]
[0, 1, 14, 7, 42, 49, 8, 17, 50, 52, 51]
[0, 1, 14, 7, 16, 49, 17, 50, 52, 9, 51]
[0, 1, 14, 7, 16, 42, 49, 17, 52, 18, 51]
[0, 1, 40, 8, 17, 43, 52, 9, 18, 44, 51]
[0, 1, 42, 8, 17, 50, 52, 9, 18, 44, 51]
[0, 1, 40, 42, 49, 8, 17, 43, 52, 9, 51]
[0, 1, 40, 49, 8, 17, 43, 50, 52, 18, 51]
[0, 1, 40, 42, 8, 17, 43, 50, 52, 44, 51]
[0, 1, 40, 16, 17, 43, 50, 52, 9, 44, 51]
[0, 1, 40, 16, 42, 17, 43, 52, 18, 44, 51]
[1, 5, 14, 7, 49, 8, 43, 52, 9, 18, 51]
[1, 5, 14, 7, 42, 8, 43, 52, 9, 44, 51]
[1, 5, 14, 40, 7, 42, 8, 52, 18, 44, 51]
[1, 5, 14, 40, 7, 16, 52, 9, 18, 44, 51]
[1, 5, 14, 40, 7, 16, 42, 49, 52, 9, 51]
[1, 5, 14, 7, 16, 42, 49, 43, 52, 18, 51]
[1, 7, 16, 49, 8, 17, 43, 50, 52, 9, 51]
[1, 40, 7, 16, 49, 8, 17, 50, 52, 18, 51]
[1, 40, 7, 16, 42, 8, 17, 50, 52, 44, 51]
[1, 40, 7, 42, 49, 17, 50, 52, 9, 18, 51]
[1, 14, 40, 16, 8, 17, 50, 52, 9, 44, 51]
[1, 14, 16, 8, 17, 43, 50, 52, 18, 44, 51]
[1, 14, 16, 42, 49, 8, 17, 43, 50, 52, 51]
[1, 14, 42, 17, 43, 50, 52, 9, 18, 44, 51]
[0, 1, 14, 7, 8, 17, 43, 52, 9, 18, 44, 51]
[0, 1, 14, 40, 7, 49, 8, 17, 50, 52, 9, 51]
[0, 1, 14, 7, 42, 49, 8, 17, 43, 52, 9, 51]
[0, 1, 14, 40, 7, 42, 49, 8, 17, 52, 18, 51]
[0, 1, 14, 7, 49, 8, 17, 43, 50, 52, 18, 51]
[0, 1, 14, 7, 42, 8, 17, 43, 50, 52, 44, 51]
[0, 1, 14, 40, 7, 16, 49, 17, 52, 9, 18, 51]
[0, 1, 14, 40, 7, 16, 42, 17, 52, 9, 44, 51]
[0, 1, 14, 7, 16, 17, 43, 50, 52, 9, 44, 51]
[0, 1, 14, 40, 7, 16, 17, 50, 52, 18, 44, 51]
[0, 1, 14, 7, 16, 42, 17, 43, 52, 18, 44, 51]
[0, 1, 14, 40, 7, 16, 42, 49, 17, 50, 52, 51]
[0, 1, 42, 49, 8, 17, 43, 50, 52, 9, 18, 51]
[0, 1, 40, 16, 42, 17, 50, 52, 9, 18, 44, 51]
[1, 5, 14, 40, 7, 42, 49, 8, 43, 52, 18, 51]
[1, 5, 14, 40, 7, 16, 49, 43, 52, 9, 18, 51]
[1, 5, 14, 40, 7, 16, 42, 43, 52, 9, 44, 51]
[1, 7, 16, 42, 49, 8, 17, 50, 52, 9, 18, 51]
[1, 40, 7, 16, 8, 17, 43, 50, 52, 18, 44, 51]
[1, 40, 7, 16, 42, 49, 8, 17, 43, 50, 52, 51]
[1, 40, 7, 42, 17, 43, 50, 52, 9, 18, 44, 51]
[1, 14, 40, 16, 49, 8, 17, 43, 50, 52, 9, 51]
[0, 1, 14, 40, 7, 8, 17, 43, 50, 52, 9, 44, 51]
[0, 1, 14, 40, 7, 42, 8, 17, 43, 52, 18, 44, 51]
[0, 1, 14, 40, 7, 16, 17, 43, 52, 9, 18, 44, 51]
[0, 1, 14, 7, 16, 42, 17, 50, 52, 9, 18, 44, 51]
[0, 1, 14, 40, 7, 16, 42, 49, 17, 43, 52, 9, 51]
[0, 1, 14, 40, 7, 16, 49, 17, 43, 50, 52, 18, 51]
[0, 1, 14, 40, 7, 16, 42, 17, 43, 50, 52, 44, 51]
[0, 1, 40, 16, 42, 49, 17, 43, 50, 52, 9, 18, 51]
[1, 7, 16, 42, 8, 17, 43, 50, 52, 9, 18, 44, 51]
[1, 14, 40, 16, 42, 49, 8, 17, 50, 52, 9, 18, 51]
[0, 1, 14, 40, 7, 42, 8, 17, 50, 52, 9, 18, 44, 51]
[0, 1, 14, 7, 16, 42, 49, 17, 43, 50, 52, 9, 18, 51]
[1, 14, 40, 16, 42, 8, 17, 43, 50, 52, 9, 18, 44, 51]
[0, 1, 14, 40, 7, 42, 49, 8, 17, 43, 50, 52, 9, 18, 51]
