[[0, 4, 8], [2, 4], [3, 5], [6, 7]]
[13, 14, 35, 16, 49, 17, 44, 51]
[13, 14, 49, 17, 38, 52, 44, 51]
[13, 14, 35, 16, 17, 43, 39, 44, 51]
[13, 14, 42, 49, 17, 52, 18, 44, 51]
[13, 14, 17, 38, 43, 52, 39, 44, 51]
[13, 14, 42, 17, 43, 52, 18, 39, 44, 51]
[13, 34, 35, 16, 37, 49, 17, 50, 44, 51]
[13, 34, 37, 49, 17, 38, 50, 52, 44, 51]
[13, 14, 35, 16, 42, 49, 17, 38, 18, 44, 51]
[13, 14, 35, 40, 16, 37, 17, 43, 44, 51, 53]
[13, 14, 40, 37, 17, 38, 43, 52, 44, 51, 53]
[13, 34, 35, 16, 37, 17, 43, 50, 39, 44, 51]
[13, 34, 35, 40, 16, 17, 43, 50, 44, 51, 53]
[13, 34, 37, 42, 49, 17, 50, 52, 18, 44, 51]
[13, 34, 37, 17, 38, 43, 50, 52, 39, 44, 51]
[13, 34, 40, 17, 38, 43, 50, 52, 44, 51, 53]
[13, 14, 35, 16, 42, 17, 38, 43, 18, 39, 44, 51]
[13, 14, 35, 40, 16, 37, 49, 17, 39, 44, 51, 53]
[13, 14, 40, 37, 42, 17, 43, 52, 18, 44, 51, 53]
[13, 14, 40, 37, 49, 17, 38, 52, 39, 44, 51, 53]
[13, 34, 35, 40, 16, 49, 17, 50, 39, 44, 51, 53]
[13, 34, 37, 42, 17, 43, 50, 52, 18, 39, 44, 51]
[13, 34, 40, 42, 17, 43, 50, 52, 18, 44, 51, 53]
[13, 34, 40, 49, 17, 38, 50, 52, 39, 44, 51, 53]
[13, 14, 40, 37, 42, 49, 17, 52, 18, 39, 44, 51, 53]
[13, 34, 35, 16, 37, 42, 49, 17, 38, 50, 18, 44, 51]
[13, 34, 40, 42, 49, 17, 50, 52, 18, 39, 44, 51, 53]
[13, 14, 35, 40, 16, 37, 42, 17, 38, 43, 18, 44, 51, 53]
[13, 34, 35, 16, 37, 42, 17, 38, 43, 50, 18, 39, 44, 51]
[13, 34, 35, 40, 16, 42, 17, 38, 43, 50, 18, 44, 51, 53]
[13, 14, 35, 40, 16, 37, 42, 49, 17, 38, 18, 39, 44, 51, 53]
[13, 34, 35, 40, 16, 42, 49, 17, 38, 50, 18, 39, 44, 51, 53]
