[[2, 5], [3, 5], [4, 5], [6, 7]]
[1, 10, 5, 7, 18, 53]
[1, 10, 5, 7, 42, 43, 53]
[1, 10, 5, 14, 43, 9, 53]
[1, 10, 5, 14, 40, 18, 53]
[1, 10, 7, 16, 52, 18, 53]
[1, 10, 14, 8, 52, 18, 53]
[1, 10, 5, 40, 7, 43, 9, 53]
[1, 10, 5, 7, 42, 49, 44, 53]
[1, 10, 5, 14, 16, 8, 18, 53]
[1, 10, 5, 14, 42, 9, 18, 53]
[1, 10, 5, 14, 49, 9, 44, 53]
[1, 10, 5, 14, 40, 42, 43, 53]
[1, 10, 7, 8, 43, 52, 9, 53]
[1, 10, 40, 7, 8, 52, 18, 53]
[1, 10, 7, 16, 42, 43, 52, 53]
[1, 10, 14, 42, 8, 43, 52, 53]
[1, 10, 14, 16, 43, 52, 9, 53]
[1, 10, 14, 40, 16, 52, 18, 53]
[1, 10, 5, 7, 16, 8, 43, 9, 53]
[1, 10, 5, 40, 7, 16, 8, 18, 53]
[1, 10, 5, 40, 7, 42, 9, 18, 53]
[1, 10, 5, 40, 7, 49, 9, 44, 53]
[1, 10, 5, 7, 49, 43, 18, 44, 53]
[1, 10, 5, 14, 16, 42, 8, 43, 53]
[1, 10, 5, 14, 40, 42, 49, 44, 53]
[1, 10, 7, 42, 8, 52, 9, 18, 53]
[1, 10, 7, 49, 8, 52, 9, 44, 53]
[1, 10, 40, 7, 42, 8, 43, 52, 53]
[1, 10, 40, 7, 16, 43, 52, 9, 53]
[1, 10, 7, 16, 42, 49, 52, 44, 53]
[1, 10, 14, 40, 8, 43, 52, 9, 53]
[1, 10, 14, 42, 49, 8, 52, 44, 53]
[1, 10, 14, 16, 42, 52, 9, 18, 53]
[1, 10, 14, 16, 49, 52, 9, 44, 53]
[1, 10, 14, 40, 16, 42, 43, 52, 53]
[1, 10, 5, 7, 16, 42, 8, 9, 18, 53]
[1, 10, 5, 7, 16, 49, 8, 9, 44, 53]
[1, 10, 5, 40, 7, 16, 42, 8, 43, 53]
[1, 10, 5, 14, 40, 16, 8, 43, 9, 53]
[1, 10, 5, 14, 16, 42, 49, 8, 44, 53]
[1, 10, 5, 14, 40, 49, 43, 18, 44, 53]
[1, 10, 40, 7, 42, 49, 8, 52, 44, 53]
[1, 10, 40, 7, 16, 42, 52, 9, 18, 53]
[1, 10, 40, 7, 16, 49, 52, 9, 44, 53]
[1, 10, 7, 16, 49, 43, 52, 18, 44, 53]
[1, 10, 14, 40, 42, 8, 52, 9, 18, 53]
[1, 10, 14, 40, 49, 8, 52, 9, 44, 53]
[1, 10, 14, 49, 8, 43, 52, 18, 44, 53]
[1, 10, 14, 40, 16, 42, 49, 52, 44, 53]
[1, 10, 5, 40, 7, 16, 42, 49, 8, 44, 53]
[1, 10, 5, 14, 40, 16, 42, 8, 9, 18, 53]
[1, 10, 5, 14, 40, 16, 49, 8, 9, 44, 53]
[1, 10, 5, 14, 16, 49, 8, 43, 18, 44, 53]
[1, 10, 5, 14, 42, 49, 43, 9, 18, 44, 53]
[1, 10, 40, 7, 49, 8, 43, 52, 18, 44, 53]
[1, 10, 14, 40, 16, 49, 43, 52, 18, 44, 53]
[1, 10, 5, 40, 7, 16, 49, 8, 43, 18, 44, 53]
[1, 10, 5, 40, 7, 42, 49, 43, 9, 18, 44, 53]
[1, 10, 7, 42, 49, 8, 43, 52, 9, 18, 44, 53]
[1, 10, 14, 16, 42, 49, 43, 52, 9, 18, 44, 53]
[1, 10, 5, 7, 16, 42, 49, 8, 43, 9, 18, 44, 53]
[1, 10, 40, 7, 16, 42, 49, 43, 52, 9, 18, 44, 53]
[1, 10, 14, 40, 42, 49, 8, 43, 52, 9, 18, 44, 53]
[1, 10, 5, 14, 40, 16, 42, 49, 8, 43, 9, 18, 44, 53]
