[[2, 5], [3, 5], [4, 5], [7, 8]]
[10, 5, 41, 45, 8, 48, 54]
[10, 5, 14, 45, 9, 48, 54]
[10, 5, 15, 45, 9, 48, 54]
[10, 41, 45, 8, 43, 48, 54]
[10, 14, 45, 43, 9, 48, 54]
[10, 15, 45, 43, 9, 48, 54]
[1, 10, 5, 41, 45, 8, 48, 54]
[1, 10, 5, 14, 45, 9, 48, 54]
[1, 10, 5, 15, 45, 9, 48, 54]
[10, 5, 40, 45, 8, 9, 48, 54]
[10, 5, 45, 8, 43, 9, 48, 54]
[10, 5, 41, 45, 8, 18, 48, 54]
[10, 5, 14, 45, 9, 18, 48, 54]
[10, 5, 15, 45, 9, 18, 48, 54]
[10, 5, 14, 40, 41, 45, 48, 54]
[10, 5, 14, 41, 45, 43, 48, 54]
[10, 5, 40, 15, 41, 45, 48, 54]
[10, 5, 15, 41, 45, 43, 48, 54]
[10, 40, 45, 8, 43, 9, 48, 54]
[10, 41, 45, 8, 17, 43, 48, 54]
[10, 41, 45, 8, 43, 18, 48, 54]
[10, 41, 45, 8, 47, 44, 48, 54]
[10, 14, 45, 17, 43, 9, 48, 54]
[10, 14, 45, 43, 9, 18, 48, 54]
[10, 14, 45, 47, 9, 44, 48, 54]
[10, 15, 45, 17, 43, 9, 48, 54]
[10, 15, 45, 43, 9, 18, 48, 54]
[10, 15, 45, 47, 9, 44, 48, 54]
[10, 14, 40, 41, 45, 43, 48, 54]
[10, 40, 15, 41, 45, 43, 48, 54]
[1, 10, 5, 40, 45, 8, 9, 48, 54]
[1, 5, 45, 8, 17, 43, 9, 48, 54]
[1, 10, 5, 41, 45, 8, 18, 48, 54]
[1, 10, 5, 14, 45, 9, 18, 48, 54]
[1, 10, 5, 15, 45, 9, 18, 48, 54]
[1, 10, 5, 14, 40, 41, 45, 48, 54]
[1, 10, 5, 40, 15, 41, 45, 48, 54]
[1, 5, 14, 41, 45, 17, 43, 48, 54]
[1, 5, 15, 41, 45, 17, 43, 48, 54]
[10, 5, 40, 45, 8, 9, 18, 48, 54]
[10, 5, 45, 8, 43, 9, 18, 48, 54]
[10, 5, 45, 8, 47, 9, 44, 48, 54]
[10, 5, 14, 15, 41, 45, 8, 48, 54]
[10, 5, 40, 41, 45, 8, 43, 48, 54]
[10, 5, 14, 40, 45, 43, 9, 48, 54]
[10, 5, 40, 15, 45, 43, 9, 48, 54]
[10, 5, 14, 40, 41, 45, 18, 48, 54]
[10, 5, 14, 41, 45, 43, 18, 48, 54]
[10, 5, 14, 41, 45, 47, 44, 48, 54]
[10, 5, 40, 15, 41, 45, 18, 48, 54]
[10, 5, 15, 41, 45, 43, 18, 48, 54]
[10, 5, 15, 41, 45, 47, 44, 48, 54]
[10, 40, 45, 8, 17, 43, 9, 48, 54]
[10, 40, 45, 8, 43, 9, 18, 48, 54]
[10, 40, 45, 8, 47, 9, 44, 48, 54]
[10, 14, 15, 41, 45, 8, 43, 48, 54]
[10, 41, 45, 8, 17, 43, 18, 48, 54]
[10, 41, 45, 8, 17, 47, 44, 48, 54]
[10, 41, 45, 8, 47, 18, 44, 48, 54]
[10, 14, 45, 17, 43, 9, 18, 48, 54]
[10, 14, 45, 17, 47, 9, 44, 48, 54]
[10, 14, 45, 47, 9, 18, 44, 48, 54]
[10, 15, 45, 17, 43, 9, 18, 48, 54]
[10, 15, 45, 17, 47, 9, 44, 48, 54]
[10, 15, 45, 47, 9, 18, 44, 48, 54]
[10, 14, 40, 41, 45, 17, 43, 48, 54]
[10, 14, 40, 41, 45, 43, 18, 48, 54]
[10, 14, 40, 41, 45, 47, 44, 48, 54]
[10, 40, 15, 41, 45, 17, 43, 48, 54]
[10, 40, 15, 41, 45, 43, 18, 48, 54]
[10, 40, 15, 41, 45, 47, 44, 48, 54]
[1, 10, 5, 40, 45, 8, 9, 18, 48, 54]
[1, 5, 45, 8, 17, 43, 9, 18, 48, 54]
[1, 5, 45, 8, 17, 47, 9, 44, 48, 54]
[1, 10, 5, 14, 15, 41, 45, 8, 48, 54]
[1, 5, 40, 41, 45, 8, 17, 43, 48, 54]
[1, 5, 14, 40, 45, 17, 43, 9, 48, 54]
[1, 5, 40, 15, 45, 17, 43, 9, 48, 54]
[1, 10, 5, 14, 40, 41, 45, 18, 48, 54]
[1, 10, 5, 40, 15, 41, 45, 18, 48, 54]
[1, 5, 14, 41, 45, 17, 43, 18, 48, 54]
[1, 5, 14, 41, 45, 17, 47, 44, 48, 54]
[1, 5, 15, 41, 45, 17, 43, 18, 48, 54]
[1, 5, 15, 41, 45, 17, 47, 44, 48, 54]
[10, 5, 14, 40, 15, 45, 8, 9, 48, 54]
[10, 5, 14, 15, 45, 8, 43, 9, 48, 54]
[10, 5, 45, 8, 47, 9, 18, 44, 48, 54]
[10, 5, 14, 15, 41, 45, 8, 18, 48, 54]
[10, 5, 40, 41, 45, 8, 43, 18, 48, 54]
[10, 5, 40, 41, 45, 8, 47, 44, 48, 54]
[10, 5, 41, 45, 8, 43, 47, 44, 48, 54]
[10, 5, 14, 40, 45, 43, 9, 18, 48, 54]
[10, 5, 14, 40, 45, 47, 9, 44, 48, 54]
[10, 5, 14, 45, 43, 47, 9, 44, 48, 54]
[10, 5, 40, 15, 45, 43, 9, 18, 48, 54]
[10, 5, 40, 15, 45, 47, 9, 44, 48, 54]
[10, 5, 15, 45, 43, 47, 9, 44, 48, 54]
[10, 5, 14, 41, 45, 47, 18, 44, 48, 54]
[10, 5, 15, 41, 45, 47, 18, 44, 48, 54]
[10, 14, 40, 15, 45, 8, 43, 9, 48, 54]
[10, 40, 45, 8, 17, 43, 9, 18, 48, 54]
[10, 40, 45, 8, 17, 47, 9, 44, 48, 54]
[10, 40, 45, 8, 47, 9, 18, 44, 48, 54]
[10, 14, 15, 41, 45, 8, 17, 43, 48, 54]
[10, 14, 15, 41, 45, 8, 43, 18, 48, 54]
[10, 14, 15, 41, 45, 8, 47, 44, 48, 54]
[10, 41, 45, 8, 17, 47, 18, 44, 48, 54]
[10, 14, 45, 17, 47, 9, 18, 44, 48, 54]
[10, 15, 45, 17, 47, 9, 18, 44, 48, 54]
[10, 14, 40, 41, 45, 17, 43, 18, 48, 54]
[10, 14, 40, 41, 45, 17, 47, 44, 48, 54]
[10, 14, 40, 41, 45, 47, 18, 44, 48, 54]
[10, 40, 15, 41, 45, 17, 43, 18, 48, 54]
[10, 40, 15, 41, 45, 17, 47, 44, 48, 54]
[10, 40, 15, 41, 45, 47, 18, 44, 48, 54]
[1, 10, 5, 14, 40, 15, 45, 8, 9, 48, 54]
[1, 5, 14, 15, 45, 8, 17, 43, 9, 48, 54]
[1, 5, 45, 8, 17, 47, 9, 18, 44, 48, 54]
[1, 10, 5, 14, 15, 41, 45, 8, 18, 48, 54]
[1, 10, 5, 41, 45, 8, 43, 47, 44, 48, 54]
[1, 5, 40, 41, 45, 8, 17, 43, 18, 48, 54]
[1, 5, 40, 41, 45, 8, 17, 47, 44, 48, 54]
[1, 10, 5, 14, 45, 43, 47, 9, 44, 48, 54]
[1, 10, 5, 15, 45, 43, 47, 9, 44, 48, 54]
[1, 5, 14, 40, 45, 17, 43, 9, 18, 48, 54]
[1, 5, 14, 40, 45, 17, 47, 9, 44, 48, 54]
[1, 5, 40, 15, 45, 17, 43, 9, 18, 48, 54]
[1, 5, 40, 15, 45, 17, 47, 9, 44, 48, 54]
[1, 5, 14, 41, 45, 17, 47, 18, 44, 48, 54]
[1, 5, 15, 41, 45, 17, 47, 18, 44, 48, 54]
[10, 5, 14, 40, 15, 45, 8, 9, 18, 48, 54]
[10, 5, 14, 15, 45, 8, 43, 9, 18, 48, 54]
[10, 5, 14, 15, 45, 8, 47, 9, 44, 48, 54]
[10, 5, 40, 45, 8, 43, 47, 9, 44, 48, 54]
[10, 5, 14, 40, 15, 41, 45, 8, 43, 48, 54]
[10, 5, 40, 41, 45, 8, 47, 18, 44, 48, 54]
[10, 5, 41, 45, 8, 43, 47, 18, 44, 48, 54]
[10, 5, 14, 40, 45, 47, 9, 18, 44, 48, 54]
[10, 5, 14, 45, 43, 47, 9, 18, 44, 48, 54]
[10, 5, 40, 15, 45, 47, 9, 18, 44, 48, 54]
[10, 5, 15, 45, 43, 47, 9, 18, 44, 48, 54]
[10, 5, 14, 40, 41, 45, 43, 47, 44, 48, 54]
[10, 5, 40, 15, 41, 45, 43, 47, 44, 48, 54]
[10, 14, 40, 15, 45, 8, 17, 43, 9, 48, 54]
[10, 14, 40, 15, 45, 8, 43, 9, 18, 48, 54]
[10, 14, 40, 15, 45, 8, 47, 9, 44, 48, 54]
[10, 40, 45, 8, 17, 47, 9, 18, 44, 48, 54]
[10, 14, 15, 41, 45, 8, 17, 43, 18, 48, 54]
[10, 14, 15, 41, 45, 8, 17, 47, 44, 48, 54]
[10, 14, 15, 41, 45, 8, 47, 18, 44, 48, 54]
[10, 14, 40, 41, 45, 17, 47, 18, 44, 48, 54]
[10, 40, 15, 41, 45, 17, 47, 18, 44, 48, 54]
[1, 10, 5, 14, 40, 15, 45, 8, 9, 18, 48, 54]
[1, 10, 5, 40, 45, 8, 43, 47, 9, 44, 48, 54]
[1, 5, 14, 15, 45, 8, 17, 43, 9, 18, 48, 54]
[1, 5, 14, 15, 45, 8, 17, 47, 9, 44, 48, 54]
[1, 10, 5, 41, 45, 8, 43, 47, 18, 44, 48, 54]
[1, 5, 14, 40, 15, 41, 45, 8, 17, 43, 48, 54]
[1, 5, 40, 41, 45, 8, 17, 47, 18, 44, 48, 54]
[1, 10, 5, 14, 45, 43, 47, 9, 18, 44, 48, 54]
[1, 10, 5, 15, 45, 43, 47, 9, 18, 44, 48, 54]
[1, 5, 14, 40, 45, 17, 47, 9, 18, 44, 48, 54]
[1, 5, 40, 15, 45, 17, 47, 9, 18, 44, 48, 54]
[1, 10, 5, 14, 40, 41, 45, 43, 47, 44, 48, 54]
[1, 10, 5, 40, 15, 41, 45, 43, 47, 44, 48, 54]
[10, 5, 14, 15, 45, 8, 47, 9, 18, 44, 48, 54]
[10, 5, 40, 45, 8, 43, 47, 9, 18, 44, 48, 54]
[10, 5, 14, 40, 15, 41, 45, 8, 43, 18, 48, 54]
[10, 5, 14, 40, 15, 41, 45, 8, 47, 44, 48, 54]
[10, 5, 14, 15, 41, 45, 8, 43, 47, 44, 48, 54]
[10, 5, 14, 40, 41, 45, 43, 47, 18, 44, 48, 54]
[10, 5, 40, 15, 41, 45, 43, 47, 18, 44, 48, 54]
[10, 14, 40, 15, 45, 8, 17, 43, 9, 18, 48, 54]
[10, 14, 40, 15, 45, 8, 17, 47, 9, 44, 48, 54]
[10, 14, 40, 15, 45, 8, 47, 9, 18, 44, 48, 54]
[10, 14, 15, 41, 45, 8, 17, 47, 18, 44, 48, 54]
[1, 10, 5, 40, 45, 8, 43, 47, 9, 18, 44, 48, 54]
[1, 5, 14, 15, 45, 8, 17, 47, 9, 18, 44, 48, 54]
[1, 10, 5, 14, 15, 41, 45, 8, 43, 47, 44, 48, 54]
[1, 5, 14, 40, 15, 41, 45, 8, 17, 43, 18, 48, 54]
[1, 5, 14, 40, 15, 41, 45, 8, 17, 47, 44, 48, 54]
[1, 10, 5, 14, 40, 41, 45, 43, 47, 18, 44, 48, 54]
[1, 10, 5, 40, 15, 41, 45, 43, 47, 18, 44, 48, 54]
[10, 5, 14, 40, 15, 45, 8, 43, 47, 9, 44, 48, 54]
[10, 5, 14, 40, 15, 41, 45, 8, 47, 18, 44, 48, 54]
[10, 5, 14, 15, 41, 45, 8, 43, 47, 18, 44, 48, 54]
[10, 14, 40, 15, 45, 8, 17, 47, 9, 18, 44, 48, 54]
[1, 10, 5, 14, 40, 15, 45, 8, 43, 47, 9, 44, 48, 54]
[1, 10, 5, 14, 15, 41, 45, 8, 43, 47, 18, 44, 48, 54]
[1, 5, 14, 40, 15, 41, 45, 8, 17, 47, 18, 44, 48, 54]
[10, 5, 14, 40, 15, 45, 8, 43, 47, 9, 18, 44, 48, 54]
[1, 10, 5, 14, 40, 15, 45, 8, 43, 47, 9, 18, 44, 48, 54]
