[[0, 1, 4, 5, 7], [2, 4], [3, 5], [6, 7]]
[13, 37, 52, 51]
[14, 42, 52, 51]
[14, 38, 52, 18, 51]
[13, 40, 52, 18, 39, 44]
[14, 16, 17, 44, 51, 54]
[34, 14, 40, 37, 50, 54]
[34, 35, 40, 16, 50, 54]
[34, 16, 37, 49, 52, 51]
[40, 16, 42, 49, 50, 54]
[35, 40, 17, 18, 39, 54]
[34, 40, 17, 38, 43, 54]
[35, 37, 17, 44, 51, 54]
[13, 37, 42, 38, 52, 18, 51]
[13, 40, 49, 43, 52, 18, 44]
[13, 37, 49, 43, 52, 39, 51]
[13, 40, 42, 38, 52, 39, 44]
[14, 40, 37, 38, 52, 39, 44]
[14, 42, 49, 43, 52, 39, 51]
[34, 40, 16, 43, 52, 18, 44]
[40, 16, 49, 38, 50, 18, 54]
[34, 16, 37, 43, 52, 39, 51]
[40, 16, 42, 43, 50, 39, 54]
[34, 40, 42, 17, 43, 18, 54]
[35, 40, 49, 17, 43, 18, 54]
[34, 40, 49, 17, 38, 39, 54]
[35, 40, 42, 17, 38, 39, 54]
[13, 34, 14, 16, 42, 49, 52, 51]
[13, 40, 42, 49, 38, 43, 52, 44]
[14, 40, 16, 37, 17, 18, 39, 54]
[34, 14, 50, 18, 39, 44, 51, 54]
[14, 40, 37, 42, 52, 18, 39, 44]
[14, 49, 38, 43, 52, 18, 39, 51]
[14, 35, 40, 37, 42, 49, 50, 54]
[14, 35, 38, 43, 50, 44, 51, 54]
[14, 40, 37, 49, 38, 43, 52, 44]
[34, 40, 16, 49, 52, 18, 39, 44]
[40, 16, 38, 43, 50, 18, 39, 54]
[34, 40, 16, 42, 38, 43, 52, 44]
[16, 37, 38, 43, 50, 44, 51, 54]
[34, 40, 42, 49, 17, 18, 39, 54]
[34, 35, 40, 42, 17, 50, 52, 44]
[34, 37, 42, 49, 17, 44, 51, 54]
[35, 40, 42, 49, 17, 38, 43, 54]
[13, 34, 14, 16, 49, 38, 52, 18, 51]
[13, 34, 14, 16, 42, 43, 52, 39, 51]
[14, 35, 16, 17, 43, 50, 52, 18, 51]
[14, 40, 16, 37, 49, 17, 43, 18, 54]
[14, 16, 42, 17, 38, 18, 44, 51, 54]
[14, 40, 16, 37, 42, 17, 38, 39, 54]
[14, 16, 49, 17, 43, 39, 44, 51, 54]
[34, 14, 40, 37, 42, 38, 50, 18, 54]
[34, 14, 49, 43, 50, 18, 44, 51, 54]
[14, 35, 40, 37, 49, 38, 50, 18, 54]
[14, 35, 42, 43, 50, 18, 44, 51, 54]
[14, 40, 37, 42, 49, 43, 52, 18, 44]
[34, 14, 40, 37, 49, 43, 50, 39, 54]
[34, 14, 42, 38, 50, 39, 44, 51, 54]
[14, 35, 40, 37, 42, 43, 50, 39, 54]
[14, 35, 49, 38, 50, 39, 44, 51, 54]
[34, 35, 40, 16, 42, 38, 50, 18, 54]
[34, 16, 37, 42, 49, 38, 52, 18, 51]
[16, 37, 42, 43, 50, 18, 44, 51, 54]
[34, 35, 40, 16, 49, 43, 50, 39, 54]
[34, 40, 16, 42, 49, 38, 52, 39, 44]
[16, 37, 49, 38, 50, 39, 44, 51, 54]
[34, 35, 40, 17, 38, 50, 52, 18, 44]
[34, 37, 49, 17, 38, 18, 44, 51, 54]
[35, 37, 42, 17, 38, 18, 44, 51, 54]
[34, 35, 37, 17, 38, 50, 52, 39, 51]
[34, 37, 42, 17, 43, 39, 44, 51, 54]
[35, 37, 49, 17, 43, 39, 44, 51, 54]
[13, 34, 14, 16, 38, 43, 52, 18, 39, 51]
[13, 34, 14, 40, 16, 37, 38, 43, 52, 44]
[13, 34, 14, 35, 17, 50, 52, 18, 39, 51]
[13, 34, 14, 35, 40, 37, 17, 50, 52, 44]
[13, 35, 16, 37, 17, 38, 43, 50, 52, 51]
[13, 35, 40, 16, 42, 49, 17, 50, 52, 44]
[13, 37, 42, 49, 38, 43, 52, 18, 39, 51]
[14, 35, 16, 49, 17, 50, 52, 18, 39, 51]
[34, 14, 35, 40, 16, 37, 17, 38, 43, 54]
[34, 14, 35, 16, 42, 49, 17, 44, 51, 54]
[14, 35, 40, 16, 37, 49, 17, 50, 52, 44]
[14, 35, 16, 42, 17, 38, 43, 50, 52, 51]
[14, 40, 16, 37, 42, 49, 17, 38, 43, 54]
[14, 35, 40, 37, 38, 43, 50, 18, 39, 54]
[14, 35, 42, 49, 50, 18, 39, 44, 51, 54]
[34, 14, 42, 49, 38, 43, 50, 44, 51, 54]
[34, 35, 16, 37, 50, 18, 39, 44, 51, 54]
[34, 16, 37, 42, 38, 43, 52, 18, 39, 51]
[16, 37, 42, 49, 50, 18, 39, 44, 51, 54]
[34, 35, 37, 42, 17, 50, 52, 18, 39, 51]
[34, 37, 17, 38, 43, 18, 39, 44, 51, 54]
[34, 35, 37, 49, 17, 38, 43, 50, 52, 51]
[13, 34, 14, 40, 16, 37, 42, 43, 52, 18, 44]
[13, 34, 14, 40, 16, 37, 49, 38, 52, 39, 44]
[13, 34, 14, 35, 49, 17, 43, 50, 52, 18, 51]
[13, 34, 14, 35, 42, 17, 38, 50, 52, 39, 51]
[13, 35, 16, 37, 42, 17, 43, 50, 52, 18, 51]
[13, 35, 40, 16, 49, 17, 38, 50, 52, 18, 44]
[13, 35, 16, 37, 49, 17, 38, 50, 52, 39, 51]
[13, 35, 40, 16, 42, 17, 43, 50, 52, 39, 44]
[34, 14, 35, 40, 16, 37, 42, 17, 43, 18, 54]
[34, 14, 35, 16, 49, 17, 38, 18, 44, 51, 54]
[34, 14, 35, 40, 16, 37, 49, 17, 38, 39, 54]
[34, 14, 35, 16, 42, 17, 43, 39, 44, 51, 54]
[14, 35, 40, 16, 37, 17, 43, 50, 52, 39, 44]
[14, 35, 16, 42, 49, 17, 38, 50, 52, 39, 51]
[34, 35, 16, 37, 49, 43, 50, 18, 44, 51, 54]
[34, 35, 16, 37, 42, 38, 50, 39, 44, 51, 54]
[34, 35, 37, 42, 49, 17, 43, 50, 52, 18, 51]
[34, 35, 40, 42, 49, 17, 43, 50, 52, 39, 44]
[13, 34, 14, 40, 16, 37, 42, 49, 52, 18, 39, 44]
[13, 34, 14, 35, 42, 49, 17, 38, 43, 50, 52, 51]
[13, 35, 16, 37, 42, 49, 17, 50, 52, 18, 39, 51]
[13, 35, 40, 16, 17, 38, 43, 50, 52, 18, 39, 44]
[34, 14, 35, 40, 16, 37, 42, 49, 17, 18, 39, 54]
[34, 14, 35, 16, 17, 38, 43, 18, 39, 44, 51, 54]
[14, 16, 42, 49, 17, 38, 43, 18, 39, 44, 51, 54]
[34, 14, 40, 37, 42, 49, 38, 43, 50, 18, 39, 54]
[34, 35, 40, 16, 42, 49, 38, 43, 50, 18, 39, 54]
[34, 35, 16, 37, 42, 49, 38, 43, 50, 44, 51, 54]
[34, 35, 40, 49, 17, 38, 43, 50, 52, 18, 39, 44]
[35, 37, 42, 49, 17, 38, 43, 18, 39, 44, 51, 54]
[13, 34, 14, 35, 40, 37, 42, 17, 38, 50, 52, 18, 44]
[13, 34, 14, 35, 40, 37, 49, 17, 43, 50, 52, 39, 44]
[14, 35, 40, 16, 37, 42, 49, 17, 38, 50, 52, 18, 44]
[14, 35, 40, 16, 37, 42, 17, 38, 43, 50, 52, 18, 39, 44]
[13, 34, 14, 35, 40, 37, 42, 49, 17, 38, 43, 50, 52, 18, 39, 44]
