[[1], [2], [3, 5], [4]]
[0, 41, 45, 49]
[5, 41, 45, 49]
[41, 45, 49, 44]
[0, 6, 41, 45, 49]
[0, 41, 45, 7, 49]
[0, 41, 45, 49, 8]
[0, 41, 45, 42, 49]
[0, 41, 45, 49, 43]
[0, 41, 45, 46, 49]
[5, 41, 45, 7, 49]
[5, 41, 45, 49, 8]
[5, 41, 45, 42, 49]
[5, 41, 45, 49, 43]
[5, 41, 45, 46, 49]
[41, 45, 7, 49, 44]
[41, 45, 49, 8, 44]
[41, 45, 42, 49, 44]
[41, 45, 49, 43, 44]
[41, 45, 46, 49, 44]
[0, 5, 6, 41, 45, 49]
[0, 5, 41, 45, 49, 44]
[0, 6, 41, 45, 7, 49]
[0, 6, 41, 45, 49, 8]
[0, 6, 41, 45, 42, 49]
[0, 6, 41, 45, 49, 43]
[0, 6, 41, 45, 46, 49]
[0, 41, 45, 7, 49, 8]
[0, 41, 45, 7, 42, 49]
[0, 41, 45, 7, 49, 43]
[0, 41, 45, 7, 46, 49]
[0, 41, 45, 42, 49, 8]
[0, 41, 45, 49, 8, 43]
[0, 41, 45, 46, 49, 8]
[0, 40, 41, 45, 49, 9]
[0, 41, 45, 42, 49, 43]
[0, 41, 45, 42, 46, 49]
[0, 41, 45, 46, 49, 43]
[5, 41, 45, 7, 49, 8]
[5, 41, 45, 7, 42, 49]
[5, 41, 45, 7, 49, 43]
[5, 41, 45, 7, 46, 49]
[5, 41, 45, 42, 49, 8]
[5, 41, 45, 49, 8, 43]
[5, 41, 45, 46, 49, 8]
[5, 40, 41, 45, 49, 9]
[5, 41, 45, 42, 49, 43]
[5, 41, 45, 42, 46, 49]
[5, 41, 45, 46, 49, 43]
[41, 45, 7, 49, 8, 44]
[41, 45, 7, 42, 49, 44]
[41, 45, 7, 49, 43, 44]
[41, 45, 7, 46, 49, 44]
[41, 45, 42, 49, 8, 44]
[41, 45, 49, 8, 43, 44]
[41, 45, 46, 49, 8, 44]
[40, 41, 45, 49, 9, 44]
[41, 45, 42, 49, 43, 44]
[41, 45, 42, 46, 49, 44]
[41, 45, 46, 49, 43, 44]
[0, 5, 6, 41, 45, 7, 49]
[0, 5, 6, 41, 45, 49, 8]
[0, 5, 6, 41, 45, 42, 49]
[0, 5, 6, 41, 45, 49, 43]
[0, 5, 6, 41, 45, 46, 49]
[0, 5, 41, 45, 7, 49, 44]
[0, 5, 41, 45, 49, 8, 44]
[0, 5, 41, 45, 42, 49, 44]
[0, 5, 41, 45, 49, 43, 44]
[0, 5, 41, 45, 46, 49, 44]
[0, 6, 41, 45, 7, 49, 8]
[0, 6, 41, 45, 7, 42, 49]
[0, 6, 41, 45, 7, 49, 43]
[0, 6, 41, 45, 7, 46, 49]
[0, 6, 41, 45, 42, 49, 8]
[0, 6, 41, 45, 49, 8, 43]
[0, 6, 41, 45, 46, 49, 8]
[0, 40, 6, 41, 45, 49, 9]
[0, 6, 41, 45, 49, 9, 44]
[0, 40, 6, 41, 45, 49, 44]
[0, 6, 41, 45, 42, 49, 43]
[0, 6, 41, 45, 42, 46, 49]
[0, 6, 41, 45, 46, 49, 43]
[0, 41, 45, 7, 42, 49, 8]
[0, 41, 45, 7, 49, 8, 43]
[0, 41, 45, 7, 46, 49, 8]
[0, 40, 41, 45, 7, 49, 9]
[0, 41, 45, 7, 42, 49, 43]
[0, 41, 45, 7, 42, 46, 49]
[0, 41, 45, 7, 46, 49, 43]
[0, 40, 41, 45, 49, 8, 9]
[0, 41, 45, 42, 49, 8, 43]
[0, 41, 45, 42, 46, 49, 8]
[0, 41, 45, 46, 49, 8, 43]
[0, 40, 41, 45, 42, 49, 9]
[0, 40, 41, 45, 49, 43, 9]
[0, 40, 41, 45, 46, 49, 9]
[0, 41, 45, 42, 46, 49, 43]
[5, 41, 45, 7, 42, 49, 8]
[5, 41, 45, 7, 49, 8, 43]
[5, 41, 45, 7, 46, 49, 8]
[5, 40, 41, 45, 7, 49, 9]
[5, 41, 45, 7, 42, 49, 43]
[5, 41, 45, 7, 42, 46, 49]
[5, 41, 45, 7, 46, 49, 43]
[5, 40, 41, 45, 49, 8, 9]
[5, 41, 45, 42, 49, 8, 43]
[5, 41, 45, 42, 46, 49, 8]
[5, 41, 45, 46, 49, 8, 43]
[5, 40, 41, 45, 42, 49, 9]
[5, 40, 41, 45, 49, 43, 9]
[5, 40, 41, 45, 46, 49, 9]
[5, 41, 45, 42, 46, 49, 43]
[41, 45, 7, 42, 49, 8, 44]
[41, 45, 7, 49, 8, 43, 44]
[41, 45, 7, 46, 49, 8, 44]
[40, 41, 45, 7, 49, 9, 44]
[41, 45, 7, 42, 49, 43, 44]
[41, 45, 7, 42, 46, 49, 44]
[41, 45, 7, 46, 49, 43, 44]
[40, 41, 45, 49, 8, 9, 44]
[41, 45, 42, 49, 8, 43, 44]
[41, 45, 42, 46, 49, 8, 44]
[41, 45, 46, 49, 8, 43, 44]
[40, 41, 45, 42, 49, 9, 44]
[40, 41, 45, 49, 43, 9, 44]
[40, 41, 45, 46, 49, 9, 44]
[41, 45, 42, 46, 49, 43, 44]
[0, 5, 6, 41, 45, 7, 49, 8]
[0, 5, 6, 41, 45, 7, 42, 49]
[0, 5, 6, 41, 45, 7, 49, 43]
[0, 5, 6, 41, 45, 7, 46, 49]
[0, 5, 6, 41, 45, 42, 49, 8]
[0, 5, 6, 41, 45, 49, 8, 43]
[0, 5, 6, 41, 45, 46, 49, 8]
[0, 5, 40, 6, 41, 45, 49, 9]
[0, 5, 6, 41, 45, 49, 9, 44]
[0, 5, 40, 6, 41, 45, 49, 44]
[0, 5, 6, 41, 45, 42, 49, 43]
[0, 5, 6, 41, 45, 42, 46, 49]
[0, 5, 6, 41, 45, 46, 49, 43]
[0, 5, 41, 45, 7, 49, 8, 44]
[0, 5, 41, 45, 7, 42, 49, 44]
[0, 5, 41, 45, 7, 49, 43, 44]
[0, 5, 41, 45, 7, 46, 49, 44]
[0, 5, 41, 45, 42, 49, 8, 44]
[0, 5, 41, 45, 49, 8, 43, 44]
[0, 5, 41, 45, 46, 49, 8, 44]
[0, 5, 40, 41, 45, 49, 9, 44]
[0, 5, 41, 45, 42, 49, 43, 44]
[0, 5, 41, 45, 42, 46, 49, 44]
[0, 5, 41, 45, 46, 49, 43, 44]
[0, 6, 41, 45, 7, 42, 49, 8]
[0, 6, 41, 45, 7, 49, 8, 43]
[0, 6, 41, 45, 7, 46, 49, 8]
[0, 40, 6, 41, 45, 7, 49, 9]
[0, 6, 41, 45, 7, 49, 9, 44]
[0, 40, 6, 41, 45, 7, 49, 44]
[0, 6, 41, 45, 7, 42, 49, 43]
[0, 6, 41, 45, 7, 42, 46, 49]
[0, 6, 41, 45, 7, 46, 49, 43]
[0, 40, 6, 41, 45, 49, 8, 9]
[0, 6, 41, 45, 49, 8, 9, 44]
[0, 40, 6, 41, 45, 49, 8, 44]
[0, 6, 41, 45, 42, 49, 8, 43]
[0, 6, 41, 45, 42, 46, 49, 8]
[0, 6, 41, 45, 46, 49, 8, 43]
[0, 40, 6, 41, 45, 42, 49, 9]
[0, 40, 6, 41, 45, 49, 43, 9]
[0, 40, 6, 41, 45, 46, 49, 9]
[0, 6, 41, 45, 42, 49, 9, 44]
[0, 6, 41, 45, 49, 43, 9, 44]
[0, 6, 41, 45, 46, 49, 9, 44]
[0, 40, 6, 41, 45, 42, 49, 44]
[0, 40, 6, 41, 45, 49, 43, 44]
[0, 40, 6, 41, 45, 46, 49, 44]
[0, 6, 41, 45, 42, 46, 49, 43]
[0, 40, 41, 45, 7, 49, 8, 9]
[0, 41, 45, 7, 42, 49, 8, 43]
[0, 41, 45, 7, 42, 46, 49, 8]
[0, 41, 45, 7, 46, 49, 8, 43]
[0, 40, 41, 45, 7, 42, 49, 9]
[0, 40, 41, 45, 7, 49, 43, 9]
[0, 40, 41, 45, 7, 46, 49, 9]
[0, 41, 45, 7, 42, 46, 49, 43]
[0, 40, 41, 45, 42, 49, 8, 9]
[0, 40, 41, 45, 49, 8, 43, 9]
[0, 40, 41, 45, 46, 49, 8, 9]
[0, 41, 45, 42, 46, 49, 8, 43]
[0, 40, 41, 45, 42, 49, 43, 9]
[0, 40, 41, 45, 42, 46, 49, 9]
[0, 40, 41, 45, 46, 49, 43, 9]
[5, 40, 41, 45, 7, 49, 8, 9]
[5, 41, 45, 7, 42, 49, 8, 43]
[5, 41, 45, 7, 42, 46, 49, 8]
[5, 41, 45, 7, 46, 49, 8, 43]
[5, 40, 41, 45, 7, 42, 49, 9]
[5, 40, 41, 45, 7, 49, 43, 9]
[5, 40, 41, 45, 7, 46, 49, 9]
[5, 41, 45, 7, 42, 46, 49, 43]
[5, 40, 41, 45, 42, 49, 8, 9]
[5, 40, 41, 45, 49, 8, 43, 9]
[5, 40, 41, 45, 46, 49, 8, 9]
[5, 41, 45, 42, 46, 49, 8, 43]
[5, 40, 41, 45, 42, 49, 43, 9]
[5, 40, 41, 45, 42, 46, 49, 9]
[5, 40, 41, 45, 46, 49, 43, 9]
[40, 41, 45, 7, 49, 8, 9, 44]
[41, 45, 7, 42, 49, 8, 43, 44]
[41, 45, 7, 42, 46, 49, 8, 44]
[41, 45, 7, 46, 49, 8, 43, 44]
[40, 41, 45, 7, 42, 49, 9, 44]
[40, 41, 45, 7, 49, 43, 9, 44]
[40, 41, 45, 7, 46, 49, 9, 44]
[41, 45, 7, 42, 46, 49, 43, 44]
[40, 41, 45, 42, 49, 8, 9, 44]
[40, 41, 45, 49, 8, 43, 9, 44]
[40, 41, 45, 46, 49, 8, 9, 44]
[41, 45, 42, 46, 49, 8, 43, 44]
[40, 41, 45, 42, 49, 43, 9, 44]
[40, 41, 45, 42, 46, 49, 9, 44]
[40, 41, 45, 46, 49, 43, 9, 44]
[0, 5, 6, 41, 45, 7, 42, 49, 8]
[0, 5, 6, 41, 45, 7, 49, 8, 43]
[0, 5, 6, 41, 45, 7, 46, 49, 8]
[0, 5, 40, 6, 41, 45, 7, 49, 9]
[0, 5, 6, 41, 45, 7, 49, 9, 44]
[0, 5, 40, 6, 41, 45, 7, 49, 44]
[0, 5, 6, 41, 45, 7, 42, 49, 43]
[0, 5, 6, 41, 45, 7, 42, 46, 49]
[0, 5, 6, 41, 45, 7, 46, 49, 43]
[0, 5, 40, 6, 41, 45, 49, 8, 9]
[0, 5, 6, 41, 45, 49, 8, 9, 44]
[0, 5, 40, 6, 41, 45, 49, 8, 44]
[0, 5, 6, 41, 45, 42, 49, 8, 43]
[0, 5, 6, 41, 45, 42, 46, 49, 8]
[0, 5, 6, 41, 45, 46, 49, 8, 43]
[0, 5, 40, 6, 41, 45, 42, 49, 9]
[0, 5, 40, 6, 41, 45, 49, 43, 9]
[0, 5, 40, 6, 41, 45, 46, 49, 9]
[0, 5, 6, 41, 45, 42, 49, 9, 44]
[0, 5, 6, 41, 45, 49, 43, 9, 44]
[0, 5, 6, 41, 45, 46, 49, 9, 44]
[0, 5, 40, 6, 41, 45, 42, 49, 44]
[0, 5, 40, 6, 41, 45, 49, 43, 44]
[0, 5, 40, 6, 41, 45, 46, 49, 44]
[0, 5, 6, 41, 45, 42, 46, 49, 43]
[0, 5, 41, 45, 7, 42, 49, 8, 44]
[0, 5, 41, 45, 7, 49, 8, 43, 44]
[0, 5, 41, 45, 7, 46, 49, 8, 44]
[0, 5, 40, 41, 45, 7, 49, 9, 44]
[0, 5, 41, 45, 7, 42, 49, 43, 44]
[0, 5, 41, 45, 7, 42, 46, 49, 44]
[0, 5, 41, 45, 7, 46, 49, 43, 44]
[0, 5, 40, 41, 45, 49, 8, 9, 44]
[0, 5, 41, 45, 42, 49, 8, 43, 44]
[0, 5, 41, 45, 42, 46, 49, 8, 44]
[0, 5, 41, 45, 46, 49, 8, 43, 44]
[0, 5, 40, 41, 45, 42, 49, 9, 44]
[0, 5, 40, 41, 45, 49, 43, 9, 44]
[0, 5, 40, 41, 45, 46, 49, 9, 44]
[0, 5, 41, 45, 42, 46, 49, 43, 44]
[0, 40, 6, 41, 45, 7, 49, 8, 9]
[0, 6, 41, 45, 7, 49, 8, 9, 44]
[0, 40, 6, 41, 45, 7, 49, 8, 44]
[0, 6, 41, 45, 7, 42, 49, 8, 43]
[0, 6, 41, 45, 7, 42, 46, 49, 8]
[0, 6, 41, 45, 7, 46, 49, 8, 43]
[0, 40, 6, 41, 45, 7, 42, 49, 9]
[0, 40, 6, 41, 45, 7, 49, 43, 9]
[0, 40, 6, 41, 45, 7, 46, 49, 9]
[0, 6, 41, 45, 7, 42, 49, 9, 44]
[0, 6, 41, 45, 7, 49, 43, 9, 44]
[0, 6, 41, 45, 7, 46, 49, 9, 44]
[0, 40, 6, 41, 45, 7, 42, 49, 44]
[0, 40, 6, 41, 45, 7, 49, 43, 44]
[0, 40, 6, 41, 45, 7, 46, 49, 44]
[0, 6, 41, 45, 7, 42, 46, 49, 43]
[0, 40, 6, 41, 45, 42, 49, 8, 9]
[0, 40, 6, 41, 45, 49, 8, 43, 9]
[0, 40, 6, 41, 45, 46, 49, 8, 9]
[0, 6, 41, 45, 42, 49, 8, 9, 44]
[0, 6, 41, 45, 49, 8, 43, 9, 44]
[0, 6, 41, 45, 46, 49, 8, 9, 44]
[0, 40, 6, 41, 45, 42, 49, 8, 44]
[0, 40, 6, 41, 45, 49, 8, 43, 44]
[0, 40, 6, 41, 45, 46, 49, 8, 44]
[0, 6, 41, 45, 42, 46, 49, 8, 43]
[0, 40, 6, 41, 45, 42, 49, 43, 9]
[0, 40, 6, 41, 45, 42, 46, 49, 9]
[0, 40, 6, 41, 45, 46, 49, 43, 9]
[0, 6, 41, 45, 42, 49, 43, 9, 44]
[0, 6, 41, 45, 42, 46, 49, 9, 44]
[0, 6, 41, 45, 46, 49, 43, 9, 44]
[0, 40, 6, 41, 45, 42, 49, 43, 44]
[0, 40, 6, 41, 45, 42, 46, 49, 44]
[0, 40, 6, 41, 45, 46, 49, 43, 44]
[0, 40, 41, 45, 7, 42, 49, 8, 9]
[0, 40, 41, 45, 7, 49, 8, 43, 9]
[0, 40, 41, 45, 7, 46, 49, 8, 9]
[0, 41, 45, 7, 42, 46, 49, 8, 43]
[0, 40, 41, 45, 7, 42, 49, 43, 9]
[0, 40, 41, 45, 7, 42, 46, 49, 9]
[0, 40, 41, 45, 7, 46, 49, 43, 9]
[0, 40, 41, 45, 42, 49, 8, 43, 9]
[0, 40, 41, 45, 42, 46, 49, 8, 9]
[0, 40, 41, 45, 46, 49, 8, 43, 9]
[0, 40, 41, 45, 42, 46, 49, 43, 9]
[5, 40, 41, 45, 7, 42, 49, 8, 9]
[5, 40, 41, 45, 7, 49, 8, 43, 9]
[5, 40, 41, 45, 7, 46, 49, 8, 9]
[5, 41, 45, 7, 42, 46, 49, 8, 43]
[5, 40, 41, 45, 7, 42, 49, 43, 9]
[5, 40, 41, 45, 7, 42, 46, 49, 9]
[5, 40, 41, 45, 7, 46, 49, 43, 9]
[5, 40, 41, 45, 42, 49, 8, 43, 9]
[5, 40, 41, 45, 42, 46, 49, 8, 9]
[5, 40, 41, 45, 46, 49, 8, 43, 9]
[5, 40, 41, 45, 42, 46, 49, 43, 9]
[40, 41, 45, 7, 42, 49, 8, 9, 44]
[40, 41, 45, 7, 49, 8, 43, 9, 44]
[40, 41, 45, 7, 46, 49, 8, 9, 44]
[41, 45, 7, 42, 46, 49, 8, 43, 44]
[40, 41, 45, 7, 42, 49, 43, 9, 44]
[40, 41, 45, 7, 42, 46, 49, 9, 44]
[40, 41, 45, 7, 46, 49, 43, 9, 44]
[40, 41, 45, 42, 49, 8, 43, 9, 44]
[40, 41, 45, 42, 46, 49, 8, 9, 44]
[40, 41, 45, 46, 49, 8, 43, 9, 44]
[40, 41, 45, 42, 46, 49, 43, 9, 44]
[0, 5, 40, 6, 41, 45, 7, 49, 8, 9]
[0, 5, 6, 41, 45, 7, 49, 8, 9, 44]
[0, 5, 40, 6, 41, 45, 7, 49, 8, 44]
[0, 5, 6, 41, 45, 7, 42, 49, 8, 43]
[0, 5, 6, 41, 45, 7, 42, 46, 49, 8]
[0, 5, 6, 41, 45, 7, 46, 49, 8, 43]
[0, 5, 40, 6, 41, 45, 7, 42, 49, 9]
[0, 5, 40, 6, 41, 45, 7, 49, 43, 9]
[0, 5, 40, 6, 41, 45, 7, 46, 49, 9]
[0, 5, 6, 41, 45, 7, 42, 49, 9, 44]
[0, 5, 6, 41, 45, 7, 49, 43, 9, 44]
[0, 5, 6, 41, 45, 7, 46, 49, 9, 44]
[0, 5, 40, 6, 41, 45, 7, 42, 49, 44]
[0, 5, 40, 6, 41, 45, 7, 49, 43, 44]
[0, 5, 40, 6, 41, 45, 7, 46, 49, 44]
[0, 5, 6, 41, 45, 7, 42, 46, 49, 43]
[0, 5, 40, 6, 41, 45, 42, 49, 8, 9]
[0, 5, 40, 6, 41, 45, 49, 8, 43, 9]
[0, 5, 40, 6, 41, 45, 46, 49, 8, 9]
[0, 5, 6, 41, 45, 42, 49, 8, 9, 44]
[0, 5, 6, 41, 45, 49, 8, 43, 9, 44]
[0, 5, 6, 41, 45, 46, 49, 8, 9, 44]
[0, 5, 40, 6, 41, 45, 42, 49, 8, 44]
[0, 5, 40, 6, 41, 45, 49, 8, 43, 44]
[0, 5, 40, 6, 41, 45, 46, 49, 8, 44]
[0, 5, 6, 41, 45, 42, 46, 49, 8, 43]
[0, 5, 40, 6, 41, 45, 42, 49, 43, 9]
[0, 5, 40, 6, 41, 45, 42, 46, 49, 9]
[0, 5, 40, 6, 41, 45, 46, 49, 43, 9]
[0, 5, 6, 41, 45, 42, 49, 43, 9, 44]
[0, 5, 6, 41, 45, 42, 46, 49, 9, 44]
[0, 5, 6, 41, 45, 46, 49, 43, 9, 44]
[0, 5, 40, 6, 41, 45, 42, 49, 43, 44]
[0, 5, 40, 6, 41, 45, 42, 46, 49, 44]
[0, 5, 40, 6, 41, 45, 46, 49, 43, 44]
[0, 5, 40, 41, 45, 7, 49, 8, 9, 44]
[0, 5, 41, 45, 7, 42, 49, 8, 43, 44]
[0, 5, 41, 45, 7, 42, 46, 49, 8, 44]
[0, 5, 41, 45, 7, 46, 49, 8, 43, 44]
[0, 5, 40, 41, 45, 7, 42, 49, 9, 44]
[0, 5, 40, 41, 45, 7, 49, 43, 9, 44]
[0, 5, 40, 41, 45, 7, 46, 49, 9, 44]
[0, 5, 41, 45, 7, 42, 46, 49, 43, 44]
[0, 5, 40, 41, 45, 42, 49, 8, 9, 44]
[0, 5, 40, 41, 45, 49, 8, 43, 9, 44]
[0, 5, 40, 41, 45, 46, 49, 8, 9, 44]
[0, 5, 41, 45, 42, 46, 49, 8, 43, 44]
[0, 5, 40, 41, 45, 42, 49, 43, 9, 44]
[0, 5, 40, 41, 45, 42, 46, 49, 9, 44]
[0, 5, 40, 41, 45, 46, 49, 43, 9, 44]
[0, 40, 6, 41, 45, 7, 42, 49, 8, 9]
[0, 40, 6, 41, 45, 7, 49, 8, 43, 9]
[0, 40, 6, 41, 45, 7, 46, 49, 8, 9]
[0, 6, 41, 45, 7, 42, 49, 8, 9, 44]
[0, 6, 41, 45, 7, 49, 8, 43, 9, 44]
[0, 6, 41, 45, 7, 46, 49, 8, 9, 44]
[0, 40, 6, 41, 45, 7, 42, 49, 8, 44]
[0, 40, 6, 41, 45, 7, 49, 8, 43, 44]
[0, 40, 6, 41, 45, 7, 46, 49, 8, 44]
[0, 6, 41, 45, 7, 42, 46, 49, 8, 43]
[0, 40, 6, 41, 45, 7, 42, 49, 43, 9]
[0, 40, 6, 41, 45, 7, 42, 46, 49, 9]
[0, 40, 6, 41, 45, 7, 46, 49, 43, 9]
[0, 6, 41, 45, 7, 42, 49, 43, 9, 44]
[0, 6, 41, 45, 7, 42, 46, 49, 9, 44]
[0, 6, 41, 45, 7, 46, 49, 43, 9, 44]
[0, 40, 6, 41, 45, 7, 42, 49, 43, 44]
[0, 40, 6, 41, 45, 7, 42, 46, 49, 44]
[0, 40, 6, 41, 45, 7, 46, 49, 43, 44]
[0, 40, 6, 41, 45, 42, 49, 8, 43, 9]
[0, 40, 6, 41, 45, 42, 46, 49, 8, 9]
[0, 40, 6, 41, 45, 46, 49, 8, 43, 9]
[0, 6, 41, 45, 42, 49, 8, 43, 9, 44]
[0, 6, 41, 45, 42, 46, 49, 8, 9, 44]
[0, 6, 41, 45, 46, 49, 8, 43, 9, 44]
[0, 40, 6, 41, 45, 42, 49, 8, 43, 44]
[0, 40, 6, 41, 45, 42, 46, 49, 8, 44]
[0, 40, 6, 41, 45, 46, 49, 8, 43, 44]
[0, 40, 6, 41, 45, 42, 46, 49, 43, 9]
[0, 6, 41, 45, 42, 46, 49, 43, 9, 44]
[0, 40, 6, 41, 45, 42, 46, 49, 43, 44]
[0, 40, 41, 45, 7, 42, 49, 8, 43, 9]
[0, 40, 41, 45, 7, 42, 46, 49, 8, 9]
[0, 40, 41, 45, 7, 46, 49, 8, 43, 9]
[0, 40, 41, 45, 7, 42, 46, 49, 43, 9]
[0, 40, 41, 45, 42, 46, 49, 8, 43, 9]
[5, 40, 41, 45, 7, 42, 49, 8, 43, 9]
[5, 40, 41, 45, 7, 42, 46, 49, 8, 9]
[5, 40, 41, 45, 7, 46, 49, 8, 43, 9]
[5, 40, 41, 45, 7, 42, 46, 49, 43, 9]
[5, 40, 41, 45, 42, 46, 49, 8, 43, 9]
[40, 41, 45, 7, 42, 49, 8, 43, 9, 44]
[40, 41, 45, 7, 42, 46, 49, 8, 9, 44]
[40, 41, 45, 7, 46, 49, 8, 43, 9, 44]
[40, 41, 45, 7, 42, 46, 49, 43, 9, 44]
[40, 41, 45, 42, 46, 49, 8, 43, 9, 44]
[0, 5, 40, 6, 41, 45, 7, 42, 49, 8, 9]
[0, 5, 40, 6, 41, 45, 7, 49, 8, 43, 9]
[0, 5, 40, 6, 41, 45, 7, 46, 49, 8, 9]
[0, 5, 6, 41, 45, 7, 42, 49, 8, 9, 44]
[0, 5, 6, 41, 45, 7, 49, 8, 43, 9, 44]
[0, 5, 6, 41, 45, 7, 46, 49, 8, 9, 44]
[0, 5, 40, 6, 41, 45, 7, 42, 49, 8, 44]
[0, 5, 40, 6, 41, 45, 7, 49, 8, 43, 44]
[0, 5, 40, 6, 41, 45, 7, 46, 49, 8, 44]
[0, 5, 6, 41, 45, 7, 42, 46, 49, 8, 43]
[0, 5, 40, 6, 41, 45, 7, 42, 49, 43, 9]
[0, 5, 40, 6, 41, 45, 7, 42, 46, 49, 9]
[0, 5, 40, 6, 41, 45, 7, 46, 49, 43, 9]
[0, 5, 6, 41, 45, 7, 42, 49, 43, 9, 44]
[0, 5, 6, 41, 45, 7, 42, 46, 49, 9, 44]
[0, 5, 6, 41, 45, 7, 46, 49, 43, 9, 44]
[0, 5, 40, 6, 41, 45, 7, 42, 49, 43, 44]
[0, 5, 40, 6, 41, 45, 7, 42, 46, 49, 44]
[0, 5, 40, 6, 41, 45, 7, 46, 49, 43, 44]
[0, 5, 40, 6, 41, 45, 42, 49, 8, 43, 9]
[0, 5, 40, 6, 41, 45, 42, 46, 49, 8, 9]
[0, 5, 40, 6, 41, 45, 46, 49, 8, 43, 9]
[0, 5, 6, 41, 45, 42, 49, 8, 43, 9, 44]
[0, 5, 6, 41, 45, 42, 46, 49, 8, 9, 44]
[0, 5, 6, 41, 45, 46, 49, 8, 43, 9, 44]
[0, 5, 40, 6, 41, 45, 42, 49, 8, 43, 44]
[0, 5, 40, 6, 41, 45, 42, 46, 49, 8, 44]
[0, 5, 40, 6, 41, 45, 46, 49, 8, 43, 44]
[0, 5, 40, 6, 41, 45, 42, 46, 49, 43, 9]
[0, 5, 6, 41, 45, 42, 46, 49, 43, 9, 44]
[0, 5, 40, 6, 41, 45, 42, 46, 49, 43, 44]
[0, 5, 40, 41, 45, 7, 42, 49, 8, 9, 44]
[0, 5, 40, 41, 45, 7, 49, 8, 43, 9, 44]
[0, 5, 40, 41, 45, 7, 46, 49, 8, 9, 44]
[0, 5, 41, 45, 7, 42, 46, 49, 8, 43, 44]
[0, 5, 40, 41, 45, 7, 42, 49, 43, 9, 44]
[0, 5, 40, 41, 45, 7, 42, 46, 49, 9, 44]
[0, 5, 40, 41, 45, 7, 46, 49, 43, 9, 44]
[0, 5, 40, 41, 45, 42, 49, 8, 43, 9, 44]
[0, 5, 40, 41, 45, 42, 46, 49, 8, 9, 44]
[0, 5, 40, 41, 45, 46, 49, 8, 43, 9, 44]
[0, 5, 40, 41, 45, 42, 46, 49, 43, 9, 44]
[0, 40, 6, 41, 45, 7, 42, 49, 8, 43, 9]
[0, 40, 6, 41, 45, 7, 42, 46, 49, 8, 9]
[0, 40, 6, 41, 45, 7, 46, 49, 8, 43, 9]
[0, 6, 41, 45, 7, 42, 49, 8, 43, 9, 44]
[0, 6, 41, 45, 7, 42, 46, 49, 8, 9, 44]
[0, 6, 41, 45, 7, 46, 49, 8, 43, 9, 44]
[0, 40, 6, 41, 45, 7, 42, 49, 8, 43, 44]
[0, 40, 6, 41, 45, 7, 42, 46, 49, 8, 44]
[0, 40, 6, 41, 45, 7, 46, 49, 8, 43, 44]
[0, 40, 6, 41, 45, 7, 42, 46, 49, 43, 9]
[0, 6, 41, 45, 7, 42, 46, 49, 43, 9, 44]
[0, 40, 6, 41, 45, 7, 42, 46, 49, 43, 44]
[0, 40, 6, 41, 45, 42, 46, 49, 8, 43, 9]
[0, 6, 41, 45, 42, 46, 49, 8, 43, 9, 44]
[0, 40, 6, 41, 45, 42, 46, 49, 8, 43, 44]
[0, 40, 41, 45, 7, 42, 46, 49, 8, 43, 9]
[5, 40, 41, 45, 7, 42, 46, 49, 8, 43, 9]
[40, 41, 45, 7, 42, 46, 49, 8, 43, 9, 44]
[0, 5, 40, 6, 41, 45, 7, 42, 49, 8, 43, 9]
[0, 5, 40, 6, 41, 45, 7, 42, 46, 49, 8, 9]
[0, 5, 40, 6, 41, 45, 7, 46, 49, 8, 43, 9]
[0, 5, 6, 41, 45, 7, 42, 49, 8, 43, 9, 44]
[0, 5, 6, 41, 45, 7, 42, 46, 49, 8, 9, 44]
[0, 5, 6, 41, 45, 7, 46, 49, 8, 43, 9, 44]
[0, 5, 40, 6, 41, 45, 7, 42, 49, 8, 43, 44]
[0, 5, 40, 6, 41, 45, 7, 42, 46, 49, 8, 44]
[0, 5, 40, 6, 41, 45, 7, 46, 49, 8, 43, 44]
[0, 5, 40, 6, 41, 45, 7, 42, 46, 49, 43, 9]
[0, 5, 6, 41, 45, 7, 42, 46, 49, 43, 9, 44]
[0, 5, 40, 6, 41, 45, 7, 42, 46, 49, 43, 44]
[0, 5, 40, 6, 41, 45, 42, 46, 49, 8, 43, 9]
[0, 5, 6, 41, 45, 42, 46, 49, 8, 43, 9, 44]
[0, 5, 40, 6, 41, 45, 42, 46, 49, 8, 43, 44]
[0, 5, 40, 41, 45, 7, 42, 49, 8, 43, 9, 44]
[0, 5, 40, 41, 45, 7, 42, 46, 49, 8, 9, 44]
[0, 5, 40, 41, 45, 7, 46, 49, 8, 43, 9, 44]
[0, 5, 40, 41, 45, 7, 42, 46, 49, 43, 9, 44]
[0, 5, 40, 41, 45, 42, 46, 49, 8, 43, 9, 44]
[0, 40, 6, 41, 45, 7, 42, 46, 49, 8, 43, 9]
[0, 6, 41, 45, 7, 42, 46, 49, 8, 43, 9, 44]
[0, 40, 6, 41, 45, 7, 42, 46, 49, 8, 43, 44]
[0, 5, 40, 6, 41, 45, 7, 42, 46, 49, 8, 43, 9]
[0, 5, 6, 41, 45, 7, 42, 46, 49, 8, 43, 9, 44]
[0, 5, 40, 6, 41, 45, 7, 42, 46, 49, 8, 43, 44]
[0, 5, 40, 41, 45, 7, 42, 46, 49, 8, 43, 9, 44]
