[[0, 4, 8], [2, 4], [3, 5], [6, 7]]
[16, 17, 38, 39, 44, 51]
[35, 17, 52, 39, 44, 51]
[13, 34, 16, 17, 38, 43, 44]
[13, 34, 35, 17, 43, 52, 44]
[34, 14, 40, 17, 18, 44, 54]
[16, 42, 17, 18, 39, 44, 51]
[16, 49, 17, 38, 43, 44, 51]
[40, 37, 17, 50, 18, 44, 54]
[17, 50, 18, 39, 44, 53, 54]
[35, 49, 17, 43, 52, 44, 51]
[10, 35, 17, 50, 18, 39, 44, 51]
[13, 14, 40, 17, 50, 52, 18, 44]
[13, 34, 16, 42, 17, 43, 18, 44]
[13, 34, 16, 49, 17, 38, 39, 44]
[13, 34, 40, 37, 17, 52, 18, 44]
[13, 34, 17, 52, 18, 39, 44, 53]
[13, 34, 35, 49, 17, 52, 39, 44]
[34, 14, 40, 42, 17, 38, 44, 54]
[16, 42, 49, 17, 43, 18, 44, 51]
[40, 16, 37, 17, 38, 44, 51, 53]
[49, 17, 43, 50, 18, 44, 53, 54]
[35, 40, 37, 17, 52, 44, 51, 53]
[40, 37, 42, 17, 38, 50, 44, 54]
[42, 17, 38, 50, 39, 44, 53, 54]
[10, 16, 42, 17, 50, 52, 39, 44, 51]
[10, 35, 49, 17, 43, 50, 18, 44, 51]
[10, 35, 42, 17, 38, 50, 39, 44, 51]
[13, 14, 35, 40, 16, 42, 17, 50, 44]
[13, 14, 16, 37, 17, 38, 43, 50, 44]
[13, 14, 35, 37, 17, 43, 50, 52, 44]
[13, 14, 40, 42, 17, 38, 50, 52, 44]
[13, 34, 16, 42, 49, 17, 18, 39, 44]
[13, 34, 35, 40, 16, 37, 42, 17, 44]
[13, 34, 35, 16, 42, 17, 39, 44, 53]
[13, 34, 49, 17, 43, 52, 18, 44, 53]
[13, 34, 40, 37, 42, 17, 38, 52, 44]
[13, 34, 42, 17, 38, 52, 39, 44, 53]
[34, 14, 37, 17, 18, 39, 44, 53, 54]
[40, 16, 37, 42, 17, 18, 44, 51, 53]
[35, 42, 17, 38, 52, 18, 39, 44, 51]
[42, 49, 17, 38, 43, 50, 44, 53, 54]
[10, 34, 14, 35, 37, 17, 18, 39, 44, 51]
[10, 34, 14, 35, 40, 17, 18, 44, 51, 53]
[10, 16, 17, 38, 50, 52, 18, 39, 44, 51]
[10, 16, 42, 49, 17, 43, 50, 52, 44, 51]
[10, 35, 40, 37, 17, 50, 18, 44, 51, 53]
[10, 35, 42, 49, 17, 38, 43, 50, 44, 51]
[13, 14, 35, 40, 16, 17, 38, 50, 18, 44]
[13, 14, 16, 37, 42, 17, 43, 50, 18, 44]
[13, 14, 16, 37, 49, 17, 38, 50, 39, 44]
[13, 14, 40, 16, 49, 17, 38, 50, 44, 53]
[13, 14, 37, 17, 50, 52, 18, 39, 44, 53]
[13, 14, 35, 37, 49, 17, 50, 52, 39, 44]
[13, 14, 35, 40, 49, 17, 50, 52, 44, 53]
[13, 34, 35, 40, 16, 37, 17, 38, 18, 44]
[13, 34, 35, 16, 17, 38, 18, 39, 44, 53]
[13, 34, 35, 16, 42, 49, 17, 43, 44, 53]
[13, 34, 40, 16, 37, 49, 17, 38, 44, 53]
[13, 34, 35, 42, 17, 38, 43, 52, 18, 44]
[13, 34, 35, 40, 37, 49, 17, 52, 44, 53]
[13, 34, 42, 49, 17, 38, 43, 52, 44, 53]
[34, 14, 35, 40, 16, 42, 17, 52, 44, 54]
[34, 14, 16, 37, 17, 38, 50, 39, 44, 51]
[34, 14, 40, 16, 17, 38, 50, 44, 51, 53]
[34, 14, 37, 49, 17, 43, 18, 44, 53, 54]
[34, 14, 40, 49, 17, 43, 18, 39, 44, 54]
[34, 14, 35, 37, 17, 50, 52, 39, 44, 51]
[34, 14, 35, 40, 17, 50, 52, 44, 51, 53]
[34, 14, 37, 42, 17, 38, 39, 44, 53, 54]
[35, 40, 16, 37, 42, 17, 50, 52, 44, 54]
[35, 16, 42, 17, 50, 52, 39, 44, 53, 54]
[35, 42, 49, 17, 38, 43, 52, 18, 44, 51]
[40, 37, 49, 17, 43, 50, 18, 39, 44, 54]
[10, 34, 14, 16, 37, 42, 17, 52, 39, 44, 51]
[10, 34, 14, 40, 16, 42, 17, 52, 44, 51, 53]
[10, 34, 14, 35, 37, 49, 17, 43, 18, 44, 51]
[10, 34, 14, 35, 37, 42, 17, 38, 39, 44, 51]
[10, 34, 14, 35, 40, 42, 17, 38, 44, 51, 53]
[10, 16, 49, 17, 38, 43, 50, 52, 18, 44, 51]
[10, 40, 16, 37, 42, 17, 50, 52, 44, 51, 53]
[10, 35, 40, 37, 42, 17, 38, 50, 44, 51, 53]
[13, 14, 16, 37, 42, 49, 17, 50, 18, 39, 44]
[13, 14, 40, 16, 42, 49, 17, 50, 18, 44, 53]
[13, 14, 35, 16, 37, 42, 17, 50, 39, 44, 53]
[13, 14, 40, 16, 17, 38, 43, 50, 39, 44, 53]
[13, 14, 37, 49, 17, 43, 50, 52, 18, 44, 53]
[13, 14, 40, 49, 17, 43, 50, 52, 18, 39, 44]
[13, 14, 35, 40, 17, 43, 50, 52, 39, 44, 53]
[13, 14, 37, 42, 17, 38, 50, 52, 39, 44, 53]
[13, 34, 35, 16, 49, 17, 38, 43, 18, 44, 53]
[13, 34, 40, 16, 37, 42, 49, 17, 18, 44, 53]
[13, 34, 40, 16, 37, 17, 38, 43, 39, 44, 53]
[13, 34, 35, 42, 49, 17, 38, 52, 18, 39, 44]
[13, 34, 40, 37, 49, 17, 43, 52, 18, 39, 44]
[13, 34, 35, 40, 37, 17, 43, 52, 39, 44, 53]
[34, 14, 35, 40, 16, 17, 38, 52, 18, 44, 54]
[34, 14, 16, 37, 42, 17, 50, 18, 39, 44, 51]
[34, 14, 40, 16, 42, 17, 50, 18, 44, 51, 53]
[34, 14, 16, 37, 49, 17, 38, 43, 50, 44, 51]
[34, 14, 35, 37, 49, 17, 43, 50, 52, 44, 51]
[34, 14, 37, 42, 49, 17, 38, 43, 44, 53, 54]
[34, 14, 40, 42, 49, 17, 38, 43, 39, 44, 54]
[35, 40, 16, 37, 17, 38, 50, 52, 18, 44, 54]
[35, 16, 17, 38, 50, 52, 18, 39, 44, 53, 54]
[35, 16, 42, 49, 17, 43, 50, 52, 44, 53, 54]
[40, 16, 37, 49, 17, 38, 43, 39, 44, 51, 53]
[35, 40, 37, 42, 17, 38, 52, 18, 44, 51, 53]
[35, 40, 37, 49, 17, 43, 52, 39, 44, 51, 53]
[40, 37, 42, 49, 17, 38, 43, 50, 39, 44, 54]
[10, 34, 14, 16, 37, 17, 38, 52, 18, 39, 44, 51]
[10, 34, 14, 40, 16, 17, 38, 52, 18, 44, 51, 53]
[10, 34, 14, 16, 37, 42, 49, 17, 43, 52, 44, 51]
[10, 34, 14, 35, 37, 42, 49, 17, 38, 43, 44, 51]
[10, 40, 16, 37, 17, 38, 50, 52, 18, 44, 51, 53]
[13, 14, 35, 16, 37, 17, 38, 50, 18, 39, 44, 53]
[13, 14, 40, 16, 42, 17, 43, 50, 18, 39, 44, 53]
[13, 14, 35, 16, 37, 42, 49, 17, 43, 50, 44, 53]
[13, 14, 35, 40, 16, 42, 49, 17, 43, 50, 39, 44]
[13, 14, 35, 37, 42, 17, 38, 43, 50, 52, 18, 44]
[13, 14, 37, 42, 49, 17, 38, 43, 50, 52, 44, 53]
[13, 14, 40, 42, 49, 17, 38, 43, 50, 52, 39, 44]
[13, 34, 40, 16, 37, 42, 17, 43, 18, 39, 44, 53]
[13, 34, 35, 40, 16, 37, 42, 49, 17, 43, 39, 44]
[13, 34, 40, 37, 42, 49, 17, 38, 43, 52, 39, 44]
[34, 14, 16, 37, 42, 49, 17, 43, 50, 18, 44, 51]
[34, 14, 35, 16, 37, 42, 17, 52, 39, 44, 53, 54]
[35, 16, 49, 17, 38, 43, 50, 52, 18, 44, 53, 54]
[40, 16, 37, 42, 49, 17, 43, 18, 39, 44, 51, 53]
[10, 34, 14, 16, 37, 49, 17, 38, 43, 52, 18, 44, 51]
[10, 34, 14, 35, 40, 49, 17, 43, 18, 39, 44, 51, 53]
[10, 35, 40, 37, 49, 17, 43, 50, 18, 39, 44, 51, 53]
[13, 14, 35, 16, 37, 49, 17, 38, 43, 50, 18, 44, 53]
[13, 14, 35, 40, 16, 49, 17, 38, 43, 50, 18, 39, 44]
[13, 14, 35, 37, 42, 49, 17, 38, 50, 52, 18, 39, 44]
[13, 14, 35, 40, 42, 49, 17, 38, 50, 52, 18, 44, 53]
[13, 34, 35, 40, 16, 37, 49, 17, 38, 43, 18, 39, 44]
[13, 34, 35, 40, 37, 42, 49, 17, 38, 52, 18, 44, 53]
[34, 14, 35, 16, 37, 17, 38, 52, 18, 39, 44, 53, 54]
[34, 14, 35, 16, 37, 42, 49, 17, 43, 52, 44, 53, 54]
[34, 14, 35, 40, 16, 42, 49, 17, 43, 52, 39, 44, 54]
[34, 14, 40, 16, 49, 17, 38, 43, 50, 39, 44, 51, 53]
[34, 14, 35, 37, 42, 17, 38, 50, 52, 18, 39, 44, 51]
[34, 14, 35, 40, 42, 17, 38, 50, 52, 18, 44, 51, 53]
[34, 14, 35, 40, 49, 17, 43, 50, 52, 39, 44, 51, 53]
[35, 40, 16, 37, 42, 49, 17, 43, 50, 52, 39, 44, 54]
[10, 34, 14, 40, 16, 42, 49, 17, 43, 52, 39, 44, 51, 53]
[10, 34, 14, 35, 40, 42, 49, 17, 38, 43, 39, 44, 51, 53]
[10, 40, 16, 37, 42, 49, 17, 43, 50, 52, 39, 44, 51, 53]
[10, 35, 40, 37, 42, 49, 17, 38, 43, 50, 39, 44, 51, 53]
[13, 14, 35, 40, 42, 17, 38, 43, 50, 52, 18, 39, 44, 53]
[13, 34, 35, 40, 37, 42, 17, 38, 43, 52, 18, 39, 44, 53]
[34, 14, 35, 16, 37, 49, 17, 38, 43, 52, 18, 44, 53, 54]
[34, 14, 35, 40, 16, 49, 17, 38, 43, 52, 18, 39, 44, 54]
[34, 14, 40, 16, 42, 49, 17, 43, 50, 18, 39, 44, 51, 53]
[34, 14, 35, 37, 42, 49, 17, 38, 43, 50, 52, 18, 44, 51]
[35, 40, 16, 37, 49, 17, 38, 43, 50, 52, 18, 39, 44, 54]
[35, 40, 37, 42, 49, 17, 38, 43, 52, 18, 39, 44, 51, 53]
[10, 34, 14, 40, 16, 49, 17, 38, 43, 52, 18, 39, 44, 51, 53]
[10, 40, 16, 37, 49, 17, 38, 43, 50, 52, 18, 39, 44, 51, 53]
[34, 14, 35, 40, 42, 49, 17, 38, 43, 50, 52, 18, 39, 44, 51, 53]
