[[0, 1, 4, 5, 7], [2, 4], [3, 5], [6, 7]]
[14, 40, 17, 44, 54]
[34, 35, 50, 51, 54]
[14, 37, 17, 18, 39, 51, 54]
[34, 16, 17, 38, 43, 51, 54]
[10, 13, 34, 14, 37, 50, 52, 51]
[10, 13, 16, 42, 49, 50, 52, 51]
[10, 13, 35, 17, 52, 18, 39, 51]
[10, 13, 35, 40, 37, 17, 52, 44]
[14, 37, 49, 17, 43, 18, 51, 54]
[14, 40, 42, 17, 38, 18, 44, 54]
[14, 37, 42, 17, 38, 39, 51, 54]
[14, 40, 49, 17, 43, 39, 44, 54]
[34, 16, 42, 17, 43, 18, 51, 54]
[34, 16, 49, 17, 38, 39, 51, 54]
[34, 35, 42, 38, 50, 18, 51, 54]
[34, 35, 49, 43, 50, 39, 51, 54]
[10, 13, 16, 49, 38, 50, 52, 18, 51]
[10, 13, 16, 42, 43, 50, 52, 39, 51]
[10, 13, 35, 49, 17, 43, 52, 18, 51]
[10, 13, 35, 42, 17, 38, 52, 39, 51]
[14, 35, 16, 37, 42, 49, 50, 51, 54]
[14, 35, 40, 16, 38, 43, 50, 44, 54]
[14, 37, 42, 49, 17, 38, 43, 51, 54]
[34, 16, 42, 49, 17, 18, 39, 51, 54]
[34, 40, 16, 37, 42, 49, 17, 44, 54]
[34, 35, 40, 37, 50, 18, 39, 44, 54]
[10, 13, 34, 14, 40, 50, 52, 18, 39, 44]
[10, 13, 16, 38, 43, 50, 52, 18, 39, 51]
[10, 13, 40, 16, 37, 38, 43, 50, 52, 44]
[10, 13, 35, 42, 49, 17, 38, 43, 52, 51]
[14, 35, 16, 37, 49, 38, 50, 18, 51, 54]
[14, 35, 40, 16, 42, 43, 50, 18, 44, 54]
[14, 35, 16, 37, 42, 43, 50, 39, 51, 54]
[14, 35, 40, 16, 49, 38, 50, 39, 44, 54]
[34, 40, 16, 37, 49, 17, 38, 18, 44, 54]
[34, 40, 16, 37, 42, 17, 43, 39, 44, 54]
[34, 35, 40, 37, 49, 43, 50, 18, 44, 54]
[34, 35, 40, 37, 42, 38, 50, 39, 44, 54]
[10, 13, 34, 14, 37, 42, 38, 50, 52, 18, 51]
[10, 13, 34, 14, 40, 49, 43, 50, 52, 18, 44]
[10, 13, 34, 14, 37, 49, 43, 50, 52, 39, 51]
[10, 13, 34, 14, 40, 42, 38, 50, 52, 39, 44]
[10, 13, 40, 16, 37, 42, 43, 50, 52, 18, 44]
[10, 13, 40, 16, 37, 49, 38, 50, 52, 39, 44]
[10, 13, 35, 40, 37, 42, 17, 38, 52, 18, 44]
[10, 13, 35, 40, 37, 49, 17, 43, 52, 39, 44]
[14, 35, 16, 37, 38, 43, 50, 18, 39, 51, 54]
[14, 35, 40, 16, 42, 49, 50, 18, 39, 44, 54]
[14, 40, 42, 49, 17, 38, 43, 18, 39, 44, 54]
[34, 40, 16, 37, 17, 38, 43, 18, 39, 44, 54]
[34, 35, 42, 49, 38, 43, 50, 18, 39, 51, 54]
[34, 35, 40, 37, 42, 49, 38, 43, 50, 44, 54]
[10, 13, 34, 14, 35, 16, 37, 17, 38, 43, 52, 51]
[10, 13, 34, 14, 35, 40, 16, 42, 49, 17, 52, 44]
[10, 13, 34, 14, 40, 42, 49, 38, 43, 50, 52, 44]
[10, 13, 40, 16, 37, 42, 49, 50, 52, 18, 39, 44]
[10, 13, 34, 14, 35, 16, 37, 42, 17, 43, 52, 18, 51]
[10, 13, 34, 14, 35, 40, 16, 49, 17, 38, 52, 18, 44]
[10, 13, 34, 14, 35, 16, 37, 49, 17, 38, 52, 39, 51]
[10, 13, 34, 14, 35, 40, 16, 42, 17, 43, 52, 39, 44]
[10, 13, 34, 14, 35, 16, 37, 42, 49, 17, 52, 18, 39, 51]
[10, 13, 34, 14, 35, 40, 16, 17, 38, 43, 52, 18, 39, 44]
[10, 13, 34, 14, 37, 42, 49, 38, 43, 50, 52, 18, 39, 51]
[10, 13, 35, 40, 37, 42, 49, 17, 38, 43, 52, 18, 39, 44]
