[[0, 1, 4, 5, 7], [2, 4], [3, 5], [6, 7]]
[34, 40, 52, 39]
[10, 13, 16, 18, 54]
[34, 40, 49, 43, 52]
[10, 13, 16, 42, 38, 54]
[10, 34, 14, 40, 52, 39]
[34, 37, 52, 18, 44, 51]
[10, 13, 14, 40, 16, 18, 54]
[10, 34, 14, 40, 49, 43, 52]
[10, 40, 16, 37, 42, 43, 52]
[10, 16, 49, 38, 52, 44, 51]
[14, 40, 16, 37, 42, 43, 52]
[14, 16, 49, 38, 52, 44, 51]
[34, 40, 42, 38, 52, 18, 39]
[34, 37, 42, 38, 52, 44, 51]
[10, 13, 14, 40, 16, 42, 38, 54]
[10, 13, 34, 14, 37, 49, 38, 54]
[10, 13, 16, 49, 43, 18, 39, 54]
[10, 13, 35, 42, 17, 43, 50, 54]
[10, 13, 34, 40, 37, 49, 38, 54]
[10, 13, 34, 42, 43, 44, 51, 54]
[10, 34, 14, 37, 52, 18, 44, 51]
[10, 40, 16, 37, 38, 43, 52, 18]
[10, 16, 42, 49, 52, 18, 44, 51]
[10, 40, 16, 37, 42, 49, 52, 39]
[10, 16, 38, 43, 52, 39, 44, 51]
[10, 35, 40, 37, 17, 50, 52, 18]
[10, 35, 17, 50, 52, 39, 44, 51]
[14, 40, 16, 37, 38, 43, 52, 18]
[14, 16, 42, 49, 52, 18, 44, 51]
[14, 40, 16, 37, 42, 49, 52, 39]
[14, 16, 38, 43, 52, 39, 44, 51]
[14, 35, 40, 37, 17, 50, 52, 18]
[14, 35, 17, 50, 52, 39, 44, 51]
[34, 40, 42, 49, 38, 43, 52, 18]
[10, 13, 14, 16, 37, 39, 44, 51, 54]
[10, 13, 34, 14, 37, 42, 49, 18, 54]
[10, 13, 34, 14, 37, 38, 43, 39, 54]
[10, 13, 40, 16, 37, 39, 44, 51, 54]
[10, 13, 16, 42, 49, 38, 43, 39, 54]
[10, 13, 35, 17, 38, 43, 50, 18, 54]
[10, 13, 35, 42, 49, 17, 50, 39, 54]
[10, 13, 34, 40, 37, 42, 49, 18, 54]
[10, 13, 34, 38, 43, 18, 44, 51, 54]
[10, 13, 34, 40, 37, 38, 43, 39, 54]
[10, 13, 34, 42, 49, 39, 44, 51, 54]
[10, 34, 14, 40, 42, 38, 52, 18, 39]
[10, 34, 14, 37, 42, 38, 52, 44, 51]
[10, 40, 16, 37, 49, 38, 52, 18, 39]
[10, 16, 42, 43, 52, 18, 39, 44, 51]
[10, 35, 40, 37, 42, 17, 38, 50, 52]
[10, 35, 49, 17, 43, 50, 52, 44, 51]
[14, 40, 16, 37, 49, 38, 52, 18, 39]
[14, 16, 42, 43, 52, 18, 39, 44, 51]
[14, 35, 40, 37, 42, 17, 38, 50, 52]
[14, 35, 49, 17, 43, 50, 52, 44, 51]
[34, 35, 40, 16, 49, 17, 38, 50, 52]
[34, 37, 49, 43, 52, 18, 39, 44, 51]
[10, 13, 14, 40, 16, 49, 43, 18, 39, 54]
[10, 13, 14, 16, 37, 49, 43, 44, 51, 54]
[10, 13, 14, 35, 40, 42, 17, 43, 50, 54]
[10, 13, 34, 14, 37, 42, 43, 18, 39, 54]
[10, 13, 34, 14, 40, 42, 43, 44, 51, 54]
[10, 13, 40, 16, 37, 49, 43, 44, 51, 54]
[10, 13, 35, 49, 17, 38, 50, 18, 39, 54]
[10, 13, 34, 40, 37, 42, 43, 18, 39, 54]
[10, 13, 34, 49, 38, 18, 39, 44, 51, 54]
[10, 34, 14, 40, 42, 49, 38, 43, 52, 18]
[34, 35, 40, 16, 42, 49, 17, 50, 52, 18]
[34, 35, 40, 16, 17, 38, 43, 50, 52, 39]
[34, 37, 42, 49, 38, 43, 52, 39, 44, 51]
[10, 13, 34, 14, 35, 16, 37, 17, 50, 39, 54]
[10, 13, 14, 40, 16, 42, 49, 38, 43, 39, 54]
[10, 13, 14, 35, 40, 17, 38, 43, 50, 18, 54]
[10, 13, 14, 35, 40, 42, 49, 17, 50, 39, 54]
[10, 13, 34, 14, 40, 38, 43, 18, 44, 51, 54]
[10, 13, 34, 14, 40, 42, 49, 39, 44, 51, 54]
[10, 13, 34, 35, 16, 17, 50, 18, 44, 51, 54]
[10, 13, 34, 35, 40, 16, 37, 17, 50, 39, 54]
[10, 34, 14, 35, 40, 16, 49, 17, 38, 50, 52]
[10, 34, 14, 37, 49, 43, 52, 18, 39, 44, 51]
[10, 35, 40, 37, 49, 17, 43, 50, 52, 18, 39]
[10, 35, 42, 17, 38, 50, 52, 18, 39, 44, 51]
[14, 35, 40, 37, 49, 17, 43, 50, 52, 18, 39]
[14, 35, 42, 17, 38, 50, 52, 18, 39, 44, 51]
[34, 35, 40, 16, 42, 17, 43, 50, 52, 18, 39]
[34, 35, 16, 37, 42, 17, 43, 50, 52, 44, 51]
[10, 13, 34, 14, 35, 16, 37, 49, 17, 43, 50, 54]
[10, 13, 14, 16, 37, 42, 38, 18, 39, 44, 51, 54]
[10, 13, 14, 35, 40, 49, 17, 38, 50, 18, 39, 54]
[10, 13, 14, 35, 37, 49, 17, 38, 50, 44, 51, 54]
[10, 13, 34, 14, 40, 49, 38, 18, 39, 44, 51, 54]
[10, 13, 34, 35, 40, 16, 37, 49, 17, 43, 50, 54]
[10, 13, 34, 35, 16, 42, 17, 38, 50, 44, 51, 54]
[10, 13, 40, 16, 37, 42, 38, 18, 39, 44, 51, 54]
[10, 13, 35, 40, 37, 49, 17, 38, 50, 44, 51, 54]
[10, 34, 14, 35, 40, 16, 42, 49, 17, 50, 52, 18]
[10, 34, 14, 35, 40, 16, 17, 38, 43, 50, 52, 39]
[10, 34, 14, 37, 42, 49, 38, 43, 52, 39, 44, 51]
[10, 35, 42, 49, 17, 38, 43, 50, 52, 18, 44, 51]
[10, 35, 40, 37, 42, 49, 17, 38, 43, 50, 52, 39]
[14, 35, 42, 49, 17, 38, 43, 50, 52, 18, 44, 51]
[14, 35, 40, 37, 42, 49, 17, 38, 43, 50, 52, 39]
[34, 35, 16, 37, 17, 38, 43, 50, 52, 18, 44, 51]
[34, 35, 16, 37, 42, 49, 17, 50, 52, 39, 44, 51]
[10, 13, 34, 14, 35, 40, 16, 17, 50, 18, 44, 51, 54]
[10, 13, 14, 16, 37, 42, 49, 38, 43, 18, 44, 51, 54]
[10, 13, 14, 35, 37, 42, 49, 17, 50, 18, 44, 51, 54]
[10, 13, 14, 35, 37, 17, 38, 43, 50, 39, 44, 51, 54]
[10, 13, 40, 16, 37, 42, 49, 38, 43, 18, 44, 51, 54]
[10, 13, 35, 40, 37, 42, 49, 17, 50, 18, 44, 51, 54]
[10, 13, 35, 40, 37, 17, 38, 43, 50, 39, 44, 51, 54]
[10, 34, 14, 35, 40, 16, 42, 17, 43, 50, 52, 18, 39]
[10, 34, 14, 35, 16, 37, 42, 17, 43, 50, 52, 44, 51]
[34, 35, 16, 37, 49, 17, 38, 50, 52, 18, 39, 44, 51]
[10, 13, 34, 14, 35, 16, 37, 42, 17, 38, 50, 18, 39, 54]
[10, 13, 34, 14, 35, 40, 16, 42, 17, 38, 50, 44, 51, 54]
[10, 13, 14, 35, 37, 42, 17, 43, 50, 18, 39, 44, 51, 54]
[10, 13, 34, 35, 40, 16, 37, 42, 17, 38, 50, 18, 39, 54]
[10, 13, 34, 35, 16, 49, 17, 43, 50, 18, 39, 44, 51, 54]
[10, 13, 35, 40, 37, 42, 17, 43, 50, 18, 39, 44, 51, 54]
[10, 34, 14, 35, 16, 37, 17, 38, 43, 50, 52, 18, 44, 51]
[10, 34, 14, 35, 16, 37, 42, 49, 17, 50, 52, 39, 44, 51]
[10, 13, 34, 14, 35, 16, 37, 42, 49, 17, 38, 43, 50, 18, 54]
[10, 13, 34, 35, 40, 16, 37, 42, 49, 17, 38, 43, 50, 18, 54]
[10, 13, 34, 35, 16, 42, 49, 17, 38, 43, 50, 39, 44, 51, 54]
[10, 34, 14, 35, 16, 37, 49, 17, 38, 50, 52, 18, 39, 44, 51]
[10, 13, 34, 14, 35, 40, 16, 49, 17, 43, 50, 18, 39, 44, 51, 54]
[10, 13, 34, 14, 35, 40, 16, 42, 49, 17, 38, 43, 50, 39, 44, 51, 54]
