[[2, 7], [3, 5], [4, 7], [6, 7]]
[0, 43, 52]
[10, 14, 54]
[0, 42, 52, 9]
[0, 10, 14, 54]
[0, 43, 52, 54]
[0, 49, 52, 51]
[1, 16, 52, 9]
[10, 7, 49, 54]
[10, 42, 9, 54]
[10, 50, 9, 53]
[0, 10, 7, 49, 54]
[0, 10, 7, 52, 51]
[0, 14, 7, 52, 51]
[0, 16, 8, 52, 9]
[0, 50, 52, 9, 18]
[0, 40, 52, 9, 51]
[0, 42, 52, 9, 44]
[0, 10, 14, 18, 53]
[0, 10, 14, 43, 52]
[0, 10, 16, 49, 52]
[0, 40, 42, 49, 52]
[0, 49, 52, 51, 54]
[1, 42, 8, 52, 9]
[1, 8, 43, 52, 54]
[1, 40, 16, 49, 52]
[10, 5, 42, 9, 54]
[10, 5, 42, 49, 52]
[10, 40, 7, 9, 54]
[10, 7, 43, 51, 54]
[10, 7, 52, 51, 54]
[10, 16, 8, 9, 54]
[10, 42, 9, 18, 53]
[10, 50, 9, 18, 54]
[10, 14, 43, 52, 54]
[10, 40, 42, 49, 54]
[10, 40, 49, 50, 53]
[10, 42, 49, 52, 44]
[10, 49, 50, 52, 54]
[0, 10, 40, 7, 9, 54]
[0, 10, 14, 7, 16, 52]
[0, 10, 7, 49, 18, 53]
[0, 10, 7, 49, 43, 52]
[0, 10, 7, 43, 51, 54]
[0, 14, 40, 7, 42, 52]
[0, 14, 7, 49, 43, 52]
[0, 14, 7, 52, 51, 54]
[0, 16, 8, 52, 9, 44]
[0, 10, 42, 49, 8, 52]
[0, 40, 16, 49, 8, 52]
[0, 16, 42, 8, 43, 52]
[0, 10, 40, 16, 52, 9]
[0, 10, 16, 9, 44, 53]
[0, 50, 52, 9, 18, 44]
[0, 40, 49, 43, 52, 9]
[0, 40, 52, 9, 51, 54]
[0, 10, 14, 42, 50, 53]
[0, 10, 14, 49, 52, 51]
[0, 10, 16, 43, 52, 51]
[0, 40, 49, 50, 52, 18]
[0, 42, 43, 50, 52, 18]
[0, 40, 42, 43, 52, 51]
[0, 40, 42, 49, 52, 44]
[1, 5, 50, 52, 9, 54]
[1, 14, 40, 7, 16, 52]
[1, 8, 50, 52, 9, 18]
[1, 40, 42, 49, 8, 52]
[1, 49, 8, 52, 51, 54]
[1, 40, 16, 43, 52, 51]
[1, 16, 42, 43, 52, 54]
[10, 5, 14, 7, 42, 52]
[10, 5, 16, 8, 9, 54]
[10, 5, 16, 49, 8, 52]
[10, 5, 50, 9, 18, 54]
[10, 5, 40, 42, 52, 9]
[10, 5, 49, 50, 52, 18]
[10, 5, 40, 42, 49, 54]
[10, 5, 42, 43, 52, 51]
[10, 14, 40, 7, 42, 54]
[10, 14, 40, 7, 50, 53]
[10, 14, 7, 42, 52, 44]
[10, 14, 7, 50, 52, 54]
[10, 7, 49, 43, 52, 54]
[10, 16, 8, 9, 18, 53]
[10, 14, 16, 42, 8, 54]
[10, 40, 16, 49, 8, 54]
[10, 16, 49, 8, 52, 44]
[10, 14, 40, 49, 9, 54]
[10, 40, 42, 52, 9, 44]
[10, 40, 50, 52, 9, 54]
[10, 14, 42, 50, 18, 54]
[10, 14, 49, 43, 51, 54]
[10, 14, 49, 52, 51, 54]
[10, 40, 42, 49, 18, 53]
[10, 40, 49, 50, 18, 54]
[10, 42, 49, 52, 18, 54]
[10, 49, 50, 52, 18, 44]
[10, 40, 42, 43, 51, 54]
[10, 40, 43, 50, 51, 53]
[10, 42, 43, 52, 44, 51]
[10, 43, 50, 52, 51, 54]
[0, 10, 5, 14, 8, 44, 53]
[0, 10, 14, 7, 42, 8, 52]
[0, 14, 40, 7, 16, 8, 52]
[0, 10, 40, 7, 9, 18, 53]
[0, 10, 40, 7, 43, 52, 9]
[0, 14, 40, 7, 43, 52, 9]
[0, 14, 7, 42, 49, 52, 9]
[0, 10, 7, 43, 18, 51, 53]
[0, 10, 7, 42, 49, 50, 53]
[0, 14, 40, 7, 50, 52, 18]
[0, 14, 40, 7, 42, 52, 44]
[0, 14, 7, 49, 43, 52, 54]
[0, 10, 40, 42, 8, 52, 9]
[0, 10, 42, 8, 9, 44, 53]
[0, 10, 14, 16, 42, 8, 54]
[0, 10, 14, 16, 8, 50, 53]
[0, 10, 49, 8, 50, 52, 18]
[0, 10, 42, 8, 43, 52, 51]
[0, 16, 8, 43, 50, 52, 18]
[0, 40, 16, 8, 43, 52, 51]
[0, 40, 16, 49, 8, 52, 44]
[0, 16, 42, 8, 43, 52, 54]
[0, 16, 42, 49, 8, 52, 51]
[0, 10, 14, 40, 49, 9, 54]
[0, 10, 14, 40, 52, 9, 51]
[0, 40, 49, 43, 52, 9, 54]
[0, 42, 49, 43, 52, 9, 51]
[0, 10, 14, 42, 50, 18, 54]
[0, 10, 14, 49, 43, 51, 54]
[0, 10, 40, 16, 49, 44, 53]
[0, 40, 43, 50, 52, 18, 51]
[0, 40, 49, 50, 52, 18, 44]
[0, 42, 43, 50, 52, 18, 54]
[0, 42, 49, 50, 52, 18, 51]
[0, 40, 42, 43, 52, 44, 51]
[1, 5, 42, 52, 9, 18, 54]
[1, 5, 43, 52, 18, 44, 54]
[1, 5, 40, 49, 50, 52, 54]
[1, 14, 40, 7, 42, 8, 52]
[1, 14, 7, 8, 52, 51, 54]
[1, 14, 7, 16, 49, 52, 9]
[1, 40, 8, 52, 9, 51, 54]
[1, 40, 49, 8, 50, 52, 18]
[1, 40, 42, 8, 43, 52, 51]
[1, 16, 42, 50, 52, 9, 18]
[1, 16, 49, 43, 52, 9, 51]
[1, 16, 43, 50, 52, 18, 54]
[1, 16, 42, 49, 52, 51, 54]
[10, 5, 14, 7, 16, 8, 52]
[10, 5, 14, 7, 50, 52, 18]
[10, 5, 14, 40, 7, 42, 54]
[10, 5, 40, 16, 8, 52, 9]
[10, 5, 40, 16, 49, 8, 54]
[10, 5, 16, 8, 43, 52, 51]
[10, 5, 40, 50, 52, 9, 18]
[10, 5, 40, 49, 50, 18, 54]
[10, 5, 43, 50, 52, 18, 51]
[10, 5, 40, 42, 43, 51, 54]
[10, 14, 40, 7, 16, 8, 54]
[10, 14, 7, 16, 8, 52, 44]
[10, 7, 16, 42, 49, 8, 54]
[10, 14, 7, 42, 49, 9, 54]
[10, 14, 7, 49, 50, 9, 53]
[10, 40, 7, 43, 52, 9, 54]
[10, 14, 40, 7, 42, 18, 53]
[10, 14, 40, 7, 50, 18, 54]
[10, 14, 7, 42, 52, 18, 54]
[10, 14, 7, 50, 52, 18, 44]
[10, 7, 42, 49, 50, 18, 54]
[10, 40, 16, 8, 52, 9, 44]
[10, 16, 42, 8, 50, 9, 53]
[10, 14, 16, 8, 50, 18, 54]
[10, 40, 16, 49, 8, 18, 53]
[10, 16, 49, 8, 52, 18, 54]
[10, 40, 16, 8, 43, 51, 54]
[10, 16, 8, 43, 52, 44, 51]
[10, 14, 40, 43, 9, 51, 54]
[10, 14, 40, 52, 9, 51, 54]
[10, 40, 42, 52, 9, 18, 54]
[10, 40, 50, 52, 9, 18, 44]
[10, 42, 49, 43, 9, 51, 54]
[10, 49, 43, 50, 9, 51, 53]
[10, 40, 42, 43, 18, 51, 53]
[10, 40, 43, 50, 18, 51, 54]
[10, 42, 43, 52, 18, 51, 54]
[10, 43, 50, 52, 18, 44, 51]
[0, 10, 5, 7, 49, 8, 44, 53]
[0, 10, 5, 7, 8, 52, 51, 54]
[0, 10, 5, 14, 8, 43, 52, 54]
[0, 10, 5, 14, 16, 42, 44, 53]
[0, 14, 7, 16, 49, 8, 52, 9]
[0, 10, 14, 7, 8, 50, 52, 18]
[0, 10, 7, 16, 42, 49, 8, 54]
[0, 10, 7, 16, 42, 8, 52, 51]
[0, 10, 7, 16, 49, 8, 50, 53]
[0, 14, 40, 7, 16, 8, 52, 44]
[0, 14, 7, 16, 42, 8, 52, 51]
[0, 10, 40, 7, 42, 50, 9, 53]
[0, 10, 40, 7, 49, 52, 9, 51]
[0, 14, 7, 49, 50, 52, 9, 18]
[0, 14, 40, 7, 43, 52, 9, 54]
[0, 14, 40, 7, 49, 52, 9, 51]
[0, 14, 7, 42, 43, 52, 9, 51]
[0, 14, 7, 42, 49, 52, 9, 44]
[0, 10, 14, 40, 7, 16, 44, 53]
[0, 10, 7, 42, 49, 50, 18, 54]
[0, 10, 7, 42, 50, 52, 18, 51]
[0, 10, 7, 52, 18, 44, 51, 54]
[0, 10, 7, 42, 43, 50, 51, 53]
[0, 14, 40, 7, 50, 52, 18, 44]
[0, 14, 7, 42, 50, 52, 18, 51]
[0, 10, 40, 8, 50, 52, 9, 18]
[0, 10, 8, 50, 9, 18, 44, 53]
[0, 16, 42, 8, 50, 52, 9, 18]
[0, 40, 16, 42, 8, 52, 9, 51]
[0, 16, 49, 8, 43, 52, 9, 51]
[0, 10, 14, 16, 42, 8, 18, 53]
[0, 10, 14, 16, 8, 50, 18, 54]
[0, 10, 14, 16, 42, 8, 43, 52]
[0, 10, 8, 43, 50, 52, 18, 51]
[0, 10, 40, 42, 49, 8, 44, 53]
[0, 16, 8, 43, 50, 52, 18, 54]
[0, 16, 49, 8, 50, 52, 18, 51]
[0, 40, 16, 8, 43, 52, 44, 51]
[0, 16, 42, 49, 8, 52, 51, 54]
[0, 10, 14, 40, 49, 9, 18, 53]
[0, 10, 14, 40, 49, 43, 52, 9]
[0, 10, 14, 40, 43, 9, 51, 54]
[0, 40, 42, 50, 52, 9, 18, 51]
[0, 49, 43, 50, 52, 9, 18, 51]
[0, 42, 49, 43, 52, 9, 44, 51]
[0, 10, 14, 42, 43, 50, 52, 18]
[0, 10, 14, 43, 52, 18, 44, 54]
[0, 10, 14, 49, 43, 18, 51, 53]
[0, 10, 16, 42, 49, 50, 52, 18]
[0, 10, 40, 16, 43, 44, 51, 53]
[0, 40, 43, 50, 52, 18, 44, 51]
[0, 42, 49, 50, 52, 18, 51, 54]
[1, 5, 14, 40, 7, 50, 52, 54]
[1, 5, 16, 8, 52, 9, 18, 54]
[1, 5, 40, 42, 49, 52, 18, 54]
[1, 5, 49, 52, 18, 44, 51, 54]
[1, 5, 40, 43, 50, 52, 51, 54]
[1, 5, 42, 43, 50, 52, 44, 54]
[1, 14, 7, 42, 49, 8, 52, 9]
[1, 14, 40, 7, 8, 50, 52, 18]
[1, 14, 7, 49, 8, 43, 52, 54]
[1, 14, 7, 16, 43, 52, 9, 51]
[1, 14, 7, 16, 42, 52, 51, 54]
[1, 40, 49, 8, 43, 52, 9, 54]
[1, 42, 49, 8, 43, 52, 9, 51]
[1, 40, 8, 43, 50, 52, 18, 51]
[1, 42, 8, 43, 50, 52, 18, 54]
[1, 40, 16, 42, 52, 9, 51, 54]
[1, 40, 16, 42, 49, 50, 52, 18]
[1, 16, 49, 50, 52, 18, 51, 54]
[10, 5, 14, 40, 7, 16, 8, 54]
[10, 5, 14, 7, 42, 49, 9, 54]
[10, 5, 14, 40, 7, 50, 18, 54]
[10, 5, 40, 16, 8, 43, 51, 54]
[10, 5, 42, 49, 43, 9, 51, 54]
[10, 5, 40, 43, 50, 18, 51, 54]
[10, 14, 7, 16, 49, 8, 9, 54]
[10, 40, 7, 16, 42, 8, 9, 54]
[10, 14, 40, 7, 16, 8, 18, 53]
[10, 14, 7, 16, 8, 52, 18, 54]
[10, 7, 16, 49, 8, 50, 18, 54]
[10, 7, 16, 42, 8, 43, 51, 54]
[10, 7, 16, 42, 8, 52, 51, 54]
[10, 14, 7, 42, 49, 9, 18, 53]
[10, 14, 7, 49, 50, 9, 18, 54]
[10, 14, 7, 42, 43, 9, 51, 54]
[10, 14, 7, 43, 50, 9, 51, 53]
[10, 40, 7, 42, 50, 9, 18, 54]
[10, 40, 7, 49, 43, 9, 51, 54]
[10, 40, 7, 49, 52, 9, 51, 54]
[10, 7, 42, 43, 50, 18, 51, 54]
[10, 7, 42, 50, 52, 18, 51, 54]
[10, 40, 16, 8, 52, 9, 18, 54]
[10, 16, 42, 8, 50, 9, 18, 54]
[10, 16, 49, 8, 43, 9, 51, 54]
[10, 14, 16, 42, 8, 43, 52, 54]
[10, 40, 16, 8, 43, 18, 51, 53]
[10, 16, 8, 43, 52, 18, 51, 54]
[10, 40, 16, 42, 49, 8, 50, 53]
[10, 16, 42, 49, 8, 50, 52, 54]
[10, 14, 40, 49, 43, 52, 9, 54]
[10, 42, 49, 43, 9, 18, 51, 53]
[10, 49, 43, 50, 9, 18, 51, 54]
[10, 14, 42, 43, 50, 52, 18, 54]
[0, 10, 5, 40, 7, 8, 9, 44, 53]
[0, 10, 5, 7, 8, 43, 44, 51, 53]
[0, 10, 5, 7, 49, 8, 43, 52, 54]
[0, 10, 5, 7, 16, 42, 49, 44, 53]
[0, 10, 5, 7, 16, 42, 52, 51, 54]
[0, 10, 5, 14, 49, 8, 52, 51, 54]
[0, 10, 5, 14, 16, 50, 18, 44, 53]
[0, 10, 5, 14, 16, 42, 43, 52, 54]
[0, 10, 40, 7, 16, 42, 8, 9, 54]
[0, 10, 40, 7, 16, 8, 50, 9, 53]
[0, 14, 7, 16, 8, 43, 52, 9, 51]
[0, 14, 7, 16, 49, 8, 52, 9, 44]
[0, 10, 14, 40, 7, 42, 8, 44, 53]
[0, 10, 7, 16, 42, 49, 8, 18, 53]
[0, 10, 7, 16, 49, 8, 50, 18, 54]
[0, 10, 7, 16, 8, 50, 52, 18, 51]
[0, 10, 7, 16, 42, 49, 8, 43, 52]
[0, 10, 7, 16, 42, 8, 43, 51, 54]
[0, 10, 7, 16, 8, 43, 50, 51, 53]
[0, 14, 7, 16, 8, 50, 52, 18, 51]
[0, 14, 7, 16, 42, 49, 8, 43, 52]
[0, 14, 7, 16, 42, 8, 52, 51, 54]
[0, 10, 14, 40, 7, 16, 49, 52, 9]
[0, 10, 14, 7, 16, 49, 9, 44, 53]
[0, 10, 40, 7, 42, 50, 9, 18, 54]
[0, 10, 40, 7, 49, 43, 9, 51, 54]
[0, 14, 7, 43, 50, 52, 9, 18, 51]
[0, 14, 7, 49, 50, 52, 9, 18, 44]
[0, 14, 40, 7, 49, 52, 9, 51, 54]
[0, 14, 7, 42, 43, 52, 9, 44, 51]
[0, 10, 14, 7, 16, 42, 50, 52, 18]
[0, 10, 14, 7, 16, 49, 43, 52, 51]
[0, 10, 7, 42, 49, 43, 50, 52, 18]
[0, 10, 7, 42, 43, 50, 18, 51, 54]
[0, 10, 7, 49, 43, 52, 18, 44, 54]
[0, 10, 7, 42, 50, 52, 44, 51, 54]
[0, 14, 7, 42, 49, 43, 50, 52, 18]
[0, 14, 7, 42, 50, 52, 18, 51, 54]
[0, 14, 40, 7, 42, 49, 43, 52, 51]
[0, 40, 16, 8, 50, 52, 9, 18, 51]
[0, 16, 42, 8, 50, 52, 9, 18, 44]
[0, 40, 16, 42, 49, 8, 43, 52, 9]
[0, 40, 16, 42, 8, 52, 9, 51, 54]
[0, 16, 49, 8, 43, 52, 9, 44, 51]
[0, 10, 14, 16, 8, 43, 50, 52, 18]
[0, 10, 14, 16, 42, 49, 8, 52, 51]
[0, 10, 40, 49, 8, 50, 18, 44, 53]
[0, 10, 40, 42, 8, 43, 44, 51, 53]
[0, 40, 16, 42, 49, 8, 50, 52, 18]
[0, 16, 49, 8, 50, 52, 18, 51, 54]
[0, 10, 14, 40, 43, 9, 18, 51, 53]
[0, 10, 14, 40, 42, 49, 50, 9, 53]
[0, 10, 40, 16, 42, 50, 52, 9, 18]
[0, 10, 16, 42, 50, 9, 18, 44, 53]
[0, 10, 40, 16, 49, 43, 52, 9, 51]
[0, 10, 16, 49, 43, 9, 44, 51, 53]
[0, 40, 42, 49, 43, 50, 52, 9, 18]
[0, 40, 42, 50, 52, 9, 18, 51, 54]
[0, 49, 43, 50, 52, 9, 18, 44, 51]
[0, 10, 14, 42, 49, 50, 52, 18, 51]
[0, 10, 14, 49, 52, 18, 44, 51, 54]
[0, 10, 14, 42, 43, 50, 52, 44, 54]
[0, 10, 14, 42, 49, 43, 50, 51, 53]
[0, 10, 16, 42, 43, 50, 52, 18, 51]
[1, 5, 14, 7, 49, 50, 52, 9, 54]
[1, 5, 14, 40, 7, 42, 52, 18, 54]
[1, 5, 14, 7, 52, 18, 44, 51, 54]
[1, 5, 16, 42, 8, 50, 52, 9, 54]
[1, 5, 40, 16, 49, 8, 52, 18, 54]
[1, 5, 16, 8, 43, 50, 52, 44, 54]
[1, 5, 40, 52, 9, 18, 44, 51, 54]
[1, 5, 49, 43, 50, 52, 9, 51, 54]
[1, 5, 40, 42, 43, 52, 18, 51, 54]
[1, 5, 42, 49, 50, 52, 44, 51, 54]
[1, 14, 7, 49, 8, 50, 52, 9, 18]
[1, 14, 40, 7, 8, 43, 52, 9, 54]
[1, 14, 7, 42, 8, 43, 52, 9, 51]
[1, 14, 40, 7, 16, 42, 50, 52, 18]
[1, 14, 7, 16, 50, 52, 18, 51, 54]
[1, 14, 40, 7, 16, 49, 43, 52, 51]
[1, 14, 7, 16, 42, 49, 43, 52, 54]
[1, 49, 8, 43, 50, 52, 9, 18, 51]
[1, 42, 49, 8, 50, 52, 18, 51, 54]
[1, 40, 16, 50, 52, 9, 18, 51, 54]
[1, 40, 16, 42, 49, 43, 52, 9, 54]
[1, 40, 16, 42, 43, 50, 52, 18, 51]
[10, 5, 14, 7, 16, 49, 8, 9, 54]
[10, 5, 14, 7, 49, 50, 9, 18, 54]
[10, 5, 14, 40, 7, 42, 49, 52, 9]
[10, 5, 14, 7, 42, 43, 9, 51, 54]
[10, 5, 14, 7, 42, 49, 43, 52, 51]
[10, 5, 16, 42, 8, 50, 9, 18, 54]
[10, 5, 16, 49, 8, 43, 9, 51, 54]
[10, 5, 16, 42, 49, 8, 50, 52, 18]
[10, 5, 49, 43, 50, 9, 18, 51, 54]
[10, 5, 40, 42, 49, 43, 52, 9, 51]
[10, 14, 7, 16, 49, 8, 9, 18, 53]
[10, 14, 7, 16, 8, 43, 9, 51, 54]
[10, 40, 7, 16, 8, 50, 9, 18, 54]
[10, 14, 40, 7, 16, 42, 8, 50, 53]
[10, 14, 7, 16, 42, 8, 50, 52, 54]
[10, 7, 16, 8, 43, 50, 18, 51, 54]
[10, 7, 16, 8, 50, 52, 18, 51, 54]
[10, 7, 16, 42, 49, 8, 43, 52, 54]
[10, 14, 7, 42, 43, 9, 18, 51, 53]
[10, 14, 7, 43, 50, 9, 18, 51, 54]
[10, 14, 40, 7, 42, 49, 52, 9, 44]
[10, 14, 40, 7, 49, 50, 52, 9, 54]
[10, 14, 40, 7, 42, 49, 43, 51, 54]
[10, 14, 40, 7, 49, 43, 50, 51, 53]
[10, 14, 7, 42, 49, 43, 52, 44, 51]
[10, 14, 7, 49, 43, 50, 52, 51, 54]
[10, 7, 42, 49, 43, 50, 52, 18, 54]
[10, 14, 40, 16, 42, 49, 8, 9, 54]
[10, 16, 49, 8, 43, 9, 18, 51, 53]
[10, 40, 16, 42, 8, 50, 52, 9, 54]
[10, 14, 16, 8, 43, 50, 52, 18, 54]
[10, 14, 16, 42, 49, 8, 43, 51, 54]
[10, 14, 16, 42, 49, 8, 52, 51, 54]
[10, 40, 16, 42, 49, 8, 50, 18, 54]
[10, 16, 42, 49, 8, 50, 52, 18, 44]
[10, 40, 16, 42, 8, 43, 50, 51, 53]
[10, 16, 42, 8, 43, 50, 52, 51, 54]
[10, 14, 40, 42, 49, 50, 9, 18, 54]
[10, 40, 42, 49, 43, 52, 9, 44, 51]
[10, 40, 49, 43, 50, 52, 9, 51, 54]
[10, 14, 42, 49, 43, 50, 18, 51, 54]
[10, 14, 42, 49, 50, 52, 18, 51, 54]
[0, 10, 5, 40, 7, 8, 43, 52, 9, 54]
[0, 10, 5, 40, 7, 16, 42, 9, 44, 53]
[0, 10, 5, 7, 16, 49, 50, 18, 44, 53]
[0, 10, 5, 7, 16, 50, 52, 18, 51, 54]
[0, 10, 5, 7, 16, 42, 43, 44, 51, 53]
[0, 10, 5, 7, 16, 42, 49, 43, 52, 54]
[0, 10, 5, 14, 40, 49, 8, 9, 44, 53]
[0, 10, 5, 14, 40, 8, 52, 9, 51, 54]
[0, 10, 5, 14, 42, 8, 50, 18, 44, 53]
[0, 10, 5, 14, 49, 8, 43, 44, 51, 53]
[0, 10, 5, 14, 16, 43, 50, 52, 18, 54]
[0, 10, 5, 14, 16, 42, 49, 52, 51, 54]
[0, 10, 14, 40, 7, 42, 49, 8, 52, 9]
[0, 10, 14, 7, 42, 49, 8, 9, 44, 53]
[0, 10, 40, 7, 16, 42, 8, 9, 18, 53]
[0, 10, 40, 7, 16, 8, 50, 9, 18, 54]
[0, 10, 40, 7, 16, 42, 8, 43, 52, 9]
[0, 14, 40, 7, 16, 42, 8, 43, 52, 9]
[0, 14, 7, 16, 8, 43, 52, 9, 44, 51]
[0, 10, 14, 40, 7, 8, 50, 18, 44, 53]
[0, 10, 14, 7, 42, 49, 8, 43, 52, 51]
[0, 10, 7, 16, 42, 8, 43, 18, 51, 53]
[0, 10, 7, 16, 49, 8, 43, 50, 52, 18]
[0, 10, 7, 16, 8, 43, 50, 18, 51, 54]
[0, 10, 7, 16, 8, 50, 52, 44, 51, 54]
[0, 14, 40, 7, 16, 42, 8, 50, 52, 18]
[0, 14, 7, 16, 49, 8, 43, 50, 52, 18]
[0, 14, 7, 16, 8, 50, 52, 18, 51, 54]
[0, 14, 40, 7, 16, 49, 8, 43, 52, 51]
[0, 14, 7, 16, 42, 49, 8, 43, 52, 54]
[0, 10, 14, 40, 7, 16, 43, 52, 9, 51]
[0, 10, 14, 7, 16, 43, 9, 44, 51, 53]
[0, 10, 40, 7, 42, 43, 50, 52, 9, 18]
[0, 10, 40, 7, 43, 52, 9, 18, 44, 54]
[0, 10, 40, 7, 49, 43, 9, 18, 51, 53]
[0, 14, 40, 7, 42, 43, 50, 52, 9, 18]
[0, 14, 7, 43, 50, 52, 9, 18, 44, 51]
[0, 10, 7, 42, 49, 43, 50, 52, 44, 54]
[0, 14, 40, 7, 49, 43, 50, 52, 18, 51]
[0, 14, 7, 42, 49, 43, 50, 52, 18, 54]
[0, 14, 40, 7, 42, 49, 43, 52, 44, 51]
[0, 10, 14, 40, 16, 42, 49, 8, 9, 54]
[0, 10, 14, 40, 16, 42, 8, 52, 9, 51]
[0, 10, 14, 40, 16, 49, 8, 50, 9, 53]
[0, 10, 40, 42, 49, 8, 43, 52, 9, 51]
[0, 10, 42, 49, 8, 43, 9, 44, 51, 53]
[0, 40, 16, 49, 8, 43, 50, 52, 9, 18]
[0, 40, 16, 8, 50, 52, 9, 18, 51, 54]
[0, 40, 16, 42, 49, 8, 43, 52, 9, 54]
[0, 10, 14, 16, 49, 8, 50, 52, 18, 51]
[0, 10, 14, 16, 42, 49, 8, 43, 51, 54]
[0, 10, 14, 16, 8, 43, 50, 52, 44, 54]
[0, 10, 14, 16, 49, 8, 43, 50, 51, 53]
[0, 10, 40, 8, 43, 50, 18, 44, 51, 53]
[0, 40, 16, 42, 8, 43, 50, 52, 18, 51]
[0, 40, 16, 42, 49, 8, 50, 52, 18, 44]
[0, 10, 14, 40, 42, 49, 50, 9, 18, 54]
[0, 10, 14, 40, 42, 50, 52, 9, 18, 51]
[0, 10, 14, 40, 52, 9, 18, 44, 51, 54]
[0, 10, 14, 40, 42, 43, 50, 9, 51, 53]
[0, 40, 42, 49, 43, 50, 52, 9, 18, 54]
[0, 10, 14, 42, 49, 43, 50, 18, 51, 54]
[0, 10, 14, 42, 49, 50, 52, 44, 51, 54]
[0, 10, 40, 16, 42, 49, 50, 18, 44, 53]
[1, 5, 14, 40, 7, 16, 8, 52, 18, 54]
[1, 5, 14, 7, 42, 49, 52, 9, 18, 54]
[1, 5, 14, 7, 43, 50, 52, 9, 51, 54]
[1, 5, 14, 7, 49, 43, 52, 18, 44, 54]
[1, 5, 14, 7, 42, 50, 52, 44, 51, 54]
[1, 5, 40, 16, 8, 43, 52, 18, 51, 54]
[1, 5, 16, 42, 8, 43, 52, 18, 44, 54]
[1, 5, 40, 16, 42, 49, 8, 50, 52, 54]
[1, 5, 16, 49, 8, 50, 52, 44, 51, 54]
[1, 5, 40, 49, 43, 52, 9, 18, 44, 54]
[1, 5, 42, 49, 43, 52, 9, 18, 51, 54]
[1, 5, 40, 42, 50, 52, 9, 44, 51, 54]
[1, 14, 7, 8, 43, 50, 52, 9, 18, 51]
[1, 14, 40, 7, 49, 8, 52, 9, 51, 54]
[1, 14, 7, 42, 8, 50, 52, 18, 51, 54]
[1, 14, 40, 7, 42, 49, 8, 43, 52, 51]
[1, 14, 7, 16, 42, 49, 50, 52, 9, 18]
[1, 14, 40, 7, 16, 42, 43, 52, 9, 54]
[1, 14, 7, 16, 49, 43, 50, 52, 18, 54]
[1, 40, 42, 8, 50, 52, 9, 18, 51, 54]
[1, 40, 16, 49, 43, 50, 52, 9, 18, 54]
[1, 16, 42, 49, 43, 50, 52, 9, 18, 51]
[10, 5, 14, 40, 7, 16, 49, 8, 52, 9]
[10, 5, 14, 7, 16, 8, 43, 9, 51, 54]
[10, 5, 14, 7, 16, 42, 8, 50, 52, 18]
[10, 5, 14, 7, 16, 49, 8, 43, 52, 51]
[10, 5, 14, 40, 7, 49, 50, 52, 9, 18]
[10, 5, 14, 7, 43, 50, 9, 18, 51, 54]
[10, 5, 14, 40, 7, 42, 43, 52, 9, 51]
[10, 5, 14, 7, 49, 43, 50, 52, 18, 51]
[10, 5, 14, 40, 7, 42, 49, 43, 51, 54]
[10, 5, 40, 16, 42, 8, 50, 52, 9, 18]
[10, 5, 40, 16, 49, 8, 43, 52, 9, 51]
[10, 5, 40, 16, 42, 49, 8, 50, 18, 54]
[10, 5, 16, 42, 8, 43, 50, 52, 18, 51]
[10, 5, 40, 49, 43, 50, 52, 9, 18, 51]
[10, 14, 7, 16, 8, 43, 9, 18, 51, 53]
[10, 14, 40, 7, 16, 49, 8, 52, 9, 44]
[10, 14, 7, 16, 42, 49, 8, 50, 9, 53]
[10, 40, 7, 16, 42, 8, 43, 52, 9, 54]
[10, 14, 40, 7, 16, 42, 8, 50, 18, 54]
[10, 14, 7, 16, 42, 8, 50, 52, 18, 44]
[10, 14, 40, 7, 16, 49, 8, 43, 51, 54]
[10, 14, 7, 16, 49, 8, 43, 52, 44, 51]
[10, 7, 16, 49, 8, 43, 50, 52, 18, 54]
[10, 14, 40, 7, 42, 49, 52, 9, 18, 54]
[10, 14, 40, 7, 49, 50, 52, 9, 18, 44]
[10, 14, 40, 7, 42, 43, 52, 9, 44, 51]
[10, 14, 40, 7, 43, 50, 52, 9, 51, 54]
[10, 40, 7, 42, 43, 50, 52, 9, 18, 54]
[10, 14, 40, 7, 42, 49, 43, 18, 51, 53]
[10, 14, 40, 7, 49, 43, 50, 18, 51, 54]
[10, 14, 7, 42, 49, 43, 52, 18, 51, 54]
[10, 14, 7, 49, 43, 50, 52, 18, 44, 51]
[10, 14, 40, 16, 49, 8, 50, 9, 18, 54]
[10, 14, 40, 16, 42, 8, 43, 9, 51, 54]
[10, 14, 40, 16, 42, 8, 52, 9, 51, 54]
[10, 40, 16, 42, 8, 50, 52, 9, 18, 44]
[10, 40, 16, 49, 8, 43, 52, 9, 44, 51]
[10, 16, 42, 49, 8, 43, 50, 9, 51, 53]
[10, 14, 16, 49, 8, 43, 50, 18, 51, 54]
[10, 14, 16, 49, 8, 50, 52, 18, 51, 54]
[10, 40, 16, 42, 8, 43, 50, 18, 51, 54]
[10, 16, 42, 8, 43, 50, 52, 18, 44, 51]
[10, 14, 40, 42, 43, 50, 9, 18, 51, 54]
[10, 14, 40, 42, 50, 52, 9, 18, 51, 54]
[10, 40, 42, 49, 43, 52, 9, 18, 51, 54]
[10, 40, 49, 43, 50, 52, 9, 18, 44, 51]
[0, 10, 5, 40, 7, 49, 8, 52, 9, 51, 54]
[0, 10, 5, 7, 42, 49, 8, 50, 18, 44, 53]
[0, 10, 5, 7, 42, 8, 50, 52, 18, 51, 54]
[0, 10, 5, 40, 7, 16, 50, 9, 18, 44, 53]
[0, 10, 5, 40, 7, 16, 42, 43, 52, 9, 54]
[0, 10, 5, 7, 16, 43, 50, 18, 44, 51, 53]
[0, 10, 5, 7, 16, 49, 43, 50, 52, 18, 54]
[0, 10, 5, 14, 40, 8, 43, 9, 44, 51, 53]
[0, 10, 5, 14, 40, 49, 8, 43, 52, 9, 54]
[0, 10, 5, 14, 42, 8, 43, 50, 52, 18, 54]
[0, 10, 5, 14, 40, 16, 42, 49, 9, 44, 53]
[0, 10, 5, 14, 40, 16, 42, 52, 9, 51, 54]
[0, 10, 5, 14, 16, 49, 50, 52, 18, 51, 54]
[0, 10, 5, 14, 16, 42, 49, 43, 44, 51, 53]
[0, 10, 14, 40, 7, 49, 8, 50, 52, 9, 18]
[0, 10, 14, 7, 49, 8, 50, 9, 18, 44, 53]
[0, 10, 14, 40, 7, 42, 8, 43, 52, 9, 51]
[0, 10, 14, 7, 42, 8, 43, 9, 44, 51, 53]
[0, 10, 40, 7, 16, 8, 43, 50, 52, 9, 18]
[0, 10, 40, 7, 16, 42, 49, 8, 52, 9, 51]
[0, 14, 40, 7, 16, 8, 43, 50, 52, 9, 18]
[0, 14, 7, 16, 42, 49, 8, 50, 52, 9, 18]
[0, 14, 40, 7, 16, 42, 8, 43, 52, 9, 54]
[0, 14, 40, 7, 16, 42, 49, 8, 52, 9, 51]
[0, 10, 14, 7, 49, 8, 43, 50, 52, 18, 51]
[0, 10, 7, 16, 42, 8, 52, 18, 44, 51, 54]
[0, 10, 7, 16, 49, 8, 43, 50, 52, 44, 54]
[0, 14, 40, 7, 16, 42, 8, 50, 52, 18, 44]
[0, 14, 7, 16, 49, 8, 43, 50, 52, 18, 54]
[0, 14, 40, 7, 16, 49, 8, 43, 52, 44, 51]
[0, 10, 40, 7, 42, 49, 50, 52, 9, 18, 51]
[0, 10, 40, 7, 49, 52, 9, 18, 44, 51, 54]
[0, 10, 40, 7, 42, 43, 50, 52, 9, 44, 54]
[0, 10, 40, 7, 42, 49, 43, 50, 9, 51, 53]
[0, 14, 40, 7, 42, 43, 50, 52, 9, 18, 54]
[0, 14, 40, 7, 42, 49, 50, 52, 9, 18, 51]
[0, 10, 14, 40, 7, 16, 42, 50, 18, 44, 53]
[0, 10, 14, 40, 7, 16, 49, 43, 44, 51, 53]
[0, 14, 40, 7, 49, 43, 50, 52, 18, 44, 51]
[0, 10, 14, 40, 16, 42, 49, 8, 9, 18, 53]
[0, 10, 14, 40, 16, 49, 8, 50, 9, 18, 54]
[0, 10, 14, 40, 16, 8, 50, 52, 9, 18, 51]
[0, 10, 14, 40, 16, 42, 49, 8, 43, 52, 9]
[0, 10, 14, 40, 16, 42, 8, 43, 9, 51, 54]
[0, 10, 14, 40, 16, 8, 43, 50, 9, 51, 53]
[0, 10, 40, 49, 8, 43, 50, 52, 9, 18, 51]
[0, 10, 49, 8, 43, 50, 9, 18, 44, 51, 53]
[0, 40, 16, 49, 8, 43, 50, 52, 9, 18, 54]
[0, 16, 42, 49, 8, 43, 50, 52, 9, 18, 51]
[0, 10, 14, 16, 42, 8, 43, 52, 18, 44, 54]
[0, 10, 14, 16, 42, 49, 8, 43, 18, 51, 53]
[0, 10, 14, 16, 49, 8, 43, 50, 18, 51, 54]
[0, 10, 14, 16, 49, 8, 50, 52, 44, 51, 54]
[0, 40, 16, 42, 8, 43, 50, 52, 18, 44, 51]
[0, 10, 14, 40, 42, 49, 43, 50, 52, 9, 18]
[0, 10, 14, 40, 42, 43, 50, 9, 18, 51, 54]
[0, 10, 14, 40, 49, 43, 52, 9, 18, 44, 54]
[0, 10, 14, 40, 42, 50, 52, 9, 44, 51, 54]
[0, 10, 40, 16, 42, 43, 50, 18, 44, 51, 53]
[1, 5, 14, 7, 16, 49, 8, 52, 9, 18, 54]
[1, 5, 14, 40, 7, 16, 42, 8, 50, 52, 54]
[1, 5, 14, 7, 16, 8, 50, 52, 44, 51, 54]
[1, 5, 14, 40, 7, 43, 52, 9, 18, 44, 54]
[1, 5, 14, 7, 42, 43, 52, 9, 18, 51, 54]
[1, 5, 14, 40, 7, 49, 43, 50, 52, 51, 54]
[1, 5, 14, 7, 42, 49, 43, 50, 52, 44, 54]
[1, 5, 16, 49, 8, 43, 52, 9, 18, 51, 54]
[1, 5, 40, 16, 8, 50, 52, 9, 44, 51, 54]
[1, 5, 16, 42, 49, 8, 52, 18, 44, 51, 54]
[1, 5, 40, 16, 42, 8, 43, 50, 52, 51, 54]
[1, 5, 40, 42, 49, 43, 50, 52, 9, 44, 54]
[1, 14, 40, 7, 49, 8, 43, 50, 52, 18, 51]
[1, 14, 7, 42, 49, 8, 43, 50, 52, 18, 54]
[1, 14, 40, 7, 16, 43, 50, 52, 9, 18, 54]
[1, 14, 7, 16, 42, 43, 50, 52, 9, 18, 51]
[1, 14, 40, 7, 16, 42, 49, 52, 9, 51, 54]
[1, 40, 42, 49, 8, 43, 50, 52, 9, 18, 54]
[10, 5, 14, 40, 7, 16, 8, 43, 52, 9, 51]
[10, 5, 14, 40, 7, 16, 42, 8, 50, 18, 54]
[10, 5, 14, 40, 7, 16, 49, 8, 43, 51, 54]
[10, 5, 14, 40, 7, 43, 50, 52, 9, 18, 51]
[10, 5, 14, 40, 7, 49, 43, 50, 18, 51, 54]
[10, 5, 40, 16, 42, 8, 43, 50, 18, 51, 54]
[10, 14, 40, 7, 16, 49, 8, 52, 9, 18, 54]
[10, 14, 7, 16, 42, 49, 8, 50, 9, 18, 54]
[10, 14, 40, 7, 16, 8, 43, 52, 9, 44, 51]
[10, 14, 7, 16, 42, 8, 43, 50, 9, 51, 53]
[10, 40, 7, 16, 8, 43, 50, 52, 9, 18, 54]
[10, 40, 7, 16, 42, 49, 8, 43, 9, 51, 54]
[10, 40, 7, 16, 42, 49, 8, 52, 9, 51, 54]
[10, 14, 40, 7, 16, 49, 8, 43, 18, 51, 53]
[10, 14, 7, 16, 49, 8, 43, 52, 18, 51, 54]
[10, 14, 40, 7, 42, 43, 52, 9, 18, 51, 54]
[10, 14, 40, 7, 43, 50, 52, 9, 18, 44, 51]
[10, 40, 7, 42, 49, 43, 50, 9, 18, 51, 54]
[10, 40, 7, 42, 49, 50, 52, 9, 18, 51, 54]
[10, 14, 40, 16, 8, 43, 50, 9, 18, 51, 54]
[10, 14, 40, 16, 8, 50, 52, 9, 18, 51, 54]
[10, 14, 40, 16, 42, 49, 8, 43, 52, 9, 54]
[10, 40, 16, 49, 8, 43, 52, 9, 18, 51, 54]
[10, 16, 42, 49, 8, 43, 50, 9, 18, 51, 54]
[10, 14, 40, 42, 49, 43, 50, 52, 9, 18, 54]
[0, 10, 5, 40, 7, 42, 8, 50, 9, 18, 44, 53]
[0, 10, 5, 40, 7, 49, 8, 43, 9, 44, 51, 53]
[0, 10, 5, 7, 42, 8, 43, 50, 18, 44, 51, 53]
[0, 10, 5, 7, 42, 49, 8, 43, 50, 52, 18, 54]
[0, 10, 5, 40, 7, 16, 43, 50, 52, 9, 18, 54]
[0, 10, 5, 40, 7, 16, 42, 49, 52, 9, 51, 54]
[0, 10, 5, 14, 42, 49, 8, 50, 52, 18, 51, 54]
[0, 10, 5, 14, 40, 16, 49, 50, 9, 18, 44, 53]
[0, 10, 5, 14, 40, 16, 50, 52, 9, 18, 51, 54]
[0, 10, 5, 14, 40, 16, 42, 43, 9, 44, 51, 53]
[0, 10, 5, 14, 40, 16, 42, 49, 43, 52, 9, 54]
[0, 10, 5, 14, 16, 49, 43, 50, 18, 44, 51, 53]
[0, 10, 14, 40, 7, 8, 43, 50, 52, 9, 18, 51]
[0, 10, 14, 7, 8, 43, 50, 9, 18, 44, 51, 53]
[0, 10, 40, 7, 16, 49, 8, 50, 52, 9, 18, 51]
[0, 10, 40, 7, 16, 42, 49, 8, 43, 9, 51, 54]
[0, 10, 40, 7, 16, 8, 43, 50, 52, 9, 44, 54]
[0, 10, 40, 7, 16, 49, 8, 43, 50, 9, 51, 53]
[0, 14, 40, 7, 16, 8, 43, 50, 52, 9, 18, 54]
[0, 14, 40, 7, 16, 49, 8, 50, 52, 9, 18, 51]
[0, 14, 7, 16, 42, 8, 43, 50, 52, 9, 18, 51]
[0, 14, 7, 16, 42, 49, 8, 50, 52, 9, 18, 44]
[0, 14, 40, 7, 16, 42, 49, 8, 52, 9, 51, 54]
[0, 10, 14, 40, 7, 42, 49, 8, 43, 44, 51, 53]
[0, 10, 7, 16, 42, 49, 8, 43, 52, 18, 44, 54]
[0, 10, 14, 40, 7, 16, 42, 49, 50, 52, 9, 18]
[0, 10, 14, 7, 16, 42, 49, 50, 9, 18, 44, 53]
[0, 10, 40, 7, 42, 49, 43, 50, 9, 18, 51, 54]
[0, 10, 40, 7, 42, 49, 50, 52, 9, 44, 51, 54]
[0, 14, 40, 7, 42, 49, 50, 52, 9, 18, 51, 54]
[0, 10, 14, 7, 16, 42, 49, 43, 50, 52, 18, 51]
[0, 10, 14, 40, 16, 42, 8, 43, 9, 18, 51, 53]
[0, 10, 14, 40, 16, 49, 8, 43, 50, 52, 9, 18]
[0, 10, 14, 40, 16, 8, 43, 50, 9, 18, 51, 54]
[0, 10, 14, 40, 16, 8, 50, 52, 9, 44, 51, 54]
[0, 16, 42, 49, 8, 43, 50, 52, 9, 18, 44, 51]
[0, 10, 14, 16, 42, 49, 8, 52, 18, 44, 51, 54]
[0, 10, 14, 40, 42, 49, 43, 50, 52, 9, 44, 54]
[0, 10, 40, 16, 42, 49, 43, 50, 52, 9, 18, 51]
[0, 10, 16, 42, 49, 43, 50, 9, 18, 44, 51, 53]
[1, 5, 14, 7, 16, 8, 43, 52, 9, 18, 51, 54]
[1, 5, 14, 7, 16, 42, 49, 8, 50, 52, 9, 54]
[1, 5, 14, 7, 16, 42, 8, 52, 18, 44, 51, 54]
[1, 5, 14, 7, 16, 49, 8, 43, 50, 52, 44, 54]
[1, 5, 14, 40, 7, 49, 52, 9, 18, 44, 51, 54]
[1, 5, 14, 40, 7, 42, 43, 50, 52, 9, 44, 54]
[1, 5, 14, 40, 7, 42, 49, 43, 52, 18, 51, 54]
[1, 5, 40, 16, 42, 8, 52, 9, 18, 44, 51, 54]
[1, 5, 40, 16, 49, 8, 43, 50, 52, 9, 44, 54]
[1, 5, 16, 42, 49, 8, 43, 50, 52, 9, 51, 54]
[1, 14, 40, 7, 42, 8, 43, 50, 52, 9, 18, 54]
[1, 14, 40, 7, 16, 49, 50, 52, 9, 18, 51, 54]
[1, 14, 40, 7, 16, 42, 49, 43, 50, 52, 18, 51]
[10, 5, 14, 7, 16, 42, 49, 8, 50, 9, 18, 54]
[10, 5, 16, 42, 49, 8, 43, 50, 9, 18, 51, 54]
[10, 14, 40, 7, 16, 8, 43, 52, 9, 18, 51, 54]
[10, 14, 7, 16, 42, 8, 43, 50, 9, 18, 51, 54]
[10, 14, 40, 7, 16, 42, 49, 8, 50, 52, 9, 54]
[10, 40, 7, 16, 49, 8, 43, 50, 9, 18, 51, 54]
[10, 40, 7, 16, 49, 8, 50, 52, 9, 18, 51, 54]
[10, 14, 40, 7, 16, 42, 49, 8, 43, 50, 51, 53]
[10, 14, 7, 16, 42, 49, 8, 43, 50, 52, 51, 54]
[10, 14, 40, 16, 49, 8, 43, 50, 52, 9, 18, 54]
[10, 40, 16, 42, 49, 8, 43, 50, 52, 9, 51, 54]
[0, 10, 5, 40, 7, 42, 8, 43, 50, 52, 9, 18, 54]
[0, 10, 5, 40, 7, 16, 49, 50, 52, 9, 18, 51, 54]
[0, 10, 5, 40, 7, 16, 42, 49, 43, 9, 44, 51, 53]
[0, 10, 5, 14, 40, 42, 49, 8, 50, 9, 18, 44, 53]
[0, 10, 5, 14, 40, 42, 8, 50, 52, 9, 18, 51, 54]
[0, 10, 5, 14, 42, 49, 8, 43, 50, 18, 44, 51, 53]
[0, 10, 5, 14, 40, 16, 43, 50, 9, 18, 44, 51, 53]
[0, 10, 5, 14, 40, 16, 49, 43, 50, 52, 9, 18, 54]
[0, 10, 40, 7, 16, 42, 8, 43, 52, 9, 18, 44, 54]
[0, 10, 40, 7, 16, 42, 49, 8, 43, 9, 18, 51, 53]
[0, 10, 40, 7, 16, 49, 8, 43, 50, 9, 18, 51, 54]
[0, 10, 40, 7, 16, 49, 8, 50, 52, 9, 44, 51, 54]
[0, 14, 40, 7, 16, 49, 8, 50, 52, 9, 18, 51, 54]
[0, 14, 7, 16, 42, 8, 43, 50, 52, 9, 18, 44, 51]
[0, 10, 14, 40, 7, 49, 8, 43, 50, 18, 44, 51, 53]
[0, 14, 40, 7, 16, 42, 49, 8, 43, 50, 52, 18, 51]
[0, 10, 14, 40, 7, 16, 42, 43, 50, 52, 9, 18, 51]
[0, 10, 14, 7, 16, 42, 43, 50, 9, 18, 44, 51, 53]
[0, 10, 14, 40, 16, 42, 8, 52, 9, 18, 44, 51, 54]
[0, 10, 14, 40, 16, 49, 8, 43, 50, 52, 9, 44, 54]
[1, 5, 14, 40, 7, 16, 8, 43, 50, 52, 9, 44, 54]
[1, 5, 14, 7, 16, 42, 8, 43, 50, 52, 9, 51, 54]
[1, 5, 14, 40, 7, 16, 49, 8, 43, 52, 18, 51, 54]
[1, 5, 14, 7, 16, 42, 49, 8, 43, 52, 18, 44, 54]
[1, 5, 14, 40, 7, 42, 49, 50, 52, 9, 44, 51, 54]
[1, 5, 40, 16, 42, 49, 8, 43, 52, 9, 18, 44, 54]
[1, 14, 40, 7, 42, 49, 8, 50, 52, 9, 18, 51, 54]
[10, 5, 14, 40, 7, 16, 42, 49, 8, 50, 52, 9, 18]
[10, 5, 14, 7, 16, 42, 8, 43, 50, 9, 18, 51, 54]
[10, 5, 14, 7, 16, 42, 49, 8, 43, 50, 52, 18, 51]
[10, 5, 40, 16, 42, 49, 8, 43, 50, 52, 9, 18, 51]
[10, 14, 40, 7, 16, 42, 49, 8, 50, 52, 9, 18, 44]
[10, 14, 40, 7, 16, 42, 8, 43, 50, 52, 9, 51, 54]
[10, 14, 40, 7, 16, 42, 49, 8, 43, 50, 18, 51, 54]
[10, 14, 7, 16, 42, 49, 8, 43, 50, 52, 18, 44, 51]
[10, 40, 16, 42, 49, 8, 43, 50, 52, 9, 18, 44, 51]
[0, 10, 5, 40, 7, 42, 49, 8, 50, 52, 9, 18, 51, 54]
[0, 10, 5, 40, 7, 16, 49, 43, 50, 9, 18, 44, 51, 53]
[0, 10, 5, 14, 40, 42, 8, 43, 50, 9, 18, 44, 51, 53]
[0, 10, 5, 14, 40, 42, 49, 8, 43, 50, 52, 9, 18, 54]
[0, 10, 40, 7, 16, 42, 49, 8, 52, 9, 18, 44, 51, 54]
[0, 14, 40, 7, 16, 42, 49, 8, 43, 50, 52, 18, 44, 51]
[0, 10, 14, 40, 7, 16, 42, 49, 43, 50, 18, 44, 51, 53]
[0, 10, 14, 40, 16, 42, 49, 8, 43, 52, 9, 18, 44, 54]
[1, 5, 14, 40, 7, 16, 42, 8, 43, 52, 9, 18, 44, 54]
[1, 5, 14, 40, 7, 16, 49, 8, 50, 52, 9, 44, 51, 54]
[1, 5, 14, 40, 7, 16, 42, 49, 8, 43, 50, 52, 51, 54]
[10, 5, 14, 40, 7, 16, 42, 8, 43, 50, 52, 9, 18, 51]
[10, 5, 14, 40, 7, 16, 42, 49, 8, 43, 50, 18, 51, 54]
[10, 14, 40, 7, 16, 42, 8, 43, 50, 52, 9, 18, 44, 51]
[0, 10, 5, 40, 7, 42, 49, 8, 43, 50, 9, 18, 44, 51, 53]
[1, 5, 14, 40, 7, 16, 42, 49, 8, 52, 9, 18, 44, 51, 54]
