[[0, 4, 8], [2, 4], [3, 5], [6, 7]]
[14, 16, 42, 53]
[14, 16, 38, 18, 53]
[14, 16, 42, 43, 53]
[14, 35, 52, 18, 53]
[34, 14, 42, 52, 53]
[37, 42, 50, 52, 53]
[40, 42, 50, 52, 39]
[10, 14, 40, 17, 43, 52]
[34, 14, 35, 16, 18, 53]
[14, 16, 38, 43, 18, 53]
[14, 40, 16, 37, 42, 39]
[14, 40, 16, 37, 42, 49]
[14, 16, 42, 49, 39, 53]
[14, 16, 49, 50, 44, 54]
[34, 14, 38, 52, 18, 53]
[14, 35, 43, 52, 18, 53]
[14, 35, 42, 38, 52, 53]
[35, 16, 37, 50, 18, 53]
[35, 40, 16, 50, 18, 39]
[34, 16, 37, 42, 50, 53]
[34, 16, 37, 49, 44, 54]
[34, 40, 16, 42, 50, 39]
[34, 40, 16, 42, 49, 50]
[37, 38, 50, 52, 18, 53]
[40, 38, 50, 52, 18, 39]
[40, 42, 49, 43, 50, 52]
[10, 14, 37, 49, 17, 52, 53]
[10, 14, 40, 49, 17, 52, 39]
[10, 34, 49, 17, 50, 52, 53]
[14, 40, 16, 37, 38, 18, 39]
[14, 40, 16, 37, 49, 38, 18]
[14, 16, 49, 38, 18, 39, 53]
[34, 14, 35, 16, 42, 38, 53]
[14, 40, 16, 37, 42, 43, 39]
[14, 40, 16, 37, 42, 49, 43]
[14, 16, 42, 49, 43, 39, 53]
[14, 16, 43, 50, 39, 44, 54]
[14, 35, 40, 37, 52, 18, 39]
[14, 35, 40, 37, 49, 52, 18]
[14, 35, 49, 52, 18, 39, 53]
[34, 14, 40, 37, 42, 52, 39]
[14, 35, 42, 38, 43, 52, 53]
[34, 16, 37, 38, 50, 18, 53]
[34, 40, 16, 38, 50, 18, 39]
[34, 40, 16, 49, 38, 50, 18]
[35, 40, 16, 49, 43, 50, 18]
[34, 16, 37, 43, 39, 44, 54]
[34, 16, 37, 42, 43, 50, 53]
[34, 40, 16, 42, 43, 50, 39]
[34, 40, 16, 42, 49, 43, 50]
[34, 40, 16, 43, 44, 53, 54]
[35, 16, 37, 42, 38, 50, 53]
[35, 40, 16, 42, 38, 50, 39]
[34, 35, 37, 50, 52, 18, 53]
[34, 35, 40, 50, 52, 18, 39]
[34, 35, 40, 49, 50, 52, 18]
[40, 49, 38, 43, 50, 52, 18]
[10, 14, 35, 40, 16, 17, 38, 43]
[10, 14, 37, 17, 43, 52, 39, 53]
[10, 34, 40, 37, 17, 43, 50, 52]
[10, 34, 17, 43, 50, 52, 39, 53]
[34, 14, 35, 40, 16, 37, 18, 39]
[14, 40, 16, 37, 38, 43, 18, 39]
[14, 40, 16, 37, 49, 38, 43, 18]
[14, 16, 49, 38, 43, 18, 39, 53]
[34, 14, 40, 37, 38, 52, 18, 39]
[14, 35, 40, 37, 43, 52, 18, 39]
[14, 35, 40, 37, 49, 43, 52, 18]
[14, 35, 49, 43, 52, 18, 39, 53]
[34, 14, 40, 37, 42, 49, 43, 52]
[34, 14, 42, 49, 43, 52, 39, 53]
[14, 35, 40, 37, 42, 38, 52, 39]
[14, 35, 40, 37, 42, 49, 38, 52]
[14, 35, 42, 49, 38, 52, 39, 53]
[14, 35, 49, 38, 50, 52, 44, 54]
[34, 16, 37, 38, 43, 50, 18, 53]
[34, 40, 16, 38, 43, 50, 18, 39]
[34, 40, 16, 49, 38, 43, 50, 18]
[34, 16, 37, 42, 49, 50, 39, 53]
[34, 40, 16, 49, 39, 44, 53, 54]
[35, 40, 16, 42, 49, 38, 43, 50]
[34, 35, 37, 43, 50, 52, 18, 53]
[34, 35, 40, 43, 50, 52, 18, 39]
[34, 35, 40, 49, 43, 50, 52, 18]
[34, 35, 37, 42, 38, 50, 52, 53]
[34, 35, 37, 49, 38, 52, 44, 54]
[34, 35, 40, 42, 38, 50, 52, 39]
[34, 35, 40, 42, 49, 38, 50, 52]
[37, 42, 49, 43, 50, 52, 39, 53]
[10, 14, 35, 40, 16, 42, 17, 43, 18]
[10, 14, 35, 16, 37, 49, 17, 38, 53]
[10, 14, 35, 40, 16, 49, 17, 38, 39]
[10, 14, 40, 42, 17, 38, 43, 52, 18]
[10, 34, 35, 16, 49, 17, 38, 50, 53]
[10, 34, 40, 37, 49, 17, 50, 52, 39]
[34, 14, 35, 40, 16, 37, 49, 43, 18]
[34, 14, 35, 16, 49, 43, 18, 39, 53]
[14, 16, 42, 49, 38, 50, 18, 44, 54]
[34, 14, 35, 40, 16, 37, 42, 38, 39]
[14, 40, 16, 37, 43, 50, 44, 53, 54]
[34, 14, 40, 37, 49, 38, 43, 52, 18]
[34, 14, 49, 38, 43, 52, 18, 39, 53]
[14, 35, 42, 49, 50, 52, 18, 44, 54]
[14, 35, 40, 37, 42, 38, 43, 52, 39]
[14, 35, 40, 37, 42, 49, 38, 43, 52]
[14, 35, 42, 49, 38, 43, 52, 39, 53]
[14, 35, 38, 43, 50, 52, 39, 44, 54]
[34, 16, 37, 49, 38, 50, 18, 39, 53]
[34, 16, 37, 42, 49, 38, 18, 44, 54]
[35, 16, 37, 49, 43, 50, 18, 39, 53]
[34, 16, 37, 42, 49, 43, 50, 39, 53]
[34, 35, 37, 49, 50, 52, 18, 39, 53]
[34, 35, 37, 42, 49, 52, 18, 44, 54]
[37, 49, 38, 43, 50, 52, 18, 39, 53]
[34, 35, 37, 38, 43, 52, 39, 44, 54]
[34, 35, 37, 42, 38, 43, 50, 52, 53]
[34, 35, 40, 42, 38, 43, 50, 52, 39]
[34, 35, 40, 42, 49, 38, 43, 50, 52]
[34, 35, 40, 38, 43, 52, 44, 53, 54]
[10, 14, 35, 16, 37, 42, 49, 17, 18, 53]
[10, 14, 35, 40, 16, 42, 49, 17, 18, 39]
[10, 14, 35, 16, 37, 17, 38, 43, 39, 53]
[10, 14, 37, 42, 49, 17, 38, 52, 18, 53]
[10, 14, 40, 42, 49, 17, 38, 52, 18, 39]
[10, 34, 35, 16, 42, 49, 17, 50, 18, 53]
[10, 34, 35, 40, 16, 37, 17, 38, 43, 50]
[10, 34, 35, 16, 17, 38, 43, 50, 39, 53]
[10, 34, 42, 49, 17, 38, 50, 52, 18, 53]
[14, 16, 42, 38, 43, 50, 18, 39, 44, 54]
[34, 14, 35, 40, 16, 37, 42, 49, 38, 43]
[34, 14, 35, 16, 42, 49, 38, 43, 39, 53]
[14, 40, 16, 37, 49, 50, 39, 44, 53, 54]
[14, 35, 42, 43, 50, 52, 18, 39, 44, 54]
[34, 16, 37, 42, 38, 43, 18, 39, 44, 54]
[34, 16, 37, 49, 38, 43, 50, 18, 39, 53]
[34, 40, 16, 42, 38, 43, 18, 44, 53, 54]
[35, 16, 37, 42, 49, 38, 43, 50, 39, 53]
[34, 35, 37, 42, 43, 52, 18, 39, 44, 54]
[34, 35, 37, 49, 43, 50, 52, 18, 39, 53]
[34, 35, 40, 42, 43, 52, 18, 44, 53, 54]
[34, 35, 37, 42, 49, 38, 50, 52, 39, 53]
[34, 35, 40, 49, 38, 52, 39, 44, 53, 54]
[10, 14, 35, 16, 37, 42, 17, 43, 18, 39, 53]
[10, 14, 37, 42, 17, 38, 43, 52, 18, 39, 53]
[10, 34, 35, 40, 16, 37, 42, 17, 43, 50, 18]
[10, 34, 35, 16, 42, 17, 43, 50, 18, 39, 53]
[10, 34, 35, 40, 16, 37, 49, 17, 38, 50, 39]
[10, 34, 40, 37, 42, 17, 38, 43, 50, 52, 18]
[10, 34, 42, 17, 38, 43, 50, 52, 18, 39, 53]
[14, 35, 40, 37, 38, 43, 50, 52, 44, 53, 54]
[34, 40, 16, 42, 49, 38, 18, 39, 44, 53, 54]
[34, 35, 40, 42, 49, 52, 18, 39, 44, 53, 54]
[34, 35, 37, 42, 49, 38, 43, 50, 52, 39, 53]
[10, 34, 35, 40, 16, 37, 42, 49, 17, 50, 18, 39]
[10, 34, 40, 37, 42, 49, 17, 38, 50, 52, 18, 39]
[14, 40, 16, 37, 42, 38, 43, 50, 18, 44, 53, 54]
[14, 35, 40, 37, 42, 43, 50, 52, 18, 44, 53, 54]
[14, 35, 40, 37, 49, 38, 50, 52, 39, 44, 53, 54]
[14, 40, 16, 37, 42, 49, 38, 50, 18, 39, 44, 53, 54]
[14, 35, 40, 37, 42, 49, 50, 52, 18, 39, 44, 53, 54]
