[[2, 5], [3, 5], [4, 5], [7, 8]]
[10, 54]
[0, 10, 54]
[0, 52, 54]
[10, 18, 54]
[10, 40, 45]
[0, 10, 18, 54]
[0, 10, 53, 54]
[0, 52, 18, 54]
[0, 40, 45, 52]
[0, 52, 44, 48]
[0, 52, 53, 54]
[10, 5, 6, 54]
[10, 14, 45, 8]
[10, 15, 45, 8]
[10, 41, 45, 9]
[10, 14, 15, 54]
[10, 40, 45, 18]
[10, 40, 45, 52]
[10, 40, 45, 53]
[10, 40, 45, 54]
[0, 10, 5, 6, 54]
[0, 14, 45, 8, 52]
[0, 15, 45, 8, 52]
[0, 41, 45, 52, 9]
[0, 10, 14, 15, 54]
[0, 10, 18, 53, 54]
[0, 10, 40, 45, 54]
[0, 10, 44, 48, 54]
[0, 14, 15, 52, 54]
[0, 40, 45, 52, 18]
[0, 52, 18, 44, 48]
[0, 52, 18, 53, 54]
[0, 43, 47, 52, 48]
[10, 5, 6, 18, 54]
[10, 14, 45, 8, 18]
[10, 14, 40, 8, 54]
[10, 14, 45, 8, 52]
[10, 14, 45, 8, 53]
[10, 14, 45, 8, 54]
[10, 15, 45, 8, 18]
[10, 40, 15, 8, 54]
[10, 15, 45, 8, 52]
[10, 15, 45, 8, 53]
[10, 15, 45, 8, 54]
[10, 41, 45, 9, 18]
[10, 40, 41, 9, 54]
[10, 41, 45, 52, 9]
[10, 41, 45, 9, 53]
[10, 41, 45, 9, 54]
[10, 14, 15, 18, 54]
[10, 14, 40, 15, 45]
[10, 40, 45, 52, 18]
[10, 40, 45, 18, 53]
[10, 40, 45, 18, 54]
[10, 40, 45, 52, 53]
[10, 40, 45, 52, 54]
[10, 40, 45, 53, 54]
[10, 43, 47, 44, 54]
[0, 10, 5, 6, 18, 54]
[0, 5, 40, 6, 45, 52]
[0, 10, 14, 40, 8, 54]
[0, 10, 14, 45, 8, 54]
[0, 10, 40, 15, 8, 54]
[0, 10, 15, 45, 8, 54]
[0, 14, 45, 8, 52, 18]
[0, 14, 40, 8, 52, 54]
[0, 15, 45, 8, 52, 18]
[0, 40, 15, 8, 52, 54]
[0, 10, 40, 41, 9, 54]
[0, 10, 41, 45, 9, 54]
[0, 41, 45, 52, 9, 18]
[0, 40, 41, 52, 9, 54]
[0, 10, 14, 15, 18, 54]
[0, 10, 14, 15, 53, 54]
[0, 10, 40, 45, 18, 54]
[0, 10, 18, 44, 48, 54]
[0, 10, 43, 47, 44, 54]
[0, 10, 43, 47, 48, 54]
[0, 14, 15, 52, 18, 54]
[0, 14, 40, 15, 45, 52]
[0, 14, 15, 52, 44, 48]
[0, 14, 15, 52, 53, 54]
[0, 43, 47, 52, 18, 48]
[0, 43, 47, 52, 44, 54]
[10, 5, 6, 9, 48, 53]
[10, 5, 14, 6, 15, 54]
[10, 5, 40, 6, 45, 52]
[10, 5, 40, 6, 45, 54]
[10, 5, 6, 44, 48, 54]
[10, 14, 41, 8, 9, 54]
[10, 15, 41, 8, 9, 54]
[10, 14, 40, 8, 18, 54]
[10, 14, 45, 8, 52, 18]
[10, 14, 45, 8, 18, 53]
[10, 14, 45, 8, 18, 54]
[10, 14, 45, 8, 52, 53]
[10, 14, 45, 8, 52, 54]
[10, 14, 45, 8, 53, 54]
[10, 40, 15, 8, 18, 54]
[10, 15, 45, 8, 52, 18]
[10, 15, 45, 8, 18, 53]
[10, 15, 45, 8, 18, 54]
[10, 15, 45, 8, 52, 53]
[10, 15, 45, 8, 52, 54]
[10, 15, 45, 8, 53, 54]
[10, 14, 15, 41, 45, 9]
[10, 40, 41, 9, 18, 54]
[10, 41, 45, 52, 9, 18]
[10, 41, 45, 9, 18, 53]
[10, 41, 45, 9, 18, 54]
[10, 41, 45, 52, 9, 53]
[10, 41, 45, 52, 9, 54]
[10, 41, 45, 9, 53, 54]
[10, 14, 40, 15, 45, 18]
[10, 14, 40, 15, 45, 52]
[10, 14, 40, 15, 45, 53]
[10, 14, 40, 15, 45, 54]
[10, 40, 45, 52, 18, 53]
[10, 40, 45, 52, 18, 54]
[10, 40, 45, 18, 53, 54]
[10, 43, 47, 18, 44, 54]
[10, 40, 45, 43, 47, 44]
[10, 40, 45, 52, 44, 48]
[10, 40, 45, 44, 48, 53]
[10, 40, 45, 52, 53, 54]
[0, 5, 14, 6, 45, 8, 52]
[0, 5, 6, 15, 45, 8, 52]
[0, 5, 6, 41, 45, 52, 9]
[0, 10, 5, 14, 6, 15, 54]
[0, 10, 5, 40, 6, 45, 54]
[0, 5, 40, 6, 45, 52, 18]
[0, 10, 14, 41, 8, 9, 54]
[0, 10, 15, 41, 8, 9, 54]
[0, 14, 41, 8, 52, 9, 54]
[0, 15, 41, 8, 52, 9, 54]
[0, 10, 14, 40, 8, 18, 54]
[0, 10, 14, 45, 8, 18, 54]
[0, 10, 14, 40, 8, 53, 54]
[0, 10, 40, 15, 8, 18, 54]
[0, 10, 15, 45, 8, 18, 54]
[0, 10, 40, 15, 8, 53, 54]
[0, 14, 40, 8, 52, 18, 54]
[0, 14, 40, 8, 52, 44, 48]
[0, 14, 40, 8, 52, 53, 54]
[0, 40, 15, 8, 52, 18, 54]
[0, 40, 15, 8, 52, 44, 48]
[0, 40, 15, 8, 52, 53, 54]
[0, 10, 40, 41, 9, 18, 54]
[0, 10, 41, 45, 9, 18, 54]
[0, 10, 40, 41, 9, 53, 54]
[0, 14, 15, 41, 45, 52, 9]
[0, 40, 41, 52, 9, 18, 54]
[0, 40, 41, 52, 9, 44, 48]
[0, 40, 41, 52, 9, 53, 54]
[0, 10, 14, 15, 18, 53, 54]
[0, 10, 14, 40, 15, 45, 54]
[0, 10, 14, 15, 44, 48, 54]
[0, 10, 43, 47, 18, 44, 54]
[0, 10, 43, 47, 18, 48, 54]
[0, 10, 40, 45, 44, 48, 54]
[0, 10, 43, 47, 44, 53, 54]
[0, 14, 40, 15, 45, 52, 18]
[0, 14, 15, 52, 18, 44, 48]
[0, 14, 15, 52, 18, 53, 54]
[0, 14, 15, 43, 47, 52, 48]
[0, 43, 47, 52, 18, 44, 54]
[0, 40, 45, 43, 47, 52, 44]
[0, 40, 45, 52, 44, 48, 54]
[0, 43, 47, 52, 44, 53, 54]
[10, 5, 14, 40, 6, 8, 54]
[10, 5, 14, 6, 45, 8, 52]
[10, 5, 14, 6, 45, 8, 54]
[10, 5, 40, 6, 15, 8, 54]
[10, 5, 6, 15, 45, 8, 52]
[10, 5, 6, 15, 45, 8, 54]
[10, 5, 6, 9, 18, 48, 53]
[10, 5, 40, 6, 41, 9, 54]
[10, 5, 6, 41, 45, 52, 9]
[10, 5, 6, 41, 45, 9, 54]
[10, 5, 6, 9, 44, 53, 54]
[10, 5, 14, 6, 15, 18, 54]
[10, 5, 40, 6, 45, 52, 18]
[10, 5, 40, 6, 45, 18, 54]
[10, 5, 6, 18, 44, 48, 54]
[10, 5, 40, 6, 41, 48, 53]
[10, 5, 6, 41, 45, 44, 53]
[10, 5, 6, 43, 47, 44, 54]
[10, 5, 6, 43, 47, 48, 54]
[10, 14, 41, 8, 9, 18, 54]
[10, 14, 40, 41, 45, 8, 9]
[10, 15, 41, 8, 9, 18, 54]
[10, 40, 15, 41, 45, 8, 9]
[10, 14, 45, 8, 52, 18, 53]
[10, 14, 45, 8, 52, 18, 54]
[10, 14, 45, 8, 18, 53, 54]
[10, 14, 45, 8, 43, 47, 44]
[10, 14, 45, 8, 52, 44, 48]
[10, 14, 45, 8, 44, 48, 53]
[10, 14, 45, 8, 52, 53, 54]
[10, 15, 45, 8, 52, 18, 53]
[10, 15, 45, 8, 52, 18, 54]
[10, 15, 45, 8, 18, 53, 54]
[10, 15, 45, 8, 43, 47, 44]
[10, 15, 45, 8, 52, 44, 48]
[10, 15, 45, 8, 44, 48, 53]
[10, 15, 45, 8, 52, 53, 54]
[10, 14, 15, 41, 45, 9, 18]
[10, 14, 40, 15, 41, 9, 54]
[10, 14, 15, 41, 45, 52, 9]
[10, 14, 15, 41, 45, 9, 53]
[10, 14, 15, 41, 45, 9, 54]
[10, 41, 45, 52, 9, 18, 53]
[10, 41, 45, 52, 9, 18, 54]
[10, 41, 45, 9, 18, 53, 54]
[10, 41, 45, 43, 47, 9, 44]
[10, 41, 45, 52, 9, 44, 48]
[10, 41, 45, 9, 44, 48, 53]
[10, 41, 45, 52, 9, 53, 54]
[10, 14, 40, 15, 45, 52, 18]
[10, 14, 40, 15, 45, 18, 53]
[10, 14, 40, 15, 45, 18, 54]
[10, 14, 40, 15, 45, 52, 53]
[10, 14, 40, 15, 45, 52, 54]
[10, 14, 40, 15, 45, 53, 54]
[10, 14, 15, 43, 47, 44, 54]
[10, 40, 45, 43, 47, 18, 44]
[10, 40, 45, 52, 18, 44, 48]
[10, 40, 45, 18, 44, 48, 53]
[10, 40, 45, 52, 18, 53, 54]
[10, 40, 45, 43, 47, 52, 44]
[10, 40, 45, 43, 47, 44, 53]
[10, 40, 45, 43, 47, 44, 54]
[10, 40, 45, 43, 47, 52, 48]
[10, 40, 45, 43, 47, 48, 53]
[10, 40, 45, 52, 44, 48, 54]
[10, 40, 45, 44, 48, 53, 54]
[0, 10, 5, 14, 40, 6, 8, 54]
[0, 10, 5, 14, 6, 45, 8, 54]
[0, 10, 5, 40, 6, 15, 8, 54]
[0, 10, 5, 6, 15, 45, 8, 54]
[0, 5, 14, 6, 45, 8, 52, 18]
[0, 5, 6, 15, 45, 8, 52, 18]
[0, 10, 5, 40, 6, 41, 9, 54]
[0, 10, 5, 6, 41, 45, 9, 54]
[0, 5, 6, 41, 45, 52, 9, 18]
[0, 5, 6, 52, 9, 44, 53, 54]
[0, 10, 5, 14, 6, 15, 18, 54]
[0, 10, 5, 40, 6, 45, 18, 54]
[0, 10, 5, 6, 43, 47, 44, 54]
[0, 5, 14, 40, 6, 15, 45, 52]
[0, 5, 6, 41, 45, 52, 44, 53]
[0, 10, 14, 41, 8, 9, 18, 54]
[0, 10, 14, 41, 8, 9, 53, 54]
[0, 10, 15, 41, 8, 9, 18, 54]
[0, 10, 15, 41, 8, 9, 53, 54]
[0, 14, 41, 8, 52, 9, 18, 54]
[0, 14, 40, 41, 45, 8, 52, 9]
[0, 14, 41, 8, 52, 9, 44, 48]
[0, 14, 41, 8, 52, 9, 53, 54]
[0, 15, 41, 8, 52, 9, 18, 54]
[0, 40, 15, 41, 45, 8, 52, 9]
[0, 15, 41, 8, 52, 9, 44, 48]
[0, 15, 41, 8, 52, 9, 53, 54]
[0, 10, 14, 40, 8, 18, 53, 54]
[0, 10, 14, 40, 8, 44, 48, 54]
[0, 10, 14, 45, 8, 44, 48, 54]
[0, 10, 40, 15, 8, 18, 53, 54]
[0, 10, 40, 15, 8, 44, 48, 54]
[0, 10, 15, 45, 8, 44, 48, 54]
[0, 14, 40, 8, 52, 18, 44, 48]
[0, 14, 40, 8, 52, 18, 53, 54]
[0, 14, 40, 8, 43, 47, 52, 48]
[0, 14, 45, 8, 43, 47, 52, 44]
[0, 14, 45, 8, 52, 44, 48, 54]
[0, 40, 15, 8, 52, 18, 44, 48]
[0, 40, 15, 8, 52, 18, 53, 54]
[0, 40, 15, 8, 43, 47, 52, 48]
[0, 15, 45, 8, 43, 47, 52, 44]
[0, 15, 45, 8, 52, 44, 48, 54]
[0, 10, 14, 40, 15, 41, 9, 54]
[0, 10, 14, 15, 41, 45, 9, 54]
[0, 10, 40, 41, 9, 18, 53, 54]
[0, 10, 40, 41, 9, 44, 48, 54]
[0, 10, 41, 45, 9, 44, 48, 54]
[0, 14, 15, 41, 45, 52, 9, 18]
[0, 14, 40, 15, 41, 52, 9, 54]
[0, 40, 41, 52, 9, 18, 44, 48]
[0, 40, 41, 52, 9, 18, 53, 54]
[0, 40, 41, 43, 47, 52, 9, 48]
[0, 41, 45, 43, 47, 52, 9, 44]
[0, 41, 45, 52, 9, 44, 48, 54]
[0, 10, 14, 40, 15, 45, 18, 54]
[0, 10, 14, 15, 18, 44, 48, 54]
[0, 10, 14, 15, 43, 47, 44, 54]
[0, 10, 14, 15, 43, 47, 48, 54]
[0, 10, 40, 45, 18, 44, 48, 54]
[0, 10, 43, 47, 18, 44, 53, 54]
[0, 10, 40, 45, 43, 47, 44, 54]
[0, 10, 40, 45, 43, 47, 48, 54]
[0, 14, 15, 43, 47, 52, 18, 48]
[0, 14, 15, 43, 47, 52, 44, 54]
[0, 40, 45, 43, 47, 52, 18, 44]
[0, 40, 45, 52, 18, 44, 48, 54]
[0, 43, 47, 52, 18, 44, 53, 54]
[0, 40, 45, 43, 47, 52, 48, 54]
[10, 5, 14, 6, 41, 8, 9, 54]
[10, 5, 6, 15, 41, 8, 9, 54]
[10, 5, 14, 40, 6, 8, 18, 54]
[10, 5, 14, 6, 45, 8, 52, 18]
[10, 5, 14, 6, 45, 8, 18, 54]
[10, 5, 14, 6, 41, 8, 48, 53]
[10, 5, 40, 6, 15, 8, 18, 54]
[10, 5, 6, 15, 45, 8, 52, 18]
[10, 5, 6, 15, 45, 8, 18, 54]
[10, 5, 6, 15, 41, 8, 48, 53]
[10, 5, 14, 6, 15, 9, 48, 53]
[10, 5, 40, 6, 41, 9, 18, 54]
[10, 5, 6, 41, 45, 52, 9, 18]
[10, 5, 6, 41, 45, 9, 18, 54]
[10, 5, 6, 9, 18, 44, 53, 54]
[10, 5, 40, 6, 45, 9, 44, 53]
[10, 5, 6, 43, 47, 9, 53, 54]
[10, 5, 14, 40, 6, 15, 45, 52]
[10, 5, 14, 40, 6, 15, 45, 54]
[10, 5, 14, 6, 15, 44, 48, 54]
[10, 5, 40, 6, 41, 18, 48, 53]
[10, 5, 6, 41, 45, 18, 44, 53]
[10, 5, 6, 43, 47, 18, 44, 54]
[10, 5, 6, 43, 47, 18, 48, 54]
[10, 5, 40, 6, 41, 44, 53, 54]
[10, 5, 40, 6, 45, 44, 48, 54]
[10, 5, 6, 41, 45, 43, 47, 53]
[10, 5, 6, 41, 45, 48, 53, 54]
[10, 14, 40, 41, 45, 8, 9, 18]
[10, 14, 40, 41, 45, 8, 52, 9]
[10, 14, 40, 41, 45, 8, 9, 53]
[10, 14, 40, 41, 45, 8, 9, 54]
[10, 40, 15, 41, 45, 8, 9, 18]
[10, 40, 15, 41, 45, 8, 52, 9]
[10, 40, 15, 41, 45, 8, 9, 53]
[10, 40, 15, 41, 45, 8, 9, 54]
[10, 14, 45, 8, 43, 47, 18, 44]
[10, 14, 45, 8, 52, 18, 44, 48]
[10, 14, 45, 8, 18, 44, 48, 53]
[10, 14, 45, 8, 52, 18, 53, 54]
[10, 14, 40, 8, 43, 47, 44, 54]
[10, 14, 45, 8, 43, 47, 52, 44]
[10, 14, 45, 8, 43, 47, 44, 53]
[10, 14, 45, 8, 43, 47, 44, 54]
[10, 14, 45, 8, 43, 47, 52, 48]
[10, 14, 45, 8, 43, 47, 48, 53]
[10, 14, 45, 8, 52, 44, 48, 54]
[10, 14, 45, 8, 44, 48, 53, 54]
[10, 15, 45, 8, 43, 47, 18, 44]
[10, 15, 45, 8, 52, 18, 44, 48]
[10, 15, 45, 8, 18, 44, 48, 53]
[10, 15, 45, 8, 52, 18, 53, 54]
[10, 40, 15, 8, 43, 47, 44, 54]
[10, 15, 45, 8, 43, 47, 52, 44]
[10, 15, 45, 8, 43, 47, 44, 53]
[10, 15, 45, 8, 43, 47, 44, 54]
[10, 15, 45, 8, 43, 47, 52, 48]
[10, 15, 45, 8, 43, 47, 48, 53]
[10, 15, 45, 8, 52, 44, 48, 54]
[10, 15, 45, 8, 44, 48, 53, 54]
[10, 14, 40, 15, 41, 9, 18, 54]
[10, 14, 15, 41, 45, 52, 9, 18]
[10, 14, 15, 41, 45, 9, 18, 53]
[10, 14, 15, 41, 45, 9, 18, 54]
[10, 14, 15, 41, 45, 52, 9, 53]
[10, 14, 15, 41, 45, 52, 9, 54]
[10, 14, 15, 41, 45, 9, 53, 54]
[10, 41, 45, 43, 47, 9, 18, 44]
[10, 41, 45, 52, 9, 18, 44, 48]
[10, 41, 45, 9, 18, 44, 48, 53]
[10, 41, 45, 52, 9, 18, 53, 54]
[10, 40, 41, 43, 47, 9, 44, 54]
[10, 41, 45, 43, 47, 52, 9, 44]
[10, 41, 45, 43, 47, 9, 44, 53]
[10, 41, 45, 43, 47, 9, 44, 54]
[10, 41, 45, 43, 47, 52, 9, 48]
[10, 41, 45, 43, 47, 9, 48, 53]
[10, 41, 45, 52, 9, 44, 48, 54]
[10, 41, 45, 9, 44, 48, 53, 54]
[10, 14, 40, 15, 45, 52, 18, 53]
[10, 14, 40, 15, 45, 52, 18, 54]
[10, 14, 40, 15, 45, 18, 53, 54]
[10, 14, 15, 43, 47, 18, 44, 54]
[10, 14, 40, 15, 45, 43, 47, 44]
[10, 14, 40, 15, 45, 52, 44, 48]
[10, 14, 40, 15, 45, 44, 48, 53]
[10, 14, 40, 15, 45, 52, 53, 54]
[10, 40, 45, 43, 47, 52, 18, 44]
[10, 40, 45, 43, 47, 18, 44, 53]
[10, 40, 45, 43, 47, 18, 44, 54]
[10, 40, 45, 43, 47, 52, 18, 48]
[10, 40, 45, 43, 47, 18, 48, 53]
[10, 40, 45, 52, 18, 44, 48, 54]
[10, 40, 45, 18, 44, 48, 53, 54]
[10, 40, 45, 43, 47, 52, 44, 53]
[10, 40, 45, 43, 47, 52, 44, 54]
[10, 40, 45, 43, 47, 44, 53, 54]
[10, 40, 45, 43, 47, 52, 48, 54]
[10, 40, 45, 43, 47, 48, 53, 54]
[0, 10, 5, 14, 6, 41, 8, 9, 54]
[0, 10, 5, 6, 15, 41, 8, 9, 54]
[0, 10, 5, 14, 40, 6, 8, 18, 54]
[0, 10, 5, 14, 6, 45, 8, 18, 54]
[0, 10, 5, 40, 6, 15, 8, 18, 54]
[0, 10, 5, 6, 15, 45, 8, 18, 54]
[0, 10, 5, 40, 6, 41, 9, 18, 54]
[0, 10, 5, 6, 41, 45, 9, 18, 54]
[0, 5, 14, 6, 15, 41, 45, 52, 9]
[0, 5, 6, 52, 9, 18, 44, 53, 54]
[0, 5, 40, 6, 45, 52, 9, 44, 53]
[0, 5, 6, 43, 47, 52, 9, 53, 54]
[0, 10, 5, 14, 40, 6, 15, 45, 54]
[0, 10, 5, 6, 43, 47, 18, 44, 54]
[0, 10, 5, 6, 41, 45, 44, 53, 54]
[0, 5, 14, 40, 6, 15, 45, 52, 18]
[0, 5, 6, 41, 45, 52, 18, 44, 53]
[0, 5, 40, 6, 41, 52, 44, 53, 54]
[0, 5, 40, 6, 45, 43, 47, 52, 44]
[0, 5, 6, 41, 45, 43, 47, 52, 53]
[0, 10, 14, 41, 8, 9, 18, 53, 54]
[0, 10, 14, 40, 41, 45, 8, 9, 54]
[0, 10, 14, 41, 8, 9, 44, 48, 54]
[0, 10, 15, 41, 8, 9, 18, 53, 54]
[0, 10, 40, 15, 41, 45, 8, 9, 54]
[0, 10, 15, 41, 8, 9, 44, 48, 54]
[0, 14, 40, 41, 45, 8, 52, 9, 18]
[0, 14, 41, 8, 52, 9, 18, 44, 48]
[0, 14, 41, 8, 52, 9, 18, 53, 54]
[0, 14, 41, 8, 43, 47, 52, 9, 48]
[0, 40, 15, 41, 45, 8, 52, 9, 18]
[0, 15, 41, 8, 52, 9, 18, 44, 48]
[0, 15, 41, 8, 52, 9, 18, 53, 54]
[0, 15, 41, 8, 43, 47, 52, 9, 48]
[0, 10, 14, 40, 8, 18, 44, 48, 54]
[0, 10, 14, 45, 8, 18, 44, 48, 54]
[0, 10, 14, 40, 8, 43, 47, 44, 54]
[0, 10, 14, 40, 8, 43, 47, 48, 54]
[0, 10, 14, 45, 8, 43, 47, 44, 54]
[0, 10, 14, 45, 8, 43, 47, 48, 54]
[0, 10, 40, 15, 8, 18, 44, 48, 54]
[0, 10, 15, 45, 8, 18, 44, 48, 54]
[0, 10, 40, 15, 8, 43, 47, 44, 54]
[0, 10, 40, 15, 8, 43, 47, 48, 54]
[0, 10, 15, 45, 8, 43, 47, 44, 54]
[0, 10, 15, 45, 8, 43, 47, 48, 54]
[0, 14, 40, 8, 43, 47, 52, 18, 48]
[0, 14, 45, 8, 43, 47, 52, 18, 44]
[0, 14, 45, 8, 52, 18, 44, 48, 54]
[0, 14, 40, 8, 43, 47, 52, 44, 54]
[0, 14, 45, 8, 43, 47, 52, 48, 54]
[0, 40, 15, 8, 43, 47, 52, 18, 48]
[0, 15, 45, 8, 43, 47, 52, 18, 44]
[0, 15, 45, 8, 52, 18, 44, 48, 54]
[0, 40, 15, 8, 43, 47, 52, 44, 54]
[0, 15, 45, 8, 43, 47, 52, 48, 54]
[0, 10, 14, 40, 15, 41, 9, 18, 54]
[0, 10, 14, 15, 41, 45, 9, 18, 54]
[0, 10, 14, 40, 15, 41, 9, 53, 54]
[0, 10, 40, 41, 9, 18, 44, 48, 54]
[0, 10, 41, 45, 9, 18, 44, 48, 54]
[0, 10, 40, 41, 43, 47, 9, 44, 54]
[0, 10, 40, 41, 43, 47, 9, 48, 54]
[0, 10, 41, 45, 43, 47, 9, 44, 54]
[0, 10, 41, 45, 43, 47, 9, 48, 54]
[0, 14, 40, 15, 41, 52, 9, 18, 54]
[0, 14, 40, 15, 41, 52, 9, 44, 48]
[0, 14, 40, 15, 41, 52, 9, 53, 54]
[0, 40, 41, 43, 47, 52, 9, 18, 48]
[0, 41, 45, 43, 47, 52, 9, 18, 44]
[0, 41, 45, 52, 9, 18, 44, 48, 54]
[0, 40, 41, 43, 47, 52, 9, 44, 54]
[0, 41, 45, 43, 47, 52, 9, 48, 54]
[0, 10, 14, 15, 43, 47, 18, 44, 54]
[0, 10, 14, 15, 43, 47, 18, 48, 54]
[0, 10, 14, 40, 15, 45, 44, 48, 54]
[0, 10, 14, 15, 43, 47, 44, 53, 54]
[0, 10, 40, 45, 43, 47, 18, 44, 54]
[0, 10, 40, 45, 43, 47, 18, 48, 54]
[0, 14, 15, 43, 47, 52, 18, 44, 54]
[0, 14, 40, 15, 45, 43, 47, 52, 44]
[0, 14, 40, 15, 45, 52, 44, 48, 54]
[0, 14, 15, 43, 47, 52, 44, 53, 54]
[0, 40, 45, 43, 47, 52, 18, 48, 54]
[10, 5, 14, 6, 41, 8, 9, 18, 54]
[10, 5, 14, 40, 6, 8, 9, 48, 53]
[10, 5, 14, 6, 45, 8, 9, 44, 53]
[10, 5, 6, 15, 41, 8, 9, 18, 54]
[10, 5, 40, 6, 15, 8, 9, 48, 53]
[10, 5, 6, 15, 45, 8, 9, 44, 53]
[10, 5, 14, 6, 41, 8, 18, 48, 53]
[10, 5, 14, 40, 6, 8, 44, 48, 54]
[10, 5, 14, 6, 41, 8, 44, 53, 54]
[10, 5, 14, 6, 45, 8, 44, 48, 54]
[10, 5, 6, 15, 41, 8, 18, 48, 53]
[10, 5, 40, 6, 15, 8, 44, 48, 54]
[10, 5, 6, 15, 41, 8, 44, 53, 54]
[10, 5, 6, 15, 45, 8, 44, 48, 54]
[10, 5, 14, 6, 15, 9, 18, 48, 53]
[10, 5, 14, 40, 6, 15, 41, 9, 54]
[10, 5, 14, 6, 15, 41, 45, 52, 9]
[10, 5, 14, 6, 15, 41, 45, 9, 54]
[10, 5, 14, 6, 15, 9, 44, 53, 54]
[10, 5, 40, 6, 45, 9, 18, 44, 53]
[10, 5, 6, 43, 47, 9, 18, 53, 54]
[10, 5, 40, 6, 41, 9, 44, 48, 54]
[10, 5, 40, 6, 45, 43, 47, 9, 53]
[10, 5, 40, 6, 45, 9, 48, 53, 54]
[10, 5, 6, 41, 45, 9, 44, 48, 54]
[10, 5, 6, 43, 47, 9, 44, 48, 53]
[10, 5, 14, 40, 6, 15, 45, 52, 18]
[10, 5, 14, 40, 6, 15, 45, 18, 54]
[10, 5, 14, 6, 15, 18, 44, 48, 54]
[10, 5, 14, 40, 6, 15, 41, 48, 53]
[10, 5, 14, 6, 15, 41, 45, 44, 53]
[10, 5, 14, 6, 15, 43, 47, 44, 54]
[10, 5, 14, 6, 15, 43, 47, 48, 54]
[10, 5, 40, 6, 41, 18, 44, 53, 54]
[10, 5, 40, 6, 45, 18, 44, 48, 54]
[10, 5, 6, 41, 45, 43, 47, 18, 53]
[10, 5, 6, 41, 45, 18, 48, 53, 54]
[10, 5, 40, 6, 41, 43, 47, 53, 54]
[10, 5, 40, 6, 45, 43, 47, 52, 44]
[10, 5, 40, 6, 45, 43, 47, 44, 54]
[10, 5, 40, 6, 45, 43, 47, 48, 54]
[10, 5, 6, 41, 45, 52, 44, 53, 54]
[10, 14, 40, 41, 45, 8, 52, 9, 18]
[10, 14, 40, 41, 45, 8, 9, 18, 53]
[10, 14, 40, 41, 45, 8, 9, 18, 54]
[10, 14, 40, 41, 45, 8, 52, 9, 53]
[10, 14, 40, 41, 45, 8, 52, 9, 54]
[10, 14, 40, 41, 45, 8, 9, 53, 54]
[10, 14, 41, 8, 43, 47, 9, 44, 54]
[10, 40, 15, 41, 45, 8, 52, 9, 18]
[10, 40, 15, 41, 45, 8, 9, 18, 53]
[10, 40, 15, 41, 45, 8, 9, 18, 54]
[10, 40, 15, 41, 45, 8, 52, 9, 53]
[10, 40, 15, 41, 45, 8, 52, 9, 54]
[10, 40, 15, 41, 45, 8, 9, 53, 54]
[10, 15, 41, 8, 43, 47, 9, 44, 54]
[10, 14, 40, 8, 43, 47, 18, 44, 54]
[10, 14, 45, 8, 43, 47, 52, 18, 44]
[10, 14, 45, 8, 43, 47, 18, 44, 53]
[10, 14, 45, 8, 43, 47, 18, 44, 54]
[10, 14, 45, 8, 43, 47, 52, 18, 48]
[10, 14, 45, 8, 43, 47, 18, 48, 53]
[10, 14, 45, 8, 52, 18, 44, 48, 54]
[10, 14, 45, 8, 18, 44, 48, 53, 54]
[10, 14, 45, 8, 43, 47, 52, 44, 53]
[10, 14, 45, 8, 43, 47, 52, 44, 54]
[10, 14, 45, 8, 43, 47, 44, 53, 54]
[10, 14, 45, 8, 43, 47, 52, 48, 54]
[10, 14, 45, 8, 43, 47, 48, 53, 54]
[10, 40, 15, 8, 43, 47, 18, 44, 54]
[10, 15, 45, 8, 43, 47, 52, 18, 44]
[10, 15, 45, 8, 43, 47, 18, 44, 53]
[10, 15, 45, 8, 43, 47, 18, 44, 54]
[10, 15, 45, 8, 43, 47, 52, 18, 48]
[10, 15, 45, 8, 43, 47, 18, 48, 53]
[10, 15, 45, 8, 52, 18, 44, 48, 54]
[10, 15, 45, 8, 18, 44, 48, 53, 54]
[10, 15, 45, 8, 43, 47, 52, 44, 53]
[10, 15, 45, 8, 43, 47, 52, 44, 54]
[10, 15, 45, 8, 43, 47, 44, 53, 54]
[10, 15, 45, 8, 43, 47, 52, 48, 54]
[10, 15, 45, 8, 43, 47, 48, 53, 54]
[10, 14, 15, 41, 45, 52, 9, 18, 53]
[10, 14, 15, 41, 45, 52, 9, 18, 54]
[10, 14, 15, 41, 45, 9, 18, 53, 54]
[10, 14, 15, 41, 45, 43, 47, 9, 44]
[10, 14, 15, 41, 45, 52, 9, 44, 48]
[10, 14, 15, 41, 45, 9, 44, 48, 53]
[10, 14, 15, 41, 45, 52, 9, 53, 54]
[10, 40, 41, 43, 47, 9, 18, 44, 54]
[10, 41, 45, 43, 47, 52, 9, 18, 44]
[10, 41, 45, 43, 47, 9, 18, 44, 53]
[10, 41, 45, 43, 47, 9, 18, 44, 54]
[10, 41, 45, 43, 47, 52, 9, 18, 48]
[10, 41, 45, 43, 47, 9, 18, 48, 53]
[10, 41, 45, 52, 9, 18, 44, 48, 54]
[10, 41, 45, 9, 18, 44, 48, 53, 54]
[10, 41, 45, 43, 47, 52, 9, 44, 53]
[10, 41, 45, 43, 47, 52, 9, 44, 54]
[10, 41, 45, 43, 47, 9, 44, 53, 54]
[10, 41, 45, 43, 47, 52, 9, 48, 54]
[10, 41, 45, 43, 47, 9, 48, 53, 54]
[10, 14, 40, 15, 45, 43, 47, 18, 44]
[10, 14, 40, 15, 45, 52, 18, 44, 48]
[10, 14, 40, 15, 45, 18, 44, 48, 53]
[10, 14, 40, 15, 45, 52, 18, 53, 54]
[10, 14, 40, 15, 45, 43, 47, 52, 44]
[10, 14, 40, 15, 45, 43, 47, 44, 53]
[10, 14, 40, 15, 45, 43, 47, 44, 54]
[10, 14, 40, 15, 45, 43, 47, 52, 48]
[10, 14, 40, 15, 45, 43, 47, 48, 53]
[10, 14, 40, 15, 45, 52, 44, 48, 54]
[10, 14, 40, 15, 45, 44, 48, 53, 54]
[10, 40, 45, 43, 47, 52, 18, 44, 53]
[10, 40, 45, 43, 47, 52, 18, 44, 54]
[10, 40, 45, 43, 47, 18, 44, 53, 54]
[10, 40, 45, 43, 47, 52, 18, 48, 54]
[10, 40, 45, 43, 47, 18, 48, 53, 54]
[10, 40, 45, 43, 47, 52, 44, 53, 54]
[0, 10, 5, 14, 6, 41, 8, 9, 18, 54]
[0, 10, 5, 6, 15, 41, 8, 9, 18, 54]
[0, 5, 14, 40, 6, 41, 45, 8, 52, 9]
[0, 5, 14, 6, 45, 8, 52, 9, 44, 53]
[0, 5, 40, 6, 15, 41, 45, 8, 52, 9]
[0, 5, 6, 15, 45, 8, 52, 9, 44, 53]
[0, 5, 14, 6, 41, 8, 52, 44, 53, 54]
[0, 5, 14, 6, 45, 8, 43, 47, 52, 44]
[0, 5, 6, 15, 41, 8, 52, 44, 53, 54]
[0, 5, 6, 15, 45, 8, 43, 47, 52, 44]
[0, 10, 5, 14, 40, 6, 15, 41, 9, 54]
[0, 10, 5, 14, 6, 15, 41, 45, 9, 54]
[0, 10, 5, 40, 6, 45, 9, 44, 53, 54]
[0, 5, 14, 6, 15, 41, 45, 52, 9, 18]
[0, 5, 14, 6, 15, 52, 9, 44, 53, 54]
[0, 5, 40, 6, 45, 52, 9, 18, 44, 53]
[0, 5, 6, 43, 47, 52, 9, 18, 53, 54]
[0, 5, 40, 6, 45, 43, 47, 52, 9, 53]
[0, 5, 6, 41, 45, 43, 47, 52, 9, 44]
[0, 10, 5, 14, 40, 6, 15, 45, 18, 54]
[0, 10, 5, 14, 6, 15, 43, 47, 44, 54]
[0, 10, 5, 6, 41, 45, 18, 44, 53, 54]
[0, 10, 5, 40, 6, 45, 43, 47, 44, 54]
[0, 10, 5, 6, 41, 45, 43, 47, 53, 54]
[0, 5, 14, 6, 15, 41, 45, 52, 44, 53]
[0, 5, 40, 6, 41, 52, 18, 44, 53, 54]
[0, 5, 40, 6, 45, 43, 47, 52, 18, 44]
[0, 5, 6, 41, 45, 43, 47, 52, 18, 53]
[0, 5, 40, 6, 41, 43, 47, 52, 53, 54]
[0, 10, 14, 40, 41, 45, 8, 9, 18, 54]
[0, 10, 14, 41, 8, 9, 18, 44, 48, 54]
[0, 10, 14, 41, 8, 43, 47, 9, 44, 54]
[0, 10, 14, 41, 8, 43, 47, 9, 48, 54]
[0, 10, 40, 15, 41, 45, 8, 9, 18, 54]
[0, 10, 15, 41, 8, 9, 18, 44, 48, 54]
[0, 10, 15, 41, 8, 43, 47, 9, 44, 54]
[0, 10, 15, 41, 8, 43, 47, 9, 48, 54]
[0, 14, 41, 8, 43, 47, 52, 9, 18, 48]
[0, 14, 41, 8, 43, 47, 52, 9, 44, 54]
[0, 15, 41, 8, 43, 47, 52, 9, 18, 48]
[0, 15, 41, 8, 43, 47, 52, 9, 44, 54]
[0, 10, 14, 40, 8, 43, 47, 18, 44, 54]
[0, 10, 14, 40, 8, 43, 47, 18, 48, 54]
[0, 10, 14, 45, 8, 43, 47, 18, 44, 54]
[0, 10, 14, 45, 8, 43, 47, 18, 48, 54]
[0, 10, 14, 40, 8, 43, 47, 44, 53, 54]
[0, 10, 40, 15, 8, 43, 47, 18, 44, 54]
[0, 10, 40, 15, 8, 43, 47, 18, 48, 54]
[0, 10, 15, 45, 8, 43, 47, 18, 44, 54]
[0, 10, 15, 45, 8, 43, 47, 18, 48, 54]
[0, 10, 40, 15, 8, 43, 47, 44, 53, 54]
[0, 14, 40, 8, 43, 47, 52, 18, 44, 54]
[0, 14, 45, 8, 43, 47, 52, 18, 48, 54]
[0, 14, 40, 8, 43, 47, 52, 44, 53, 54]
[0, 40, 15, 8, 43, 47, 52, 18, 44, 54]
[0, 15, 45, 8, 43, 47, 52, 18, 48, 54]
[0, 40, 15, 8, 43, 47, 52, 44, 53, 54]
[0, 10, 14, 40, 15, 41, 9, 18, 53, 54]
[0, 10, 14, 40, 15, 41, 9, 44, 48, 54]
[0, 10, 14, 15, 41, 45, 9, 44, 48, 54]
[0, 10, 40, 41, 43, 47, 9, 18, 44, 54]
[0, 10, 40, 41, 43, 47, 9, 18, 48, 54]
[0, 10, 41, 45, 43, 47, 9, 18, 44, 54]
[0, 10, 41, 45, 43, 47, 9, 18, 48, 54]
[0, 10, 40, 41, 43, 47, 9, 44, 53, 54]
[0, 14, 40, 15, 41, 52, 9, 18, 44, 48]
[0, 14, 40, 15, 41, 52, 9, 18, 53, 54]
[0, 14, 40, 15, 41, 43, 47, 52, 9, 48]
[0, 14, 15, 41, 45, 43, 47, 52, 9, 44]
[0, 14, 15, 41, 45, 52, 9, 44, 48, 54]
[0, 40, 41, 43, 47, 52, 9, 18, 44, 54]
[0, 41, 45, 43, 47, 52, 9, 18, 48, 54]
[0, 40, 41, 43, 47, 52, 9, 44, 53, 54]
[0, 10, 14, 40, 15, 45, 18, 44, 48, 54]
[0, 10, 14, 15, 43, 47, 18, 44, 53, 54]
[0, 10, 14, 40, 15, 45, 43, 47, 44, 54]
[0, 10, 14, 40, 15, 45, 43, 47, 48, 54]
[0, 14, 40, 15, 45, 43, 47, 52, 18, 44]
[0, 14, 40, 15, 45, 52, 18, 44, 48, 54]
[0, 14, 15, 43, 47, 52, 18, 44, 53, 54]
[0, 14, 40, 15, 45, 43, 47, 52, 48, 54]
[10, 5, 14, 40, 6, 8, 9, 18, 48, 53]
[10, 5, 14, 6, 45, 8, 9, 18, 44, 53]
[10, 5, 14, 40, 6, 41, 45, 8, 52, 9]
[10, 5, 14, 40, 6, 41, 45, 8, 9, 54]
[10, 5, 14, 40, 6, 8, 9, 44, 53, 54]
[10, 5, 14, 6, 41, 8, 9, 44, 48, 54]
[10, 5, 14, 6, 45, 8, 43, 47, 9, 53]
[10, 5, 14, 6, 45, 8, 9, 48, 53, 54]
[10, 5, 40, 6, 15, 8, 9, 18, 48, 53]
[10, 5, 6, 15, 45, 8, 9, 18, 44, 53]
[10, 5, 40, 6, 15, 41, 45, 8, 52, 9]
[10, 5, 40, 6, 15, 41, 45, 8, 9, 54]
[10, 5, 40, 6, 15, 8, 9, 44, 53, 54]
[10, 5, 6, 15, 41, 8, 9, 44, 48, 54]
[10, 5, 6, 15, 45, 8, 43, 47, 9, 53]
[10, 5, 6, 15, 45, 8, 9, 48, 53, 54]
[10, 5, 14, 40, 6, 8, 18, 44, 48, 54]
[10, 5, 14, 6, 41, 8, 18, 44, 53, 54]
[10, 5, 14, 6, 45, 8, 18, 44, 48, 54]
[10, 5, 14, 40, 6, 41, 45, 8, 44, 53]
[10, 5, 14, 40, 6, 8, 43, 47, 44, 54]
[10, 5, 14, 40, 6, 8, 43, 47, 48, 54]
[10, 5, 14, 6, 41, 8, 43, 47, 53, 54]
[10, 5, 14, 6, 45, 8, 43, 47, 52, 44]
[10, 5, 14, 6, 45, 8, 43, 47, 44, 54]
[10, 5, 14, 6, 45, 8, 43, 47, 48, 54]
[10, 5, 40, 6, 15, 8, 18, 44, 48, 54]
[10, 5, 6, 15, 41, 8, 18, 44, 53, 54]
[10, 5, 6, 15, 45, 8, 18, 44, 48, 54]
[10, 5, 40, 6, 15, 41, 45, 8, 44, 53]
[10, 5, 40, 6, 15, 8, 43, 47, 44, 54]
[10, 5, 40, 6, 15, 8, 43, 47, 48, 54]
[10, 5, 6, 15, 41, 8, 43, 47, 53, 54]
[10, 5, 6, 15, 45, 8, 43, 47, 52, 44]
[10, 5, 6, 15, 45, 8, 43, 47, 44, 54]
[10, 5, 6, 15, 45, 8, 43, 47, 48, 54]
[10, 5, 14, 40, 6, 15, 41, 9, 18, 54]
[10, 5, 14, 6, 15, 41, 45, 52, 9, 18]
[10, 5, 14, 6, 15, 41, 45, 9, 18, 54]
[10, 5, 14, 6, 15, 9, 18, 44, 53, 54]
[10, 5, 14, 40, 6, 15, 45, 9, 44, 53]
[10, 5, 14, 6, 15, 43, 47, 9, 53, 54]
[10, 5, 40, 6, 41, 9, 18, 44, 48, 54]
[10, 5, 40, 6, 45, 43, 47, 9, 18, 53]
[10, 5, 40, 6, 45, 9, 18, 48, 53, 54]
[10, 5, 6, 41, 45, 9, 18, 44, 48, 54]
[10, 5, 6, 43, 47, 9, 18, 44, 48, 53]
[10, 5, 40, 6, 41, 43, 47, 9, 44, 54]
[10, 5, 40, 6, 41, 43, 47, 9, 48, 54]
[10, 5, 40, 6, 45, 52, 9, 44, 53, 54]
[10, 5, 6, 41, 45, 43, 47, 52, 9, 44]
[10, 5, 6, 41, 45, 43, 47, 9, 44, 54]
[10, 5, 6, 41, 45, 43, 47, 9, 48, 54]
[10, 5, 14, 40, 6, 15, 41, 18, 48, 53]
[10, 5, 14, 6, 15, 41, 45, 18, 44, 53]
[10, 5, 14, 6, 15, 43, 47, 18, 44, 54]
[10, 5, 14, 6, 15, 43, 47, 18, 48, 54]
[10, 5, 14, 40, 6, 15, 41, 44, 53, 54]
[10, 5, 14, 40, 6, 15, 45, 44, 48, 54]
[10, 5, 14, 6, 15, 41, 45, 43, 47, 53]
[10, 5, 14, 6, 15, 41, 45, 48, 53, 54]
[10, 5, 40, 6, 41, 43, 47, 18, 53, 54]
[10, 5, 40, 6, 45, 43, 47, 52, 18, 44]
[10, 5, 40, 6, 45, 43, 47, 18, 44, 54]
[10, 5, 40, 6, 45, 43, 47, 18, 48, 54]
[10, 5, 6, 41, 45, 52, 18, 44, 53, 54]
[10, 5, 40, 6, 41, 43, 47, 44, 48, 53]
[10, 5, 6, 41, 45, 43, 47, 52, 53, 54]
[10, 14, 40, 41, 45, 8, 52, 9, 18, 53]
[10, 14, 40, 41, 45, 8, 52, 9, 18, 54]
[10, 14, 40, 41, 45, 8, 9, 18, 53, 54]
[10, 14, 41, 8, 43, 47, 9, 18, 44, 54]
[10, 14, 40, 41, 45, 8, 43, 47, 9, 44]
[10, 14, 40, 41, 45, 8, 52, 9, 44, 48]
[10, 14, 40, 41, 45, 8, 9, 44, 48, 53]
[10, 14, 40, 41, 45, 8, 52, 9, 53, 54]
[10, 40, 15, 41, 45, 8, 52, 9, 18, 53]
[10, 40, 15, 41, 45, 8, 52, 9, 18, 54]
[10, 40, 15, 41, 45, 8, 9, 18, 53, 54]
[10, 15, 41, 8, 43, 47, 9, 18, 44, 54]
[10, 40, 15, 41, 45, 8, 43, 47, 9, 44]
[10, 40, 15, 41, 45, 8, 52, 9, 44, 48]
[10, 40, 15, 41, 45, 8, 9, 44, 48, 53]
[10, 40, 15, 41, 45, 8, 52, 9, 53, 54]
[10, 14, 45, 8, 43, 47, 52, 18, 44, 53]
[10, 14, 45, 8, 43, 47, 52, 18, 44, 54]
[10, 14, 45, 8, 43, 47, 18, 44, 53, 54]
[10, 14, 45, 8, 43, 47, 52, 18, 48, 54]
[10, 14, 45, 8, 43, 47, 18, 48, 53, 54]
[10, 14, 45, 8, 43, 47, 52, 44, 53, 54]
[10, 15, 45, 8, 43, 47, 52, 18, 44, 53]
[10, 15, 45, 8, 43, 47, 52, 18, 44, 54]
[10, 15, 45, 8, 43, 47, 18, 44, 53, 54]
[10, 15, 45, 8, 43, 47, 52, 18, 48, 54]
[10, 15, 45, 8, 43, 47, 18, 48, 53, 54]
[10, 15, 45, 8, 43, 47, 52, 44, 53, 54]
[10, 14, 15, 41, 45, 43, 47, 9, 18, 44]
[10, 14, 15, 41, 45, 52, 9, 18, 44, 48]
[10, 14, 15, 41, 45, 9, 18, 44, 48, 53]
[10, 14, 15, 41, 45, 52, 9, 18, 53, 54]
[10, 14, 40, 15, 41, 43, 47, 9, 44, 54]
[10, 14, 15, 41, 45, 43, 47, 52, 9, 44]
[10, 14, 15, 41, 45, 43, 47, 9, 44, 53]
[10, 14, 15, 41, 45, 43, 47, 9, 44, 54]
[10, 14, 15, 41, 45, 43, 47, 52, 9, 48]
[10, 14, 15, 41, 45, 43, 47, 9, 48, 53]
[10, 14, 15, 41, 45, 52, 9, 44, 48, 54]
[10, 14, 15, 41, 45, 9, 44, 48, 53, 54]
[10, 41, 45, 43, 47, 52, 9, 18, 44, 53]
[10, 41, 45, 43, 47, 52, 9, 18, 44, 54]
[10, 41, 45, 43, 47, 9, 18, 44, 53, 54]
[10, 41, 45, 43, 47, 52, 9, 18, 48, 54]
[10, 41, 45, 43, 47, 9, 18, 48, 53, 54]
[10, 41, 45, 43, 47, 52, 9, 44, 53, 54]
[10, 14, 40, 15, 45, 43, 47, 52, 18, 44]
[10, 14, 40, 15, 45, 43, 47, 18, 44, 53]
[10, 14, 40, 15, 45, 43, 47, 18, 44, 54]
[10, 14, 40, 15, 45, 43, 47, 52, 18, 48]
[10, 14, 40, 15, 45, 43, 47, 18, 48, 53]
[10, 14, 40, 15, 45, 52, 18, 44, 48, 54]
[10, 14, 40, 15, 45, 18, 44, 48, 53, 54]
[10, 14, 40, 15, 45, 43, 47, 52, 44, 53]
[10, 14, 40, 15, 45, 43, 47, 52, 44, 54]
[10, 14, 40, 15, 45, 43, 47, 44, 53, 54]
[10, 14, 40, 15, 45, 43, 47, 52, 48, 54]
[10, 14, 40, 15, 45, 43, 47, 48, 53, 54]
[10, 40, 45, 43, 47, 52, 18, 44, 53, 54]
[0, 10, 5, 14, 40, 6, 41, 45, 8, 9, 54]
[0, 10, 5, 14, 6, 45, 8, 9, 44, 53, 54]
[0, 10, 5, 40, 6, 15, 41, 45, 8, 9, 54]
[0, 10, 5, 6, 15, 45, 8, 9, 44, 53, 54]
[0, 5, 14, 40, 6, 41, 45, 8, 52, 9, 18]
[0, 5, 14, 6, 45, 8, 52, 9, 18, 44, 53]
[0, 5, 14, 40, 6, 8, 52, 9, 44, 53, 54]
[0, 5, 14, 6, 45, 8, 43, 47, 52, 9, 53]
[0, 5, 40, 6, 15, 41, 45, 8, 52, 9, 18]
[0, 5, 6, 15, 45, 8, 52, 9, 18, 44, 53]
[0, 5, 40, 6, 15, 8, 52, 9, 44, 53, 54]
[0, 5, 6, 15, 45, 8, 43, 47, 52, 9, 53]
[0, 10, 5, 14, 40, 6, 8, 43, 47, 44, 54]
[0, 10, 5, 14, 6, 45, 8, 43, 47, 44, 54]
[0, 10, 5, 40, 6, 15, 8, 43, 47, 44, 54]
[0, 10, 5, 6, 15, 45, 8, 43, 47, 44, 54]
[0, 5, 14, 6, 41, 8, 52, 18, 44, 53, 54]
[0, 5, 14, 6, 45, 8, 43, 47, 52, 18, 44]
[0, 5, 14, 40, 6, 41, 45, 8, 52, 44, 53]
[0, 5, 14, 6, 41, 8, 43, 47, 52, 53, 54]
[0, 5, 6, 15, 41, 8, 52, 18, 44, 53, 54]
[0, 5, 6, 15, 45, 8, 43, 47, 52, 18, 44]
[0, 5, 40, 6, 15, 41, 45, 8, 52, 44, 53]
[0, 5, 6, 15, 41, 8, 43, 47, 52, 53, 54]
[0, 10, 5, 14, 40, 6, 15, 41, 9, 18, 54]
[0, 10, 5, 14, 6, 15, 41, 45, 9, 18, 54]
[0, 10, 5, 40, 6, 45, 9, 18, 44, 53, 54]
[0, 10, 5, 40, 6, 41, 43, 47, 9, 44, 54]
[0, 10, 5, 40, 6, 45, 43, 47, 9, 53, 54]
[0, 10, 5, 6, 41, 45, 43, 47, 9, 44, 54]
[0, 5, 14, 6, 15, 52, 9, 18, 44, 53, 54]
[0, 5, 14, 40, 6, 15, 45, 52, 9, 44, 53]
[0, 5, 14, 6, 15, 43, 47, 52, 9, 53, 54]
[0, 5, 40, 6, 45, 43, 47, 52, 9, 18, 53]
[0, 5, 6, 41, 45, 43, 47, 52, 9, 18, 44]
[0, 10, 5, 14, 6, 15, 43, 47, 18, 44, 54]
[0, 10, 5, 14, 6, 15, 41, 45, 44, 53, 54]
[0, 10, 5, 40, 6, 45, 43, 47, 18, 44, 54]
[0, 10, 5, 6, 41, 45, 43, 47, 18, 53, 54]
[0, 5, 14, 6, 15, 41, 45, 52, 18, 44, 53]
[0, 5, 14, 40, 6, 15, 41, 52, 44, 53, 54]
[0, 5, 14, 40, 6, 15, 45, 43, 47, 52, 44]
[0, 5, 14, 6, 15, 41, 45, 43, 47, 52, 53]
[0, 5, 40, 6, 41, 43, 47, 52, 18, 53, 54]
[0, 10, 14, 41, 8, 43, 47, 9, 18, 44, 54]
[0, 10, 14, 41, 8, 43, 47, 9, 18, 48, 54]
[0, 10, 14, 40, 41, 45, 8, 9, 44, 48, 54]
[0, 10, 14, 41, 8, 43, 47, 9, 44, 53, 54]
[0, 10, 15, 41, 8, 43, 47, 9, 18, 44, 54]
[0, 10, 15, 41, 8, 43, 47, 9, 18, 48, 54]
[0, 10, 40, 15, 41, 45, 8, 9, 44, 48, 54]
[0, 10, 15, 41, 8, 43, 47, 9, 44, 53, 54]
[0, 14, 41, 8, 43, 47, 52, 9, 18, 44, 54]
[0, 14, 40, 41, 45, 8, 43, 47, 52, 9, 44]
[0, 14, 40, 41, 45, 8, 52, 9, 44, 48, 54]
[0, 14, 41, 8, 43, 47, 52, 9, 44, 53, 54]
[0, 15, 41, 8, 43, 47, 52, 9, 18, 44, 54]
[0, 40, 15, 41, 45, 8, 43, 47, 52, 9, 44]
[0, 40, 15, 41, 45, 8, 52, 9, 44, 48, 54]
[0, 15, 41, 8, 43, 47, 52, 9, 44, 53, 54]
[0, 10, 14, 40, 8, 43, 47, 18, 44, 53, 54]
[0, 10, 40, 15, 8, 43, 47, 18, 44, 53, 54]
[0, 14, 40, 8, 43, 47, 52, 18, 44, 53, 54]
[0, 40, 15, 8, 43, 47, 52, 18, 44, 53, 54]
[0, 10, 14, 40, 15, 41, 9, 18, 44, 48, 54]
[0, 10, 14, 15, 41, 45, 9, 18, 44, 48, 54]
[0, 10, 14, 40, 15, 41, 43, 47, 9, 44, 54]
[0, 10, 14, 40, 15, 41, 43, 47, 9, 48, 54]
[0, 10, 14, 15, 41, 45, 43, 47, 9, 44, 54]
[0, 10, 14, 15, 41, 45, 43, 47, 9, 48, 54]
[0, 10, 40, 41, 43, 47, 9, 18, 44, 53, 54]
[0, 14, 40, 15, 41, 43, 47, 52, 9, 18, 48]
[0, 14, 15, 41, 45, 43, 47, 52, 9, 18, 44]
[0, 14, 15, 41, 45, 52, 9, 18, 44, 48, 54]
[0, 14, 40, 15, 41, 43, 47, 52, 9, 44, 54]
[0, 14, 15, 41, 45, 43, 47, 52, 9, 48, 54]
[0, 40, 41, 43, 47, 52, 9, 18, 44, 53, 54]
[0, 10, 14, 40, 15, 45, 43, 47, 18, 44, 54]
[0, 10, 14, 40, 15, 45, 43, 47, 18, 48, 54]
[0, 14, 40, 15, 45, 43, 47, 52, 18, 48, 54]
[10, 5, 14, 40, 6, 41, 45, 8, 52, 9, 18]
[10, 5, 14, 40, 6, 41, 45, 8, 9, 18, 54]
[10, 5, 14, 40, 6, 8, 9, 18, 44, 53, 54]
[10, 5, 14, 6, 41, 8, 9, 18, 44, 48, 54]
[10, 5, 14, 6, 45, 8, 43, 47, 9, 18, 53]
[10, 5, 14, 6, 45, 8, 9, 18, 48, 53, 54]
[10, 5, 14, 40, 6, 8, 43, 47, 9, 53, 54]
[10, 5, 14, 6, 41, 8, 43, 47, 9, 44, 54]
[10, 5, 14, 6, 41, 8, 43, 47, 9, 48, 54]
[10, 5, 14, 6, 45, 8, 52, 9, 44, 53, 54]
[10, 5, 40, 6, 15, 41, 45, 8, 52, 9, 18]
[10, 5, 40, 6, 15, 41, 45, 8, 9, 18, 54]
[10, 5, 40, 6, 15, 8, 9, 18, 44, 53, 54]
[10, 5, 6, 15, 41, 8, 9, 18, 44, 48, 54]
[10, 5, 6, 15, 45, 8, 43, 47, 9, 18, 53]
[10, 5, 6, 15, 45, 8, 9, 18, 48, 53, 54]
[10, 5, 40, 6, 15, 8, 43, 47, 9, 53, 54]
[10, 5, 6, 15, 41, 8, 43, 47, 9, 44, 54]
[10, 5, 6, 15, 41, 8, 43, 47, 9, 48, 54]
[10, 5, 6, 15, 45, 8, 52, 9, 44, 53, 54]
[10, 5, 14, 40, 6, 41, 45, 8, 18, 44, 53]
[10, 5, 14, 40, 6, 8, 43, 47, 18, 44, 54]
[10, 5, 14, 40, 6, 8, 43, 47, 18, 48, 54]
[10, 5, 14, 6, 41, 8, 43, 47, 18, 53, 54]
[10, 5, 14, 6, 45, 8, 43, 47, 52, 18, 44]
[10, 5, 14, 6, 45, 8, 43, 47, 18, 44, 54]
[10, 5, 14, 6, 45, 8, 43, 47, 18, 48, 54]
[10, 5, 14, 40, 6, 41, 45, 8, 43, 47, 53]
[10, 5, 14, 40, 6, 41, 45, 8, 48, 53, 54]
[10, 5, 14, 6, 41, 8, 43, 47, 44, 48, 53]
[10, 5, 40, 6, 15, 41, 45, 8, 18, 44, 53]
[10, 5, 40, 6, 15, 8, 43, 47, 18, 44, 54]
[10, 5, 40, 6, 15, 8, 43, 47, 18, 48, 54]
[10, 5, 6, 15, 41, 8, 43, 47, 18, 53, 54]
[10, 5, 6, 15, 45, 8, 43, 47, 52, 18, 44]
[10, 5, 6, 15, 45, 8, 43, 47, 18, 44, 54]
[10, 5, 6, 15, 45, 8, 43, 47, 18, 48, 54]
[10, 5, 40, 6, 15, 41, 45, 8, 43, 47, 53]
[10, 5, 40, 6, 15, 41, 45, 8, 48, 53, 54]
[10, 5, 6, 15, 41, 8, 43, 47, 44, 48, 53]
[10, 5, 14, 40, 6, 15, 45, 9, 18, 44, 53]
[10, 5, 14, 6, 15, 43, 47, 9, 18, 53, 54]
[10, 5, 14, 40, 6, 15, 41, 9, 44, 48, 54]
[10, 5, 14, 40, 6, 15, 45, 43, 47, 9, 53]
[10, 5, 14, 40, 6, 15, 45, 9, 48, 53, 54]
[10, 5, 14, 6, 15, 41, 45, 9, 44, 48, 54]
[10, 5, 14, 6, 15, 43, 47, 9, 44, 48, 53]
[10, 5, 40, 6, 41, 43, 47, 9, 18, 44, 54]
[10, 5, 40, 6, 41, 43, 47, 9, 18, 48, 54]
[10, 5, 40, 6, 45, 52, 9, 18, 44, 53, 54]
[10, 5, 6, 41, 45, 43, 47, 52, 9, 18, 44]
[10, 5, 6, 41, 45, 43, 47, 9, 18, 44, 54]
[10, 5, 6, 41, 45, 43, 47, 9, 18, 48, 54]
[10, 5, 40, 6, 45, 43, 47, 52, 9, 53, 54]
[10, 5, 14, 40, 6, 15, 41, 18, 44, 53, 54]
[10, 5, 14, 40, 6, 15, 45, 18, 44, 48, 54]
[10, 5, 14, 6, 15, 41, 45, 43, 47, 18, 53]
[10, 5, 14, 6, 15, 41, 45, 18, 48, 53, 54]
[10, 5, 14, 40, 6, 15, 41, 43, 47, 53, 54]
[10, 5, 14, 40, 6, 15, 45, 43, 47, 52, 44]
[10, 5, 14, 40, 6, 15, 45, 43, 47, 44, 54]
[10, 5, 14, 40, 6, 15, 45, 43, 47, 48, 54]
[10, 5, 14, 6, 15, 41, 45, 52, 44, 53, 54]
[10, 5, 40, 6, 41, 43, 47, 18, 44, 48, 53]
[10, 5, 6, 41, 45, 43, 47, 52, 18, 53, 54]
[10, 5, 6, 41, 45, 43, 47, 44, 48, 53, 54]
[10, 14, 40, 41, 45, 8, 43, 47, 9, 18, 44]
[10, 14, 40, 41, 45, 8, 52, 9, 18, 44, 48]
[10, 14, 40, 41, 45, 8, 9, 18, 44, 48, 53]
[10, 14, 40, 41, 45, 8, 52, 9, 18, 53, 54]
[10, 14, 40, 41, 45, 8, 43, 47, 52, 9, 44]
[10, 14, 40, 41, 45, 8, 43, 47, 9, 44, 53]
[10, 14, 40, 41, 45, 8, 43, 47, 9, 44, 54]
[10, 14, 40, 41, 45, 8, 43, 47, 52, 9, 48]
[10, 14, 40, 41, 45, 8, 43, 47, 9, 48, 53]
[10, 14, 40, 41, 45, 8, 52, 9, 44, 48, 54]
[10, 14, 40, 41, 45, 8, 9, 44, 48, 53, 54]
[10, 40, 15, 41, 45, 8, 43, 47, 9, 18, 44]
[10, 40, 15, 41, 45, 8, 52, 9, 18, 44, 48]
[10, 40, 15, 41, 45, 8, 9, 18, 44, 48, 53]
[10, 40, 15, 41, 45, 8, 52, 9, 18, 53, 54]
[10, 40, 15, 41, 45, 8, 43, 47, 52, 9, 44]
[10, 40, 15, 41, 45, 8, 43, 47, 9, 44, 53]
[10, 40, 15, 41, 45, 8, 43, 47, 9, 44, 54]
[10, 40, 15, 41, 45, 8, 43, 47, 52, 9, 48]
[10, 40, 15, 41, 45, 8, 43, 47, 9, 48, 53]
[10, 40, 15, 41, 45, 8, 52, 9, 44, 48, 54]
[10, 40, 15, 41, 45, 8, 9, 44, 48, 53, 54]
[10, 14, 45, 8, 43, 47, 52, 18, 44, 53, 54]
[10, 15, 45, 8, 43, 47, 52, 18, 44, 53, 54]
[10, 14, 40, 15, 41, 43, 47, 9, 18, 44, 54]
[10, 14, 15, 41, 45, 43, 47, 52, 9, 18, 44]
[10, 14, 15, 41, 45, 43, 47, 9, 18, 44, 53]
[10, 14, 15, 41, 45, 43, 47, 9, 18, 44, 54]
[10, 14, 15, 41, 45, 43, 47, 52, 9, 18, 48]
[10, 14, 15, 41, 45, 43, 47, 9, 18, 48, 53]
[10, 14, 15, 41, 45, 52, 9, 18, 44, 48, 54]
[10, 14, 15, 41, 45, 9, 18, 44, 48, 53, 54]
[10, 14, 15, 41, 45, 43, 47, 52, 9, 44, 53]
[10, 14, 15, 41, 45, 43, 47, 52, 9, 44, 54]
[10, 14, 15, 41, 45, 43, 47, 9, 44, 53, 54]
[10, 14, 15, 41, 45, 43, 47, 52, 9, 48, 54]
[10, 14, 15, 41, 45, 43, 47, 9, 48, 53, 54]
[10, 41, 45, 43, 47, 52, 9, 18, 44, 53, 54]
[10, 14, 40, 15, 45, 43, 47, 52, 18, 44, 53]
[10, 14, 40, 15, 45, 43, 47, 52, 18, 44, 54]
[10, 14, 40, 15, 45, 43, 47, 18, 44, 53, 54]
[10, 14, 40, 15, 45, 43, 47, 52, 18, 48, 54]
[10, 14, 40, 15, 45, 43, 47, 18, 48, 53, 54]
[10, 14, 40, 15, 45, 43, 47, 52, 44, 53, 54]
[0, 10, 5, 14, 40, 6, 41, 45, 8, 9, 18, 54]
[0, 10, 5, 14, 6, 45, 8, 9, 18, 44, 53, 54]
[0, 10, 5, 14, 6, 41, 8, 43, 47, 9, 44, 54]
[0, 10, 5, 14, 6, 45, 8, 43, 47, 9, 53, 54]
[0, 10, 5, 40, 6, 15, 41, 45, 8, 9, 18, 54]
[0, 10, 5, 6, 15, 45, 8, 9, 18, 44, 53, 54]
[0, 10, 5, 6, 15, 41, 8, 43, 47, 9, 44, 54]
[0, 10, 5, 6, 15, 45, 8, 43, 47, 9, 53, 54]
[0, 5, 14, 40, 6, 8, 52, 9, 18, 44, 53, 54]
[0, 5, 14, 6, 45, 8, 43, 47, 52, 9, 18, 53]
[0, 5, 14, 40, 6, 8, 43, 47, 52, 9, 53, 54]
[0, 5, 40, 6, 15, 8, 52, 9, 18, 44, 53, 54]
[0, 5, 6, 15, 45, 8, 43, 47, 52, 9, 18, 53]
[0, 5, 40, 6, 15, 8, 43, 47, 52, 9, 53, 54]
[0, 10, 5, 14, 40, 6, 8, 43, 47, 18, 44, 54]
[0, 10, 5, 14, 6, 45, 8, 43, 47, 18, 44, 54]
[0, 10, 5, 14, 40, 6, 41, 45, 8, 44, 53, 54]
[0, 10, 5, 40, 6, 15, 8, 43, 47, 18, 44, 54]
[0, 10, 5, 6, 15, 45, 8, 43, 47, 18, 44, 54]
[0, 10, 5, 40, 6, 15, 41, 45, 8, 44, 53, 54]
[0, 5, 14, 40, 6, 41, 45, 8, 52, 18, 44, 53]
[0, 5, 14, 6, 41, 8, 43, 47, 52, 18, 53, 54]
[0, 5, 14, 40, 6, 41, 45, 8, 43, 47, 52, 53]
[0, 5, 40, 6, 15, 41, 45, 8, 52, 18, 44, 53]
[0, 5, 6, 15, 41, 8, 43, 47, 52, 18, 53, 54]
[0, 5, 40, 6, 15, 41, 45, 8, 43, 47, 52, 53]
[0, 10, 5, 14, 40, 6, 15, 45, 9, 44, 53, 54]
[0, 10, 5, 40, 6, 41, 43, 47, 9, 18, 44, 54]
[0, 10, 5, 40, 6, 45, 43, 47, 9, 18, 53, 54]
[0, 10, 5, 6, 41, 45, 43, 47, 9, 18, 44, 54]
[0, 5, 14, 40, 6, 15, 45, 52, 9, 18, 44, 53]
[0, 5, 14, 6, 15, 43, 47, 52, 9, 18, 53, 54]
[0, 5, 14, 40, 6, 15, 45, 43, 47, 52, 9, 53]
[0, 5, 14, 6, 15, 41, 45, 43, 47, 52, 9, 44]
[0, 10, 5, 14, 6, 15, 41, 45, 18, 44, 53, 54]
[0, 10, 5, 14, 40, 6, 15, 45, 43, 47, 44, 54]
[0, 10, 5, 14, 6, 15, 41, 45, 43, 47, 53, 54]
[0, 5, 14, 40, 6, 15, 41, 52, 18, 44, 53, 54]
[0, 5, 14, 40, 6, 15, 45, 43, 47, 52, 18, 44]
[0, 5, 14, 6, 15, 41, 45, 43, 47, 52, 18, 53]
[0, 5, 14, 40, 6, 15, 41, 43, 47, 52, 53, 54]
[0, 10, 14, 40, 41, 45, 8, 9, 18, 44, 48, 54]
[0, 10, 14, 41, 8, 43, 47, 9, 18, 44, 53, 54]
[0, 10, 14, 40, 41, 45, 8, 43, 47, 9, 44, 54]
[0, 10, 14, 40, 41, 45, 8, 43, 47, 9, 48, 54]
[0, 10, 40, 15, 41, 45, 8, 9, 18, 44, 48, 54]
[0, 10, 15, 41, 8, 43, 47, 9, 18, 44, 53, 54]
[0, 10, 40, 15, 41, 45, 8, 43, 47, 9, 44, 54]
[0, 10, 40, 15, 41, 45, 8, 43, 47, 9, 48, 54]
[0, 14, 40, 41, 45, 8, 43, 47, 52, 9, 18, 44]
[0, 14, 40, 41, 45, 8, 52, 9, 18, 44, 48, 54]
[0, 14, 41, 8, 43, 47, 52, 9, 18, 44, 53, 54]
[0, 14, 40, 41, 45, 8, 43, 47, 52, 9, 48, 54]
[0, 40, 15, 41, 45, 8, 43, 47, 52, 9, 18, 44]
[0, 40, 15, 41, 45, 8, 52, 9, 18, 44, 48, 54]
[0, 15, 41, 8, 43, 47, 52, 9, 18, 44, 53, 54]
[0, 40, 15, 41, 45, 8, 43, 47, 52, 9, 48, 54]
[0, 10, 14, 40, 15, 41, 43, 47, 9, 18, 44, 54]
[0, 10, 14, 40, 15, 41, 43, 47, 9, 18, 48, 54]
[0, 10, 14, 15, 41, 45, 43, 47, 9, 18, 44, 54]
[0, 10, 14, 15, 41, 45, 43, 47, 9, 18, 48, 54]
[0, 10, 14, 40, 15, 41, 43, 47, 9, 44, 53, 54]
[0, 14, 40, 15, 41, 43, 47, 52, 9, 18, 44, 54]
[0, 14, 15, 41, 45, 43, 47, 52, 9, 18, 48, 54]
[0, 14, 40, 15, 41, 43, 47, 52, 9, 44, 53, 54]
[10, 5, 14, 40, 6, 8, 43, 47, 9, 18, 53, 54]
[10, 5, 14, 6, 41, 8, 43, 47, 9, 18, 44, 54]
[10, 5, 14, 6, 41, 8, 43, 47, 9, 18, 48, 54]
[10, 5, 14, 6, 45, 8, 52, 9, 18, 44, 53, 54]
[10, 5, 14, 40, 6, 41, 45, 8, 9, 44, 48, 54]
[10, 5, 14, 40, 6, 8, 43, 47, 9, 44, 48, 53]
[10, 5, 14, 6, 45, 8, 43, 47, 52, 9, 53, 54]
[10, 5, 40, 6, 15, 8, 43, 47, 9, 18, 53, 54]
[10, 5, 6, 15, 41, 8, 43, 47, 9, 18, 44, 54]
[10, 5, 6, 15, 41, 8, 43, 47, 9, 18, 48, 54]
[10, 5, 6, 15, 45, 8, 52, 9, 18, 44, 53, 54]
[10, 5, 40, 6, 15, 41, 45, 8, 9, 44, 48, 54]
[10, 5, 40, 6, 15, 8, 43, 47, 9, 44, 48, 53]
[10, 5, 6, 15, 45, 8, 43, 47, 52, 9, 53, 54]
[10, 5, 14, 40, 6, 41, 45, 8, 43, 47, 18, 53]
[10, 5, 14, 40, 6, 41, 45, 8, 18, 48, 53, 54]
[10, 5, 14, 6, 41, 8, 43, 47, 18, 44, 48, 53]
[10, 5, 14, 40, 6, 41, 45, 8, 52, 44, 53, 54]
[10, 5, 40, 6, 15, 41, 45, 8, 43, 47, 18, 53]
[10, 5, 40, 6, 15, 41, 45, 8, 18, 48, 53, 54]
[10, 5, 6, 15, 41, 8, 43, 47, 18, 44, 48, 53]
[10, 5, 40, 6, 15, 41, 45, 8, 52, 44, 53, 54]
[10, 5, 14, 40, 6, 15, 41, 9, 18, 44, 48, 54]
[10, 5, 14, 40, 6, 15, 45, 43, 47, 9, 18, 53]
[10, 5, 14, 40, 6, 15, 45, 9, 18, 48, 53, 54]
[10, 5, 14, 6, 15, 41, 45, 9, 18, 44, 48, 54]
[10, 5, 14, 6, 15, 43, 47, 9, 18, 44, 48, 53]
[10, 5, 14, 40, 6, 15, 41, 43, 47, 9, 44, 54]
[10, 5, 14, 40, 6, 15, 41, 43, 47, 9, 48, 54]
[10, 5, 14, 40, 6, 15, 45, 52, 9, 44, 53, 54]
[10, 5, 14, 6, 15, 41, 45, 43, 47, 52, 9, 44]
[10, 5, 14, 6, 15, 41, 45, 43, 47, 9, 44, 54]
[10, 5, 14, 6, 15, 41, 45, 43, 47, 9, 48, 54]
[10, 5, 40, 6, 45, 43, 47, 52, 9, 18, 53, 54]
[10, 5, 40, 6, 45, 43, 47, 9, 44, 48, 53, 54]
[10, 5, 14, 40, 6, 15, 41, 43, 47, 18, 53, 54]
[10, 5, 14, 40, 6, 15, 45, 43, 47, 52, 18, 44]
[10, 5, 14, 40, 6, 15, 45, 43, 47, 18, 44, 54]
[10, 5, 14, 40, 6, 15, 45, 43, 47, 18, 48, 54]
[10, 5, 14, 6, 15, 41, 45, 52, 18, 44, 53, 54]
[10, 5, 14, 40, 6, 15, 41, 43, 47, 44, 48, 53]
[10, 5, 14, 6, 15, 41, 45, 43, 47, 52, 53, 54]
[10, 5, 6, 41, 45, 43, 47, 18, 44, 48, 53, 54]
[10, 14, 40, 41, 45, 8, 43, 47, 52, 9, 18, 44]
[10, 14, 40, 41, 45, 8, 43, 47, 9, 18, 44, 53]
[10, 14, 40, 41, 45, 8, 43, 47, 9, 18, 44, 54]
[10, 14, 40, 41, 45, 8, 43, 47, 52, 9, 18, 48]
[10, 14, 40, 41, 45, 8, 43, 47, 9, 18, 48, 53]
[10, 14, 40, 41, 45, 8, 52, 9, 18, 44, 48, 54]
[10, 14, 40, 41, 45, 8, 9, 18, 44, 48, 53, 54]
[10, 14, 40, 41, 45, 8, 43, 47, 52, 9, 44, 53]
[10, 14, 40, 41, 45, 8, 43, 47, 52, 9, 44, 54]
[10, 14, 40, 41, 45, 8, 43, 47, 9, 44, 53, 54]
[10, 14, 40, 41, 45, 8, 43, 47, 52, 9, 48, 54]
[10, 14, 40, 41, 45, 8, 43, 47, 9, 48, 53, 54]
[10, 40, 15, 41, 45, 8, 43, 47, 52, 9, 18, 44]
[10, 40, 15, 41, 45, 8, 43, 47, 9, 18, 44, 53]
[10, 40, 15, 41, 45, 8, 43, 47, 9, 18, 44, 54]
[10, 40, 15, 41, 45, 8, 43, 47, 52, 9, 18, 48]
[10, 40, 15, 41, 45, 8, 43, 47, 9, 18, 48, 53]
[10, 40, 15, 41, 45, 8, 52, 9, 18, 44, 48, 54]
[10, 40, 15, 41, 45, 8, 9, 18, 44, 48, 53, 54]
[10, 40, 15, 41, 45, 8, 43, 47, 52, 9, 44, 53]
[10, 40, 15, 41, 45, 8, 43, 47, 52, 9, 44, 54]
[10, 40, 15, 41, 45, 8, 43, 47, 9, 44, 53, 54]
[10, 40, 15, 41, 45, 8, 43, 47, 52, 9, 48, 54]
[10, 40, 15, 41, 45, 8, 43, 47, 9, 48, 53, 54]
[10, 14, 15, 41, 45, 43, 47, 52, 9, 18, 44, 53]
[10, 14, 15, 41, 45, 43, 47, 52, 9, 18, 44, 54]
[10, 14, 15, 41, 45, 43, 47, 9, 18, 44, 53, 54]
[10, 14, 15, 41, 45, 43, 47, 52, 9, 18, 48, 54]
[10, 14, 15, 41, 45, 43, 47, 9, 18, 48, 53, 54]
[10, 14, 15, 41, 45, 43, 47, 52, 9, 44, 53, 54]
[10, 14, 40, 15, 45, 43, 47, 52, 18, 44, 53, 54]
[0, 10, 5, 14, 6, 41, 8, 43, 47, 9, 18, 44, 54]
[0, 10, 5, 14, 6, 45, 8, 43, 47, 9, 18, 53, 54]
[0, 10, 5, 6, 15, 41, 8, 43, 47, 9, 18, 44, 54]
[0, 10, 5, 6, 15, 45, 8, 43, 47, 9, 18, 53, 54]
[0, 5, 14, 40, 6, 8, 43, 47, 52, 9, 18, 53, 54]
[0, 5, 14, 40, 6, 41, 45, 8, 43, 47, 52, 9, 44]
[0, 5, 40, 6, 15, 8, 43, 47, 52, 9, 18, 53, 54]
[0, 5, 40, 6, 15, 41, 45, 8, 43, 47, 52, 9, 44]
[0, 10, 5, 14, 40, 6, 41, 45, 8, 18, 44, 53, 54]
[0, 10, 5, 14, 40, 6, 41, 45, 8, 43, 47, 53, 54]
[0, 10, 5, 40, 6, 15, 41, 45, 8, 18, 44, 53, 54]
[0, 10, 5, 40, 6, 15, 41, 45, 8, 43, 47, 53, 54]
[0, 5, 14, 40, 6, 41, 45, 8, 43, 47, 52, 18, 53]
[0, 5, 40, 6, 15, 41, 45, 8, 43, 47, 52, 18, 53]
[0, 10, 5, 14, 40, 6, 15, 45, 9, 18, 44, 53, 54]
[0, 10, 5, 14, 40, 6, 15, 41, 43, 47, 9, 44, 54]
[0, 10, 5, 14, 40, 6, 15, 45, 43, 47, 9, 53, 54]
[0, 10, 5, 14, 6, 15, 41, 45, 43, 47, 9, 44, 54]
[0, 5, 14, 40, 6, 15, 45, 43, 47, 52, 9, 18, 53]
[0, 5, 14, 6, 15, 41, 45, 43, 47, 52, 9, 18, 44]
[0, 10, 5, 14, 40, 6, 15, 45, 43, 47, 18, 44, 54]
[0, 10, 5, 14, 6, 15, 41, 45, 43, 47, 18, 53, 54]
[0, 5, 14, 40, 6, 15, 41, 43, 47, 52, 18, 53, 54]
[0, 10, 14, 40, 41, 45, 8, 43, 47, 9, 18, 44, 54]
[0, 10, 14, 40, 41, 45, 8, 43, 47, 9, 18, 48, 54]
[0, 10, 40, 15, 41, 45, 8, 43, 47, 9, 18, 44, 54]
[0, 10, 40, 15, 41, 45, 8, 43, 47, 9, 18, 48, 54]
[0, 14, 40, 41, 45, 8, 43, 47, 52, 9, 18, 48, 54]
[0, 40, 15, 41, 45, 8, 43, 47, 52, 9, 18, 48, 54]
[0, 10, 14, 40, 15, 41, 43, 47, 9, 18, 44, 53, 54]
[0, 14, 40, 15, 41, 43, 47, 52, 9, 18, 44, 53, 54]
[10, 5, 14, 40, 6, 41, 45, 8, 9, 18, 44, 48, 54]
[10, 5, 14, 40, 6, 8, 43, 47, 9, 18, 44, 48, 53]
[10, 5, 14, 6, 45, 8, 43, 47, 52, 9, 18, 53, 54]
[10, 5, 14, 40, 6, 41, 45, 8, 43, 47, 52, 9, 44]
[10, 5, 14, 40, 6, 41, 45, 8, 43, 47, 9, 44, 54]
[10, 5, 14, 40, 6, 41, 45, 8, 43, 47, 9, 48, 54]
[10, 5, 14, 6, 45, 8, 43, 47, 9, 44, 48, 53, 54]
[10, 5, 40, 6, 15, 41, 45, 8, 9, 18, 44, 48, 54]
[10, 5, 40, 6, 15, 8, 43, 47, 9, 18, 44, 48, 53]
[10, 5, 6, 15, 45, 8, 43, 47, 52, 9, 18, 53, 54]
[10, 5, 40, 6, 15, 41, 45, 8, 43, 47, 52, 9, 44]
[10, 5, 40, 6, 15, 41, 45, 8, 43, 47, 9, 44, 54]
[10, 5, 40, 6, 15, 41, 45, 8, 43, 47, 9, 48, 54]
[10, 5, 6, 15, 45, 8, 43, 47, 9, 44, 48, 53, 54]
[10, 5, 14, 40, 6, 41, 45, 8, 52, 18, 44, 53, 54]
[10, 5, 14, 40, 6, 41, 45, 8, 43, 47, 52, 53, 54]
[10, 5, 40, 6, 15, 41, 45, 8, 52, 18, 44, 53, 54]
[10, 5, 40, 6, 15, 41, 45, 8, 43, 47, 52, 53, 54]
[10, 5, 14, 40, 6, 15, 41, 43, 47, 9, 18, 44, 54]
[10, 5, 14, 40, 6, 15, 41, 43, 47, 9, 18, 48, 54]
[10, 5, 14, 40, 6, 15, 45, 52, 9, 18, 44, 53, 54]
[10, 5, 14, 6, 15, 41, 45, 43, 47, 52, 9, 18, 44]
[10, 5, 14, 6, 15, 41, 45, 43, 47, 9, 18, 44, 54]
[10, 5, 14, 6, 15, 41, 45, 43, 47, 9, 18, 48, 54]
[10, 5, 14, 40, 6, 15, 45, 43, 47, 52, 9, 53, 54]
[10, 5, 40, 6, 45, 43, 47, 9, 18, 44, 48, 53, 54]
[10, 5, 14, 40, 6, 15, 41, 43, 47, 18, 44, 48, 53]
[10, 5, 14, 6, 15, 41, 45, 43, 47, 52, 18, 53, 54]
[10, 5, 14, 6, 15, 41, 45, 43, 47, 44, 48, 53, 54]
[10, 14, 40, 41, 45, 8, 43, 47, 52, 9, 18, 44, 53]
[10, 14, 40, 41, 45, 8, 43, 47, 52, 9, 18, 44, 54]
[10, 14, 40, 41, 45, 8, 43, 47, 9, 18, 44, 53, 54]
[10, 14, 40, 41, 45, 8, 43, 47, 52, 9, 18, 48, 54]
[10, 14, 40, 41, 45, 8, 43, 47, 9, 18, 48, 53, 54]
[10, 14, 40, 41, 45, 8, 43, 47, 52, 9, 44, 53, 54]
[10, 40, 15, 41, 45, 8, 43, 47, 52, 9, 18, 44, 53]
[10, 40, 15, 41, 45, 8, 43, 47, 52, 9, 18, 44, 54]
[10, 40, 15, 41, 45, 8, 43, 47, 9, 18, 44, 53, 54]
[10, 40, 15, 41, 45, 8, 43, 47, 52, 9, 18, 48, 54]
[10, 40, 15, 41, 45, 8, 43, 47, 9, 18, 48, 53, 54]
[10, 40, 15, 41, 45, 8, 43, 47, 52, 9, 44, 53, 54]
[10, 14, 15, 41, 45, 43, 47, 52, 9, 18, 44, 53, 54]
[0, 10, 5, 14, 40, 6, 41, 45, 8, 43, 47, 9, 44, 54]
[0, 10, 5, 40, 6, 15, 41, 45, 8, 43, 47, 9, 44, 54]
[0, 5, 14, 40, 6, 41, 45, 8, 43, 47, 52, 9, 18, 44]
[0, 5, 40, 6, 15, 41, 45, 8, 43, 47, 52, 9, 18, 44]
[0, 10, 5, 14, 40, 6, 41, 45, 8, 43, 47, 18, 53, 54]
[0, 10, 5, 40, 6, 15, 41, 45, 8, 43, 47, 18, 53, 54]
[0, 10, 5, 14, 40, 6, 15, 41, 43, 47, 9, 18, 44, 54]
[0, 10, 5, 14, 40, 6, 15, 45, 43, 47, 9, 18, 53, 54]
[0, 10, 5, 14, 6, 15, 41, 45, 43, 47, 9, 18, 44, 54]
[10, 5, 14, 40, 6, 41, 45, 8, 43, 47, 52, 9, 18, 44]
[10, 5, 14, 40, 6, 41, 45, 8, 43, 47, 9, 18, 44, 54]
[10, 5, 14, 40, 6, 41, 45, 8, 43, 47, 9, 18, 48, 54]
[10, 5, 14, 6, 45, 8, 43, 47, 9, 18, 44, 48, 53, 54]
[10, 5, 40, 6, 15, 41, 45, 8, 43, 47, 52, 9, 18, 44]
[10, 5, 40, 6, 15, 41, 45, 8, 43, 47, 9, 18, 44, 54]
[10, 5, 40, 6, 15, 41, 45, 8, 43, 47, 9, 18, 48, 54]
[10, 5, 6, 15, 45, 8, 43, 47, 9, 18, 44, 48, 53, 54]
[10, 5, 14, 40, 6, 41, 45, 8, 43, 47, 52, 18, 53, 54]
[10, 5, 14, 40, 6, 41, 45, 8, 43, 47, 44, 48, 53, 54]
[10, 5, 40, 6, 15, 41, 45, 8, 43, 47, 52, 18, 53, 54]
[10, 5, 40, 6, 15, 41, 45, 8, 43, 47, 44, 48, 53, 54]
[10, 5, 14, 40, 6, 15, 45, 43, 47, 52, 9, 18, 53, 54]
[10, 5, 14, 40, 6, 15, 45, 43, 47, 9, 44, 48, 53, 54]
[10, 5, 14, 6, 15, 41, 45, 43, 47, 18, 44, 48, 53, 54]
[10, 14, 40, 41, 45, 8, 43, 47, 52, 9, 18, 44, 53, 54]
[10, 40, 15, 41, 45, 8, 43, 47, 52, 9, 18, 44, 53, 54]
[0, 10, 5, 14, 40, 6, 41, 45, 8, 43, 47, 9, 18, 44, 54]
[0, 10, 5, 40, 6, 15, 41, 45, 8, 43, 47, 9, 18, 44, 54]
[10, 5, 14, 40, 6, 41, 45, 8, 43, 47, 18, 44, 48, 53, 54]
[10, 5, 40, 6, 15, 41, 45, 8, 43, 47, 18, 44, 48, 53, 54]
[10, 5, 14, 40, 6, 15, 45, 43, 47, 9, 18, 44, 48, 53, 54]
