[[2, 5], [3, 5], [4, 5], [6, 7]]
[0, 1, 10, 42, 8, 17, 54]
[0, 1, 10, 16, 17, 9, 54]
[0, 1, 10, 5, 17, 52, 9, 54]
[0, 1, 10, 40, 8, 17, 9, 54]
[0, 1, 10, 8, 17, 43, 18, 54]
[0, 1, 10, 40, 16, 42, 17, 54]
[0, 1, 10, 5, 40, 42, 17, 52, 54]
[0, 1, 10, 14, 7, 8, 17, 9, 54]
[0, 1, 10, 14, 7, 16, 42, 17, 54]
[0, 1, 10, 49, 8, 17, 18, 44, 54]
[0, 1, 10, 40, 16, 17, 43, 18, 54]
[0, 1, 10, 5, 14, 7, 42, 17, 52, 54]
[0, 1, 10, 5, 16, 42, 8, 17, 52, 54]
[0, 1, 10, 5, 40, 17, 43, 52, 18, 54]
[0, 1, 10, 14, 40, 7, 42, 8, 17, 54]
[0, 1, 10, 14, 40, 7, 16, 17, 9, 54]
[0, 1, 10, 14, 7, 16, 17, 43, 18, 54]
[0, 1, 10, 42, 49, 8, 17, 43, 44, 54]
[0, 1, 10, 16, 42, 17, 43, 9, 18, 54]
[0, 1, 10, 16, 49, 17, 43, 9, 44, 54]
[0, 1, 10, 40, 16, 49, 17, 18, 44, 54]
[0, 1, 10, 5, 14, 40, 7, 17, 52, 9, 54]
[0, 1, 10, 5, 14, 7, 17, 43, 52, 18, 54]
[0, 1, 10, 5, 40, 16, 8, 17, 52, 9, 54]
[0, 1, 10, 5, 16, 8, 17, 43, 52, 18, 54]
[0, 1, 10, 5, 42, 17, 43, 52, 9, 18, 54]
[0, 1, 10, 5, 49, 17, 43, 52, 9, 44, 54]
[0, 1, 10, 5, 40, 49, 17, 52, 18, 44, 54]
[0, 1, 10, 14, 40, 7, 8, 17, 43, 18, 54]
[0, 1, 10, 14, 7, 16, 49, 17, 18, 44, 54]
[0, 1, 10, 40, 42, 8, 17, 43, 9, 18, 54]
[0, 1, 10, 40, 49, 8, 17, 43, 9, 44, 54]
[0, 1, 10, 16, 42, 49, 17, 9, 18, 44, 54]
[0, 1, 10, 40, 16, 42, 49, 17, 43, 44, 54]
[0, 1, 10, 5, 14, 7, 16, 8, 17, 52, 9, 54]
[0, 1, 10, 5, 14, 7, 49, 17, 52, 18, 44, 54]
[0, 1, 10, 5, 16, 49, 8, 17, 52, 18, 44, 54]
[0, 1, 10, 5, 42, 49, 17, 52, 9, 18, 44, 54]
[0, 1, 10, 5, 40, 42, 49, 17, 43, 52, 44, 54]
[0, 1, 10, 14, 7, 42, 8, 17, 43, 9, 18, 54]
[0, 1, 10, 14, 7, 49, 8, 17, 43, 9, 44, 54]
[0, 1, 10, 14, 40, 7, 49, 8, 17, 18, 44, 54]
[0, 1, 10, 14, 7, 16, 42, 49, 17, 43, 44, 54]
[0, 1, 10, 40, 42, 49, 8, 17, 9, 18, 44, 54]
[0, 1, 10, 5, 14, 40, 7, 16, 42, 8, 17, 52, 54]
[0, 1, 10, 5, 14, 7, 42, 49, 17, 43, 52, 44, 54]
[0, 1, 10, 5, 16, 42, 49, 8, 17, 43, 52, 44, 54]
[0, 1, 10, 14, 7, 42, 49, 8, 17, 9, 18, 44, 54]
[0, 1, 10, 14, 40, 7, 42, 49, 8, 17, 43, 44, 54]
[0, 1, 10, 14, 40, 7, 16, 42, 17, 43, 9, 18, 54]
[0, 1, 10, 14, 40, 7, 16, 49, 17, 43, 9, 44, 54]
[0, 1, 10, 5, 14, 40, 7, 16, 8, 17, 43, 52, 18, 54]
[0, 1, 10, 5, 14, 40, 7, 42, 17, 43, 52, 9, 18, 54]
[0, 1, 10, 5, 14, 40, 7, 49, 17, 43, 52, 9, 44, 54]
[0, 1, 10, 5, 40, 16, 42, 8, 17, 43, 52, 9, 18, 54]
[0, 1, 10, 5, 40, 16, 49, 8, 17, 43, 52, 9, 44, 54]
[0, 1, 10, 14, 40, 7, 16, 42, 49, 17, 9, 18, 44, 54]
[0, 1, 10, 5, 14, 7, 16, 42, 8, 17, 43, 52, 9, 18, 54]
[0, 1, 10, 5, 14, 7, 16, 49, 8, 17, 43, 52, 9, 44, 54]
[0, 1, 10, 5, 14, 40, 7, 16, 49, 8, 17, 52, 18, 44, 54]
[0, 1, 10, 5, 14, 40, 7, 42, 49, 17, 52, 9, 18, 44, 54]
[0, 1, 10, 5, 40, 16, 42, 49, 8, 17, 52, 9, 18, 44, 54]
[0, 1, 10, 5, 14, 7, 16, 42, 49, 8, 17, 52, 9, 18, 44, 54]
[0, 1, 10, 5, 14, 40, 7, 16, 42, 49, 8, 17, 43, 52, 44, 54]
