[[2, 5], [3, 5], [4, 5], [6, 7]]
[10, 14, 49, 51, 54]
[10, 40, 7, 49, 51, 54]
[10, 14, 43, 44, 51, 54]
[0, 1, 10, 5, 16, 49, 54]
[10, 7, 16, 49, 8, 51, 54]
[10, 7, 9, 18, 44, 51, 54]
[10, 7, 42, 49, 9, 51, 54]
[10, 40, 7, 43, 44, 51, 54]
[10, 14, 42, 18, 44, 51, 54]
[0, 1, 10, 5, 40, 49, 8, 54]
[0, 1, 10, 5, 49, 8, 52, 54]
[0, 1, 10, 5, 16, 43, 44, 54]
[10, 7, 16, 8, 43, 44, 51, 54]
[10, 7, 49, 43, 9, 18, 51, 54]
[10, 7, 42, 43, 9, 44, 51, 54]
[10, 40, 7, 42, 18, 44, 51, 54]
[10, 14, 40, 16, 49, 8, 51, 54]
[10, 14, 40, 9, 18, 44, 51, 54]
[10, 14, 40, 42, 49, 9, 51, 54]
[10, 14, 42, 49, 43, 18, 51, 54]
[0, 1, 10, 5, 14, 7, 49, 8, 54]
[0, 1, 10, 5, 8, 9, 18, 44, 54]
[0, 1, 10, 5, 42, 49, 8, 9, 54]
[0, 1, 10, 5, 40, 8, 43, 44, 54]
[0, 1, 10, 5, 8, 43, 52, 44, 54]
[0, 1, 10, 5, 16, 42, 18, 44, 54]
[0, 1, 10, 5, 40, 16, 49, 52, 54]
[10, 7, 16, 42, 8, 18, 44, 51, 54]
[10, 40, 7, 42, 49, 43, 18, 51, 54]
[10, 14, 16, 8, 9, 18, 44, 51, 54]
[10, 14, 16, 42, 49, 8, 9, 51, 54]
[10, 14, 40, 16, 8, 43, 44, 51, 54]
[10, 14, 40, 49, 43, 9, 18, 51, 54]
[10, 14, 40, 42, 43, 9, 44, 51, 54]
[0, 1, 10, 5, 14, 7, 8, 43, 44, 54]
[0, 1, 10, 5, 14, 40, 7, 16, 49, 54]
[0, 1, 10, 5, 14, 7, 16, 49, 52, 54]
[0, 1, 10, 5, 49, 8, 43, 9, 18, 54]
[0, 1, 10, 5, 42, 8, 43, 9, 44, 54]
[0, 1, 10, 5, 40, 42, 8, 18, 44, 54]
[0, 1, 10, 5, 42, 8, 52, 18, 44, 54]
[0, 1, 10, 5, 40, 16, 9, 18, 44, 54]
[0, 1, 10, 5, 16, 52, 9, 18, 44, 54]
[0, 1, 10, 5, 40, 16, 42, 49, 9, 54]
[0, 1, 10, 5, 16, 42, 49, 52, 9, 54]
[0, 1, 10, 5, 16, 42, 49, 43, 18, 54]
[0, 1, 10, 5, 40, 16, 43, 52, 44, 54]
[10, 40, 7, 16, 8, 9, 18, 44, 51, 54]
[10, 40, 7, 16, 42, 49, 8, 9, 51, 54]
[10, 7, 16, 42, 49, 8, 43, 18, 51, 54]
[10, 14, 16, 49, 8, 43, 9, 18, 51, 54]
[10, 14, 16, 42, 8, 43, 9, 44, 51, 54]
[10, 14, 40, 16, 42, 8, 18, 44, 51, 54]
[0, 1, 10, 5, 14, 7, 42, 8, 18, 44, 54]
[0, 1, 10, 5, 14, 40, 7, 49, 8, 52, 54]
[0, 1, 10, 5, 14, 7, 16, 9, 18, 44, 54]
[0, 1, 10, 5, 14, 7, 16, 42, 49, 9, 54]
[0, 1, 10, 5, 14, 40, 7, 16, 43, 44, 54]
[0, 1, 10, 5, 14, 7, 16, 43, 52, 44, 54]
[0, 1, 10, 5, 40, 8, 52, 9, 18, 44, 54]
[0, 1, 10, 5, 40, 42, 49, 8, 52, 9, 54]
[0, 1, 10, 5, 40, 42, 49, 8, 43, 18, 54]
[0, 1, 10, 5, 42, 49, 8, 43, 52, 18, 54]
[0, 1, 10, 5, 40, 16, 49, 43, 9, 18, 54]
[0, 1, 10, 5, 16, 49, 43, 52, 9, 18, 54]
[0, 1, 10, 5, 40, 16, 42, 43, 9, 44, 54]
[0, 1, 10, 5, 16, 42, 43, 52, 9, 44, 54]
[0, 1, 10, 5, 40, 16, 42, 52, 18, 44, 54]
[10, 40, 7, 16, 49, 8, 43, 9, 18, 51, 54]
[10, 40, 7, 16, 42, 8, 43, 9, 44, 51, 54]
[10, 14, 40, 16, 42, 49, 8, 43, 18, 51, 54]
[0, 1, 10, 5, 14, 40, 7, 8, 9, 18, 44, 54]
[0, 1, 10, 5, 14, 7, 8, 52, 9, 18, 44, 54]
[0, 1, 10, 5, 14, 40, 7, 42, 49, 8, 9, 54]
[0, 1, 10, 5, 14, 7, 42, 49, 8, 52, 9, 54]
[0, 1, 10, 5, 14, 7, 42, 49, 8, 43, 18, 54]
[0, 1, 10, 5, 14, 40, 7, 8, 43, 52, 44, 54]
[0, 1, 10, 5, 14, 7, 16, 49, 43, 9, 18, 54]
[0, 1, 10, 5, 14, 7, 16, 42, 43, 9, 44, 54]
[0, 1, 10, 5, 14, 40, 7, 16, 42, 18, 44, 54]
[0, 1, 10, 5, 14, 7, 16, 42, 52, 18, 44, 54]
[0, 1, 10, 5, 40, 49, 8, 43, 52, 9, 18, 54]
[0, 1, 10, 5, 40, 42, 8, 43, 52, 9, 44, 54]
[0, 1, 10, 5, 49, 8, 17, 50, 52, 18, 51, 54]
[0, 1, 10, 5, 42, 8, 17, 50, 52, 44, 51, 54]
[0, 1, 10, 5, 16, 17, 50, 52, 9, 44, 51, 54]
[0, 1, 10, 5, 40, 16, 42, 49, 43, 52, 18, 54]
[0, 1, 10, 5, 14, 40, 7, 49, 8, 43, 9, 18, 54]
[0, 1, 10, 5, 14, 7, 49, 8, 43, 52, 9, 18, 54]
[0, 1, 10, 5, 14, 40, 7, 42, 8, 43, 9, 44, 54]
[0, 1, 10, 5, 14, 7, 42, 8, 43, 52, 9, 44, 54]
[0, 1, 10, 5, 14, 40, 7, 42, 8, 52, 18, 44, 54]
[0, 1, 10, 5, 14, 40, 7, 16, 52, 9, 18, 44, 54]
[0, 1, 10, 5, 14, 40, 7, 16, 42, 49, 52, 9, 54]
[0, 1, 10, 5, 14, 40, 7, 16, 42, 49, 43, 18, 54]
[0, 1, 10, 5, 14, 7, 16, 42, 49, 43, 52, 18, 54]
[0, 1, 10, 5, 40, 8, 17, 50, 52, 9, 44, 51, 54]
[0, 1, 10, 5, 8, 17, 43, 50, 52, 18, 44, 51, 54]
[0, 1, 10, 5, 42, 49, 8, 17, 43, 50, 52, 51, 54]
[0, 1, 10, 5, 16, 49, 17, 43, 50, 52, 9, 51, 54]
[0, 1, 10, 5, 40, 16, 49, 17, 50, 52, 18, 51, 54]
[0, 1, 10, 5, 40, 16, 42, 17, 50, 52, 44, 51, 54]
[0, 1, 10, 5, 14, 7, 8, 17, 50, 52, 9, 44, 51, 54]
[0, 1, 10, 5, 14, 40, 7, 42, 49, 8, 43, 52, 18, 54]
[0, 1, 10, 5, 14, 40, 7, 16, 49, 43, 52, 9, 18, 54]
[0, 1, 10, 5, 14, 40, 7, 16, 42, 43, 52, 9, 44, 54]
[0, 1, 10, 5, 14, 7, 16, 49, 17, 50, 52, 18, 51, 54]
[0, 1, 10, 5, 14, 7, 16, 42, 17, 50, 52, 44, 51, 54]
[0, 1, 10, 5, 40, 49, 8, 17, 43, 50, 52, 9, 51, 54]
[0, 1, 10, 5, 16, 42, 49, 17, 50, 52, 9, 18, 51, 54]
[0, 1, 10, 5, 40, 16, 17, 43, 50, 52, 18, 44, 51, 54]
[0, 1, 10, 5, 40, 16, 42, 49, 17, 43, 50, 52, 51, 54]
[0, 1, 10, 5, 14, 7, 49, 8, 17, 43, 50, 52, 9, 51, 54]
[0, 1, 10, 5, 14, 40, 7, 49, 8, 17, 50, 52, 18, 51, 54]
[0, 1, 10, 5, 14, 40, 7, 42, 8, 17, 50, 52, 44, 51, 54]
[0, 1, 10, 5, 14, 40, 7, 16, 17, 50, 52, 9, 44, 51, 54]
[0, 1, 10, 5, 14, 7, 16, 17, 43, 50, 52, 18, 44, 51, 54]
[0, 1, 10, 5, 14, 7, 16, 42, 49, 17, 43, 50, 52, 51, 54]
[0, 1, 10, 5, 40, 42, 49, 8, 17, 50, 52, 9, 18, 51, 54]
[0, 1, 10, 5, 16, 42, 17, 43, 50, 52, 9, 18, 44, 51, 54]
[0, 1, 10, 5, 14, 7, 42, 49, 8, 17, 50, 52, 9, 18, 51, 54]
[0, 1, 10, 5, 14, 40, 7, 8, 17, 43, 50, 52, 18, 44, 51, 54]
[0, 1, 10, 5, 14, 40, 7, 42, 49, 8, 17, 43, 50, 52, 51, 54]
[0, 1, 10, 5, 14, 40, 7, 16, 49, 17, 43, 50, 52, 9, 51, 54]
[0, 1, 10, 5, 40, 42, 8, 17, 43, 50, 52, 9, 18, 44, 51, 54]
[0, 1, 10, 5, 14, 7, 42, 8, 17, 43, 50, 52, 9, 18, 44, 51, 54]
[0, 1, 10, 5, 14, 40, 7, 16, 42, 49, 17, 50, 52, 9, 18, 51, 54]
[0, 1, 10, 5, 14, 40, 7, 16, 42, 17, 43, 50, 52, 9, 18, 44, 51, 54]
