[[2, 5], [3, 5], [4, 5], [6, 7]]
[7, 52, 51]
[14, 40, 52, 51]
[14, 52, 44, 51]
[0, 16, 50, 18, 54]
[40, 7, 52, 44, 51]
[14, 16, 8, 52, 51]
[14, 42, 52, 9, 51]
[14, 49, 43, 52, 51]
[0, 8, 43, 50, 9, 54]
[0, 40, 8, 50, 18, 54]
[0, 16, 42, 43, 50, 54]
[1, 8, 50, 52, 18, 54]
[40, 7, 16, 8, 52, 51]
[7, 16, 8, 52, 44, 51]
[7, 49, 52, 9, 18, 51]
[40, 7, 42, 52, 9, 51]
[7, 42, 52, 9, 44, 51]
[7, 42, 43, 52, 18, 51]
[40, 7, 49, 43, 52, 51]
[7, 49, 43, 52, 44, 51]
[14, 43, 52, 9, 18, 51]
[14, 42, 49, 52, 18, 51]
[0, 14, 7, 8, 50, 18, 54]
[0, 42, 8, 50, 9, 18, 54]
[0, 49, 8, 50, 9, 44, 54]
[0, 40, 42, 8, 43, 50, 54]
[0, 40, 16, 43, 50, 9, 54]
[0, 16, 42, 49, 50, 44, 54]
[1, 42, 8, 43, 50, 52, 54]
[1, 16, 43, 50, 52, 9, 54]
[1, 40, 16, 50, 52, 18, 54]
[5, 7, 49, 8, 52, 18, 54]
[5, 7, 42, 8, 52, 44, 54]
[5, 7, 16, 52, 9, 44, 54]
[5, 14, 8, 52, 9, 44, 54]
[5, 14, 16, 49, 52, 18, 54]
[5, 14, 16, 42, 52, 44, 54]
[7, 16, 42, 8, 52, 9, 51]
[7, 16, 49, 8, 43, 52, 51]
[40, 7, 43, 52, 9, 18, 51]
[7, 43, 52, 9, 18, 44, 51]
[7, 42, 49, 43, 52, 9, 51]
[40, 7, 42, 49, 52, 18, 51]
[7, 42, 49, 52, 18, 44, 51]
[14, 40, 16, 8, 52, 44, 51]
[14, 40, 49, 52, 9, 18, 51]
[14, 49, 52, 9, 18, 44, 51]
[14, 40, 42, 52, 9, 44, 51]
[14, 40, 42, 43, 52, 18, 51]
[14, 42, 43, 52, 18, 44, 51]
[14, 40, 49, 43, 52, 44, 51]
[0, 1, 5, 49, 8, 17, 18, 54]
[0, 1, 5, 42, 8, 17, 44, 54]
[0, 1, 5, 16, 17, 9, 44, 54]
[0, 1, 7, 50, 52, 18, 44, 51]
[0, 1, 7, 42, 49, 50, 52, 51]
[0, 1, 14, 49, 50, 52, 9, 51]
[0, 14, 7, 42, 8, 43, 50, 54]
[0, 14, 7, 16, 43, 50, 9, 54]
[0, 14, 40, 7, 16, 50, 18, 54]
[0, 40, 42, 49, 8, 50, 44, 54]
[0, 40, 16, 42, 50, 9, 18, 54]
[0, 40, 16, 49, 50, 9, 44, 54]
[0, 16, 49, 43, 50, 18, 44, 54]
[1, 14, 7, 16, 50, 52, 18, 54]
[1, 40, 8, 43, 50, 52, 9, 54]
[1, 42, 49, 8, 50, 52, 44, 54]
[1, 16, 42, 50, 52, 9, 18, 54]
[1, 16, 49, 50, 52, 9, 44, 54]
[1, 40, 16, 42, 43, 50, 52, 54]
[5, 40, 7, 8, 52, 9, 44, 54]
[5, 7, 8, 43, 52, 18, 44, 54]
[5, 7, 42, 49, 8, 43, 52, 54]
[5, 7, 16, 49, 43, 52, 9, 54]
[5, 40, 7, 16, 49, 52, 18, 54]
[5, 40, 7, 16, 42, 52, 44, 54]
[5, 14, 49, 8, 43, 52, 9, 54]
[5, 14, 40, 49, 8, 52, 18, 54]
[5, 14, 40, 42, 8, 52, 44, 54]
[5, 14, 40, 16, 52, 9, 44, 54]
[5, 14, 16, 43, 52, 18, 44, 54]
[5, 14, 16, 42, 49, 43, 52, 54]
[7, 16, 8, 43, 52, 9, 18, 51]
[7, 16, 42, 49, 8, 52, 18, 51]
[40, 7, 49, 52, 9, 18, 44, 51]
[40, 7, 42, 43, 52, 18, 44, 51]
[14, 16, 49, 8, 52, 9, 18, 51]
[14, 40, 16, 42, 8, 52, 9, 51]
[14, 16, 42, 8, 52, 9, 44, 51]
[14, 16, 42, 8, 43, 52, 18, 51]
[14, 40, 16, 49, 8, 43, 52, 51]
[14, 16, 49, 8, 43, 52, 44, 51]
[14, 40, 43, 52, 9, 18, 44, 51]
[14, 40, 42, 49, 43, 52, 9, 51]
[14, 42, 49, 43, 52, 9, 44, 51]
[49, 17, 50, 52, 9, 51, 53, 54]
[14, 40, 42, 49, 52, 18, 44, 51]
[0, 1, 5, 40, 8, 17, 9, 44, 54]
[0, 1, 5, 8, 17, 43, 18, 44, 54]
[0, 1, 5, 42, 49, 8, 17, 43, 54]
[0, 1, 5, 16, 49, 17, 43, 9, 54]
[0, 1, 5, 40, 16, 49, 17, 18, 54]
[0, 1, 5, 40, 16, 42, 17, 44, 54]
[0, 1, 40, 7, 49, 50, 52, 9, 51]
[0, 1, 7, 49, 43, 50, 52, 18, 51]
[0, 1, 7, 42, 43, 50, 52, 44, 51]
[0, 1, 14, 43, 50, 52, 9, 44, 51]
[0, 1, 14, 40, 50, 52, 18, 44, 51]
[0, 1, 14, 40, 42, 49, 50, 52, 51]
[0, 14, 40, 7, 8, 43, 50, 9, 54]
[0, 14, 7, 42, 49, 8, 50, 44, 54]
[0, 14, 7, 16, 42, 50, 9, 18, 54]
[0, 14, 7, 16, 49, 50, 9, 44, 54]
[0, 14, 40, 7, 16, 42, 43, 50, 54]
[0, 40, 49, 8, 43, 50, 18, 44, 54]
[1, 10, 5, 8, 17, 50, 52, 18, 51]
[1, 14, 7, 8, 43, 50, 52, 9, 54]
[1, 14, 40, 7, 8, 50, 52, 18, 54]
[1, 14, 7, 16, 42, 43, 50, 52, 54]
[1, 40, 42, 8, 50, 52, 9, 18, 54]
[1, 40, 49, 8, 50, 52, 9, 44, 54]
[1, 49, 8, 43, 50, 52, 18, 44, 54]
[1, 40, 16, 42, 49, 50, 52, 44, 54]
[5, 40, 7, 49, 8, 43, 52, 9, 54]
[5, 7, 16, 42, 49, 52, 9, 18, 54]
[5, 40, 7, 16, 43, 52, 18, 44, 54]
[5, 40, 7, 16, 42, 49, 43, 52, 54]
[5, 14, 42, 49, 8, 52, 9, 18, 54]
[5, 14, 40, 8, 43, 52, 18, 44, 54]
[5, 14, 40, 42, 49, 8, 43, 52, 54]
[5, 14, 40, 16, 49, 43, 52, 9, 54]
[40, 7, 16, 49, 8, 52, 9, 18, 51]
[7, 16, 49, 8, 52, 9, 18, 44, 51]
[40, 7, 16, 42, 8, 52, 9, 44, 51]
[40, 7, 16, 42, 8, 43, 52, 18, 51]
[7, 16, 42, 8, 43, 52, 18, 44, 51]
[40, 7, 16, 49, 8, 43, 52, 44, 51]
[40, 7, 42, 49, 43, 52, 9, 44, 51]
[14, 40, 16, 8, 43, 52, 9, 18, 51]
[14, 16, 8, 43, 52, 9, 18, 44, 51]
[14, 16, 42, 49, 8, 43, 52, 9, 51]
[14, 40, 16, 42, 49, 8, 52, 18, 51]
[14, 16, 42, 49, 8, 52, 18, 44, 51]
[17, 43, 50, 52, 9, 44, 51, 53, 54]
[40, 17, 50, 52, 18, 44, 51, 53, 54]
[40, 42, 49, 17, 50, 52, 51, 53, 54]
[0, 1, 5, 14, 7, 8, 17, 9, 44, 54]
[0, 1, 5, 14, 7, 16, 49, 17, 18, 54]
[0, 1, 5, 14, 7, 16, 42, 17, 44, 54]
[0, 1, 5, 7, 16, 52, 44, 51, 53, 54]
[0, 1, 5, 40, 49, 8, 17, 43, 9, 54]
[0, 1, 5, 14, 8, 52, 44, 51, 53, 54]
[0, 1, 5, 16, 42, 49, 17, 9, 18, 54]
[0, 1, 5, 40, 16, 17, 43, 18, 44, 54]
[0, 1, 5, 40, 16, 42, 49, 17, 43, 54]
[0, 1, 7, 16, 49, 8, 50, 52, 9, 51]
[0, 1, 40, 7, 43, 50, 52, 9, 44, 51]
[0, 1, 14, 16, 8, 50, 52, 18, 44, 51]
[0, 1, 14, 16, 42, 49, 8, 50, 52, 51]
[0, 1, 14, 42, 50, 52, 9, 18, 44, 51]
[0, 1, 14, 40, 49, 43, 50, 52, 18, 51]
[0, 1, 14, 40, 42, 43, 50, 52, 44, 51]
[0, 14, 40, 7, 42, 8, 50, 9, 18, 54]
[0, 14, 40, 7, 49, 8, 50, 9, 44, 54]
[0, 14, 7, 49, 8, 43, 50, 18, 44, 54]
[0, 14, 40, 7, 16, 42, 49, 50, 44, 54]
[0, 42, 49, 8, 43, 50, 9, 18, 44, 54]
[1, 10, 5, 42, 8, 17, 43, 50, 52, 51]
[1, 10, 5, 16, 17, 43, 50, 52, 9, 51]
[1, 10, 5, 40, 16, 17, 50, 52, 18, 51]
[1, 14, 7, 42, 8, 50, 52, 9, 18, 54]
[1, 14, 7, 49, 8, 50, 52, 9, 44, 54]
[1, 14, 40, 7, 42, 8, 43, 50, 52, 54]
[1, 14, 40, 7, 16, 43, 50, 52, 9, 54]
[1, 14, 7, 16, 42, 49, 50, 52, 44, 54]
[1, 40, 16, 49, 43, 50, 52, 18, 44, 54]
[5, 40, 7, 42, 49, 8, 52, 9, 18, 54]
[5, 7, 16, 42, 43, 52, 9, 18, 44, 54]
[5, 14, 42, 8, 43, 52, 9, 18, 44, 54]
[5, 14, 40, 16, 42, 49, 52, 9, 18, 54]
[40, 7, 16, 8, 43, 52, 9, 18, 44, 51]
[40, 7, 16, 42, 49, 8, 43, 52, 9, 51]
[7, 16, 42, 49, 8, 43, 52, 9, 44, 51]
[40, 7, 16, 42, 49, 8, 52, 18, 44, 51]
[14, 7, 17, 50, 52, 18, 44, 51, 53, 54]
[14, 7, 42, 49, 17, 50, 52, 51, 53, 54]
[14, 40, 16, 49, 8, 52, 9, 18, 44, 51]
[14, 40, 16, 42, 8, 43, 52, 18, 44, 51]
[16, 8, 17, 50, 52, 18, 44, 51, 53, 54]
[16, 42, 49, 8, 17, 50, 52, 51, 53, 54]
[42, 17, 50, 52, 9, 18, 44, 51, 53, 54]
[40, 49, 17, 43, 50, 52, 18, 51, 53, 54]
[40, 42, 17, 43, 50, 52, 44, 51, 53, 54]
[0, 1, 5, 14, 7, 49, 8, 17, 43, 9, 54]
[0, 1, 5, 14, 40, 7, 49, 8, 17, 18, 54]
[0, 1, 5, 14, 40, 7, 42, 8, 17, 44, 54]
[0, 1, 5, 40, 7, 8, 52, 44, 51, 53, 54]
[0, 1, 5, 14, 40, 7, 16, 17, 9, 44, 54]
[0, 1, 5, 14, 7, 16, 17, 43, 18, 44, 54]
[0, 1, 5, 14, 7, 16, 42, 49, 17, 43, 54]
[0, 1, 5, 7, 16, 49, 43, 52, 51, 53, 54]
[0, 1, 5, 40, 42, 49, 8, 17, 9, 18, 54]
[0, 1, 5, 14, 49, 8, 43, 52, 51, 53, 54]
[0, 1, 5, 16, 42, 17, 43, 9, 18, 44, 54]
[0, 1, 5, 14, 40, 16, 52, 44, 51, 53, 54]
[0, 1, 7, 16, 8, 43, 50, 52, 9, 44, 51]
[0, 1, 40, 7, 16, 8, 50, 52, 18, 44, 51]
[0, 1, 40, 7, 16, 42, 49, 8, 50, 52, 51]
[0, 1, 40, 7, 42, 50, 52, 9, 18, 44, 51]
[0, 1, 14, 40, 16, 49, 8, 50, 52, 9, 51]
[0, 1, 14, 16, 49, 8, 43, 50, 52, 18, 51]
[0, 1, 14, 16, 42, 8, 43, 50, 52, 44, 51]
[0, 1, 14, 42, 49, 43, 50, 52, 9, 18, 51]
[0, 14, 40, 7, 16, 49, 43, 50, 18, 44, 54]
[0, 40, 16, 42, 49, 43, 50, 9, 18, 44, 54]
[1, 10, 5, 14, 7, 16, 17, 50, 52, 18, 51]
[1, 10, 5, 40, 8, 17, 43, 50, 52, 9, 51]
[1, 10, 5, 42, 49, 8, 17, 50, 52, 44, 51]
[1, 10, 5, 16, 42, 17, 50, 52, 9, 18, 51]
[1, 10, 5, 16, 49, 17, 50, 52, 9, 44, 51]
[1, 10, 5, 40, 16, 42, 17, 43, 50, 52, 51]
[1, 14, 40, 7, 42, 49, 8, 50, 52, 44, 54]
[1, 14, 40, 7, 16, 42, 50, 52, 9, 18, 54]
[1, 14, 40, 7, 16, 49, 50, 52, 9, 44, 54]
[1, 14, 7, 16, 49, 43, 50, 52, 18, 44, 54]
[1, 16, 42, 49, 43, 50, 52, 9, 18, 44, 54]
[5, 40, 7, 42, 8, 43, 52, 9, 18, 44, 54]
[5, 14, 40, 16, 42, 43, 52, 9, 18, 44, 54]
[14, 40, 7, 49, 17, 50, 52, 9, 51, 53, 54]
[14, 7, 49, 17, 43, 50, 52, 18, 51, 53, 54]
[14, 7, 42, 17, 43, 50, 52, 44, 51, 53, 54]
[14, 40, 16, 42, 49, 8, 43, 52, 9, 44, 51]
[40, 16, 49, 8, 17, 50, 52, 9, 51, 53, 54]
[16, 49, 8, 17, 43, 50, 52, 18, 51, 53, 54]
[16, 42, 8, 17, 43, 50, 52, 44, 51, 53, 54]
[42, 49, 17, 43, 50, 52, 9, 18, 51, 53, 54]
[0, 1, 5, 14, 7, 42, 49, 8, 17, 9, 18, 54]
[0, 1, 5, 7, 49, 8, 52, 9, 18, 51, 53, 54]
[0, 1, 5, 7, 42, 8, 52, 9, 44, 51, 53, 54]
[0, 1, 5, 14, 40, 7, 8, 17, 43, 18, 44, 54]
[0, 1, 5, 14, 40, 7, 42, 49, 8, 17, 43, 54]
[0, 1, 5, 40, 7, 49, 8, 43, 52, 51, 53, 54]
[0, 1, 5, 14, 40, 7, 16, 49, 17, 43, 9, 54]
[0, 1, 5, 7, 16, 42, 49, 52, 18, 51, 53, 54]
[0, 1, 5, 40, 42, 8, 17, 43, 9, 18, 44, 54]
[0, 1, 5, 14, 42, 49, 8, 52, 18, 51, 53, 54]
[0, 1, 5, 14, 16, 49, 52, 9, 18, 51, 53, 54]
[0, 1, 5, 14, 16, 42, 52, 9, 44, 51, 53, 54]
[0, 1, 5, 14, 40, 16, 49, 43, 52, 51, 53, 54]
[0, 1, 7, 16, 42, 8, 50, 52, 9, 18, 44, 51]
[0, 1, 40, 7, 16, 49, 8, 43, 50, 52, 18, 51]
[0, 1, 40, 7, 16, 42, 8, 43, 50, 52, 44, 51]
[0, 1, 40, 7, 42, 49, 43, 50, 52, 9, 18, 51]
[0, 1, 14, 40, 16, 8, 43, 50, 52, 9, 44, 51]
[0, 14, 7, 16, 42, 49, 43, 50, 9, 18, 44, 54]
[1, 10, 5, 14, 7, 8, 17, 43, 50, 52, 9, 51]
[1, 10, 5, 14, 40, 7, 8, 17, 50, 52, 18, 51]
[1, 10, 5, 14, 7, 16, 42, 17, 43, 50, 52, 51]
[1, 10, 5, 40, 42, 8, 17, 50, 52, 9, 18, 51]
[1, 10, 5, 40, 49, 8, 17, 50, 52, 9, 44, 51]
[1, 10, 5, 49, 8, 17, 43, 50, 52, 18, 44, 51]
[1, 10, 5, 40, 16, 42, 49, 17, 50, 52, 44, 51]
[1, 14, 40, 7, 49, 8, 43, 50, 52, 18, 44, 54]
[1, 40, 42, 49, 8, 43, 50, 52, 9, 18, 44, 54]
[14, 7, 16, 49, 8, 17, 50, 52, 9, 51, 53, 54]
[14, 40, 7, 17, 43, 50, 52, 9, 44, 51, 53, 54]
[40, 16, 8, 17, 43, 50, 52, 9, 44, 51, 53, 54]
[0, 1, 5, 14, 7, 42, 8, 17, 43, 9, 18, 44, 54]
[0, 1, 5, 7, 8, 43, 52, 9, 18, 44, 51, 53, 54]
[0, 1, 5, 7, 42, 49, 8, 43, 52, 9, 51, 53, 54]
[0, 1, 5, 40, 7, 42, 49, 8, 52, 18, 51, 53, 54]
[0, 1, 5, 14, 40, 7, 16, 42, 49, 17, 9, 18, 54]
[0, 1, 5, 40, 7, 16, 49, 52, 9, 18, 51, 53, 54]
[0, 1, 5, 40, 7, 16, 42, 52, 9, 44, 51, 53, 54]
[0, 1, 5, 7, 16, 42, 43, 52, 18, 44, 51, 53, 54]
[0, 1, 5, 14, 40, 49, 8, 52, 9, 18, 51, 53, 54]
[0, 1, 5, 14, 40, 42, 8, 52, 9, 44, 51, 53, 54]
[0, 1, 5, 14, 42, 8, 43, 52, 18, 44, 51, 53, 54]
[0, 1, 5, 14, 16, 43, 52, 9, 18, 44, 51, 53, 54]
[0, 1, 5, 14, 16, 42, 49, 43, 52, 9, 51, 53, 54]
[0, 1, 5, 14, 40, 16, 42, 49, 52, 18, 51, 53, 54]
[0, 1, 7, 16, 42, 49, 8, 43, 50, 52, 9, 18, 51]
[0, 1, 14, 40, 16, 42, 8, 50, 52, 9, 18, 44, 51]
[0, 14, 40, 7, 42, 49, 8, 43, 50, 9, 18, 44, 54]
[1, 10, 5, 14, 7, 42, 8, 17, 50, 52, 9, 18, 51]
[1, 10, 5, 14, 7, 49, 8, 17, 50, 52, 9, 44, 51]
[1, 10, 5, 14, 40, 7, 42, 8, 17, 43, 50, 52, 51]
[1, 10, 5, 14, 40, 7, 16, 17, 43, 50, 52, 9, 51]
[1, 10, 5, 14, 7, 16, 42, 49, 17, 50, 52, 44, 51]
[1, 10, 5, 40, 16, 49, 17, 43, 50, 52, 18, 44, 51]
[1, 14, 7, 42, 49, 8, 43, 50, 52, 9, 18, 44, 54]
[14, 7, 16, 8, 17, 43, 50, 52, 9, 44, 51, 53, 54]
[14, 40, 7, 16, 8, 17, 50, 52, 18, 44, 51, 53, 54]
[14, 40, 7, 16, 42, 49, 8, 17, 50, 52, 51, 53, 54]
[14, 40, 7, 42, 17, 50, 52, 9, 18, 44, 51, 53, 54]
[40, 16, 42, 8, 17, 50, 52, 9, 18, 44, 51, 53, 54]
[0, 1, 5, 40, 7, 42, 8, 43, 52, 18, 44, 51, 53, 54]
[0, 1, 5, 14, 40, 7, 16, 42, 17, 43, 9, 18, 44, 54]
[0, 1, 5, 40, 7, 16, 43, 52, 9, 18, 44, 51, 53, 54]
[0, 1, 5, 40, 7, 16, 42, 49, 43, 52, 9, 51, 53, 54]
[0, 1, 5, 14, 40, 8, 43, 52, 9, 18, 44, 51, 53, 54]
[0, 1, 5, 14, 40, 42, 49, 8, 43, 52, 9, 51, 53, 54]
[0, 1, 5, 14, 40, 16, 42, 43, 52, 18, 44, 51, 53, 54]
[0, 1, 14, 40, 16, 42, 49, 8, 43, 50, 52, 9, 18, 51]
[1, 10, 5, 14, 40, 7, 42, 49, 8, 17, 50, 52, 44, 51]
[1, 10, 5, 14, 40, 7, 16, 42, 17, 50, 52, 9, 18, 51]
[1, 10, 5, 14, 40, 7, 16, 49, 17, 50, 52, 9, 44, 51]
[1, 10, 5, 14, 7, 16, 49, 17, 43, 50, 52, 18, 44, 51]
[1, 10, 5, 16, 42, 49, 17, 43, 50, 52, 9, 18, 44, 51]
[1, 14, 40, 7, 16, 42, 49, 43, 50, 52, 9, 18, 44, 54]
[14, 7, 16, 42, 8, 17, 50, 52, 9, 18, 44, 51, 53, 54]
[14, 40, 7, 16, 49, 8, 17, 43, 50, 52, 18, 51, 53, 54]
[14, 40, 7, 16, 42, 8, 17, 43, 50, 52, 44, 51, 53, 54]
[14, 40, 7, 42, 49, 17, 43, 50, 52, 9, 18, 51, 53, 54]
[40, 16, 42, 49, 8, 17, 43, 50, 52, 9, 18, 51, 53, 54]
[1, 10, 5, 14, 40, 7, 49, 8, 17, 43, 50, 52, 18, 44, 51]
[1, 10, 5, 40, 42, 49, 8, 17, 43, 50, 52, 9, 18, 44, 51]
[14, 7, 16, 42, 49, 8, 17, 43, 50, 52, 9, 18, 51, 53, 54]
[1, 10, 5, 14, 7, 42, 49, 8, 17, 43, 50, 52, 9, 18, 44, 51]
[1, 10, 5, 14, 40, 7, 16, 42, 49, 17, 43, 50, 52, 9, 18, 44, 51]
