[ 10, 5, 7, 42, 49, 8, 17, 52, 9, 18, 44, 51, 53 ],1
[ 1, 40, 42, 8, 17, 53 ],1
[ 10, 5, 7, 42, 49, 8, 43, 52, 9, 18, 44, 51, 53 ],1
[ 10, 5, 40, 7, 42, 49, 8, 43, 50, 52, 9, 51, 53 ],1
[ 10, 5, 14, 7, 16, 42, 49, 8, 43, 50, 18, 44, 53 ],1
[ 10, 5, 40, 7, 16, 42, 49, 8, 17, 50, 18, 44, 53 ],2
[ 10, 5, 7, 16, 42, 49, 8, 17, 50, 52, 18, 44, 53 ],2
[ 0, 1, 10, 5, 16, 42, 17, 50, 9, 18, 53 ],1
[ 0, 1, 10, 5, 40, 16, 42, 50, 9, 18, 53 ],1
[ 0, 1, 10, 5, 16, 42, 43, 50, 9, 18, 53 ],1
[ 0, 1, 10, 5, 42, 49, 43, 50, 9, 51, 53 ],1
[ 0, 1, 5, 14, 16, 42, 17, 50, 9, 18, 53 ],1
[ 0, 1, 5, 14, 16, 49, 17, 52, 9, 18, 53 ],1
[ 0, 1, 5, 14, 40, 16, 17, 43, 9, 53, 54 ],1
[ 0, 1, 5, 14, 40, 16, 49, 17, 9, 51, 53 ],1
[ 0, 1, 5, 14, 16, 52, 9, 18, 44, 51, 53 ],1
[ 0, 1, 10, 5, 14, 40, 16, 49, 17, 43, 53 ],1
[ 0, 1, 10, 5, 42, 49, 17, 52, 44, 53, 54 ],2
[ 0, 1, 5, 14, 16, 49, 17, 52, 18, 51, 54 ],1
[ 0, 1, 10, 14, 40, 16, 8, 52, 18, 44, 51, 53 ],1
[ 1, 10, 14, 49, 9, 53 ],1
[ 1, 10, 9, 18, 51, 53 ],1
[ 1, 52, 9, 18, 51, 53 ],1
[ 1, 10, 14, 50, 44, 53 ],1
[ 1, 10, 16, 42, 44, 53 ],1
[ 1, 10, 16, 43, 44, 53 ],1
[ 1, 10, 17, 50, 44, 53 ],1
[ 1, 10, 40, 52, 18, 53 ],1
[ 1, 10, 43, 50, 44, 53 ],1
[ 1, 14, 42, 52, 44, 53 ],1
[ 1, 14, 50, 52, 44, 53 ],1
[ 1, 16, 42, 17, 44, 53 ],1
[ 1, 40, 17, 50, 44, 53 ],1
[ 1, 40, 49, 52, 44, 54 ],1
[ 1, 42, 49, 52, 44, 54 ],1
[ 1, 16, 49, 17, 43, 50, 9, 44, 51, 54 ],1
[ 1, 16, 49, 43, 50, 52, 9, 18, 44, 53 ],1
[ 1, 10, 14, 40, 16, 17, 43, 50, 18, 53 ],1
[ 1, 10, 14, 40, 16, 42, 17, 43, 44, 53 ],1
[ 1, 10, 14, 40, 16, 42, 43, 52, 18, 44 ],1
[ 1, 10, 14, 40, 16, 42, 43, 50, 18, 53 ],1
[ 1, 10, 14, 40, 16, 43, 50, 52, 18, 53 ],1
[ 1, 10, 14, 16, 49, 50, 18, 44, 51, 53 ],1
[ 1, 10, 14, 40, 17, 50, 18, 44, 51, 54 ],1
[ 1, 10, 14, 40, 17, 43, 50, 52, 44, 53 ],3
[ 1, 14, 16, 49, 17, 50, 18, 44, 51, 54 ],1
[ 1, 14, 40, 17, 50, 52, 18, 44, 51, 54 ],2
[ 1, 16, 42, 49, 17, 43, 50, 52, 44, 53 ],1
[ 0, 10, 40, 7, 16, 17, 52, 9, 18, 51, 54 ],6
