[ 34, 5, 35, 7, 42, 43, 50, 53, 54 ],1
[ 34, 5, 35, 7, 42, 49, 51, 53, 54 ],1
[ 34, 5, 35, 7, 49, 43, 50, 44, 53 ],1
[ 34, 5, 35, 7, 43, 50, 52, 44, 53 ],1
[ 34, 5, 35, 7, 49, 43, 50, 52, 54 ],1
[ 34, 5, 35, 7, 49, 43, 52, 51, 54 ],1
[ 34, 5, 7, 37, 38, 50, 44, 51, 54 ],1
[ 34, 5, 40, 7, 37, 43, 50, 39, 53 ],2
[ 34, 5, 40, 7, 42, 38, 39, 51, 53 ],1
[ 34, 5, 7, 42, 49, 38, 39, 53, 54 ],1
[ 34, 5, 7, 38, 43, 39, 44, 51, 53 ],1
[ 34, 5, 7, 38, 43, 50, 52, 39, 53 ],1
[ 34, 5, 40, 7, 38, 43, 52, 51, 54 ],1
[ 34, 5, 40, 7, 49, 43, 52, 39, 51 ],1
[ 34, 5, 40, 7, 49, 43, 39, 51, 53 ],1
[ 34, 5, 7, 49, 43, 52, 44, 51, 53 ],2
[ 0, 4, 40, 7, 49, 52, 9, 53 ],1
[ 0, 4, 7, 49, 43, 50, 9, 53 ],1
[ 0, 4, 34, 7, 42, 38, 44, 53 ],1
[ 0, 4, 34, 7, 49, 50, 52, 54 ],1
[ 0, 4, 35, 7, 37, 49, 50, 53 ],2
[ 0, 4, 35, 7, 37, 50, 53, 54 ],1
[ 0, 4, 35, 40, 7, 43, 51, 53 ],1
[ 0, 4, 35, 40, 7, 50, 52, 51 ],1
[ 0, 4, 7, 37, 49, 50, 52, 53 ],1
[ 0, 4, 7, 49, 38, 50, 51, 54 ],1
[ 0, 4, 40, 7, 50, 52, 44, 51 ],1
[ 0, 4, 35, 8, 50, 9, 39, 53 ],1
[ 0, 4, 8, 50, 52, 9, 39, 53 ],1
[ 0, 4, 34, 35, 8, 50, 44, 53 ],1
[ 0, 4, 42, 8, 50, 52, 9, 54 ],1
[ 0, 4, 34, 35, 8, 50, 44, 54 ],1
[ 0, 4, 34, 35, 49, 8, 52, 53 ],2
[ 0, 4, 35, 37, 8, 39, 51, 53 ],1
[ 0, 4, 35, 8, 50, 52, 44, 51 ],1
[ 0, 4, 35, 8, 50, 52, 51, 53 ],1
[ 0, 4, 34, 35, 38, 52, 9, 53 ],1
[ 0, 4, 34, 50, 52, 9, 44, 51 ],1
[ 0, 4, 35, 38, 50, 9, 51, 53 ],1
[ 0, 4, 35, 50, 9, 39, 51, 53 ],1
[ 0, 4, 35, 50, 52, 9, 39, 53 ],1
[ 5, 35, 40, 7, 38, 52, 39, 44, 53 ],2
[ 5, 35, 40, 7, 49, 38, 51, 53, 54 ],1
[ 5, 35, 7, 49, 38, 43, 50, 51, 54 ],1
[ 5, 35, 7, 49, 38, 43, 52, 51, 53 ],1
[ 5, 35, 40, 7, 43, 50, 52, 51, 53 ],1
[ 5, 7, 37, 42, 38, 43, 44, 51, 53 ],1
[ 5, 40, 7, 37, 43, 50, 52, 39, 51 ],1
[ 5, 7, 37, 49, 43, 52, 39, 51, 53 ],1
[ 5, 40, 7, 38, 50, 39, 44, 53, 54 ],1
[ 5, 7, 42, 38, 50, 52, 39, 44, 54 ],1
