[[2, 4, 8, 16, 32, 64], [0, 1, 2, 3, 4, 5, 6, 9, 14, 15]]
[[2, 4, 8, 16, 32, 64], [0, 1, 4, 7, 8, 10, 11, 15, 17, 18]]
[[2, 4, 8, 16, 12, 88], [0, 3, 4, 6, 7, 8, 9, 10, 12, 13, 14, 15, 16]]
[[2, 4, 8, 16, 12, 88], [0, 3, 4, 5, 7, 8, 9, 11, 12, 13, 14, 15, 16]]
[[2, 4, 8, 16, 12, 88], [0, 3, 4, 5, 7, 8, 11, 15, 16, 17, 18]]
[[2, 4, 8, 16, 12, 88], [0, 3, 4, 6, 10, 12, 13, 15, 16, 17, 18]]
[[2, 4, 8, 28, 42, 82], [0, 3, 4, 5, 7, 8, 9, 13, 14, 15, 16]]
[[2, 4, 8, 28, 42, 82], [0, 1, 2, 3, 4, 6, 7, 8, 9, 10, 11, 13, 14, 15, 16]]
[[2, 4, 8, 28, 42, 82], [0, 3, 4, 5, 7, 8, 13, 15, 16, 17, 18]]
[[2, 4, 8, 28, 42, 82], [0, 1, 4, 6, 10, 11, 12, 15, 16, 17, 18]]
[[2, 4, 8, 28, 37, 58], [0, 1, 4, 5, 6, 11, 13, 15, 18]]
[[2, 4, 8, 28, 37, 58], [0, 1, 4, 6, 8, 10, 11, 15, 18]]
[[2, 4, 8, 28, 37, 58], [0, 1, 2, 3, 4, 6, 7, 10, 11, 12, 13, 15, 18]]
[[2, 4, 8, 28, 37, 58], [0, 1, 2, 3, 4, 5, 6, 7, 8, 11, 12, 15, 18]]
[[2, 4, 8, 24, 22, 76], [0, 1, 4, 5, 7, 9, 14, 15]]
[[2, 4, 8, 24, 22, 76], [0, 1, 2, 3, 4, 6, 8, 10, 11, 12, 13, 15, 16, 18]]
[[2, 4, 8, 24, 52, 64], [0, 3, 4, 6, 8, 9, 10, 11, 12, 13, 14, 15]]
[[2, 4, 8, 24, 52, 64], [0, 3, 4, 5, 6, 7, 8, 11, 13, 15, 17, 18]]
[[2, 4, 8, 24, 22, 106], [0, 1, 4, 5, 7, 8, 9, 12, 14, 15, 16]]
[[2, 4, 8, 24, 22, 106], [0, 3, 4, 6, 7, 8, 9, 10, 11, 12, 14, 15, 16]]
[[2, 4, 8, 24, 22, 106], [0, 3, 4, 6, 10, 11, 13, 15, 16, 17, 18]]
[[2, 4, 8, 24, 22, 106], [0, 1, 2, 3, 4, 5, 7, 8, 12, 15, 16, 17, 18]]
[[2, 4, 8, 20, 27, 106], [0, 1, 4, 6, 7, 8, 9, 10, 12, 13, 14, 15, 16]]
[[2, 4, 8, 20, 27, 106], [0, 1, 4, 5, 7, 8, 9, 11, 12, 13, 14, 15, 16]]
[[2, 4, 8, 20, 27, 106], [0, 1, 2, 3, 4, 5, 7, 8, 11, 15, 16, 17, 18]]
[[2, 4, 8, 20, 27, 106], [0, 1, 2, 3, 4, 6, 10, 12, 13, 15, 16, 17, 18]]
[[2, 4, 8, 20, 17, 94], [0, 1, 2, 3, 4, 5, 7, 11, 13, 15, 18]]
[[2, 4, 8, 20, 17, 94], [0, 3, 4, 7, 8, 10, 11, 15, 18]]
[[2, 4, 8, 20, 17, 94], [0, 1, 4, 5, 7, 11, 12, 15, 18]]
[[2, 4, 8, 20, 17, 94], [0, 3, 4, 7, 8, 10, 11, 12, 13, 15, 18]]
[[2, 4, 8, 12, 27, 64], [0, 1, 2, 3, 4, 5, 8, 9, 11, 13, 14, 15]]
[[2, 4, 8, 12, 27, 64], [0, 1, 4, 6, 8, 10, 12, 15, 17, 18]]
[[2, 4, 8, 12, 27, 58], [0, 1, 2, 3, 4, 5, 7, 9, 12, 13, 14, 15]]
[[2, 4, 8, 12, 27, 58], [0, 1, 4, 6, 7, 10, 11, 12, 13, 15, 16, 18]]
[[2, 4, 8, 12, 42, 76], [0, 1, 2, 3, 4, 7, 8, 9, 10, 12, 14, 15]]
[[2, 4, 8, 12, 42, 76], [0, 1, 4, 5, 6, 7, 8, 11, 12, 15, 16, 18]]
[[2, 4, 8, 12, 27, 94], [0, 3, 4, 7, 9, 10, 14, 15, 16]]
[[2, 4, 8, 12, 27, 94], [0, 1, 2, 3, 4, 5, 6, 7, 9, 11, 14, 15, 16]]
[[2, 4, 8, 12, 27, 94], [0, 3, 4, 7, 10, 15, 16, 17, 18]]
[[2, 4, 8, 12, 27, 94], [0, 1, 4, 5, 6, 8, 11, 12, 13, 15, 16, 17, 18]]
[[2, 4, 8, 12, 37, 70], [0, 3, 4, 8, 9, 10, 14, 15, 16]]
[[2, 4, 8, 12, 37, 70], [0, 1, 4, 5, 6, 8, 9, 11, 14, 15, 16]]
[[2, 4, 8, 12, 37, 70], [0, 3, 4, 8, 10, 15, 16, 17, 18]]
[[2, 4, 8, 12, 37, 70], [0, 1, 2, 3, 4, 5, 6, 7, 11, 12, 13, 15, 16, 17, 18]]
[[2, 4, 14, 24, 42, 88], [0, 1, 2, 3, 4, 6, 7, 10, 12, 15, 16, 18]]
[[2, 4, 14, 24, 42, 88], [0, 1, 4, 5, 8, 9, 11, 12, 14, 15, 16, 18]]
[[2, 4, 14, 24, 47, 58], [0, 1, 2, 3, 4, 7, 8, 9, 10, 12, 14, 15, 16, 18]]
[[2, 4, 14, 24, 47, 58], [0, 1, 4, 5, 6, 7, 8, 11, 12, 15, 17, 18]]
[[2, 4, 14, 24, 27, 106], [0, 3, 4, 5, 6, 11, 13, 15, 18]]
[[2, 4, 14, 24, 27, 106], [0, 3, 4, 6, 8, 10, 11, 15, 18]]
[[2, 4, 14, 24, 27, 106], [0, 3, 4, 6, 7, 10, 11, 12, 13, 15, 18]]
[[2, 4, 14, 24, 27, 106], [0, 3, 4, 5, 6, 7, 8, 11, 12, 15, 18]]
[[2, 4, 14, 24, 37, 70], [0, 1, 2, 3, 4, 6, 10, 11, 13, 14, 15, 16, 18]]
[[2, 4, 14, 24, 37, 70], [0, 3, 4, 6, 8, 9, 10, 12, 15, 16, 18]]
[[2, 4, 14, 24, 37, 70], [0, 1, 2, 3, 4, 5, 7, 8, 9, 12, 15, 17, 18]]
[[2, 4, 14, 24, 37, 70], [0, 3, 4, 5, 6, 12, 13, 14, 15, 17, 18]]
[[2, 4, 14, 24, 57, 52], [0, 3, 4, 9, 10, 11, 12, 13, 15, 16, 18]]
[[2, 4, 14, 24, 57, 52], [0, 1, 2, 3, 4, 6, 7, 8, 10, 11, 12, 14, 15, 16, 18]]
[[2, 4, 14, 24, 57, 52], [0, 1, 2, 3, 4, 5, 9, 13, 15, 17, 18]]
[[2, 4, 14, 24, 57, 52], [0, 3, 4, 5, 8, 11, 12, 14, 15, 17, 18]]
[[2, 4, 14, 24, 27, 100], [0, 1, 4, 8, 9, 10, 11, 12, 15, 16, 18]]
[[2, 4, 14, 24, 27, 100], [0, 1, 4, 6, 7, 8, 9, 10, 11, 12, 15, 17, 18]]
[[2, 4, 14, 24, 27, 100], [0, 1, 4, 5, 6, 8, 12, 14, 15, 16, 17]]
[[2, 4, 14, 24, 27, 100], [0, 1, 4, 5, 7, 8, 12, 14, 15, 16, 17]]
[[2, 4, 14, 12, 27, 64], [0, 3, 4, 6, 7, 9, 10, 13, 14, 15]]
[[2, 4, 14, 12, 27, 64], [0, 3, 4, 5, 6, 15, 16, 18]]
[[2, 4, 14, 12, 17, 88], [0, 3, 4, 5, 8, 9, 11, 12, 14, 15]]
[[2, 4, 14, 12, 17, 88], [0, 1, 2, 3, 4, 5, 6, 7, 8, 9, 11, 12, 14, 15]]
[[2, 4, 14, 12, 17, 88], [0, 1, 4, 10, 13, 15, 16, 18]]
[[2, 4, 14, 12, 17, 88], [0, 3, 4, 10, 11, 15, 16, 18]]
[[2, 4, 14, 12, 17, 76], [0, 2, 4, 5, 6, 8, 13, 15, 16, 18]]
[[2, 4, 14, 12, 17, 76], [0, 2, 4, 6, 10, 12, 13, 15, 17, 18]]
[[2, 4, 14, 12, 17, 70], [0, 3, 4, 7, 8, 9, 10, 11, 14, 15, 16, 18]]
[[2, 4, 14, 12, 17, 70], [0, 3, 4, 5, 7, 11, 12, 15, 17, 18]]
[[2, 4, 14, 12, 17, 58], [0, 1, 2, 3, 4, 5, 7, 12, 13, 15, 16, 18]]
[[2, 4, 14, 12, 17, 58], [0, 1, 4, 6, 7, 9, 10, 11, 12, 13, 14, 15, 17, 18]]
[[2, 4, 14, 12, 12, 70], [0, 1, 2, 3, 4, 6, 7, 9, 10, 11, 12, 13, 14, 15, 16, 18]]
[[2, 4, 14, 12, 12, 70], [0, 1, 4, 5, 8, 15, 17, 18]]
[[2, 4, 14, 12, 22, 82], [0, 1, 4, 5, 6, 9, 14, 15, 17, 18]]
[[2, 4, 14, 12, 22, 82], [0, 1, 2, 3, 4, 10, 11, 12, 13, 15, 17, 18]]
[[2, 4, 14, 12, 32, 88], [0, 2, 4, 6, 8, 10, 11, 14, 15]]
[[2, 4, 14, 12, 32, 88], [0, 2, 4, 7, 8, 10, 11, 14, 15]]
[[2, 4, 14, 12, 32, 88], [0, 1, 4, 6, 9, 10, 12, 13, 15, 16, 18]]
[[2, 4, 14, 12, 32, 88], [0, 2, 4, 5, 8, 9, 11, 12, 15, 16, 18]]
[[2, 4, 14, 12, 32, 88], [0, 1, 4, 6, 9, 10, 11, 13, 15, 17, 18]]
[[2, 4, 14, 12, 32, 88], [0, 2, 4, 5, 6, 7, 8, 9, 11, 12, 15, 17, 18]]
[[2, 4, 14, 12, 32, 88], [0, 1, 4, 5, 13, 14, 15, 16, 17]]
[[2, 4, 14, 12, 32, 88], [0, 1, 4, 5, 11, 12, 13, 14, 15, 16, 17]]
[[2, 4, 14, 12, 22, 76], [0, 2, 4, 9, 10, 11, 15, 16, 18]]
[[2, 4, 14, 12, 22, 76], [0, 2, 4, 7, 10, 11, 12, 14, 15, 16, 18]]
[[2, 4, 14, 12, 22, 76], [0, 2, 4, 5, 9, 11, 15, 17, 18]]
[[2, 4, 14, 12, 22, 76], [0, 2, 4, 5, 7, 11, 12, 14, 15, 17, 18]]
[[2, 4, 14, 12, 27, 88], [0, 3, 4, 9, 10, 12, 15, 16, 18]]
[[2, 4, 14, 12, 27, 88], [0, 1, 2, 3, 4, 5, 9, 12, 15, 17, 18]]
[[2, 4, 14, 12, 27, 88], [0, 1, 2, 3, 4, 6, 7, 8, 10, 11, 13, 14, 15, 16, 17]]
[[2, 4, 14, 12, 27, 88], [0, 3, 4, 5, 8, 12, 13, 14, 15, 16, 17]]
[[2, 4, 14, 16, 42, 88], [0, 1, 4, 9, 10, 12, 14, 15]]
[[2, 4, 14, 16, 42, 88], [0, 1, 2, 3, 4, 5, 6, 7, 8, 11, 13, 15, 16, 18]]
[[2, 4, 14, 16, 42, 76], [0, 2, 4, 5, 11, 15, 16, 18]]
[[2, 4, 14, 16, 42, 76], [0, 2, 4, 7, 10, 11, 13, 15, 17, 18]]
[[2, 4, 14, 16, 22, 64], [0, 3, 4, 5, 7, 9, 11, 13, 14, 15, 16, 18]]
[[2, 4, 14, 16, 22, 64], [0, 3, 4, 7, 8, 10, 11, 12, 13, 15, 17, 18]]
[[2, 4, 14, 16, 17, 100], [0, 3, 4, 10, 12, 15, 16, 18]]
[[2, 4, 14, 16, 17, 100], [0, 3, 4, 5, 8, 9, 12, 13, 14, 15, 16, 18]]
[[2, 4, 14, 16, 17, 100], [0, 2, 4, 6, 8, 10, 13, 14, 15, 16, 18]]
[[2, 4, 14, 16, 17, 100], [0, 2, 4, 5, 8, 9, 11, 13, 15, 16, 18]]
[[2, 4, 14, 16, 17, 100], [0, 2, 4, 5, 6, 7, 8, 9, 12, 13, 15, 17, 18]]
[[2, 4, 14, 16, 17, 100], [0, 2, 4, 7, 8, 10, 11, 12, 13, 14, 15, 17, 18]]
[[2, 4, 14, 16, 17, 76], [0, 1, 4, 5, 6, 9, 11, 12, 14, 15, 16, 18]]
[[2, 4, 14, 16, 17, 76], [0, 1, 2, 3, 4, 10, 12, 15, 17, 18]]
[[2, 4, 14, 16, 27, 82], [0, 1, 2, 3, 4, 6, 8, 9, 10, 12, 14, 15, 17, 18]]
[[2, 4, 14, 16, 27, 82], [0, 1, 4, 5, 7, 11, 12, 15, 17, 18]]
[[2, 4, 14, 16, 12, 112], [0, 2, 4, 8, 10, 14, 15]]
[[2, 4, 14, 16, 12, 112], [0, 2, 4, 5, 6, 7, 8, 14, 15]]
[[2, 4, 14, 16, 12, 112], [0, 2, 4, 6, 8, 9, 10, 12, 15, 16, 18]]
[[2, 4, 14, 16, 12, 112], [0, 2, 4, 5, 7, 8, 9, 12, 15, 17, 18]]
[[2, 4, 14, 16, 27, 112], [0, 2, 4, 5, 6, 11, 13, 14, 15]]
[[2, 4, 14, 16, 27, 112], [0, 2, 4, 6, 10, 12, 13, 14, 15]]
[[2, 4, 14, 16, 27, 112], [0, 2, 4, 5, 6, 7, 9, 13, 15, 16, 18]]
[[2, 4, 14, 16, 27, 112], [0, 2, 4, 6, 7, 9, 10, 11, 12, 13, 15, 17, 18]]
[[2, 4, 14, 16, 27, 76], [0, 1, 2, 3, 4, 5, 6, 9, 15, 16, 18]]
[[2, 4, 14, 16, 27, 76], [0, 3, 4, 5, 6, 9, 15, 17, 18]]
[[2, 4, 14, 16, 27, 76], [0, 3, 4, 6, 8, 10, 13, 14, 15, 16, 17]]
[[2, 4, 14, 16, 27, 76], [0, 1, 2, 3, 4, 7, 8, 10, 11, 12, 13, 14, 15, 16, 17]]
[[2, 4, 14, 16, 22, 94], [0, 1, 2, 3, 4, 5, 6, 8, 9, 13, 15, 16, 18]]
[[2, 4, 14, 16, 22, 94], [0, 3, 4, 7, 8, 9, 10, 11, 12, 13, 15, 17, 18]]
[[2, 4, 14, 16, 22, 94], [0, 3, 4, 5, 7, 11, 12, 14, 15, 16, 17]]
[[2, 4, 14, 16, 22, 94], [0, 1, 2, 3, 4, 7, 10, 11, 12, 14, 15, 16, 17]]
[[2, 4, 14, 16, 22, 76], [0, 2, 4, 6, 7, 9, 10, 11, 15, 16, 18]]
[[2, 4, 14, 16, 22, 76], [0, 2, 4, 5, 6, 11, 12, 14, 15, 16, 18]]
[[2, 4, 14, 16, 22, 76], [0, 2, 4, 5, 6, 7, 9, 11, 15, 17, 18]]
[[2, 4, 14, 16, 22, 76], [0, 2, 4, 6, 10, 11, 12, 14, 15, 17, 18]]
[[2, 4, 14, 16, 17, 64], [0, 1, 2, 3, 4, 6, 7, 8, 9, 10, 11, 12, 15, 16, 18]]
[[2, 4, 14, 16, 17, 64], [0, 3, 4, 5, 11, 12, 13, 14, 15, 16, 18]]
[[2, 4, 14, 16, 17, 64], [0, 1, 2, 3, 4, 5, 13, 14, 15, 17, 18]]
[[2, 4, 14, 16, 17, 64], [0, 3, 4, 8, 9, 10, 11, 12, 15, 17, 18]]
[[2, 4, 14, 20, 42, 64], [0, 1, 4, 6, 8, 9, 10, 12, 14, 15]]
[[2, 4, 14, 20, 42, 64], [0, 1, 2, 3, 4, 5, 8, 11, 13, 15, 17, 18]]
[[2, 4, 14, 20, 27, 64], [0, 3, 4, 5, 6, 9, 11, 12, 14, 15]]
[[2, 4, 14, 20, 27, 64], [0, 3, 4, 5, 8, 15, 17, 18]]
[[2, 4, 14, 20, 27, 64], [0, 3, 4, 9, 10, 13, 14, 15, 17, 18]]
[[2, 4, 14, 20, 27, 64], [0, 3, 4, 6, 7, 10, 11, 15, 17, 18]]
[[2, 4, 14, 20, 27, 100], [0, 1, 2, 3, 4, 6, 7, 9, 10, 11, 12, 13, 14, 15]]
[[2, 4, 14, 20, 27, 100], [0, 1, 4, 5, 8, 15, 16, 18]]
[[2, 4, 14, 20, 37, 52], [0, 1, 2, 3, 4, 10, 13, 15, 16, 18]]
[[2, 4, 14, 20, 37, 52], [0, 1, 4, 5, 6, 9, 11, 13, 14, 15, 17, 18]]
[[2, 4, 14, 20, 42, 58], [0, 3, 4, 6, 7, 10, 13, 15, 16, 18]]
[[2, 4, 14, 20, 42, 58], [0, 3, 4, 5, 6, 9, 14, 15, 17, 18]]
[[2, 4, 14, 20, 37, 70], [0, 1, 4, 6, 7, 9, 10, 13, 14, 15, 16, 18]]
[[2, 4, 14, 20, 37, 70], [0, 1, 2, 3, 4, 5, 7, 11, 12, 15, 16, 18]]
[[2, 4, 14, 20, 32, 52], [0, 1, 4, 5, 6, 7, 11, 15, 16, 18]]
[[2, 4, 14, 20, 32, 52], [0, 1, 2, 3, 4, 7, 10, 15, 17, 18]]
[[2, 4, 14, 20, 32, 70], [0, 3, 4, 7, 10, 11, 13, 15, 16, 18]]
[[2, 4, 14, 20, 32, 70], [0, 3, 4, 5, 7, 8, 11, 12, 13, 15, 17, 18]]
[[2, 4, 14, 20, 37, 58], [0, 3, 4, 6, 10, 12, 13, 15, 16, 18]]
[[2, 4, 14, 20, 37, 58], [0, 3, 4, 5, 6, 7, 12, 15, 17, 18]]
[[2, 4, 14, 20, 22, 88], [0, 1, 4, 5, 6, 11, 12, 15, 16, 18]]
[[2, 4, 14, 20, 22, 88], [0, 1, 2, 3, 4, 9, 10, 12, 14, 15, 17, 18]]
[[2, 4, 14, 20, 17, 70], [0, 1, 4, 6, 8, 10, 11, 12, 13, 15, 16, 18]]
[[2, 4, 14, 20, 17, 70], [0, 1, 2, 3, 4, 5, 8, 9, 12, 13, 14, 15, 17, 18]]
[[2, 4, 14, 20, 47, 76], [0, 1, 4, 6, 8, 9, 10, 11, 12, 13, 14, 15, 16, 18]]
[[2, 4, 14, 20, 47, 76], [0, 1, 2, 3, 4, 5, 8, 12, 13, 15, 17, 18]]
[[2, 4, 14, 20, 27, 70], [0, 1, 2, 3, 4, 6, 7, 10, 13, 15, 17, 18]]
[[2, 4, 14, 20, 27, 70], [0, 1, 4, 5, 8, 9, 11, 13, 14, 15, 17, 18]]
[[2, 4, 14, 20, 17, 106], [0, 3, 4, 5, 7, 11, 13, 15, 18]]
[[2, 4, 14, 20, 17, 106], [0, 1, 2, 3, 4, 7, 8, 10, 11, 15, 18]]
[[2, 4, 14, 20, 17, 106], [0, 3, 4, 5, 7, 11, 12, 15, 18]]
[[2, 4, 14, 20, 17, 106], [0, 1, 4, 7, 8, 10, 11, 12, 13, 15, 18]]
[[2, 4, 14, 20, 7, 82], [0, 1, 4, 5, 13, 14, 15]]
[[2, 4, 14, 20, 7, 82], [0, 1, 4, 5, 11, 12, 13, 14, 15]]
[[2, 4, 14, 20, 7, 82], [0, 1, 4, 6, 9, 10, 11, 13, 15, 16, 18]]
[[2, 4, 14, 20, 7, 82], [0, 1, 4, 6, 9, 10, 12, 13, 15, 17, 18]]
[[2, 4, 14, 20, 17, 100], [0, 1, 4, 8, 10, 11, 12, 14, 15]]
[[2, 4, 14, 20, 17, 100], [0, 1, 4, 5, 6, 7, 8, 11, 12, 14, 15]]
[[2, 4, 14, 20, 17, 100], [0, 1, 4, 7, 8, 9, 10, 12, 15, 16, 18]]
[[2, 4, 14, 20, 17, 100], [0, 1, 4, 5, 6, 8, 9, 12, 15, 17, 18]]
[[2, 4, 14, 20, 17, 94], [0, 1, 2, 3, 4, 6, 8, 9, 10, 13, 15, 16, 18]]
[[2, 4, 14, 20, 17, 94], [0, 3, 4, 5, 7, 8, 9, 11, 12, 13, 15, 17, 18]]
[[2, 4, 14, 20, 17, 94], [0, 1, 2, 3, 4, 5, 7, 11, 12, 14, 15, 16, 17]]
[[2, 4, 14, 20, 17, 94], [0, 3, 4, 7, 10, 11, 12, 14, 15, 16, 17]]
[[2, 4, 14, 20, 37, 76], [0, 1, 2, 3, 4, 5, 6, 7, 8, 9, 15, 16, 18]]
[[2, 4, 14, 20, 37, 76], [0, 1, 2, 3, 4, 10, 11, 12, 13, 14, 15, 16, 18]]
[[2, 4, 14, 20, 37, 76], [0, 3, 4, 5, 8, 9, 15, 17, 18]]
[[2, 4, 14, 20, 37, 76], [0, 3, 4, 10, 13, 14, 15, 17, 18]]
[[2, 4, 14, 20, 22, 106], [0, 1, 4, 5, 7, 9, 11, 13, 15, 16, 18]]
[[2, 4, 14, 20, 22, 106], [0, 1, 4, 5, 7, 9, 12, 13, 15, 17, 18]]
[[2, 4, 14, 20, 22, 106], [0, 1, 4, 6, 7, 10, 13, 14, 15, 16, 17]]
[[2, 4, 14, 20, 22, 106], [0, 1, 4, 6, 7, 10, 11, 12, 13, 14, 15, 16, 17]]
[[2, 4, 14, 20, 37, 82], [0, 3, 4, 7, 8, 10, 11, 14, 15, 16, 18]]
[[2, 4, 14, 20, 37, 82], [0, 1, 2, 3, 4, 5, 7, 9, 12, 13, 15, 16, 18]]
[[2, 4, 14, 20, 37, 82], [0, 3, 4, 5, 7, 9, 11, 13, 15, 17, 18]]
[[2, 4, 14, 20, 37, 82], [0, 1, 2, 3, 4, 6, 8, 10, 11, 14, 15, 17, 18]]
[[2, 4, 14, 36, 47, 100], [0, 1, 2, 3, 4, 5, 7, 9, 11, 13, 14, 15, 17, 18]]
[[2, 4, 14, 36, 47, 100], [0, 1, 4, 6, 7, 10, 12, 15, 17, 18]]
[[2, 4, 14, 28, 32, 112], [0, 1, 4, 5, 6, 8, 12, 14, 15]]
[[2, 4, 14, 28, 32, 112], [0, 1, 4, 5, 7, 8, 12, 14, 15]]
[[2, 4, 14, 28, 32, 112], [0, 1, 4, 6, 7, 8, 9, 10, 11, 12, 15, 16, 18]]
[[2, 4, 14, 28, 32, 112], [0, 1, 4, 8, 9, 10, 11, 12, 15, 17, 18]]
[[2, 4, 14, 28, 32, 88], [0, 3, 4, 5, 6, 7, 9, 13, 15, 16, 18]]
[[2, 4, 14, 28, 32, 88], [0, 1, 2, 3, 4, 5, 8, 14, 15, 16, 18]]
[[2, 4, 14, 28, 32, 88], [0, 3, 4, 6, 7, 8, 10, 14, 15, 17, 18]]
[[2, 4, 14, 28, 32, 88], [0, 1, 2, 3, 4, 6, 7, 9, 10, 11, 12, 13, 15, 17, 18]]
[[2, 4, 14, 28, 22, 94], [0, 1, 4, 6, 7, 9, 10, 13, 15, 16, 18]]
[[2, 4, 14, 28, 22, 94], [0, 1, 4, 5, 6, 7, 9, 11, 12, 13, 15, 17, 18]]
[[2, 4, 14, 28, 22, 94], [0, 1, 4, 5, 7, 11, 13, 14, 15, 16, 17]]
[[2, 4, 14, 28, 22, 94], [0, 1, 4, 7, 10, 12, 13, 14, 15, 16, 17]]
[[2, 4, 14, 28, 47, 94], [0, 1, 2, 3, 4, 5, 7, 9, 11, 12, 15, 16, 18]]
[[2, 4, 14, 28, 47, 94], [0, 3, 4, 5, 7, 9, 11, 12, 15, 17, 18]]
[[2, 4, 14, 28, 47, 94], [0, 1, 2, 3, 4, 6, 8, 10, 13, 14, 15, 16, 17]]
[[2, 4, 14, 28, 47, 94], [0, 3, 4, 7, 8, 10, 11, 12, 13, 14, 15, 16, 17]]
[[2, 4, 11, 16, 12, 73], [0, 3, 4, 5, 6, 7, 8, 9, 14, 15]]
[[2, 4, 11, 16, 12, 73], [0, 3, 4, 6, 8, 10, 13, 15, 16, 18]]
[[2, 4, 11, 16, 27, 73], [0, 2, 4, 8, 10, 11, 13, 15, 16, 18]]
[[2, 4, 11, 16, 27, 73], [0, 2, 4, 5, 7, 8, 11, 15, 17, 18]]
[[2, 4, 11, 16, 17, 97], [0, 1, 2, 3, 4, 6, 9, 10, 12, 13, 14, 15, 16]]
[[2, 4, 11, 16, 17, 97], [0, 1, 4, 5, 9, 11, 12, 13, 14, 15, 16]]
[[2, 4, 11, 16, 17, 97], [0, 1, 2, 3, 4, 5, 11, 15, 16, 17, 18]]
[[2, 4, 11, 16, 17, 97], [0, 1, 4, 6, 7, 8, 10, 12, 13, 15, 16, 17, 18]]
[[2, 4, 11, 16, 7, 85], [0, 3, 4, 5, 6, 12, 13, 15, 18]]
[[2, 4, 11, 16, 7, 85], [0, 1, 4, 6, 7, 10, 12, 15, 18]]
[[2, 4, 11, 16, 7, 85], [0, 1, 2, 3, 4, 6, 8, 10, 12, 15, 18]]
[[2, 4, 11, 16, 7, 85], [0, 3, 4, 5, 6, 7, 8, 12, 13, 15, 18]]
[[2, 4, 11, 16, 27, 49], [0, 1, 4, 5, 6, 11, 13, 14, 15]]
[[2, 4, 11, 16, 27, 49], [0, 1, 4, 6, 10, 12, 13, 14, 15]]
[[2, 4, 11, 16, 27, 49], [0, 1, 4, 9, 10, 13, 15, 16, 18]]
[[2, 4, 11, 16, 27, 49], [0, 1, 4, 5, 9, 11, 12, 13, 15, 17, 18]]
[[2, 4, 11, 16, 37, 61], [0, 3, 4, 8, 10, 11, 13, 14, 15]]
[[2, 4, 11, 16, 37, 61], [0, 1, 2, 3, 4, 5, 6, 7, 8, 12, 13, 14, 15]]
[[2, 4, 11, 16, 37, 61], [0, 3, 4, 5, 9, 11, 15, 16, 18]]
[[2, 4, 11, 16, 37, 61], [0, 1, 2, 3, 4, 9, 10, 11, 15, 17, 18]]
[[2, 4, 11, 16, 12, 103], [0, 3, 4, 7, 9, 10, 15, 16, 18]]
[[2, 4, 11, 16, 12, 103], [0, 1, 2, 3, 4, 7, 9, 10, 15, 17, 18]]
[[2, 4, 11, 16, 12, 103], [0, 3, 4, 5, 7, 8, 13, 14, 15, 16, 17]]
[[2, 4, 11, 16, 12, 103], [0, 1, 2, 3, 4, 5, 6, 8, 11, 12, 13, 14, 15, 16, 17]]
[[2, 4, 11, 16, 32, 97], [0, 1, 4, 5, 6, 8, 9, 12, 15, 16, 18]]
[[2, 4, 11, 16, 32, 97], [0, 1, 4, 7, 8, 9, 10, 12, 15, 17, 18]]
[[2, 4, 11, 16, 32, 97], [0, 1, 4, 8, 10, 11, 12, 14, 15, 16, 17]]
[[2, 4, 11, 16, 32, 97], [0, 1, 4, 5, 6, 7, 8, 11, 12, 14, 15, 16, 17]]
[[2, 4, 11, 20, 32, 85], [0, 1, 2, 3, 4, 6, 8, 9, 10, 13, 14, 15]]
[[2, 4, 11, 20, 32, 85], [0, 1, 4, 5, 7, 11, 13, 15, 17, 18]]
[[2, 4, 11, 20, 32, 109], [0, 1, 4, 5, 8, 9, 12, 13, 14, 15]]
[[2, 4, 11, 20, 32, 109], [0, 1, 2, 3, 4, 6, 7, 10, 11, 15, 16, 18]]
[[2, 4, 11, 20, 27, 85], [0, 3, 4, 5, 6, 7, 8, 15, 16, 18]]
[[2, 4, 11, 20, 27, 85], [0, 3, 4, 6, 8, 9, 10, 13, 14, 15, 17, 18]]
[[2, 4, 11, 20, 17, 67], [0, 1, 2, 3, 4, 9, 10, 11, 14, 15, 16, 18]]
[[2, 4, 11, 20, 17, 67], [0, 1, 4, 5, 6, 12, 13, 15, 16, 18]]
[[2, 4, 11, 20, 12, 115], [0, 3, 4, 7, 8, 10, 12, 15, 17, 18]]
[[2, 4, 11, 20, 12, 115], [0, 3, 4, 5, 7, 9, 12, 13, 14, 15, 17, 18]]
[[2, 4, 11, 20, 22, 103], [0, 1, 4, 5, 6, 7, 9, 12, 14, 15, 16]]
[[2, 4, 11, 20, 22, 103], [0, 1, 4, 7, 9, 10, 11, 12, 14, 15, 16]]
[[2, 4, 11, 20, 22, 103], [0, 1, 2, 3, 4, 7, 10, 11, 13, 15, 16, 17, 18]]
[[2, 4, 11, 20, 22, 103], [0, 1, 2, 3, 4, 5, 6, 8, 12, 15, 16, 17, 18]]
[[2, 4, 11, 20, 42, 85], [0, 3, 4, 8, 9, 10, 12, 13, 14, 15, 16]]
[[2, 4, 11, 20, 42, 85], [0, 1, 2, 3, 4, 5, 6, 8, 9, 11, 12, 13, 14, 15, 16]]
[[2, 4, 11, 20, 42, 85], [0, 1, 4, 5, 6, 7, 11, 15, 16, 17, 18]]
[[2, 4, 11, 20, 42, 85], [0, 3, 4, 8, 10, 12, 13, 15, 16, 17, 18]]
[[2, 4, 11, 20, 22, 115], [0, 3, 4, 5, 6, 7, 8, 9, 11, 13, 15, 16, 18]]
[[2, 4, 11, 20, 22, 115], [0, 1, 2, 3, 4, 5, 8, 9, 12, 13, 15, 17, 18]]
[[2, 4, 11, 20, 22, 115], [0, 3, 4, 6, 7, 10, 11, 14, 15, 16, 17]]
[[2, 4, 11, 20, 22, 115], [0, 1, 2, 3, 4, 6, 7, 10, 11, 14, 15, 16, 17]]
[[2, 4, 11, 24, 22, 79], [0, 1, 2, 3, 4, 5, 6, 9, 14, 15, 16, 18]]
[[2, 4, 11, 24, 22, 79], [0, 1, 4, 7, 8, 10, 11, 15, 16, 18]]
[[2, 4, 11, 24, 47, 55], [0, 1, 2, 3, 4, 5, 6, 7, 12, 15, 16, 18]]
[[2, 4, 11, 24, 47, 55], [0, 1, 4, 8, 10, 11, 12, 15, 16, 18]]
[[2, 4, 11, 24, 32, 55], [0, 1, 2, 3, 4, 5, 6, 8, 12, 15, 17, 18]]
[[2, 4, 11, 24, 32, 55], [0, 1, 4, 7, 10, 11, 12, 15, 17, 18]]
[[2, 4, 11, 24, 27, 91], [0, 1, 2, 3, 4, 6, 9, 10, 14, 15, 16]]
[[2, 4, 11, 24, 27, 91], [0, 1, 2, 3, 4, 5, 9, 11, 14, 15, 16]]
[[2, 4, 11, 24, 27, 91], [0, 1, 4, 6, 7, 8, 10, 15, 16, 17, 18]]
[[2, 4, 11, 24, 27, 91], [0, 1, 4, 5, 11, 12, 13, 15, 16, 17, 18]]
[[2, 4, 11, 24, 22, 85], [0, 3, 4, 5, 6, 7, 12, 14, 15]]
[[2, 4, 11, 24, 22, 85], [0, 1, 2, 3, 4, 5, 6, 7, 12, 14, 15]]
[[2, 4, 11, 24, 22, 85], [0, 3, 4, 6, 7, 8, 9, 10, 12, 13, 15, 16, 18]]
[[2, 4, 11, 24, 22, 85], [0, 1, 2, 3, 4, 8, 9, 10, 11, 13, 15, 17, 18]]
[[2, 4, 11, 8, 17, 85], [0, 1, 4, 7, 8, 9, 10, 13, 14, 15]]
[[2, 4, 11, 8, 17, 85], [0, 1, 2, 3, 4, 5, 6, 11, 12, 15, 16, 18]]
[[2, 4, 11, 12, 17, 85], [0, 3, 4, 6, 7, 9, 10, 11, 14, 15]]
[[2, 4, 11, 12, 17, 85], [0, 3, 4, 5, 6, 11, 12, 15, 17, 18]]
[[2, 4, 11, 12, 17, 103], [0, 1, 4, 5, 7, 9, 11, 13, 14, 15]]
[[2, 4, 11, 12, 17, 103], [0, 1, 2, 3, 4, 6, 8, 10, 13, 15, 17, 18]]
[[2, 4, 11, 12, 17, 103], [0, 1, 4, 7, 9, 10, 12, 13, 14, 15, 16]]
[[2, 4, 11, 12, 17, 103], [0, 3, 4, 5, 6, 7, 9, 11, 12, 13, 14, 15, 16]]
[[2, 4, 11, 12, 17, 103], [0, 3, 4, 5, 6, 8, 11, 15, 16, 17, 18]]
[[2, 4, 11, 12, 17, 103], [0, 1, 2, 3, 4, 7, 10, 12, 13, 15, 16, 17, 18]]
[[2, 4, 11, 12, 47, 73], [0, 1, 2, 3, 4, 6, 8, 9, 10, 11, 14, 15]]
[[2, 4, 11, 12, 47, 73], [0, 1, 4, 5, 7, 12, 13, 15, 16, 18]]
[[2, 4, 11, 12, 37, 85], [0, 1, 4, 7, 8, 9, 10, 11, 14, 15]]
[[2, 4, 11, 12, 37, 85], [0, 1, 2, 3, 4, 5, 6, 15, 17, 18]]
[[2, 4, 11, 12, 37, 79], [0, 3, 4, 9, 10, 11, 12, 13, 14, 15]]
[[2, 4, 11, 12, 37, 79], [0, 3, 4, 5, 8, 11, 13, 15, 16, 18]]
[[2, 4, 11, 12, 22, 97], [0, 2, 4, 5, 13, 15, 16, 18]]
[[2, 4, 11, 12, 22, 97], [0, 2, 4, 7, 10, 12, 13, 15, 16, 18]]
[[2, 4, 11, 12, 27, 73], [0, 1, 2, 3, 4, 5, 8, 15, 16, 18]]
[[2, 4, 11, 12, 27, 73], [0, 1, 4, 6, 8, 9, 10, 11, 14, 15, 17, 18]]
[[2, 4, 11, 12, 32, 61], [0, 1, 2, 3, 4, 7, 8, 9, 10, 11, 14, 15, 17, 18]]
[[2, 4, 11, 12, 32, 61], [0, 1, 4, 5, 6, 7, 8, 12, 13, 15, 17, 18]]
[[2, 4, 11, 12, 12, 103], [0, 3, 4, 5, 9, 12, 14, 15, 16]]
[[2, 4, 11, 12, 12, 103], [0, 1, 2, 3, 4, 6, 9, 10, 11, 12, 14, 15, 16]]
[[2, 4, 11, 12, 12, 103], [0, 1, 4, 6, 7, 8, 10, 11, 13, 15, 16, 17, 18]]
[[2, 4, 11, 12, 12, 103], [0, 3, 4, 5, 12, 15, 16, 17, 18]]
[[2, 4, 11, 12, 17, 109], [0, 2, 4, 6, 7, 10, 13, 14, 15]]
[[2, 4, 11, 12, 17, 109], [0, 2, 4, 6, 7, 10, 11, 12, 13, 14, 15]]
[[2, 4, 11, 12, 17, 109], [0, 2, 4, 5, 6, 9, 12, 13, 15, 16, 18]]
[[2, 4, 11, 12, 17, 109], [0, 2, 4, 5, 6, 9, 11, 13, 15, 17, 18]]
[[2, 4, 11, 12, 22, 61], [0, 3, 4, 5, 8, 9, 12, 13, 15, 16, 18]]
[[2, 4, 11, 12, 22, 61], [0, 1, 2, 3, 4, 5, 6, 7, 8, 9, 11, 13, 15, 17, 18]]
[[2, 4, 11, 12, 22, 61], [0, 3, 4, 10, 12, 14, 15, 16, 17]]
[[2, 4, 11, 12, 22, 61], [0, 1, 2, 3, 4, 10, 12, 14, 15, 16, 17]]
[[2, 4, 11, 12, 32, 91], [0, 1, 2, 3, 4, 7, 8, 9, 10, 11, 12, 13, 15, 16, 18]]
[[2, 4, 11, 12, 32, 91], [0, 3, 4, 5, 6, 8, 9, 13, 15, 17, 18]]
[[2, 4, 11, 12, 32, 91], [0, 1, 2, 3, 4, 5, 6, 14, 15, 16, 17]]
[[2, 4, 11, 12, 32, 91], [0, 3, 4, 6, 10, 14, 15, 16, 17]]
[[2, 4, 11, 32, 37, 103], [0, 3, 4, 7, 8, 10, 13, 15, 16, 18]]
[[2, 4, 11, 32, 37, 103], [0, 3, 4, 5, 7, 9, 14, 15, 16, 18]]
[[2, 4, 11, 32, 42, 73], [0, 3, 4, 10, 11, 14, 15]]
[[2, 4, 11, 32, 42, 73], [0, 1, 2, 3, 4, 10, 11, 14, 15]]
[[2, 4, 11, 32, 42, 73], [0, 3, 4, 5, 8, 9, 11, 13, 15, 16, 18]]
[[2, 4, 11, 32, 42, 73], [0, 1, 2, 3, 4, 5, 6, 7, 8, 9, 12, 13, 15, 17, 18]]
[[2, 4, 11, 32, 42, 85], [0, 3, 4, 6, 7, 10, 12, 14, 15]]
[[2, 4, 11, 32, 42, 85], [0, 1, 2, 3, 4, 6, 7, 10, 12, 14, 15]]
[[2, 4, 11, 32, 42, 85], [0, 3, 4, 5, 6, 7, 8, 9, 12, 13, 15, 16, 18]]
[[2, 4, 11, 32, 42, 85], [0, 1, 2, 3, 4, 5, 8, 9, 11, 13, 15, 17, 18]]
[[2, 4, 11, 28, 67, 49], [0, 1, 4, 6, 7, 8, 10, 11, 13, 15, 16, 18]]
[[2, 4, 11, 28, 67, 49], [0, 1, 2, 3, 4, 5, 7, 8, 13, 15, 17, 18]]
[[2, 4, 11, 28, 42, 79], [0, 1, 4, 6, 7, 9, 10, 11, 14, 15, 16, 18]]
[[2, 4, 11, 28, 42, 79], [0, 1, 2, 3, 4, 5, 7, 15, 17, 18]]
[[2, 4, 11, 28, 42, 55], [0, 3, 4, 5, 6, 8, 12, 15, 16, 18]]
[[2, 4, 11, 28, 42, 55], [0, 3, 4, 6, 7, 8, 10, 12, 13, 15, 17, 18]]
[[2, 4, 11, 28, 32, 103], [0, 1, 2, 3, 4, 5, 6, 7, 8, 9, 11, 12, 14, 15, 16, 18]]
[[2, 4, 11, 28, 32, 103], [0, 1, 4, 10, 13, 15, 17, 18]]
[[2, 4, 11, 28, 27, 85], [0, 1, 4, 5, 9, 13, 14, 15, 16]]
[[2, 4, 11, 28, 27, 85], [0, 3, 4, 6, 9, 10, 11, 13, 14, 15, 16]]
[[2, 4, 11, 28, 27, 85], [0, 1, 2, 3, 4, 5, 13, 15, 16, 17, 18]]
[[2, 4, 11, 28, 27, 85], [0, 3, 4, 6, 7, 8, 10, 11, 12, 15, 16, 17, 18]]
[[2, 4, 11, 36, 37, 97], [0, 1, 2, 3, 4, 6, 7, 8, 10, 12, 13, 15, 16, 18]]
[[2, 4, 11, 36, 37, 97], [0, 1, 4, 5, 11, 12, 13, 15, 16, 18]]
[[2, 4, 11, 36, 57, 79], [0, 1, 4, 5, 7, 11, 13, 14, 15]]
[[2, 4, 11, 36, 57, 79], [0, 1, 4, 7, 10, 12, 13, 14, 15]]
[[2, 4, 11, 36, 57, 79], [0, 1, 4, 5, 6, 7, 9, 11, 12, 13, 15, 16, 18]]
[[2, 4, 11, 36, 57, 79], [0, 1, 4, 6, 7, 9, 10, 13, 15, 17, 18]]
[[2, 4, 17, 16, 27, 97], [0, 1, 2, 3, 4, 5, 6, 9, 11, 13, 14, 15]]
[[2, 4, 17, 16, 27, 97], [0, 1, 4, 7, 8, 10, 12, 15, 16, 18]]
[[2, 4, 17, 16, 22, 97], [0, 1, 2, 3, 4, 9, 10, 11, 14, 15]]
[[2, 4, 17, 16, 22, 97], [0, 1, 4, 5, 6, 12, 13, 15, 17, 18]]
[[2, 4, 17, 16, 22, 97], [0, 3, 4, 5, 9, 12, 15, 16, 18]]
[[2, 4, 17, 16, 22, 97], [0, 1, 2, 3, 4, 9, 10, 12, 15, 17, 18]]
[[2, 4, 17, 16, 22, 97], [0, 1, 2, 3, 4, 5, 6, 7, 8, 11, 13, 14, 15, 16, 17]]
[[2, 4, 17, 16, 22, 97], [0, 3, 4, 8, 10, 12, 13, 14, 15, 16, 17]]
[[2, 4, 17, 16, 17, 109], [0, 3, 4, 5, 6, 7, 8, 9, 11, 13, 14, 15]]
[[2, 4, 17, 16, 17, 109], [0, 1, 4, 5, 6, 7, 8, 9, 14, 15, 16, 18]]
[[2, 4, 17, 16, 17, 109], [0, 1, 2, 3, 4, 7, 8, 10, 11, 12, 13, 15, 16, 18]]
[[2, 4, 17, 16, 17, 109], [0, 3, 4, 6, 8, 10, 11, 12, 13, 15, 17, 18]]
[[2, 4, 17, 16, 27, 91], [0, 1, 2, 3, 4, 9, 10, 13, 14, 15, 16, 18]]
[[2, 4, 17, 16, 27, 91], [0, 1, 4, 5, 6, 11, 13, 15, 17, 18]]
[[2, 4, 17, 16, 27, 91], [0, 1, 2, 3, 4, 5, 6, 7, 13, 14, 15, 16, 18]]
[[2, 4, 17, 16, 27, 91], [0, 1, 2, 3, 4, 8, 9, 10, 11, 12, 15, 16, 18]]
[[2, 4, 17, 16, 27, 91], [0, 3, 4, 6, 7, 8, 9, 10, 11, 12, 15, 17, 18]]
[[2, 4, 17, 16, 27, 91], [0, 3, 4, 5, 6, 7, 11, 12, 13, 14, 15, 17, 18]]
[[2, 4, 17, 16, 12, 91], [0, 1, 2, 3, 4, 6, 8, 10, 11, 15, 16, 18]]
[[2, 4, 17, 16, 12, 91], [0, 3, 4, 5, 6, 11, 13, 15, 17, 18]]
[[2, 4, 17, 16, 12, 91], [0, 1, 4, 5, 7, 9, 12, 13, 14, 15, 17, 18]]
[[2, 4, 17, 16, 12, 91], [0, 3, 4, 6, 7, 9, 10, 11, 12, 13, 14, 15, 17, 18]]
[[2, 4, 17, 16, 27, 61], [0, 1, 2, 3, 4, 5, 8, 9, 11, 13, 14, 15, 16, 18]]
[[2, 4, 17, 16, 27, 61], [0, 1, 4, 6, 8, 10, 12, 15, 16, 18]]
[[2, 4, 17, 16, 27, 55], [0, 3, 4, 5, 12, 15, 16, 18]]
[[2, 4, 17, 16, 27, 55], [0, 3, 4, 8, 10, 12, 13, 15, 16, 18]]
[[2, 4, 17, 16, 17, 91], [0, 1, 2, 3, 4, 7, 8, 10, 12, 15, 16, 18]]
[[2, 4, 17, 16, 17, 91], [0, 1, 4, 5, 6, 7, 8, 9, 11, 12, 14, 15, 17, 18]]
[[2, 4, 17, 16, 27, 73], [0, 3, 4, 5, 6, 9, 12, 13, 14, 15, 16, 18]]
[[2, 4, 17, 16, 27, 73], [0, 3, 4, 6, 7, 10, 12, 15, 17, 18]]
[[2, 4, 17, 16, 27, 73], [0, 2, 4, 5, 7, 8, 13, 14, 15, 16, 18]]
[[2, 4, 17, 16, 27, 73], [0, 2, 4, 8, 9, 10, 12, 13, 15, 16, 18]]
[[2, 4, 17, 16, 27, 73], [0, 2, 4, 6, 7, 8, 9, 10, 11, 13, 15, 17, 18]]
[[2, 4, 17, 16, 27, 73], [0, 2, 4, 5, 6, 8, 11, 12, 13, 14, 15, 17, 18]]
[[2, 4, 17, 16, 32, 91], [0, 1, 2, 3, 4, 5, 7, 9, 12, 13, 14, 15, 16, 18]]
[[2, 4, 17, 16, 32, 91], [0, 1, 4, 6, 7, 10, 11, 12, 13, 15, 17, 18]]
[[2, 4, 17, 16, 27, 115], [0, 3, 4, 5, 6, 7, 9, 12, 14, 15, 16]]
[[2, 4, 17, 16, 27, 115], [0, 3, 4, 7, 9, 10, 11, 12, 14, 15, 16]]
[[2, 4, 17, 16, 27, 115], [0, 3, 4, 7, 10, 11, 13, 15, 16, 17, 18]]
[[2, 4, 17, 16, 27, 115], [0, 3, 4, 5, 6, 8, 12, 15, 16, 17, 18]]
[[2, 4, 17, 16, 27, 109], [0, 1, 4, 10, 13, 15, 18]]
[[2, 4, 17, 16, 27, 109], [0, 1, 2, 3, 4, 10, 13, 15, 18]]
[[2, 4, 17, 16, 27, 109], [0, 1, 4, 5, 8, 15, 18]]
[[2, 4, 17, 16, 27, 109], [0, 1, 2, 3, 4, 5, 8, 15, 18]]
[[2, 4, 17, 16, 12, 73], [0, 2, 4, 5, 13, 14, 15]]
[[2, 4, 17, 16, 12, 73], [0, 2, 4, 5, 11, 12, 13, 14, 15]]
[[2, 4, 17, 16, 12, 73], [0, 2, 4, 7, 9, 10, 11, 13, 15, 16, 18]]
[[2, 4, 17, 16, 12, 73], [0, 2, 4, 7, 9, 10, 12, 13, 15, 17, 18]]
[[2, 4, 17, 16, 12, 67], [0, 1, 2, 3, 4, 5, 8, 9, 15, 16, 18]]
[[2, 4, 17, 16, 12, 67], [0, 3, 4, 6, 7, 10, 13, 14, 15, 16, 18]]
[[2, 4, 17, 16, 12, 67], [0, 3, 4, 5, 6, 7, 8, 9, 15, 17, 18]]
[[2, 4, 17, 16, 12, 67], [0, 1, 2, 3, 4, 6, 7, 10, 11, 12, 13, 14, 15, 17, 18]]
[[2, 4, 17, 16, 32, 103], [0, 1, 4, 5, 6, 7, 8, 9, 15, 16, 18]]
[[2, 4, 17, 16, 32, 103], [0, 1, 4, 5, 8, 9, 15, 17, 18]]
[[2, 4, 17, 16, 32, 103], [0, 1, 4, 6, 8, 10, 11, 14, 15, 16, 17]]
[[2, 4, 17, 16, 32, 103], [0, 1, 4, 7, 8, 10, 11, 14, 15, 16, 17]]
[[2, 4, 17, 16, 27, 79], [0, 3, 4, 5, 7, 8, 9, 13, 15, 16, 18]]
[[2, 4, 17, 16, 27, 79], [0, 1, 2, 3, 4, 6, 8, 9, 10, 11, 12, 13, 15, 17, 18]]
[[2, 4, 17, 16, 27, 79], [0, 1, 2, 3, 4, 5, 7, 14, 15, 16, 17]]
[[2, 4, 17, 16, 27, 79], [0, 3, 4, 7, 10, 14, 15, 16, 17]]
[[2, 4, 17, 16, 7, 67], [0, 3, 4, 6, 7, 8, 9, 10, 11, 13, 15, 16, 18]]
[[2, 4, 17, 16, 7, 67], [0, 1, 2, 3, 4, 8, 9, 10, 12, 13, 15, 17, 18]]
[[2, 4, 17, 16, 7, 67], [0, 3, 4, 5, 6, 7, 11, 14, 15, 16, 17]]
[[2, 4, 17, 16, 7, 67], [0, 1, 2, 3, 4, 5, 6, 7, 11, 14, 15, 16, 17]]
[[2, 4, 17, 20, 17, 103], [0, 2, 4, 6, 10, 15, 16, 18]]
[[2, 4, 17, 20, 17, 103], [0, 2, 4, 5, 6, 8, 12, 15, 17, 18]]
[[2, 4, 17, 20, 22, 115], [0, 1, 2, 3, 4, 6, 8, 9, 10, 13, 14, 15, 16, 18]]
[[2, 4, 17, 20, 22, 115], [0, 1, 4, 5, 7, 11, 13, 15, 16, 18]]
[[2, 4, 17, 20, 12, 103], [0, 1, 4, 5, 6, 7, 8, 9, 11, 13, 14, 15, 16, 18]]
[[2, 4, 17, 20, 12, 103], [0, 1, 2, 3, 4, 7, 8, 10, 13, 15, 17, 18]]
[[2, 4, 17, 20, 37, 91], [0, 2, 4, 7, 10, 15, 17, 18]]
[[2, 4, 17, 20, 37, 91], [0, 2, 4, 5, 12, 15, 17, 18]]
[[2, 4, 17, 20, 32, 67], [0, 1, 2, 3, 4, 5, 7, 8, 11, 15, 17, 18]]
[[2, 4, 17, 20, 32, 67], [0, 1, 4, 6, 7, 8, 10, 12, 13, 15, 17, 18]]
[[2, 4, 17, 20, 32, 67], [0, 1, 2, 3, 4, 5, 7, 9, 11, 13, 15, 16, 18]]
[[2, 4, 17, 20, 32, 67], [0, 1, 2, 3, 4, 6, 8, 10, 12, 14, 15, 16, 18]]
[[2, 4, 17, 20, 32, 67], [0, 3, 4, 5, 7, 9, 12, 13, 15, 17, 18]]
[[2, 4, 17, 20, 32, 67], [0, 3, 4, 7, 8, 10, 12, 14, 15, 17, 18]]
[[2, 4, 17, 20, 32, 91], [0, 3, 4, 5, 7, 12, 13, 15, 17, 18]]
[[2, 4, 17, 20, 32, 91], [0, 3, 4, 7, 8, 9, 10, 12, 14, 15, 17, 18]]
[[2, 4, 17, 20, 27, 73], [0, 1, 4, 6, 8, 10, 11, 14, 15]]
[[2, 4, 17, 20, 27, 73], [0, 1, 4, 7, 8, 10, 11, 14, 15]]
[[2, 4, 17, 20, 27, 73], [0, 1, 4, 5, 8, 9, 15, 16, 18]]
[[2, 4, 17, 20, 27, 73], [0, 1, 4, 5, 6, 7, 8, 9, 15, 17, 18]]
[[2, 4, 17, 20, 22, 97], [0, 1, 2, 3, 4, 8, 10, 11, 13, 14, 15]]
[[2, 4, 17, 20, 22, 97], [0, 3, 4, 5, 6, 7, 8, 12, 13, 14, 15]]
[[2, 4, 17, 20, 22, 97], [0, 3, 4, 6, 7, 9, 10, 12, 15, 16, 18]]
[[2, 4, 17, 20, 22, 97], [0, 1, 2, 3, 4, 5, 6, 7, 9, 12, 15, 17, 18]]
[[2, 4, 17, 20, 37, 73], [0, 2, 4, 5, 6, 7, 8, 11, 13, 14, 15, 16, 18]]
[[2, 4, 17, 20, 37, 73], [0, 3, 4, 6, 7, 9, 10, 11, 12, 13, 15, 16, 18]]
[[2, 4, 17, 20, 37, 73], [0, 2, 4, 6, 8, 9, 10, 11, 12, 13, 15, 16, 18]]
[[2, 4, 17, 20, 37, 73], [0, 3, 4, 5, 6, 7, 8, 11, 12, 14, 15, 16, 18]]
[[2, 4, 17, 20, 37, 73], [0, 1, 2, 3, 4, 5, 6, 7, 9, 13, 15, 17, 18]]
[[2, 4, 17, 20, 37, 73], [0, 2, 4, 5, 7, 8, 9, 13, 15, 17, 18]]
[[2, 4, 17, 20, 37, 73], [0, 2, 4, 8, 10, 12, 13, 14, 15, 17, 18]]
[[2, 4, 17, 20, 37, 73], [0, 1, 2, 3, 4, 8, 10, 11, 12, 14, 15, 17, 18]]
[[2, 4, 17, 20, 27, 103], [0, 1, 2, 3, 4, 7, 8, 9, 10, 12, 15, 16, 18]]
[[2, 4, 17, 20, 27, 103], [0, 3, 4, 6, 10, 12, 13, 14, 15, 16, 18]]
[[2, 4, 17, 20, 27, 103], [0, 1, 2, 3, 4, 5, 6, 11, 13, 14, 15, 17, 18]]
[[2, 4, 17, 20, 27, 103], [0, 3, 4, 5, 6, 8, 9, 12, 15, 17, 18]]
[[2, 4, 17, 20, 27, 79], [0, 3, 4, 5, 6, 7, 8, 9, 11, 12, 15, 16, 18]]
[[2, 4, 17, 20, 27, 79], [0, 3, 4, 6, 7, 10, 11, 12, 13, 14, 15, 16, 18]]
[[2, 4, 17, 20, 27, 79], [0, 1, 2, 3, 4, 6, 7, 10, 13, 14, 15, 17, 18]]
[[2, 4, 17, 20, 27, 79], [0, 1, 2, 3, 4, 5, 8, 9, 11, 12, 15, 17, 18]]
[[2, 4, 17, 32, 42, 103], [0, 1, 4, 5, 6, 7, 8, 12, 13, 14, 15, 16, 18]]
[[2, 4, 17, 32, 42, 103], [0, 1, 4, 7, 8, 9, 10, 11, 12, 13, 15, 16, 18]]
[[2, 4, 17, 32, 42, 103], [0, 1, 4, 5, 6, 8, 9, 13, 15, 17, 18]]
[[2, 4, 17, 32, 42, 103], [0, 1, 4, 8, 10, 11, 13, 14, 15, 17, 18]]
[[2, 4, 17, 28, 42, 91], [0, 3, 4, 7, 10, 15, 16, 18]]
[[2, 4, 17, 28, 42, 91], [0, 3, 4, 5, 7, 8, 13, 15, 16, 18]]
[[2, 4, 17, 28, 32, 91], [0, 1, 4, 5, 6, 7, 8, 11, 13, 15, 16, 18]]
[[2, 4, 17, 28, 32, 91], [0, 1, 2, 3, 4, 7, 8, 9, 10, 13, 14, 15, 17, 18]]
[[2, 4, 17, 28, 32, 91], [0, 1, 4, 6, 7, 10, 12, 14, 15, 16, 18]]
[[2, 4, 17, 28, 32, 91], [0, 1, 4, 5, 7, 9, 11, 12, 15, 16, 18]]
[[2, 4, 17, 28, 32, 91], [0, 1, 4, 6, 7, 10, 12, 14, 15, 17, 18]]
[[2, 4, 17, 28, 32, 91], [0, 1, 4, 5, 7, 9, 11, 12, 15, 17, 18]]
[[2, 4, 17, 28, 47, 91], [0, 3, 4, 5, 7, 8, 9, 11, 15, 16, 18]]
[[2, 4, 17, 28, 47, 91], [0, 1, 2, 3, 4, 5, 7, 12, 13, 14, 15, 16, 18]]
[[2, 4, 17, 28, 47, 91], [0, 1, 2, 3, 4, 6, 8, 9, 10, 11, 15, 17, 18]]
[[2, 4, 17, 28, 47, 91], [0, 3, 4, 7, 10, 11, 13, 14, 15, 17, 18]]
[[2, 4, 17, 12, 22, 79], [0, 1, 4, 5, 6, 7, 13, 15, 16, 18]]
[[2, 4, 17, 12, 22, 79], [0, 1, 4, 6, 10, 11, 12, 15, 16, 18]]
[[2, 4, 17, 12, 22, 79], [0, 1, 2, 3, 4, 7, 10, 11, 12, 15, 16, 18]]
[[2, 4, 17, 12, 22, 79], [0, 1, 2, 3, 4, 5, 12, 15, 17, 18]]
[[2, 4, 17, 12, 12, 73], [0, 1, 2, 3, 4, 5, 6, 7, 8, 12, 13, 15, 16, 18]]
[[2, 4, 17, 12, 12, 73], [0, 1, 4, 9, 10, 11, 12, 13, 14, 15, 16, 18]]
[[2, 4, 17, 12, 17, 73], [0, 2, 4, 5, 7, 8, 13, 15, 17, 18]]
[[2, 4, 17, 12, 17, 73], [0, 2, 4, 8, 10, 12, 13, 15, 17, 18]]
[[2, 4, 17, 12, 17, 73], [0, 1, 4, 5, 6, 7, 9, 13, 14, 15, 16]]
[[2, 4, 17, 12, 17, 73], [0, 1, 2, 3, 4, 7, 9, 10, 11, 13, 14, 15, 16]]
[[2, 4, 17, 12, 17, 73], [0, 1, 2, 3, 4, 5, 6, 8, 13, 15, 16, 17, 18]]
[[2, 4, 17, 12, 17, 73], [0, 1, 4, 7, 10, 11, 12, 15, 16, 17, 18]]
[[2, 4, 17, 12, 27, 79], [0, 3, 4, 6, 8, 10, 11, 15, 17, 18]]
[[2, 4, 17, 12, 27, 79], [0, 3, 4, 5, 6, 7, 8, 9, 11, 12, 14, 15, 17, 18]]
[[2, 4, 17, 12, 17, 55], [0, 1, 2, 3, 4, 6, 9, 10, 15, 16, 18]]
[[2, 4, 17, 12, 17, 55], [0, 2, 4, 6, 10, 14, 15, 16, 18]]
[[2, 4, 17, 12, 17, 55], [0, 2, 4, 6, 7, 9, 10, 12, 15, 16, 18]]
[[2, 4, 17, 12, 17, 55], [0, 1, 4, 6, 7, 8, 10, 12, 13, 14, 15, 16, 18]]
[[2, 4, 17, 12, 17, 55], [0, 1, 4, 5, 7, 8, 9, 11, 12, 13, 15, 16, 18]]
[[2, 4, 17, 12, 17, 55], [0, 3, 4, 6, 9, 10, 15, 17, 18]]
[[2, 4, 17, 12, 17, 55], [0, 1, 4, 6, 8, 9, 10, 13, 15, 17, 18]]
[[2, 4, 17, 12, 17, 55], [0, 2, 4, 5, 6, 14, 15, 17, 18]]
[[2, 4, 17, 12, 17, 55], [0, 1, 4, 5, 8, 11, 13, 14, 15, 17, 18]]
[[2, 4, 17, 12, 17, 55], [0, 2, 4, 5, 6, 7, 9, 12, 15, 17, 18]]
[[2, 4, 17, 12, 17, 55], [0, 3, 4, 5, 6, 8, 13, 14, 15, 16, 17]]
[[2, 4, 17, 12, 17, 55], [0, 1, 2, 3, 4, 5, 7, 8, 11, 12, 13, 14, 15, 16, 17]]
[[2, 4, 17, 12, 7, 55], [0, 2, 4, 7, 9, 10, 15, 16, 18]]
[[2, 4, 17, 12, 7, 55], [0, 2, 4, 5, 12, 14, 15, 16, 18]]
[[2, 4, 17, 12, 7, 55], [0, 2, 4, 7, 9, 10, 15, 17, 18]]
[[2, 4, 17, 12, 7, 55], [0, 2, 4, 5, 12, 14, 15, 17, 18]]
[[2, 4, 17, 24, 52, 79], [0, 1, 4, 6, 7, 8, 10, 15, 16, 18]]
[[2, 4, 17, 24, 52, 79], [0, 1, 2, 3, 4, 5, 7, 8, 11, 12, 13, 15, 16, 18]]
[[2, 4, 17, 24, 27, 85], [0, 3, 4, 5, 8, 12, 13, 15, 16, 18]]
[[2, 4, 17, 24, 27, 85], [0, 3, 4, 9, 10, 12, 14, 15, 16, 18]]
[[2, 4, 17, 24, 22, 127], [0, 3, 4, 5, 8, 11, 12, 15, 16, 18]]
[[2, 4, 17, 24, 22, 127], [0, 3, 4, 9, 10, 11, 14, 15, 17, 18]]
[[2, 4, 17, 24, 32, 91], [0, 1, 2, 3, 4, 6, 10, 12, 13, 15, 17, 18]]
[[2, 4, 17, 24, 32, 91], [0, 1, 4, 5, 7, 8, 11, 12, 13, 15, 17, 18]]
[[2, 4, 17, 24, 32, 91], [0, 1, 4, 5, 6, 9, 15, 16, 18]]
[[2, 4, 17, 24, 32, 91], [0, 1, 4, 10, 11, 14, 15, 16, 18]]
[[2, 4, 17, 24, 32, 91], [0, 1, 4, 5, 6, 9, 15, 17, 18]]
[[2, 4, 17, 24, 32, 91], [0, 1, 4, 10, 11, 14, 15, 17, 18]]
[[2, 4, 17, 24, 22, 109], [0, 2, 4, 5, 6, 8, 12, 14, 15]]
[[2, 4, 17, 24, 22, 109], [0, 2, 4, 5, 7, 8, 12, 14, 15]]
[[2, 4, 17, 24, 22, 109], [0, 2, 4, 6, 7, 8, 9, 10, 15, 16, 18]]
[[2, 4, 17, 24, 22, 109], [0, 2, 4, 8, 9, 10, 15, 17, 18]]
[[2, 4, 17, 24, 27, 79], [0, 1, 2, 3, 4, 5, 7, 8, 11, 14, 15, 16, 18]]
[[2, 4, 17, 24, 27, 79], [0, 1, 2, 3, 4, 6, 9, 10, 12, 13, 15, 16, 18]]
[[2, 4, 17, 24, 27, 79], [0, 3, 4, 6, 9, 10, 11, 13, 15, 17, 18]]
[[2, 4, 17, 24, 27, 79], [0, 3, 4, 5, 6, 8, 11, 14, 15, 17, 18]]
[[2, 4, 17, 24, 22, 115], [0, 3, 4, 8, 9, 10, 12, 13, 15, 16, 18]]
[[2, 4, 17, 24, 22, 115], [0, 1, 2, 3, 4, 6, 7, 8, 9, 10, 11, 13, 15, 17, 18]]
[[2, 4, 17, 24, 22, 115], [0, 3, 4, 5, 12, 14, 15, 16, 17]]
[[2, 4, 17, 24, 22, 115], [0, 1, 2, 3, 4, 5, 12, 14, 15, 16, 17]]
[[2, 4, 5, 12, 22, 97], [0, 1, 2, 3, 4, 5, 6, 8, 9, 12, 14, 15, 16]]
[[2, 4, 5, 12, 22, 97], [0, 1, 4, 8, 9, 10, 11, 12, 14, 15, 16]]
[[2, 4, 5, 12, 22, 97], [0, 1, 2, 3, 4, 8, 10, 11, 13, 15, 16, 17, 18]]
[[2, 4, 5, 12, 22, 97], [0, 1, 4, 5, 6, 7, 12, 15, 16, 17, 18]]
[[2, 4, 5, 28, 17, 73], [0, 1, 2, 3, 4, 6, 7, 10, 11, 15, 18]]
[[2, 4, 5, 28, 17, 73], [0, 1, 4, 5, 6, 7, 8, 11, 13, 15, 18]]
[[2, 4, 5, 28, 17, 73], [0, 1, 2, 3, 4, 5, 6, 11, 12, 15, 18]]
[[2, 4, 5, 28, 17, 73], [0, 1, 4, 6, 8, 10, 11, 12, 13, 15, 18]]
[[2, 4, 5, 24, 22, 79], [0, 3, 4, 5, 9, 13, 14, 15, 16]]
[[2, 4, 5, 24, 22, 79], [0, 1, 4, 6, 9, 10, 11, 13, 14, 15, 16]]
[[2, 4, 5, 24, 22, 79], [0, 3, 4, 5, 13, 15, 16, 17, 18]]
[[2, 4, 5, 24, 22, 79], [0, 1, 2, 3, 4, 6, 7, 8, 10, 11, 12, 15, 16, 17, 18]]
[[2, 4, 5, 24, 22, 91], [0, 1, 4, 6, 7, 8, 9, 10, 14, 15, 16]]
[[2, 4, 5, 24, 22, 91], [0, 1, 2, 3, 4, 5, 7, 8, 9, 11, 14, 15, 16]]
[[2, 4, 5, 24, 22, 91], [0, 1, 2, 3, 4, 6, 10, 15, 16, 17, 18]]
[[2, 4, 5, 24, 22, 91], [0, 1, 4, 5, 7, 8, 11, 12, 13, 15, 16, 17, 18]]
[[2, 4, 5, 24, 32, 67], [0, 1, 4, 5, 7, 12, 13, 15, 18]]
[[2, 4, 5, 24, 32, 67], [0, 1, 2, 3, 4, 5, 7, 12, 13, 15, 18]]
[[2, 4, 5, 24, 32, 67], [0, 1, 4, 7, 8, 10, 12, 15, 18]]
[[2, 4, 5, 24, 32, 67], [0, 1, 2, 3, 4, 7, 8, 10, 12, 15, 18]]
[[2, 4, 5, 36, 52, 55], [0, 3, 4, 10, 13, 15, 18]]
[[2, 4, 5, 36, 52, 55], [0, 3, 4, 5, 8, 15, 18]]
[[2, 4, 23, 16, 17, 61], [0, 1, 4, 6, 7, 10, 11, 15, 16, 18]]
[[2, 4, 23, 16, 17, 61], [0, 1, 2, 3, 4, 5, 7, 9, 14, 15, 17, 18]]
[[2, 4, 23, 16, 12, 61], [0, 2, 4, 8, 10, 11, 12, 14, 15]]
[[2, 4, 23, 16, 12, 61], [0, 2, 4, 5, 6, 7, 8, 11, 12, 14, 15]]
[[2, 4, 23, 16, 12, 61], [0, 2, 4, 5, 7, 8, 9, 11, 15, 16, 18]]
[[2, 4, 23, 16, 12, 61], [0, 2, 4, 6, 8, 9, 10, 11, 15, 17, 18]]
[[2, 4, 23, 20, 17, 79], [0, 2, 4, 8, 10, 15, 16, 18]]
[[2, 4, 23, 20, 17, 79], [0, 2, 4, 5, 7, 8, 12, 15, 16, 18]]
[[2, 4, 23, 20, 27, 91], [0, 1, 2, 3, 4, 5, 6, 9, 12, 13, 14, 15, 17, 18]]
[[2, 4, 23, 20, 27, 91], [0, 1, 4, 7, 8, 10, 11, 12, 13, 15, 17, 18]]
[[2, 4, 23, 20, 12, 79], [0, 1, 2, 3, 4, 10, 13, 14, 15, 16, 18]]
[[2, 4, 23, 20, 12, 79], [0, 3, 4, 5, 8, 9, 11, 12, 15, 16, 18]]
[[2, 4, 23, 20, 12, 79], [0, 1, 2, 3, 4, 5, 6, 7, 8, 9, 11, 12, 15, 17, 18]]
[[2, 4, 23, 20, 12, 79], [0, 3, 4, 10, 11, 12, 13, 14, 15, 17, 18]]
[[2, 4, 23, 20, 12, 73], [0, 2, 4, 5, 9, 11, 15, 16, 18]]
[[2, 4, 23, 20, 12, 73], [0, 2, 4, 5, 7, 11, 12, 14, 15, 16, 18]]
[[2, 4, 23, 20, 12, 73], [0, 2, 4, 9, 10, 11, 15, 17, 18]]
[[2, 4, 23, 20, 12, 73], [0, 2, 4, 7, 10, 11, 12, 14, 15, 17, 18]]
[[2, 4, 23, 20, 27, 85], [0, 2, 4, 5, 6, 7, 8, 9, 11, 13, 15, 16, 18]]
[[2, 4, 23, 20, 27, 85], [0, 2, 4, 6, 8, 10, 11, 12, 13, 14, 15, 16, 18]]
[[2, 4, 23, 20, 27, 85], [0, 2, 4, 7, 8, 10, 13, 14, 15, 17, 18]]
[[2, 4, 23, 20, 27, 85], [0, 2, 4, 5, 8, 9, 12, 13, 15, 17, 18]]
[[2, 4, 23, 20, 12, 67], [0, 1, 2, 3, 4, 7, 10, 11, 13, 14, 15, 16, 18]]
[[2, 4, 23, 20, 12, 67], [0, 1, 2, 3, 4, 5, 6, 8, 9, 12, 15, 16, 18]]
[[2, 4, 23, 20, 12, 67], [0, 3, 4, 7, 8, 9, 10, 12, 15, 17, 18]]
[[2, 4, 23, 20, 12, 67], [0, 3, 4, 5, 7, 12, 13, 14, 15, 17, 18]]
[[2, 4, 23, 32, 37, 103], [0, 3, 4, 5, 7, 8, 11, 15, 16, 18]]
[[2, 4, 23, 32, 37, 103], [0, 3, 4, 7, 10, 11, 12, 15, 17, 18]]
[[2, 4, 23, 24, 22, 91], [0, 3, 4, 6, 8, 9, 10, 12, 14, 15, 16, 18]]
[[2, 4, 23, 24, 22, 91], [0, 3, 4, 5, 6, 7, 8, 12, 13, 15, 17, 18]]
[[2, 4, 23, 24, 17, 85], [0, 1, 2, 3, 4, 7, 10, 11, 13, 15, 17, 18]]
[[2, 4, 23, 24, 17, 85], [0, 1, 4, 5, 6, 7, 12, 15, 17, 18]]
[[2, 4, 23, 24, 32, 85], [0, 3, 4, 5, 11, 14, 15]]
[[2, 4, 23, 24, 32, 85], [0, 1, 2, 3, 4, 5, 11, 14, 15]]
[[2, 4, 23, 24, 32, 85], [0, 3, 4, 8, 9, 10, 11, 13, 15, 16, 18]]
[[2, 4, 23, 24, 32, 85], [0, 1, 2, 3, 4, 6, 7, 8, 9, 10, 12, 13, 15, 17, 18]]
[[2, 4, 20, 28, 27, 106], [0, 1, 4, 6, 8, 9, 10, 13, 14, 15, 17, 18]]
[[2, 4, 20, 28, 27, 106], [0, 1, 2, 3, 4, 5, 8, 11, 12, 15, 17, 18]]
[[2, 4, 20, 28, 37, 100], [0, 1, 2, 3, 4, 9, 10, 13, 15, 16, 18]]
[[2, 4, 20, 28, 37, 100], [0, 1, 2, 3, 4, 6, 9, 10, 11, 13, 15, 16, 18]]
[[2, 4, 20, 28, 37, 100], [0, 3, 4, 5, 6, 8, 12, 14, 15, 16, 18]]
[[2, 4, 20, 28, 37, 100], [0, 3, 4, 8, 10, 11, 12, 14, 15, 16, 18]]
[[2, 4, 20, 28, 37, 100], [0, 3, 4, 6, 9, 10, 12, 13, 15, 17, 18]]
[[2, 4, 20, 28, 37, 100], [0, 1, 2, 3, 4, 5, 7, 8, 12, 14, 15, 17, 18]]
[[2, 4, 20, 28, 37, 100], [0, 3, 4, 5, 9, 11, 12, 13, 15, 17, 18]]
[[2, 4, 20, 28, 37, 100], [0, 1, 2, 3, 4, 5, 6, 7, 8, 11, 12, 14, 15, 17, 18]]
[[2, 4, 20, 28, 32, 94], [0, 1, 2, 3, 4, 7, 8, 9, 10, 11, 15, 16, 18]]
[[2, 4, 20, 28, 32, 94], [0, 1, 2, 3, 4, 5, 6, 12, 13, 14, 15, 16, 18]]
[[2, 4, 20, 28, 32, 94], [0, 3, 4, 5, 6, 8, 9, 11, 15, 17, 18]]
[[2, 4, 20, 28, 32, 94], [0, 3, 4, 6, 10, 11, 13, 14, 15, 17, 18]]
[[2, 4, 20, 16, 17, 64], [0, 3, 4, 5, 7, 15, 16, 18]]
[[2, 4, 20, 16, 17, 64], [0, 3, 4, 7, 8, 9, 10, 13, 14, 15, 16, 18]]
[[2, 4, 20, 16, 17, 88], [0, 1, 4, 5, 6, 8, 11, 12, 13, 15, 16, 18]]
[[2, 4, 20, 16, 17, 88], [0, 1, 2, 3, 4, 8, 10, 12, 13, 15, 17, 18]]
[[2, 4, 20, 16, 27, 76], [0, 1, 2, 3, 4, 5, 6, 7, 8, 15, 17, 18]]
[[2, 4, 20, 16, 27, 76], [0, 1, 4, 9, 10, 11, 14, 15, 17, 18]]
[[2, 4, 20, 16, 12, 82], [0, 1, 4, 8, 9, 10, 14, 15, 16]]
[[2, 4, 20, 16, 12, 82], [0, 3, 4, 5, 6, 8, 9, 11, 14, 15, 16]]
[[2, 4, 20, 16, 12, 82], [0, 1, 2, 3, 4, 8, 10, 15, 16, 17, 18]]
[[2, 4, 20, 16, 12, 82], [0, 3, 4, 5, 6, 7, 11, 12, 13, 15, 16, 17, 18]]
[[2, 4, 20, 16, 22, 76], [0, 2, 4, 7, 10, 14, 15, 16, 18]]
[[2, 4, 20, 16, 22, 76], [0, 2, 4, 5, 9, 12, 15, 16, 18]]
[[2, 4, 20, 16, 22, 76], [0, 2, 4, 5, 7, 14, 15, 17, 18]]
[[2, 4, 20, 16, 22, 76], [0, 2, 4, 9, 10, 12, 15, 17, 18]]
[[2, 4, 20, 16, 17, 76], [0, 2, 4, 6, 7, 10, 11, 14, 15, 16, 18]]
[[2, 4, 20, 16, 17, 76], [0, 2, 4, 5, 6, 9, 11, 12, 15, 16, 18]]
[[2, 4, 20, 16, 17, 76], [0, 2, 4, 6, 7, 10, 11, 14, 15, 17, 18]]
[[2, 4, 20, 16, 17, 76], [0, 2, 4, 5, 6, 9, 11, 12, 15, 17, 18]]
[[2, 4, 20, 20, 22, 106], [0, 1, 2, 3, 4, 5, 8, 9, 14, 15, 16, 18]]
[[2, 4, 20, 20, 22, 106], [0, 1, 4, 6, 8, 10, 11, 15, 17, 18]]
[[2, 4, 20, 20, 27, 112], [0, 3, 4, 10, 11, 12, 13, 15, 16, 18]]
[[2, 4, 20, 20, 27, 112], [0, 3, 4, 5, 8, 9, 11, 13, 14, 15, 17, 18]]
[[2, 4, 20, 20, 27, 76], [0, 3, 4, 10, 13, 15, 17, 18]]
[[2, 4, 20, 20, 27, 76], [0, 3, 4, 5, 8, 9, 14, 15, 17, 18]]
[[2, 4, 20, 20, 27, 88], [0, 1, 2, 3, 4, 5, 8, 11, 13, 14, 15]]
[[2, 4, 20, 20, 27, 88], [0, 3, 4, 6, 7, 8, 10, 12, 13, 14, 15]]
[[2, 4, 20, 20, 27, 88], [0, 2, 4, 5, 7, 8, 9, 13, 15, 16, 18]]
[[2, 4, 20, 20, 27, 88], [0, 3, 4, 5, 6, 7, 9, 12, 15, 16, 18]]
[[2, 4, 20, 20, 27, 88], [0, 1, 4, 5, 6, 7, 12, 14, 15, 16, 18]]
[[2, 4, 20, 20, 27, 88], [0, 2, 4, 8, 10, 12, 13, 14, 15, 16, 18]]
[[2, 4, 20, 20, 27, 88], [0, 1, 4, 7, 9, 10, 11, 12, 15, 16, 18]]
[[2, 4, 20, 20, 27, 88], [0, 2, 4, 5, 6, 7, 8, 11, 13, 14, 15, 17, 18]]
[[2, 4, 20, 20, 27, 88], [0, 1, 2, 3, 4, 6, 7, 9, 10, 12, 15, 17, 18]]
[[2, 4, 20, 20, 27, 88], [0, 1, 4, 5, 6, 7, 12, 14, 15, 17, 18]]
[[2, 4, 20, 20, 27, 88], [0, 1, 4, 7, 9, 10, 11, 12, 15, 17, 18]]
[[2, 4, 20, 20, 27, 88], [0, 2, 4, 6, 8, 9, 10, 11, 12, 13, 15, 17, 18]]
[[2, 4, 20, 20, 22, 82], [0, 1, 2, 3, 4, 6, 7, 9, 10, 13, 15, 16, 18]]
[[2, 4, 20, 20, 22, 82], [0, 1, 2, 3, 4, 5, 8, 11, 12, 14, 15, 16, 18]]
[[2, 4, 20, 20, 22, 82], [0, 3, 4, 5, 6, 7, 9, 11, 12, 13, 15, 17, 18]]
[[2, 4, 20, 20, 22, 82], [0, 3, 4, 6, 7, 8, 10, 11, 12, 14, 15, 17, 18]]
[[2, 4, 20, 20, 12, 94], [0, 1, 4, 6, 8, 9, 10, 13, 15, 16, 18]]
[[2, 4, 20, 20, 12, 94], [0, 1, 4, 5, 8, 11, 13, 14, 15, 16, 18]]
[[2, 4, 20, 20, 12, 94], [0, 1, 4, 6, 7, 8, 10, 12, 13, 14, 15, 17, 18]]
[[2, 4, 20, 20, 12, 94], [0, 1, 4, 5, 7, 8, 9, 11, 12, 13, 15, 17, 18]]
[[2, 4, 20, 20, 17, 100], [0, 3, 4, 6, 7, 8, 9, 10, 15, 16, 18]]
[[2, 4, 20, 20, 17, 100], [0, 1, 2, 3, 4, 5, 6, 7, 11, 12, 13, 14, 15, 16, 18]]
[[2, 4, 20, 20, 17, 100], [0, 1, 2, 3, 4, 8, 9, 10, 15, 17, 18]]
[[2, 4, 20, 20, 17, 100], [0, 3, 4, 5, 6, 7, 13, 14, 15, 17, 18]]
[[2, 4, 20, 20, 27, 106], [0, 2, 4, 5, 6, 14, 15, 16, 18]]
[[2, 4, 20, 20, 27, 106], [0, 2, 4, 5, 6, 7, 9, 12, 15, 16, 18]]
[[2, 4, 20, 20, 27, 106], [0, 2, 4, 6, 10, 14, 15, 17, 18]]
[[2, 4, 20, 20, 27, 106], [0, 2, 4, 6, 7, 9, 10, 12, 15, 17, 18]]
[[2, 4, 20, 20, 37, 88], [0, 1, 2, 3, 4, 6, 7, 8, 10, 14, 15, 16, 18]]
[[2, 4, 20, 20, 37, 88], [0, 1, 2, 3, 4, 5, 9, 11, 12, 13, 15, 16, 18]]
[[2, 4, 20, 20, 37, 88], [0, 3, 4, 9, 10, 13, 15, 17, 18]]
[[2, 4, 20, 20, 37, 88], [0, 3, 4, 5, 8, 14, 15, 17, 18]]
[[2, 4, 20, 20, 22, 100], [0, 3, 4, 5, 6, 7, 9, 11, 15, 16, 18]]
[[2, 4, 20, 20, 22, 100], [0, 1, 2, 3, 4, 6, 7, 9, 10, 11, 15, 17, 18]]
[[2, 4, 20, 20, 22, 100], [0, 3, 4, 6, 7, 8, 10, 11, 13, 14, 15, 16, 17]]
[[2, 4, 20, 20, 22, 100], [0, 1, 2, 3, 4, 5, 8, 12, 13, 14, 15, 16, 17]]
[[2, 4, 20, 20, 27, 100], [0, 2, 4, 6, 7, 8, 9, 10, 12, 13, 15, 16, 18]]
[[2, 4, 20, 20, 27, 100], [0, 2, 4, 5, 7, 8, 11, 12, 13, 14, 15, 16, 18]]
[[2, 4, 20, 20, 27, 100], [0, 2, 4, 5, 6, 8, 13, 14, 15, 17, 18]]
[[2, 4, 20, 20, 27, 100], [0, 2, 4, 8, 9, 10, 11, 13, 15, 17, 18]]
[[2, 4, 20, 20, 12, 88], [0, 3, 4, 5, 6, 9, 11, 12, 15, 16, 18]]
[[2, 4, 20, 20, 12, 88], [0, 1, 2, 3, 4, 5, 6, 9, 11, 12, 15, 17, 18]]
[[2, 4, 20, 20, 12, 88], [0, 1, 2, 3, 4, 7, 8, 10, 13, 14, 15, 16, 17]]
[[2, 4, 20, 20, 12, 88], [0, 3, 4, 6, 8, 10, 11, 12, 13, 14, 15, 16, 17]]
[[2, 4, 20, 24, 27, 100], [0, 1, 2, 3, 4, 5, 6, 11, 13, 15, 16, 18]]
[[2, 4, 20, 24, 27, 100], [0, 1, 4, 7, 8, 9, 10, 12, 14, 15, 17, 18]]
[[2, 4, 20, 24, 22, 112], [0, 3, 4, 5, 8, 11, 13, 14, 15]]
[[2, 4, 20, 24, 22, 112], [0, 1, 2, 3, 4, 6, 7, 8, 10, 12, 13, 14, 15]]
[[2, 4, 20, 24, 22, 112], [0, 3, 4, 9, 10, 11, 15, 16, 18]]
[[2, 4, 20, 24, 22, 112], [0, 1, 2, 3, 4, 5, 9, 11, 15, 17, 18]]
[[2, 4, 20, 24, 32, 88], [0, 1, 4, 6, 9, 10, 15, 16, 18]]
[[2, 4, 20, 24, 32, 88], [0, 1, 4, 5, 6, 8, 9, 13, 15, 16, 18]]
[[2, 4, 20, 24, 32, 88], [0, 1, 4, 5, 11, 14, 15, 16, 18]]
[[2, 4, 20, 24, 32, 88], [0, 1, 4, 8, 10, 11, 13, 14, 15, 16, 18]]
[[2, 4, 20, 24, 32, 88], [0, 1, 4, 6, 9, 10, 15, 17, 18]]
[[2, 4, 20, 24, 32, 88], [0, 1, 4, 5, 11, 14, 15, 17, 18]]
[[2, 4, 20, 24, 32, 88], [0, 1, 4, 5, 6, 7, 8, 12, 13, 14, 15, 17, 18]]
[[2, 4, 20, 24, 32, 88], [0, 1, 4, 7, 8, 9, 10, 11, 12, 13, 15, 17, 18]]
[[2, 4, 20, 24, 22, 106], [0, 3, 4, 8, 9, 10, 15, 16, 18]]
[[2, 4, 20, 24, 22, 106], [0, 3, 4, 5, 13, 14, 15, 16, 18]]
[[2, 4, 20, 24, 22, 106], [0, 3, 4, 6, 8, 9, 10, 11, 15, 16, 18]]
[[2, 4, 20, 24, 22, 106], [0, 3, 4, 5, 6, 11, 13, 14, 15, 16, 18]]
[[2, 4, 20, 24, 22, 106], [0, 1, 2, 3, 4, 6, 7, 8, 9, 10, 15, 17, 18]]
[[2, 4, 20, 24, 22, 106], [0, 1, 2, 3, 4, 5, 7, 8, 9, 11, 15, 17, 18]]
[[2, 4, 20, 24, 22, 106], [0, 1, 2, 3, 4, 6, 10, 12, 13, 14, 15, 17, 18]]
[[2, 4, 20, 24, 22, 106], [0, 1, 2, 3, 4, 5, 11, 12, 13, 14, 15, 17, 18]]
[[2, 4, 20, 24, 32, 82], [0, 3, 4, 5, 6, 7, 8, 14, 15, 16, 18]]
[[2, 4, 20, 24, 32, 82], [0, 1, 2, 3, 4, 5, 6, 7, 9, 11, 12, 13, 15, 16, 18]]
[[2, 4, 20, 24, 32, 82], [0, 3, 4, 6, 7, 9, 10, 13, 15, 17, 18]]
[[2, 4, 20, 24, 32, 82], [0, 1, 2, 3, 4, 8, 10, 14, 15, 17, 18]]
[[2, 4, 20, 24, 37, 70], [0, 3, 4, 5, 6, 9, 11, 13, 15, 16, 18]]
[[2, 4, 20, 24, 37, 70], [0, 3, 4, 6, 8, 10, 11, 14, 15, 16, 18]]
[[2, 4, 20, 24, 37, 70], [0, 1, 2, 3, 4, 7, 8, 10, 11, 14, 15, 17, 18]]
[[2, 4, 20, 24, 37, 70], [0, 1, 2, 3, 4, 5, 6, 9, 12, 13, 15, 17, 18]]
[[2, 4, 20, 24, 42, 70], [0, 3, 4, 7, 9, 10, 11, 13, 15, 16, 18]]
[[2, 4, 20, 24, 42, 70], [0, 1, 2, 3, 4, 5, 6, 8, 11, 14, 15, 16, 18]]
[[2, 4, 20, 24, 42, 70], [0, 3, 4, 5, 7, 8, 11, 14, 15, 17, 18]]
[[2, 4, 20, 24, 42, 70], [0, 1, 2, 3, 4, 7, 9, 10, 12, 13, 15, 17, 18]]
[[2, 4, 20, 24, 27, 88], [0, 2, 4, 5, 6, 7, 8, 9, 12, 13, 15, 16, 18]]
[[2, 4, 20, 24, 27, 88], [0, 2, 4, 7, 8, 10, 11, 12, 13, 14, 15, 16, 18]]
[[2, 4, 20, 24, 27, 88], [0, 2, 4, 6, 8, 10, 13, 14, 15, 17, 18]]
[[2, 4, 20, 24, 27, 88], [0, 2, 4, 5, 8, 9, 11, 13, 15, 17, 18]]
[[2, 4, 20, 12, 12, 58], [0, 3, 4, 7, 9, 10, 12, 13, 15, 16, 18]]
[[2, 4, 20, 12, 12, 58], [0, 3, 4, 5, 7, 8, 12, 14, 15, 16, 18]]
[[2, 4, 20, 12, 12, 58], [0, 1, 2, 3, 4, 7, 9, 10, 11, 13, 15, 17, 18]]
[[2, 4, 20, 12, 12, 58], [0, 1, 2, 3, 4, 5, 6, 8, 12, 14, 15, 17, 18]]
[[2, 4, 26, 24, 22, 76], [0, 2, 4, 5, 7, 11, 13, 14, 15]]
[[2, 4, 26, 24, 22, 76], [0, 2, 4, 7, 10, 12, 13, 14, 15]]
[[2, 4, 26, 24, 22, 76], [0, 2, 4, 9, 10, 11, 12, 13, 15, 16, 18]]
[[2, 4, 26, 24, 22, 76], [0, 2, 4, 5, 9, 13, 15, 17, 18]]
[[2, 4, 26, 24, 27, 82], [0, 1, 2, 3, 4, 5, 6, 8, 9, 11, 15, 16, 18]]
[[2, 4, 26, 24, 27, 82], [0, 3, 4, 5, 7, 11, 13, 14, 15, 16, 18]]
[[2, 4, 26, 24, 27, 82], [0, 3, 4, 7, 8, 9, 10, 11, 15, 17, 18]]
[[2, 4, 26, 24, 27, 82], [0, 1, 2, 3, 4, 7, 10, 12, 13, 14, 15, 17, 18]]
[[2, 4, 26, 24, 22, 70], [0, 3, 4, 5, 6, 9, 12, 13, 15, 16, 18]]
[[2, 4, 26, 24, 22, 70], [0, 1, 2, 3, 4, 7, 8, 10, 12, 14, 15, 16, 18]]
[[2, 4, 26, 24, 22, 70], [0, 1, 2, 3, 4, 5, 6, 9, 11, 13, 15, 17, 18]]
[[2, 4, 26, 24, 22, 70], [0, 3, 4, 6, 8, 10, 12, 14, 15, 17, 18]]
[[2, 4, 26, 24, 27, 70], [0, 1, 4, 5, 9, 11, 12, 13, 15, 16, 18]]
[[2, 4, 26, 24, 27, 70], [0, 1, 4, 9, 10, 13, 15, 17, 18]]
[[2, 4, 26, 24, 27, 70], [0, 1, 4, 5, 6, 11, 13, 14, 15, 16, 17]]
[[2, 4, 26, 24, 27, 70], [0, 1, 4, 6, 10, 12, 13, 14, 15, 16, 17]]
[[2, 4, 26, 24, 17, 88], [0, 3, 4, 6, 8, 9, 10, 11, 12, 13, 15, 16, 18]]
[[2, 4, 26, 24, 17, 88], [0, 1, 2, 3, 4, 5, 7, 8, 9, 13, 15, 17, 18]]
[[2, 4, 26, 24, 17, 88], [0, 3, 4, 5, 6, 11, 12, 14, 15, 16, 17]]
[[2, 4, 26, 24, 17, 88], [0, 1, 2, 3, 4, 6, 10, 11, 12, 14, 15, 16, 17]]
[[2, 4, 26, 20, 22, 58], [0, 1, 4, 7, 8, 9, 10, 11, 15, 16, 18]]
[[2, 4, 26, 20, 22, 58], [0, 1, 4, 5, 6, 8, 9, 11, 15, 17, 18]]
[[2, 4, 26, 20, 22, 58], [0, 1, 4, 8, 10, 14, 15, 16, 17]]
[[2, 4, 26, 20, 22, 58], [0, 1, 4, 5, 6, 7, 8, 14, 15, 16, 17]]
[[2, 6, 8, 22, 22, 102], [0, 1, 2, 3, 4, 6, 7, 8, 9, 10, 14, 15]]
[[2, 6, 8, 22, 22, 102], [0, 1, 4, 5, 9, 11, 14, 15]]
[[2, 6, 8, 22, 22, 102], [0, 3, 4, 7, 9, 10, 12, 13, 14, 15]]
[[2, 6, 8, 22, 22, 102], [0, 3, 4, 5, 7, 8, 9, 12, 14, 15]]
[[2, 6, 8, 22, 52, 54], [0, 3, 4, 5, 6, 11, 13, 15, 16, 18]]
[[2, 6, 8, 22, 52, 54], [0, 3, 4, 6, 7, 9, 10, 11, 12, 13, 14, 15, 16, 17]]
[[2, 6, 8, 22, 22, 84], [0, 1, 2, 3, 4, 5, 7, 9, 14, 15, 16]]
[[2, 6, 8, 22, 22, 84], [0, 3, 4, 6, 7, 9, 10, 11, 14, 15, 16]]
[[2, 6, 8, 22, 22, 84], [0, 1, 4, 6, 9, 10, 11, 13, 14, 15, 18]]
[[2, 6, 8, 22, 22, 84], [0, 1, 4, 5, 6, 8, 9, 11, 14, 15, 18]]
[[2, 6, 8, 22, 22, 84], [0, 1, 2, 3, 4, 5, 6, 7, 11, 12, 13, 15, 18]]
[[2, 6, 8, 22, 22, 84], [0, 1, 2, 3, 4, 6, 7, 8, 10, 11, 12, 15, 18]]
[[2, 6, 8, 22, 22, 84], [0, 1, 4, 5, 7, 9, 14, 15, 16, 17, 18]]
[[2, 6, 8, 22, 22, 84], [0, 3, 4, 6, 8, 9, 10, 11, 12, 13, 14, 15, 16, 17, 18]]
[[2, 6, 8, 22, 12, 126], [0, 3, 4, 6, 9, 10, 12, 13, 14, 15, 16]]
[[2, 6, 8, 22, 12, 126], [0, 2, 4, 5, 9, 11, 12, 13, 14, 15, 16]]
[[2, 6, 8, 22, 12, 126], [0, 2, 4, 5, 11, 15, 16, 17, 18]]
[[2, 6, 8, 22, 12, 126], [0, 3, 4, 6, 7, 8, 10, 12, 13, 15, 16, 17, 18]]
[[2, 6, 8, 22, 12, 78], [0, 1, 2, 3, 4, 5, 8, 9, 12, 13, 14, 15, 16]]
[[2, 6, 8, 22, 12, 78], [0, 3, 4, 6, 8, 9, 10, 11, 12, 13, 14, 15, 16]]
[[2, 6, 8, 22, 12, 78], [0, 3, 4, 6, 7, 9, 10, 11, 14, 15, 16, 17, 18]]
[[2, 6, 8, 22, 12, 78], [0, 1, 4, 5, 8, 9, 12, 13, 14, 15, 16, 17, 18]]
[[2, 6, 8, 22, 22, 60], [0, 1, 2, 3, 4, 5, 6, 7, 8, 9, 12, 13, 14, 15, 16]]
[[2, 6, 8, 22, 22, 60], [0, 1, 2, 3, 4, 7, 8, 9, 10, 11, 12, 13, 14, 15, 16]]
[[2, 6, 8, 22, 22, 60], [0, 1, 4, 7, 8, 9, 10, 11, 14, 15, 16, 17, 18]]
[[2, 6, 8, 22, 22, 60], [0, 1, 4, 5, 6, 9, 12, 13, 14, 15, 16, 17, 18]]
[[2, 6, 8, 22, 27, 54], [0, 1, 4, 5, 7, 15, 18]]
[[2, 6, 8, 22, 27, 54], [0, 1, 2, 3, 4, 5, 7, 15, 18]]
[[2, 6, 8, 22, 27, 54], [0, 1, 4, 7, 8, 10, 13, 15, 18]]
[[2, 6, 8, 22, 27, 54], [0, 1, 2, 3, 4, 7, 8, 10, 13, 15, 18]]
[[2, 6, 8, 22, 37, 96], [0, 1, 4, 6, 10, 11, 13, 15, 18]]
[[2, 6, 8, 22, 37, 96], [0, 1, 4, 5, 6, 8, 11, 15, 18]]
[[2, 6, 8, 22, 37, 96], [0, 1, 2, 3, 4, 5, 6, 7, 9, 11, 12, 13, 14, 15, 18]]
[[2, 6, 8, 22, 37, 96], [0, 1, 2, 3, 4, 6, 7, 8, 9, 10, 11, 12, 14, 15, 18]]
[[2, 6, 8, 22, 22, 120], [0, 3, 4, 5, 11, 15, 18]]
[[2, 6, 8, 22, 22, 120], [0, 1, 4, 8, 10, 11, 13, 15, 18]]
[[2, 6, 8, 22, 22, 120], [0, 3, 4, 5, 9, 11, 12, 13, 14, 15, 18]]
[[2, 6, 8, 22, 22, 120], [0, 1, 2, 3, 4, 8, 9, 10, 11, 12, 14, 15, 18]]
[[2, 6, 8, 22, 22, 96], [0, 3, 4, 7, 10, 12, 13, 15, 18]]
[[2, 6, 8, 22, 22, 96], [0, 3, 4, 5, 7, 8, 12, 15, 18]]
[[2, 6, 8, 22, 22, 96], [0, 3, 4, 7, 9, 10, 12, 13, 14, 15, 18]]
[[2, 6, 8, 22, 22, 96], [0, 3, 4, 5, 7, 8, 9, 12, 14, 15, 18]]
[[2, 6, 8, 14, 42, 90], [0, 2, 4, 5, 8, 9, 14, 15]]
[[2, 6, 8, 14, 42, 90], [0, 2, 4, 7, 8, 10, 12, 15, 17, 18]]
[[2, 6, 8, 14, 52, 90], [0, 2, 4, 5, 8, 9, 11, 13, 14, 15]]
[[2, 6, 8, 14, 52, 90], [0, 2, 4, 7, 8, 10, 11, 15, 16, 18]]
[[2, 6, 8, 14, 42, 72], [0, 1, 2, 3, 4, 5, 6, 7, 8, 11, 12, 15, 17, 18]]
[[2, 6, 8, 14, 42, 72], [0, 1, 4, 9, 10, 13, 14, 15, 16, 17]]
[[2, 6, 8, 14, 37, 90], [0, 2, 4, 8, 9, 10, 12, 13, 14, 15, 16]]
[[2, 6, 8, 14, 37, 90], [0, 1, 4, 5, 6, 8, 9, 11, 12, 13, 14, 15, 16]]
[[2, 6, 8, 14, 37, 90], [0, 1, 2, 3, 4, 5, 6, 7, 11, 15, 16, 17, 18]]
[[2, 6, 8, 14, 37, 90], [0, 2, 4, 8, 10, 12, 13, 15, 16, 17, 18]]
[[2, 6, 8, 18, 27, 66], [0, 1, 4, 6, 8, 10, 13, 15, 16, 18]]
[[2, 6, 8, 18, 27, 66], [0, 1, 2, 3, 4, 5, 8, 9, 11, 12, 14, 15, 16, 17]]
[[2, 6, 8, 18, 22, 90], [0, 3, 4, 6, 7, 10, 11, 12, 13, 15, 16, 18]]
[[2, 6, 8, 18, 22, 90], [0, 3, 4, 5, 6, 9, 11, 13, 14, 15, 16, 17]]
[[2, 6, 8, 18, 12, 66], [0, 1, 2, 3, 4, 5, 8, 11, 12, 15, 16, 18]]
[[2, 6, 8, 18, 12, 66], [0, 1, 4, 6, 8, 9, 10, 13, 14, 15, 16, 17]]
[[2, 6, 8, 18, 7, 78], [0, 2, 4, 6, 7, 8, 9, 10, 14, 15, 16]]
[[2, 6, 8, 18, 7, 78], [0, 3, 4, 5, 7, 8, 9, 11, 14, 15, 16]]
[[2, 6, 8, 18, 7, 78], [0, 2, 4, 6, 10, 15, 16, 17, 18]]
[[2, 6, 8, 18, 7, 78], [0, 3, 4, 5, 7, 8, 11, 12, 13, 15, 16, 17, 18]]
[[2, 6, 8, 18, 12, 84], [0, 1, 2, 3, 4, 5, 7, 8, 9, 12, 14, 15, 16]]
[[2, 6, 8, 18, 12, 84], [0, 2, 4, 6, 7, 8, 9, 10, 11, 12, 14, 15, 16]]
[[2, 6, 8, 18, 12, 84], [0, 2, 4, 6, 10, 11, 13, 15, 16, 17, 18]]
[[2, 6, 8, 18, 12, 84], [0, 1, 4, 5, 7, 8, 12, 15, 16, 17, 18]]
[[2, 6, 8, 18, 37, 102], [0, 2, 4, 5, 7, 8, 9, 12, 14, 15, 16]]
[[2, 6, 8, 18, 37, 102], [0, 3, 4, 7, 8, 9, 10, 12, 14, 15, 16]]
[[2, 6, 8, 18, 37, 102], [0, 1, 4, 5, 6, 7, 8, 9, 11, 12, 14, 15, 16]]
[[2, 6, 8, 18, 37, 102], [0, 1, 2, 3, 4, 6, 7, 8, 9, 10, 11, 12, 14, 15, 16]]
[[2, 6, 8, 18, 37, 102], [0, 1, 4, 6, 10, 11, 13, 15, 16, 17, 18]]
[[2, 6, 8, 18, 37, 102], [0, 1, 2, 3, 4, 5, 6, 9, 11, 13, 14, 15, 16, 17, 18]]
[[2, 6, 8, 18, 37, 102], [0, 2, 4, 5, 7, 8, 12, 15, 16, 17, 18]]
[[2, 6, 8, 18, 37, 102], [0, 3, 4, 7, 8, 9, 10, 12, 14, 15, 16, 17, 18]]
[[2, 6, 8, 18, 17, 114], [0, 2, 4, 5, 6, 15, 18]]
[[2, 6, 8, 18, 17, 114], [0, 1, 4, 6, 7, 10, 13, 15, 18]]
[[2, 6, 8, 18, 17, 114], [0, 1, 2, 3, 4, 6, 8, 10, 13, 15, 18]]
[[2, 6, 8, 18, 17, 114], [0, 2, 4, 5, 6, 7, 8, 15, 18]]
[[2, 6, 8, 18, 17, 78], [0, 3, 4, 6, 9, 10, 11, 13, 14, 15, 18]]
[[2, 6, 8, 18, 17, 78], [0, 3, 4, 5, 6, 8, 9, 11, 14, 15, 18]]
[[2, 6, 8, 18, 17, 78], [0, 3, 4, 5, 6, 7, 11, 12, 13, 15, 18]]
[[2, 6, 8, 18, 17, 78], [0, 3, 4, 6, 7, 8, 10, 11, 12, 15, 18]]
[[2, 6, 8, 26, 12, 60], [0, 3, 4, 5, 6, 7, 9, 13, 14, 15]]
[[2, 6, 8, 26, 12, 60], [0, 3, 4, 6, 9, 10, 14, 15, 16, 18]]
[[2, 6, 8, 26, 17, 78], [0, 1, 4, 7, 9, 10, 11, 13, 14, 15]]
[[2, 6, 8, 26, 17, 78], [0, 1, 2, 3, 4, 5, 6, 8, 9, 13, 14, 15, 17, 18]]
[[2, 6, 8, 26, 32, 60], [0, 3, 4, 5, 6, 9, 12, 13, 14, 15]]
[[2, 6, 8, 26, 32, 60], [0, 3, 4, 6, 7, 10, 12, 15, 16, 18]]
[[2, 6, 8, 26, 57, 54], [0, 1, 4, 9, 10, 11, 12, 13, 14, 15]]
[[2, 6, 8, 26, 57, 54], [0, 1, 2, 3, 4, 5, 6, 7, 8, 12, 13, 15, 17, 18]]
[[2, 6, 8, 26, 42, 36], [0, 1, 4, 5, 8, 9, 11, 12, 14, 15]]
[[2, 6, 8, 26, 42, 36], [0, 1, 2, 3, 4, 6, 7, 10, 12, 15, 17, 18]]
[[2, 6, 8, 30, 32, 90], [0, 3, 4, 5, 9, 12, 14, 15]]
[[2, 6, 8, 30, 32, 90], [0, 3, 4, 8, 9, 10, 12, 13, 14, 15, 17, 18]]
[[2, 6, 8, 30, 32, 90], [0, 1, 2, 3, 4, 5, 6, 7, 9, 13, 14, 15, 16]]
[[2, 6, 8, 30, 32, 90], [0, 1, 4, 7, 9, 10, 11, 13, 14, 15, 16]]
[[2, 6, 8, 30, 32, 90], [0, 1, 4, 5, 6, 8, 13, 15, 16, 17, 18]]
[[2, 6, 8, 30, 32, 90], [0, 1, 2, 3, 4, 7, 10, 11, 12, 15, 16, 17, 18]]
[[2, 6, 8, 30, 22, 66], [0, 3, 4, 5, 6, 9, 14, 15, 16]]
[[2, 6, 8, 30, 22, 66], [0, 3, 4, 9, 10, 11, 14, 15, 16]]
[[2, 6, 8, 30, 22, 66], [0, 3, 4, 5, 6, 7, 8, 9, 14, 15, 16, 17, 18]]
[[2, 6, 8, 30, 22, 66], [0, 3, 4, 9, 10, 11, 12, 13, 14, 15, 16, 17, 18]]
[[2, 6, 8, 30, 32, 84], [0, 3, 4, 5, 6, 8, 9, 13, 14, 15, 16]]
[[2, 6, 8, 30, 32, 84], [0, 3, 4, 8, 9, 10, 11, 13, 14, 15, 16]]
[[2, 6, 8, 30, 32, 84], [0, 3, 4, 5, 6, 7, 13, 15, 16, 17, 18]]
[[2, 6, 8, 30, 32, 84], [0, 3, 4, 8, 10, 11, 12, 15, 16, 17, 18]]
[[2, 6, 8, 30, 32, 78], [0, 1, 2, 3, 4, 6, 7, 8, 9, 10, 12, 13, 14, 15, 16]]
[[2, 6, 8, 30, 32, 78], [0, 1, 2, 3, 4, 5, 7, 8, 9, 11, 12, 13, 14, 15, 16]]
[[2, 6, 8, 30, 32, 78], [0, 1, 4, 5, 7, 8, 11, 15, 16, 17, 18]]
[[2, 6, 8, 30, 32, 78], [0, 1, 4, 6, 10, 12, 13, 15, 16, 17, 18]]
[[2, 6, 8, 30, 27, 66], [0, 1, 4, 6, 10, 15, 18]]
[[2, 6, 8, 30, 27, 66], [0, 3, 4, 5, 6, 8, 13, 15, 18]]
[[2, 6, 8, 30, 27, 66], [0, 3, 4, 5, 6, 7, 9, 13, 14, 15, 18]]
[[2, 6, 8, 30, 27, 66], [0, 1, 2, 3, 4, 6, 7, 8, 9, 10, 14, 15, 18]]
[[2, 6, 8, 30, 42, 72], [0, 3, 4, 10, 11, 15, 18]]
[[2, 6, 8, 30, 42, 72], [0, 1, 4, 5, 8, 11, 13, 15, 18]]
[[2, 6, 8, 30, 42, 72], [0, 3, 4, 10, 11, 12, 13, 15, 18]]
[[2, 6, 8, 30, 42, 72], [0, 1, 2, 3, 4, 5, 8, 11, 12, 15, 18]]
[[2, 6, 8, 30, 57, 66], [0, 3, 4, 6, 10, 12, 13, 15, 18]]
[[2, 6, 8, 30, 57, 66], [0, 1, 2, 3, 4, 5, 6, 8, 12, 15, 18]]
[[2, 6, 8, 30, 57, 66], [0, 1, 4, 5, 6, 7, 9, 12, 14, 15, 18]]
[[2, 6, 8, 30, 57, 66], [0, 3, 4, 6, 7, 8, 9, 10, 12, 13, 14, 15, 18]]
[[2, 6, 8, 30, 32, 60], [0, 1, 4, 10, 12, 15, 18]]
[[2, 6, 8, 30, 32, 60], [0, 1, 2, 3, 4, 10, 12, 15, 18]]
[[2, 6, 8, 30, 32, 60], [0, 1, 4, 5, 8, 12, 13, 15, 18]]
[[2, 6, 8, 30, 32, 60], [0, 1, 2, 3, 4, 5, 8, 12, 13, 15, 18]]
[[2, 6, 8, 38, 32, 78], [0, 1, 2, 3, 4, 6, 7, 9, 10, 12, 14, 15]]
[[2, 6, 8, 38, 32, 78], [0, 1, 4, 5, 8, 11, 12, 15, 17, 18]]
[[2, 6, 8, 38, 47, 60], [0, 1, 4, 5, 6, 8, 9, 13, 14, 15, 16]]
[[2, 6, 8, 38, 47, 60], [0, 1, 4, 8, 9, 10, 11, 13, 14, 15, 16]]
[[2, 6, 8, 38, 47, 60], [0, 1, 2, 3, 4, 5, 6, 7, 13, 15, 16, 17, 18]]
[[2, 6, 8, 38, 47, 60], [0, 1, 2, 3, 4, 8, 10, 11, 12, 15, 16, 17, 18]]
[[2, 6, 8, 38, 32, 84], [0, 1, 4, 5, 6, 8, 9, 12, 14, 15, 16]]
[[2, 6, 8, 38, 32, 84], [0, 1, 2, 3, 4, 8, 9, 10, 11, 12, 14, 15, 16]]
[[2, 6, 8, 38, 32, 84], [0, 1, 4, 8, 10, 11, 13, 15, 16, 17, 18]]
[[2, 6, 8, 38, 32, 84], [0, 1, 2, 3, 4, 5, 6, 7, 12, 15, 16, 17, 18]]
[[2, 6, 8, 38, 32, 90], [0, 1, 2, 3, 4, 8, 9, 10, 12, 13, 14, 15, 16]]
[[2, 6, 8, 38, 32, 90], [0, 3, 4, 5, 6, 8, 9, 11, 12, 13, 14, 15, 16]]
[[2, 6, 8, 38, 32, 90], [0, 3, 4, 5, 6, 7, 11, 15, 16, 17, 18]]
[[2, 6, 8, 38, 32, 90], [0, 1, 4, 8, 10, 12, 13, 15, 16, 17, 18]]
[[2, 6, 8, 38, 37, 72], [0, 1, 2, 3, 4, 6, 10, 12, 13, 15, 18]]
[[2, 6, 8, 38, 37, 72], [0, 3, 4, 5, 6, 8, 12, 15, 18]]
[[2, 6, 8, 38, 37, 72], [0, 3, 4, 5, 6, 7, 9, 12, 14, 15, 18]]
[[2, 6, 8, 38, 37, 72], [0, 1, 4, 6, 7, 8, 9, 10, 12, 13, 14, 15, 18]]
[[2, 6, 8, 34, 22, 66], [0, 1, 4, 6, 9, 10, 12, 13, 14, 15, 16]]
[[2, 6, 8, 34, 22, 66], [0, 1, 2, 3, 4, 5, 9, 11, 12, 13, 14, 15, 16]]
[[2, 6, 8, 34, 22, 66], [0, 1, 4, 5, 11, 15, 16, 17, 18]]
[[2, 6, 8, 34, 22, 66], [0, 1, 2, 3, 4, 6, 7, 8, 10, 12, 13, 15, 16, 17, 18]]
[[2, 6, 14, 30, 32, 78], [0, 2, 4, 6, 8, 9, 10, 13, 14, 15]]
[[2, 6, 14, 30, 32, 78], [0, 2, 4, 5, 6, 12, 13, 15, 16, 18]]
[[2, 6, 14, 30, 37, 78], [0, 1, 4, 5, 6, 7, 8, 9, 11, 13, 14, 15]]
[[2, 6, 14, 30, 37, 78], [0, 1, 2, 3, 4, 7, 8, 10, 13, 15, 16, 18]]
[[2, 6, 14, 30, 22, 102], [0, 1, 2, 3, 4, 5, 6, 7, 9, 12, 14, 15]]
[[2, 6, 14, 30, 22, 102], [0, 1, 4, 8, 9, 10, 11, 12, 14, 15, 17, 18]]
[[2, 6, 14, 30, 17, 90], [0, 1, 2, 3, 4, 5, 6, 15, 16, 18]]
[[2, 6, 14, 30, 17, 90], [0, 1, 4, 7, 8, 9, 10, 11, 14, 15, 16, 18]]
[[2, 6, 14, 30, 32, 90], [0, 1, 4, 7, 8, 10, 13, 15, 16, 18]]
[[2, 6, 14, 30, 32, 90], [0, 1, 2, 3, 4, 5, 6, 9, 11, 12, 14, 15, 17, 18]]
[[2, 6, 14, 30, 57, 54], [0, 3, 4, 5, 6, 7, 8, 9, 14, 15, 16, 18]]
[[2, 6, 14, 30, 57, 54], [0, 3, 4, 6, 8, 10, 13, 15, 17, 18]]
[[2, 6, 14, 30, 32, 84], [0, 3, 4, 5, 7, 11, 13, 15, 16, 18]]
[[2, 6, 14, 30, 32, 84], [0, 3, 4, 7, 8, 9, 10, 11, 12, 13, 14, 15, 17, 18]]
[[2, 6, 14, 30, 22, 84], [0, 3, 4, 7, 9, 10, 11, 13, 14, 15, 16, 18]]
[[2, 6, 14, 30, 22, 84], [0, 3, 4, 5, 7, 8, 9, 11, 12, 13, 14, 15, 17, 18]]
[[2, 6, 14, 30, 37, 90], [0, 1, 2, 3, 4, 5, 12, 15, 18]]
[[2, 6, 14, 30, 37, 90], [0, 1, 4, 8, 10, 12, 13, 15, 18]]
[[2, 6, 14, 30, 37, 90], [0, 1, 4, 5, 9, 12, 14, 15, 18]]
[[2, 6, 14, 30, 37, 90], [0, 1, 2, 3, 4, 8, 9, 10, 12, 13, 14, 15, 18]]
[[2, 6, 14, 26, 22, 78], [0, 3, 4, 6, 7, 9, 10, 13, 14, 15, 16, 18]]
[[2, 6, 14, 26, 22, 78], [0, 3, 4, 5, 6, 15, 17, 18]]
[[2, 6, 14, 26, 67, 48], [0, 1, 4, 7, 9, 10, 14, 15, 16, 18]]
[[2, 6, 14, 26, 67, 48], [0, 1, 2, 3, 4, 5, 6, 8, 9, 11, 12, 13, 14, 15, 17, 18]]
[[2, 6, 14, 26, 22, 72], [0, 2, 4, 9, 10, 11, 14, 15, 16, 18]]
[[2, 6, 14, 26, 22, 72], [0, 2, 4, 5, 7, 11, 13, 15, 17, 18]]
[[2, 6, 14, 26, 42, 96], [0, 1, 4, 9, 10, 12, 14, 15, 16, 18]]
[[2, 6, 14, 26, 42, 96], [0, 1, 2, 3, 4, 5, 6, 7, 8, 11, 13, 15, 17, 18]]
[[2, 6, 14, 26, 7, 84], [0, 1, 2, 3, 4, 6, 7, 8, 9, 10, 11, 12, 14, 15, 16, 18]]
[[2, 6, 14, 26, 7, 84], [0, 1, 4, 5, 9, 13, 14, 15, 17, 18]]
[[2, 6, 14, 26, 57, 60], [0, 1, 2, 3, 4, 7, 9, 10, 11, 13, 14, 15, 17, 18]]
[[2, 6, 14, 26, 57, 60], [0, 1, 4, 5, 6, 7, 9, 12, 14, 15, 17, 18]]
[[2, 6, 14, 26, 22, 126], [0, 1, 2, 3, 4, 5, 6, 8, 9, 12, 14, 15, 17, 18]]
[[2, 6, 14, 26, 22, 126], [0, 1, 4, 7, 9, 10, 11, 12, 14, 15, 17, 18]]
[[2, 6, 14, 26, 17, 96], [0, 3, 4, 9, 10, 13, 14, 15, 16]]
[[2, 6, 14, 26, 17, 96], [0, 1, 4, 5, 6, 9, 11, 13, 14, 15, 16]]
[[2, 6, 14, 26, 17, 96], [0, 3, 4, 9, 10, 13, 14, 15, 16, 17, 18]]
[[2, 6, 14, 26, 17, 96], [0, 1, 2, 3, 4, 5, 6, 7, 8, 9, 11, 12, 14, 15, 16, 17, 18]]
[[2, 6, 14, 26, 17, 96], [0, 1, 4, 5, 7, 8, 9, 11, 15, 16, 18]]
[[2, 6, 14, 26, 17, 96], [0, 1, 4, 6, 8, 9, 10, 11, 15, 17, 18]]
[[2, 6, 14, 26, 17, 96], [0, 1, 4, 5, 8, 14, 15, 16, 17]]
[[2, 6, 14, 26, 17, 96], [0, 1, 4, 6, 7, 8, 10, 14, 15, 16, 17]]
[[2, 6, 14, 26, 17, 90], [0, 1, 2, 3, 4, 7, 10, 15, 18]]
[[2, 6, 14, 26, 17, 90], [0, 1, 4, 5, 7, 8, 13, 15, 18]]
[[2, 6, 14, 26, 17, 90], [0, 1, 4, 7, 9, 10, 14, 15, 18]]
[[2, 6, 14, 26, 17, 90], [0, 1, 2, 3, 4, 5, 7, 8, 9, 13, 14, 15, 18]]
[[2, 6, 14, 26, 27, 114], [0, 1, 4, 6, 7, 8, 9, 10, 15, 16, 18]]
[[2, 6, 14, 26, 27, 114], [0, 1, 4, 8, 9, 10, 15, 17, 18]]
[[2, 6, 14, 26, 27, 114], [0, 1, 4, 5, 6, 8, 11, 14, 15, 16, 17]]
[[2, 6, 14, 26, 27, 114], [0, 1, 4, 5, 7, 8, 11, 14, 15, 16, 17]]
[[2, 6, 14, 26, 17, 114], [0, 1, 4, 5, 6, 9, 12, 13, 15, 16, 18]]
[[2, 6, 14, 26, 17, 114], [0, 1, 4, 5, 6, 9, 11, 13, 15, 17, 18]]
[[2, 6, 14, 26, 17, 114], [0, 1, 4, 10, 13, 14, 15, 16, 17]]
[[2, 6, 14, 26, 17, 114], [0, 1, 4, 10, 11, 12, 13, 14, 15, 16, 17]]
[[2, 6, 14, 26, 12, 102], [0, 1, 2, 3, 4, 5, 6, 7, 9, 12, 15, 16, 18]]
[[2, 6, 14, 26, 12, 102], [0, 3, 4, 6, 7, 9, 10, 12, 15, 17, 18]]
[[2, 6, 14, 26, 12, 102], [0, 1, 2, 3, 4, 8, 10, 11, 13, 14, 15, 16, 17]]
[[2, 6, 14, 26, 12, 102], [0, 3, 4, 5, 6, 7, 8, 12, 13, 14, 15, 16, 17]]
