[[1, 5, 7, 33, 31, 83], [0, 1, 2, 3, 4, 5, 6, 8, 9, 11, 13, 14, 15]]
[[1, 5, 7, 33, 31, 83], [0, 1, 2, 3, 4, 6, 8, 9, 10, 11, 13, 14, 15]]
[[1, 5, 7, 33, 31, 83], [0, 3, 4, 5, 7, 8, 9, 12, 13, 14, 15]]
[[1, 5, 7, 33, 31, 83], [0, 3, 4, 7, 8, 9, 10, 12, 13, 14, 15]]
[[1, 5, 7, 17, 36, 71], [0, 3, 4, 5, 9, 14, 15, 16, 17]]
[[1, 5, 7, 17, 36, 71], [0, 1, 2, 3, 4, 9, 10, 14, 15, 16, 17]]
[[1, 5, 7, 17, 36, 71], [0, 3, 4, 5, 6, 7, 9, 11, 12, 14, 15, 16, 17]]
[[1, 5, 7, 17, 36, 71], [0, 1, 2, 3, 4, 6, 7, 9, 10, 11, 12, 14, 15, 16, 17]]
[[1, 5, 19, 33, 21, 89], [0, 3, 4, 5, 9, 14, 15, 16, 18]]
[[1, 5, 19, 33, 21, 89], [0, 1, 4, 6, 8, 9, 10, 11, 13, 14, 15, 16, 18]]
[[1, 5, 19, 33, 21, 89], [0, 1, 2, 3, 4, 9, 10, 14, 15, 17, 18]]
[[1, 5, 19, 33, 21, 89], [0, 1, 4, 5, 7, 8, 9, 12, 13, 14, 15, 17, 18]]
[[1, 5, 19, 33, 11, 77], [0, 2, 4, 5, 9, 14, 15, 16, 18]]
[[1, 5, 19, 33, 11, 77], [0, 1, 2, 3, 4, 6, 8, 9, 10, 11, 13, 14, 15, 16, 18]]
[[1, 5, 19, 33, 11, 77], [0, 2, 4, 9, 10, 14, 15, 17, 18]]
[[1, 5, 19, 33, 11, 77], [0, 3, 4, 5, 7, 8, 9, 12, 13, 14, 15, 17, 18]]
[[1, 5, 19, 33, 11, 71], [0, 1, 4, 8, 9, 10, 12, 14, 15, 16, 18]]
[[1, 5, 19, 33, 11, 71], [0, 2, 4, 5, 6, 9, 11, 12, 13, 14, 15, 16, 18]]
[[1, 5, 19, 33, 11, 71], [0, 2, 4, 5, 6, 9, 13, 14, 15, 17, 18]]
[[1, 5, 19, 33, 11, 71], [0, 1, 4, 6, 7, 8, 9, 10, 12, 14, 15, 17, 18]]
[[1, 5, 19, 25, 56, 59], [0, 3, 4, 7, 9, 10, 13, 14, 15, 16, 18]]
[[1, 5, 19, 25, 56, 59], [0, 1, 2, 3, 4, 5, 6, 7, 8, 9, 11, 14, 15, 16, 18]]
[[1, 5, 19, 25, 56, 59], [0, 3, 4, 5, 8, 9, 11, 14, 15, 17, 18]]
[[1, 5, 19, 25, 56, 59], [0, 1, 2, 3, 4, 7, 9, 10, 11, 12, 13, 14, 15, 17, 18]]
[[1, 5, 19, 25, 41, 59], [0, 1, 2, 3, 4, 5, 6, 8, 9, 14, 15, 16, 18]]
[[1, 5, 19, 25, 41, 59], [0, 1, 2, 3, 4, 9, 10, 11, 13, 14, 15, 16, 18]]
[[1, 5, 19, 25, 41, 59], [0, 3, 4, 7, 8, 9, 10, 14, 15, 17, 18]]
[[1, 5, 19, 25, 41, 59], [0, 3, 4, 5, 9, 12, 13, 14, 15, 17, 18]]
[[1, 5, 19, 25, 36, 65], [0, 1, 4, 7, 8, 9, 10, 14, 15, 16, 18]]
[[1, 5, 19, 25, 36, 65], [0, 2, 4, 5, 6, 7, 9, 11, 13, 14, 15, 16, 18]]
[[1, 5, 19, 25, 36, 65], [0, 1, 4, 5, 6, 8, 9, 14, 15, 17, 18]]
[[1, 5, 19, 25, 36, 65], [0, 2, 4, 6, 7, 9, 10, 12, 13, 14, 15, 17, 18]]
[[1, 5, 19, 25, 21, 53], [0, 1, 4, 7, 8, 9, 10, 11, 13, 14, 15, 16, 17]]
[[1, 5, 19, 25, 21, 53], [0, 1, 4, 5, 6, 8, 9, 12, 13, 14, 15, 16, 17]]
[[1, 5, 19, 29, 26, 71], [0, 3, 4, 5, 8, 9, 13, 14, 15, 16, 18]]
[[1, 5, 19, 29, 26, 71], [0, 1, 4, 6, 9, 10, 11, 14, 15, 16, 18]]
[[1, 5, 19, 29, 26, 71], [0, 1, 4, 6, 9, 10, 11, 14, 15, 17, 18]]
[[1, 5, 19, 29, 26, 71], [0, 1, 2, 3, 4, 5, 6, 7, 8, 9, 11, 12, 13, 14, 15, 17, 18]]
[[1, 5, 19, 29, 21, 65], [0, 1, 2, 3, 4, 5, 9, 14, 15, 16, 17]]
[[1, 5, 19, 29, 21, 65], [0, 3, 4, 9, 10, 14, 15, 16, 17]]
[[1, 5, 19, 29, 21, 65], [0, 1, 2, 3, 4, 5, 6, 7, 9, 11, 12, 14, 15, 16, 17]]
[[1, 5, 19, 29, 21, 65], [0, 3, 4, 6, 7, 9, 10, 11, 12, 14, 15, 16, 17]]
[[1, 5, 19, 37, 16, 95], [0, 2, 4, 8, 9, 10, 13, 14, 15, 16, 18]]
[[1, 5, 19, 37, 16, 95], [0, 1, 2, 3, 4, 5, 6, 9, 11, 14, 15, 16, 18]]
[[1, 5, 19, 37, 16, 95], [0, 3, 4, 5, 6, 9, 11, 14, 15, 17, 18]]
[[1, 5, 19, 37, 16, 95], [0, 2, 4, 6, 7, 8, 9, 10, 11, 12, 13, 14, 15, 17, 18]]
[[1, 5, 19, 37, 16, 95], [0, 1, 2, 3, 4, 6, 8, 9, 10, 14, 15, 16, 17]]
[[1, 5, 19, 37, 16, 95], [0, 3, 4, 5, 7, 8, 9, 14, 15, 16, 17]]
[[1, 5, 19, 37, 16, 95], [0, 1, 4, 6, 8, 9, 10, 11, 12, 14, 15, 16, 17]]
[[1, 5, 19, 37, 16, 95], [0, 1, 4, 5, 7, 8, 9, 11, 12, 14, 15, 16, 17]]
[[1, 5, 19, 37, 16, 89], [0, 1, 2, 3, 4, 5, 6, 7, 9, 12, 13, 14, 15, 16, 18]]
[[1, 5, 19, 37, 16, 89], [0, 1, 2, 3, 4, 7, 8, 9, 10, 11, 12, 14, 15, 16, 18]]
[[1, 5, 19, 37, 16, 89], [0, 3, 4, 6, 7, 9, 10, 11, 13, 14, 15, 17, 18]]
[[1, 5, 19, 37, 16, 89], [0, 3, 4, 5, 6, 8, 9, 11, 12, 14, 15, 17, 18]]
[[1, 5, 22, 37, 16, 68], [0, 1, 4, 6, 9, 10, 13, 14, 15, 16, 18]]
[[1, 5, 22, 37, 16, 68], [0, 1, 4, 5, 8, 9, 11, 14, 15, 16, 18]]
[[1, 5, 22, 37, 16, 68], [0, 1, 4, 5, 6, 7, 8, 9, 11, 14, 15, 17, 18]]
[[1, 5, 22, 37, 16, 68], [0, 1, 4, 6, 9, 10, 11, 12, 13, 14, 15, 17, 18]]
[[1, 5, 22, 37, 31, 74], [0, 1, 2, 3, 4, 5, 7, 9, 13, 14, 15, 16, 18]]
[[1, 5, 22, 37, 31, 74], [0, 3, 4, 6, 7, 8, 9, 10, 11, 14, 15, 16, 18]]
[[1, 5, 22, 37, 31, 74], [0, 1, 2, 3, 4, 8, 9, 10, 11, 14, 15, 17, 18]]
[[1, 5, 22, 37, 31, 74], [0, 3, 4, 5, 7, 9, 11, 12, 13, 14, 15, 17, 18]]
[[1, 7, 7, 39, 51, 79], [0, 1, 2, 3, 4, 5, 6, 7, 9, 14, 15]]
[[1, 7, 7, 39, 51, 79], [0, 3, 4, 6, 7, 9, 10, 14, 15]]
[[1, 7, 7, 15, 16, 73], [0, 3, 4, 9, 10, 11, 13, 14, 15, 16, 17]]
[[1, 7, 7, 15, 16, 73], [0, 2, 4, 6, 7, 9, 10, 11, 13, 14, 15, 16, 17]]
[[1, 7, 7, 15, 16, 73], [0, 1, 2, 3, 4, 5, 9, 12, 13, 14, 15, 16, 17]]
[[1, 7, 7, 15, 16, 73], [0, 2, 4, 5, 6, 7, 9, 12, 13, 14, 15, 16, 17]]
[[1, 7, 7, 27, 36, 73], [0, 1, 2, 3, 4, 6, 9, 10, 13, 14, 15, 16, 17]]
[[1, 7, 7, 27, 36, 73], [0, 1, 4, 5, 7, 9, 13, 14, 15, 16, 17]]
[[1, 7, 7, 27, 36, 73], [0, 3, 4, 6, 9, 10, 11, 12, 13, 14, 15, 16, 17]]
[[1, 7, 7, 27, 36, 73], [0, 1, 4, 5, 7, 9, 11, 12, 13, 14, 15, 16, 17]]
[[1, 7, 7, 27, 11, 61], [0, 1, 2, 3, 4, 5, 6, 8, 9, 11, 13, 14, 15, 16, 17]]
[[1, 7, 7, 27, 11, 61], [0, 3, 4, 7, 8, 9, 10, 12, 13, 14, 15, 16, 17]]
[[1, 7, 7, 27, 51, 67], [0, 3, 4, 6, 8, 9, 10, 11, 13, 14, 15, 16, 17]]
[[1, 7, 7, 27, 51, 67], [0, 1, 2, 3, 4, 5, 7, 8, 9, 12, 13, 14, 15, 16, 17]]
[[1, 7, 7, 31, 26, 67], [0, 1, 4, 5, 6, 8, 9, 14, 15, 16, 17]]
[[1, 7, 7, 31, 26, 67], [0, 1, 4, 7, 8, 9, 10, 14, 15, 16, 17]]
[[1, 7, 7, 31, 26, 67], [0, 3, 4, 5, 6, 8, 9, 11, 12, 14, 15, 16, 17]]
[[1, 7, 7, 31, 26, 67], [0, 1, 2, 3, 4, 7, 8, 9, 10, 11, 12, 14, 15, 16, 17]]
[[1, 7, 7, 31, 31, 61], [0, 1, 2, 3, 4, 9, 10, 11, 13, 14, 15, 16, 17]]
[[1, 7, 7, 31, 31, 61], [0, 1, 4, 6, 7, 9, 10, 11, 13, 14, 15, 16, 17]]
[[1, 7, 7, 31, 31, 61], [0, 3, 4, 5, 9, 12, 13, 14, 15, 16, 17]]
[[1, 7, 7, 31, 31, 61], [0, 1, 4, 5, 6, 7, 9, 12, 13, 14, 15, 16, 17]]
[[1, 7, 7, 31, 36, 73], [0, 3, 4, 6, 9, 10, 11, 14, 15, 16, 17]]
[[1, 7, 7, 31, 36, 73], [0, 1, 2, 3, 4, 6, 9, 10, 11, 14, 15, 16, 17]]
[[1, 7, 7, 31, 36, 73], [0, 3, 4, 5, 7, 9, 12, 14, 15, 16, 17]]
[[1, 7, 7, 31, 36, 73], [0, 1, 2, 3, 4, 5, 7, 9, 12, 14, 15, 16, 17]]
[[1, 7, 16, 27, 21, 64], [0, 3, 4, 5, 6, 7, 15, 16, 18]]
[[1, 7, 16, 27, 21, 64], [0, 2, 4, 7, 8, 10, 11, 13, 15, 16, 18]]
[[1, 7, 16, 27, 21, 64], [0, 1, 2, 3, 4, 5, 6, 7, 15, 17, 18]]
[[1, 7, 16, 27, 21, 64], [0, 2, 4, 6, 8, 10, 12, 13, 15, 17, 18]]
[[1, 7, 16, 27, 16, 70], [0, 2, 4, 5, 6, 7, 8, 12, 15, 16, 18]]
[[1, 7, 16, 27, 16, 70], [0, 2, 4, 7, 10, 11, 12, 13, 15, 16, 18]]
[[1, 7, 16, 27, 16, 70], [0, 2, 4, 5, 7, 13, 15, 17, 18]]
[[1, 7, 16, 27, 16, 70], [0, 2, 4, 8, 10, 12, 15, 17, 18]]
[[1, 7, 16, 27, 31, 82], [0, 1, 4, 5, 8, 9, 11, 14, 15, 16, 17]]
[[1, 7, 16, 27, 31, 82], [0, 1, 4, 5, 6, 7, 8, 9, 11, 14, 15, 16, 17]]
[[1, 7, 16, 27, 31, 82], [0, 3, 4, 8, 9, 10, 12, 14, 15, 16, 17]]
[[1, 7, 16, 27, 31, 82], [0, 1, 2, 3, 4, 6, 7, 8, 9, 10, 12, 14, 15, 16, 17]]
[[1, 7, 16, 31, 26, 76], [0, 1, 2, 3, 4, 5, 6, 9, 12, 14, 15, 16, 18]]
[[1, 7, 16, 31, 26, 76], [0, 1, 4, 8, 9, 10, 11, 12, 13, 14, 15, 16, 18]]
[[1, 7, 16, 31, 26, 76], [0, 1, 4, 6, 7, 8, 9, 10, 13, 14, 15, 17, 18]]
[[1, 7, 16, 31, 26, 76], [0, 3, 4, 5, 6, 9, 12, 14, 15, 17, 18]]
[[1, 7, 16, 23, 26, 64], [0, 2, 4, 7, 9, 10, 12, 14, 15, 16, 18]]
[[1, 7, 16, 23, 26, 64], [0, 1, 2, 3, 4, 5, 6, 7, 8, 9, 11, 12, 13, 14, 15, 16, 18]]
[[1, 7, 16, 23, 26, 64], [0, 3, 4, 5, 8, 9, 13, 14, 15, 17, 18]]
[[1, 7, 16, 23, 26, 64], [0, 2, 4, 7, 9, 10, 12, 14, 15, 17, 18]]
[[1, 7, 16, 15, 41, 64], [0, 2, 4, 9, 10, 11, 13, 14, 15, 16, 17]]
[[1, 7, 16, 15, 41, 64], [0, 1, 2, 3, 4, 6, 7, 9, 10, 11, 13, 14, 15, 16, 17]]
[[1, 7, 16, 15, 41, 64], [0, 2, 4, 5, 9, 12, 13, 14, 15, 16, 17]]
[[1, 7, 16, 15, 41, 64], [0, 3, 4, 5, 6, 7, 9, 12, 13, 14, 15, 16, 17]]
[[1, 7, 16, 35, 31, 88], [0, 1, 4, 9, 10, 11, 13, 14, 15, 16, 17]]
[[1, 7, 16, 35, 31, 88], [0, 3, 4, 6, 7, 9, 10, 11, 13, 14, 15, 16, 17]]
[[1, 7, 16, 35, 31, 88], [0, 1, 4, 5, 9, 12, 13, 14, 15, 16, 17]]
[[1, 7, 16, 35, 31, 88], [0, 1, 2, 3, 4, 5, 6, 7, 9, 12, 13, 14, 15, 16, 17]]
[[1, 7, 10, 23, 16, 46], [0, 3, 4, 5, 6, 7, 8, 9, 13, 14, 15]]
[[1, 7, 10, 23, 16, 46], [0, 1, 2, 3, 4, 6, 7, 8, 9, 10, 13, 14, 15]]
[[1, 7, 10, 23, 16, 46], [0, 1, 2, 3, 4, 5, 8, 9, 11, 12, 13, 14, 15]]
[[1, 7, 10, 23, 16, 46], [0, 3, 4, 8, 9, 10, 11, 12, 13, 14, 15]]
[[1, 7, 10, 27, 31, 82], [0, 1, 2, 3, 4, 5, 6, 8, 9, 14, 15, 16, 17]]
[[1, 7, 10, 27, 31, 82], [0, 3, 4, 7, 8, 9, 10, 14, 15, 16, 17]]
[[1, 7, 10, 27, 31, 82], [0, 1, 4, 5, 6, 8, 9, 11, 12, 14, 15, 16, 17]]
[[1, 7, 10, 27, 31, 82], [0, 1, 4, 7, 8, 9, 10, 11, 12, 14, 15, 16, 17]]
[[1, 7, 10, 27, 61, 82], [0, 1, 2, 3, 4, 5, 8, 9, 11, 14, 15, 16, 17]]
[[1, 7, 10, 27, 61, 82], [0, 3, 4, 5, 6, 7, 8, 9, 11, 14, 15, 16, 17]]
[[1, 7, 10, 27, 61, 82], [0, 1, 4, 8, 9, 10, 12, 14, 15, 16, 17]]
[[1, 7, 10, 27, 61, 82], [0, 1, 4, 6, 7, 8, 9, 10, 12, 14, 15, 16, 17]]
[[1, 7, 10, 35, 26, 94], [0, 1, 2, 3, 4, 5, 9, 11, 13, 14, 15]]
[[1, 7, 10, 35, 26, 94], [0, 2, 4, 9, 10, 11, 13, 14, 15]]
[[1, 7, 10, 35, 26, 94], [0, 2, 4, 5, 9, 12, 13, 14, 15]]
[[1, 7, 10, 35, 26, 94], [0, 3, 4, 9, 10, 12, 13, 14, 15]]
[[1, 7, 10, 19, 21, 64], [0, 1, 4, 7, 9, 10, 13, 14, 15, 16, 18]]
[[1, 7, 10, 19, 21, 64], [0, 2, 4, 5, 6, 7, 8, 9, 11, 14, 15, 16, 18]]
[[1, 7, 10, 19, 21, 64], [0, 2, 4, 5, 8, 9, 11, 14, 15, 17, 18]]
[[1, 7, 10, 19, 21, 64], [0, 1, 4, 7, 9, 10, 11, 12, 13, 14, 15, 17, 18]]
[[1, 7, 10, 19, 11, 76], [0, 2, 4, 5, 8, 9, 11, 14, 15, 16, 17]]
[[1, 7, 10, 19, 11, 76], [0, 2, 4, 5, 6, 7, 8, 9, 11, 14, 15, 16, 17]]
[[1, 7, 10, 19, 11, 76], [0, 1, 2, 3, 4, 8, 9, 10, 12, 14, 15, 16, 17]]
[[1, 7, 10, 19, 11, 76], [0, 3, 4, 6, 7, 8, 9, 10, 12, 14, 15, 16, 17]]
[[1, 7, 10, 15, 26, 40], [0, 2, 4, 6, 10, 12, 15, 16, 18]]
[[1, 7, 10, 15, 26, 40], [0, 3, 4, 5, 8, 11, 12, 13, 15, 16, 18]]
[[1, 7, 10, 15, 26, 40], [0, 1, 2, 3, 4, 6, 7, 8, 10, 13, 15, 17, 18]]
[[1, 7, 10, 15, 26, 40], [0, 2, 4, 5, 6, 12, 15, 17, 18]]
[[1, 7, 10, 15, 16, 64], [0, 3, 4, 5, 8, 9, 11, 14, 15, 16, 17]]
[[1, 7, 10, 15, 16, 64], [0, 1, 2, 3, 4, 5, 6, 7, 8, 9, 11, 14, 15, 16, 17]]
[[1, 7, 10, 15, 16, 64], [0, 2, 4, 8, 9, 10, 12, 14, 15, 16, 17]]
[[1, 7, 10, 15, 16, 64], [0, 2, 4, 6, 7, 8, 9, 10, 12, 14, 15, 16, 17]]
[[1, 7, 10, 15, 16, 70], [0, 1, 4, 6, 8, 9, 10, 11, 13, 14, 15, 16, 17]]
[[1, 7, 10, 15, 16, 70], [0, 2, 4, 6, 8, 9, 10, 11, 13, 14, 15, 16, 17]]
[[1, 7, 10, 15, 16, 70], [0, 1, 4, 5, 7, 8, 9, 12, 13, 14, 15, 16, 17]]
[[1, 7, 10, 15, 16, 70], [0, 2, 4, 5, 7, 8, 9, 12, 13, 14, 15, 16, 17]]
[[1, 7, 13, 19, 61, 61], [0, 1, 4, 5, 6, 7, 8, 9, 13, 14, 15, 16, 18]]
[[1, 7, 13, 19, 61, 61], [0, 1, 2, 3, 4, 7, 9, 10, 11, 14, 15, 16, 18]]
[[1, 7, 13, 19, 61, 61], [0, 3, 4, 7, 9, 10, 11, 14, 15, 17, 18]]
[[1, 7, 13, 19, 61, 61], [0, 1, 4, 5, 8, 9, 11, 12, 13, 14, 15, 17, 18]]
[[1, 7, 13, 19, 51, 55], [0, 1, 2, 3, 4, 6, 8, 9, 10, 12, 13, 14, 15, 16, 18]]
[[1, 7, 13, 19, 51, 55], [0, 1, 4, 5, 9, 11, 12, 14, 15, 16, 18]]
[[1, 7, 13, 19, 51, 55], [0, 3, 4, 5, 7, 8, 9, 11, 13, 14, 15, 17, 18]]
[[1, 7, 13, 19, 51, 55], [0, 1, 4, 9, 10, 11, 12, 14, 15, 17, 18]]
[[1, 7, 13, 27, 51, 79], [0, 3, 4, 5, 6, 7, 9, 11, 13, 14, 15]]
[[1, 7, 13, 27, 51, 79], [0, 2, 4, 6, 7, 9, 10, 11, 13, 14, 15]]
[[1, 7, 13, 27, 51, 79], [0, 2, 4, 5, 6, 7, 9, 12, 13, 14, 15]]
[[1, 7, 13, 27, 51, 79], [0, 1, 2, 3, 4, 6, 7, 9, 10, 12, 13, 14, 15]]
[[1, 7, 13, 27, 26, 73], [0, 3, 4, 6, 7, 8, 10, 13, 15, 16, 18]]
[[1, 7, 13, 27, 26, 73], [0, 2, 4, 5, 7, 11, 15, 16, 18]]
[[1, 7, 13, 27, 26, 73], [0, 2, 4, 7, 10, 11, 15, 17, 18]]
[[1, 7, 13, 27, 26, 73], [0, 1, 2, 3, 4, 5, 8, 11, 12, 13, 15, 17, 18]]
[[1, 7, 13, 27, 21, 67], [0, 2, 4, 6, 7, 10, 12, 13, 15, 16, 18]]
[[1, 7, 13, 27, 21, 67], [0, 2, 4, 5, 7, 8, 11, 12, 15, 16, 18]]
[[1, 7, 13, 27, 21, 67], [0, 2, 4, 6, 7, 10, 11, 13, 15, 17, 18]]
[[1, 7, 13, 27, 21, 67], [0, 2, 4, 5, 6, 8, 11, 12, 15, 17, 18]]
[[1, 7, 13, 27, 11, 55], [0, 2, 4, 5, 6, 9, 11, 14, 15, 16, 17]]
[[1, 7, 13, 27, 11, 55], [0, 1, 4, 7, 9, 10, 12, 14, 15, 16, 17]]
[[1, 7, 13, 15, 41, 91], [0, 2, 4, 6, 8, 10, 15, 16, 18]]
[[1, 7, 13, 15, 41, 91], [0, 2, 4, 5, 11, 13, 15, 16, 18]]
[[1, 7, 13, 15, 41, 91], [0, 2, 4, 7, 8, 10, 15, 17, 18]]
[[1, 7, 13, 15, 41, 91], [0, 2, 4, 5, 12, 13, 15, 17, 18]]
[[1, 7, 13, 15, 21, 31], [0, 1, 4, 5, 6, 9, 11, 14, 15, 16, 17]]
[[1, 7, 13, 15, 21, 31], [0, 2, 4, 7, 9, 10, 12, 14, 15, 16, 17]]
[[1, 7, 13, 15, 71, 73], [0, 1, 2, 3, 4, 6, 8, 9, 10, 11, 13, 14, 15, 16, 17]]
[[1, 7, 13, 15, 71, 73], [0, 3, 4, 5, 7, 8, 9, 12, 13, 14, 15, 16, 17]]
[[1, 7, 13, 31, 31, 91], [0, 3, 4, 5, 8, 9, 12, 14, 15]]
[[1, 7, 13, 31, 31, 91], [0, 2, 4, 8, 9, 10, 12, 14, 15]]
[[1, 7, 13, 31, 31, 91], [0, 1, 2, 3, 4, 5, 6, 7, 8, 9, 12, 14, 15]]
[[1, 7, 13, 31, 31, 91], [0, 2, 4, 6, 7, 8, 9, 10, 12, 14, 15]]
[[1, 7, 13, 31, 41, 91], [0, 3, 4, 5, 6, 9, 11, 14, 15, 16, 17]]
[[1, 7, 13, 31, 41, 91], [0, 1, 2, 3, 4, 5, 6, 9, 11, 14, 15, 16, 17]]
[[1, 7, 13, 31, 41, 91], [0, 3, 4, 7, 9, 10, 12, 14, 15, 16, 17]]
[[1, 7, 13, 31, 41, 91], [0, 1, 2, 3, 4, 7, 9, 10, 12, 14, 15, 16, 17]]
[[1, 7, 13, 7, 41, 55], [0, 2, 4, 5, 6, 13, 15, 16, 18]]
[[1, 7, 13, 7, 41, 55], [0, 2, 4, 8, 10, 11, 15, 16, 18]]
[[1, 7, 13, 7, 41, 55], [0, 2, 4, 5, 6, 7, 8, 11, 15, 17, 18]]
[[1, 7, 13, 7, 41, 55], [0, 2, 4, 6, 10, 11, 12, 13, 15, 17, 18]]
[[1, 7, 13, 23, 21, 79], [0, 1, 2, 3, 4, 8, 9, 10, 13, 14, 15, 16, 18]]
[[1, 7, 13, 23, 21, 79], [0, 2, 4, 5, 6, 9, 11, 14, 15, 16, 18]]
[[1, 7, 13, 23, 21, 79], [0, 2, 4, 5, 6, 9, 11, 14, 15, 17, 18]]
[[1, 7, 13, 23, 21, 79], [0, 3, 4, 6, 7, 8, 9, 10, 11, 12, 13, 14, 15, 17, 18]]
[[1, 7, 13, 23, 26, 61], [0, 2, 4, 5, 6, 8, 12, 13, 15, 16, 18]]
[[1, 7, 13, 23, 26, 61], [0, 3, 4, 10, 11, 12, 15, 16, 18]]
[[1, 7, 13, 23, 26, 61], [0, 2, 4, 5, 7, 8, 11, 13, 15, 17, 18]]
[[1, 7, 13, 23, 26, 61], [0, 1, 2, 3, 4, 10, 11, 12, 15, 17, 18]]
[[1, 7, 13, 23, 36, 61], [0, 2, 4, 5, 7, 8, 9, 12, 13, 14, 15, 16, 18]]
[[1, 7, 13, 23, 36, 61], [0, 1, 2, 3, 4, 6, 7, 9, 10, 11, 12, 14, 15, 16, 18]]
[[1, 7, 13, 23, 36, 61], [0, 2, 4, 6, 8, 9, 10, 11, 13, 14, 15, 17, 18]]
[[1, 7, 13, 23, 36, 61], [0, 3, 4, 5, 6, 7, 9, 11, 12, 14, 15, 17, 18]]
[[1, 7, 13, 35, 26, 97], [0, 2, 4, 5, 9, 12, 13, 14, 15, 16, 18]]
[[1, 7, 13, 35, 26, 97], [0, 1, 4, 6, 8, 9, 10, 11, 12, 14, 15, 16, 18]]
[[1, 7, 13, 35, 26, 97], [0, 2, 4, 9, 10, 11, 13, 14, 15, 17, 18]]
[[1, 7, 13, 35, 26, 97], [0, 1, 4, 5, 7, 8, 9, 11, 12, 14, 15, 17, 18]]
[[1, 7, 19, 23, 46, 49], [0, 1, 4, 5, 7, 8, 9, 14, 15, 16, 18]]
[[1, 7, 19, 23, 46, 49], [0, 2, 4, 6, 7, 9, 10, 11, 13, 14, 15, 16, 18]]
[[1, 7, 19, 23, 46, 49], [0, 1, 4, 6, 8, 9, 10, 14, 15, 17, 18]]
[[1, 7, 19, 23, 46, 49], [0, 2, 4, 5, 6, 7, 9, 12, 13, 14, 15, 17, 18]]
[[1, 9, 13, 17, 41, 69], [0, 2, 4, 5, 6, 7, 9, 14, 15, 16, 18]]
[[1, 9, 13, 17, 41, 69], [0, 3, 4, 7, 8, 9, 10, 11, 13, 14, 15, 16, 18]]
[[1, 9, 13, 17, 41, 69], [0, 2, 4, 6, 7, 9, 10, 14, 15, 17, 18]]
[[1, 9, 13, 17, 41, 69], [0, 1, 2, 3, 4, 5, 6, 8, 9, 12, 13, 14, 15, 17, 18]]
[[1, 9, 13, 21, 51, 81], [0, 1, 4, 5, 7, 9, 11, 14, 15]]
[[1, 9, 13, 21, 51, 81], [0, 2, 4, 7, 9, 10, 11, 14, 15]]
[[1, 9, 13, 21, 21, 69], [0, 2, 4, 5, 6, 7, 9, 14, 15, 16, 17]]
[[1, 9, 13, 21, 21, 69], [0, 2, 4, 6, 7, 9, 10, 14, 15, 16, 17]]
[[1, 9, 13, 21, 21, 69], [0, 2, 4, 5, 9, 11, 12, 14, 15, 16, 17]]
[[1, 9, 13, 21, 21, 69], [0, 2, 4, 9, 10, 11, 12, 14, 15, 16, 17]]
[[1, 9, 13, 25, 41, 99], [0, 2, 4, 5, 6, 7, 9, 11, 12, 14, 15]]
[[1, 9, 13, 25, 41, 99], [0, 2, 4, 6, 7, 9, 10, 11, 12, 14, 15]]
[[1, 9, 13, 25, 51, 87], [0, 2, 4, 6, 7, 9, 10, 12, 13, 14, 15, 16, 18]]
[[1, 9, 13, 25, 51, 87], [0, 2, 4, 5, 7, 8, 9, 11, 12, 14, 15, 16, 18]]
[[1, 9, 13, 25, 51, 87], [0, 2, 4, 5, 6, 7, 9, 11, 13, 14, 15, 17, 18]]
[[1, 9, 13, 25, 51, 87], [0, 2, 4, 6, 8, 9, 10, 11, 12, 14, 15, 17, 18]]
[[1, 9, 13, 25, 61, 75], [0, 1, 4, 7, 9, 10, 11, 14, 15, 16, 17]]
[[1, 9, 13, 25, 61, 75], [0, 1, 4, 5, 6, 9, 12, 14, 15, 16, 17]]
[[1, 9, 13, 13, 31, 57], [0, 2, 4, 6, 8, 9, 10, 14, 15, 16, 18]]
[[1, 9, 13, 13, 31, 57], [0, 2, 4, 5, 9, 11, 13, 14, 15, 16, 18]]
[[1, 9, 13, 13, 31, 57], [0, 2, 4, 5, 7, 8, 9, 14, 15, 17, 18]]
[[1, 9, 13, 13, 31, 57], [0, 2, 4, 9, 10, 12, 13, 14, 15, 17, 18]]
[[1, 9, 13, 29, 26, 75], [0, 3, 4, 6, 8, 9, 10, 14, 15, 16, 17]]
[[1, 9, 13, 29, 26, 75], [0, 1, 2, 3, 4, 5, 7, 8, 9, 14, 15, 16, 17]]
[[1, 9, 13, 29, 26, 75], [0, 2, 4, 6, 8, 9, 10, 11, 12, 14, 15, 16, 17]]
[[1, 9, 13, 29, 26, 75], [0, 2, 4, 5, 7, 8, 9, 11, 12, 14, 15, 16, 17]]
[[1, 9, 13, 29, 11, 57], [0, 2, 4, 5, 9, 11, 13, 14, 15, 16, 17]]
[[1, 9, 13, 29, 11, 57], [0, 1, 2, 3, 4, 5, 6, 7, 9, 11, 13, 14, 15, 16, 17]]
[[1, 9, 13, 29, 11, 57], [0, 2, 4, 9, 10, 12, 13, 14, 15, 16, 17]]
[[1, 9, 13, 29, 11, 57], [0, 3, 4, 6, 7, 9, 10, 12, 13, 14, 15, 16, 17]]
[[1, 9, 13, 37, 11, 81], [0, 2, 4, 7, 9, 10, 11, 14, 15, 16, 17]]
[[1, 9, 13, 37, 11, 81], [0, 2, 4, 5, 6, 9, 12, 14, 15, 16, 17]]
[[1, 9, 13, 9, 41, 99], [0, 2, 4, 5, 7, 8, 9, 11, 13, 14, 15, 16, 17]]
[[1, 9, 13, 9, 41, 99], [0, 2, 4, 6, 8, 9, 10, 12, 13, 14, 15, 16, 17]]
[[1, 9, 10, 17, 6, 48], [0, 2, 4, 5, 8, 9, 13, 14, 15]]
[[1, 9, 10, 17, 6, 48], [0, 2, 4, 8, 9, 10, 13, 14, 15]]
[[1, 9, 10, 17, 6, 48], [0, 2, 4, 5, 6, 7, 8, 9, 11, 12, 13, 14, 15]]
[[1, 9, 10, 17, 6, 48], [0, 2, 4, 6, 7, 8, 9, 10, 11, 12, 13, 14, 15]]
[[1, 9, 10, 17, 11, 54], [0, 2, 4, 5, 9, 14, 15, 16, 17]]
[[1, 9, 10, 17, 11, 54], [0, 2, 4, 9, 10, 14, 15, 16, 17]]
[[1, 9, 10, 17, 11, 54], [0, 1, 4, 5, 6, 7, 9, 11, 12, 14, 15, 16, 17]]
[[1, 9, 10, 17, 11, 54], [0, 1, 4, 6, 7, 9, 10, 11, 12, 14, 15, 16, 17]]
[[1, 9, 10, 17, 36, 108], [0, 2, 4, 5, 6, 7, 8, 9, 13, 14, 15, 16, 17]]
[[1, 9, 10, 17, 36, 108], [0, 2, 4, 6, 7, 8, 9, 10, 13, 14, 15, 16, 17]]
[[1, 9, 10, 17, 36, 108], [0, 2, 4, 5, 8, 9, 11, 12, 13, 14, 15, 16, 17]]
[[1, 9, 10, 17, 36, 108], [0, 2, 4, 8, 9, 10, 11, 12, 13, 14, 15, 16, 17]]
[[1, 9, 10, 29, 36, 78], [0, 2, 4, 5, 7, 8, 9, 11, 13, 14, 15]]
[[1, 9, 10, 29, 36, 78], [0, 1, 4, 7, 8, 9, 10, 11, 13, 14, 15]]
[[1, 9, 10, 29, 36, 78], [0, 1, 4, 5, 6, 8, 9, 12, 13, 14, 15]]
[[1, 9, 10, 29, 36, 78], [0, 2, 4, 6, 8, 9, 10, 12, 13, 14, 15]]
[[1, 9, 10, 29, 51, 78], [0, 3, 4, 5, 6, 7, 9, 14, 15, 16, 17]]
[[1, 9, 10, 29, 51, 78], [0, 1, 2, 3, 4, 6, 7, 9, 10, 14, 15, 16, 17]]
[[1, 9, 10, 29, 51, 78], [0, 1, 2, 3, 4, 5, 9, 11, 12, 14, 15, 16, 17]]
[[1, 9, 10, 29, 51, 78], [0, 3, 4, 9, 10, 11, 12, 14, 15, 16, 17]]
[[1, 9, 10, 29, 21, 78], [0, 2, 4, 6, 8, 9, 10, 14, 15, 16, 17]]
[[1, 9, 10, 29, 21, 78], [0, 2, 4, 5, 7, 8, 9, 14, 15, 16, 17]]
[[1, 9, 10, 29, 21, 78], [0, 1, 2, 3, 4, 6, 8, 9, 10, 11, 12, 14, 15, 16, 17]]
[[1, 9, 10, 29, 21, 78], [0, 3, 4, 5, 7, 8, 9, 11, 12, 14, 15, 16, 17]]
[[1, 9, 10, 29, 51, 72], [0, 3, 4, 5, 9, 11, 13, 14, 15, 16, 17]]
[[1, 9, 10, 29, 51, 72], [0, 2, 4, 5, 6, 7, 9, 11, 13, 14, 15, 16, 17]]
[[1, 9, 10, 29, 51, 72], [0, 1, 2, 3, 4, 9, 10, 12, 13, 14, 15, 16, 17]]
[[1, 9, 10, 29, 51, 72], [0, 2, 4, 6, 7, 9, 10, 12, 13, 14, 15, 16, 17]]
[[1, 9, 10, 25, 26, 84], [0, 1, 4, 5, 9, 14, 15, 16, 17]]
[[1, 9, 10, 25, 26, 84], [0, 1, 4, 9, 10, 14, 15, 16, 17]]
[[1, 9, 10, 25, 26, 84], [0, 2, 4, 5, 6, 7, 9, 11, 12, 14, 15, 16, 17]]
[[1, 9, 10, 25, 26, 84], [0, 2, 4, 6, 7, 9, 10, 11, 12, 14, 15, 16, 17]]
[[1, 9, 10, 25, 26, 60], [0, 1, 2, 3, 4, 5, 6, 7, 8, 9, 13, 14, 15, 16, 17]]
[[1, 9, 10, 25, 26, 60], [0, 3, 4, 6, 7, 8, 9, 10, 13, 14, 15, 16, 17]]
[[1, 9, 10, 25, 26, 60], [0, 3, 4, 5, 8, 9, 11, 12, 13, 14, 15, 16, 17]]
[[1, 9, 10, 25, 26, 60], [0, 1, 2, 3, 4, 8, 9, 10, 11, 12, 13, 14, 15, 16, 17]]
[[1, 9, 10, 25, 21, 90], [0, 3, 4, 8, 9, 10, 11, 14, 15, 16, 17]]
[[1, 9, 10, 25, 21, 90], [0, 1, 2, 3, 4, 6, 7, 8, 9, 10, 11, 14, 15, 16, 17]]
[[1, 9, 10, 25, 21, 90], [0, 2, 4, 5, 8, 9, 12, 14, 15, 16, 17]]
[[1, 9, 10, 25, 21, 90], [0, 2, 4, 5, 6, 7, 8, 9, 12, 14, 15, 16, 17]]
[[1, 9, 10, 37, 41, 84], [0, 1, 4, 5, 8, 9, 13, 14, 15, 16, 17]]
[[1, 9, 10, 37, 41, 84], [0, 2, 4, 8, 9, 10, 13, 14, 15, 16, 17]]
[[1, 9, 10, 37, 41, 84], [0, 1, 4, 5, 6, 7, 8, 9, 11, 12, 13, 14, 15, 16, 17]]
[[1, 9, 10, 37, 41, 84], [0, 2, 4, 6, 7, 8, 9, 10, 11, 12, 13, 14, 15, 16, 17]]
[[1, 9, 7, 29, 51, 69], [0, 2, 4, 5, 6, 9, 12, 14, 15]]
[[1, 9, 7, 29, 51, 69], [0, 1, 4, 6, 9, 10, 12, 14, 15]]
[[1, 9, 7, 17, 16, 57], [0, 3, 4, 5, 6, 9, 13, 14, 15, 16, 17]]
[[1, 9, 7, 17, 16, 57], [0, 2, 4, 7, 9, 10, 13, 14, 15, 16, 17]]
[[1, 9, 7, 17, 16, 57], [0, 1, 2, 3, 4, 5, 6, 9, 11, 12, 13, 14, 15, 16, 17]]
[[1, 9, 7, 17, 16, 57], [0, 2, 4, 7, 9, 10, 11, 12, 13, 14, 15, 16, 17]]
[[1, 9, 7, 25, 31, 75], [0, 2, 4, 5, 6, 9, 13, 14, 15, 16, 17]]
[[1, 9, 7, 25, 31, 75], [0, 1, 2, 3, 4, 7, 9, 10, 13, 14, 15, 16, 17]]
[[1, 9, 7, 25, 31, 75], [0, 2, 4, 5, 6, 9, 11, 12, 13, 14, 15, 16, 17]]
[[1, 9, 7, 25, 31, 75], [0, 3, 4, 7, 9, 10, 11, 12, 13, 14, 15, 16, 17]]
[[1, 9, 7, 21, 21, 39], [0, 1, 4, 5, 7, 8, 9, 11, 13, 14, 15, 16, 17]]
[[1, 9, 7, 21, 21, 39], [0, 1, 4, 6, 8, 9, 10, 12, 13, 14, 15, 16, 17]]
[[1, 9, 16, 9, 46, 72], [0, 2, 4, 5, 6, 9, 13, 14, 15, 16, 18]]
[[1, 9, 16, 9, 46, 72], [0, 2, 4, 8, 9, 10, 11, 14, 15, 16, 18]]
[[1, 9, 16, 9, 46, 72], [0, 2, 4, 6, 7, 8, 9, 10, 11, 14, 15, 17, 18]]
[[1, 9, 16, 9, 46, 72], [0, 2, 4, 5, 6, 9, 11, 12, 13, 14, 15, 17, 18]]
[[1, 9, 16, 13, 41, 60], [0, 2, 4, 6, 7, 8, 9, 10, 13, 14, 15, 16, 18]]
[[1, 9, 16, 13, 41, 60], [0, 3, 4, 5, 7, 9, 11, 14, 15, 16, 18]]
[[1, 9, 16, 13, 41, 60], [0, 1, 2, 3, 4, 5, 7, 9, 11, 14, 15, 17, 18]]
[[1, 9, 16, 13, 41, 60], [0, 2, 4, 8, 9, 10, 11, 12, 13, 14, 15, 17, 18]]
[[1, 9, 16, 13, 26, 54], [0, 3, 4, 5, 6, 8, 9, 12, 13, 14, 15, 16, 18]]
[[1, 9, 16, 13, 26, 54], [0, 2, 4, 9, 10, 11, 12, 14, 15, 16, 18]]
[[1, 9, 16, 13, 26, 54], [0, 1, 2, 3, 4, 7, 8, 9, 10, 11, 13, 14, 15, 17, 18]]
[[1, 9, 16, 13, 26, 54], [0, 2, 4, 5, 9, 11, 12, 14, 15, 17, 18]]
[[1, 9, 16, 21, 56, 78], [0, 2, 4, 5, 8, 9, 13, 14, 15, 16, 17]]
[[1, 9, 16, 21, 56, 78], [0, 1, 4, 8, 9, 10, 13, 14, 15, 16, 17]]
[[1, 9, 16, 21, 56, 78], [0, 2, 4, 5, 6, 7, 8, 9, 11, 12, 13, 14, 15, 16, 17]]
[[1, 9, 16, 21, 56, 78], [0, 1, 4, 6, 7, 8, 9, 10, 11, 12, 13, 14, 15, 16, 17]]
[[1, 9, 16, 25, 41, 66], [0, 2, 4, 8, 9, 10, 11, 14, 15, 16, 17]]
[[1, 9, 16, 25, 41, 66], [0, 2, 4, 6, 7, 8, 9, 10, 11, 14, 15, 16, 17]]
[[1, 9, 16, 25, 41, 66], [0, 1, 2, 3, 4, 5, 8, 9, 12, 14, 15, 16, 17]]
[[1, 9, 16, 25, 41, 66], [0, 3, 4, 5, 6, 7, 8, 9, 12, 14, 15, 16, 17]]
[[1, 9, 19, 17, 51, 63], [0, 3, 4, 6, 9, 10, 12, 14, 15, 16, 18]]
[[1, 9, 19, 17, 51, 63], [0, 2, 4, 5, 8, 9, 11, 12, 13, 14, 15, 16, 18]]
[[1, 9, 19, 17, 51, 63], [0, 2, 4, 5, 6, 7, 8, 9, 13, 14, 15, 17, 18]]
[[1, 9, 19, 17, 51, 63], [0, 1, 2, 3, 4, 6, 9, 10, 12, 14, 15, 17, 18]]
[[1, 9, 19, 29, 31, 57], [0, 2, 4, 5, 6, 7, 8, 9, 12, 14, 15, 16, 18]]
[[1, 9, 19, 29, 31, 57], [0, 2, 4, 7, 9, 10, 11, 12, 13, 14, 15, 16, 18]]
[[1, 9, 19, 29, 31, 57], [0, 2, 4, 7, 9, 10, 13, 14, 15, 17, 18]]
[[1, 9, 19, 29, 31, 57], [0, 2, 4, 5, 8, 9, 12, 14, 15, 17, 18]]
