[[3, 7, 3, 31, 33, 97], [0, 1, 2, 3, 4, 5, 6, 7, 10, 12, 13, 16, 18]]
[[3, 7, 3, 31, 33, 97], [0, 1, 2, 3, 4, 6, 7, 9, 12, 13, 14, 16, 18]]
[[3, 7, 3, 31, 33, 97], [0, 1, 2, 3, 4, 5, 7, 8, 10, 11, 12, 16, 18]]
[[3, 7, 3, 31, 33, 97], [0, 1, 2, 3, 4, 7, 8, 9, 11, 12, 14, 16, 18]]
[[3, 7, 3, 31, 33, 97], [0, 3, 4, 5, 6, 7, 10, 11, 13, 17, 18]]
[[3, 7, 3, 31, 33, 97], [0, 3, 4, 5, 6, 7, 9, 10, 11, 13, 14, 17, 18]]
[[3, 7, 3, 31, 33, 97], [0, 3, 4, 5, 6, 8, 10, 11, 12, 17, 18]]
[[3, 7, 3, 31, 33, 97], [0, 3, 4, 5, 6, 8, 9, 10, 11, 12, 14, 17, 18]]
[[3, 7, 3, 31, 33, 97], [0, 1, 4, 7, 8, 9, 11, 13, 14, 16, 17]]
[[3, 7, 3, 31, 33, 97], [0, 1, 4, 5, 7, 8, 9, 10, 11, 13, 14, 16, 17]]
[[3, 7, 3, 31, 33, 97], [0, 1, 4, 6, 8, 9, 12, 13, 14, 16, 17]]
[[3, 7, 3, 31, 33, 97], [0, 1, 4, 5, 6, 8, 9, 10, 12, 13, 14, 16, 17]]
[[3, 7, 3, 23, 43, 67], [0, 1, 4, 6, 9, 11, 14, 16]]
[[3, 7, 3, 23, 43, 67], [0, 3, 4, 5, 8, 10, 13, 18]]
[[3, 7, 3, 23, 13, 49], [0, 3, 4, 5, 7, 8, 10, 16, 18]]
[[3, 7, 3, 23, 13, 49], [0, 1, 4, 6, 7, 9, 14, 16, 18]]
[[3, 7, 3, 23, 13, 49], [0, 1, 2, 3, 4, 5, 6, 7, 10, 11, 13, 16, 18]]
[[3, 7, 3, 23, 13, 49], [0, 1, 2, 3, 4, 7, 8, 9, 11, 13, 14, 16, 18]]
[[3, 7, 3, 23, 13, 49], [0, 1, 2, 3, 4, 5, 6, 8, 10, 17, 18]]
[[3, 7, 3, 23, 13, 49], [0, 1, 4, 5, 6, 7, 9, 10, 14, 17, 18]]
[[3, 7, 3, 23, 13, 49], [0, 3, 4, 5, 6, 7, 10, 12, 13, 17, 18]]
[[3, 7, 3, 23, 13, 49], [0, 3, 4, 5, 6, 8, 9, 10, 12, 13, 14, 17, 18]]
[[3, 7, 3, 23, 13, 49], [0, 1, 2, 3, 4, 6, 8, 9, 14, 16, 17]]
[[3, 7, 3, 23, 13, 49], [0, 3, 4, 5, 7, 8, 9, 10, 14, 16, 17]]
[[3, 7, 3, 23, 13, 49], [0, 1, 4, 5, 6, 8, 9, 10, 11, 12, 14, 16, 17]]
[[3, 7, 3, 23, 13, 49], [0, 1, 4, 7, 8, 9, 11, 12, 14, 16, 17]]
[[3, 7, 3, 19, 23, 85], [0, 3, 4, 8, 9, 11, 14, 16]]
[[3, 7, 3, 19, 23, 85], [0, 1, 4, 5, 6, 10, 13, 18]]
[[3, 7, 3, 19, 23, 49], [0, 1, 4, 6, 7, 11, 13, 16, 17, 18]]
[[3, 7, 3, 19, 23, 49], [0, 3, 4, 7, 8, 11, 13, 16, 17, 18]]
[[3, 7, 3, 39, 28, 67], [0, 1, 2, 3, 4, 6, 12, 16, 18]]
[[3, 7, 3, 39, 28, 67], [0, 1, 2, 3, 4, 8, 12, 16, 18]]
[[3, 7, 3, 39, 28, 67], [0, 3, 4, 6, 11, 12, 13, 16, 18]]
[[3, 7, 3, 39, 28, 67], [0, 1, 4, 8, 11, 12, 13, 16, 18]]
[[3, 7, 3, 39, 28, 67], [0, 1, 2, 3, 4, 5, 6, 10, 13, 17, 18]]
[[3, 7, 3, 39, 28, 67], [0, 1, 4, 5, 6, 7, 8, 10, 13, 17, 18]]
[[3, 7, 3, 39, 28, 67], [0, 3, 4, 5, 6, 10, 12, 17, 18]]
[[3, 7, 3, 39, 28, 67], [0, 3, 4, 5, 6, 7, 8, 10, 12, 17, 18]]
[[3, 7, 3, 39, 28, 67], [0, 1, 2, 3, 4, 8, 9, 11, 14, 16, 17]]
[[3, 7, 3, 39, 28, 67], [0, 3, 4, 6, 7, 8, 9, 11, 14, 16, 17]]
[[3, 7, 3, 39, 28, 67], [0, 1, 4, 8, 9, 12, 14, 16, 17]]
[[3, 7, 3, 39, 28, 67], [0, 1, 4, 6, 7, 8, 9, 12, 14, 16, 17]]
[[3, 7, 27, 23, 13, 85], [0, 2, 3, 9, 10, 14, 15, 16, 18]]
[[3, 7, 27, 23, 13, 85], [0, 1, 2, 5, 6, 8, 9, 11, 13, 14, 15, 16, 18]]
[[3, 7, 27, 23, 13, 85], [0, 1, 3, 5, 9, 14, 15, 17, 18]]
[[3, 7, 27, 23, 13, 85], [0, 1, 2, 7, 8, 9, 10, 12, 13, 14, 15, 17, 18]]
[[3, 7, 27, 23, 13, 85], [0, 1, 3, 6, 8, 9, 10, 11, 13, 14, 15, 16, 17]]
[[3, 7, 27, 23, 13, 85], [0, 2, 3, 5, 7, 8, 9, 12, 13, 14, 15, 16, 17]]
[[3, 9, 15, 13, 38, 75], [0, 1, 2, 3, 4, 5, 6, 7, 9, 10, 12, 13, 14, 16]]
[[3, 9, 15, 13, 38, 75], [0, 1, 2, 3, 4, 5, 7, 8, 9, 10, 11, 12, 14, 18]]
[[3, 9, 15, 13, 18, 75], [0, 2, 3, 5, 6, 7, 8, 13, 14, 15]]
[[3, 9, 15, 13, 18, 75], [0, 8, 9, 10, 11, 12, 13, 15, 17, 18]]
[[3, 9, 15, 13, 23, 75], [0, 2, 3, 6, 7, 10, 12, 13, 14, 15, 16, 18]]
[[3, 9, 15, 13, 23, 75], [0, 1, 3, 5, 7, 8, 9, 11, 12, 15, 17, 18]]
[[3, 9, 15, 13, 28, 81], [0, 1, 2, 5, 9, 15, 17, 18]]
[[3, 9, 15, 13, 28, 81], [0, 2, 3, 10, 14, 15, 16, 17]]
[[3, 9, 15, 13, 28, 81], [0, 1, 2, 6, 7, 9, 10, 12, 13, 14, 15, 16, 18]]
[[3, 9, 15, 13, 28, 81], [0, 1, 2, 5, 7, 8, 9, 11, 12, 14, 15, 16, 18]]
[[3, 9, 15, 13, 28, 81], [0, 1, 2, 5, 6, 7, 9, 11, 13, 14, 15, 17, 18]]
[[3, 9, 15, 13, 28, 81], [0, 1, 2, 6, 8, 9, 10, 11, 12, 14, 15, 17, 18]]
[[3, 9, 15, 13, 28, 81], [0, 1, 2, 6, 8, 9, 10, 14, 15, 16, 17]]
[[3, 9, 15, 13, 28, 81], [0, 1, 2, 5, 7, 8, 9, 14, 15, 16, 17]]
[[3, 9, 15, 13, 28, 81], [0, 1, 2, 5, 9, 11, 13, 14, 15, 16, 17]]
[[3, 9, 15, 13, 28, 81], [0, 2, 3, 5, 6, 7, 9, 11, 13, 14, 15, 16, 17]]
[[3, 9, 15, 13, 28, 81], [0, 1, 2, 9, 10, 12, 13, 14, 15, 16, 17]]
[[3, 9, 15, 13, 28, 81], [0, 1, 3, 6, 7, 9, 10, 12, 13, 14, 15, 16, 17]]
[[3, 9, 15, 13, 28, 81], [0, 2, 3, 6, 8, 9, 10, 11, 12, 14, 15, 16, 17]]
[[3, 9, 15, 13, 28, 81], [0, 1, 3, 5, 7, 8, 9, 11, 12, 14, 15, 16, 17]]
[[3, 9, 15, 13, 18, 69], [1, 3, 4, 5, 7, 9, 10, 13, 14, 15, 16, 18]]
[[3, 9, 15, 13, 18, 69], [1, 2, 4, 5, 8, 10, 11, 15, 16, 18]]
[[3, 9, 15, 13, 18, 69], [1, 3, 4, 5, 6, 9, 10, 12, 14, 15, 16, 18]]
[[3, 9, 15, 13, 18, 69], [1, 2, 4, 6, 7, 8, 9, 13, 14, 15, 17, 18]]
[[3, 9, 15, 13, 18, 69], [1, 3, 4, 8, 9, 11, 14, 15, 17, 18]]
[[3, 9, 15, 13, 18, 69], [1, 2, 4, 5, 6, 10, 11, 12, 13, 15, 17, 18]]
[[3, 9, 15, 37, 28, 81], [0, 1, 4, 5, 6, 8, 9, 11, 12, 14, 15, 18]]
[[3, 9, 15, 17, 33, 63], [0, 1, 4, 5, 6, 7, 9, 14, 15, 16]]
[[3, 9, 15, 17, 63, 69], [0, 2, 4, 7, 9, 10, 12, 14, 15, 16]]
[[3, 9, 15, 17, 18, 93], [0, 2, 4, 6, 10, 11, 15, 18]]
[[3, 9, 15, 17, 63, 63], [0, 2, 4, 6, 7, 10, 12, 13, 15, 18]]
[[3, 9, 15, 17, 43, 39], [0, 3, 4, 5, 9, 12, 13, 14, 15, 18]]
[[3, 9, 15, 17, 33, 81], [0, 2, 4, 6, 7, 8, 9, 10, 12, 14, 15, 18]]
[[3, 9, 15, 17, 33, 81], [0, 1, 2, 5, 6, 8, 9, 12, 13, 15, 17, 18]]
[[3, 9, 15, 17, 33, 81], [0, 2, 3, 7, 8, 10, 11, 13, 14, 15, 16, 17]]
[[3, 9, 15, 17, 53, 63], [0, 2, 4, 5, 8, 9, 10, 11, 14, 16]]
[[3, 9, 15, 17, 53, 63], [0, 2, 4, 5, 6, 9, 10, 13, 14, 18]]
[[3, 9, 15, 17, 33, 75], [0, 1, 3, 5, 6, 13, 14, 15]]
[[3, 9, 15, 17, 33, 75], [0, 8, 9, 10, 11, 15, 16, 18]]
[[3, 9, 15, 17, 28, 75], [1, 2, 4, 5, 10, 15, 16, 18]]
[[3, 9, 15, 17, 28, 75], [1, 2, 4, 6, 8, 9, 11, 13, 14, 15, 16, 18]]
[[3, 9, 15, 17, 28, 75], [1, 2, 4, 6, 7, 11, 12, 15, 16, 18]]
[[3, 9, 15, 17, 28, 75], [1, 3, 4, 9, 14, 15, 17, 18]]
[[3, 9, 15, 17, 28, 75], [1, 3, 4, 5, 6, 8, 10, 11, 13, 15, 17, 18]]
[[3, 9, 15, 17, 28, 75], [1, 3, 4, 7, 8, 12, 13, 15, 17, 18]]
[[3, 9, 15, 17, 33, 87], [1, 2, 4, 5, 9, 10, 14, 15, 16, 18]]
[[3, 9, 15, 17, 33, 87], [1, 2, 4, 5, 6, 8, 9, 10, 11, 13, 14, 15, 16, 18]]
[[3, 9, 15, 17, 33, 87], [1, 2, 4, 5, 6, 7, 9, 10, 11, 12, 14, 15, 16, 18]]
[[3, 9, 15, 17, 33, 87], [1, 3, 4, 5, 9, 10, 14, 15, 17, 18]]
[[3, 9, 15, 17, 33, 87], [1, 3, 4, 5, 6, 8, 9, 10, 11, 13, 14, 15, 17, 18]]
[[3, 9, 15, 17, 33, 87], [1, 3, 4, 5, 7, 8, 9, 10, 12, 13, 14, 15, 17, 18]]
[[3, 9, 15, 17, 28, 87], [2, 3, 4, 5, 6, 9, 10, 13, 14, 15, 16, 18]]
[[3, 9, 15, 17, 28, 87], [1, 2, 4, 5, 8, 10, 11, 12, 13, 15, 16, 18]]
[[3, 9, 15, 17, 28, 87], [1, 3, 4, 6, 7, 8, 9, 11, 14, 15, 17, 18]]
[[3, 9, 15, 17, 28, 87], [2, 3, 4, 5, 6, 10, 12, 15, 17, 18]]
[[3, 9, 15, 17, 28, 87], [1, 3, 4, 5, 6, 9, 10, 13, 14, 15, 16, 17]]
[[3, 9, 15, 17, 28, 87], [1, 2, 4, 7, 9, 13, 14, 15, 16, 17]]
[[3, 9, 15, 17, 58, 51], [1, 3, 4, 6, 7, 8, 9, 11, 14, 15, 16, 18]]
[[3, 9, 15, 17, 58, 51], [1, 2, 4, 5, 6, 7, 8, 9, 10, 12, 14, 15, 16, 18]]
[[3, 9, 15, 17, 58, 51], [1, 3, 4, 5, 8, 10, 11, 12, 13, 15, 16, 18]]
[[3, 9, 15, 17, 58, 51], [1, 2, 4, 7, 9, 13, 14, 15, 17, 18]]
[[3, 9, 15, 17, 58, 51], [1, 2, 4, 5, 6, 10, 12, 15, 17, 18]]
[[3, 9, 15, 17, 58, 51], [1, 3, 4, 5, 7, 9, 10, 11, 12, 13, 14, 15, 17, 18]]
[[3, 9, 15, 29, 33, 93], [0, 2, 4, 6, 7, 9, 10, 11, 13, 14, 15, 18]]
[[3, 9, 15, 29, 33, 93], [0, 1, 2, 3, 4, 5, 6, 10, 11, 12, 13, 16, 17, 18]]
[[3, 9, 15, 29, 33, 93], [0, 1, 2, 3, 4, 8, 9, 11, 12, 13, 14, 16, 17, 18]]
[[3, 9, 15, 29, 33, 75], [0, 1, 2, 3, 4, 5, 8, 9, 11, 14, 15, 18]]
[[3, 9, 15, 29, 33, 75], [0, 1, 2, 3, 4, 5, 6, 8, 11, 12, 15, 18]]
[[3, 9, 15, 29, 28, 69], [0, 1, 2, 3, 4, 5, 6, 7, 9, 14, 15, 16, 17, 18]]
[[3, 9, 15, 29, 28, 69], [1, 2, 4, 5, 6, 10, 13, 15, 16, 18]]
[[3, 9, 15, 29, 28, 69], [1, 3, 4, 5, 7, 9, 10, 11, 14, 15, 16, 18]]
[[3, 9, 15, 29, 28, 69], [1, 3, 4, 5, 8, 9, 10, 12, 14, 15, 16, 18]]
[[3, 9, 15, 29, 28, 69], [1, 3, 4, 6, 9, 13, 14, 15, 17, 18]]
[[3, 9, 15, 29, 28, 69], [1, 2, 4, 5, 6, 7, 8, 10, 11, 15, 17, 18]]
[[3, 9, 15, 29, 28, 69], [1, 2, 4, 8, 9, 11, 12, 13, 14, 15, 17, 18]]
[[3, 9, 15, 29, 33, 81], [0, 2, 4, 8, 9, 10, 12, 14, 15, 17]]
[[3, 9, 15, 29, 43, 75], [0, 1, 4, 5, 7, 8, 9, 10, 14, 16]]
[[3, 9, 15, 29, 43, 75], [0, 3, 4, 5, 6, 7, 9, 10, 14, 18]]
[[3, 9, 15, 29, 38, 75], [0, 1, 4, 8, 9, 11, 14, 16]]
[[3, 9, 15, 29, 38, 75], [0, 3, 4, 5, 6, 10, 13, 18]]
[[3, 9, 15, 29, 28, 93], [0, 3, 4, 6, 7, 9, 12, 13, 14, 16, 17, 18]]
[[3, 9, 15, 29, 28, 93], [0, 1, 4, 5, 7, 8, 10, 11, 12, 16, 17, 18]]
[[3, 9, 15, 29, 28, 93], [0, 1, 2, 5, 6, 7, 9, 15, 16, 18]]
[[3, 9, 15, 29, 28, 93], [0, 1, 3, 10, 11, 12, 14, 15, 16, 17]]
[[3, 9, 15, 29, 28, 111], [0, 2, 4, 6, 8, 9, 12, 13, 14, 16, 17, 18]]
[[3, 9, 15, 29, 28, 111], [0, 2, 4, 5, 6, 8, 10, 11, 12, 16, 17, 18]]
[[3, 9, 15, 29, 23, 81], [0, 2, 3, 5, 6, 12, 14, 15]]
[[3, 9, 15, 29, 23, 81], [0, 7, 9, 10, 11, 15, 17, 18]]
[[3, 9, 15, 29, 28, 75], [1, 3, 4, 6, 7, 8, 9, 13, 14, 15]]
[[3, 9, 15, 29, 28, 75], [1, 3, 4, 5, 8, 9, 10, 11, 12, 13, 14, 15]]
[[3, 9, 15, 29, 28, 75], [4, 5, 6, 7, 8, 9, 10, 11, 14, 15, 16, 18]]
[[3, 9, 15, 29, 28, 75], [4, 5, 6, 10, 11, 12, 13, 15, 16, 18]]
[[3, 9, 15, 29, 28, 75], [1, 2, 4, 5, 6, 7, 8, 10, 12, 15, 17, 18]]
[[3, 9, 15, 29, 28, 75], [1, 2, 4, 7, 9, 11, 12, 13, 14, 15, 17, 18]]
[[3, 9, 15, 29, 18, 99], [1, 3, 4, 5, 7, 8, 9, 10, 11, 13, 14, 15]]
[[3, 9, 15, 29, 18, 99], [1, 3, 4, 5, 6, 8, 9, 10, 12, 13, 14, 15]]
[[3, 9, 15, 29, 18, 99], [4, 5, 6, 7, 9, 10, 11, 13, 14, 15, 16, 18]]
[[3, 9, 15, 29, 18, 99], [4, 5, 6, 8, 9, 10, 11, 12, 14, 15, 16, 18]]
[[3, 9, 15, 29, 18, 99], [1, 2, 4, 5, 6, 8, 9, 10, 14, 15, 17, 18]]
[[3, 9, 15, 29, 18, 99], [1, 2, 4, 5, 9, 10, 11, 13, 14, 15, 17, 18]]
[[3, 9, 15, 29, 48, 57], [1, 2, 4, 5, 6, 7, 8, 10, 13, 15, 16, 18]]
[[3, 9, 15, 29, 48, 57], [2, 3, 4, 5, 8, 9, 10, 11, 14, 15, 16, 18]]
[[3, 9, 15, 29, 48, 57], [2, 3, 4, 5, 7, 10, 11, 15, 17, 18]]
[[3, 9, 15, 29, 48, 57], [1, 3, 4, 6, 9, 11, 12, 13, 14, 15, 17, 18]]
[[3, 9, 15, 29, 48, 57], [1, 3, 4, 5, 8, 9, 10, 11, 14, 15, 16, 17]]
[[3, 9, 15, 29, 48, 57], [1, 2, 4, 8, 9, 12, 14, 15, 16, 17]]
[[3, 9, 15, 21, 13, 99], [0, 1, 4, 6, 7, 8, 9, 10, 13, 14, 15, 16]]
[[3, 9, 15, 21, 48, 63], [0, 1, 4, 6, 7, 10, 15, 18]]
[[3, 9, 15, 21, 43, 69], [0, 3, 4, 7, 8, 10, 11, 13, 15, 18]]
[[3, 9, 15, 21, 43, 69], [0, 1, 4, 5, 8, 10, 13, 16, 17, 18]]
[[3, 9, 15, 21, 43, 69], [0, 3, 4, 6, 9, 11, 14, 16, 17, 18]]
[[3, 9, 15, 21, 43, 69], [0, 2, 4, 5, 6, 9, 10, 11, 12, 13, 14, 17]]
[[3, 9, 15, 21, 43, 69], [0, 2, 4, 5, 8, 9, 10, 11, 12, 13, 14, 17]]
[[3, 9, 15, 21, 23, 111], [0, 3, 4, 6, 7, 9, 10, 11, 13, 14, 15, 18]]
[[3, 9, 15, 21, 33, 87], [0, 3, 4, 5, 6, 7, 9, 10, 11, 13, 14, 16]]
[[3, 9, 15, 21, 33, 87], [0, 1, 4, 5, 7, 8, 9, 10, 11, 13, 14, 18]]
[[3, 9, 15, 21, 38, 87], [0, 3, 4, 5, 6, 7, 8, 10, 11, 12, 13, 16, 17, 18]]
[[3, 9, 15, 21, 38, 87], [0, 1, 4, 6, 7, 8, 9, 11, 12, 13, 14, 16, 17, 18]]
[[3, 9, 15, 21, 18, 99], [0, 1, 4, 5, 6, 7, 9, 10, 12, 13, 14, 17]]
[[3, 9, 15, 21, 18, 99], [0, 3, 4, 5, 7, 8, 9, 10, 11, 12, 14, 17]]
[[3, 9, 15, 21, 28, 81], [0, 1, 2, 6, 9, 10, 11, 15, 16, 18]]
[[3, 9, 15, 21, 28, 81], [0, 1, 3, 5, 6, 11, 14, 15, 16, 17]]
[[3, 9, 15, 21, 23, 93], [0, 1, 2, 5, 6, 8, 9, 11, 12, 15, 16, 18]]
[[3, 9, 15, 21, 23, 93], [0, 1, 3, 6, 7, 10, 11, 13, 14, 15, 16, 17]]
[[3, 9, 15, 21, 43, 93], [1, 2, 4, 7, 9, 11, 14, 15]]
[[3, 9, 15, 21, 43, 93], [4, 5, 7, 9, 10, 11, 14, 15]]
[[3, 9, 15, 21, 43, 93], [4, 5, 8, 9, 10, 12, 14, 15]]
[[3, 9, 15, 21, 43, 93], [1, 3, 4, 6, 7, 8, 9, 12, 14, 15]]
[[3, 9, 15, 21, 43, 93], [4, 5, 7, 10, 11, 12, 13, 15, 16, 18]]
[[3, 9, 15, 21, 43, 93], [4, 5, 8, 10, 12, 15, 17, 18]]
[[3, 9, 15, 21, 28, 87], [2, 3, 4, 5, 8, 10, 13, 15, 16, 18]]
[[3, 9, 15, 21, 28, 87], [2, 3, 4, 5, 7, 9, 10, 12, 14, 15, 16, 18]]
[[3, 9, 15, 21, 28, 87], [1, 2, 4, 8, 9, 13, 14, 15, 17, 18]]
[[3, 9, 15, 21, 28, 87], [1, 2, 4, 5, 6, 10, 11, 15, 17, 18]]
[[3, 9, 15, 21, 28, 87], [1, 3, 4, 6, 9, 11, 14, 15, 16, 17]]
[[3, 9, 15, 21, 28, 87], [1, 3, 4, 5, 7, 9, 10, 12, 14, 15, 16, 17]]
[[3, 9, 15, 21, 28, 87], [0, 1, 2, 5, 8, 9, 13, 14, 15]]
[[3, 9, 15, 21, 28, 87], [0, 1, 2, 8, 9, 10, 13, 14, 15]]
[[3, 9, 15, 21, 28, 87], [0, 1, 2, 5, 6, 7, 8, 9, 11, 12, 13, 14, 15]]
[[3, 9, 15, 21, 28, 87], [0, 1, 2, 6, 7, 8, 9, 10, 11, 12, 13, 14, 15]]
[[3, 9, 15, 21, 28, 87], [0, 5, 8, 9, 13, 14, 15, 16, 17]]
[[3, 9, 15, 21, 28, 87], [0, 1, 2, 5, 8, 9, 13, 14, 15, 16, 17]]
[[3, 9, 15, 21, 28, 87], [0, 8, 9, 10, 13, 14, 15, 16, 17]]
[[3, 9, 15, 21, 28, 87], [0, 1, 2, 8, 9, 10, 13, 14, 15, 16, 17]]
[[3, 9, 15, 21, 28, 87], [0, 5, 6, 7, 8, 9, 11, 12, 13, 14, 15, 16, 17]]
[[3, 9, 15, 21, 28, 87], [0, 1, 2, 5, 6, 7, 8, 9, 11, 12, 13, 14, 15, 16, 17]]
[[3, 9, 15, 21, 28, 87], [0, 6, 7, 8, 9, 10, 11, 12, 13, 14, 15, 16, 17]]
[[3, 9, 15, 21, 28, 87], [0, 1, 2, 6, 7, 8, 9, 10, 11, 12, 13, 14, 15, 16, 17]]
[[3, 9, 15, 21, 43, 45], [1, 2, 4, 6, 9, 13, 14, 15, 16, 18]]
[[3, 9, 15, 21, 43, 45], [1, 3, 4, 7, 9, 11, 14, 15, 16, 18]]
[[3, 9, 15, 21, 43, 45], [1, 3, 4, 5, 8, 10, 12, 15, 16, 18]]
[[3, 9, 15, 21, 43, 45], [1, 3, 4, 5, 6, 10, 13, 15, 17, 18]]
[[3, 9, 15, 21, 43, 45], [1, 2, 4, 5, 6, 7, 8, 9, 10, 11, 14, 15, 17, 18]]
[[3, 9, 15, 21, 43, 45], [1, 2, 4, 5, 8, 9, 10, 11, 12, 13, 14, 15, 17, 18]]
[[3, 9, 15, 21, 18, 105], [1, 2, 4, 7, 9, 11, 14, 15, 16, 18]]
[[3, 9, 15, 21, 18, 105], [2, 3, 4, 5, 7, 10, 11, 12, 13, 15, 16, 18]]
[[3, 9, 15, 21, 18, 105], [1, 3, 4, 5, 8, 10, 12, 15, 17, 18]]
[[3, 9, 15, 21, 18, 105], [2, 3, 4, 5, 8, 9, 10, 11, 12, 13, 14, 15, 17, 18]]
[[3, 9, 15, 21, 18, 105], [1, 2, 4, 5, 6, 7, 8, 9, 10, 11, 14, 15, 16, 17]]
[[3, 9, 15, 21, 18, 105], [1, 3, 4, 6, 7, 8, 9, 12, 14, 15, 16, 17]]
[[3, 9, 15, 33, 28, 69], [0, 3, 4, 5, 7, 8, 9, 11, 13, 14, 15, 16]]
[[3, 9, 15, 33, 23, 81], [0, 1, 4, 8, 10, 11, 12, 13, 15, 18]]
[[3, 9, 15, 33, 13, 87], [0, 1, 4, 5, 6, 7, 9, 10, 14, 16]]
[[3, 9, 15, 33, 13, 87], [0, 3, 4, 5, 7, 8, 9, 10, 14, 18]]
[[3, 9, 15, 33, 33, 87], [0, 1, 4, 6, 9, 12, 14, 16]]
[[3, 9, 15, 33, 33, 87], [0, 3, 4, 5, 8, 10, 12, 18]]
[[3, 9, 15, 33, 23, 87], [0, 1, 2, 3, 4, 6, 7, 16, 17, 18]]
[[3, 9, 15, 33, 23, 87], [0, 1, 2, 3, 4, 7, 8, 16, 17, 18]]
[[3, 9, 15, 33, 38, 75], [0, 1, 2, 6, 9, 10, 11, 12, 13, 15, 17, 18]]
[[3, 9, 15, 33, 38, 75], [0, 2, 3, 5, 6, 7, 8, 11, 14, 15, 16, 17]]
[[3, 9, 15, 33, 23, 105], [1, 3, 4, 5, 8, 10, 11, 15, 16, 18]]
[[3, 9, 15, 33, 23, 105], [1, 3, 4, 8, 9, 11, 14, 15, 16, 18]]
[[3, 9, 15, 33, 23, 105], [2, 3, 4, 5, 6, 10, 11, 12, 13, 15, 17, 18]]
[[3, 9, 15, 33, 23, 105], [2, 3, 4, 5, 6, 9, 10, 11, 12, 13, 14, 15, 17, 18]]
[[3, 9, 15, 33, 23, 105], [1, 2, 4, 6, 7, 8, 9, 13, 14, 15, 16, 17]]
[[3, 9, 15, 33, 23, 105], [1, 2, 4, 5, 6, 7, 8, 9, 10, 13, 14, 15, 16, 17]]
[[3, 9, 15, 25, 53, 51], [0, 1, 4, 5, 6, 7, 8, 13, 15, 18]]
[[3, 9, 15, 25, 38, 75], [0, 1, 2, 3, 4, 5, 6, 8, 9, 11, 13, 14, 15, 18]]
[[3, 9, 15, 25, 38, 75], [0, 1, 2, 3, 4, 5, 7, 9, 11, 12, 13, 14, 15, 18]]
[[3, 9, 15, 25, 33, 117], [0, 1, 2, 3, 4, 8, 10, 12, 15, 18]]
[[3, 9, 15, 25, 48, 51], [0, 1, 4, 8, 9, 10, 12, 14, 15, 18]]
[[3, 9, 15, 25, 43, 75], [0, 2, 4, 5, 7, 8, 9, 12, 13, 14, 15, 18]]
[[3, 9, 15, 25, 18, 93], [0, 2, 4, 5, 6, 7, 8, 13, 15, 16, 17, 18]]
[[3, 9, 15, 25, 18, 99], [0, 1, 2, 3, 4, 6, 8, 9, 11, 13, 14, 16]]
[[3, 9, 15, 25, 18, 99], [0, 1, 2, 3, 4, 5, 6, 8, 10, 11, 13, 18]]
[[3, 9, 15, 25, 13, 105], [0, 3, 4, 5, 6, 8, 9, 10, 12, 13, 14, 16]]
[[3, 9, 15, 25, 13, 105], [0, 1, 4, 5, 6, 8, 9, 10, 11, 12, 14, 18]]
[[3, 9, 15, 25, 33, 81], [0, 1, 2, 3, 4, 5, 6, 7, 10, 16, 17, 18]]
[[3, 9, 15, 25, 33, 81], [0, 1, 2, 3, 4, 7, 8, 9, 14, 16, 17, 18]]
[[3, 9, 15, 25, 23, 87], [0, 3, 4, 8, 9, 13, 14, 16, 17, 18]]
[[3, 9, 15, 25, 23, 87], [0, 1, 4, 5, 6, 10, 11, 16, 17, 18]]
[[3, 9, 15, 25, 38, 81], [0, 2, 3, 6, 8, 10, 12, 13, 14, 15]]
[[3, 9, 15, 25, 38, 81], [0, 5, 7, 8, 9, 11, 13, 15, 17, 18]]
[[3, 9, 15, 25, 18, 123], [2, 3, 4, 5, 6, 7, 8, 10, 12, 15, 16, 18]]
[[3, 9, 15, 25, 18, 123], [1, 2, 4, 6, 9, 12, 14, 15, 16, 18]]
[[3, 9, 15, 25, 18, 123], [1, 3, 4, 5, 7, 10, 13, 15, 17, 18]]
[[3, 9, 15, 25, 18, 123], [2, 3, 4, 5, 6, 7, 8, 9, 10, 13, 14, 15, 17, 18]]
[[3, 9, 15, 25, 18, 123], [1, 2, 4, 5, 6, 9, 10, 11, 12, 13, 14, 15, 16, 17]]
[[3, 9, 15, 25, 18, 123], [1, 3, 4, 7, 9, 11, 12, 13, 14, 15, 16, 17]]
[[3, 9, 15, 25, 23, 123], [0, 1, 2, 5, 6, 7, 9, 11, 12, 14, 15]]
[[3, 9, 15, 25, 23, 123], [0, 1, 2, 6, 7, 9, 10, 11, 12, 14, 15]]
[[3, 9, 15, 25, 23, 123], [0, 1, 2, 5, 9, 14, 15, 16, 17]]
[[3, 9, 15, 25, 23, 123], [0, 1, 2, 9, 10, 14, 15, 16, 17]]
[[3, 9, 15, 25, 23, 123], [0, 5, 6, 7, 9, 11, 12, 14, 15, 16, 17]]
[[3, 9, 15, 25, 23, 123], [0, 6, 7, 9, 10, 11, 12, 14, 15, 16, 17]]
[[3, 9, 6, 21, 18, 72], [0, 3, 4, 5, 11, 13, 15, 18]]
[[3, 9, 6, 21, 23, 42], [0, 1, 4, 5, 7, 9, 10, 13, 14, 16]]
[[3, 9, 6, 21, 23, 42], [0, 3, 4, 5, 7, 9, 10, 11, 14, 18]]
[[3, 9, 6, 21, 38, 72], [0, 3, 4, 8, 9, 13, 14, 16]]
[[3, 9, 6, 21, 38, 72], [0, 1, 4, 5, 6, 10, 11, 18]]
[[3, 9, 6, 21, 13, 36], [0, 3, 4, 6, 7, 8, 9, 13, 14, 16]]
[[3, 9, 6, 21, 13, 36], [0, 1, 4, 5, 6, 7, 8, 10, 11, 18]]
[[3, 9, 6, 21, 43, 60], [0, 3, 4, 5, 9, 10, 11, 13, 14, 16]]
[[3, 9, 6, 21, 43, 60], [0, 1, 4, 5, 9, 10, 11, 13, 14, 18]]
[[3, 9, 6, 21, 28, 36], [0, 1, 4, 7, 9, 11, 14, 16]]
[[3, 9, 6, 21, 28, 36], [0, 3, 4, 5, 7, 10, 13, 18]]
[[3, 9, 6, 21, 43, 102], [0, 3, 4, 5, 7, 8, 9, 10, 11, 13, 14, 16]]
[[3, 9, 6, 21, 43, 102], [0, 1, 4, 5, 6, 7, 9, 10, 11, 13, 14, 18]]
[[3, 9, 6, 21, 23, 66], [0, 1, 2, 3, 4, 6, 7, 8, 9, 11, 14, 16]]
[[3, 9, 6, 21, 23, 66], [0, 1, 2, 3, 4, 5, 6, 7, 8, 10, 13, 18]]
[[3, 9, 6, 21, 28, 60], [0, 3, 4, 5, 6, 7, 8, 9, 10, 11, 14, 16]]
[[3, 9, 6, 21, 28, 60], [0, 1, 4, 5, 6, 7, 8, 9, 10, 13, 14, 18]]
[[3, 9, 6, 21, 28, 96], [0, 1, 4, 5, 9, 10, 11, 12, 14, 16]]
[[3, 9, 6, 21, 28, 96], [0, 3, 4, 5, 9, 10, 12, 13, 14, 18]]
[[3, 9, 6, 21, 28, 96], [0, 1, 4, 5, 6, 9, 10, 13, 14, 16, 18]]
[[3, 9, 6, 21, 28, 96], [0, 3, 4, 5, 6, 9, 10, 13, 14, 16, 18]]
[[3, 9, 6, 21, 28, 96], [0, 1, 4, 5, 8, 9, 10, 11, 14, 16, 18]]
[[3, 9, 6, 21, 28, 96], [0, 3, 4, 5, 8, 9, 10, 11, 14, 16, 18]]
[[3, 9, 6, 21, 28, 96], [0, 1, 4, 5, 6, 7, 8, 9, 10, 11, 14, 17, 18]]
[[3, 9, 6, 21, 28, 96], [0, 1, 2, 3, 4, 5, 6, 7, 8, 9, 10, 11, 14, 17, 18]]
[[3, 9, 6, 21, 28, 96], [0, 1, 4, 5, 6, 9, 10, 11, 12, 13, 14, 17, 18]]
[[3, 9, 6, 21, 28, 96], [0, 1, 2, 3, 4, 5, 6, 9, 10, 11, 12, 13, 14, 17, 18]]
[[3, 9, 6, 21, 28, 96], [0, 3, 4, 5, 6, 7, 8, 9, 10, 13, 14, 16, 17]]
[[3, 9, 6, 21, 28, 96], [0, 1, 2, 3, 4, 5, 6, 7, 8, 9, 10, 13, 14, 16, 17]]
[[3, 9, 6, 21, 28, 96], [0, 3, 4, 5, 8, 9, 10, 11, 12, 13, 14, 16, 17]]
[[3, 9, 6, 21, 28, 96], [0, 1, 2, 3, 4, 5, 8, 9, 10, 11, 12, 13, 14, 16, 17]]
[[3, 9, 6, 21, 13, 72], [2, 3, 4, 5, 6, 9, 10, 13, 14, 15]]
[[3, 9, 6, 21, 13, 72], [1, 2, 4, 6, 9, 11, 12, 13, 14, 15]]
[[3, 9, 6, 21, 13, 72], [2, 3, 4, 5, 6, 10, 12, 15, 16, 18]]
[[3, 9, 6, 21, 13, 72], [4, 5, 6, 7, 8, 10, 13, 15, 17, 18]]
[[3, 9, 6, 21, 13, 72], [4, 5, 6, 9, 10, 13, 14, 15, 16, 17]]
[[3, 9, 6, 21, 13, 72], [1, 3, 4, 7, 9, 13, 14, 15, 16, 17]]
[[3, 9, 6, 21, 18, 78], [0, 2, 4, 5, 10, 12, 13, 16, 18]]
[[3, 9, 6, 21, 18, 78], [0, 3, 4, 6, 8, 9, 12, 13, 14, 16, 18]]
[[3, 9, 6, 21, 18, 78], [0, 1, 4, 5, 6, 8, 10, 11, 12, 16, 18]]
[[3, 9, 6, 21, 18, 78], [0, 2, 4, 9, 11, 12, 14, 16, 18]]
[[3, 9, 6, 21, 18, 78], [0, 2, 4, 5, 10, 11, 13, 17, 18]]
[[3, 9, 6, 21, 18, 78], [0, 1, 2, 3, 4, 5, 7, 8, 9, 10, 11, 13, 14, 17, 18]]
[[3, 9, 6, 21, 18, 78], [0, 1, 4, 5, 7, 8, 10, 11, 12, 17, 18]]
[[3, 9, 6, 21, 18, 78], [0, 2, 4, 5, 9, 10, 11, 12, 14, 17, 18]]
[[3, 9, 6, 21, 18, 78], [0, 2, 4, 9, 11, 13, 14, 16, 17]]
[[3, 9, 6, 21, 18, 78], [0, 1, 2, 3, 4, 5, 6, 7, 9, 10, 11, 13, 14, 16, 17]]
[[3, 9, 6, 21, 18, 78], [0, 2, 4, 5, 9, 10, 12, 13, 14, 16, 17]]
[[3, 9, 6, 21, 18, 78], [0, 3, 4, 6, 7, 9, 12, 13, 14, 16, 17]]
[[3, 9, 6, 33, 23, 42], [0, 1, 4, 5, 8, 9, 11, 14, 15, 18]]
[[3, 9, 6, 33, 28, 66], [0, 1, 2, 3, 4, 7, 9, 11, 14, 16]]
[[3, 9, 6, 33, 28, 66], [0, 1, 2, 3, 4, 5, 7, 10, 13, 18]]
[[3, 9, 6, 33, 28, 78], [0, 1, 4, 6, 7, 8, 9, 11, 14, 16]]
[[3, 9, 6, 33, 28, 78], [0, 3, 4, 5, 6, 7, 8, 10, 13, 18]]
[[3, 9, 6, 33, 13, 54], [0, 1, 4, 7, 9, 13, 14, 16, 17, 18]]
[[3, 9, 6, 33, 13, 54], [0, 3, 4, 5, 7, 10, 11, 16, 17, 18]]
[[3, 9, 6, 33, 38, 60], [2, 3, 4, 5, 8, 9, 10, 11, 14, 15]]
[[3, 9, 6, 33, 38, 60], [1, 2, 4, 6, 7, 8, 9, 11, 14, 15]]
[[3, 9, 6, 33, 38, 60], [2, 3, 4, 5, 7, 10, 11, 15, 16, 18]]
[[3, 9, 6, 33, 38, 60], [4, 5, 8, 10, 11, 12, 13, 15, 17, 18]]
[[3, 9, 6, 33, 38, 60], [4, 5, 8, 9, 10, 11, 14, 15, 16, 17]]
[[3, 9, 6, 33, 38, 60], [1, 3, 4, 8, 9, 12, 14, 15, 16, 17]]
[[3, 9, 6, 33, 23, 78], [0, 3, 4, 6, 12, 16, 18]]
[[3, 9, 6, 33, 23, 78], [0, 1, 4, 8, 12, 16, 18]]
[[3, 9, 6, 33, 23, 78], [0, 2, 4, 6, 11, 12, 13, 16, 18]]
[[3, 9, 6, 33, 23, 78], [0, 2, 4, 8, 11, 12, 13, 16, 18]]
[[3, 9, 6, 33, 23, 78], [0, 2, 4, 5, 6, 10, 13, 17, 18]]
[[3, 9, 6, 33, 23, 78], [0, 2, 4, 5, 6, 7, 8, 10, 13, 17, 18]]
[[3, 9, 6, 33, 23, 78], [0, 1, 2, 3, 4, 5, 6, 10, 12, 17, 18]]
[[3, 9, 6, 33, 23, 78], [0, 1, 4, 5, 6, 7, 8, 10, 12, 17, 18]]
[[3, 9, 6, 33, 23, 78], [0, 2, 4, 8, 9, 11, 14, 16, 17]]
[[3, 9, 6, 33, 23, 78], [0, 2, 4, 6, 7, 8, 9, 11, 14, 16, 17]]
[[3, 9, 6, 33, 23, 78], [0, 1, 2, 3, 4, 8, 9, 12, 14, 16, 17]]
[[3, 9, 6, 33, 23, 78], [0, 3, 4, 6, 7, 8, 9, 12, 14, 16, 17]]
[[3, 9, 6, 29, 38, 60], [0, 1, 4, 5, 7, 8, 12, 13, 15, 18]]
[[3, 9, 6, 29, 43, 84], [0, 1, 4, 5, 7, 9, 11, 12, 13, 14, 15, 18]]
[[3, 9, 6, 29, 43, 84], [0, 1, 2, 3, 4, 5, 8, 10, 13, 16, 17, 18]]
[[3, 9, 6, 29, 43, 84], [0, 1, 2, 3, 4, 6, 9, 11, 14, 16, 17, 18]]
[[3, 9, 6, 29, 18, 66], [0, 2, 4, 6, 7, 8, 9, 13, 14, 16]]
[[3, 9, 6, 29, 18, 66], [0, 2, 4, 5, 6, 7, 8, 10, 11, 18]]
[[3, 9, 6, 29, 18, 48], [0, 1, 2, 3, 4, 6, 7, 8, 9, 13, 14, 16, 17, 18]]
[[3, 9, 6, 29, 18, 48], [0, 1, 2, 3, 4, 5, 6, 7, 8, 10, 11, 16, 17, 18]]
[[3, 9, 6, 29, 28, 48], [0, 1, 2, 3, 4, 12, 13, 16, 17, 18]]
[[3, 9, 6, 29, 28, 48], [0, 1, 2, 3, 4, 11, 12, 16, 17, 18]]
[[3, 9, 6, 29, 23, 54], [0, 2, 4, 5, 7, 8, 10, 16, 18]]
[[3, 9, 6, 29, 23, 54], [0, 2, 4, 6, 7, 9, 14, 16, 18]]
[[3, 9, 6, 29, 23, 54], [0, 1, 4, 5, 6, 7, 10, 11, 13, 16, 18]]
[[3, 9, 6, 29, 23, 54], [0, 3, 4, 7, 8, 9, 11, 13, 14, 16, 18]]
[[3, 9, 6, 29, 23, 54], [0, 2, 4, 5, 6, 8, 10, 17, 18]]
[[3, 9, 6, 29, 23, 54], [0, 2, 4, 5, 6, 7, 9, 10, 14, 17, 18]]
[[3, 9, 6, 29, 23, 54], [0, 1, 4, 5, 6, 7, 10, 12, 13, 17, 18]]
[[3, 9, 6, 29, 23, 54], [0, 1, 2, 3, 4, 5, 6, 8, 9, 10, 12, 13, 14, 17, 18]]
[[3, 9, 6, 29, 23, 54], [0, 2, 4, 6, 8, 9, 14, 16, 17]]
[[3, 9, 6, 29, 23, 54], [0, 2, 4, 5, 7, 8, 9, 10, 14, 16, 17]]
[[3, 9, 6, 29, 23, 54], [0, 1, 2, 3, 4, 5, 6, 8, 9, 10, 11, 12, 14, 16, 17]]
[[3, 9, 6, 29, 23, 54], [0, 3, 4, 7, 8, 9, 11, 12, 14, 16, 17]]
[[3, 9, 6, 29, 23, 60], [0, 1, 4, 5, 6, 7, 10, 12, 13, 16, 18]]
[[3, 9, 6, 29, 23, 60], [0, 3, 4, 6, 7, 9, 12, 13, 14, 16, 18]]
[[3, 9, 6, 29, 23, 60], [0, 1, 4, 5, 7, 8, 10, 11, 12, 16, 18]]
[[3, 9, 6, 29, 23, 60], [0, 3, 4, 7, 8, 9, 11, 12, 14, 16, 18]]
[[3, 9, 6, 29, 23, 60], [0, 1, 4, 5, 6, 7, 10, 11, 13, 17, 18]]
[[3, 9, 6, 29, 23, 60], [0, 1, 2, 3, 4, 5, 6, 7, 9, 10, 11, 13, 14, 17, 18]]
[[3, 9, 6, 29, 23, 60], [0, 1, 4, 5, 6, 8, 10, 11, 12, 17, 18]]
[[3, 9, 6, 29, 23, 60], [0, 1, 2, 3, 4, 5, 6, 8, 9, 10, 11, 12, 14, 17, 18]]
[[3, 9, 6, 29, 23, 60], [0, 3, 4, 7, 8, 9, 11, 13, 14, 16, 17]]
[[3, 9, 6, 29, 23, 60], [0, 1, 2, 3, 4, 5, 7, 8, 9, 10, 11, 13, 14, 16, 17]]
[[3, 9, 6, 29, 23, 60], [0, 3, 4, 6, 8, 9, 12, 13, 14, 16, 17]]
[[3, 9, 6, 29, 23, 60], [0, 1, 2, 3, 4, 5, 6, 8, 9, 10, 12, 13, 14, 16, 17]]
[[3, 9, 6, 17, 13, 54], [0, 3, 4, 5, 6, 9, 11, 14, 15, 18]]
[[3, 9, 6, 17, 18, 72], [0, 2, 4, 5, 6, 7, 8, 9, 11, 14, 15, 18]]
[[3, 9, 6, 17, 23, 66], [0, 2, 4, 5, 12, 13, 15, 18]]
[[3, 9, 6, 17, 23, 66], [0, 3, 4, 6, 7, 8, 9, 12, 14, 16]]
[[3, 9, 6, 17, 23, 66], [0, 1, 4, 5, 6, 7, 8, 10, 12, 18]]
[[3, 9, 6, 17, 23, 90], [0, 2, 4, 8, 10, 12, 15, 18]]
[[3, 9, 6, 17, 38, 96], [0, 2, 4, 5, 6, 9, 10, 11, 14, 16]]
[[3, 9, 6, 17, 38, 96], [0, 2, 4, 5, 8, 9, 10, 13, 14, 18]]
[[3, 9, 6, 17, 13, 84], [0, 1, 2, 3, 4, 5, 6, 8, 9, 10, 11, 13, 14, 16]]
[[3, 9, 6, 17, 13, 84], [0, 1, 2, 3, 4, 5, 6, 8, 9, 10, 11, 13, 14, 18]]
[[3, 9, 6, 17, 23, 60], [0, 3, 4, 5, 6, 8, 9, 10, 11, 12, 14, 16]]
[[3, 9, 6, 17, 23, 60], [0, 1, 4, 5, 6, 8, 9, 10, 12, 13, 14, 18]]
[[3, 9, 6, 17, 58, 84], [0, 1, 4, 6, 7, 16, 17, 18]]
[[3, 9, 6, 17, 58, 84], [0, 3, 4, 7, 8, 16, 17, 18]]
[[3, 9, 6, 17, 13, 48], [0, 3, 4, 5, 8, 10, 13, 16, 17, 18]]
[[3, 9, 6, 17, 13, 48], [0, 1, 4, 6, 9, 11, 14, 16, 17, 18]]
[[3, 9, 6, 17, 13, 66], [0, 2, 4, 9, 12, 13, 14, 16, 17, 18]]
[[3, 9, 6, 17, 13, 66], [0, 2, 4, 5, 10, 11, 12, 16, 17, 18]]
[[3, 9, 6, 17, 28, 60], [0, 2, 4, 5, 6, 7, 8, 9, 10, 13, 14, 17]]
[[3, 9, 6, 17, 28, 60], [0, 2, 4, 5, 6, 7, 8, 9, 10, 11, 14, 17]]
[[3, 9, 6, 17, 13, 102], [1, 3, 4, 7, 9, 12, 14, 15]]
[[3, 9, 6, 17, 13, 102], [2, 3, 4, 5, 7, 9, 10, 12, 14, 15]]
[[3, 9, 6, 17, 13, 102], [4, 5, 7, 10, 12, 15, 16, 18]]
[[3, 9, 6, 17, 13, 102], [2, 3, 4, 5, 8, 10, 13, 15, 17, 18]]
[[3, 9, 6, 17, 13, 102], [1, 2, 4, 6, 9, 11, 14, 15, 16, 17]]
[[3, 9, 6, 17, 13, 102], [4, 5, 7, 9, 10, 12, 14, 15, 16, 17]]
[[3, 9, 6, 25, 18, 48], [0, 3, 4, 5, 6, 7, 8, 9, 11, 12, 13, 14, 15, 16]]
[[3, 9, 6, 25, 28, 60], [0, 1, 2, 3, 4, 6, 10, 11, 12, 13, 15, 18]]
[[3, 9, 6, 25, 13, 54], [0, 2, 4, 8, 9, 13, 14, 16]]
[[3, 9, 6, 25, 13, 54], [0, 2, 4, 5, 6, 10, 11, 18]]
[[3, 9, 6, 25, 38, 96], [0, 1, 2, 3, 4, 5, 7, 8, 9, 10, 14, 16]]
[[3, 9, 6, 25, 38, 96], [0, 1, 2, 3, 4, 5, 6, 7, 9, 10, 14, 18]]
[[3, 9, 6, 25, 18, 60], [0, 1, 4, 5, 7, 8, 9, 10, 12, 13, 14, 16]]
[[3, 9, 6, 25, 18, 60], [0, 3, 4, 5, 6, 7, 9, 10, 11, 12, 14, 18]]
[[3, 9, 6, 25, 23, 72], [0, 1, 4, 6, 8, 16, 17, 18]]
[[3, 9, 6, 25, 23, 72], [0, 3, 4, 6, 8, 16, 17, 18]]
[[3, 9, 6, 25, 38, 72], [0, 1, 4, 12, 13, 16, 17, 18]]
[[3, 9, 6, 25, 38, 72], [0, 3, 4, 11, 12, 16, 17, 18]]
[[3, 9, 6, 25, 13, 72], [0, 1, 4, 5, 7, 10, 12, 16, 17, 18]]
[[3, 9, 6, 25, 13, 72], [0, 3, 4, 7, 9, 12, 14, 16, 17, 18]]
[[3, 9, 6, 25, 18, 54], [0, 1, 2, 3, 4, 9, 12, 13, 14, 16, 17, 18]]
[[3, 9, 6, 25, 18, 54], [0, 1, 2, 3, 4, 5, 10, 11, 12, 16, 17, 18]]
[[3, 9, 6, 25, 33, 54], [0, 1, 4, 5, 9, 10, 14, 17]]
[[3, 9, 6, 25, 33, 54], [0, 3, 4, 5, 9, 10, 14, 17]]
[[3, 9, 6, 25, 23, 90], [0, 1, 4, 5, 6, 7, 9, 10, 14, 17]]
[[3, 9, 6, 25, 23, 90], [0, 3, 4, 5, 7, 8, 9, 10, 14, 17]]
[[3, 9, 6, 25, 43, 78], [0, 2, 4, 5, 10, 16, 18]]
[[3, 9, 6, 25, 43, 78], [0, 2, 4, 9, 14, 16, 18]]
[[3, 9, 6, 25, 43, 78], [0, 1, 2, 3, 4, 5, 6, 8, 10, 11, 13, 16, 18]]
[[3, 9, 6, 25, 43, 78], [0, 1, 2, 3, 4, 6, 8, 9, 11, 13, 14, 16, 18]]
[[3, 9, 6, 25, 43, 78], [0, 2, 4, 5, 10, 17, 18]]
[[3, 9, 6, 25, 43, 78], [0, 2, 4, 5, 9, 10, 14, 17, 18]]
[[3, 9, 6, 25, 43, 78], [0, 3, 4, 5, 7, 8, 10, 12, 13, 17, 18]]
[[3, 9, 6, 25, 43, 78], [0, 3, 4, 5, 7, 8, 9, 10, 12, 13, 14, 17, 18]]
[[3, 9, 6, 25, 43, 78], [0, 2, 4, 9, 14, 16, 17]]
[[3, 9, 6, 25, 43, 78], [0, 2, 4, 5, 9, 10, 14, 16, 17]]
[[3, 9, 6, 25, 43, 78], [0, 1, 4, 6, 7, 9, 11, 12, 14, 16, 17]]
[[3, 9, 6, 25, 43, 78], [0, 1, 4, 5, 6, 7, 9, 10, 11, 12, 14, 16, 17]]
[[3, 9, 6, 13, 38, 78], [0, 2, 4, 7, 10, 11, 15, 18]]
[[3, 9, 6, 13, 43, 72], [0, 2, 4, 5, 6, 8, 12, 13, 15, 18]]
[[3, 9, 6, 13, 43, 54], [0, 3, 4, 5, 7, 9, 11, 12, 13, 14, 15, 18]]
[[3, 9, 6, 37, 38, 84], [0, 3, 4, 8, 10, 11, 15, 18]]
[[3, 9, 6, 37, 28, 54], [0, 1, 4, 8, 9, 13, 14, 16, 17, 18]]
[[3, 9, 6, 37, 28, 54], [0, 3, 4, 5, 6, 10, 11, 16, 17, 18]]
[[3, 9, 6, 37, 33, 54], [0, 1, 4, 6, 7, 9, 12, 13, 14, 16, 17, 18]]
[[3, 9, 6, 37, 33, 54], [0, 3, 4, 5, 7, 8, 10, 11, 12, 16, 17, 18]]
[[3, 9, 6, 9, 23, 66], [1, 3, 4, 5, 6, 8, 9, 10, 14, 15]]
[[3, 9, 6, 9, 23, 66], [4, 5, 7, 8, 9, 10, 14, 15]]
[[3, 9, 6, 9, 23, 66], [4, 5, 9, 10, 11, 12, 14, 15]]
[[3, 9, 6, 9, 23, 66], [1, 2, 4, 5, 9, 10, 11, 12, 14, 15]]
[[3, 9, 6, 9, 23, 66], [4, 5, 9, 10, 11, 13, 14, 15, 16, 18]]
[[3, 9, 6, 9, 23, 66], [4, 5, 7, 8, 9, 10, 14, 15, 17, 18]]
[[3, 9, 6, 41, 33, 60], [0, 1, 2, 3, 4, 5, 6, 8, 10, 12, 13, 16, 18]]
[[3, 9, 6, 41, 33, 60], [0, 3, 4, 9, 12, 13, 14, 16, 18]]
[[3, 9, 6, 41, 33, 60], [0, 1, 4, 5, 10, 11, 12, 16, 18]]
[[3, 9, 6, 41, 33, 60], [0, 1, 2, 3, 4, 6, 8, 9, 11, 12, 14, 16, 18]]
[[3, 9, 6, 41, 33, 60], [0, 3, 4, 5, 7, 8, 10, 11, 13, 17, 18]]
[[3, 9, 6, 41, 33, 60], [0, 1, 2, 3, 4, 5, 9, 10, 11, 13, 14, 17, 18]]
[[3, 9, 6, 41, 33, 60], [0, 1, 4, 5, 10, 11, 12, 17, 18]]
[[3, 9, 6, 41, 33, 60], [0, 3, 4, 5, 7, 8, 9, 10, 11, 12, 14, 17, 18]]
[[3, 9, 6, 41, 33, 60], [0, 1, 2, 3, 4, 5, 9, 10, 11, 13, 14, 16, 17]]
[[3, 9, 6, 41, 33, 60], [0, 1, 4, 6, 7, 9, 11, 13, 14, 16, 17]]
[[3, 9, 6, 41, 33, 60], [0, 3, 4, 9, 12, 13, 14, 16, 17]]
[[3, 9, 6, 41, 33, 60], [0, 1, 4, 5, 6, 7, 9, 10, 12, 13, 14, 16, 17]]
[[3, 9, 12, 17, 43, 84], [0, 1, 4, 6, 10, 11, 15, 18]]
[[3, 9, 12, 17, 18, 84], [0, 1, 2, 3, 4, 5, 6, 9, 11, 14, 15, 18]]
[[3, 9, 12, 17, 53, 54], [0, 1, 4, 5, 6, 7, 9, 10, 11, 12, 14, 16]]
[[3, 9, 12, 17, 53, 54], [0, 3, 4, 5, 7, 8, 9, 10, 12, 13, 14, 18]]
[[3, 9, 12, 17, 23, 66], [0, 2, 4, 6, 7, 16, 17, 18]]
[[3, 9, 12, 17, 23, 66], [0, 2, 4, 7, 8, 16, 17, 18]]
[[3, 9, 12, 17, 23, 66], [0, 1, 2, 5, 7, 8, 9, 15, 16, 18]]
[[3, 9, 12, 17, 23, 66], [0, 1, 3, 10, 12, 13, 14, 15, 16, 17]]
[[3, 9, 12, 17, 23, 102], [0, 3, 4, 5, 6, 7, 10, 12, 13, 16, 17, 18]]
[[3, 9, 12, 17, 23, 102], [0, 1, 4, 7, 8, 9, 11, 12, 14, 16, 17, 18]]
[[3, 9, 12, 17, 23, 90], [0, 2, 3, 6, 7, 10, 14, 15]]
[[3, 9, 12, 17, 23, 90], [0, 5, 9, 11, 12, 15, 17, 18]]
[[3, 9, 12, 17, 63, 54], [0, 1, 3, 7, 8, 10, 12, 13, 14, 15]]
[[3, 9, 12, 17, 63, 54], [0, 5, 7, 8, 9, 12, 13, 15, 16, 18]]
[[3, 9, 12, 17, 33, 42], [0, 2, 3, 7, 8, 10, 11, 12, 14, 15]]
[[3, 9, 12, 17, 33, 42], [0, 5, 6, 7, 9, 12, 13, 15, 17, 18]]
[[3, 9, 12, 17, 38, 48], [0, 1, 3, 5, 6, 7, 8, 11, 12, 13, 14, 15]]
[[3, 9, 12, 17, 38, 48], [0, 6, 7, 8, 9, 10, 11, 12, 13, 15, 16, 18]]
[[3, 9, 12, 17, 58, 72], [0, 2, 3, 8, 9, 10, 12, 15, 16, 18]]
[[3, 9, 12, 17, 58, 72], [0, 1, 3, 5, 7, 13, 14, 15, 17, 18]]
[[3, 9, 12, 17, 53, 78], [0, 1, 2, 8, 9, 10, 13, 15, 17, 18]]
[[3, 9, 12, 17, 53, 78], [0, 2, 3, 5, 8, 13, 14, 15, 16, 17]]
[[3, 9, 12, 17, 53, 78], [1, 3, 4, 5, 6, 7, 9, 10, 11, 13, 14, 15]]
[[3, 9, 12, 17, 53, 78], [1, 2, 4, 5, 6, 7, 9, 10, 12, 13, 14, 15]]
[[3, 9, 12, 17, 53, 78], [1, 2, 4, 5, 7, 8, 9, 10, 14, 15, 16, 18]]
[[3, 9, 12, 17, 53, 78], [4, 5, 6, 8, 9, 10, 12, 13, 14, 15, 16, 18]]
[[3, 9, 12, 17, 53, 78], [4, 5, 6, 7, 9, 10, 12, 13, 14, 15, 17, 18]]
[[3, 9, 12, 17, 53, 78], [1, 3, 4, 5, 9, 10, 11, 12, 14, 15, 17, 18]]
[[3, 9, 12, 17, 43, 90], [1, 3, 4, 5, 6, 8, 9, 10, 11, 12, 14, 15]]
[[3, 9, 12, 17, 43, 90], [1, 2, 4, 5, 7, 8, 9, 10, 11, 12, 14, 15]]
[[3, 9, 12, 17, 43, 90], [4, 5, 7, 8, 9, 10, 11, 13, 14, 15, 16, 18]]
[[3, 9, 12, 17, 43, 90], [1, 2, 4, 5, 9, 10, 12, 13, 14, 15, 16, 18]]
[[3, 9, 12, 17, 43, 90], [1, 3, 4, 5, 6, 7, 9, 10, 14, 15, 17, 18]]
[[3, 9, 12, 17, 43, 90], [4, 5, 7, 8, 9, 10, 11, 12, 14, 15, 17, 18]]
[[3, 9, 12, 25, 43, 102], [0, 2, 4, 6, 8, 9, 10, 11, 13, 14, 15, 16]]
[[3, 9, 12, 25, 43, 90], [0, 2, 4, 6, 8, 10, 15, 18]]
[[3, 9, 12, 25, 13, 114], [0, 2, 4, 8, 10, 11, 15, 18]]
[[3, 9, 12, 25, 38, 72], [0, 1, 2, 3, 4, 6, 7, 9, 10, 11, 13, 14, 15, 18]]
[[3, 9, 12, 25, 38, 72], [0, 1, 4, 8, 13, 16, 17, 18]]
[[3, 9, 12, 25, 38, 72], [0, 3, 4, 6, 11, 16, 17, 18]]
[[3, 9, 12, 25, 18, 114], [0, 3, 4, 5, 8, 9, 11, 14, 15, 18]]
[[3, 9, 12, 25, 23, 84], [0, 3, 4, 5, 6, 7, 8, 9, 11, 14, 15, 18]]
[[3, 9, 12, 25, 18, 96], [0, 2, 4, 7, 8, 10, 12, 13, 15, 18]]
[[3, 9, 12, 25, 13, 102], [0, 2, 4, 7, 9, 10, 12, 14, 15, 18]]
[[3, 9, 12, 25, 23, 90], [0, 2, 4, 5, 11, 12, 15, 18]]
[[3, 9, 12, 25, 43, 114], [0, 2, 4, 6, 7, 10, 15, 16, 17, 18]]
[[3, 9, 12, 25, 43, 108], [0, 1, 4, 5, 9, 10, 12, 13, 14, 16]]
[[3, 9, 12, 25, 43, 108], [0, 3, 4, 5, 9, 10, 11, 12, 14, 18]]
[[3, 9, 12, 25, 33, 90], [0, 1, 2, 6, 7, 8, 9, 10, 13, 15, 17, 18]]
[[3, 9, 12, 25, 33, 90], [0, 2, 3, 5, 8, 11, 12, 13, 14, 15, 16, 17]]
[[3, 9, 12, 25, 28, 72], [1, 2, 4, 8, 9, 11, 14, 15]]
[[3, 9, 12, 25, 28, 72], [1, 3, 4, 5, 6, 7, 8, 9, 10, 11, 14, 15]]
[[3, 9, 12, 25, 28, 72], [1, 2, 4, 5, 7, 10, 13, 15, 16, 18]]
[[3, 9, 12, 25, 28, 72], [4, 5, 8, 9, 10, 11, 12, 13, 14, 15, 16, 18]]
[[3, 9, 12, 25, 28, 72], [4, 5, 8, 10, 11, 15, 17, 18]]
[[3, 9, 12, 25, 28, 72], [1, 3, 4, 6, 9, 12, 14, 15, 17, 18]]
[[3, 9, 12, 25, 23, 72], [1, 3, 4, 5, 6, 7, 9, 10, 14, 15, 16, 18]]
[[3, 9, 12, 25, 23, 72], [1, 3, 4, 5, 9, 10, 12, 13, 14, 15, 16, 18]]
[[3, 9, 12, 25, 23, 72], [1, 2, 4, 5, 7, 8, 9, 10, 11, 12, 14, 15, 16, 18]]
[[3, 9, 12, 25, 23, 72], [1, 2, 4, 5, 6, 7, 9, 10, 11, 13, 14, 15, 17, 18]]
[[3, 9, 12, 25, 23, 72], [1, 2, 4, 5, 6, 8, 9, 10, 12, 13, 14, 15, 17, 18]]
[[3, 9, 12, 25, 23, 72], [1, 3, 4, 5, 7, 8, 9, 10, 11, 12, 14, 15, 17, 18]]
[[3, 9, 12, 33, 28, 102], [0, 1, 4, 7, 8, 9, 10, 12, 13, 14, 15, 18]]
[[3, 9, 12, 33, 43, 78], [0, 3, 4, 7, 8, 9, 10, 12, 13, 14, 15, 18]]
[[3, 9, 12, 33, 43, 66], [0, 1, 2, 3, 4, 5, 7, 8, 9, 11, 13, 14, 15, 17]]
[[3, 9, 12, 33, 28, 60], [0, 3, 4, 5, 7, 10, 11, 12, 13, 16, 17, 18]]
[[3, 9, 12, 33, 28, 60], [0, 1, 4, 7, 9, 11, 12, 13, 14, 16, 17, 18]]
[[3, 9, 12, 33, 33, 90], [0, 1, 4, 5, 7, 9, 10, 11, 12, 13, 14, 17]]
[[3, 9, 12, 33, 33, 90], [0, 3, 4, 5, 7, 9, 10, 11, 12, 13, 14, 17]]
[[3, 9, 12, 33, 38, 72], [2, 3, 4, 5, 8, 9, 10, 13, 14, 15]]
[[3, 9, 12, 33, 38, 72], [1, 3, 4, 6, 7, 8, 9, 11, 12, 13, 14, 15]]
[[3, 9, 12, 33, 38, 72], [4, 5, 6, 7, 8, 10, 11, 12, 13, 15, 16, 18]]
[[3, 9, 12, 33, 38, 72], [2, 3, 4, 5, 7, 10, 12, 15, 17, 18]]
[[3, 9, 12, 33, 38, 72], [4, 5, 6, 9, 10, 11, 14, 15, 16, 17]]
[[3, 9, 12, 33, 38, 72], [1, 2, 4, 7, 9, 12, 14, 15, 16, 17]]
[[3, 9, 12, 33, 28, 96], [0, 1, 2, 3, 4, 5, 10, 16, 18]]
[[3, 9, 12, 33, 28, 96], [0, 1, 2, 3, 4, 9, 14, 16, 18]]
[[3, 9, 12, 33, 28, 96], [0, 2, 4, 5, 6, 8, 10, 11, 13, 16, 18]]
[[3, 9, 12, 33, 28, 96], [0, 2, 4, 6, 8, 9, 11, 13, 14, 16, 18]]
[[3, 9, 12, 33, 28, 96], [0, 3, 4, 5, 10, 17, 18]]
[[3, 9, 12, 33, 28, 96], [0, 3, 4, 5, 9, 10, 14, 17, 18]]
[[3, 9, 12, 33, 28, 96], [0, 2, 4, 5, 7, 8, 10, 12, 13, 17, 18]]
[[3, 9, 12, 33, 28, 96], [0, 2, 4, 5, 7, 8, 9, 10, 12, 13, 14, 17, 18]]
[[3, 9, 12, 33, 28, 96], [0, 1, 4, 9, 14, 16, 17]]
[[3, 9, 12, 33, 28, 96], [0, 1, 4, 5, 9, 10, 14, 16, 17]]
[[3, 9, 12, 33, 28, 96], [0, 2, 4, 6, 7, 9, 11, 12, 14, 16, 17]]
[[3, 9, 12, 33, 28, 96], [0, 2, 4, 5, 6, 7, 9, 10, 11, 12, 14, 16, 17]]
[[3, 9, 12, 33, 23, 90], [0, 1, 4, 5, 6, 7, 10, 16, 18]]
[[3, 9, 12, 33, 23, 90], [0, 3, 4, 7, 8, 9, 14, 16, 18]]
[[3, 9, 12, 33, 23, 90], [0, 1, 2, 3, 4, 5, 7, 8, 10, 11, 13, 16, 18]]
[[3, 9, 12, 33, 23, 90], [0, 1, 2, 3, 4, 6, 7, 9, 11, 13, 14, 16, 18]]
[[3, 9, 12, 33, 23, 90], [0, 1, 4, 5, 6, 7, 10, 17, 18]]
[[3, 9, 12, 33, 23, 90], [0, 1, 2, 3, 4, 5, 6, 8, 9, 10, 14, 17, 18]]
[[3, 9, 12, 33, 23, 90], [0, 3, 4, 5, 6, 8, 10, 12, 13, 17, 18]]
[[3, 9, 12, 33, 23, 90], [0, 3, 4, 5, 6, 7, 9, 10, 12, 13, 14, 17, 18]]
[[3, 9, 12, 33, 23, 90], [0, 1, 2, 3, 4, 5, 6, 8, 9, 10, 14, 16, 17]]
[[3, 9, 12, 33, 23, 90], [0, 3, 4, 7, 8, 9, 14, 16, 17]]
[[3, 9, 12, 33, 23, 90], [0, 1, 4, 6, 8, 9, 11, 12, 14, 16, 17]]
[[3, 9, 12, 33, 23, 90], [0, 1, 4, 5, 7, 8, 9, 10, 11, 12, 14, 16, 17]]
[[3, 9, 12, 13, 53, 90], [0, 2, 4, 6, 7, 8, 9, 10, 12, 14, 15, 16]]
[[3, 9, 12, 13, 53, 90], [0, 2, 4, 6, 12, 16, 17, 18]]
[[3, 9, 12, 13, 53, 90], [0, 2, 4, 8, 12, 16, 17, 18]]
[[3, 9, 12, 13, 58, 84], [0, 1, 2, 3, 4, 5, 7, 9, 13, 14, 15, 18]]
[[3, 9, 12, 13, 28, 90], [0, 2, 4, 5, 11, 13, 15, 18]]
[[3, 9, 12, 13, 53, 84], [0, 3, 4, 9, 10, 11, 13, 14, 15, 18]]
[[3, 9, 12, 13, 43, 66], [0, 1, 2, 3, 4, 5, 9, 10, 14, 16]]
[[3, 9, 12, 13, 43, 66], [0, 1, 2, 3, 4, 5, 9, 10, 14, 18]]
[[3, 9, 12, 13, 38, 54], [0, 1, 4, 5, 7, 9, 10, 12, 14, 16, 17, 18]]
[[3, 9, 12, 13, 38, 54], [0, 3, 4, 5, 7, 9, 10, 12, 14, 16, 17, 18]]
[[3, 9, 12, 13, 58, 60], [0, 2, 3, 7, 8, 10, 14, 15, 16, 18]]
[[3, 9, 12, 13, 58, 60], [0, 1, 3, 5, 9, 12, 13, 15, 17, 18]]
[[3, 9, 12, 13, 53, 66], [0, 1, 2, 6, 9, 10, 11, 12, 13, 15, 16, 18]]
[[3, 9, 12, 13, 53, 66], [0, 1, 3, 5, 6, 7, 8, 11, 14, 15, 16, 17]]
[[3, 9, 12, 13, 13, 72], [1, 2, 4, 6, 9, 13, 14, 15]]
[[3, 9, 12, 13, 13, 72], [1, 3, 4, 5, 6, 9, 10, 11, 12, 13, 14, 15]]
[[3, 9, 12, 13, 13, 72], [4, 5, 6, 7, 8, 9, 10, 13, 14, 15, 16, 18]]
[[3, 9, 12, 13, 13, 72], [1, 2, 4, 5, 8, 10, 12, 15, 16, 18]]
[[3, 9, 12, 13, 13, 72], [4, 5, 6, 10, 13, 15, 17, 18]]
[[3, 9, 12, 13, 13, 72], [1, 3, 4, 7, 9, 11, 14, 15, 17, 18]]
[[3, 9, 12, 9, 33, 66], [0, 2, 4, 5, 6, 11, 15, 18]]
[[3, 9, 12, 9, 33, 42], [4, 5, 6, 7, 9, 10, 14, 15]]
[[3, 9, 12, 9, 33, 42], [1, 2, 4, 5, 6, 7, 9, 10, 14, 15]]
[[3, 9, 12, 9, 33, 42], [1, 3, 4, 5, 9, 10, 11, 13, 14, 15]]
[[3, 9, 12, 9, 33, 42], [4, 5, 9, 10, 12, 13, 14, 15]]
[[3, 9, 12, 9, 33, 42], [4, 5, 6, 8, 9, 10, 14, 15, 16, 18]]
[[3, 9, 12, 9, 33, 42], [4, 5, 9, 10, 12, 13, 14, 15, 17, 18]]
[[3, 9, 12, 29, 43, 54], [0, 3, 4, 5, 6, 9, 12, 14, 15, 16]]
[[3, 9, 12, 29, 18, 102], [0, 1, 2, 3, 4, 5, 7, 8, 11, 13, 15, 18]]
[[3, 9, 12, 29, 38, 60], [0, 3, 4, 5, 6, 8, 12, 13, 15, 18]]
[[3, 9, 12, 29, 48, 72], [0, 1, 2, 3, 4, 7, 8, 9, 10, 12, 13, 14, 15, 18]]
[[3, 9, 12, 29, 18, 72], [0, 1, 4, 6, 9, 10, 11, 12, 13, 14, 15, 18]]
[[3, 9, 12, 29, 33, 84], [0, 3, 4, 5, 6, 8, 9, 10, 14, 16]]
[[3, 9, 12, 29, 33, 84], [0, 1, 4, 5, 6, 8, 9, 10, 14, 18]]
[[3, 9, 12, 29, 33, 84], [0, 3, 4, 5, 6, 9, 10, 13, 14, 16, 17, 18]]
[[3, 9, 12, 29, 33, 84], [0, 1, 4, 5, 8, 9, 10, 11, 14, 16, 17, 18]]
[[3, 9, 12, 29, 33, 66], [0, 2, 4, 6, 7, 8, 9, 12, 14, 16]]
[[3, 9, 12, 29, 33, 66], [0, 2, 4, 5, 6, 7, 8, 10, 12, 18]]
[[3, 9, 12, 29, 48, 48], [0, 3, 4, 5, 8, 9, 10, 11, 12, 13, 14, 16]]
[[3, 9, 12, 29, 48, 48], [0, 1, 4, 5, 6, 9, 10, 11, 12, 13, 14, 18]]
[[3, 9, 12, 29, 48, 66], [0, 1, 2, 5, 9, 15, 16, 18]]
[[3, 9, 12, 29, 48, 66], [0, 1, 3, 10, 14, 15, 16, 17]]
[[3, 9, 12, 29, 38, 90], [0, 2, 3, 5, 7, 13, 14, 15, 16, 18]]
[[3, 9, 12, 29, 38, 90], [0, 1, 3, 8, 9, 10, 12, 15, 17, 18]]
[[3, 9, 12, 21, 43, 90], [0, 1, 4, 6, 7, 9, 10, 12, 13, 14, 15, 16]]
[[3, 9, 12, 21, 18, 72], [0, 1, 4, 9, 10, 11, 12, 14, 15, 16]]
[[3, 9, 12, 21, 23, 108], [0, 1, 4, 9, 10, 11, 13, 14, 15, 18]]
[[3, 9, 12, 21, 23, 108], [0, 2, 4, 8, 10, 11, 12, 13, 15, 18]]
[[3, 9, 12, 21, 38, 90], [0, 2, 4, 5, 6, 9, 11, 14, 15, 18]]
[[3, 9, 12, 21, 23, 84], [0, 2, 4, 5, 6, 7, 9, 12, 13, 14, 15, 18]]
[[3, 9, 12, 21, 23, 66], [0, 3, 4, 6, 9, 10, 11, 12, 13, 14, 15, 18]]
[[3, 9, 12, 21, 13, 96], [0, 1, 2, 3, 4, 7, 8, 9, 10, 11, 12, 14, 15, 18]]
[[3, 9, 12, 21, 8, 78], [0, 1, 2, 3, 4, 5, 6, 7, 9, 10, 11, 13, 14, 17]]
[[3, 9, 12, 21, 8, 78], [0, 1, 2, 3, 4, 5, 7, 8, 9, 10, 11, 13, 14, 17]]
[[3, 9, 12, 21, 18, 96], [0, 1, 2, 6, 9, 10, 12, 15, 17, 18]]
[[3, 9, 12, 21, 18, 96], [0, 2, 3, 5, 7, 11, 14, 15, 16, 17]]
[[3, 9, 12, 21, 43, 66], [1, 3, 4, 7, 9, 13, 14, 15]]
[[3, 9, 12, 21, 43, 66], [1, 2, 4, 5, 7, 9, 10, 11, 12, 13, 14, 15]]
[[3, 9, 12, 21, 43, 66], [4, 5, 6, 10, 12, 15, 16, 18]]
[[3, 9, 12, 21, 43, 66], [1, 2, 4, 6, 9, 11, 12, 13, 14, 15, 16, 18]]
[[3, 9, 12, 21, 43, 66], [1, 3, 4, 5, 6, 7, 8, 10, 13, 15, 17, 18]]
[[3, 9, 12, 21, 43, 66], [4, 5, 6, 7, 8, 9, 10, 12, 14, 15, 17, 18]]
[[3, 9, 12, 21, 18, 66], [1, 3, 4, 8, 9, 12, 14, 15]]
[[3, 9, 12, 21, 18, 66], [1, 2, 4, 5, 6, 7, 8, 9, 10, 12, 14, 15]]
[[3, 9, 12, 21, 18, 66], [4, 5, 7, 10, 11, 15, 16, 18]]
[[3, 9, 12, 21, 18, 66], [1, 2, 4, 6, 7, 8, 9, 11, 14, 15, 16, 18]]
[[3, 9, 12, 21, 18, 66], [1, 3, 4, 5, 8, 10, 11, 12, 13, 15, 17, 18]]
[[3, 9, 12, 21, 18, 66], [4, 5, 7, 9, 10, 11, 12, 13, 14, 15, 17, 18]]
[[3, 9, 12, 21, 23, 114], [1, 2, 4, 7, 8, 11, 13, 15, 16, 18]]
[[3, 9, 12, 21, 23, 114], [2, 3, 4, 5, 6, 7, 10, 12, 13, 15, 16, 18]]
[[3, 9, 12, 21, 23, 114], [2, 3, 4, 5, 6, 7, 10, 15, 17, 18]]
[[3, 9, 12, 21, 23, 114], [1, 3, 4, 6, 8, 11, 12, 15, 17, 18]]
[[3, 9, 12, 21, 23, 114], [1, 2, 4, 9, 12, 13, 14, 15, 16, 17]]
[[3, 9, 12, 21, 23, 114], [1, 3, 4, 6, 7, 9, 12, 13, 14, 15, 16, 17]]
[[3, 9, 12, 21, 33, 72], [0, 1, 2, 6, 8, 9, 10, 14, 15, 16, 18]]
[[3, 9, 12, 21, 33, 72], [0, 1, 2, 5, 9, 11, 13, 14, 15, 16, 18]]
[[3, 9, 12, 21, 33, 72], [0, 1, 2, 5, 7, 8, 9, 14, 15, 17, 18]]
[[3, 9, 12, 21, 33, 72], [0, 1, 2, 9, 10, 12, 13, 14, 15, 17, 18]]
[[3, 9, 12, 21, 33, 72], [0, 1, 3, 6, 8, 9, 10, 14, 15, 16, 17]]
[[3, 9, 12, 21, 33, 72], [0, 2, 3, 5, 7, 8, 9, 14, 15, 16, 17]]
[[3, 9, 12, 21, 33, 72], [0, 1, 3, 5, 9, 11, 13, 14, 15, 16, 17]]
[[3, 9, 12, 21, 33, 72], [0, 1, 2, 5, 6, 7, 9, 11, 13, 14, 15, 16, 17]]
[[3, 9, 12, 21, 33, 72], [0, 2, 3, 9, 10, 12, 13, 14, 15, 16, 17]]
[[3, 9, 12, 21, 33, 72], [0, 1, 2, 6, 7, 9, 10, 12, 13, 14, 15, 16, 17]]
[[3, 9, 12, 21, 33, 72], [0, 1, 2, 6, 8, 9, 10, 11, 12, 14, 15, 16, 17]]
[[3, 9, 12, 21, 33, 72], [0, 1, 2, 5, 7, 8, 9, 11, 12, 14, 15, 16, 17]]
[[3, 9, 12, 37, 23, 66], [0, 1, 2, 3, 4, 7, 9, 10, 11, 14, 15, 17]]
[[3, 9, 12, 37, 33, 60], [0, 3, 4, 7, 9, 11, 12, 13, 14, 16]]
[[3, 9, 12, 37, 33, 60], [0, 1, 4, 5, 7, 10, 11, 12, 13, 18]]
[[3, 9, 12, 37, 38, 66], [0, 2, 4, 7, 9, 11, 12, 13, 14, 16]]
[[3, 9, 12, 37, 38, 66], [0, 2, 4, 5, 7, 10, 11, 12, 13, 18]]
[[3, 9, 12, 37, 38, 66], [0, 3, 4, 5, 6, 7, 8, 10, 12, 16, 17, 18]]
[[3, 9, 12, 37, 38, 66], [0, 1, 4, 6, 7, 8, 9, 12, 14, 16, 17, 18]]
[[3, 9, 12, 37, 38, 48], [0, 1, 4, 5, 6, 9, 10, 13, 14, 16, 17, 18]]
[[3, 9, 12, 37, 38, 48], [0, 3, 4, 5, 8, 9, 10, 11, 14, 16, 17, 18]]
[[3, 9, 12, 37, 33, 66], [0, 1, 4, 5, 6, 10, 11, 12, 13, 16, 17, 18]]
[[3, 9, 12, 37, 33, 66], [0, 3, 4, 8, 9, 11, 12, 13, 14, 16, 17, 18]]
[[3, 9, 12, 37, 28, 72], [0, 1, 4, 5, 6, 7, 8, 9, 10, 11, 12, 13, 14, 16, 17, 18]]
[[3, 9, 12, 37, 28, 72], [0, 3, 4, 5, 6, 7, 8, 9, 10, 11, 12, 13, 14, 16, 17, 18]]
[[3, 9, 12, 45, 28, 60], [0, 1, 2, 3, 4, 5, 6, 7, 8, 9, 10, 13, 14, 16, 17, 18]]
[[3, 9, 12, 45, 28, 60], [0, 1, 2, 3, 4, 5, 6, 7, 8, 9, 10, 11, 14, 16, 17, 18]]
[[3, 9, 12, 45, 33, 54], [0, 3, 4, 5, 6, 7, 10, 12, 13, 16, 18]]
[[3, 9, 12, 45, 33, 54], [0, 1, 4, 6, 7, 9, 12, 13, 14, 16, 18]]
[[3, 9, 12, 45, 33, 54], [0, 3, 4, 5, 7, 8, 10, 11, 12, 16, 18]]
[[3, 9, 12, 45, 33, 54], [0, 1, 4, 7, 8, 9, 11, 12, 14, 16, 18]]
[[3, 9, 12, 45, 33, 54], [0, 1, 2, 3, 4, 5, 6, 7, 10, 11, 13, 17, 18]]
[[3, 9, 12, 45, 33, 54], [0, 1, 4, 5, 6, 7, 9, 10, 11, 13, 14, 17, 18]]
[[3, 9, 12, 45, 33, 54], [0, 1, 2, 3, 4, 5, 6, 8, 10, 11, 12, 17, 18]]
[[3, 9, 12, 45, 33, 54], [0, 1, 4, 5, 6, 8, 9, 10, 11, 12, 14, 17, 18]]
[[3, 9, 12, 45, 33, 54], [0, 1, 2, 3, 4, 7, 8, 9, 11, 13, 14, 16, 17]]
[[3, 9, 12, 45, 33, 54], [0, 3, 4, 5, 7, 8, 9, 10, 11, 13, 14, 16, 17]]
[[3, 9, 12, 45, 33, 54], [0, 1, 2, 3, 4, 6, 8, 9, 12, 13, 14, 16, 17]]
[[3, 9, 12, 45, 33, 54], [0, 3, 4, 5, 6, 8, 9, 10, 12, 13, 14, 16, 17]]
[[3, 9, 12, 41, 28, 66], [1, 2, 4, 6, 8, 12, 13, 15, 16, 18]]
[[3, 9, 12, 41, 28, 66], [2, 3, 4, 5, 7, 8, 10, 11, 12, 15, 16, 18]]
[[3, 9, 12, 41, 28, 66], [1, 3, 4, 6, 7, 11, 13, 15, 17, 18]]
[[3, 9, 12, 41, 28, 66], [2, 3, 4, 5, 10, 11, 12, 15, 17, 18]]
[[3, 9, 12, 41, 28, 66], [1, 2, 4, 7, 8, 9, 14, 15, 16, 17]]
[[3, 9, 12, 41, 28, 66], [1, 3, 4, 7, 8, 9, 11, 12, 14, 15, 16, 17]]
[[3, 9, 9, 33, 18, 69], [0, 1, 4, 5, 6, 9, 13, 14, 15, 16]]
[[3, 9, 9, 33, 33, 99], [0, 3, 4, 7, 8, 9, 10, 14, 15, 18]]
[[3, 9, 9, 33, 23, 87], [0, 3, 4, 8, 9, 10, 12, 14, 15, 18]]
[[3, 9, 9, 33, 23, 75], [0, 2, 4, 5, 6, 9, 10, 13, 14, 16]]
[[3, 9, 9, 33, 23, 75], [0, 2, 4, 5, 8, 9, 10, 11, 14, 18]]
[[3, 9, 9, 33, 28, 63], [0, 1, 4, 5, 6, 7, 10, 12, 13, 16, 17, 18]]
[[3, 9, 9, 33, 28, 63], [0, 3, 4, 7, 8, 9, 11, 12, 14, 16, 17, 18]]
[[3, 9, 9, 33, 33, 39], [0, 1, 2, 3, 4, 5, 6, 9, 10, 11, 12, 13, 14, 16, 17, 18]]
[[3, 9, 9, 33, 33, 39], [0, 1, 2, 3, 4, 5, 8, 9, 10, 11, 12, 13, 14, 16, 17, 18]]
[[3, 9, 9, 33, 33, 93], [0, 1, 2, 3, 4, 5, 7, 8, 10, 16, 18]]
[[3, 9, 9, 33, 33, 93], [0, 1, 2, 3, 4, 6, 7, 9, 14, 16, 18]]
[[3, 9, 9, 33, 33, 93], [0, 3, 4, 5, 6, 7, 10, 11, 13, 16, 18]]
[[3, 9, 9, 33, 33, 93], [0, 1, 4, 7, 8, 9, 11, 13, 14, 16, 18]]
[[3, 9, 9, 33, 33, 93], [0, 3, 4, 5, 6, 8, 10, 17, 18]]
[[3, 9, 9, 33, 33, 93], [0, 3, 4, 5, 6, 7, 9, 10, 14, 17, 18]]
[[3, 9, 9, 33, 33, 93], [0, 1, 2, 3, 4, 5, 6, 7, 10, 12, 13, 17, 18]]
[[3, 9, 9, 33, 33, 93], [0, 1, 4, 5, 6, 8, 9, 10, 12, 13, 14, 17, 18]]
[[3, 9, 9, 33, 33, 93], [0, 1, 4, 6, 8, 9, 14, 16, 17]]
[[3, 9, 9, 33, 33, 93], [0, 1, 4, 5, 7, 8, 9, 10, 14, 16, 17]]
[[3, 9, 9, 33, 33, 93], [0, 3, 4, 5, 6, 8, 9, 10, 11, 12, 14, 16, 17]]
[[3, 9, 9, 33, 33, 93], [0, 1, 2, 3, 4, 7, 8, 9, 11, 12, 14, 16, 17]]
[[3, 9, 9, 17, 28, 81], [0, 3, 4, 5, 8, 9, 13, 14, 15, 16]]
[[3, 9, 9, 17, 23, 99], [0, 2, 4, 5, 8, 9, 11, 14, 15, 16]]
[[3, 9, 9, 17, 43, 87], [0, 1, 4, 5, 6, 8, 11, 13, 15, 18]]
[[3, 9, 9, 17, 43, 87], [0, 2, 4, 5, 6, 7, 8, 9, 10, 11, 12, 13, 14, 16]]
[[3, 9, 9, 17, 43, 87], [0, 2, 4, 5, 6, 7, 8, 9, 10, 11, 12, 13, 14, 18]]
[[3, 9, 9, 17, 38, 45], [0, 2, 4, 6, 8, 9, 10, 11, 13, 14, 15, 18]]
[[3, 9, 9, 17, 23, 81], [0, 2, 4, 5, 7, 12, 15, 18]]
[[3, 9, 9, 17, 23, 81], [0, 2, 4, 7, 9, 12, 14, 16]]
[[3, 9, 9, 17, 23, 81], [0, 2, 4, 5, 7, 10, 12, 18]]
[[3, 9, 9, 17, 63, 87], [0, 2, 4, 5, 7, 8, 12, 13, 15, 18]]
[[3, 9, 9, 17, 33, 75], [0, 2, 4, 6, 10, 11, 12, 13, 15, 18]]
[[3, 9, 9, 17, 33, 69], [0, 2, 4, 8, 9, 10, 12, 14, 15, 16, 17, 18]]
[[3, 9, 9, 17, 18, 105], [0, 1, 2, 3, 4, 5, 6, 8, 9, 10, 12, 13, 14, 17]]
[[3, 9, 9, 17, 18, 105], [0, 1, 2, 3, 4, 5, 6, 8, 9, 10, 11, 12, 14, 17]]
[[3, 9, 9, 45, 38, 51], [0, 1, 4, 6, 8, 9, 10, 14, 15, 16]]
[[3, 9, 9, 45, 33, 57], [0, 3, 4, 6, 7, 8, 9, 13, 14, 16, 17, 18]]
[[3, 9, 9, 45, 33, 57], [0, 1, 4, 5, 6, 7, 8, 10, 11, 16, 17, 18]]
[[3, 9, 9, 13, 33, 69], [0, 1, 4, 6, 8, 9, 10, 11, 13, 14, 15, 18]]
[[3, 9, 9, 13, 33, 69], [0, 1, 2, 6, 9, 10, 12, 15, 16, 18]]
[[3, 9, 9, 13, 33, 69], [0, 1, 3, 5, 7, 11, 14, 15, 16, 17]]
[[3, 9, 9, 13, 43, 39], [0, 1, 4, 5, 9, 12, 13, 14, 15, 18]]
[[3, 9, 9, 13, 33, 81], [0, 3, 4, 5, 7, 8, 11, 12, 15, 18]]
[[3, 9, 9, 13, 43, 81], [0, 3, 4, 5, 9, 10, 12, 13, 14, 17]]
[[3, 9, 9, 13, 43, 81], [0, 1, 4, 5, 9, 10, 11, 12, 14, 17]]
[[3, 9, 9, 13, 43, 81], [0, 1, 2, 5, 6, 8, 9, 11, 13, 15, 17, 18]]
[[3, 9, 9, 13, 43, 81], [0, 2, 3, 6, 8, 10, 11, 13, 14, 15, 16, 17]]
[[3, 9, 9, 21, 28, 99], [0, 2, 4, 5, 7, 8, 9, 12, 13, 14, 15, 16]]
[[3, 9, 9, 21, 18, 99], [0, 3, 4, 6, 8, 9, 10, 11, 13, 14, 15, 18]]
[[3, 9, 9, 21, 18, 99], [0, 2, 4, 5, 7, 8, 11, 12, 15, 18]]
[[3, 9, 9, 21, 18, 63], [0, 1, 2, 3, 4, 5, 12, 13, 15, 18]]
[[3, 9, 9, 21, 33, 87], [0, 1, 4, 7, 10, 12, 15, 18]]
[[3, 9, 9, 21, 28, 39], [0, 1, 2, 3, 4, 7, 9, 10, 12, 14, 15, 18]]
[[3, 9, 9, 21, 13, 99], [0, 3, 4, 7, 8, 9, 10, 11, 12, 14, 15, 18]]
[[3, 9, 9, 21, 58, 63], [0, 2, 4, 6, 7, 9, 12, 13, 14, 16]]
[[3, 9, 9, 21, 58, 63], [0, 2, 4, 5, 7, 8, 10, 11, 12, 18]]
[[3, 9, 9, 21, 23, 93], [0, 1, 2, 3, 4, 6, 9, 11, 12, 13, 14, 16]]
[[3, 9, 9, 21, 23, 93], [0, 3, 4, 8, 9, 11, 12, 13, 14, 16]]
[[3, 9, 9, 21, 23, 93], [0, 1, 4, 5, 6, 10, 11, 12, 13, 18]]
[[3, 9, 9, 21, 23, 93], [0, 1, 2, 3, 4, 5, 8, 10, 11, 12, 13, 18]]
[[3, 9, 9, 21, 33, 75], [0, 1, 2, 3, 4, 5, 6, 7, 9, 10, 11, 12, 14, 16]]
[[3, 9, 9, 21, 33, 75], [0, 1, 2, 3, 4, 5, 7, 8, 9, 10, 12, 13, 14, 18]]
[[3, 9, 9, 21, 33, 75], [1, 3, 4, 5, 6, 10, 13, 15, 16, 18]]
[[3, 9, 9, 21, 33, 75], [1, 3, 4, 6, 9, 13, 14, 15, 16, 18]]
[[3, 9, 9, 21, 33, 75], [2, 3, 4, 5, 6, 7, 8, 10, 11, 15, 17, 18]]
[[3, 9, 9, 21, 33, 75], [2, 3, 4, 5, 6, 7, 8, 9, 10, 11, 14, 15, 17, 18]]
[[3, 9, 9, 21, 33, 75], [1, 2, 4, 8, 9, 11, 12, 13, 14, 15, 16, 17]]
[[3, 9, 9, 21, 33, 75], [1, 2, 4, 5, 8, 9, 10, 11, 12, 13, 14, 15, 16, 17]]
[[3, 9, 9, 21, 23, 99], [0, 1, 2, 3, 4, 5, 7, 8, 9, 10, 11, 12, 14, 16]]
[[3, 9, 9, 21, 23, 99], [0, 1, 2, 3, 4, 5, 6, 7, 9, 10, 12, 13, 14, 18]]
[[3, 9, 9, 21, 28, 63], [0, 3, 4, 6, 7, 16, 17, 18]]
[[3, 9, 9, 21, 28, 63], [0, 1, 4, 7, 8, 16, 17, 18]]
[[3, 9, 9, 21, 28, 63], [0, 3, 4, 5, 6, 7, 9, 10, 12, 13, 14, 17]]
[[3, 9, 9, 21, 28, 63], [0, 1, 4, 5, 7, 8, 9, 10, 11, 12, 14, 17]]
[[3, 9, 9, 21, 43, 99], [0, 3, 4, 12, 13, 16, 17, 18]]
[[3, 9, 9, 21, 43, 99], [0, 1, 4, 11, 12, 16, 17, 18]]
[[3, 9, 9, 21, 38, 111], [2, 3, 4, 5, 6, 7, 8, 10, 11, 12, 13, 15, 16, 18]]
[[3, 9, 9, 21, 38, 111], [2, 3, 4, 5, 6, 7, 8, 9, 10, 11, 12, 13, 14, 15, 16, 18]]
[[3, 9, 9, 21, 38, 111], [1, 2, 4, 5, 7, 10, 12, 15, 17, 18]]
[[3, 9, 9, 21, 38, 111], [1, 2, 4, 7, 9, 12, 14, 15, 17, 18]]
[[3, 9, 9, 21, 38, 111], [1, 3, 4, 6, 7, 8, 9, 11, 12, 13, 14, 15, 16, 17]]
[[3, 9, 9, 21, 38, 111], [1, 3, 4, 5, 6, 7, 8, 9, 10, 11, 12, 13, 14, 15, 16, 17]]
[[3, 9, 9, 29, 38, 51], [0, 1, 2, 3, 4, 7, 10, 11, 15, 18]]
[[3, 9, 9, 29, 43, 87], [0, 1, 2, 3, 4, 9, 10, 11, 13, 14, 15, 18]]
[[3, 9, 9, 29, 43, 51], [0, 1, 4, 5, 6, 7, 8, 9, 11, 14, 15, 18]]
[[3, 9, 9, 29, 13, 69], [0, 3, 4, 6, 10, 12, 15, 18]]
[[3, 9, 9, 29, 13, 69], [0, 2, 4, 6, 8, 16, 17, 18]]
[[3, 9, 9, 29, 13, 69], [4, 5, 7, 9, 10, 13, 14, 15]]
[[3, 9, 9, 29, 13, 69], [1, 2, 4, 6, 9, 12, 14, 15]]
[[3, 9, 9, 29, 13, 69], [4, 5, 6, 9, 10, 12, 14, 15]]
[[3, 9, 9, 29, 13, 69], [1, 3, 4, 7, 9, 11, 12, 13, 14, 15]]
[[3, 9, 9, 29, 13, 69], [4, 5, 6, 7, 8, 10, 12, 15, 16, 18]]
[[3, 9, 9, 29, 13, 69], [4, 5, 7, 10, 13, 15, 17, 18]]
[[3, 9, 9, 29, 13, 69], [0, 5, 7, 9, 11, 14, 15]]
[[3, 9, 9, 29, 13, 69], [0, 1, 2, 7, 9, 10, 11, 14, 15]]
[[3, 9, 9, 29, 13, 69], [0, 1, 2, 5, 6, 9, 12, 14, 15]]
[[3, 9, 9, 29, 13, 69], [0, 6, 9, 10, 12, 14, 15]]
[[3, 9, 9, 29, 13, 69], [0, 7, 9, 10, 11, 14, 15, 16, 17]]
[[3, 9, 9, 29, 13, 69], [0, 5, 6, 9, 12, 14, 15, 16, 17]]
[[3, 9, 9, 29, 33, 75], [0, 1, 2, 3, 4, 5, 7, 9, 12, 14, 15, 18]]
[[3, 9, 9, 29, 28, 57], [0, 1, 4, 5, 11, 12, 15, 18]]
[[3, 9, 9, 29, 33, 105], [0, 2, 4, 5, 9, 12, 13, 14, 15, 17]]
[[3, 9, 9, 29, 23, 63], [0, 1, 2, 3, 4, 8, 9, 11, 14, 16]]
[[3, 9, 9, 29, 23, 63], [0, 1, 2, 3, 4, 5, 6, 10, 13, 18]]
[[3, 9, 9, 29, 48, 57], [0, 3, 4, 7, 9, 12, 14, 16]]
[[3, 9, 9, 29, 48, 57], [0, 1, 4, 5, 7, 10, 12, 18]]
[[3, 9, 9, 29, 23, 57], [0, 1, 4, 5, 8, 9, 10, 13, 14, 16, 17, 18]]
[[3, 9, 9, 29, 23, 57], [0, 3, 4, 5, 6, 9, 10, 11, 14, 16, 17, 18]]
[[3, 9, 9, 29, 28, 75], [0, 1, 4, 5, 7, 10, 11, 12, 13, 16, 17, 18]]
[[3, 9, 9, 29, 28, 75], [0, 3, 4, 7, 9, 11, 12, 13, 14, 16, 17, 18]]
[[3, 9, 9, 29, 53, 69], [0, 1, 2, 3, 4, 5, 9, 10, 11, 13, 14, 17]]
[[3, 9, 9, 29, 13, 87], [1, 3, 4, 7, 8, 11, 12, 15, 16, 18]]
[[3, 9, 9, 29, 13, 87], [2, 3, 4, 5, 6, 7, 10, 11, 13, 15, 17, 18]]
[[3, 9, 9, 29, 13, 87], [1, 2, 4, 6, 8, 9, 12, 13, 14, 15, 16, 17]]
[[3, 9, 9, 29, 33, 87], [0, 3, 4, 5, 8, 9, 10, 13, 14, 16, 18]]
[[3, 9, 9, 29, 33, 87], [0, 1, 4, 5, 6, 9, 10, 11, 14, 16, 18]]
[[3, 9, 9, 29, 33, 87], [0, 1, 4, 5, 6, 9, 10, 11, 14, 17, 18]]
[[3, 9, 9, 29, 33, 87], [0, 1, 2, 3, 4, 5, 6, 7, 8, 9, 10, 11, 12, 13, 14, 17, 18]]
[[3, 9, 9, 29, 33, 87], [0, 3, 4, 5, 8, 9, 10, 13, 14, 16, 17]]
[[3, 9, 9, 29, 33, 87], [0, 1, 2, 3, 4, 5, 6, 7, 8, 9, 10, 11, 12, 13, 14, 16, 17]]
[[3, 9, 9, 29, 28, 111], [0, 2, 4, 5, 6, 8, 10, 12, 13, 16, 18]]
[[3, 9, 9, 29, 28, 111], [0, 1, 4, 9, 12, 13, 14, 16, 18]]
[[3, 9, 9, 29, 28, 111], [0, 3, 4, 5, 10, 11, 12, 16, 18]]
[[3, 9, 9, 29, 28, 111], [0, 2, 4, 6, 8, 9, 11, 12, 14, 16, 18]]
[[3, 9, 9, 29, 28, 111], [0, 2, 4, 5, 7, 8, 10, 11, 13, 17, 18]]
[[3, 9, 9, 29, 28, 111], [0, 1, 4, 5, 9, 10, 11, 13, 14, 17, 18]]
[[3, 9, 9, 29, 28, 111], [0, 1, 2, 3, 4, 5, 10, 11, 12, 17, 18]]
[[3, 9, 9, 29, 28, 111], [0, 2, 4, 5, 7, 8, 9, 10, 11, 12, 14, 17, 18]]
[[3, 9, 9, 29, 28, 111], [0, 3, 4, 5, 9, 10, 11, 13, 14, 16, 17]]
[[3, 9, 9, 29, 28, 111], [0, 2, 4, 6, 7, 9, 11, 13, 14, 16, 17]]
[[3, 9, 9, 29, 28, 111], [0, 1, 2, 3, 4, 9, 12, 13, 14, 16, 17]]
[[3, 9, 9, 29, 28, 111], [0, 2, 4, 5, 6, 7, 9, 10, 12, 13, 14, 16, 17]]
[[3, 9, 9, 29, 38, 105], [0, 1, 2, 3, 4, 5, 6, 9, 10, 12, 14, 16, 18]]
[[3, 9, 9, 29, 38, 105], [0, 1, 2, 3, 4, 5, 8, 9, 10, 12, 14, 16, 18]]
[[3, 9, 9, 29, 38, 105], [0, 3, 4, 5, 6, 9, 10, 11, 12, 13, 14, 16, 18]]
[[3, 9, 9, 29, 38, 105], [0, 1, 4, 5, 8, 9, 10, 11, 12, 13, 14, 16, 18]]
[[3, 9, 9, 29, 38, 105], [0, 1, 2, 3, 4, 5, 6, 9, 10, 13, 14, 17, 18]]
[[3, 9, 9, 29, 38, 105], [0, 1, 4, 5, 6, 7, 8, 9, 10, 13, 14, 17, 18]]
[[3, 9, 9, 29, 38, 105], [0, 3, 4, 5, 6, 9, 10, 12, 14, 17, 18]]
[[3, 9, 9, 29, 38, 105], [0, 3, 4, 5, 6, 7, 8, 9, 10, 12, 14, 17, 18]]
[[3, 9, 9, 29, 38, 105], [0, 1, 2, 3, 4, 5, 8, 9, 10, 11, 14, 16, 17]]
[[3, 9, 9, 29, 38, 105], [0, 3, 4, 5, 6, 7, 8, 9, 10, 11, 14, 16, 17]]
[[3, 9, 9, 29, 38, 105], [0, 1, 4, 5, 8, 9, 10, 12, 14, 16, 17]]
[[3, 9, 9, 29, 38, 105], [0, 1, 4, 5, 6, 7, 8, 9, 10, 12, 14, 16, 17]]
[[3, 9, 9, 9, 13, 69], [0, 2, 4, 6, 10, 12, 15, 18]]
[[3, 9, 9, 9, 78, 87], [0, 1, 2, 5, 6, 7, 8, 9, 13, 14, 15, 16, 17]]
[[3, 9, 9, 9, 78, 87], [0, 1, 2, 6, 7, 8, 9, 10, 13, 14, 15, 16, 17]]
[[3, 9, 9, 9, 78, 87], [0, 1, 2, 5, 8, 9, 11, 12, 13, 14, 15, 16, 17]]
[[3, 9, 9, 9, 78, 87], [0, 1, 2, 8, 9, 10, 11, 12, 13, 14, 15, 16, 17]]
[[3, 9, 9, 9, 3, 51], [0, 1, 2, 7, 9, 10, 11, 14, 15, 16, 17]]
[[3, 9, 9, 9, 3, 51], [0, 1, 2, 5, 6, 9, 12, 14, 15, 16, 17]]
[[3, 9, 9, 25, 18, 75], [0, 3, 4, 6, 7, 9, 10, 11, 12, 14, 15, 16]]
[[3, 9, 9, 25, 33, 87], [0, 3, 4, 5, 7, 9, 13, 14, 15, 18]]
[[3, 9, 9, 25, 23, 93], [0, 1, 2, 3, 4, 5, 6, 7, 8, 9, 11, 14, 15, 18]]
[[3, 9, 9, 25, 18, 111], [0, 1, 4, 5, 7, 9, 12, 14, 15, 18]]
[[3, 9, 9, 25, 18, 99], [0, 3, 4, 5, 6, 7, 8, 9, 10, 13, 14, 16]]
[[3, 9, 9, 25, 18, 99], [0, 1, 4, 5, 6, 7, 8, 9, 10, 11, 14, 18]]
[[3, 9, 9, 25, 43, 51], [0, 1, 4, 5, 6, 9, 10, 12, 14, 16]]
[[3, 9, 9, 25, 43, 51], [0, 3, 4, 5, 8, 9, 10, 12, 14, 18]]
[[3, 9, 9, 25, 8, 87], [0, 1, 4, 5, 8, 9, 10, 12, 14, 16]]
[[3, 9, 9, 25, 8, 87], [0, 3, 4, 5, 6, 9, 10, 12, 14, 18]]
[[3, 9, 9, 25, 18, 63], [0, 1, 2, 3, 4, 5, 6, 7, 8, 9, 10, 12, 14, 16]]
[[3, 9, 9, 25, 18, 63], [0, 1, 2, 3, 4, 5, 6, 7, 8, 9, 10, 12, 14, 18]]
[[3, 9, 9, 25, 33, 63], [0, 1, 2, 3, 4, 5, 7, 9, 10, 11, 12, 13, 14, 16]]
[[3, 9, 9, 25, 33, 63], [0, 1, 2, 3, 4, 5, 7, 9, 10, 11, 12, 13, 14, 18]]
[[3, 9, 9, 25, 53, 87], [0, 2, 4, 8, 9, 11, 12, 13, 14, 16]]
[[3, 9, 9, 25, 53, 87], [0, 2, 4, 5, 6, 10, 11, 12, 13, 18]]
[[3, 9, 9, 25, 43, 75], [0, 1, 2, 3, 4, 11, 13, 16, 17, 18]]
[[3, 9, 9, 25, 43, 75], [0, 1, 2, 3, 4, 5, 7, 10, 12, 16, 17, 18]]
[[3, 9, 9, 25, 43, 75], [0, 1, 2, 3, 4, 7, 9, 12, 14, 16, 17, 18]]
[[3, 9, 9, 25, 28, 75], [0, 1, 4, 5, 6, 7, 8, 10, 12, 16, 17, 18]]
[[3, 9, 9, 25, 28, 75], [0, 1, 2, 3, 4, 6, 8, 9, 12, 13, 14, 16, 17, 18]]
[[3, 9, 9, 25, 28, 75], [0, 3, 4, 6, 7, 8, 9, 12, 14, 16, 17, 18]]
[[3, 9, 9, 25, 28, 75], [0, 1, 2, 3, 4, 5, 6, 8, 10, 11, 12, 16, 17, 18]]
[[3, 9, 9, 25, 18, 81], [0, 1, 4, 5, 7, 8, 9, 10, 12, 13, 14, 17]]
[[3, 9, 9, 25, 18, 81], [0, 3, 4, 5, 6, 7, 9, 10, 11, 12, 14, 17]]
[[3, 9, 9, 25, 43, 87], [0, 1, 2, 3, 4, 5, 6, 9, 10, 11, 12, 13, 14, 17]]
[[3, 9, 9, 25, 43, 87], [0, 1, 2, 3, 4, 5, 8, 9, 10, 11, 12, 13, 14, 17]]
[[3, 9, 9, 25, 13, 57], [1, 2, 4, 9, 14, 15]]
[[3, 9, 9, 25, 13, 57], [1, 3, 4, 6, 8, 11, 13, 15, 16, 18]]
[[3, 9, 9, 25, 13, 57], [4, 5, 10, 15, 17, 18]]
[[3, 9, 9, 25, 23, 123], [4, 5, 6, 8, 9, 10, 11, 13, 14, 15]]
[[3, 9, 9, 25, 23, 123], [4, 5, 7, 8, 9, 10, 12, 13, 14, 15]]
[[3, 9, 9, 25, 23, 123], [4, 5, 6, 7, 9, 10, 11, 12, 14, 15]]
[[3, 9, 9, 25, 23, 75], [0, 1, 2, 3, 4, 5, 6, 7, 8, 9, 10, 12, 14, 16, 18]]
[[3, 9, 9, 25, 23, 75], [0, 1, 2, 3, 4, 5, 7, 9, 10, 11, 12, 13, 14, 16, 18]]
[[3, 9, 9, 25, 23, 75], [0, 3, 4, 5, 7, 9, 10, 13, 14, 17, 18]]
[[3, 9, 9, 25, 23, 75], [0, 3, 4, 5, 8, 9, 10, 12, 14, 17, 18]]
[[3, 9, 9, 25, 23, 75], [0, 1, 4, 5, 7, 9, 10, 11, 14, 16, 17]]
[[3, 9, 9, 25, 23, 75], [0, 1, 4, 5, 6, 9, 10, 12, 14, 16, 17]]
[[3, 9, 9, 25, 53, 105], [0, 1, 2, 5, 9, 14, 15]]
[[3, 9, 9, 25, 53, 105], [0, 1, 2, 9, 10, 14, 15]]
[[3, 9, 9, 25, 53, 105], [0, 5, 9, 14, 15, 16, 17]]
[[3, 9, 9, 25, 53, 105], [0, 9, 10, 14, 15, 16, 17]]
[[3, 9, 9, 25, 53, 105], [0, 1, 2, 5, 6, 7, 9, 11, 12, 14, 15, 16, 17]]
[[3, 9, 9, 25, 53, 105], [0, 1, 2, 6, 7, 9, 10, 11, 12, 14, 15, 16, 17]]
[[3, 9, 9, 41, 28, 51], [0, 1, 4, 6, 9, 11, 12, 13, 14, 16]]
[[3, 9, 9, 41, 28, 51], [0, 3, 4, 5, 8, 10, 11, 12, 13, 18]]
[[3, 9, 9, 41, 23, 51], [0, 1, 2, 5, 7, 8, 9, 11, 13, 14, 15]]
[[3, 9, 9, 41, 23, 51], [0, 7, 8, 9, 10, 11, 13, 14, 15]]
[[3, 9, 9, 41, 23, 51], [0, 5, 6, 8, 9, 12, 13, 14, 15]]
[[3, 9, 9, 41, 23, 51], [0, 1, 2, 6, 8, 9, 10, 12, 13, 14, 15]]
[[3, 9, 9, 41, 23, 51], [0, 5, 7, 8, 9, 11, 13, 14, 15, 16, 17]]
[[3, 9, 9, 41, 23, 51], [0, 6, 8, 9, 10, 12, 13, 14, 15, 16, 17]]
[[3, 9, 18, 13, 23, 66], [0, 2, 4, 5, 6, 7, 8, 12, 15, 18]]
[[3, 9, 18, 13, 28, 66], [0, 1, 2, 5, 6, 8, 9, 12, 13, 15, 16, 18]]
[[3, 9, 18, 13, 28, 66], [0, 1, 3, 7, 8, 10, 11, 13, 14, 15, 16, 17]]
[[3, 9, 18, 17, 43, 54], [0, 1, 3, 5, 7, 12, 14, 15]]
[[3, 9, 18, 17, 43, 54], [0, 7, 9, 10, 12, 15, 16, 18]]
[[3, 9, 18, 17, 43, 72], [0, 2, 3, 5, 6, 7, 8, 12, 14, 15, 16, 18]]
[[3, 9, 18, 17, 43, 72], [0, 1, 3, 7, 9, 10, 11, 12, 13, 15, 17, 18]]
[[3, 9, 18, 17, 28, 84], [1, 3, 4, 5, 7, 8, 9, 10, 14, 15, 16, 18]]
[[3, 9, 18, 17, 28, 84], [1, 2, 4, 5, 6, 7, 9, 10, 12, 13, 14, 15, 16, 18]]
[[3, 9, 18, 17, 28, 84], [1, 3, 4, 5, 9, 10, 11, 12, 14, 15, 16, 18]]
[[3, 9, 18, 17, 28, 84], [1, 2, 4, 5, 7, 8, 9, 10, 11, 13, 14, 15, 17, 18]]
[[3, 9, 18, 17, 28, 84], [1, 3, 4, 5, 6, 7, 9, 10, 12, 13, 14, 15, 17, 18]]
[[3, 9, 18, 17, 28, 84], [1, 2, 4, 5, 6, 8, 9, 10, 11, 12, 14, 15, 17, 18]]
[[3, 9, 18, 25, 28, 90], [0, 1, 4, 5, 6, 9, 11, 14, 15, 18]]
[[3, 9, 18, 25, 23, 102], [0, 2, 4, 7, 10, 12, 15, 18]]
[[3, 9, 18, 25, 23, 72], [0, 1, 2, 3, 4, 6, 7, 8, 9, 10, 12, 14, 15, 18]]
[[3, 9, 18, 25, 28, 96], [0, 2, 4, 5, 6, 8, 11, 12, 15, 18]]
[[3, 9, 18, 25, 23, 90], [0, 1, 3, 6, 8, 10, 14, 15]]
[[3, 9, 18, 25, 23, 90], [0, 5, 9, 11, 13, 15, 16, 18]]
[[3, 9, 18, 25, 13, 90], [0, 1, 3, 6, 7, 10, 11, 12, 14, 15]]
[[3, 9, 18, 25, 13, 90], [0, 5, 6, 7, 9, 11, 12, 15, 16, 18]]
[[3, 9, 18, 25, 38, 84], [0, 1, 2, 7, 9, 10, 13, 15, 16, 18]]
[[3, 9, 18, 25, 38, 84], [0, 1, 3, 5, 8, 12, 14, 15, 16, 17]]
[[3, 9, 18, 21, 33, 84], [0, 2, 4, 5, 6, 13, 15, 18]]
[[3, 9, 18, 21, 28, 78], [0, 3, 4, 7, 10, 11, 12, 13, 15, 18]]
[[3, 9, 18, 21, 38, 84], [0, 1, 4, 5, 7, 9, 10, 11, 14, 16]]
[[3, 9, 18, 21, 38, 84], [0, 3, 4, 5, 7, 9, 10, 13, 14, 18]]
[[3, 9, 18, 21, 23, 84], [0, 1, 2, 3, 4, 5, 6, 7, 8, 9, 10, 13, 14, 17]]
[[3, 9, 18, 21, 23, 84], [0, 1, 2, 3, 4, 5, 6, 7, 8, 9, 10, 11, 14, 17]]
[[3, 9, 18, 21, 23, 84], [0, 2, 3, 5, 6, 11, 12, 13, 14, 15, 16, 18]]
[[3, 9, 18, 21, 23, 84], [0, 1, 3, 6, 7, 8, 9, 10, 11, 15, 17, 18]]
[[3, 9, 18, 21, 28, 96], [0, 1, 2, 9, 10, 11, 13, 15, 16, 18]]
[[3, 9, 18, 21, 28, 96], [0, 1, 3, 5, 6, 8, 14, 15, 16, 17]]
[[3, 9, 18, 21, 38, 72], [0, 1, 2, 5, 6, 8, 9, 11, 13, 15, 16, 18]]
[[3, 9, 18, 21, 38, 72], [0, 1, 3, 6, 8, 10, 11, 13, 14, 15, 16, 17]]
[[3, 9, 18, 21, 23, 72], [0, 1, 2, 6, 9, 10, 11, 15, 17, 18]]
[[3, 9, 18, 21, 23, 72], [0, 2, 3, 5, 6, 11, 14, 15, 16, 17]]
[[3, 9, 18, 21, 38, 78], [0, 1, 2, 5, 6, 8, 9, 11, 12, 15, 17, 18]]
[[3, 9, 18, 21, 38, 78], [0, 2, 3, 6, 7, 10, 11, 13, 14, 15, 16, 17]]
[[3, 9, 18, 21, 28, 72], [0, 1, 2, 5, 6, 7, 8, 9, 12, 14, 15, 16, 18]]
[[3, 9, 18, 21, 28, 72], [0, 1, 2, 7, 9, 10, 11, 12, 13, 14, 15, 16, 18]]
[[3, 9, 18, 21, 28, 72], [0, 1, 2, 7, 9, 10, 13, 14, 15, 17, 18]]
[[3, 9, 18, 21, 28, 72], [0, 1, 2, 5, 8, 9, 12, 14, 15, 17, 18]]
[[3, 9, 18, 21, 28, 72], [0, 1, 2, 5, 6, 9, 13, 14, 15, 16, 17]]
[[3, 9, 18, 21, 28, 72], [0, 2, 3, 7, 9, 10, 13, 14, 15, 16, 17]]
[[3, 9, 18, 21, 28, 72], [0, 1, 2, 8, 9, 10, 11, 14, 15, 16, 17]]
[[3, 9, 18, 21, 28, 72], [0, 1, 2, 6, 7, 8, 9, 10, 11, 14, 15, 16, 17]]
[[3, 9, 18, 21, 28, 72], [0, 2, 3, 5, 8, 9, 12, 14, 15, 16, 17]]
[[3, 9, 18, 21, 28, 72], [0, 1, 3, 5, 6, 7, 8, 9, 12, 14, 15, 16, 17]]
[[3, 9, 18, 21, 28, 72], [0, 1, 2, 5, 6, 9, 11, 12, 13, 14, 15, 16, 17]]
[[3, 9, 18, 21, 28, 72], [0, 1, 3, 7, 9, 10, 11, 12, 13, 14, 15, 16, 17]]
[[3, 9, 18, 21, 18, 96], [0, 1, 2, 5, 6, 7, 9, 14, 15, 16, 17]]
[[3, 9, 18, 21, 18, 96], [0, 1, 2, 6, 7, 9, 10, 14, 15, 16, 17]]
[[3, 9, 18, 21, 18, 96], [0, 1, 2, 5, 9, 11, 12, 14, 15, 16, 17]]
[[3, 9, 18, 21, 18, 96], [0, 1, 2, 9, 10, 11, 12, 14, 15, 16, 17]]
[[3, 9, 18, 29, 23, 78], [0, 3, 4, 5, 7, 11, 15, 18]]
[[3, 9, 18, 29, 43, 54], [0, 1, 4, 6, 7, 9, 10, 11, 13, 14, 15, 18]]
[[3, 9, 18, 29, 13, 102], [0, 1, 2, 3, 4, 5, 7, 8, 9, 12, 13, 14, 15, 18]]
[[3, 9, 18, 29, 23, 90], [0, 1, 2, 3, 4, 7, 9, 13, 14, 16, 17, 18]]
[[3, 9, 18, 29, 23, 90], [0, 1, 2, 3, 4, 5, 7, 10, 11, 16, 17, 18]]
[[3, 9, 18, 29, 18, 114], [0, 1, 4, 5, 6, 8, 9, 10, 11, 13, 14, 17]]
[[3, 9, 18, 29, 18, 114], [0, 3, 4, 5, 6, 8, 9, 10, 11, 13, 14, 17]]
[[3, 9, 18, 29, 33, 78], [0, 1, 2, 5, 6, 9, 13, 14, 15, 16, 18]]
[[3, 9, 18, 29, 33, 78], [0, 1, 2, 8, 9, 10, 11, 14, 15, 16, 18]]
[[3, 9, 18, 29, 33, 78], [0, 1, 2, 6, 7, 8, 9, 10, 11, 14, 15, 17, 18]]
[[3, 9, 18, 29, 33, 78], [0, 1, 2, 5, 6, 9, 11, 12, 13, 14, 15, 17, 18]]
[[3, 9, 18, 29, 33, 78], [0, 1, 3, 5, 6, 9, 13, 14, 15, 16, 17]]
[[3, 9, 18, 29, 33, 78], [0, 1, 2, 7, 9, 10, 13, 14, 15, 16, 17]]
[[3, 9, 18, 29, 33, 78], [0, 1, 3, 8, 9, 10, 11, 14, 15, 16, 17]]
[[3, 9, 18, 29, 33, 78], [0, 2, 3, 6, 7, 8, 9, 10, 11, 14, 15, 16, 17]]
[[3, 9, 18, 29, 33, 78], [0, 1, 2, 5, 8, 9, 12, 14, 15, 16, 17]]
[[3, 9, 18, 29, 33, 78], [0, 1, 2, 5, 6, 7, 8, 9, 12, 14, 15, 16, 17]]
[[3, 9, 18, 29, 33, 78], [0, 2, 3, 5, 6, 9, 11, 12, 13, 14, 15, 16, 17]]
[[3, 9, 18, 29, 33, 78], [0, 1, 2, 7, 9, 10, 11, 12, 13, 14, 15, 16, 17]]
[[3, 9, 24, 21, 13, 72], [0, 2, 4, 5, 6, 7, 9, 12, 13, 14, 15, 16]]
[[3, 9, 24, 25, 33, 48], [0, 1, 2, 3, 4, 6, 9, 10, 13, 14, 15, 18]]
[[3, 9, 24, 25, 23, 72], [0, 1, 2, 5, 8, 9, 11, 15, 16, 18]]
[[3, 9, 24, 25, 23, 72], [0, 1, 3, 6, 10, 13, 14, 15, 16, 17]]
[[3, 9, 24, 25, 18, 78], [0, 2, 3, 6, 7, 8, 9, 10, 11, 15, 16, 18]]
[[3, 9, 24, 25, 18, 78], [0, 1, 3, 5, 6, 11, 12, 13, 14, 15, 17, 18]]
[[3, 9, 24, 29, 13, 84], [0, 1, 4, 5, 7, 9, 13, 14, 15, 18]]
[[3, 9, 21, 25, 3, 99], [0, 2, 4, 6, 8, 10, 11, 13, 15, 18]]
[[3, 9, 21, 25, 33, 75], [0, 2, 4, 5, 8, 9, 11, 14, 15, 18]]
[[3, 9, 21, 25, 23, 81], [0, 3, 4, 5, 6, 9, 10, 11, 12, 13, 14, 16]]
[[3, 9, 21, 25, 23, 81], [0, 1, 4, 5, 8, 9, 10, 11, 12, 13, 14, 18]]
[[3, 9, 21, 25, 23, 87], [0, 1, 2, 7, 9, 10, 13, 15, 17, 18]]
[[3, 9, 21, 25, 23, 87], [0, 2, 3, 5, 8, 12, 14, 15, 16, 17]]
[[3, 9, 21, 25, 13, 105], [1, 2, 4, 5, 9, 10, 14, 15]]
[[3, 9, 21, 25, 13, 105], [1, 3, 4, 5, 6, 8, 9, 10, 11, 13, 14, 15, 16, 18]]
[[3, 9, 21, 25, 13, 105], [4, 5, 9, 10, 14, 15, 17, 18]]
[[3, 9, 21, 25, 23, 69], [1, 3, 4, 5, 7, 10, 13, 15, 16, 18]]
[[3, 9, 21, 25, 23, 69], [1, 2, 4, 8, 9, 11, 14, 15, 16, 18]]
[[3, 9, 21, 25, 23, 69], [1, 3, 4, 6, 9, 12, 14, 15, 16, 18]]
[[3, 9, 21, 25, 23, 69], [1, 2, 4, 5, 6, 7, 8, 9, 10, 13, 14, 15, 17, 18]]
[[3, 9, 21, 25, 23, 69], [1, 3, 4, 5, 8, 10, 11, 15, 17, 18]]
[[3, 9, 21, 25, 23, 69], [1, 2, 4, 5, 6, 9, 10, 11, 12, 13, 14, 15, 17, 18]]
[[3, 9, 21, 25, 28, 81], [1, 3, 4, 5, 6, 7, 8, 10, 13, 15, 16, 18]]
[[3, 9, 21, 25, 28, 81], [1, 3, 4, 6, 9, 11, 12, 13, 14, 15, 16, 18]]
[[3, 9, 21, 25, 28, 81], [1, 2, 4, 5, 7, 9, 10, 11, 12, 13, 14, 15, 16, 18]]
[[3, 9, 21, 25, 28, 81], [1, 2, 4, 5, 7, 10, 11, 15, 17, 18]]
[[3, 9, 21, 25, 28, 81], [1, 2, 4, 8, 9, 12, 14, 15, 17, 18]]
[[3, 9, 21, 25, 28, 81], [1, 3, 4, 5, 6, 7, 8, 9, 10, 12, 14, 15, 17, 18]]
[[3, 9, 21, 25, 28, 63], [0, 1, 2, 6, 7, 8, 9, 10, 13, 14, 15, 16, 18]]
[[3, 9, 21, 25, 28, 63], [0, 1, 3, 5, 7, 9, 11, 14, 15, 16, 18]]
[[3, 9, 21, 25, 28, 63], [0, 1, 3, 6, 9, 10, 12, 14, 15, 16, 18]]
[[3, 9, 21, 25, 28, 63], [0, 1, 2, 5, 8, 9, 11, 12, 13, 14, 15, 16, 18]]
[[3, 9, 21, 25, 28, 63], [0, 1, 2, 5, 6, 7, 8, 9, 13, 14, 15, 17, 18]]
[[3, 9, 21, 25, 28, 63], [0, 2, 3, 5, 7, 9, 11, 14, 15, 17, 18]]
[[3, 9, 21, 25, 28, 63], [0, 2, 3, 6, 9, 10, 12, 14, 15, 17, 18]]
[[3, 9, 21, 25, 28, 63], [0, 1, 2, 8, 9, 10, 11, 12, 13, 14, 15, 17, 18]]
[[3, 9, 21, 25, 28, 63], [0, 2, 3, 5, 6, 7, 8, 9, 13, 14, 15, 16, 17]]
[[3, 9, 21, 25, 28, 63], [0, 1, 3, 6, 7, 8, 9, 10, 13, 14, 15, 16, 17]]
[[3, 9, 21, 25, 28, 63], [0, 1, 3, 5, 8, 9, 11, 12, 13, 14, 15, 16, 17]]
[[3, 9, 21, 25, 28, 63], [0, 2, 3, 8, 9, 10, 11, 12, 13, 14, 15, 16, 17]]
[[3, 9, 21, 17, 28, 69], [0, 2, 4, 5, 7, 8, 11, 13, 15, 18]]
[[3, 9, 21, 17, 18, 75], [0, 2, 3, 5, 7, 8, 9, 11, 12, 15, 16, 18]]
[[3, 9, 21, 17, 18, 75], [0, 1, 3, 6, 7, 10, 12, 13, 14, 15, 17, 18]]
[[3, 9, 21, 21, 18, 75], [0, 1, 2, 3, 4, 6, 8, 9, 10, 11, 13, 14, 15, 18]]
[[3, 9, 21, 21, 13, 93], [0, 2, 3, 5, 6, 7, 9, 11, 13, 15, 16, 18]]
[[3, 9, 21, 21, 13, 93], [0, 1, 3, 6, 8, 10, 11, 12, 14, 15, 17, 18]]
[[3, 9, 21, 21, 13, 93], [2, 3, 4, 5, 6, 10, 11, 15, 16, 18]]
[[3, 9, 21, 21, 13, 93], [2, 3, 4, 5, 6, 9, 10, 11, 14, 15, 16, 18]]
[[3, 9, 21, 21, 13, 93], [1, 2, 4, 5, 6, 7, 8, 10, 11, 12, 13, 15, 17, 18]]
[[3, 9, 21, 21, 13, 93], [1, 2, 4, 6, 7, 8, 9, 11, 12, 13, 14, 15, 17, 18]]
[[3, 9, 21, 21, 13, 93], [1, 3, 4, 8, 9, 13, 14, 15, 16, 17]]
[[3, 9, 21, 21, 13, 93], [1, 3, 4, 5, 8, 9, 10, 13, 14, 15, 16, 17]]
[[3, 9, 21, 21, 38, 51], [0, 1, 2, 5, 6, 7, 9, 14, 15, 16, 18]]
[[3, 9, 21, 21, 38, 51], [0, 1, 3, 7, 8, 9, 10, 11, 13, 14, 15, 16, 18]]
[[3, 9, 21, 21, 38, 51], [0, 1, 3, 5, 6, 8, 9, 12, 13, 14, 15, 16, 18]]
[[3, 9, 21, 21, 38, 51], [0, 1, 2, 9, 10, 11, 12, 14, 15, 16, 18]]
[[3, 9, 21, 21, 38, 51], [0, 1, 2, 6, 7, 9, 10, 14, 15, 17, 18]]
[[3, 9, 21, 21, 38, 51], [0, 2, 3, 7, 8, 9, 10, 11, 13, 14, 15, 17, 18]]
[[3, 9, 21, 21, 38, 51], [0, 2, 3, 5, 6, 8, 9, 12, 13, 14, 15, 17, 18]]
[[3, 9, 21, 21, 38, 51], [0, 1, 2, 5, 9, 11, 12, 14, 15, 17, 18]]
[[3, 9, 21, 21, 38, 51], [0, 1, 3, 5, 6, 7, 9, 14, 15, 16, 17]]
[[3, 9, 21, 21, 38, 51], [0, 2, 3, 6, 7, 9, 10, 14, 15, 16, 17]]
[[3, 9, 21, 21, 38, 51], [0, 2, 3, 5, 9, 11, 12, 14, 15, 16, 17]]
[[3, 9, 21, 21, 38, 51], [0, 1, 3, 9, 10, 11, 12, 14, 15, 16, 17]]
[[3, 9, 21, 29, 18, 81], [0, 2, 3, 6, 8, 10, 11, 12, 14, 15, 16, 18]]
[[3, 9, 21, 29, 18, 81], [0, 1, 3, 5, 6, 7, 9, 11, 13, 15, 17, 18]]
