[[3, 3, 27, 11, 43, 69], [0, 2, 3, 5, 9, 11, 12, 14, 15]]
[[3, 3, 27, 11, 43, 69], [0, 1, 3, 9, 10, 11, 12, 14, 15]]
[[3, 3, 27, 11, 43, 69], [0, 5, 6, 7, 9, 14, 15, 16, 18]]
[[3, 3, 27, 11, 43, 69], [0, 2, 3, 7, 8, 9, 10, 11, 13, 14, 15, 16, 18]]
[[3, 3, 27, 11, 43, 69], [0, 6, 7, 9, 10, 14, 15, 17, 18]]
[[3, 3, 27, 11, 43, 69], [0, 1, 3, 5, 6, 8, 9, 12, 13, 14, 15, 17, 18]]
[[3, 3, 27, 11, 48, 87], [0, 1, 3, 5, 6, 7, 9, 12, 13, 14, 15, 16, 18]]
[[3, 3, 27, 11, 48, 87], [0, 1, 3, 7, 8, 9, 10, 11, 12, 14, 15, 16, 18]]
[[3, 3, 27, 11, 48, 87], [0, 2, 3, 6, 7, 9, 10, 11, 13, 14, 15, 17, 18]]
[[3, 3, 27, 11, 48, 87], [0, 2, 3, 5, 6, 8, 9, 11, 12, 14, 15, 17, 18]]
[[3, 7, 15, 23, 28, 97], [0, 3, 4, 5, 7, 9, 13, 14, 15, 16]]
[[3, 7, 15, 23, 28, 97], [0, 1, 2, 5, 6, 8, 9, 11, 12, 14, 15]]
[[3, 7, 15, 23, 28, 97], [0, 1, 3, 6, 8, 9, 10, 11, 12, 14, 15]]
[[3, 7, 15, 23, 28, 97], [0, 2, 3, 5, 7, 8, 9, 11, 12, 14, 15]]
[[3, 7, 15, 23, 28, 97], [0, 1, 2, 7, 8, 9, 10, 11, 12, 14, 15]]
[[3, 7, 15, 23, 28, 97], [0, 1, 2, 7, 8, 9, 10, 14, 15, 16, 18]]
[[3, 7, 15, 23, 28, 97], [0, 5, 6, 7, 9, 11, 13, 14, 15, 16, 18]]
[[3, 7, 15, 23, 28, 97], [0, 1, 2, 5, 6, 8, 9, 14, 15, 17, 18]]
[[3, 7, 15, 23, 28, 97], [0, 6, 7, 9, 10, 12, 13, 14, 15, 17, 18]]
[[3, 7, 15, 23, 28, 97], [0, 2, 3, 9, 10, 11, 13, 14, 15, 16, 17]]
[[3, 7, 15, 23, 28, 97], [0, 6, 7, 9, 10, 11, 13, 14, 15, 16, 17]]
[[3, 7, 15, 23, 28, 97], [0, 1, 3, 5, 9, 12, 13, 14, 15, 16, 17]]
[[3, 7, 15, 23, 28, 97], [0, 5, 6, 7, 9, 12, 13, 14, 15, 16, 17]]
[[3, 7, 15, 23, 33, 97], [0, 1, 2, 3, 4, 5, 9, 11, 13, 14, 15, 16]]
[[3, 7, 15, 23, 23, 115], [0, 1, 4, 5, 6, 9, 11, 14, 15, 16]]
[[3, 7, 15, 23, 23, 115], [0, 1, 4, 5, 6, 8, 9, 11, 12, 14, 15, 16]]
[[3, 7, 15, 23, 13, 85], [0, 1, 4, 6, 9, 10, 11, 12, 13, 14, 15, 16]]
[[3, 7, 15, 23, 38, 85], [0, 1, 2, 3, 4, 7, 9, 10, 11, 12, 13, 14, 15, 16]]
[[3, 7, 15, 23, 38, 85], [0, 2, 3, 5, 6, 7, 9, 15, 16, 18]]
[[3, 7, 15, 23, 38, 85], [0, 1, 3, 10, 11, 12, 14, 15, 17, 18]]
[[3, 7, 15, 23, 28, 73], [0, 3, 4, 7, 10, 13, 15, 18]]
[[3, 7, 15, 23, 43, 67], [0, 3, 4, 8, 10, 13, 15, 18]]
[[3, 7, 15, 23, 43, 67], [0, 1, 3, 10, 14, 15]]
[[3, 7, 15, 23, 43, 67], [0, 2, 3, 10, 14, 15]]
[[3, 7, 15, 23, 43, 67], [0, 5, 9, 15, 16, 18]]
[[3, 7, 15, 23, 43, 67], [0, 5, 9, 15, 17, 18]]
[[3, 7, 15, 23, 43, 67], [0, 2, 3, 5, 7, 8, 9, 12, 13, 15, 17, 18]]
[[3, 7, 15, 23, 43, 67], [0, 2, 3, 7, 8, 10, 12, 13, 14, 15, 17, 18]]
[[3, 7, 15, 23, 33, 85], [0, 1, 4, 6, 7, 8, 10, 11, 15, 18]]
[[3, 7, 15, 23, 33, 85], [0, 3, 4, 6, 7, 8, 9, 11, 14, 16]]
[[3, 7, 15, 23, 33, 85], [0, 1, 4, 5, 6, 7, 8, 10, 13, 18]]
[[3, 7, 15, 23, 18, 73], [0, 2, 4, 6, 7, 8, 9, 10, 13, 14, 15, 16, 17, 18]]
[[3, 7, 15, 23, 53, 73], [0, 1, 4, 8, 9, 10, 11, 14, 15, 16, 17, 18]]
[[3, 7, 15, 23, 53, 73], [0, 2, 3, 6, 7, 8, 9, 10, 12, 15, 17, 18]]
[[3, 7, 15, 23, 53, 73], [0, 2, 3, 5, 7, 11, 12, 13, 14, 15, 17, 18]]
[[3, 7, 15, 23, 53, 73], [1, 3, 4, 5, 6, 7, 8, 9, 10, 13, 14, 15, 16, 18]]
[[3, 7, 15, 23, 53, 73], [1, 2, 4, 5, 7, 10, 11, 12, 13, 15, 16, 18]]
[[3, 7, 15, 23, 53, 73], [1, 3, 4, 5, 6, 9, 10, 11, 12, 13, 14, 15, 16, 18]]
[[3, 7, 15, 23, 53, 73], [1, 2, 4, 7, 9, 11, 14, 15, 17, 18]]
[[3, 7, 15, 23, 53, 73], [1, 2, 4, 5, 8, 10, 12, 15, 17, 18]]
[[3, 7, 15, 23, 53, 73], [1, 3, 4, 6, 7, 8, 9, 12, 14, 15, 17, 18]]
[[3, 7, 15, 23, 28, 67], [0, 1, 2, 3, 4, 6, 9, 11, 14, 16]]
[[3, 7, 15, 23, 28, 67], [0, 1, 2, 3, 4, 5, 8, 10, 13, 18]]
[[3, 7, 15, 23, 48, 61], [0, 1, 2, 3, 4, 5, 7, 9, 10, 12, 14, 16]]
[[3, 7, 15, 23, 48, 61], [0, 1, 2, 3, 4, 5, 7, 9, 10, 12, 14, 18]]
[[3, 7, 15, 23, 28, 85], [0, 1, 4, 6, 8, 11, 13, 16, 17, 18]]
[[3, 7, 15, 23, 28, 85], [0, 3, 4, 6, 8, 11, 13, 16, 17, 18]]
[[3, 7, 15, 23, 43, 103], [0, 2, 3, 5, 8, 12, 14, 15]]
[[3, 7, 15, 23, 43, 103], [0, 7, 9, 10, 13, 15, 17, 18]]
[[3, 7, 15, 23, 43, 103], [1, 3, 4, 7, 9, 11, 14, 15]]
[[3, 7, 15, 23, 43, 103], [1, 3, 4, 5, 7, 9, 10, 11, 14, 15]]
[[3, 7, 15, 23, 43, 103], [4, 5, 8, 10, 12, 15, 16, 18]]
[[3, 7, 15, 23, 43, 103], [4, 5, 8, 9, 10, 12, 14, 15, 16, 18]]
[[3, 7, 15, 23, 43, 103], [1, 2, 4, 5, 6, 10, 13, 15, 17, 18]]
[[3, 7, 15, 23, 43, 103], [1, 2, 4, 6, 9, 13, 14, 15, 17, 18]]
[[3, 7, 15, 23, 18, 85], [0, 1, 3, 5, 8, 11, 12, 13, 14, 15]]
[[3, 7, 15, 23, 18, 85], [0, 6, 7, 8, 9, 10, 13, 15, 16, 18]]
[[3, 7, 15, 23, 18, 103], [0, 1, 3, 5, 6, 13, 14, 15, 16, 18]]
[[3, 7, 15, 23, 18, 103], [0, 1, 3, 8, 9, 10, 11, 15, 16, 18]]
[[3, 7, 15, 23, 38, 49], [0, 1, 3, 6, 8, 10, 14, 15, 16, 18]]
[[3, 7, 15, 23, 38, 49], [0, 1, 3, 5, 9, 11, 13, 15, 16, 18]]
[[3, 7, 15, 23, 38, 49], [0, 2, 3, 10, 11, 12, 14, 15, 16, 18]]
[[3, 7, 15, 23, 38, 49], [0, 1, 3, 5, 6, 7, 9, 15, 17, 18]]
[[3, 7, 15, 23, 23, 73], [0, 1, 2, 5, 6, 7, 9, 11, 12, 15, 16, 18]]
[[3, 7, 15, 23, 23, 73], [0, 1, 3, 6, 7, 10, 11, 12, 14, 15, 16, 17]]
[[3, 7, 15, 23, 58, 55], [0, 1, 2, 9, 10, 11, 12, 15, 17, 18]]
[[3, 7, 15, 23, 58, 55], [0, 2, 3, 5, 6, 7, 14, 15, 16, 17]]
[[3, 7, 15, 23, 48, 67], [1, 2, 4, 5, 6, 9, 10, 13, 14, 15, 16, 18]]
[[3, 7, 15, 23, 48, 67], [1, 3, 4, 5, 7, 10, 11, 15, 16, 18]]
[[3, 7, 15, 23, 48, 67], [1, 3, 4, 8, 9, 12, 14, 15, 16, 18]]
[[3, 7, 15, 23, 48, 67], [1, 3, 4, 5, 6, 9, 10, 13, 14, 15, 17, 18]]
[[3, 7, 15, 23, 48, 67], [1, 2, 4, 6, 7, 8, 9, 11, 14, 15, 17, 18]]
[[3, 7, 15, 23, 48, 67], [1, 2, 4, 5, 8, 10, 11, 12, 13, 15, 17, 18]]
[[3, 7, 15, 23, 23, 85], [1, 3, 4, 7, 8, 9, 14, 15, 16, 18]]
[[3, 7, 15, 23, 23, 85], [1, 2, 4, 5, 6, 7, 10, 12, 13, 15, 16, 18]]
[[3, 7, 15, 23, 23, 85], [1, 3, 4, 5, 10, 11, 12, 15, 16, 18]]
[[3, 7, 15, 23, 23, 85], [1, 2, 4, 7, 8, 11, 13, 15, 17, 18]]
[[3, 7, 15, 23, 23, 85], [1, 3, 4, 6, 7, 9, 12, 13, 14, 15, 17, 18]]
[[3, 7, 15, 23, 23, 85], [1, 2, 4, 6, 8, 11, 12, 15, 17, 18]]
[[3, 7, 15, 27, 48, 79], [0, 3, 4, 5, 9, 12, 13, 14, 15, 16]]
[[3, 7, 15, 27, 23, 91], [0, 1, 2, 3, 4, 5, 6, 7, 8, 9, 12, 14, 15, 16]]
[[3, 7, 15, 27, 23, 85], [0, 1, 4, 6, 7, 9, 10, 14, 15, 18]]
[[3, 7, 15, 27, 23, 85], [1, 3, 4, 5, 6, 7, 8, 10, 11, 15, 16, 18]]
[[3, 7, 15, 27, 23, 85], [1, 2, 4, 6, 7, 8, 9, 12, 14, 15, 16, 18]]
[[3, 7, 15, 27, 23, 85], [1, 3, 4, 8, 9, 11, 12, 13, 14, 15, 16, 18]]
[[3, 7, 15, 27, 23, 85], [1, 2, 4, 5, 7, 9, 10, 13, 14, 15, 17, 18]]
[[3, 7, 15, 27, 23, 85], [1, 2, 4, 5, 6, 9, 10, 12, 14, 15, 17, 18]]
[[3, 7, 15, 27, 23, 85], [1, 3, 4, 5, 7, 10, 11, 12, 13, 15, 17, 18]]
[[3, 7, 15, 27, 28, 103], [0, 3, 4, 5, 6, 7, 12, 13, 15, 18]]
[[3, 7, 15, 27, 33, 61], [0, 1, 2, 3, 4, 5, 6, 7, 12, 13, 15, 18]]
[[3, 7, 15, 27, 33, 79], [0, 1, 2, 3, 4, 6, 7, 10, 11, 12, 15, 18]]
[[3, 7, 15, 27, 33, 55], [0, 3, 4, 6, 7, 8, 9, 10, 12, 14, 15, 16, 17, 18]]
[[3, 7, 15, 27, 33, 91], [0, 1, 4, 6, 9, 10, 11, 14, 15, 17]]
[[3, 7, 15, 27, 18, 103], [0, 3, 4, 5, 6, 8, 10, 16, 17, 18]]
[[3, 7, 15, 27, 18, 103], [0, 1, 4, 6, 8, 9, 14, 16, 17, 18]]
[[3, 7, 15, 27, 58, 37], [0, 2, 3, 6, 8, 10, 11, 13, 14, 15]]
[[3, 7, 15, 27, 58, 37], [0, 5, 6, 8, 9, 11, 13, 15, 17, 18]]
[[3, 7, 15, 27, 53, 31], [0, 1, 3, 7, 9, 10, 12, 15, 16, 18]]
[[3, 7, 15, 27, 53, 31], [0, 1, 3, 5, 7, 12, 14, 15, 16, 18]]
[[3, 7, 15, 27, 18, 91], [0, 1, 2, 6, 7, 8, 9, 10, 11, 15, 17, 18]]
[[3, 7, 15, 27, 18, 91], [0, 2, 3, 5, 6, 11, 12, 13, 14, 15, 16, 17]]
[[3, 7, 15, 39, 43, 55], [0, 2, 3, 10, 12, 13, 14, 15]]
[[3, 7, 15, 39, 43, 55], [0, 5, 7, 8, 9, 15, 17, 18]]
[[3, 7, 15, 39, 48, 49], [1, 3, 4, 6, 7, 15, 16, 18]]
[[3, 7, 15, 39, 48, 49], [1, 3, 4, 12, 13, 15, 16, 18]]
[[3, 7, 15, 39, 48, 49], [1, 2, 4, 7, 8, 9, 11, 12, 14, 15, 16, 18]]
[[3, 7, 15, 39, 48, 49], [1, 2, 4, 6, 7, 9, 11, 13, 14, 15, 17, 18]]
[[3, 7, 15, 39, 48, 49], [1, 2, 4, 5, 6, 8, 10, 12, 13, 15, 17, 18]]
[[3, 7, 15, 39, 48, 49], [1, 3, 4, 5, 7, 8, 10, 11, 12, 15, 17, 18]]
[[3, 7, 15, 15, 13, 67], [0, 2, 4, 5, 8, 9, 13, 14, 15, 16]]
[[3, 7, 15, 15, 43, 79], [0, 2, 4, 5, 9, 11, 13, 14, 15, 16]]
[[3, 7, 15, 15, 43, 79], [1, 2, 4, 7, 9, 12, 14, 15]]
[[3, 7, 15, 15, 43, 79], [1, 2, 4, 5, 7, 9, 10, 12, 14, 15]]
[[3, 7, 15, 15, 43, 79], [1, 3, 4, 5, 6, 7, 8, 10, 11, 12, 13, 15, 16, 18]]
[[3, 7, 15, 15, 43, 79], [1, 3, 4, 6, 7, 8, 9, 11, 12, 13, 14, 15, 16, 18]]
[[3, 7, 15, 15, 43, 79], [4, 5, 7, 10, 12, 15, 17, 18]]
[[3, 7, 15, 15, 43, 79], [4, 5, 7, 9, 10, 12, 14, 15, 17, 18]]
[[3, 7, 15, 15, 13, 91], [0, 1, 4, 5, 6, 7, 12, 13, 15, 18]]
[[3, 7, 15, 15, 38, 85], [0, 3, 4, 5, 8, 12, 15, 18]]
[[3, 7, 15, 15, 38, 85], [0, 2, 3, 5, 7, 8, 9, 15, 16, 18]]
[[3, 7, 15, 15, 38, 85], [0, 2, 3, 5, 6, 13, 14, 15, 17, 18]]
[[3, 7, 15, 15, 38, 85], [0, 2, 3, 8, 9, 10, 11, 15, 17, 18]]
[[3, 7, 15, 15, 38, 85], [0, 1, 3, 10, 12, 13, 14, 15, 17, 18]]
[[3, 7, 15, 15, 33, 91], [0, 2, 4, 7, 9, 10, 13, 14, 15, 17]]
[[3, 7, 15, 15, 18, 103], [0, 1, 2, 7, 9, 10, 12, 15, 16, 18]]
[[3, 7, 15, 15, 18, 103], [0, 1, 3, 5, 7, 12, 14, 15, 16, 17]]
[[3, 7, 15, 15, 28, 73], [0, 1, 3, 5, 6, 7, 8, 12, 14, 15, 16, 18]]
[[3, 7, 15, 15, 28, 73], [0, 1, 3, 7, 9, 10, 11, 12, 13, 15, 16, 18]]
[[3, 7, 15, 15, 28, 91], [0, 1, 2, 6, 7, 9, 10, 11, 12, 15, 16, 18]]
[[3, 7, 15, 15, 28, 91], [0, 1, 3, 5, 6, 7, 11, 12, 14, 15, 16, 17]]
[[3, 7, 15, 15, 48, 85], [0, 1, 2, 5, 6, 7, 8, 9, 11, 12, 13, 15, 16, 18]]
[[3, 7, 15, 15, 48, 85], [0, 1, 3, 6, 7, 8, 10, 11, 12, 13, 14, 15, 16, 17]]
[[3, 7, 15, 15, 23, 55], [0, 1, 3, 6, 7, 8, 9, 10, 11, 12, 13, 15, 16, 18]]
[[3, 7, 15, 15, 23, 55], [0, 1, 3, 5, 6, 7, 8, 11, 12, 13, 14, 15, 16, 18]]
[[3, 7, 15, 15, 33, 67], [0, 1, 2, 5, 7, 9, 13, 15, 17, 18]]
[[3, 7, 15, 15, 33, 67], [0, 2, 3, 8, 10, 12, 14, 15, 16, 17]]
[[3, 7, 15, 15, 18, 67], [0, 2, 3, 6, 8, 10, 14, 15, 17, 18]]
[[3, 7, 15, 15, 18, 67], [0, 2, 3, 5, 9, 11, 13, 15, 17, 18]]
[[3, 7, 15, 15, 28, 85], [0, 2, 3, 5, 6, 7, 9, 11, 12, 15, 17, 18]]
[[3, 7, 15, 15, 28, 85], [0, 2, 3, 6, 7, 10, 11, 12, 14, 15, 17, 18]]
[[3, 7, 15, 15, 28, 103], [0, 1, 2, 6, 8, 9, 10, 11, 12, 15, 17, 18]]
[[3, 7, 15, 15, 28, 103], [0, 2, 3, 5, 6, 7, 11, 13, 14, 15, 16, 17]]
[[3, 7, 15, 15, 33, 49], [1, 3, 4, 7, 8, 15, 16, 18]]
[[3, 7, 15, 15, 33, 49], [1, 2, 4, 6, 7, 9, 12, 13, 14, 15, 16, 18]]
[[3, 7, 15, 15, 33, 49], [1, 3, 4, 11, 12, 15, 16, 18]]
[[3, 7, 15, 15, 33, 49], [1, 2, 4, 5, 7, 8, 10, 11, 13, 15, 17, 18]]
[[3, 7, 15, 15, 33, 49], [1, 3, 4, 5, 6, 7, 10, 12, 13, 15, 17, 18]]
[[3, 7, 15, 15, 33, 49], [1, 2, 4, 6, 8, 9, 11, 12, 14, 15, 17, 18]]
[[3, 7, 15, 15, 23, 79], [0, 1, 2, 5, 7, 9, 12, 14, 15]]
[[3, 7, 15, 15, 23, 79], [0, 1, 2, 7, 9, 10, 12, 14, 15]]
[[3, 7, 15, 15, 23, 79], [0, 1, 2, 5, 6, 9, 11, 14, 15, 16, 17]]
[[3, 7, 15, 15, 23, 79], [0, 1, 2, 6, 9, 10, 11, 14, 15, 16, 17]]
[[3, 7, 15, 15, 23, 79], [0, 5, 7, 9, 12, 14, 15, 16, 17]]
[[3, 7, 15, 15, 23, 79], [0, 7, 9, 10, 12, 14, 15, 16, 17]]
[[3, 7, 15, 19, 53, 67], [0, 1, 2, 3, 4, 8, 9, 10, 13, 14, 15, 16]]
[[3, 7, 15, 19, 33, 79], [0, 2, 4, 6, 7, 9, 10, 11, 12, 14, 15, 16]]
[[3, 7, 15, 19, 33, 79], [0, 1, 2, 5, 6, 9, 11, 12, 13, 15, 17, 18]]
[[3, 7, 15, 19, 33, 79], [0, 2, 3, 6, 7, 8, 10, 11, 14, 15, 16, 17]]
[[3, 7, 15, 19, 38, 55], [0, 1, 2, 3, 4, 5, 6, 7, 8, 9, 11, 12, 13, 14, 15, 16]]
[[3, 7, 15, 19, 38, 73], [0, 1, 4, 7, 9, 10, 13, 14, 15, 18]]
[[3, 7, 15, 19, 28, 85], [0, 1, 2, 3, 4, 6, 8, 9, 10, 14, 15, 18]]
[[3, 7, 15, 19, 38, 61], [0, 1, 4, 6, 7, 8, 9, 10, 12, 14, 15, 17]]
[[3, 7, 15, 19, 33, 103], [0, 2, 4, 6, 7, 9, 11, 12, 14, 16]]
[[3, 7, 15, 19, 33, 103], [0, 2, 4, 5, 7, 8, 10, 12, 13, 18]]
[[3, 7, 15, 19, 33, 103], [0, 1, 2, 8, 9, 10, 12, 15, 17, 18]]
[[3, 7, 15, 19, 33, 103], [0, 2, 3, 5, 7, 13, 14, 15, 16, 17]]
[[3, 7, 15, 19, 53, 85], [0, 1, 2, 3, 4, 5, 10, 12, 13, 16, 17, 18]]
[[3, 7, 15, 19, 53, 85], [0, 1, 2, 3, 4, 9, 11, 12, 14, 16, 17, 18]]
[[3, 7, 15, 19, 53, 79], [0, 2, 3, 5, 6, 7, 8, 11, 14, 15]]
[[3, 7, 15, 19, 53, 79], [0, 6, 9, 10, 11, 12, 13, 15, 17, 18]]
[[3, 7, 15, 19, 23, 73], [0, 1, 3, 10, 11, 12, 14, 15]]
[[3, 7, 15, 19, 23, 73], [0, 5, 6, 7, 9, 15, 16, 18]]
[[3, 7, 15, 19, 28, 55], [0, 1, 3, 5, 6, 7, 9, 11, 13, 15, 16, 18]]
[[3, 7, 15, 19, 28, 55], [0, 1, 3, 6, 8, 10, 11, 12, 14, 15, 16, 18]]
[[3, 7, 15, 19, 38, 67], [0, 2, 3, 10, 12, 13, 14, 15, 16, 18]]
[[3, 7, 15, 19, 38, 67], [0, 1, 3, 5, 7, 8, 9, 15, 17, 18]]
[[3, 7, 15, 19, 13, 85], [0, 2, 3, 7, 9, 10, 11, 15, 17, 18]]
[[3, 7, 15, 19, 13, 85], [0, 2, 3, 5, 6, 12, 14, 15, 17, 18]]
[[3, 7, 15, 19, 23, 91], [0, 1, 2, 5, 6, 7, 9, 11, 13, 15, 17, 18]]
[[3, 7, 15, 19, 23, 91], [0, 2, 3, 6, 8, 10, 11, 12, 14, 15, 16, 17]]
[[3, 7, 15, 19, 43, 85], [0, 1, 2, 5, 6, 7, 9, 12, 13, 15, 17, 18]]
[[3, 7, 15, 19, 43, 85], [0, 2, 3, 7, 8, 10, 11, 12, 14, 15, 16, 17]]
[[3, 7, 15, 19, 13, 127], [0, 1, 2, 5, 6, 9, 11, 14, 15]]
[[3, 7, 15, 19, 13, 127], [0, 1, 2, 6, 9, 10, 11, 14, 15]]
[[3, 7, 15, 19, 13, 127], [0, 5, 6, 9, 11, 14, 15, 16, 17]]
[[3, 7, 15, 19, 13, 127], [0, 6, 9, 10, 11, 14, 15, 16, 17]]
[[3, 7, 15, 19, 13, 127], [0, 1, 2, 5, 7, 9, 12, 14, 15, 16, 17]]
[[3, 7, 15, 19, 13, 127], [0, 1, 2, 7, 9, 10, 12, 14, 15, 16, 17]]
[[3, 7, 15, 19, 43, 109], [0, 2, 3, 5, 8, 9, 13, 14, 15, 16, 18]]
[[3, 7, 15, 19, 43, 109], [0, 1, 2, 6, 9, 10, 11, 14, 15, 16, 18]]
[[3, 7, 15, 19, 43, 109], [0, 1, 2, 5, 7, 9, 12, 14, 15, 16, 18]]
[[3, 7, 15, 19, 43, 109], [0, 2, 3, 6, 7, 8, 9, 10, 11, 12, 13, 14, 15, 16, 18]]
[[3, 7, 15, 19, 43, 109], [0, 1, 3, 8, 9, 10, 13, 14, 15, 17, 18]]
[[3, 7, 15, 19, 43, 109], [0, 1, 2, 6, 9, 10, 11, 14, 15, 17, 18]]
[[3, 7, 15, 19, 43, 109], [0, 1, 2, 5, 7, 9, 12, 14, 15, 17, 18]]
[[3, 7, 15, 19, 43, 109], [0, 1, 3, 5, 6, 7, 8, 9, 11, 12, 13, 14, 15, 17, 18]]
[[3, 7, 15, 19, 43, 109], [0, 1, 3, 5, 6, 9, 11, 14, 15, 16, 17]]
[[3, 7, 15, 19, 43, 109], [0, 2, 3, 5, 6, 9, 11, 14, 15, 16, 17]]
[[3, 7, 15, 19, 43, 109], [0, 1, 3, 7, 9, 10, 12, 14, 15, 16, 17]]
[[3, 7, 15, 19, 43, 109], [0, 2, 3, 7, 9, 10, 12, 14, 15, 16, 17]]
[[3, 7, 15, 11, 38, 85], [0, 3, 4, 5, 6, 8, 9, 12, 13, 14, 15, 18]]
[[3, 7, 15, 11, 23, 61], [0, 2, 4, 5, 7, 8, 9, 14, 15, 16, 17, 18]]
[[3, 7, 15, 11, 23, 91], [0, 1, 2, 7, 8, 9, 10, 12, 13, 15, 16, 18]]
[[3, 7, 15, 11, 23, 91], [0, 1, 3, 5, 7, 8, 12, 13, 14, 15, 16, 17]]
[[3, 7, 15, 11, 8, 85], [1, 2, 4, 8, 9, 13, 14, 15]]
[[3, 7, 15, 11, 8, 85], [1, 2, 4, 5, 6, 7, 8, 9, 10, 11, 12, 13, 14, 15]]
[[3, 7, 15, 11, 8, 85], [1, 3, 4, 5, 8, 10, 13, 15, 16, 18]]
[[3, 7, 15, 11, 8, 85], [1, 3, 4, 6, 9, 11, 14, 15, 16, 18]]
[[3, 7, 15, 11, 8, 85], [4, 5, 6, 10, 11, 15, 17, 18]]
[[3, 7, 15, 11, 8, 85], [4, 5, 6, 7, 8, 9, 10, 11, 12, 13, 14, 15, 17, 18]]
[[3, 7, 15, 11, 13, 79], [1, 2, 4, 6, 9, 11, 14, 15]]
[[3, 7, 15, 11, 13, 79], [1, 2, 4, 5, 6, 9, 10, 11, 14, 15]]
[[3, 7, 15, 11, 13, 79], [1, 3, 4, 5, 7, 10, 12, 15, 16, 18]]
[[3, 7, 15, 11, 13, 79], [1, 3, 4, 7, 9, 12, 14, 15, 16, 18]]
[[3, 7, 15, 11, 13, 79], [4, 5, 8, 10, 13, 15, 17, 18]]
[[3, 7, 15, 11, 13, 79], [4, 5, 8, 9, 10, 13, 14, 15, 17, 18]]
[[3, 7, 15, 11, 18, 85], [1, 3, 4, 7, 9, 13, 14, 15, 16, 18]]
[[3, 7, 15, 11, 18, 85], [1, 2, 4, 5, 8, 9, 10, 11, 14, 15, 16, 18]]
[[3, 7, 15, 11, 18, 85], [1, 3, 4, 5, 6, 10, 12, 15, 16, 18]]
[[3, 7, 15, 11, 18, 85], [1, 2, 4, 5, 6, 7, 8, 10, 13, 15, 17, 18]]
[[3, 7, 15, 11, 18, 85], [1, 3, 4, 5, 8, 9, 10, 11, 14, 15, 17, 18]]
[[3, 7, 15, 11, 18, 85], [1, 2, 4, 6, 9, 11, 12, 13, 14, 15, 17, 18]]
[[3, 7, 15, 11, 33, 67], [1, 3, 4, 6, 7, 8, 9, 13, 14, 15, 16, 18]]
[[3, 7, 15, 11, 33, 67], [1, 3, 4, 5, 6, 10, 11, 12, 13, 15, 16, 18]]
[[3, 7, 15, 11, 33, 67], [1, 2, 4, 7, 9, 11, 12, 13, 14, 15, 16, 18]]
[[3, 7, 15, 11, 33, 67], [1, 2, 4, 5, 7, 9, 10, 11, 14, 15, 17, 18]]
[[3, 7, 15, 11, 33, 67], [1, 3, 4, 5, 6, 7, 8, 10, 12, 15, 17, 18]]
[[3, 7, 15, 11, 33, 67], [1, 2, 4, 5, 8, 9, 10, 12, 14, 15, 17, 18]]
[[3, 7, 15, 11, 33, 85], [0, 2, 3, 5, 9, 14, 15, 16, 18]]
[[3, 7, 15, 11, 33, 85], [0, 1, 2, 6, 8, 9, 10, 11, 13, 14, 15, 16, 18]]
[[3, 7, 15, 11, 33, 85], [0, 1, 3, 9, 10, 14, 15, 17, 18]]
[[3, 7, 15, 11, 33, 85], [0, 1, 2, 5, 7, 8, 9, 12, 13, 14, 15, 17, 18]]
[[3, 7, 15, 11, 33, 85], [0, 1, 3, 5, 6, 8, 9, 11, 13, 14, 15, 16, 17]]
[[3, 7, 15, 11, 33, 85], [0, 2, 3, 7, 8, 9, 10, 12, 13, 14, 15, 16, 17]]
[[3, 7, 15, 31, 33, 67], [0, 3, 4, 6, 9, 10, 11, 12, 13, 14, 15, 16]]
[[3, 7, 15, 31, 48, 61], [0, 3, 4, 7, 9, 10, 13, 14, 15, 18]]
[[3, 7, 15, 31, 28, 103], [0, 1, 4, 6, 9, 10, 12, 14, 15, 18]]
[[3, 7, 15, 31, 43, 85], [0, 1, 2, 3, 4, 6, 9, 10, 11, 12, 13, 14, 15, 16, 17, 18]]
[[3, 7, 15, 31, 23, 79], [0, 3, 4, 5, 9, 14, 15, 17]]
[[3, 7, 15, 31, 23, 85], [0, 1, 4, 6, 7, 12, 13, 16, 17, 18]]
[[3, 7, 15, 31, 23, 85], [0, 3, 4, 7, 8, 11, 12, 16, 17, 18]]
[[3, 7, 15, 31, 28, 85], [0, 1, 3, 6, 7, 10, 11, 13, 14, 15]]
[[3, 7, 15, 31, 28, 85], [0, 5, 6, 8, 9, 11, 12, 15, 16, 18]]
[[3, 7, 15, 31, 43, 49], [0, 2, 3, 5, 6, 7, 9, 11, 13, 15, 17, 18]]
[[3, 7, 15, 31, 43, 49], [0, 2, 3, 6, 8, 10, 11, 12, 14, 15, 17, 18]]
[[3, 7, 15, 31, 43, 67], [0, 2, 3, 5, 6, 7, 8, 12, 14, 15, 17, 18]]
[[3, 7, 15, 31, 43, 67], [0, 2, 3, 7, 9, 10, 11, 12, 13, 15, 17, 18]]
[[3, 7, 15, 35, 33, 79], [0, 1, 2, 3, 4, 5, 9, 14, 15, 18]]
[[3, 7, 15, 35, 33, 79], [0, 1, 2, 5, 7, 8, 9, 12, 13, 15, 16, 18]]
[[3, 7, 15, 35, 33, 79], [0, 1, 3, 7, 8, 10, 12, 13, 14, 15, 16, 17]]
[[3, 7, 15, 35, 43, 49], [0, 1, 4, 5, 6, 8, 9, 12, 13, 14, 15, 18]]
[[3, 7, 15, 35, 48, 49], [0, 2, 3, 6, 7, 10, 14, 15, 17, 18]]
[[3, 7, 15, 35, 48, 49], [0, 2, 3, 5, 9, 11, 12, 15, 17, 18]]
[[3, 7, 9, 7, 23, 55], [0, 2, 4, 7, 8, 10, 11, 12, 15, 18]]
[[3, 7, 9, 7, 43, 43], [0, 1, 2, 6, 9, 10, 13, 15, 17, 18]]
[[3, 7, 9, 7, 43, 43], [0, 2, 3, 5, 8, 11, 14, 15, 16, 17]]
[[3, 7, 9, 31, 33, 49], [0, 1, 2, 3, 4, 9, 10, 14, 15, 16]]
[[3, 7, 9, 31, 33, 97], [0, 1, 4, 9, 10, 11, 13, 14, 15, 16]]
[[3, 7, 9, 31, 33, 97], [0, 1, 2, 3, 4, 6, 7, 11, 13, 16, 17, 18]]
[[3, 7, 9, 31, 33, 97], [0, 1, 2, 3, 4, 7, 8, 11, 13, 16, 17, 18]]
[[3, 7, 9, 31, 23, 79], [0, 3, 4, 7, 8, 9, 10, 11, 12, 14, 15, 16]]
[[3, 7, 9, 31, 18, 85], [0, 1, 2, 3, 4, 5, 6, 9, 12, 14, 15, 18]]
[[3, 7, 9, 31, 18, 73], [0, 1, 4, 5, 9, 11, 12, 14, 15, 18]]
[[3, 7, 9, 31, 13, 73], [0, 3, 4, 5, 6, 8, 9, 11, 13, 14, 15, 16, 17, 18]]
[[3, 7, 9, 31, 43, 55], [0, 1, 4, 6, 9, 10, 13, 14, 15, 17]]
[[3, 7, 9, 31, 18, 61], [0, 1, 2, 3, 4, 6, 9, 10, 11, 12, 13, 14, 15, 17]]
[[3, 7, 9, 31, 18, 79], [0, 3, 4, 6, 9, 12, 14, 16]]
[[3, 7, 9, 31, 18, 79], [0, 1, 4, 5, 8, 10, 12, 18]]
[[3, 7, 9, 31, 18, 79], [0, 3, 4, 6, 7, 12, 13, 16, 17, 18]]
[[3, 7, 9, 31, 18, 79], [0, 1, 4, 7, 8, 11, 12, 16, 17, 18]]
[[3, 7, 9, 31, 48, 79], [0, 3, 4, 5, 10, 11, 13, 16, 17, 18]]
[[3, 7, 9, 31, 48, 79], [0, 1, 4, 9, 11, 13, 14, 16, 17, 18]]
[[3, 7, 9, 31, 38, 85], [0, 3, 4, 5, 6, 9, 10, 13, 14, 17]]
[[3, 7, 9, 31, 38, 85], [0, 1, 4, 5, 8, 9, 10, 11, 14, 17]]
[[3, 7, 9, 15, 33, 55], [0, 2, 4, 5, 6, 9, 12, 14, 15, 16]]
[[3, 7, 9, 15, 18, 109], [0, 2, 4, 6, 7, 9, 10, 12, 13, 14, 15, 16]]
[[3, 7, 9, 15, 53, 79], [0, 1, 2, 3, 4, 7, 10, 13, 15, 18]]
[[3, 7, 9, 15, 33, 103], [0, 2, 4, 5, 7, 8, 15, 18]]
[[3, 7, 9, 15, 33, 103], [1, 3, 4, 6, 9, 13, 14, 15]]
[[3, 7, 9, 15, 33, 103], [4, 5, 6, 7, 8, 9, 10, 13, 14, 15]]
[[3, 7, 9, 15, 33, 103], [4, 5, 6, 9, 10, 11, 12, 13, 14, 15]]
[[3, 7, 9, 15, 33, 103], [1, 2, 4, 8, 9, 11, 12, 13, 14, 15]]
[[3, 7, 9, 15, 33, 103], [4, 5, 6, 10, 13, 15, 16, 18]]
[[3, 7, 9, 15, 33, 103], [4, 5, 6, 7, 8, 10, 11, 15, 17, 18]]
[[3, 7, 9, 15, 38, 85], [0, 1, 2, 3, 4, 8, 9, 10, 13, 14, 15, 18]]
[[3, 7, 9, 15, 13, 79], [0, 3, 4, 5, 6, 7, 8, 9, 13, 14, 15, 18]]
[[3, 7, 9, 15, 13, 79], [1, 3, 4, 6, 9, 12, 14, 15]]
[[3, 7, 9, 15, 13, 79], [1, 3, 4, 5, 6, 9, 10, 12, 14, 15]]
[[3, 7, 9, 15, 13, 79], [4, 5, 7, 10, 13, 15, 16, 18]]
[[3, 7, 9, 15, 13, 79], [4, 5, 7, 9, 10, 13, 14, 15, 16, 18]]
[[3, 7, 9, 15, 13, 79], [1, 2, 4, 5, 8, 10, 11, 15, 17, 18]]
[[3, 7, 9, 15, 13, 79], [1, 2, 4, 8, 9, 11, 14, 15, 17, 18]]
[[3, 7, 9, 15, 18, 73], [0, 1, 4, 6, 7, 8, 10, 12, 15, 18]]
[[3, 7, 9, 15, 23, 61], [0, 1, 2, 3, 4, 6, 7, 8, 10, 11, 12, 13, 15, 18]]
[[3, 7, 9, 15, 13, 67], [0, 1, 4, 6, 8, 9, 10, 11, 12, 14, 15, 18]]
[[3, 7, 9, 15, 23, 79], [0, 2, 4, 5, 9, 11, 12, 14, 15, 17]]
[[3, 7, 9, 15, 33, 91], [0, 3, 4, 6, 9, 13, 14, 16]]
[[3, 7, 9, 15, 33, 91], [0, 1, 4, 5, 8, 10, 11, 18]]
[[3, 7, 9, 15, 33, 91], [0, 1, 2, 5, 7, 8, 9, 11, 12, 15, 17, 18]]
[[3, 7, 9, 15, 33, 91], [0, 2, 3, 6, 7, 10, 12, 13, 14, 15, 16, 17]]
[[3, 7, 9, 15, 38, 61], [0, 1, 4, 5, 6, 9, 10, 11, 12, 13, 14, 16]]
[[3, 7, 9, 15, 38, 61], [0, 3, 4, 5, 8, 9, 10, 11, 12, 13, 14, 18]]
[[3, 7, 9, 15, 58, 103], [0, 1, 4, 5, 8, 9, 10, 11, 12, 13, 14, 16]]
[[3, 7, 9, 15, 58, 103], [0, 3, 4, 5, 6, 9, 10, 11, 12, 13, 14, 18]]
[[3, 7, 9, 15, 33, 79], [0, 1, 4, 5, 7, 8, 10, 12, 13, 16, 17, 18]]
[[3, 7, 9, 15, 33, 79], [0, 3, 4, 6, 7, 9, 11, 12, 14, 16, 17, 18]]
[[3, 7, 9, 15, 53, 103], [0, 2, 3, 5, 7, 11, 14, 15]]
[[3, 7, 9, 15, 53, 103], [0, 6, 9, 10, 12, 15, 17, 18]]
[[3, 7, 9, 15, 58, 85], [0, 1, 2, 5, 9, 12, 13, 15, 16, 18]]
[[3, 7, 9, 15, 58, 85], [0, 1, 3, 7, 8, 10, 14, 15, 16, 17]]
[[3, 7, 9, 15, 18, 61], [1, 3, 4, 6, 8, 9, 11, 12, 14, 15]]
[[3, 7, 9, 15, 18, 61], [1, 2, 4, 7, 8, 9, 11, 12, 14, 15]]
[[3, 7, 9, 15, 18, 61], [4, 5, 7, 8, 10, 11, 13, 15, 16, 18]]
[[3, 7, 9, 15, 18, 61], [1, 2, 4, 12, 13, 15, 16, 18]]
[[3, 7, 9, 15, 18, 61], [1, 3, 4, 6, 7, 15, 17, 18]]
[[3, 7, 9, 15, 18, 61], [4, 5, 7, 8, 10, 11, 12, 15, 17, 18]]
[[3, 7, 9, 11, 18, 73], [0, 3, 4, 6, 10, 13, 15, 18]]
[[3, 7, 9, 11, 18, 43], [0, 1, 2, 3, 4, 6, 10, 13, 15, 18]]
[[3, 7, 9, 11, 18, 43], [0, 1, 2, 3, 4, 6, 11, 12, 13, 16, 17, 18]]
[[3, 7, 9, 11, 18, 43], [0, 1, 2, 3, 4, 8, 11, 12, 13, 16, 17, 18]]
[[3, 7, 9, 11, 18, 61], [0, 2, 4, 5, 7, 11, 12, 13, 15, 18]]
[[3, 7, 9, 11, 33, 79], [0, 1, 2, 3, 4, 5, 6, 7, 8, 9, 10, 11, 12, 13, 14, 16]]
[[3, 7, 9, 11, 33, 79], [0, 1, 2, 3, 4, 5, 6, 7, 8, 9, 10, 11, 12, 13, 14, 18]]
[[3, 7, 9, 11, 33, 79], [0, 3, 4, 5, 8, 9, 10, 13, 14, 17]]
[[3, 7, 9, 11, 33, 79], [0, 1, 4, 5, 6, 9, 10, 11, 14, 17]]
[[3, 7, 9, 11, 33, 43], [0, 1, 2, 3, 4, 16, 17, 18]]
[[3, 7, 9, 11, 33, 97], [0, 2, 3, 10, 11, 12, 14, 15]]
[[3, 7, 9, 11, 33, 97], [0, 5, 6, 7, 9, 15, 17, 18]]
[[3, 7, 9, 27, 13, 73], [0, 1, 2, 3, 4, 5, 6, 9, 13, 14, 15, 16]]
[[3, 7, 9, 27, 43, 31], [0, 1, 4, 5, 9, 12, 13, 14, 15, 16]]
[[3, 7, 9, 27, 23, 49], [0, 1, 2, 3, 4, 5, 6, 7, 9, 11, 12, 14, 15, 16]]
[[3, 7, 9, 27, 28, 67], [0, 1, 2, 3, 4, 5, 8, 9, 11, 12, 13, 14, 15, 16]]
[[3, 7, 9, 27, 8, 61], [0, 1, 4, 8, 10, 13, 15, 18]]
[[3, 7, 9, 27, 8, 61], [0, 1, 4, 5, 6, 8, 9, 14, 15, 17]]
[[3, 7, 9, 27, 23, 97], [0, 1, 2, 3, 4, 5, 8, 9, 13, 14, 15, 18]]
[[3, 7, 9, 27, 23, 97], [0, 1, 2, 3, 4, 5, 6, 8, 9, 11, 12, 14, 15, 16, 17, 18]]
[[3, 7, 9, 27, 18, 67], [0, 1, 4, 5, 6, 7, 11, 13, 15, 18]]
[[3, 7, 9, 27, 53, 61], [0, 1, 2, 3, 4, 5, 6, 7, 8, 11, 12, 13, 15, 18]]
[[3, 7, 9, 27, 43, 61], [0, 1, 2, 3, 4, 5, 7, 8, 9, 11, 12, 14, 15, 18]]
[[3, 7, 9, 27, 28, 55], [0, 3, 4, 5, 6, 7, 9, 12, 13, 14, 15, 16, 17, 18]]
[[3, 7, 9, 27, 33, 97], [0, 3, 4, 6, 7, 9, 14, 16]]
[[3, 7, 9, 27, 33, 97], [0, 1, 4, 5, 7, 8, 10, 18]]
[[3, 7, 9, 27, 43, 79], [0, 1, 2, 3, 4, 8, 9, 13, 14, 16]]
[[3, 7, 9, 27, 43, 79], [0, 3, 4, 5, 7, 9, 10, 11, 14, 16]]
[[3, 7, 9, 27, 43, 79], [0, 1, 4, 5, 7, 9, 10, 13, 14, 18]]
[[3, 7, 9, 27, 43, 79], [0, 1, 2, 3, 4, 5, 6, 10, 11, 18]]
[[3, 7, 9, 27, 18, 79], [0, 1, 4, 7, 8, 9, 11, 13, 14, 16]]
[[3, 7, 9, 27, 18, 79], [0, 3, 4, 5, 6, 7, 10, 11, 13, 18]]
[[3, 7, 9, 27, 28, 121], [0, 1, 2, 3, 4, 5, 6, 9, 10, 12, 14, 17]]
[[3, 7, 9, 27, 28, 121], [0, 1, 2, 3, 4, 5, 8, 9, 10, 12, 14, 17]]
[[3, 7, 9, 27, 33, 91], [1, 2, 4, 6, 7, 8, 9, 13, 14, 15]]
[[3, 7, 9, 27, 33, 91], [1, 3, 4, 8, 9, 11, 14, 15]]
[[3, 7, 9, 27, 33, 91], [4, 5, 6, 7, 8, 9, 10, 11, 14, 15]]
[[3, 7, 9, 27, 33, 91], [4, 5, 8, 9, 10, 11, 12, 13, 14, 15]]
[[3, 7, 9, 27, 33, 91], [4, 5, 8, 10, 11, 15, 16, 18]]
[[3, 7, 9, 27, 33, 91], [4, 5, 6, 10, 11, 12, 13, 15, 17, 18]]
[[3, 7, 9, 23, 28, 49], [0, 1, 2, 3, 4, 6, 8, 9, 10, 14, 15, 16]]
[[3, 7, 9, 23, 18, 97], [0, 1, 4, 6, 8, 9, 10, 11, 13, 14, 15, 16]]
[[3, 7, 9, 23, 48, 97], [0, 1, 2, 3, 4, 5, 8, 9, 12, 14, 15, 16]]
[[3, 7, 9, 23, 33, 97], [0, 1, 2, 3, 4, 6, 8, 9, 10, 12, 13, 14, 15, 16]]
[[3, 7, 9, 23, 33, 97], [0, 1, 4, 16, 17, 18]]
[[3, 7, 9, 23, 33, 97], [0, 3, 4, 16, 17, 18]]
[[3, 7, 9, 23, 33, 37], [0, 3, 4, 5, 6, 8, 9, 11, 12, 14, 15, 16]]
[[3, 7, 9, 23, 28, 121], [0, 1, 4, 5, 15, 18]]
[[3, 7, 9, 23, 28, 61], [0, 1, 4, 5, 7, 8, 15, 18]]
[[3, 7, 9, 23, 13, 79], [0, 3, 4, 5, 8, 9, 13, 14, 15, 18]]
[[3, 7, 9, 23, 33, 25], [0, 1, 4, 6, 7, 8, 9, 10, 13, 14, 15, 18]]
[[3, 7, 9, 23, 18, 61], [0, 1, 4, 5, 6, 9, 11, 12, 13, 14, 15, 18]]
[[3, 7, 9, 23, 8, 61], [0, 1, 4, 6, 7, 8, 9, 10, 11, 12, 13, 14, 15, 16, 17, 18]]
[[3, 7, 9, 23, 33, 49], [0, 1, 4, 8, 9, 12, 14, 16]]
[[3, 7, 9, 23, 33, 49], [0, 3, 4, 5, 6, 10, 12, 18]]
[[3, 7, 9, 23, 38, 121], [0, 1, 2, 3, 4, 8, 9, 12, 14, 16]]
[[3, 7, 9, 23, 38, 121], [0, 1, 2, 3, 4, 5, 6, 10, 12, 18]]
[[3, 7, 9, 23, 18, 67], [0, 1, 4, 8, 9, 11, 12, 13, 14, 16]]
[[3, 7, 9, 23, 18, 67], [0, 3, 4, 5, 6, 10, 11, 12, 13, 18]]
[[3, 7, 9, 19, 28, 91], [0, 1, 4, 7, 8, 9, 10, 14, 15, 16]]
[[3, 7, 9, 19, 38, 73], [0, 2, 4, 8, 9, 10, 11, 14, 15, 16]]
[[3, 7, 9, 19, 18, 103], [0, 3, 4, 5, 7, 9, 12, 14, 15, 16]]
[[3, 7, 9, 19, 28, 109], [0, 2, 4, 7, 9, 10, 11, 12, 13, 14, 15, 16]]
[[3, 7, 9, 19, 33, 67], [0, 2, 4, 5, 6, 7, 9, 11, 12, 14, 15, 16]]
[[3, 7, 9, 19, 33, 67], [0, 3, 4, 5, 15, 18]]
[[3, 7, 9, 19, 13, 67], [0, 3, 4, 9, 10, 14, 15, 18]]
[[3, 7, 9, 19, 53, 109], [0, 1, 4, 5, 6, 9, 13, 14, 15, 18]]
[[3, 7, 9, 19, 18, 55], [0, 1, 2, 3, 4, 10, 11, 13, 15, 18]]
[[3, 7, 9, 19, 33, 79], [0, 1, 4, 7, 8, 9, 10, 11, 13, 14, 15, 18]]
[[3, 7, 9, 19, 43, 85], [0, 3, 4, 6, 7, 8, 10, 12, 15, 18]]
[[3, 7, 9, 19, 23, 85], [0, 1, 4, 9, 10, 12, 13, 14, 15, 18]]
[[3, 7, 9, 19, 38, 91], [0, 3, 4, 6, 8, 9, 10, 12, 13, 14, 15, 18]]
[[3, 7, 9, 19, 23, 97], [0, 1, 2, 3, 4, 6, 8, 9, 10, 12, 13, 14, 15, 18]]
[[3, 7, 9, 19, 18, 67], [0, 1, 4, 5, 8, 9, 11, 12, 13, 14, 15, 18]]
[[3, 7, 9, 19, 28, 97], [0, 2, 4, 7, 9, 10, 13, 14, 15, 16, 17, 18]]
[[3, 7, 9, 19, 43, 73], [0, 2, 4, 5, 6, 7, 9, 14, 15, 16, 17, 18]]
[[3, 7, 9, 19, 23, 43], [0, 3, 4, 6, 9, 10, 11, 14, 15, 16, 17, 18]]
[[3, 7, 9, 19, 18, 79], [0, 1, 2, 3, 4, 6, 7, 9, 12, 13, 14, 16]]
[[3, 7, 9, 19, 18, 79], [0, 1, 2, 3, 4, 5, 7, 8, 10, 11, 12, 18]]
[[3, 7, 9, 19, 18, 79], [0, 1, 2, 3, 4, 5, 7, 8, 10, 11, 13, 16, 17, 18]]
[[3, 7, 9, 19, 18, 79], [0, 1, 2, 3, 4, 6, 7, 9, 11, 13, 14, 16, 17, 18]]
[[3, 7, 9, 19, 18, 79], [2, 3, 4, 5, 10, 15, 16, 18]]
[[3, 7, 9, 19, 18, 79], [2, 3, 4, 5, 7, 8, 10, 12, 13, 15, 16, 18]]
[[3, 7, 9, 19, 18, 79], [1, 2, 4, 7, 8, 12, 13, 15, 17, 18]]
[[3, 7, 9, 19, 18, 79], [1, 2, 4, 6, 7, 11, 12, 15, 17, 18]]
[[3, 7, 9, 19, 18, 79], [1, 3, 4, 9, 14, 15, 16, 17]]
[[3, 7, 9, 19, 18, 79], [1, 3, 4, 6, 7, 9, 11, 12, 14, 15, 16, 17]]
[[3, 7, 9, 19, 48, 79], [0, 1, 2, 3, 4, 7, 8, 9, 11, 12, 14, 16]]
[[3, 7, 9, 19, 48, 79], [0, 1, 2, 3, 4, 5, 6, 7, 10, 12, 13, 18]]
[[3, 7, 9, 19, 48, 61], [0, 3, 4, 5, 10, 16, 17, 18]]
[[3, 7, 9, 19, 48, 61], [0, 1, 4, 9, 14, 16, 17, 18]]
[[3, 7, 9, 19, 53, 67], [0, 1, 3, 6, 8, 10, 11, 13, 14, 15]]
[[3, 7, 9, 19, 53, 67], [0, 5, 6, 8, 9, 11, 13, 15, 16, 18]]
[[3, 7, 9, 19, 38, 49], [0, 1, 2, 7, 9, 10, 11, 12, 13, 15, 17, 18]]
[[3, 7, 9, 19, 38, 49], [0, 2, 3, 5, 6, 7, 8, 12, 14, 15, 16, 17]]
[[3, 7, 9, 19, 18, 97], [0, 1, 2, 3, 4, 8, 13, 16, 18]]
[[3, 7, 9, 19, 18, 97], [0, 2, 4, 8, 13, 16, 18]]
[[3, 7, 9, 19, 18, 97], [0, 1, 2, 3, 4, 6, 11, 16, 18]]
[[3, 7, 9, 19, 18, 97], [0, 2, 4, 6, 11, 16, 18]]
[[3, 7, 9, 19, 18, 97], [0, 3, 4, 5, 6, 10, 11, 17, 18]]
[[3, 7, 9, 19, 18, 97], [0, 2, 4, 5, 6, 10, 11, 17, 18]]
[[3, 7, 9, 19, 18, 97], [0, 3, 4, 5, 6, 7, 8, 10, 11, 12, 13, 17, 18]]
[[3, 7, 9, 19, 18, 97], [0, 2, 4, 5, 6, 7, 8, 10, 11, 12, 13, 17, 18]]
[[3, 7, 9, 19, 18, 97], [0, 1, 4, 8, 9, 13, 14, 16, 17]]
[[3, 7, 9, 19, 18, 97], [0, 2, 4, 8, 9, 13, 14, 16, 17]]
[[3, 7, 9, 19, 18, 97], [0, 1, 4, 6, 7, 8, 9, 11, 12, 13, 14, 16, 17]]
[[3, 7, 9, 19, 18, 97], [0, 2, 4, 6, 7, 8, 9, 11, 12, 13, 14, 16, 17]]
[[3, 7, 9, 35, 43, 61], [0, 3, 4, 5, 8, 9, 11, 14, 15, 16]]
[[3, 7, 9, 35, 48, 67], [0, 1, 2, 3, 4, 8, 9, 10, 11, 14, 15, 16]]
[[3, 7, 9, 35, 23, 61], [0, 1, 4, 6, 10, 13, 15, 18]]
[[3, 7, 9, 35, 33, 61], [0, 3, 4, 6, 9, 10, 12, 14, 15, 18]]
[[3, 7, 9, 35, 28, 61], [0, 1, 4, 5, 6, 7, 8, 9, 12, 14, 15, 18]]
[[3, 7, 9, 39, 23, 67], [0, 1, 4, 5, 6, 7, 8, 9, 11, 14, 15, 16]]
[[3, 7, 9, 39, 38, 79], [0, 1, 2, 3, 4, 8, 9, 10, 11, 14, 15, 18]]
[[3, 7, 9, 39, 38, 49], [0, 3, 4, 5, 9, 11, 12, 14, 15, 18]]
[[3, 7, 9, 39, 33, 55], [0, 1, 2, 3, 4, 5, 9, 12, 13, 14, 15, 16, 17, 18]]
[[3, 7, 9, 39, 38, 85], [0, 1, 4, 7, 9, 10, 11, 12, 13, 14, 15, 16, 17, 18]]
[[3, 7, 9, 39, 33, 79], [0, 1, 4, 5, 7, 8, 9, 12, 13, 14, 15, 17]]
[[3, 7, 9, 39, 33, 79], [0, 1, 2, 3, 4, 7, 13, 16, 18]]
[[3, 7, 9, 39, 33, 79], [0, 1, 4, 6, 7, 8, 13, 16, 18]]
[[3, 7, 9, 39, 33, 79], [0, 1, 2, 3, 4, 7, 11, 16, 18]]
[[3, 7, 9, 39, 33, 79], [0, 3, 4, 6, 7, 8, 11, 16, 18]]
[[3, 7, 9, 39, 33, 79], [0, 3, 4, 5, 7, 10, 11, 17, 18]]
[[3, 7, 9, 39, 33, 79], [0, 1, 2, 3, 4, 5, 8, 10, 11, 17, 18]]
[[3, 7, 9, 39, 33, 79], [0, 3, 4, 5, 7, 10, 11, 12, 13, 17, 18]]
[[3, 7, 9, 39, 33, 79], [0, 1, 4, 5, 8, 10, 11, 12, 13, 17, 18]]
[[3, 7, 9, 39, 33, 79], [0, 1, 2, 3, 4, 6, 9, 13, 14, 16, 17]]
[[3, 7, 9, 39, 33, 79], [0, 1, 4, 7, 9, 13, 14, 16, 17]]
[[3, 7, 9, 39, 33, 79], [0, 3, 4, 6, 9, 11, 12, 13, 14, 16, 17]]
[[3, 7, 9, 39, 33, 79], [0, 1, 4, 7, 9, 11, 12, 13, 14, 16, 17]]
[[3, 7, 9, 39, 23, 73], [0, 3, 4, 5, 8, 9, 10, 12, 14, 16]]
[[3, 7, 9, 39, 23, 73], [0, 1, 4, 5, 6, 9, 10, 12, 14, 18]]
[[3, 7, 9, 39, 18, 61], [1, 3, 4, 6, 7, 9, 11, 13, 14, 15]]
[[3, 7, 9, 39, 18, 61], [1, 2, 4, 6, 7, 9, 12, 13, 14, 15]]
[[3, 7, 9, 39, 18, 61], [1, 2, 4, 7, 8, 15, 16, 18]]
[[3, 7, 9, 39, 18, 61], [4, 5, 6, 8, 10, 12, 13, 15, 16, 18]]
[[3, 7, 9, 39, 18, 61], [4, 5, 6, 7, 10, 12, 13, 15, 17, 18]]
[[3, 7, 9, 39, 18, 61], [1, 3, 4, 11, 12, 15, 17, 18]]
[[3, 7, 9, 47, 28, 61], [0, 1, 2, 3, 4, 9, 10, 11, 12, 14, 15, 18]]
[[3, 7, 9, 47, 33, 73], [0, 1, 4, 5, 9, 11, 13, 14, 15, 16, 17, 18]]
[[3, 7, 12, 23, 38, 52], [0, 2, 4, 5, 9, 14, 15, 16]]
[[3, 7, 12, 23, 33, 100], [0, 3, 4, 6, 8, 9, 10, 11, 13, 14, 15, 16]]
[[3, 7, 12, 23, 58, 58], [0, 1, 4, 7, 10, 13, 15, 18]]
[[3, 7, 12, 23, 18, 82], [0, 1, 2, 3, 4, 5, 7, 8, 15, 18]]
[[3, 7, 12, 23, 28, 118], [0, 1, 4, 5, 6, 7, 9, 14, 15, 18]]
[[3, 7, 12, 23, 28, 82], [0, 1, 4, 6, 8, 9, 10, 14, 15, 18]]
[[3, 7, 12, 23, 28, 82], [0, 2, 3, 5, 6, 7, 9, 12, 13, 15, 17, 18]]
[[3, 7, 12, 23, 28, 82], [0, 2, 3, 7, 8, 10, 11, 12, 14, 15, 17, 18]]
[[3, 7, 12, 23, 33, 58], [0, 3, 4, 6, 7, 8, 9, 10, 11, 14, 15, 18]]
[[3, 7, 12, 23, 18, 76], [0, 1, 2, 3, 4, 8, 9, 10, 12, 14, 15, 16, 17, 18]]
[[3, 7, 12, 23, 48, 64], [0, 1, 4, 5, 7, 8, 9, 11, 12, 14, 15, 16, 17, 18]]
[[3, 7, 12, 23, 28, 112], [0, 3, 4, 7, 9, 10, 11, 12, 13, 14, 15, 17]]
[[3, 7, 12, 23, 38, 130], [0, 3, 4, 5, 7, 8, 9, 11, 12, 14, 15, 17]]
[[3, 7, 12, 23, 23, 76], [0, 1, 4, 7, 9, 13, 14, 16]]
[[3, 7, 12, 23, 23, 76], [0, 3, 4, 5, 7, 10, 11, 18]]
[[3, 7, 12, 23, 23, 76], [0, 1, 3, 5, 6, 7, 8, 11, 14, 15]]
[[3, 7, 12, 23, 23, 76], [0, 6, 9, 10, 11, 12, 13, 15, 16, 18]]
[[3, 7, 12, 23, 38, 76], [0, 3, 4, 7, 9, 11, 14, 16]]
[[3, 7, 12, 23, 38, 76], [0, 1, 4, 5, 7, 10, 13, 18]]
[[3, 7, 12, 23, 33, 106], [0, 1, 2, 3, 4, 5, 8, 9, 10, 11, 14, 16]]
[[3, 7, 12, 23, 33, 106], [0, 1, 2, 3, 4, 5, 6, 9, 10, 13, 14, 18]]
[[3, 7, 12, 23, 13, 94], [0, 3, 4, 6, 8, 9, 11, 12, 14, 16]]
[[3, 7, 12, 23, 13, 94], [0, 1, 4, 5, 6, 8, 10, 12, 13, 18]]
[[3, 7, 12, 23, 33, 76], [0, 1, 4, 7, 8, 12, 13, 16, 17, 18]]
[[3, 7, 12, 23, 33, 76], [0, 3, 4, 6, 7, 11, 12, 16, 17, 18]]
[[3, 7, 12, 23, 43, 40], [0, 1, 4, 7, 8, 9, 12, 13, 14, 16, 17, 18]]
[[3, 7, 12, 23, 43, 40], [0, 3, 4, 5, 6, 7, 10, 11, 12, 16, 17, 18]]
[[3, 7, 12, 23, 38, 94], [0, 1, 3, 5, 8, 13, 14, 15]]
[[3, 7, 12, 23, 38, 94], [0, 8, 9, 10, 13, 15, 16, 18]]
[[3, 7, 12, 23, 33, 52], [0, 1, 3, 5, 8, 12, 14, 15]]
[[3, 7, 12, 23, 33, 52], [0, 7, 9, 10, 13, 15, 16, 18]]
[[3, 7, 12, 23, 38, 82], [0, 1, 2, 8, 9, 10, 11, 15, 16, 18]]
[[3, 7, 12, 23, 38, 82], [0, 1, 3, 5, 6, 13, 14, 15, 16, 17]]
[[3, 7, 12, 23, 38, 112], [0, 1, 3, 6, 7, 10, 12, 13, 14, 15, 16, 18]]
[[3, 7, 12, 23, 38, 112], [0, 1, 3, 5, 7, 8, 9, 11, 12, 15, 16, 18]]
[[3, 7, 12, 23, 18, 100], [0, 1, 2, 3, 4, 5, 6, 7, 10, 16, 18]]
[[3, 7, 12, 23, 18, 100], [0, 1, 2, 3, 4, 7, 8, 9, 14, 16, 18]]
[[3, 7, 12, 23, 18, 100], [0, 1, 4, 5, 7, 8, 10, 11, 13, 16, 18]]
[[3, 7, 12, 23, 18, 100], [0, 3, 4, 6, 7, 9, 11, 13, 14, 16, 18]]
[[3, 7, 12, 23, 18, 100], [0, 3, 4, 5, 6, 7, 10, 17, 18]]
[[3, 7, 12, 23, 18, 100], [0, 3, 4, 5, 6, 8, 9, 10, 14, 17, 18]]
[[3, 7, 12, 23, 18, 100], [0, 1, 4, 5, 6, 8, 10, 12, 13, 17, 18]]
[[3, 7, 12, 23, 18, 100], [0, 1, 2, 3, 4, 5, 6, 7, 9, 10, 12, 13, 14, 17, 18]]
[[3, 7, 12, 23, 18, 100], [0, 1, 4, 5, 6, 8, 9, 10, 14, 16, 17]]
[[3, 7, 12, 23, 18, 100], [0, 1, 4, 7, 8, 9, 14, 16, 17]]
[[3, 7, 12, 23, 18, 100], [0, 3, 4, 6, 8, 9, 11, 12, 14, 16, 17]]
[[3, 7, 12, 23, 18, 100], [0, 1, 2, 3, 4, 5, 7, 8, 9, 10, 11, 12, 14, 16, 17]]
[[3, 7, 12, 23, 23, 88], [0, 1, 2, 5, 8, 9, 11, 14, 15]]
[[3, 7, 12, 23, 23, 88], [0, 2, 3, 8, 9, 10, 11, 14, 15]]
[[3, 7, 12, 23, 23, 88], [0, 1, 2, 5, 6, 7, 8, 9, 11, 14, 15]]
[[3, 7, 12, 23, 23, 88], [0, 1, 3, 6, 7, 8, 9, 10, 11, 14, 15]]
[[3, 7, 12, 23, 23, 88], [0, 1, 2, 8, 9, 10, 12, 14, 15, 16, 18]]
[[3, 7, 12, 23, 23, 88], [0, 5, 6, 9, 11, 12, 13, 14, 15, 16, 18]]
[[3, 7, 12, 23, 23, 88], [0, 5, 6, 9, 13, 14, 15, 17, 18]]
[[3, 7, 12, 23, 23, 88], [0, 1, 2, 6, 7, 8, 9, 10, 12, 14, 15, 17, 18]]
[[3, 7, 12, 23, 23, 88], [0, 6, 9, 10, 13, 14, 15, 16, 17]]
[[3, 7, 12, 23, 23, 88], [0, 1, 3, 5, 7, 9, 13, 14, 15, 16, 17]]
[[3, 7, 12, 23, 23, 88], [0, 6, 9, 10, 11, 12, 13, 14, 15, 16, 17]]
[[3, 7, 12, 23, 23, 88], [0, 2, 3, 5, 7, 9, 11, 12, 13, 14, 15, 16, 17]]
[[3, 7, 12, 15, 23, 88], [0, 2, 4, 5, 8, 9, 11, 12, 13, 14, 15, 16]]
[[3, 7, 12, 15, 38, 106], [0, 2, 4, 5, 7, 8, 9, 11, 12, 14, 15, 16]]
[[3, 7, 12, 15, 18, 94], [0, 1, 2, 3, 4, 5, 15, 18]]
[[3, 7, 12, 15, 18, 94], [0, 2, 3, 5, 6, 9, 13, 14, 15]]
[[3, 7, 12, 15, 18, 94], [0, 1, 2, 6, 9, 10, 13, 14, 15]]
[[3, 7, 12, 15, 18, 94], [0, 1, 3, 5, 6, 9, 11, 12, 13, 14, 15]]
[[3, 7, 12, 15, 18, 94], [0, 1, 2, 6, 9, 10, 11, 12, 13, 14, 15]]
[[3, 7, 12, 15, 18, 94], [0, 1, 2, 5, 7, 9, 13, 14, 15, 16, 18]]
[[3, 7, 12, 15, 18, 94], [0, 6, 7, 8, 9, 10, 11, 14, 15, 16, 18]]
[[3, 7, 12, 15, 18, 94], [0, 8, 9, 10, 11, 14, 15, 17, 18]]
[[3, 7, 12, 15, 18, 94], [0, 1, 2, 5, 7, 9, 11, 12, 13, 14, 15, 17, 18]]
[[3, 7, 12, 15, 18, 94], [0, 5, 8, 9, 11, 14, 15, 16, 17]]
[[3, 7, 12, 15, 18, 94], [0, 5, 6, 7, 8, 9, 11, 14, 15, 16, 17]]
[[3, 7, 12, 15, 18, 94], [0, 1, 3, 8, 9, 10, 12, 14, 15, 16, 17]]
[[3, 7, 12, 15, 18, 94], [0, 2, 3, 6, 7, 8, 9, 10, 12, 14, 15, 16, 17]]
[[3, 7, 12, 15, 48, 82], [0, 3, 4, 5, 6, 8, 15, 18]]
[[3, 7, 12, 15, 33, 76], [0, 1, 2, 3, 4, 7, 8, 9, 10, 11, 13, 14, 15, 18]]
[[3, 7, 12, 15, 33, 76], [0, 1, 3, 5, 6, 11, 14, 15]]
[[3, 7, 12, 15, 33, 76], [0, 6, 9, 10, 11, 15, 16, 18]]
[[3, 7, 12, 15, 28, 82], [0, 1, 4, 5, 6, 7, 11, 12, 15, 18]]
[[3, 7, 12, 15, 28, 94], [0, 2, 4, 6, 7, 8, 9, 10, 11, 14, 15, 16, 17, 18]]
[[3, 7, 12, 15, 28, 94], [0, 1, 4, 5, 6, 8, 10, 16, 17, 18]]
[[3, 7, 12, 15, 28, 94], [0, 3, 4, 6, 8, 9, 14, 16, 17, 18]]
[[3, 7, 12, 15, 28, 58], [0, 1, 4, 6, 7, 8, 12, 16, 17, 18]]
[[3, 7, 12, 15, 28, 58], [0, 3, 4, 6, 7, 8, 12, 16, 17, 18]]
[[3, 7, 12, 15, 28, 58], [0, 2, 4, 6, 11, 12, 13, 16, 17, 18]]
[[3, 7, 12, 15, 28, 58], [0, 2, 4, 8, 11, 12, 13, 16, 17, 18]]
[[3, 7, 12, 15, 43, 58], [0, 1, 4, 7, 11, 12, 13, 16, 17, 18]]
[[3, 7, 12, 15, 43, 58], [0, 3, 4, 7, 11, 12, 13, 16, 17, 18]]
[[3, 7, 12, 15, 18, 64], [0, 1, 4, 5, 7, 9, 10, 12, 14, 17]]
[[3, 7, 12, 15, 18, 64], [0, 3, 4, 5, 7, 9, 10, 12, 14, 17]]
[[3, 7, 12, 15, 38, 70], [0, 2, 3, 7, 8, 10, 11, 13, 14, 15]]
[[3, 7, 12, 15, 38, 70], [0, 5, 6, 8, 9, 12, 13, 15, 17, 18]]
[[3, 7, 12, 15, 43, 64], [0, 2, 3, 6, 7, 8, 9, 10, 13, 15, 16, 18]]
[[3, 7, 12, 15, 43, 64], [0, 1, 3, 5, 8, 11, 12, 13, 14, 15, 17, 18]]
[[3, 7, 12, 15, 18, 100], [0, 1, 2, 5, 6, 7, 9, 11, 13, 15, 16, 18]]
[[3, 7, 12, 15, 18, 100], [0, 1, 3, 6, 8, 10, 11, 12, 14, 15, 16, 17]]
[[3, 7, 12, 27, 33, 106], [0, 1, 2, 3, 4, 5, 9, 14, 15, 16]]
[[3, 7, 12, 27, 23, 112], [0, 2, 4, 5, 6, 9, 13, 14, 15, 16]]
[[3, 7, 12, 27, 38, 58], [0, 1, 4, 5, 7, 9, 13, 14, 15, 16]]
[[3, 7, 12, 27, 28, 64], [0, 1, 2, 3, 4, 6, 7, 8, 9, 10, 11, 12, 13, 14, 15, 16]]
[[3, 7, 12, 27, 33, 112], [0, 1, 2, 3, 4, 5, 6, 8, 15, 18]]
[[3, 7, 12, 27, 48, 46], [0, 1, 4, 5, 7, 8, 9, 14, 15, 18]]
[[3, 7, 12, 27, 18, 100], [0, 3, 4, 5, 7, 8, 9, 14, 15, 18]]
[[3, 7, 12, 27, 23, 94], [0, 1, 2, 3, 4, 6, 7, 9, 10, 12, 13, 14, 15, 18]]
[[3, 7, 12, 27, 48, 40], [0, 3, 4, 6, 8, 10, 11, 12, 15, 18]]
[[3, 7, 12, 27, 53, 58], [0, 3, 4, 5, 6, 9, 11, 12, 13, 14, 15, 18]]
[[3, 7, 12, 27, 33, 52], [0, 1, 2, 3, 4, 5, 7, 11, 15, 16, 17, 18]]
[[3, 7, 12, 27, 28, 118], [0, 2, 4, 7, 9, 10, 11, 14, 15, 17]]
[[3, 7, 12, 27, 48, 58], [0, 3, 4, 8, 9, 10, 11, 14, 15, 17]]
[[3, 7, 12, 27, 28, 94], [0, 3, 4, 5, 6, 7, 9, 11, 12, 14, 15, 17]]
[[3, 7, 12, 27, 28, 94], [0, 1, 2, 3, 4, 6, 8, 12, 13, 16, 17, 18]]
[[3, 7, 12, 27, 28, 94], [0, 1, 2, 3, 4, 6, 8, 11, 12, 16, 17, 18]]
[[3, 7, 12, 27, 23, 64], [0, 1, 4, 5, 6, 7, 8, 9, 10, 11, 14, 16]]
[[3, 7, 12, 27, 23, 64], [0, 3, 4, 5, 6, 7, 8, 9, 10, 13, 14, 18]]
[[3, 7, 12, 27, 48, 64], [0, 1, 2, 3, 4, 7, 9, 11, 12, 13, 14, 16]]
[[3, 7, 12, 27, 48, 64], [0, 1, 2, 3, 4, 5, 7, 10, 11, 12, 13, 18]]
[[3, 7, 12, 27, 43, 40], [0, 1, 2, 3, 4, 5, 6, 8, 10, 12, 13, 16, 17, 18]]
[[3, 7, 12, 27, 43, 40], [0, 1, 2, 3, 4, 6, 8, 9, 11, 12, 14, 16, 17, 18]]
[[3, 7, 12, 27, 28, 124], [0, 2, 3, 7, 9, 10, 13, 15, 16, 18]]
[[3, 7, 12, 27, 28, 124], [0, 1, 3, 5, 8, 12, 14, 15, 17, 18]]
[[3, 7, 12, 31, 28, 112], [0, 2, 4, 9, 10, 14, 15, 16]]
[[3, 7, 12, 31, 28, 76], [0, 3, 4, 7, 8, 9, 10, 14, 15, 16]]
[[3, 7, 12, 31, 28, 76], [0, 1, 3, 10, 12, 13, 14, 15]]
[[3, 7, 12, 31, 28, 76], [0, 5, 7, 8, 9, 15, 16, 18]]
[[3, 7, 12, 31, 28, 76], [0, 2, 3, 5, 8, 11, 12, 13, 14, 15, 16, 18]]
[[3, 7, 12, 31, 28, 76], [0, 1, 3, 6, 7, 8, 9, 10, 13, 15, 17, 18]]
[[3, 7, 12, 31, 28, 106], [0, 3, 4, 6, 7, 9, 10, 11, 13, 14, 15, 16]]
[[3, 7, 12, 31, 33, 70], [0, 1, 2, 3, 4, 6, 7, 9, 10, 12, 13, 14, 15, 16]]
[[3, 7, 12, 31, 38, 58], [0, 1, 4, 5, 6, 8, 15, 18]]
[[3, 7, 12, 31, 43, 88], [0, 1, 2, 3, 4, 6, 7, 9, 10, 11, 12, 14, 15, 18]]
[[3, 7, 12, 31, 18, 76], [0, 1, 2, 3, 4, 7, 8, 10, 11, 13, 15, 16, 17, 18]]
[[3, 7, 12, 31, 23, 82], [0, 3, 4, 5, 7, 8, 9, 12, 13, 14, 15, 16, 17, 18]]
[[3, 7, 12, 31, 28, 94], [0, 3, 4, 6, 7, 8, 9, 10, 11, 12, 13, 14, 15, 17]]
[[3, 7, 12, 31, 33, 94], [0, 1, 4, 7, 8, 9, 14, 16]]
[[3, 7, 12, 31, 33, 94], [0, 3, 4, 5, 6, 7, 10, 18]]
[[3, 7, 12, 31, 53, 58], [0, 1, 4, 6, 8, 9, 12, 13, 14, 16]]
[[3, 7, 12, 31, 53, 58], [0, 3, 4, 5, 6, 8, 10, 11, 12, 18]]
[[3, 7, 12, 31, 48, 34], [0, 1, 3, 5, 7, 8, 9, 12, 13, 15, 16, 18]]
[[3, 7, 12, 31, 48, 34], [0, 1, 3, 7, 8, 10, 12, 13, 14, 15, 16, 18]]
[[3, 7, 12, 11, 33, 76], [0, 1, 2, 3, 4, 6, 7, 9, 10, 14, 15, 16]]
[[3, 7, 12, 11, 33, 76], [1, 2, 4, 6, 8, 15, 16, 18]]
[[3, 7, 12, 11, 33, 76], [1, 3, 4, 7, 8, 9, 11, 13, 14, 15, 16, 18]]
[[3, 7, 12, 11, 33, 76], [1, 3, 4, 5, 6, 8, 10, 11, 12, 15, 16, 18]]
[[3, 7, 12, 11, 33, 76], [1, 2, 4, 6, 7, 9, 14, 15, 17, 18]]
[[3, 7, 12, 11, 33, 76], [1, 3, 4, 11, 13, 15, 17, 18]]
[[3, 7, 12, 11, 33, 76], [1, 2, 4, 5, 10, 12, 13, 15, 17, 18]]
[[3, 7, 12, 11, 28, 82], [0, 2, 4, 7, 10, 13, 15, 18]]
[[3, 7, 12, 11, 28, 52], [0, 1, 2, 3, 4, 5, 8, 13, 15, 18]]
[[3, 7, 12, 11, 23, 64], [0, 2, 4, 8, 10, 13, 15, 18]]
[[3, 7, 12, 11, 43, 76], [0, 2, 4, 6, 7, 10, 11, 12, 15, 18]]
[[3, 7, 12, 11, 23, 70], [0, 1, 4, 6, 8, 10, 11, 12, 15, 18]]
[[3, 7, 12, 11, 43, 82], [0, 2, 3, 5, 6, 8, 9, 11, 12, 15, 16, 18]]
[[3, 7, 12, 11, 43, 82], [0, 1, 3, 6, 7, 10, 11, 13, 14, 15, 17, 18]]
[[3, 7, 12, 11, 13, 58], [1, 2, 4, 5, 6, 10, 11, 15, 16, 18]]
[[3, 7, 12, 11, 13, 58], [1, 2, 4, 5, 7, 9, 10, 12, 14, 15, 16, 18]]
[[3, 7, 12, 11, 13, 58], [1, 2, 4, 6, 7, 8, 9, 11, 12, 13, 14, 15, 16, 18]]
[[3, 7, 12, 11, 13, 58], [1, 3, 4, 8, 9, 13, 14, 15, 17, 18]]
[[3, 7, 12, 11, 13, 58], [1, 3, 4, 5, 7, 9, 10, 12, 14, 15, 17, 18]]
[[3, 7, 12, 11, 13, 58], [1, 3, 4, 5, 6, 7, 8, 10, 11, 12, 13, 15, 17, 18]]
[[3, 7, 12, 11, 8, 94], [0, 1, 2, 5, 6, 8, 9, 11, 13, 14, 15]]
[[3, 7, 12, 11, 8, 94], [0, 1, 2, 6, 8, 9, 10, 11, 13, 14, 15]]
[[3, 7, 12, 11, 8, 94], [0, 1, 2, 5, 7, 8, 9, 12, 13, 14, 15]]
[[3, 7, 12, 11, 8, 94], [0, 1, 2, 7, 8, 9, 10, 12, 13, 14, 15]]
[[3, 7, 12, 11, 8, 94], [0, 5, 6, 8, 9, 11, 13, 14, 15, 16, 17]]
[[3, 7, 12, 11, 8, 94], [0, 1, 2, 5, 6, 8, 9, 11, 13, 14, 15, 16, 17]]
[[3, 7, 12, 11, 8, 94], [0, 6, 8, 9, 10, 11, 13, 14, 15, 16, 17]]
[[3, 7, 12, 11, 8, 94], [0, 1, 2, 6, 8, 9, 10, 11, 13, 14, 15, 16, 17]]
[[3, 7, 12, 11, 8, 94], [0, 5, 7, 8, 9, 12, 13, 14, 15, 16, 17]]
[[3, 7, 12, 11, 8, 94], [0, 1, 2, 5, 7, 8, 9, 12, 13, 14, 15, 16, 17]]
[[3, 7, 12, 11, 8, 94], [0, 7, 8, 9, 10, 12, 13, 14, 15, 16, 17]]
[[3, 7, 12, 11, 8, 94], [0, 1, 2, 7, 8, 9, 10, 12, 13, 14, 15, 16, 17]]
[[3, 7, 12, 19, 18, 94], [0, 2, 4, 5, 6, 7, 8, 9, 12, 14, 15, 16]]
[[3, 7, 12, 19, 48, 94], [0, 2, 4, 9, 10, 11, 12, 14, 15, 16]]
[[3, 7, 12, 19, 38, 94], [0, 2, 4, 6, 7, 8, 9, 10, 11, 12, 13, 14, 15, 16]]
[[3, 7, 12, 19, 18, 100], [0, 1, 2, 3, 4, 5, 6, 9, 13, 14, 15, 18]]
[[3, 7, 12, 19, 28, 94], [0, 3, 4, 5, 7, 9, 11, 14, 15, 18]]
[[3, 7, 12, 19, 28, 70], [0, 1, 4, 5, 6, 7, 9, 11, 13, 14, 15, 18]]
[[3, 7, 12, 19, 23, 94], [0, 3, 4, 5, 6, 7, 9, 11, 13, 14, 15, 18]]
[[3, 7, 12, 19, 18, 76], [0, 3, 4, 7, 8, 9, 10, 11, 13, 14, 15, 18]]
[[3, 7, 12, 19, 23, 88], [0, 1, 4, 10, 12, 13, 15, 18]]
[[3, 7, 12, 19, 48, 88], [0, 3, 4, 10, 12, 13, 15, 18]]
[[3, 7, 12, 19, 38, 118], [0, 1, 2, 3, 4, 5, 8, 9, 11, 12, 13, 14, 15, 18]]
[[3, 7, 12, 19, 38, 118], [0, 1, 2, 6, 9, 10, 13, 14, 15, 16, 18]]
[[3, 7, 12, 19, 38, 118], [0, 1, 2, 5, 8, 9, 11, 14, 15, 16, 18]]
[[3, 7, 12, 19, 38, 118], [0, 1, 2, 5, 6, 7, 8, 9, 11, 14, 15, 17, 18]]
[[3, 7, 12, 19, 38, 118], [0, 1, 2, 6, 9, 10, 11, 12, 13, 14, 15, 17, 18]]
[[3, 7, 12, 19, 38, 118], [0, 1, 3, 6, 9, 10, 13, 14, 15, 16, 17]]
[[3, 7, 12, 19, 38, 118], [0, 1, 2, 5, 7, 9, 13, 14, 15, 16, 17]]
[[3, 7, 12, 19, 38, 118], [0, 1, 3, 5, 8, 9, 11, 14, 15, 16, 17]]
[[3, 7, 12, 19, 38, 118], [0, 2, 3, 5, 6, 7, 8, 9, 11, 14, 15, 16, 17]]
[[3, 7, 12, 19, 38, 118], [0, 1, 2, 8, 9, 10, 12, 14, 15, 16, 17]]
[[3, 7, 12, 19, 38, 118], [0, 1, 2, 6, 7, 8, 9, 10, 12, 14, 15, 16, 17]]
[[3, 7, 12, 19, 38, 118], [0, 2, 3, 6, 9, 10, 11, 12, 13, 14, 15, 16, 17]]
[[3, 7, 12, 19, 38, 118], [0, 1, 2, 5, 7, 9, 11, 12, 13, 14, 15, 16, 17]]
[[3, 7, 12, 19, 23, 112], [0, 1, 2, 3, 4, 6, 7, 8, 9, 10, 11, 12, 13, 14, 15, 18]]
[[3, 7, 12, 19, 18, 130], [0, 2, 4, 5, 6, 11, 12, 13, 15, 16, 17, 18]]
[[3, 7, 12, 19, 18, 106], [0, 2, 4, 5, 7, 8, 9, 14, 15, 17]]
[[3, 7, 12, 19, 43, 100], [0, 2, 4, 5, 6, 7, 9, 11, 13, 14, 15, 17]]
[[3, 7, 12, 19, 48, 64], [0, 3, 4, 5, 7, 9, 10, 13, 14, 16]]
[[3, 7, 12, 19, 48, 64], [0, 1, 4, 5, 7, 9, 10, 11, 14, 18]]
[[3, 7, 12, 19, 43, 112], [0, 1, 4, 7, 9, 12, 14, 16]]
[[3, 7, 12, 19, 43, 112], [0, 3, 4, 5, 7, 10, 12, 18]]
[[3, 7, 12, 19, 23, 58], [0, 3, 4, 9, 11, 12, 14, 16]]
[[3, 7, 12, 19, 23, 58], [0, 1, 4, 5, 10, 12, 13, 18]]
[[3, 7, 12, 19, 48, 112], [0, 3, 4, 5, 7, 8, 10, 12, 13, 16, 17, 18]]
[[3, 7, 12, 19, 48, 112], [0, 1, 4, 6, 7, 9, 11, 12, 14, 16, 17, 18]]
[[3, 7, 12, 19, 38, 130], [0, 1, 2, 8, 9, 10, 12, 15, 16, 18]]
[[3, 7, 12, 19, 38, 130], [0, 1, 3, 5, 7, 13, 14, 15, 16, 17]]
[[3, 7, 12, 19, 28, 58], [0, 1, 2, 5, 6, 8, 9, 15, 17, 18]]
[[3, 7, 12, 19, 28, 58], [0, 2, 3, 10, 11, 13, 14, 15, 16, 17]]
[[3, 7, 12, 19, 13, 88], [0, 1, 2, 5, 7, 8, 9, 11, 13, 15, 17, 18]]
[[3, 7, 12, 19, 13, 88], [0, 2, 3, 6, 8, 10, 12, 13, 14, 15, 16, 17]]
[[3, 7, 12, 19, 18, 112], [1, 2, 4, 6, 7, 15, 16, 18]]
[[3, 7, 12, 19, 18, 112], [2, 3, 4, 5, 6, 8, 10, 15, 16, 18]]
[[3, 7, 12, 19, 18, 112], [1, 3, 4, 12, 13, 15, 17, 18]]
[[3, 7, 12, 19, 18, 112], [2, 3, 4, 5, 6, 8, 10, 12, 13, 15, 17, 18]]
[[3, 7, 12, 19, 18, 112], [1, 3, 4, 9, 11, 13, 14, 15, 16, 17]]
[[3, 7, 12, 19, 18, 112], [1, 2, 4, 6, 7, 9, 11, 13, 14, 15, 16, 17]]
[[3, 7, 12, 19, 33, 112], [2, 3, 4, 5, 10, 11, 13, 15, 16, 18]]
[[3, 7, 12, 19, 33, 112], [1, 2, 4, 11, 12, 15, 16, 18]]
[[3, 7, 12, 19, 33, 112], [1, 3, 4, 7, 8, 15, 17, 18]]
[[3, 7, 12, 19, 33, 112], [2, 3, 4, 5, 7, 8, 10, 11, 13, 15, 17, 18]]
[[3, 7, 12, 19, 33, 112], [1, 3, 4, 6, 8, 9, 14, 15, 16, 17]]
[[3, 7, 12, 19, 33, 112], [1, 2, 4, 6, 8, 9, 11, 12, 14, 15, 16, 17]]
[[3, 7, 12, 39, 33, 58], [0, 1, 4, 8, 9, 10, 12, 14, 15, 16]]
[[3, 7, 12, 39, 28, 76], [0, 1, 4, 7, 9, 10, 12, 14, 15, 17]]
[[3, 7, 12, 35, 33, 64], [0, 1, 2, 3, 4, 8, 10, 13, 15, 18]]
[[3, 7, 12, 35, 33, 64], [0, 1, 2, 3, 4, 5, 8, 9, 10, 13, 14, 16]]
[[3, 7, 12, 35, 33, 64], [0, 1, 2, 3, 4, 5, 6, 9, 10, 11, 14, 18]]
[[3, 7, 12, 35, 28, 76], [0, 1, 2, 3, 4, 5, 8, 11, 15, 18]]
[[3, 7, 12, 35, 33, 70], [0, 3, 4, 7, 9, 10, 11, 14, 15, 18]]
[[3, 7, 12, 35, 33, 76], [0, 1, 2, 3, 4, 5, 6, 7, 8, 9, 11, 12, 13, 14, 15, 18]]
[[3, 7, 12, 35, 48, 46], [0, 1, 2, 3, 4, 5, 6, 8, 9, 11, 12, 14, 15, 17]]
[[3, 7, 12, 35, 43, 58], [0, 1, 4, 5, 6, 7, 8, 9, 10, 13, 14, 16]]
[[3, 7, 12, 35, 43, 58], [0, 3, 4, 5, 6, 7, 8, 9, 10, 11, 14, 18]]
[[3, 7, 12, 35, 23, 76], [0, 2, 3, 5, 8, 13, 14, 15]]
[[3, 7, 12, 35, 23, 76], [0, 8, 9, 10, 13, 15, 17, 18]]
[[3, 7, 12, 43, 38, 64], [0, 3, 4, 5, 6, 11, 12, 13, 15, 18]]
[[3, 7, 12, 7, 33, 52], [1, 2, 4, 5, 8, 10, 13, 15, 16, 18]]
[[3, 7, 12, 7, 33, 52], [1, 2, 4, 8, 9, 13, 14, 15, 16, 18]]
[[3, 7, 12, 7, 33, 52], [1, 2, 4, 5, 8, 9, 10, 13, 14, 15, 16, 18]]
[[3, 7, 12, 7, 33, 52], [1, 3, 4, 5, 6, 10, 11, 15, 17, 18]]
[[3, 7, 12, 7, 33, 52], [1, 3, 4, 6, 9, 11, 14, 15, 17, 18]]
[[3, 7, 12, 7, 33, 52], [1, 3, 4, 5, 6, 9, 10, 11, 14, 15, 17, 18]]
[[3, 7, 12, 7, 33, 64], [0, 1, 2, 5, 6, 7, 9, 12, 13, 14, 15, 16, 18]]
[[3, 7, 12, 7, 33, 64], [0, 1, 2, 7, 8, 9, 10, 11, 12, 14, 15, 16, 18]]
[[3, 7, 12, 7, 33, 64], [0, 1, 2, 6, 7, 9, 10, 11, 13, 14, 15, 17, 18]]
[[3, 7, 12, 7, 33, 64], [0, 1, 2, 5, 6, 8, 9, 11, 12, 14, 15, 17, 18]]
[[3, 7, 12, 7, 33, 64], [0, 1, 2, 5, 6, 8, 9, 14, 15, 16, 17]]
[[3, 7, 12, 7, 33, 64], [0, 1, 2, 7, 8, 9, 10, 14, 15, 16, 17]]
[[3, 7, 12, 7, 33, 64], [0, 1, 2, 9, 10, 11, 13, 14, 15, 16, 17]]
[[3, 7, 12, 7, 33, 64], [0, 2, 3, 6, 7, 9, 10, 11, 13, 14, 15, 16, 17]]
[[3, 7, 12, 7, 33, 64], [0, 1, 2, 5, 9, 12, 13, 14, 15, 16, 17]]
[[3, 7, 12, 7, 33, 64], [0, 1, 3, 5, 6, 7, 9, 12, 13, 14, 15, 16, 17]]
[[3, 7, 12, 7, 33, 64], [0, 2, 3, 5, 6, 8, 9, 11, 12, 14, 15, 16, 17]]
[[3, 7, 12, 7, 33, 64], [0, 1, 3, 7, 8, 9, 10, 11, 12, 14, 15, 16, 17]]
[[3, 7, 18, 15, 28, 76], [0, 1, 4, 5, 7, 9, 11, 12, 13, 14, 15, 16]]
[[3, 7, 18, 15, 28, 76], [0, 2, 4, 5, 6, 8, 15, 18]]
[[3, 7, 18, 15, 8, 88], [0, 2, 4, 5, 15, 18]]
[[3, 7, 18, 15, 33, 64], [0, 1, 2, 3, 4, 5, 9, 11, 13, 14, 15, 18]]
[[3, 7, 18, 15, 23, 70], [0, 1, 2, 3, 4, 7, 8, 10, 11, 12, 15, 18]]
[[3, 7, 18, 15, 23, 70], [0, 1, 3, 7, 8, 10, 14, 15, 16, 18]]
[[3, 7, 18, 15, 23, 70], [0, 1, 3, 5, 9, 12, 13, 15, 16, 18]]
[[3, 7, 18, 15, 28, 70], [0, 2, 3, 6, 10, 13, 14, 15]]
[[3, 7, 18, 15, 28, 70], [0, 5, 8, 9, 11, 15, 17, 18]]
[[3, 7, 18, 15, 18, 100], [0, 1, 3, 5, 7, 13, 14, 15, 16, 18]]
[[3, 7, 18, 15, 18, 100], [0, 1, 3, 8, 9, 10, 12, 15, 16, 18]]
[[3, 7, 18, 15, 33, 52], [0, 2, 3, 5, 6, 8, 9, 11, 13, 15, 16, 18]]
[[3, 7, 18, 15, 33, 52], [0, 1, 3, 6, 8, 10, 11, 13, 14, 15, 17, 18]]
[[3, 7, 18, 15, 28, 100], [0, 2, 3, 7, 8, 10, 11, 13, 14, 15, 16, 18]]
[[3, 7, 18, 15, 28, 100], [0, 1, 3, 5, 6, 8, 9, 12, 13, 15, 17, 18]]
[[3, 7, 18, 15, 38, 88], [0, 1, 3, 5, 6, 7, 9, 12, 13, 15, 16, 18]]
[[3, 7, 18, 15, 38, 88], [0, 1, 3, 7, 8, 10, 11, 12, 14, 15, 16, 18]]
[[3, 7, 18, 15, 38, 82], [0, 2, 3, 5, 7, 8, 9, 11, 13, 15, 17, 18]]
[[3, 7, 18, 15, 38, 82], [0, 2, 3, 6, 8, 10, 12, 13, 14, 15, 17, 18]]
[[3, 7, 18, 15, 23, 88], [1, 3, 4, 5, 8, 9, 10, 12, 14, 15]]
[[3, 7, 18, 15, 23, 88], [1, 2, 4, 6, 7, 8, 9, 12, 14, 15]]
[[3, 7, 18, 15, 23, 88], [1, 2, 4, 5, 6, 7, 8, 10, 11, 15, 16, 18]]
[[3, 7, 18, 15, 23, 88], [4, 5, 7, 9, 10, 11, 14, 15, 16, 18]]
[[3, 7, 18, 15, 23, 88], [4, 5, 7, 10, 11, 12, 13, 15, 17, 18]]
[[3, 7, 18, 15, 23, 88], [1, 3, 4, 8, 9, 11, 12, 13, 14, 15, 17, 18]]
[[3, 7, 18, 31, 33, 88], [0, 1, 2, 3, 4, 5, 8, 9, 13, 14, 15, 16]]
[[3, 7, 18, 31, 28, 88], [0, 3, 4, 5, 6, 7, 11, 13, 15, 18]]
[[3, 7, 18, 31, 28, 88], [0, 3, 4, 5, 6, 8, 9, 14, 15, 16, 17, 18]]
[[3, 7, 18, 31, 28, 88], [0, 2, 3, 6, 7, 8, 9, 10, 11, 15, 17, 18]]
[[3, 7, 18, 31, 28, 88], [0, 1, 2, 5, 9, 12, 13, 15, 17, 18]]
[[3, 7, 18, 31, 28, 88], [0, 2, 3, 5, 6, 11, 12, 13, 14, 15, 17, 18]]
[[3, 7, 18, 31, 28, 88], [0, 2, 3, 7, 8, 10, 14, 15, 16, 17]]
[[3, 7, 18, 31, 33, 100], [0, 2, 3, 5, 6, 11, 14, 15]]
[[3, 7, 18, 31, 33, 100], [0, 6, 9, 10, 11, 15, 17, 18]]
[[3, 7, 18, 31, 28, 94], [0, 2, 3, 5, 6, 9, 13, 15, 16, 18]]
[[3, 7, 18, 31, 28, 94], [0, 1, 3, 8, 10, 11, 14, 15, 17, 18]]
[[3, 7, 18, 31, 23, 88], [0, 2, 3, 6, 9, 10, 11, 15, 16, 18]]
[[3, 7, 18, 31, 23, 88], [0, 1, 3, 5, 6, 11, 14, 15, 17, 18]]
[[3, 7, 18, 31, 28, 112], [0, 2, 3, 6, 7, 10, 11, 13, 14, 15, 16, 18]]
[[3, 7, 18, 31, 28, 112], [0, 1, 3, 5, 6, 8, 9, 11, 12, 15, 17, 18]]
[[3, 7, 18, 31, 48, 58], [1, 2, 4, 6, 9, 11, 14, 15, 16, 18]]
[[3, 7, 18, 31, 48, 58], [1, 2, 4, 5, 7, 10, 12, 15, 16, 18]]
[[3, 7, 18, 31, 48, 58], [1, 2, 4, 5, 6, 7, 8, 9, 10, 11, 12, 13, 14, 15, 16, 18]]
[[3, 7, 18, 31, 48, 58], [1, 3, 4, 5, 8, 10, 13, 15, 17, 18]]
[[3, 7, 18, 31, 48, 58], [1, 3, 4, 7, 9, 12, 14, 15, 17, 18]]
[[3, 7, 18, 31, 48, 58], [1, 3, 4, 5, 6, 7, 8, 9, 10, 11, 12, 13, 14, 15, 17, 18]]
[[3, 7, 18, 11, 23, 76], [0, 2, 3, 8, 9, 10, 13, 15, 16, 18]]
[[3, 7, 18, 11, 23, 76], [0, 1, 3, 5, 8, 13, 14, 15, 17, 18]]
[[3, 7, 18, 11, 28, 76], [0, 2, 3, 5, 8, 12, 14, 15, 16, 18]]
[[3, 7, 18, 11, 28, 76], [0, 1, 3, 7, 9, 10, 13, 15, 17, 18]]
[[3, 7, 18, 11, 18, 76], [0, 1, 2, 7, 8, 9, 10, 15, 17, 18]]
[[3, 7, 18, 11, 18, 76], [0, 2, 3, 5, 12, 13, 14, 15, 16, 17]]
[[3, 7, 18, 11, 8, 82], [0, 1, 2, 5, 6, 8, 9, 14, 15]]
[[3, 7, 18, 11, 8, 82], [0, 2, 3, 6, 8, 9, 10, 14, 15]]
[[3, 7, 18, 11, 8, 82], [0, 1, 3, 5, 7, 8, 9, 14, 15]]
[[3, 7, 18, 11, 8, 82], [0, 1, 2, 7, 8, 9, 10, 14, 15]]
[[3, 7, 18, 11, 8, 82], [0, 9, 10, 12, 13, 14, 15, 16, 18]]
[[3, 7, 18, 11, 8, 82], [0, 1, 2, 5, 6, 8, 9, 11, 12, 14, 15, 16, 18]]
[[3, 7, 18, 11, 8, 82], [0, 5, 9, 11, 13, 14, 15, 17, 18]]
[[3, 7, 18, 11, 8, 82], [0, 1, 2, 7, 8, 9, 10, 11, 12, 14, 15, 17, 18]]
[[3, 7, 18, 11, 8, 82], [0, 9, 10, 11, 13, 14, 15, 16, 17]]
[[3, 7, 18, 11, 8, 82], [0, 1, 3, 6, 7, 9, 10, 11, 13, 14, 15, 16, 17]]
[[3, 7, 18, 11, 8, 82], [0, 5, 9, 12, 13, 14, 15, 16, 17]]
[[3, 7, 18, 11, 8, 82], [0, 2, 3, 5, 6, 7, 9, 12, 13, 14, 15, 16, 17]]
[[3, 7, 18, 27, 28, 88], [0, 3, 4, 5, 6, 7, 8, 9, 11, 14, 15, 16]]
[[3, 7, 18, 27, 28, 124], [0, 1, 2, 3, 4, 5, 6, 9, 12, 14, 15, 16]]
[[3, 7, 18, 27, 28, 112], [0, 1, 2, 3, 4, 5, 7, 8, 9, 11, 12, 14, 15, 16]]
[[3, 7, 18, 27, 28, 100], [0, 1, 4, 5, 6, 7, 8, 9, 13, 14, 15, 18]]
[[3, 7, 18, 27, 38, 76], [0, 3, 4, 9, 10, 12, 13, 14, 15, 18]]
[[3, 7, 18, 27, 38, 82], [0, 2, 4, 8, 9, 10, 11, 12, 13, 14, 15, 16, 17, 18]]
[[3, 7, 18, 27, 23, 100], [0, 1, 4, 5, 6, 7, 9, 12, 13, 14, 15, 17]]
[[3, 7, 18, 27, 23, 118], [0, 1, 4, 6, 7, 8, 9, 13, 14, 16]]
[[3, 7, 18, 27, 23, 118], [0, 3, 4, 5, 6, 7, 8, 10, 11, 18]]
[[3, 7, 18, 27, 48, 46], [0, 2, 3, 5, 6, 8, 14, 15]]
[[3, 7, 18, 27, 48, 46], [0, 9, 10, 11, 13, 15, 17, 18]]
[[3, 7, 18, 27, 28, 106], [0, 1, 3, 7, 8, 10, 11, 13, 14, 15]]
[[3, 7, 18, 27, 28, 106], [0, 5, 6, 8, 9, 12, 13, 15, 16, 18]]
[[3, 7, 18, 27, 23, 88], [0, 1, 3, 6, 7, 8, 9, 10, 11, 15, 16, 18]]
[[3, 7, 18, 27, 23, 88], [0, 1, 3, 5, 6, 11, 12, 13, 14, 15, 16, 18]]
[[3, 7, 18, 27, 38, 100], [0, 2, 3, 6, 9, 10, 11, 12, 13, 15, 16, 18]]
[[3, 7, 18, 27, 38, 100], [0, 1, 3, 5, 6, 7, 8, 11, 14, 15, 17, 18]]
[[3, 7, 18, 27, 28, 82], [0, 1, 2, 7, 9, 10, 11, 12, 13, 15, 16, 18]]
[[3, 7, 18, 27, 28, 82], [0, 1, 3, 5, 6, 7, 8, 12, 14, 15, 16, 17]]
[[3, 7, 18, 27, 18, 88], [1, 2, 4, 11, 13, 15, 16, 18]]
[[3, 7, 18, 27, 18, 88], [1, 3, 4, 5, 6, 7, 10, 11, 13, 15, 16, 18]]
[[3, 7, 18, 27, 18, 88], [1, 3, 4, 6, 8, 9, 12, 13, 14, 15, 16, 18]]
[[3, 7, 18, 27, 18, 88], [1, 3, 4, 6, 8, 15, 17, 18]]
[[3, 7, 18, 27, 18, 88], [1, 2, 4, 5, 7, 8, 10, 15, 17, 18]]
[[3, 7, 18, 27, 18, 88], [1, 2, 4, 9, 11, 12, 14, 15, 17, 18]]
[[3, 7, 18, 23, 38, 52], [0, 3, 4, 8, 9, 10, 12, 14, 15, 16]]
[[3, 7, 18, 23, 33, 118], [0, 1, 2, 3, 4, 10, 15, 18]]
[[3, 7, 18, 23, 28, 106], [0, 1, 2, 3, 4, 5, 7, 9, 11, 14, 15, 18]]
[[3, 7, 18, 23, 28, 118], [0, 3, 4, 5, 7, 8, 9, 11, 13, 14, 15, 18]]
[[3, 7, 18, 23, 33, 88], [0, 1, 4, 6, 7, 8, 10, 11, 12, 13, 15, 18]]
[[3, 7, 18, 23, 33, 100], [0, 1, 2, 3, 4, 5, 6, 7, 9, 11, 12, 14, 15, 18]]
[[3, 7, 18, 23, 23, 118], [0, 3, 4, 6, 8, 9, 10, 11, 12, 14, 15, 18]]
[[3, 7, 18, 23, 33, 112], [0, 2, 4, 5, 9, 11, 12, 14, 15, 16, 17, 18]]
[[3, 7, 18, 23, 18, 118], [0, 1, 4, 5, 6, 8, 9, 11, 13, 14, 15, 17]]
[[3, 7, 18, 23, 48, 70], [0, 1, 2, 3, 4, 6, 7, 8, 13, 16, 17, 18]]
[[3, 7, 18, 23, 48, 70], [0, 1, 2, 3, 4, 6, 7, 8, 11, 16, 17, 18]]
[[3, 7, 18, 23, 48, 70], [0, 1, 3, 6, 7, 10, 14, 15, 16, 18]]
[[3, 7, 18, 23, 48, 70], [0, 1, 3, 5, 9, 11, 12, 15, 16, 18]]
[[3, 7, 18, 23, 23, 112], [0, 1, 2, 6, 7, 8, 9, 10, 11, 15, 16, 18]]
[[3, 7, 18, 23, 23, 112], [0, 1, 3, 5, 6, 11, 12, 13, 14, 15, 16, 17]]
[[3, 7, 18, 23, 33, 82], [0, 1, 2, 8, 9, 10, 11, 12, 13, 15, 17, 18]]
[[3, 7, 18, 23, 33, 82], [0, 2, 3, 5, 6, 7, 8, 13, 14, 15, 16, 17]]
[[3, 7, 18, 23, 18, 112], [1, 3, 4, 5, 7, 9, 10, 13, 14, 15]]
[[3, 7, 18, 23, 18, 112], [1, 2, 4, 7, 9, 11, 12, 13, 14, 15]]
[[3, 7, 18, 23, 18, 112], [4, 5, 6, 9, 10, 12, 14, 15, 16, 18]]
[[3, 7, 18, 23, 18, 112], [1, 2, 4, 5, 6, 10, 11, 12, 13, 15, 16, 18]]
[[3, 7, 18, 23, 18, 112], [1, 3, 4, 6, 7, 8, 9, 13, 14, 15, 17, 18]]
[[3, 7, 18, 23, 18, 112], [4, 5, 6, 7, 8, 10, 12, 15, 17, 18]]
[[3, 7, 18, 23, 38, 64], [0, 1, 2, 5, 7, 9, 13, 14, 15]]
[[3, 7, 18, 23, 38, 64], [0, 1, 3, 7, 9, 10, 13, 14, 15]]
[[3, 7, 18, 23, 38, 64], [0, 1, 2, 5, 7, 9, 11, 12, 13, 14, 15]]
[[3, 7, 18, 23, 38, 64], [0, 2, 3, 7, 9, 10, 11, 12, 13, 14, 15]]
[[3, 7, 18, 23, 38, 64], [0, 5, 8, 9, 12, 14, 15, 16, 18]]
[[3, 7, 18, 23, 38, 64], [0, 1, 2, 6, 9, 10, 11, 12, 13, 14, 15, 16, 18]]
[[3, 7, 18, 23, 38, 64], [0, 1, 2, 6, 9, 10, 13, 14, 15, 17, 18]]
[[3, 7, 18, 23, 38, 64], [0, 5, 6, 7, 8, 9, 12, 14, 15, 17, 18]]
[[3, 7, 18, 23, 38, 64], [0, 2, 3, 5, 8, 9, 11, 14, 15, 16, 17]]
[[3, 7, 18, 23, 38, 64], [0, 1, 3, 5, 6, 7, 8, 9, 11, 14, 15, 16, 17]]
[[3, 7, 18, 23, 38, 64], [0, 8, 9, 10, 12, 14, 15, 16, 17]]
[[3, 7, 18, 23, 38, 64], [0, 6, 7, 8, 9, 10, 12, 14, 15, 16, 17]]
[[3, 7, 18, 35, 33, 76], [0, 1, 2, 3, 4, 6, 7, 9, 10, 11, 12, 14, 15, 16]]
[[3, 7, 18, 35, 33, 88], [0, 1, 4, 6, 7, 8, 9, 10, 11, 14, 15, 18]]
[[3, 7, 18, 35, 33, 88], [0, 1, 4, 5, 6, 7, 9, 11, 12, 14, 15, 16, 17, 18]]
[[3, 7, 18, 35, 48, 46], [0, 2, 3, 6, 9, 10, 12, 15, 16, 18]]
[[3, 7, 18, 35, 48, 46], [0, 1, 3, 5, 7, 11, 14, 15, 17, 18]]
[[3, 7, 18, 19, 33, 112], [0, 2, 4, 5, 6, 7, 8, 9, 11, 12, 13, 14, 15, 16]]
[[3, 7, 18, 19, 28, 112], [0, 3, 4, 5, 7, 8, 15, 18]]
[[3, 7, 18, 19, 48, 76], [0, 3, 4, 6, 7, 9, 10, 14, 15, 18]]
[[3, 7, 18, 19, 23, 82], [0, 1, 4, 5, 8, 9, 12, 14, 15, 18]]
[[3, 7, 18, 19, 48, 88], [0, 1, 2, 3, 4, 5, 6, 7, 8, 9, 12, 14, 15, 18]]
[[3, 7, 18, 19, 38, 94], [0, 1, 2, 3, 4, 5, 7, 11, 12, 13, 15, 18]]
[[3, 7, 18, 19, 28, 106], [0, 2, 4, 5, 6, 7, 8, 11, 12, 13, 15, 18]]
[[3, 7, 18, 19, 33, 100], [0, 1, 4, 9, 10, 11, 12, 14, 15, 18]]
[[3, 7, 18, 19, 38, 88], [0, 3, 4, 8, 9, 10, 11, 12, 13, 14, 15, 18]]
[[3, 7, 18, 19, 38, 82], [0, 1, 2, 3, 4, 5, 9, 12, 13, 14, 15, 17]]
[[3, 7, 18, 19, 13, 88], [0, 2, 3, 6, 7, 10, 11, 13, 14, 15]]
[[3, 7, 18, 19, 13, 88], [0, 5, 6, 8, 9, 11, 12, 15, 17, 18]]
[[3, 7, 18, 19, 23, 76], [0, 2, 3, 5, 9, 15, 16, 18]]
[[3, 7, 18, 19, 23, 76], [0, 1, 3, 10, 14, 15, 17, 18]]
[[3, 7, 18, 19, 33, 88], [0, 1, 2, 6, 9, 10, 13, 15, 16, 18]]
[[3, 7, 18, 19, 33, 88], [0, 1, 3, 5, 8, 11, 14, 15, 16, 17]]
[[3, 7, 18, 19, 23, 88], [0, 2, 3, 10, 14, 15, 16, 18]]
[[3, 7, 18, 19, 23, 88], [0, 2, 3, 5, 6, 11, 14, 15, 16, 18]]
[[3, 7, 18, 19, 23, 88], [0, 1, 3, 5, 9, 15, 17, 18]]
[[3, 7, 18, 19, 23, 88], [0, 1, 3, 6, 9, 10, 11, 15, 17, 18]]
[[3, 7, 18, 19, 23, 106], [0, 1, 3, 5, 6, 7, 8, 13, 14, 15, 16, 18]]
[[3, 7, 18, 19, 23, 106], [0, 1, 3, 8, 9, 10, 11, 12, 13, 15, 16, 18]]
[[3, 7, 18, 19, 43, 94], [0, 2, 3, 5, 6, 7, 8, 11, 14, 15, 16, 18]]
[[3, 7, 18, 19, 43, 94], [0, 1, 3, 6, 9, 10, 11, 12, 13, 15, 17, 18]]
[[3, 7, 18, 19, 28, 100], [0, 1, 2, 5, 7, 9, 11, 15, 17, 18]]
[[3, 7, 18, 19, 28, 100], [0, 2, 3, 6, 10, 12, 14, 15, 16, 17]]
[[3, 7, 18, 19, 18, 118], [0, 1, 2, 5, 8, 9, 11, 12, 13, 15, 17, 18]]
[[3, 7, 18, 19, 18, 118], [0, 2, 3, 6, 7, 8, 10, 13, 14, 15, 16, 17]]
[[3, 7, 18, 19, 38, 70], [0, 2, 3, 6, 7, 8, 9, 10, 11, 12, 13, 15, 17, 18]]
[[3, 7, 18, 19, 38, 70], [0, 2, 3, 5, 6, 7, 8, 11, 12, 13, 14, 15, 17, 18]]
[[3, 7, 18, 19, 38, 58], [1, 2, 4, 5, 6, 9, 10, 13, 14, 15]]
[[3, 7, 18, 19, 38, 58], [1, 3, 4, 6, 9, 11, 12, 13, 14, 15]]
[[3, 7, 18, 19, 38, 58], [4, 5, 6, 7, 8, 10, 13, 15, 16, 18]]
[[3, 7, 18, 19, 38, 58], [1, 2, 4, 8, 9, 12, 14, 15, 16, 18]]
[[3, 7, 18, 19, 38, 58], [4, 5, 6, 9, 10, 13, 14, 15, 17, 18]]
[[3, 7, 18, 19, 38, 58], [1, 3, 4, 5, 7, 10, 11, 15, 17, 18]]
[[3, 7, 6, 15, 23, 106], [0, 1, 4, 7, 8, 9, 10, 11, 12, 14, 15, 16]]
[[3, 7, 6, 15, 48, 70], [0, 1, 2, 3, 4, 7, 9, 13, 14, 16]]
[[3, 7, 6, 15, 48, 70], [0, 1, 2, 3, 4, 5, 7, 10, 11, 18]]
[[3, 7, 6, 15, 48, 76], [0, 2, 4, 6, 8, 9, 14, 16]]
[[3, 7, 6, 15, 48, 76], [0, 2, 4, 5, 6, 8, 10, 18]]
[[3, 7, 6, 15, 33, 76], [0, 2, 4, 9, 11, 13, 14, 16]]
[[3, 7, 6, 15, 33, 76], [0, 2, 4, 5, 10, 11, 13, 18]]
[[3, 7, 6, 15, 38, 70], [0, 1, 4, 6, 7, 8, 9, 11, 12, 13, 14, 16]]
[[3, 7, 6, 15, 38, 70], [0, 3, 4, 5, 6, 7, 8, 10, 11, 12, 13, 18]]
[[3, 7, 6, 15, 38, 76], [0, 1, 2, 3, 4, 5, 7, 9, 10, 13, 14, 17]]
[[3, 7, 6, 15, 38, 76], [0, 1, 2, 3, 4, 5, 7, 9, 10, 11, 14, 17]]
[[3, 7, 6, 15, 23, 76], [0, 1, 4, 5, 7, 8, 10, 12, 13, 16, 18]]
[[3, 7, 6, 15, 23, 76], [0, 1, 4, 7, 8, 9, 12, 13, 14, 16, 18]]
[[3, 7, 6, 15, 23, 76], [0, 3, 4, 5, 6, 7, 10, 11, 12, 16, 18]]
[[3, 7, 6, 15, 23, 76], [0, 3, 4, 6, 7, 9, 11, 12, 14, 16, 18]]
[[3, 7, 6, 15, 23, 76], [0, 1, 4, 5, 6, 8, 10, 11, 13, 17, 18]]
[[3, 7, 6, 15, 23, 76], [0, 1, 4, 5, 6, 8, 9, 10, 11, 13, 14, 17, 18]]
[[3, 7, 6, 15, 23, 76], [0, 1, 2, 3, 4, 5, 6, 7, 10, 11, 12, 17, 18]]
[[3, 7, 6, 15, 23, 76], [0, 1, 2, 3, 4, 5, 6, 7, 9, 10, 11, 12, 14, 17, 18]]
[[3, 7, 6, 15, 23, 76], [0, 3, 4, 6, 8, 9, 11, 13, 14, 16, 17]]
[[3, 7, 6, 15, 23, 76], [0, 3, 4, 5, 6, 8, 9, 10, 11, 13, 14, 16, 17]]
[[3, 7, 6, 15, 23, 76], [0, 1, 2, 3, 4, 7, 8, 9, 12, 13, 14, 16, 17]]
[[3, 7, 6, 15, 23, 76], [0, 1, 2, 3, 4, 5, 7, 8, 9, 10, 12, 13, 14, 16, 17]]
[[3, 7, 6, 23, 28, 76], [0, 1, 2, 3, 4, 5, 6, 7, 8, 9, 13, 14, 15, 16]]
[[3, 7, 6, 23, 43, 82], [0, 3, 4, 5, 6, 9, 11, 14, 15, 16]]
[[3, 7, 6, 23, 13, 28], [0, 3, 4, 5, 6, 7, 11, 12, 15, 18]]
[[3, 7, 6, 23, 8, 40], [0, 1, 2, 3, 4, 5, 6, 9, 10, 13, 14, 16]]
[[3, 7, 6, 23, 8, 40], [0, 1, 2, 3, 4, 5, 8, 9, 10, 11, 14, 18]]
[[3, 7, 6, 23, 43, 58], [0, 3, 4, 5, 6, 9, 10, 12, 14, 16]]
[[3, 7, 6, 23, 43, 58], [0, 1, 4, 5, 8, 9, 10, 12, 14, 18]]
[[3, 7, 6, 23, 43, 112], [0, 3, 4, 6, 8, 12, 13, 16, 17, 18]]
[[3, 7, 6, 23, 43, 112], [0, 1, 4, 6, 8, 11, 12, 16, 17, 18]]
[[3, 7, 6, 23, 43, 106], [0, 3, 4, 5, 6, 8, 10, 16, 18]]
[[3, 7, 6, 23, 43, 106], [0, 1, 4, 6, 8, 9, 14, 16, 18]]
[[3, 7, 6, 23, 43, 106], [0, 3, 4, 5, 10, 11, 13, 16, 18]]
[[3, 7, 6, 23, 43, 106], [0, 1, 4, 9, 11, 13, 14, 16, 18]]
[[3, 7, 6, 23, 43, 106], [0, 1, 2, 3, 4, 5, 7, 8, 10, 17, 18]]
[[3, 7, 6, 23, 43, 106], [0, 1, 4, 5, 7, 8, 9, 10, 14, 17, 18]]
[[3, 7, 6, 23, 43, 106], [0, 1, 2, 3, 4, 5, 10, 12, 13, 17, 18]]
[[3, 7, 6, 23, 43, 106], [0, 1, 4, 5, 9, 10, 12, 13, 14, 17, 18]]
[[3, 7, 6, 23, 43, 106], [0, 1, 2, 3, 4, 6, 7, 9, 14, 16, 17]]
[[3, 7, 6, 23, 43, 106], [0, 3, 4, 5, 6, 7, 9, 10, 14, 16, 17]]
[[3, 7, 6, 23, 43, 106], [0, 1, 2, 3, 4, 9, 11, 12, 14, 16, 17]]
[[3, 7, 6, 23, 43, 106], [0, 3, 4, 5, 9, 10, 11, 12, 14, 16, 17]]
[[3, 7, 6, 23, 38, 130], [0, 3, 4, 5, 7, 8, 10, 12, 13, 16, 18]]
[[3, 7, 6, 23, 38, 130], [0, 3, 4, 7, 8, 9, 12, 13, 14, 16, 18]]
[[3, 7, 6, 23, 38, 130], [0, 1, 4, 5, 6, 7, 10, 11, 12, 16, 18]]
[[3, 7, 6, 23, 38, 130], [0, 1, 4, 6, 7, 9, 11, 12, 14, 16, 18]]
[[3, 7, 6, 23, 38, 130], [0, 1, 2, 3, 4, 5, 6, 8, 10, 11, 13, 17, 18]]
[[3, 7, 6, 23, 38, 130], [0, 1, 2, 3, 4, 5, 6, 8, 9, 10, 11, 13, 14, 17, 18]]
[[3, 7, 6, 23, 38, 130], [0, 1, 4, 5, 6, 7, 10, 11, 12, 17, 18]]
[[3, 7, 6, 23, 38, 130], [0, 1, 4, 5, 6, 7, 9, 10, 11, 12, 14, 17, 18]]
[[3, 7, 6, 23, 38, 130], [0, 1, 2, 3, 4, 6, 8, 9, 11, 13, 14, 16, 17]]
[[3, 7, 6, 23, 38, 130], [0, 1, 2, 3, 4, 5, 6, 8, 9, 10, 11, 13, 14, 16, 17]]
[[3, 7, 6, 23, 38, 130], [0, 3, 4, 7, 8, 9, 12, 13, 14, 16, 17]]
[[3, 7, 6, 23, 38, 130], [0, 3, 4, 5, 7, 8, 9, 10, 12, 13, 14, 16, 17]]
[[3, 7, 6, 31, 18, 58], [0, 3, 4, 9, 10, 11, 13, 14, 15, 16]]
[[3, 7, 6, 31, 23, 40], [0, 1, 4, 7, 8, 9, 10, 12, 13, 14, 15, 16]]
[[3, 7, 6, 31, 23, 88], [0, 3, 4, 6, 7, 9, 10, 11, 12, 14, 15, 18]]
[[3, 7, 6, 31, 23, 58], [0, 1, 4, 5, 6, 8, 10, 11, 13, 16, 17, 18]]
[[3, 7, 6, 31, 23, 58], [0, 3, 4, 6, 8, 9, 11, 13, 14, 16, 17, 18]]
[[3, 7, 6, 31, 38, 70], [0, 1, 4, 5, 6, 8, 10, 12, 13, 16, 18]]
[[3, 7, 6, 31, 38, 70], [0, 1, 2, 3, 4, 9, 12, 13, 14, 16, 18]]
[[3, 7, 6, 31, 38, 70], [0, 1, 2, 3, 4, 5, 10, 11, 12, 16, 18]]
[[3, 7, 6, 31, 38, 70], [0, 3, 4, 6, 8, 9, 11, 12, 14, 16, 18]]
[[3, 7, 6, 31, 38, 70], [0, 1, 4, 5, 7, 8, 10, 11, 13, 17, 18]]
[[3, 7, 6, 31, 38, 70], [0, 3, 4, 5, 9, 10, 11, 13, 14, 17, 18]]
[[3, 7, 6, 31, 38, 70], [0, 3, 4, 5, 10, 11, 12, 17, 18]]
[[3, 7, 6, 31, 38, 70], [0, 1, 2, 3, 4, 5, 7, 8, 9, 10, 11, 12, 14, 17, 18]]
[[3, 7, 6, 31, 38, 70], [0, 1, 4, 5, 9, 10, 11, 13, 14, 16, 17]]
[[3, 7, 6, 31, 38, 70], [0, 3, 4, 6, 7, 9, 11, 13, 14, 16, 17]]
[[3, 7, 6, 31, 38, 70], [0, 1, 4, 9, 12, 13, 14, 16, 17]]
[[3, 7, 6, 31, 38, 70], [0, 1, 2, 3, 4, 5, 6, 7, 9, 10, 12, 13, 14, 16, 17]]
[[3, 7, 6, 27, 13, 28], [0, 1, 4, 5, 7, 9, 12, 14, 15, 16]]
[[3, 7, 6, 27, 18, 58], [0, 1, 2, 3, 4, 6, 7, 8, 9, 12, 14, 16]]
[[3, 7, 6, 27, 18, 58], [0, 1, 2, 3, 4, 5, 6, 7, 8, 10, 12, 18]]
[[3, 7, 6, 27, 48, 70], [0, 3, 4, 6, 9, 11, 12, 13, 14, 16]]
[[3, 7, 6, 27, 48, 70], [0, 1, 4, 5, 8, 10, 11, 12, 13, 18]]
[[3, 7, 6, 27, 23, 82], [0, 1, 4, 5, 10, 16, 18]]
[[3, 7, 6, 27, 23, 82], [0, 3, 4, 9, 14, 16, 18]]
[[3, 7, 6, 27, 23, 82], [0, 3, 4, 5, 6, 8, 10, 11, 13, 16, 18]]
[[3, 7, 6, 27, 23, 82], [0, 1, 4, 6, 8, 9, 11, 13, 14, 16, 18]]
[[3, 7, 6, 27, 23, 82], [0, 1, 4, 5, 10, 17, 18]]
[[3, 7, 6, 27, 23, 82], [0, 1, 2, 3, 4, 5, 9, 10, 14, 17, 18]]
[[3, 7, 6, 27, 23, 82], [0, 1, 2, 3, 4, 5, 7, 8, 10, 12, 13, 17, 18]]
[[3, 7, 6, 27, 23, 82], [0, 1, 4, 5, 7, 8, 9, 10, 12, 13, 14, 17, 18]]
[[3, 7, 6, 27, 23, 82], [0, 3, 4, 9, 14, 16, 17]]
[[3, 7, 6, 27, 23, 82], [0, 1, 2, 3, 4, 5, 9, 10, 14, 16, 17]]
[[3, 7, 6, 27, 23, 82], [0, 1, 2, 3, 4, 6, 7, 9, 11, 12, 14, 16, 17]]
[[3, 7, 6, 27, 23, 82], [0, 3, 4, 5, 6, 7, 9, 10, 11, 12, 14, 16, 17]]
[[3, 7, 6, 19, 38, 112], [0, 1, 4, 5, 8, 9, 11, 14, 15, 16]]
[[3, 7, 6, 19, 63, 76], [0, 2, 4, 6, 8, 9, 10, 12, 13, 14, 15, 16]]
[[3, 7, 6, 19, 28, 88], [0, 1, 2, 3, 4, 5, 6, 7, 11, 13, 15, 18]]
[[3, 7, 6, 19, 23, 58], [0, 1, 2, 3, 4, 5, 7, 8, 10, 16, 17, 18]]
[[3, 7, 6, 19, 23, 58], [0, 1, 2, 3, 4, 6, 7, 9, 14, 16, 17, 18]]
[[3, 7, 6, 19, 18, 76], [0, 1, 4, 5, 10, 11, 13, 16, 17, 18]]
[[3, 7, 6, 19, 18, 76], [0, 3, 4, 9, 11, 13, 14, 16, 17, 18]]
[[3, 7, 6, 19, 18, 58], [0, 1, 2, 3, 4, 7, 8, 12, 13, 16, 17, 18]]
[[3, 7, 6, 19, 18, 58], [0, 1, 2, 3, 4, 6, 7, 11, 12, 16, 17, 18]]
[[3, 7, 6, 43, 28, 58], [0, 1, 2, 3, 4, 5, 6, 9, 11, 12, 13, 14, 15, 16]]
[[3, 7, 6, 39, 18, 46], [0, 3, 4, 6, 7, 8, 10, 11, 12, 13, 15, 18]]
[[3, 7, 6, 35, 28, 58], [0, 1, 4, 6, 7, 8, 12, 16, 18]]
[[3, 7, 6, 35, 28, 58], [0, 3, 4, 6, 7, 8, 12, 16, 18]]
[[3, 7, 6, 35, 28, 58], [0, 1, 4, 7, 11, 12, 13, 16, 18]]
[[3, 7, 6, 35, 28, 58], [0, 3, 4, 7, 11, 12, 13, 16, 18]]
[[3, 7, 6, 35, 28, 58], [0, 1, 4, 5, 7, 10, 13, 17, 18]]
[[3, 7, 6, 35, 28, 58], [0, 1, 2, 3, 4, 5, 7, 10, 13, 17, 18]]
[[3, 7, 6, 35, 28, 58], [0, 1, 4, 5, 8, 10, 12, 17, 18]]
[[3, 7, 6, 35, 28, 58], [0, 1, 2, 3, 4, 5, 8, 10, 12, 17, 18]]
[[3, 7, 6, 35, 28, 58], [0, 3, 4, 7, 9, 11, 14, 16, 17]]
[[3, 7, 6, 35, 28, 58], [0, 1, 2, 3, 4, 7, 9, 11, 14, 16, 17]]
[[3, 7, 6, 35, 28, 58], [0, 3, 4, 6, 9, 12, 14, 16, 17]]
[[3, 7, 6, 35, 28, 58], [0, 1, 2, 3, 4, 6, 9, 12, 14, 16, 17]]
[[3, 7, 6, 11, 28, 58], [0, 2, 4, 6, 8, 9, 11, 13, 14, 16]]
[[3, 7, 6, 11, 28, 58], [0, 2, 4, 5, 6, 8, 10, 11, 13, 18]]
[[3, 7, 6, 11, 53, 64], [0, 1, 4, 5, 6, 7, 8, 9, 10, 11, 12, 13, 14, 17]]
[[3, 7, 6, 11, 53, 64], [0, 3, 4, 5, 6, 7, 8, 9, 10, 11, 12, 13, 14, 17]]
[[3, 7, 24, 23, 18, 88], [0, 2, 4, 6, 8, 9, 10, 14, 15, 16]]
[[3, 7, 24, 23, 18, 88], [0, 1, 2, 7, 8, 9, 10, 11, 13, 15, 17, 18]]
[[3, 7, 24, 23, 18, 88], [0, 2, 3, 5, 6, 8, 12, 13, 14, 15, 16, 17]]
[[3, 7, 24, 23, 28, 76], [0, 1, 4, 5, 6, 11, 12, 13, 15, 18]]
[[3, 7, 24, 23, 28, 100], [0, 2, 3, 6, 7, 10, 12, 13, 14, 15, 17, 18]]
[[3, 7, 24, 23, 28, 100], [0, 2, 3, 5, 7, 8, 9, 11, 12, 15, 17, 18]]
[[3, 7, 24, 19, 28, 70], [0, 3, 4, 5, 6, 7, 8, 9, 11, 12, 13, 14, 15, 18]]
[[3, 7, 24, 19, 28, 70], [0, 1, 3, 5, 6, 7, 9, 11, 12, 15, 16, 18]]
[[3, 7, 24, 19, 28, 70], [0, 1, 3, 6, 7, 10, 11, 12, 14, 15, 16, 18]]
[[3, 7, 24, 19, 13, 88], [0, 2, 4, 5, 7, 8, 9, 11, 13, 14, 15, 17]]
[[3, 7, 24, 19, 8, 100], [0, 2, 3, 5, 8, 13, 14, 15, 16, 18]]
[[3, 7, 24, 19, 8, 100], [0, 1, 3, 8, 9, 10, 13, 15, 17, 18]]
[[3, 7, 24, 19, 18, 88], [0, 2, 3, 8, 10, 11, 14, 15, 16, 18]]
[[3, 7, 24, 19, 18, 88], [0, 1, 3, 5, 6, 9, 13, 15, 17, 18]]
[[3, 7, 24, 19, 28, 82], [0, 2, 3, 5, 6, 8, 9, 12, 13, 15, 16, 18]]
[[3, 7, 24, 19, 28, 82], [0, 1, 3, 7, 8, 10, 11, 13, 14, 15, 17, 18]]
[[3, 7, 24, 19, 28, 76], [0, 2, 3, 5, 7, 13, 14, 15, 17, 18]]
[[3, 7, 24, 19, 28, 76], [0, 2, 3, 7, 8, 10, 14, 15, 17, 18]]
[[3, 7, 24, 19, 28, 76], [0, 2, 3, 5, 9, 12, 13, 15, 17, 18]]
[[3, 7, 24, 19, 28, 76], [0, 2, 3, 8, 9, 10, 12, 15, 17, 18]]
[[3, 7, 24, 19, 18, 82], [0, 1, 2, 7, 9, 10, 11, 15, 17, 18]]
[[3, 7, 24, 19, 18, 82], [0, 2, 3, 5, 6, 12, 14, 15, 16, 17]]
[[3, 7, 24, 27, 28, 82], [0, 1, 2, 3, 4, 8, 9, 10, 12, 14, 15, 17]]
[[3, 7, 24, 27, 38, 58], [0, 1, 3, 7, 9, 10, 11, 15, 16, 18]]
[[3, 7, 24, 27, 38, 58], [0, 1, 3, 5, 6, 12, 14, 15, 16, 18]]
[[3, 7, 24, 27, 28, 76], [0, 2, 3, 6, 8, 10, 11, 13, 14, 15, 16, 18]]
[[3, 7, 24, 27, 28, 76], [0, 1, 3, 5, 6, 8, 9, 11, 13, 15, 17, 18]]
[[3, 7, 24, 15, 23, 76], [0, 2, 3, 5, 7, 11, 14, 15, 16, 18]]
[[3, 7, 24, 15, 23, 76], [0, 1, 3, 6, 9, 10, 12, 15, 17, 18]]
[[3, 7, 24, 15, 23, 76], [0, 1, 2, 6, 7, 8, 9, 10, 12, 14, 15, 16, 18]]
[[3, 7, 24, 15, 23, 76], [0, 1, 2, 5, 7, 9, 11, 12, 13, 14, 15, 16, 18]]
[[3, 7, 24, 15, 23, 76], [0, 1, 2, 5, 7, 9, 13, 14, 15, 17, 18]]
[[3, 7, 24, 15, 23, 76], [0, 1, 2, 8, 9, 10, 12, 14, 15, 17, 18]]
[[3, 7, 24, 15, 23, 76], [0, 1, 2, 6, 9, 10, 13, 14, 15, 16, 17]]
[[3, 7, 24, 15, 23, 76], [0, 2, 3, 5, 7, 9, 13, 14, 15, 16, 17]]
[[3, 7, 24, 15, 23, 76], [0, 1, 2, 5, 8, 9, 11, 14, 15, 16, 17]]
[[3, 7, 24, 15, 23, 76], [0, 1, 2, 5, 6, 7, 8, 9, 11, 14, 15, 16, 17]]
[[3, 7, 24, 15, 23, 76], [0, 2, 3, 8, 9, 10, 12, 14, 15, 16, 17]]
[[3, 7, 24, 15, 23, 76], [0, 1, 3, 6, 7, 8, 9, 10, 12, 14, 15, 16, 17]]
[[3, 7, 24, 15, 23, 76], [0, 1, 2, 6, 9, 10, 11, 12, 13, 14, 15, 16, 17]]
[[3, 7, 24, 15, 23, 76], [0, 1, 3, 5, 7, 9, 11, 12, 13, 14, 15, 16, 17]]
[[3, 7, 21, 27, 43, 55], [0, 1, 4, 6, 7, 9, 10, 11, 13, 14, 15, 16]]
[[3, 7, 21, 27, 28, 103], [1, 3, 4, 5, 6, 7, 10, 15, 16, 18]]
[[3, 7, 21, 27, 28, 103], [1, 3, 4, 9, 12, 13, 14, 15, 16, 18]]
[[3, 7, 21, 27, 28, 103], [1, 2, 4, 5, 7, 8, 10, 11, 12, 15, 16, 18]]
[[3, 7, 21, 27, 28, 103], [1, 2, 4, 6, 7, 11, 13, 15, 17, 18]]
[[3, 7, 21, 27, 28, 103], [1, 2, 4, 6, 8, 12, 13, 15, 17, 18]]
[[3, 7, 21, 27, 28, 103], [1, 3, 4, 7, 8, 9, 11, 12, 14, 15, 17, 18]]
[[3, 7, 21, 27, 33, 91], [0, 1, 2, 7, 8, 9, 10, 12, 13, 14, 15, 16, 18]]
[[3, 7, 21, 27, 33, 91], [0, 2, 3, 5, 6, 7, 9, 11, 12, 14, 15, 16, 18]]
[[3, 7, 21, 27, 33, 91], [0, 1, 2, 5, 6, 8, 9, 11, 13, 14, 15, 17, 18]]
[[3, 7, 21, 27, 33, 91], [0, 1, 3, 6, 7, 9, 10, 11, 12, 14, 15, 17, 18]]
[[3, 7, 21, 27, 33, 91], [0, 2, 3, 6, 8, 9, 10, 11, 13, 14, 15, 16, 17]]
[[3, 7, 21, 27, 33, 91], [0, 1, 3, 5, 7, 8, 9, 12, 13, 14, 15, 16, 17]]
[[3, 7, 21, 23, 28, 85], [0, 1, 2, 3, 4, 9, 10, 12, 13, 14, 15, 16]]
[[3, 7, 21, 23, 28, 85], [0, 3, 4, 5, 10, 12, 13, 16, 18]]
[[3, 7, 21, 23, 28, 85], [0, 1, 2, 3, 4, 6, 8, 9, 12, 13, 14, 16, 18]]
[[3, 7, 21, 23, 28, 85], [0, 1, 2, 3, 4, 5, 6, 8, 10, 11, 12, 16, 18]]
[[3, 7, 21, 23, 28, 85], [0, 1, 4, 9, 11, 12, 14, 16, 18]]
[[3, 7, 21, 23, 28, 85], [0, 1, 2, 3, 4, 5, 10, 11, 13, 17, 18]]
[[3, 7, 21, 23, 28, 85], [0, 3, 4, 5, 7, 8, 9, 10, 11, 13, 14, 17, 18]]
[[3, 7, 21, 23, 28, 85], [0, 3, 4, 5, 7, 8, 10, 11, 12, 17, 18]]
[[3, 7, 21, 23, 28, 85], [0, 1, 4, 5, 9, 10, 11, 12, 14, 17, 18]]
[[3, 7, 21, 23, 28, 85], [0, 1, 2, 3, 4, 9, 11, 13, 14, 16, 17]]
[[3, 7, 21, 23, 28, 85], [0, 1, 4, 5, 6, 7, 9, 10, 11, 13, 14, 16, 17]]
[[3, 7, 21, 23, 28, 85], [0, 3, 4, 5, 9, 10, 12, 13, 14, 16, 17]]
[[3, 7, 21, 23, 28, 85], [0, 1, 4, 6, 7, 9, 12, 13, 14, 16, 17]]
[[3, 7, 21, 23, 33, 73], [0, 3, 4, 7, 8, 9, 10, 12, 13, 14, 15, 16]]
[[3, 7, 21, 23, 28, 103], [0, 1, 2, 3, 4, 9, 10, 14, 15, 18]]
[[3, 7, 21, 23, 43, 79], [0, 1, 2, 6, 7, 8, 9, 10, 11, 12, 13, 15, 16, 18]]
[[3, 7, 21, 23, 43, 79], [0, 1, 3, 5, 6, 7, 8, 11, 12, 13, 14, 15, 16, 17]]
[[3, 7, 21, 23, 38, 61], [0, 2, 3, 5, 6, 7, 8, 13, 14, 15, 17, 18]]
[[3, 7, 21, 23, 38, 61], [0, 2, 3, 8, 9, 10, 11, 12, 13, 15, 17, 18]]
[[3, 7, 21, 23, 13, 103], [2, 3, 4, 5, 6, 7, 10, 11, 12, 15, 16, 18]]
[[3, 7, 21, 23, 13, 103], [1, 2, 4, 6, 8, 11, 13, 15, 17, 18]]
[[3, 7, 21, 23, 13, 103], [1, 3, 4, 7, 8, 9, 12, 13, 14, 15, 16, 17]]
[[3, 7, 21, 23, 28, 97], [0, 1, 3, 5, 6, 7, 8, 9, 13, 14, 15]]
[[3, 7, 21, 23, 28, 97], [0, 2, 3, 6, 7, 8, 9, 10, 13, 14, 15]]
[[3, 7, 21, 23, 28, 97], [0, 2, 3, 5, 8, 9, 11, 12, 13, 14, 15]]
[[3, 7, 21, 23, 28, 97], [0, 1, 3, 8, 9, 10, 11, 12, 13, 14, 15]]
[[3, 7, 21, 23, 28, 97], [0, 5, 6, 7, 8, 9, 13, 14, 15, 16, 18]]
[[3, 7, 21, 23, 28, 97], [0, 2, 3, 7, 9, 10, 11, 14, 15, 16, 18]]
[[3, 7, 21, 23, 28, 97], [0, 2, 3, 5, 6, 9, 12, 14, 15, 16, 18]]
[[3, 7, 21, 23, 28, 97], [0, 8, 9, 10, 11, 12, 13, 14, 15, 16, 18]]
[[3, 7, 21, 23, 28, 97], [0, 6, 7, 8, 9, 10, 13, 14, 15, 17, 18]]
[[3, 7, 21, 23, 28, 97], [0, 1, 3, 7, 9, 10, 11, 14, 15, 17, 18]]
[[3, 7, 21, 23, 28, 97], [0, 1, 3, 5, 6, 9, 12, 14, 15, 17, 18]]
[[3, 7, 21, 23, 28, 97], [0, 5, 8, 9, 11, 12, 13, 14, 15, 17, 18]]
[[3, 7, 21, 23, 28, 91], [0, 1, 2, 5, 6, 8, 9, 14, 15, 16, 18]]
[[3, 7, 21, 23, 28, 91], [0, 1, 2, 9, 10, 11, 13, 14, 15, 16, 18]]
[[3, 7, 21, 23, 28, 91], [0, 1, 2, 7, 8, 9, 10, 14, 15, 17, 18]]
[[3, 7, 21, 23, 28, 91], [0, 1, 2, 5, 9, 12, 13, 14, 15, 17, 18]]
[[3, 7, 21, 23, 28, 91], [0, 1, 3, 5, 6, 8, 9, 14, 15, 16, 17]]
[[3, 7, 21, 23, 28, 91], [0, 2, 3, 7, 8, 9, 10, 14, 15, 16, 17]]
[[3, 7, 21, 23, 28, 91], [0, 1, 3, 9, 10, 11, 13, 14, 15, 16, 17]]
[[3, 7, 21, 23, 28, 91], [0, 1, 2, 6, 7, 9, 10, 11, 13, 14, 15, 16, 17]]
[[3, 7, 21, 23, 28, 91], [0, 2, 3, 5, 9, 12, 13, 14, 15, 16, 17]]
[[3, 7, 21, 23, 28, 91], [0, 1, 2, 5, 6, 7, 9, 12, 13, 14, 15, 16, 17]]
[[3, 7, 21, 23, 28, 91], [0, 1, 2, 5, 6, 8, 9, 11, 12, 14, 15, 16, 17]]
[[3, 7, 21, 23, 28, 91], [0, 1, 2, 7, 8, 9, 10, 11, 12, 14, 15, 16, 17]]
[[3, 7, 21, 31, 28, 91], [0, 3, 4, 5, 6, 9, 12, 14, 15, 18]]
[[3, 7, 21, 31, 28, 97], [0, 1, 2, 6, 7, 8, 9, 10, 12, 15, 17, 18]]
[[3, 7, 21, 31, 28, 97], [0, 2, 3, 5, 7, 11, 12, 13, 14, 15, 16, 17]]
[[3, 7, 21, 15, 13, 79], [0, 2, 4, 6, 8, 10, 11, 12, 15, 16, 17, 18]]
[[3, 7, 21, 15, 23, 67], [0, 1, 2, 5, 6, 8, 9, 15, 16, 18]]
[[3, 7, 21, 15, 23, 67], [0, 1, 3, 10, 11, 13, 14, 15, 16, 17]]
[[3, 7, 21, 15, 23, 73], [0, 2, 3, 6, 8, 9, 10, 15, 16, 18]]
[[3, 7, 21, 15, 23, 73], [0, 1, 3, 5, 11, 13, 14, 15, 17, 18]]
[[3, 7, 21, 19, 23, 103], [0, 3, 4, 8, 9, 10, 13, 14, 15, 17]]
[[3, 7, 21, 19, 23, 103], [0, 2, 3, 8, 9, 10, 13, 14, 15, 16, 18]]
[[3, 7, 21, 19, 23, 103], [0, 1, 2, 5, 6, 9, 11, 14, 15, 16, 18]]
[[3, 7, 21, 19, 23, 103], [0, 1, 2, 7, 9, 10, 12, 14, 15, 16, 18]]
[[3, 7, 21, 19, 23, 103], [0, 2, 3, 5, 6, 7, 8, 9, 11, 12, 13, 14, 15, 16, 18]]
[[3, 7, 21, 19, 23, 103], [0, 1, 3, 5, 8, 9, 13, 14, 15, 17, 18]]
[[3, 7, 21, 19, 23, 103], [0, 1, 2, 5, 6, 9, 11, 14, 15, 17, 18]]
[[3, 7, 21, 19, 23, 103], [0, 1, 2, 7, 9, 10, 12, 14, 15, 17, 18]]
[[3, 7, 21, 19, 23, 103], [0, 1, 3, 6, 7, 8, 9, 10, 11, 12, 13, 14, 15, 17, 18]]
[[3, 7, 21, 19, 23, 103], [0, 1, 3, 6, 9, 10, 11, 14, 15, 16, 17]]
[[3, 7, 21, 19, 23, 103], [0, 2, 3, 6, 9, 10, 11, 14, 15, 16, 17]]
[[3, 7, 21, 19, 23, 103], [0, 1, 3, 5, 7, 9, 12, 14, 15, 16, 17]]
[[3, 7, 21, 19, 23, 103], [0, 2, 3, 5, 7, 9, 12, 14, 15, 16, 17]]
[[3, 7, 21, 19, 33, 73], [0, 1, 2, 5, 9, 11, 13, 15, 16, 18]]
[[3, 7, 21, 19, 33, 73], [0, 1, 3, 6, 8, 10, 14, 15, 16, 17]]
[[3, 7, 21, 19, 38, 91], [0, 1, 2, 5, 7, 9, 12, 15, 16, 18]]
[[3, 7, 21, 19, 38, 91], [0, 1, 3, 7, 10, 12, 14, 15, 16, 17]]
[[3, 7, 21, 19, 28, 91], [0, 1, 2, 5, 9, 11, 12, 15, 17, 18]]
[[3, 7, 21, 19, 28, 91], [0, 2, 3, 6, 7, 10, 14, 15, 16, 17]]
[[3, 7, 21, 19, 23, 91], [1, 3, 4, 5, 6, 7, 8, 9, 10, 11, 14, 15, 16, 18]]
[[3, 7, 21, 19, 23, 91], [1, 2, 4, 5, 6, 7, 8, 10, 12, 15, 16, 18]]
[[3, 7, 21, 19, 23, 91], [1, 3, 4, 5, 8, 9, 10, 11, 12, 13, 14, 15, 16, 18]]
[[3, 7, 21, 19, 23, 91], [1, 2, 4, 5, 7, 10, 13, 15, 17, 18]]
[[3, 7, 21, 19, 23, 91], [1, 2, 4, 6, 9, 12, 14, 15, 17, 18]]
[[3, 7, 21, 19, 23, 91], [1, 3, 4, 7, 9, 11, 12, 13, 14, 15, 17, 18]]
[[3, 7, 21, 19, 18, 109], [0, 1, 3, 5, 6, 7, 9, 11, 13, 14, 15]]
[[3, 7, 21, 19, 18, 109], [0, 1, 2, 6, 7, 9, 10, 11, 13, 14, 15]]
[[3, 7, 21, 19, 18, 109], [0, 1, 2, 5, 6, 7, 9, 12, 13, 14, 15]]
[[3, 7, 21, 19, 18, 109], [0, 2, 3, 6, 7, 9, 10, 12, 13, 14, 15]]
[[3, 7, 21, 19, 18, 109], [0, 1, 2, 5, 9, 12, 13, 14, 15, 16, 18]]
[[3, 7, 21, 19, 18, 109], [0, 6, 8, 9, 10, 11, 12, 14, 15, 16, 18]]
[[3, 7, 21, 19, 18, 109], [0, 1, 2, 9, 10, 11, 13, 14, 15, 17, 18]]
[[3, 7, 21, 19, 18, 109], [0, 5, 7, 8, 9, 11, 12, 14, 15, 17, 18]]
[[3, 7, 21, 19, 18, 109], [0, 2, 3, 5, 6, 8, 9, 14, 15, 16, 17]]
[[3, 7, 21, 19, 18, 109], [0, 1, 3, 7, 8, 9, 10, 14, 15, 16, 17]]
[[3, 7, 21, 19, 18, 109], [0, 5, 6, 8, 9, 11, 12, 14, 15, 16, 17]]
[[3, 7, 21, 19, 18, 109], [0, 7, 8, 9, 10, 11, 12, 14, 15, 16, 17]]
[[3, 7, 21, 19, 13, 85], [0, 1, 3, 5, 9, 11, 12, 14, 15]]
[[3, 7, 21, 19, 13, 85], [0, 2, 3, 9, 10, 11, 12, 14, 15]]
[[3, 7, 21, 19, 13, 85], [0, 6, 7, 9, 10, 14, 15, 16, 18]]
[[3, 7, 21, 19, 13, 85], [0, 2, 3, 5, 7, 8, 9, 11, 13, 14, 15, 16, 18]]
[[3, 7, 21, 19, 13, 85], [0, 5, 6, 7, 9, 14, 15, 17, 18]]
[[3, 7, 21, 19, 13, 85], [0, 1, 3, 6, 8, 9, 10, 12, 13, 14, 15, 17, 18]]
