[[2, 5], [3, 5], [4, 5], [6, 7]]
[[7,11,13,19,27,59],[10, 5, 14, 16, 52, 51]]
[[4,6,10,14,19,42],[10, 5, 14, 17, 52, 51]]
[[6,8,6,28,26,92],[10, 5, 40, 16, 52, 51]]
[[5,7,17,15,45,91],[10, 5, 16, 42, 52, 51]]
[[5,7,8,23,25,88],[10, 5, 16, 49, 52, 51]]
[[4,10,10,34,19,76],[10, 5, 17, 43, 52, 51]]
[[3,7,12,27,43,76],[10, 5, 17, 52, 44, 51]]
[[6,12,9,32,16,69],[10, 5, 40, 50, 52, 51]]
[[5,7,14,27,30,70],[10, 5, 42, 50, 52, 51]]
[[5,5,17,13,55,77],[10, 5, 49, 50, 52, 51]]
[[3,9,9,21,18,87],[10, 5, 50, 52, 53, 54]]
