[[2, 7], [3, 5], [4, 7], [6, 7]]
[[4,12,10,12,29,90],[0, 1, 10, 14, 40, 17, 43, 50, 52, 18, 44, 51, 53]]
[[2,16,8,24,42,70],[0, 1, 10, 14, 40, 49, 17, 43, 52, 18, 51, 53, 54]]
[[5,13,11,25,25,79],[0, 1, 10, 14, 40, 49, 17, 50, 52, 18, 44, 51, 54]]
[[2,12,8,28,32,54],[0, 1, 10, 14, 40, 49, 17, 50, 52, 18, 44, 53, 54]]
[[4,12,7,28,29,87],[0, 1, 10, 14, 42, 49, 17, 43, 50, 18, 44, 51, 53]]
[[4,10,10,14,49,58],[0, 1, 10, 14, 42, 49, 17, 43, 50, 18, 44, 51, 54]]
[[3,11,3,31,33,77],[0, 1, 10, 14, 42, 49, 17, 43, 50, 18, 44, 53, 54]]
[[3,15,6,27,38,66],[0, 1, 10, 14, 42, 49, 17, 43, 52, 18, 44, 51, 53]]
[[0,14,12,26,45,86],[0, 1, 10, 14, 42, 49, 17, 43, 52, 18, 44, 53, 54]]
[[3,15,9,27,38,69],[0, 1, 10, 14, 42, 49, 17, 43, 52, 18, 51, 53, 54]]
[[4,12,10,32,24,66],[0, 1, 10, 14, 42, 49, 17, 50, 52, 18, 44, 51, 53]]
[[4,10,16,26,24,94],[0, 1, 10, 14, 42, 49, 17, 50, 52, 18, 44, 51, 54]]
[[5,17,8,25,20,50],[0, 1, 10, 14, 49, 17, 43, 50, 52, 18, 44, 51, 53]]
[[5,11,8,15,40,86],[0, 1, 10, 14, 40, 42, 49, 17, 43, 50, 52, 44, 53]]
[[2,12,8,28,32,54],[0, 1, 10, 14, 40, 42, 17, 43, 52, 44, 51, 53, 54]]
[[1,15,7,23,46,69],[0, 1, 10, 14, 40, 42, 49, 17, 43, 50, 52, 53, 54]]
[[6,10,9,18,41,91],[0, 1, 10, 14, 40, 42, 49, 17, 50, 44, 51, 53, 54]]
[[1,15,7,23,46,69],[0, 1, 10, 14, 40, 42, 17, 50, 52, 44, 51, 53, 54]]
[[5,11,17,15,30,89],[0, 1, 10, 14, 40, 49, 17, 43, 50, 44, 51, 53, 54]]
[[2,12,8,28,37,72],[0, 1, 10, 14, 40, 17, 43, 50, 52, 44, 51, 53, 54]]
[[3,15,12,27,18,72],[0, 1, 10, 14, 40, 49, 17, 50, 52, 44, 51, 53, 54]]
[[4,10,19,22,29,79],[0, 1, 10, 14, 42, 49, 17, 43, 50, 44, 51, 53, 54]]
[[1,13,10,33,41,64],[0, 1, 10, 14, 42, 49, 17, 43, 52, 44, 51, 53, 54]]
[[2,12,5,24,32,75],[0, 1, 10, 14, 42, 49, 17, 50, 52, 44, 51, 53, 54]]
[[3,11,6,23,48,98],[0, 1, 10, 14, 49, 17, 43, 50, 52, 44, 51, 53, 54]]
[[6,8,12,12,36,92],[0, 1, 10, 14, 40, 42, 49, 43, 52, 18, 44, 51, 53]]
[[5,9,20,13,30,102],[0, 1, 10, 14, 40, 42, 49, 43, 52, 18, 44, 53, 54]]
[[6,8,12,20,26,92],[0, 1, 10, 14, 40, 49, 43, 50, 52, 18, 44, 51, 54]]
[[4,14,10,26,19,92],[0, 1, 10, 14, 40, 49, 43, 50, 52, 44, 51, 53, 54]]
[[2,14,14,30,22,68],[0, 1, 10, 40, 16, 42, 49, 17, 43, 50, 52, 18, 44]]
[[4,12,19,24,19,69],[0, 1, 10, 40, 16, 42, 49, 17, 43, 18, 44, 51, 54]]
[[5,11,8,23,30,98],[0, 1, 10, 40, 16, 42, 49, 17, 43, 18, 44, 53, 54]]
[[4,12,13,24,29,93],[0, 1, 10, 40, 16, 42, 17, 43, 50, 18, 44, 51, 53]]
[[5,9,14,17,30,96],[0, 1, 10, 40, 16, 42, 17, 43, 50, 18, 44, 53, 54]]
[[3,11,15,31,23,77],[0, 1, 10, 40, 16, 42, 17, 43, 52, 18, 44, 51, 53]]
[[3,13,9,33,28,55],[0, 1, 10, 40, 16, 42, 17, 43, 52, 18, 44, 51, 54]]
[[2,12,11,24,27,69],[0, 1, 10, 40, 16, 42, 17, 43, 52, 18, 44, 53, 54]]
[[6,14,6,26,31,68],[0, 1, 10, 40, 16, 42, 49, 17, 43, 50, 52, 18, 53]]
[[4,10,7,30,44,97],[0, 1, 10, 40, 16, 42, 17, 43, 50, 18, 51, 53, 54]]
[[6,14,9,26,21,53],[0, 1, 10, 40, 16, 42, 49, 17, 50, 18, 44, 53, 54]]
[[4,10,10,10,9,112],[0, 1, 10, 40, 16, 42, 17, 50, 52, 18, 44, 51, 53]]
[[4,12,10,32,19,78],[0, 1, 10, 40, 16, 42, 17, 50, 52, 18, 44, 51, 54]]
[[3,13,12,33,23,70],[0, 1, 10, 40, 16, 42, 17, 50, 52, 18, 44, 53, 54]]
[[5,13,11,25,35,67],[0, 1, 10, 40, 16, 42, 49, 17, 50, 18, 51, 53, 54]]
[[4,12,10,36,34,54],[0, 1, 10, 40, 16, 49, 17, 43, 50, 18, 44, 51, 53]]
[[5,9,11,25,40,75],[0, 1, 10, 40, 16, 49, 17, 43, 50, 18, 44, 53, 54]]
[[5,11,14,15,20,116],[0, 1, 10, 40, 16, 49, 17, 43, 52, 18, 44, 51, 54]]
[[5,11,8,15,25,122],[0, 1, 10, 40, 16, 17, 43, 50, 52, 18, 44, 51, 53]]
[[4,12,13,16,14,111],[0, 1, 10, 40, 16, 17, 43, 50, 52, 18, 44, 53, 54]]
[[2,14,11,30,32,59],[0, 1, 10, 40, 16, 49, 17, 50, 52, 18, 44, 51, 53]]
[[1,13,7,29,41,55],[0, 1, 10, 40, 16, 49, 17, 50, 52, 18, 44, 53, 54]]
[[2,16,8,24,42,70],[0, 1, 10, 40, 16, 49, 17, 50, 52, 18, 51, 53, 54]]
[[5,13,5,21,25,109],[0, 1, 10, 16, 42, 49, 17, 43, 50, 18, 44, 51, 53]]
[[4,10,7,38,14,55],[0, 1, 10, 16, 42, 49, 17, 43, 50, 18, 44, 53, 54]]
[[4,14,4,26,24,74],[0, 1, 10, 16, 42, 49, 17, 43, 52, 18, 44, 51, 53]]
[[4,12,7,36,19,57],[0, 1, 10, 16, 42, 49, 17, 43, 52, 18, 44, 51, 54]]
[[3,13,3,25,33,79],[0, 1, 10, 16, 42, 49, 17, 50, 52, 18, 44, 51, 53]]
[[3,11,6,19,18,80],[0, 1, 10, 16, 42, 49, 17, 50, 52, 18, 44, 51, 54]]
[[3,15,9,27,38,69],[0, 1, 10, 16, 42, 49, 17, 50, 52, 18, 51, 53, 54]]
[[4,16,7,20,29,85],[0, 1, 10, 16, 49, 17, 43, 50, 52, 18, 44, 51, 53]]
[[1,13,7,29,41,55],[0, 1, 10, 16, 49, 17, 43, 50, 52, 18, 44, 53, 54]]
[[1,13,10,33,41,64],[0, 1, 10, 40, 16, 42, 49, 17, 43, 50, 52, 44, 51]]
[[6,10,18,14,36,64],[0, 1, 10, 40, 16, 42, 49, 17, 43, 44, 51, 53, 54]]
[[4,10,10,30,39,82],[0, 1, 10, 40, 16, 42, 17, 43, 50, 44, 51, 53, 54]]
[[1,13,7,29,41,55],[0, 1, 10, 40, 16, 42, 17, 43, 52, 44, 51, 53, 54]]
[[5,13,11,29,25,73],[0, 1, 10, 40, 16, 42, 49, 17, 43, 50, 52, 51, 53]]
[[4,12,13,16,14,111],[0, 1, 10, 40, 16, 42, 49, 17, 52, 44, 51, 53, 54]]
[[3,13,12,33,23,70],[0, 1, 10, 40, 16, 49, 17, 43, 52, 44, 51, 53, 54]]
[[2,12,11,24,27,69],[0, 1, 10, 40, 16, 49, 17, 50, 52, 44, 51, 53, 54]]
[[2,14,11,30,32,59],[0, 1, 10, 16, 42, 49, 17, 43, 52, 44, 51, 53, 54]]
[[5,7,17,19,45,73],[0, 1, 10, 40, 16, 49, 43, 50, 52, 18, 44, 51, 53]]
[[4,10,13,34,24,85],[0, 1, 10, 40, 16, 49, 43, 50, 52, 18, 44, 53, 54]]
[[5,11,11,19,35,77],[0, 1, 10, 40, 16, 42, 49, 43, 52, 44, 51, 53, 54]]
[[3,11,6,23,48,98],[0, 1, 10, 40, 42, 49, 17, 43, 52, 18, 44, 51, 53]]
[[2,12,8,28,37,72],[0, 1, 10, 40, 42, 49, 17, 43, 52, 18, 44, 53, 54]]
[[3,13,9,29,38,73],[0, 1, 10, 40, 42, 49, 17, 43, 52, 18, 51, 53, 54]]
[[3,13,12,25,23,76],[0, 1, 10, 40, 42, 49, 17, 43, 52, 44, 51, 53, 54]]
[[5,13,14,25,25,58],[0, 1, 10, 40, 49, 17, 43, 50, 52, 44, 51, 53, 54]]
[[5,9,14,9,35,102],[0, 1, 10, 40, 42, 49, 43, 50, 52, 18, 44, 51, 54]]
[[3,11,12,27,28,86],[0, 1, 10, 40, 42, 49, 43, 50, 52, 44, 51, 53, 54]]
[[6,10,12,18,41,76],[0, 1, 14, 40, 16, 42, 49, 17, 43, 18, 44, 51, 54]]
[[7,9,13,29,32,51],[0, 1, 14, 40, 16, 42, 49, 17, 43, 18, 44, 53, 54]]
[[6,8,12,24,21,86],[0, 1, 14, 40, 16, 42, 17, 43, 50, 18, 44, 51, 53]]
[[7,7,19,19,32,61],[0, 1, 14, 40, 16, 42, 17, 43, 50, 18, 44, 53, 54]]
[[7,9,10,21,27,96],[0, 1, 14, 40, 16, 42, 17, 43, 52, 18, 44, 51, 54]]
[[4,10,7,38,14,55],[0, 1, 14, 40, 16, 42, 17, 43, 50, 18, 51, 53, 54]]
[[3,11,12,35,28,86],[0, 1, 14, 40, 16, 42, 17, 43, 52, 18, 51, 53, 54]]
[[5,7,20,23,30,52],[0, 1, 14, 40, 16, 42, 49, 17, 50, 18, 44, 51, 54]]
[[6,12,9,24,31,87],[0, 1, 14, 40, 16, 42, 49, 17, 50, 18, 44, 53, 54]]
[[6,12,9,32,21,69],[0, 1, 14, 40, 16, 42, 49, 17, 52, 18, 44, 51, 53]]
[[6,8,18,12,36,80],[0, 1, 14, 40, 16, 42, 17, 50, 52, 18, 44, 51, 53]]
[[6,8,15,28,21,71],[0, 1, 14, 40, 16, 42, 17, 50, 52, 18, 44, 51, 54]]
[[5,9,14,13,25,102],[0, 1, 14, 40, 16, 42, 17, 50, 52, 18, 44, 53, 54]]
[[4,12,7,20,24,87],[0, 1, 14, 40, 16, 49, 17, 43, 50, 18, 44, 51, 53]]
[[5,7,11,19,15,85],[0, 1, 14, 40, 16, 49, 17, 43, 50, 18, 44, 53, 54]]
[[5,7,17,19,30,73],[0, 1, 14, 40, 16, 49, 17, 43, 52, 18, 44, 51, 53]]
[[7,7,13,23,52,43],[0, 1, 14, 40, 16, 49, 17, 43, 52, 18, 44, 51, 54]]
[[4,10,7,26,29,109],[0, 1, 14, 40, 16, 49, 17, 43, 52, 18, 44, 53, 54]]
[[7,9,10,29,22,84],[0, 1, 14, 40, 16, 17, 43, 50, 52, 18, 44, 51, 53]]
[[6,10,15,30,16,67],[0, 1, 14, 40, 16, 49, 17, 43, 50, 18, 51, 53, 54]]
[[6,8,9,24,16,101],[0, 1, 14, 40, 16, 49, 17, 50, 52, 18, 44, 51, 53]]
[[5,9,14,33,30,72],[0, 1, 14, 40, 16, 49, 17, 50, 52, 18, 44, 53, 54]]
[[4,14,7,26,24,77],[0, 1, 14, 40, 16, 49, 17, 50, 52, 18, 51, 53, 54]]
[[5,11,14,31,20,68],[0, 1, 14, 16, 42, 49, 17, 43, 50, 18, 44, 51, 53]]
[[6,10,9,22,26,103],[0, 1, 14, 16, 42, 49, 17, 43, 52, 18, 44, 51, 53]]
[[6,10,15,22,41,49],[0, 1, 14, 16, 42, 49, 17, 43, 52, 18, 44, 51, 54]]
[[3,9,6,33,18,48],[0, 1, 14, 16, 42, 49, 17, 43, 52, 18, 44, 53, 54]]
[[8,10,8,14,53,76],[0, 1, 14, 16, 42, 17, 43, 50, 52, 18, 44, 51, 53]]
[[7,9,13,17,37,75],[0, 1, 14, 16, 42, 49, 17, 43, 50, 18, 51, 53, 54]]
[[6,8,12,24,51,56],[0, 1, 14, 16, 42, 17, 43, 50, 52, 18, 51, 53, 54]]
[[7,9,7,25,32,93],[0, 1, 14, 16, 42, 49, 17, 50, 52, 18, 44, 51, 53]]
[[4,10,7,30,44,97],[0, 1, 14, 16, 42, 49, 17, 50, 52, 18, 44, 53, 54]]
[[5,7,11,19,15,85],[0, 1, 14, 16, 49, 17, 43, 50, 52, 18, 44, 53, 54]]
[[5,7,14,11,35,82],[0, 1, 14, 40, 16, 42, 49, 17, 43, 50, 52, 44, 51]]
[[8,8,17,16,23,77],[0, 1, 14, 40, 16, 42, 49, 17, 43, 44, 51, 53, 54]]
[[6,8,9,20,36,89],[0, 1, 14, 40, 16, 42, 17, 43, 50, 44, 51, 53, 54]]
[[5,9,14,33,30,72],[0, 1, 14, 40, 16, 42, 17, 43, 52, 44, 51, 53, 54]]
[[4,10,7,26,29,109],[0, 1, 14, 40, 16, 42, 17, 50, 52, 44, 51, 53, 54]]
[[6,6,21,22,36,51],[0, 1, 14, 40, 16, 49, 17, 43, 50, 44, 51, 53, 54]]
[[5,9,14,13,25,102],[0, 1, 14, 40, 16, 49, 17, 43, 52, 44, 51, 53, 54]]
[[4,12,10,36,34,54],[0, 1, 14, 16, 42, 49, 17, 43, 52, 44, 51, 53, 54]]
[[7,11,10,27,17,80],[0, 1, 14, 40, 16, 42, 43, 50, 52, 18, 44, 51, 54]]
[[6,10,18,18,21,76],[0, 1, 14, 40, 16, 42, 43, 50, 52, 18, 44, 53, 54]]
[[3,15,9,27,33,75],[0, 1, 14, 40, 16, 42, 43, 50, 52, 18, 51, 53, 54]]
[[6,12,12,20,36,60],[0, 1, 14, 40, 16, 42, 49, 50, 52, 18, 44, 51, 53]]
[[5,9,11,29,20,75],[0, 1, 14, 40, 16, 49, 43, 50, 52, 18, 44, 51, 53]]
[[4,10,16,26,29,76],[0, 1, 14, 40, 16, 49, 43, 50, 52, 18, 44, 53, 54]]
[[5,11,11,23,40,77],[0, 1, 14, 40, 16, 49, 43, 50, 52, 18, 51, 53, 54]]
[[6,10,12,26,41,40],[0, 1, 14, 16, 42, 49, 43, 50, 52, 18, 44, 51, 53]]
[[6,8,6,24,31,80],[0, 1, 14, 16, 42, 49, 43, 50, 52, 18, 44, 51, 54]]
[[3,11,3,31,43,71],[0, 1, 14, 16, 42, 49, 43, 50, 52, 18, 44, 53, 54]]
[[6,12,6,24,21,108],[0, 1, 14, 16, 42, 49, 43, 50, 52, 18, 51, 53, 54]]
[[7,11,13,19,27,59],[0, 1, 14, 40, 16, 42, 49, 43, 52, 44, 51, 53, 54]]
[[5,9,11,21,30,75],[0, 1, 14, 40, 16, 42, 43, 50, 52, 44, 51, 53, 54]]
[[5,11,11,19,30,101],[0, 1, 14, 40, 16, 49, 43, 50, 52, 44, 51, 53, 54]]
[[8,8,11,32,23,53],[0, 1, 14, 40, 42, 49, 17, 43, 50, 18, 44, 51, 54]]
[[7,7,10,11,52,76],[0, 1, 14, 40, 42, 49, 17, 43, 50, 18, 44, 53, 54]]
[[7,7,13,31,42,49],[0, 1, 14, 40, 42, 49, 17, 43, 52, 18, 44, 51, 53]]
[[6,10,12,26,21,82],[0, 1, 14, 40, 42, 49, 17, 43, 52, 18, 44, 53, 54]]
[[6,10,18,10,31,88],[0, 1, 14, 40, 42, 49, 17, 43, 50, 18, 51, 53, 54]]
[[5,13,11,25,35,67],[0, 1, 14, 40, 42, 49, 17, 43, 52, 18, 51, 53, 54]]
[[6,8,9,32,46,71],[0, 1, 14, 40, 42, 49, 17, 50, 52, 18, 44, 51, 53]]
[[8,8,11,24,28,83],[0, 1, 14, 40, 42, 49, 17, 50, 52, 18, 44, 51, 54]]
[[5,9,11,25,25,81],[0, 1, 14, 40, 42, 49, 17, 50, 52, 18, 44, 53, 54]]
[[7,11,13,19,32,59],[0, 1, 14, 40, 49, 17, 43, 50, 52, 18, 44, 51, 53]]
[[8,10,14,18,23,58],[0, 1, 14, 42, 49, 17, 43, 50, 52, 18, 44, 51, 53]]
[[5,9,14,21,50,72],[0, 1, 14, 42, 49, 17, 43, 50, 52, 18, 44, 53, 54]]
[[8,8,14,16,38,68],[0, 1, 14, 40, 42, 49, 17, 43, 50, 44, 51, 53, 54]]
[[7,11,13,11,42,77],[0, 1, 14, 40, 49, 17, 43, 50, 52, 44, 51, 53, 54]]
[[7,7,19,15,57,31],[0, 1, 14, 40, 42, 49, 43, 50, 52, 18, 44, 51, 54]]
[[3,11,9,35,23,59],[0, 1, 14, 40, 42, 49, 43, 50, 52, 18, 51, 53, 54]]
[[5,9,17,9,35,87],[0, 1, 14, 40, 42, 49, 43, 50, 52, 44, 51, 53, 54]]
[[5,11,11,31,30,65],[0, 1, 40, 16, 42, 49, 17, 43, 50, 18, 44, 51, 53]]
[[6,8,12,24,51,56],[0, 1, 40, 16, 42, 49, 17, 43, 50, 18, 44, 53, 54]]
[[6,8,12,24,36,62],[0, 1, 40, 16, 42, 49, 17, 43, 52, 18, 44, 51, 53]]
[[8,8,14,28,28,26],[0, 1, 40, 16, 42, 49, 17, 43, 52, 18, 44, 51, 54]]
[[5,9,20,21,35,72],[0, 1, 40, 16, 42, 49, 17, 43, 52, 18, 44, 53, 54]]
[[7,11,10,19,27,98],[0, 1, 40, 16, 42, 49, 17, 43, 50, 18, 51, 53, 54]]
[[6,12,9,24,31,87],[0, 1, 40, 16, 42, 17, 43, 50, 52, 18, 51, 53, 54]]
[[7,7,19,11,47,55],[0, 1, 40, 16, 42, 49, 17, 50, 52, 18, 44, 51, 53]]
[[6,10,15,14,31,103],[0, 1, 40, 16, 42, 49, 17, 50, 52, 18, 44, 53, 54]]
[[5,15,11,23,15,87],[0, 1, 40, 16, 42, 49, 17, 50, 52, 18, 51, 53, 54]]
[[8,8,17,16,23,77],[0, 1, 40, 16, 49, 17, 43, 50, 52, 18, 44, 51, 53]]
[[7,9,16,13,47,60],[0, 1, 40, 16, 49, 17, 43, 50, 52, 18, 44, 53, 54]]
[[6,14,9,26,16,77],[0, 1, 40, 16, 42, 49, 17, 43, 52, 44, 51, 53, 54]]
[[6,8,15,16,31,89],[0, 1, 40, 16, 42, 17, 43, 50, 52, 44, 51, 53, 54]]
[[4,8,7,12,19,83],[0, 1, 40, 16, 42, 49, 43, 50, 52, 18, 44, 51, 53]]
[[6,6,15,6,51,75],[0, 1, 40, 16, 42, 49, 43, 50, 52, 18, 44, 51, 54]]
[[4,12,10,36,29,66],[0, 1, 40, 16, 42, 49, 43, 50, 52, 18, 51, 53, 54]]
[[6,8,18,16,31,80],[0, 1, 40, 42, 49, 17, 43, 50, 52, 18, 44, 51, 53]]
[[5,9,11,13,25,105],[0, 1, 40, 42, 49, 17, 43, 50, 52, 18, 44, 53, 54]]
[[6,8,6,24,31,80],[0, 10, 5, 14, 40, 7, 16, 8, 43, 9, 18, 53, 54]]
[[5,9,14,9,35,102],[0, 10, 5, 14, 40, 7, 16, 8, 50, 9, 18, 44, 53]]
[[5,11,14,27,15,80],[0, 10, 5, 14, 40, 7, 16, 8, 52, 9, 18, 44, 51]]
[[6,8,6,16,41,56],[0, 10, 5, 14, 40, 7, 16, 49, 8, 9, 18, 51, 53]]
[[7,7,10,15,42,88],[0, 10, 5, 14, 40, 7, 16, 8, 50, 9, 18, 53, 54]]
[[6,6,15,18,26,75],[0, 10, 5, 14, 7, 16, 42, 49, 8, 9, 18, 53, 54]]
[[7,9,10,21,42,54],[0, 10, 5, 14, 7, 16, 42, 8, 50, 9, 18, 51, 53]]
[[8,8,14,24,38,20],[0, 10, 5, 14, 7, 16, 42, 8, 50, 9, 18, 53, 54]]
[[6,8,6,16,41,56],[0, 10, 5, 14, 7, 16, 8, 43, 52, 9, 18, 44, 54]]
[[7,11,10,27,17,80],[0, 10, 5, 14, 7, 16, 49, 8, 43, 9, 18, 53, 54]]
[[6,10,12,22,26,94],[0, 10, 5, 14, 7, 16, 8, 43, 50, 9, 18, 51, 53]]
[[7,7,19,15,57,31],[0, 10, 5, 14, 7, 16, 8, 43, 50, 9, 18, 53, 54]]
[[7,9,16,17,27,66],[0, 10, 5, 14, 7, 16, 8, 43, 52, 9, 18, 51, 54]]
[[8,8,11,28,33,35],[0, 10, 5, 14, 7, 16, 49, 8, 50, 9, 18, 44, 53]]
[[6,8,6,24,31,80],[0, 10, 5, 14, 7, 16, 49, 8, 52, 9, 18, 44, 51]]
[[7,7,10,15,42,88],[0, 10, 5, 14, 7, 16, 8, 50, 52, 9, 18, 44, 53]]
[[6,10,12,22,36,82],[0, 10, 5, 14, 7, 16, 49, 8, 50, 9, 18, 53, 54]]
[[6,10,12,22,26,70],[0, 10, 5, 14, 7, 16, 8, 50, 52, 9, 18, 51, 53]]
[[5,9,14,9,35,102],[0, 10, 5, 14, 7, 16, 8, 50, 52, 9, 18, 53, 54]]
[[6,8,6,16,41,56],[0, 10, 5, 14, 40, 7, 16, 42, 8, 43, 50, 9, 53]]
[[7,9,10,17,37,102],[0, 10, 5, 14, 40, 7, 16, 42, 8, 43, 52, 9, 53]]
[[6,6,15,6,51,75],[0, 10, 5, 14, 40, 7, 16, 42, 8, 50, 52, 9, 44]]
[[6,10,12,22,26,70],[0, 10, 5, 14, 40, 7, 16, 42, 8, 9, 44, 51, 53]]
[[7,13,10,17,37,46],[0, 10, 5, 14, 40, 7, 16, 42, 8, 9, 44, 53, 54]]
[[8,8,11,28,33,35],[0, 10, 5, 14, 40, 7, 16, 42, 49, 8, 52, 9, 53]]
[[6,8,12,24,36,68],[0, 10, 5, 14, 40, 7, 16, 42, 8, 50, 52, 9, 54]]
[[4,8,16,40,24,56],[0, 10, 5, 14, 40, 7, 16, 42, 8, 9, 51, 53, 54]]
[[5,9,11,25,30,81],[0, 10, 5, 14, 40, 7, 16, 8, 43, 50, 52, 9, 44]]
[[8,10,11,18,33,73],[0, 10, 5, 14, 40, 7, 16, 8, 43, 9, 44, 53, 54]]
[[7,9,10,21,42,54],[0, 10, 5, 14, 40, 7, 16, 49, 8, 43, 52, 9, 53]]
[[5,11,11,31,35,59],[0, 10, 5, 14, 40, 7, 16, 8, 43, 9, 51, 53, 54]]
[[4,10,7,26,39,85],[0, 10, 5, 14, 40, 7, 16, 49, 8, 9, 44, 51, 53]]
[[6,6,15,18,26,75],[0, 10, 5, 14, 40, 7, 16, 49, 8, 50, 52, 9, 54]]
[[6,8,6,20,16,104],[0, 10, 5, 14, 40, 7, 16, 49, 8, 9, 51, 53, 54]]
[[5,9,14,21,40,90],[0, 10, 5, 14, 40, 7, 16, 8, 52, 9, 51, 53, 54]]
[[6,8,6,24,31,80],[0, 10, 5, 14, 7, 16, 42, 8, 43, 50, 52, 9, 44]]
[[8,8,11,28,33,35],[0, 10, 5, 14, 7, 16, 42, 8, 43, 9, 44, 51, 53]]
[[7,9,10,17,37,102],[0, 10, 5, 14, 7, 16, 42, 8, 43, 9, 44, 53, 54]]
[[5,11,14,27,15,80],[0, 10, 5, 14, 7, 16, 42, 49, 8, 43, 50, 9, 53]]
[[6,10,12,22,26,70],[0, 10, 5, 14, 7, 16, 42, 49, 8, 43, 52, 9, 53]]
[[6,10,12,22,36,82],[0, 10, 5, 14, 7, 16, 42, 8, 43, 9, 51, 53, 54]]
[[4,8,7,20,9,59],[0, 10, 5, 14, 7, 16, 42, 49, 8, 9, 44, 53, 54]]
[[5,11,14,31,20,80],[0, 10, 5, 14, 7, 16, 42, 8, 52, 9, 44, 53, 54]]
[[7,9,16,17,27,66],[0, 10, 5, 14, 7, 16, 42, 49, 8, 50, 52, 9, 54]]
[[7,7,19,15,57,31],[0, 10, 5, 14, 7, 16, 42, 49, 8, 9, 51, 53, 54]]
[[7,11,10,27,17,80],[0, 10, 5, 14, 7, 16, 42, 8, 50, 9, 51, 53, 54]]
[[5,11,8,31,45,68],[0, 10, 5, 14, 7, 16, 49, 8, 43, 9, 44, 53, 54]]
[[5,9,11,25,30,81],[0, 10, 5, 14, 7, 16, 8, 43, 50, 9, 44, 53, 54]]
[[4,10,7,26,39,85],[0, 10, 5, 14, 7, 16, 8, 43, 52, 9, 44, 53, 54]]
[[8,8,14,24,38,20],[0, 10, 5, 14, 7, 16, 49, 8, 43, 9, 51, 53, 54]]
[[6,6,15,18,26,75],[0, 10, 5, 14, 7, 16, 8, 43, 50, 9, 51, 53, 54]]
[[5,11,11,31,35,59],[0, 10, 5, 14, 7, 16, 8, 43, 52, 9, 51, 53, 54]]
[[8,10,11,18,33,73],[0, 10, 5, 14, 7, 16, 49, 8, 52, 9, 44, 51, 53]]
[[6,8,9,20,36,89],[0, 10, 5, 14, 7, 16, 8, 50, 52, 9, 44, 51, 54]]
[[6,8,12,20,26,92],[0, 10, 5, 14, 7, 16, 49, 8, 52, 9, 51, 53, 54]]
[[7,7,13,23,52,43],[0, 10, 5, 14, 40, 7, 42, 8, 17, 9, 18, 44, 53]]
[[4,8,10,36,19,56],[0, 10, 5, 14, 40, 7, 42, 8, 17, 9, 18, 51, 54]]
[[7,9,7,25,42,63],[0, 10, 5, 14, 40, 7, 42, 8, 17, 9, 18, 53, 54]]
[[6,8,12,16,41,80],[0, 10, 5, 14, 40, 7, 8, 17, 43, 9, 18, 44, 53]]
[[7,11,10,19,37,68],[0, 10, 5, 14, 40, 7, 8, 17, 43, 9, 18, 51, 53]]
[[5,7,11,19,30,49],[0, 10, 5, 14, 40, 7, 8, 17, 43, 9, 18, 51, 54]]
[[6,10,15,22,41,49],[0, 10, 5, 14, 40, 7, 8, 17, 43, 9, 18, 53, 54]]
[[5,9,20,21,30,72],[0, 10, 5, 14, 40, 7, 8, 17, 50, 9, 18, 44, 53]]
[[4,10,7,26,24,85],[0, 10, 5, 14, 40, 7, 8, 17, 52, 9, 18, 44, 53]]
[[8,8,14,28,28,26],[0, 10, 5, 14, 40, 7, 49, 8, 17, 9, 18, 51, 53]]
[[7,9,10,21,27,96],[0, 10, 5, 14, 40, 7, 49, 8, 17, 9, 18, 53, 54]]
[[6,6,18,14,51,66],[0, 10, 5, 14, 40, 7, 8, 17, 50, 9, 18, 51, 54]]
[[7,11,7,23,47,41],[0, 10, 5, 14, 40, 7, 8, 17, 52, 9, 18, 51, 53]]
[[4,12,7,36,19,57],[0, 10, 5, 14, 40, 7, 8, 17, 52, 9, 18, 53, 54]]
[[7,9,7,25,42,63],[0, 10, 5, 14, 7, 42, 8, 17, 43, 9, 18, 44, 53]]
[[6,12,9,16,31,111],[0, 10, 5, 14, 7, 42, 8, 17, 43, 9, 18, 51, 53]]
[[7,7,13,23,52,43],[0, 10, 5, 14, 7, 42, 8, 17, 43, 9, 18, 53, 54]]
[[4,8,10,36,19,56],[0, 10, 5, 14, 7, 42, 49, 8, 17, 9, 18, 44, 54]]
[[6,8,6,16,26,86],[0, 10, 5, 14, 7, 42, 8, 17, 50, 9, 18, 44, 54]]
[[6,10,15,14,36,97],[0, 10, 5, 14, 7, 42, 8, 17, 52, 9, 18, 51, 53]]
[[6,10,12,18,36,100],[0, 10, 5, 14, 7, 42, 8, 17, 52, 9, 18, 51, 54]]
[[5,11,14,15,20,116],[0, 10, 5, 14, 7, 42, 8, 17, 52, 9, 18, 53, 54]]
[[5,9,20,21,30,72],[0, 10, 5, 14, 7, 8, 17, 43, 50, 9, 18, 44, 54]]
[[6,10,15,22,41,49],[0, 10, 5, 14, 7, 49, 8, 17, 43, 9, 18, 51, 53]]
[[7,9,10,21,27,96],[0, 10, 5, 14, 7, 49, 8, 17, 43, 9, 18, 53, 54]]
[[6,8,12,20,36,86],[0, 10, 5, 14, 7, 8, 17, 43, 50, 9, 18, 51, 54]]
[[7,11,7,23,47,41],[0, 10, 5, 14, 7, 8, 17, 43, 52, 9, 18, 51, 53]]
[[6,10,12,14,41,94],[0, 10, 5, 14, 7, 8, 17, 43, 52, 9, 18, 53, 54]]
[[6,10,12,22,46,52],[0, 10, 5, 14, 7, 8, 17, 50, 52, 9, 18, 44, 51]]
[[7,11,10,19,42,56],[0, 10, 5, 14, 7, 8, 17, 50, 52, 9, 18, 44, 53]]
[[7,9,7,21,32,99],[0, 10, 5, 14, 7, 8, 17, 9, 18, 44, 51, 53, 54]]
[[5,13,5,33,20,67],[0, 10, 5, 14, 7, 49, 8, 17, 50, 9, 18, 51, 53]]
[[7,9,10,13,47,96],[0, 10, 5, 14, 7, 49, 8, 17, 50, 9, 18, 51, 54]]
[[6,6,18,14,51,66],[0, 10, 5, 14, 7, 49, 8, 17, 50, 9, 18, 53, 54]]
[[4,12,7,36,19,57],[0, 10, 5, 14, 7, 49, 8, 17, 52, 9, 18, 51, 53]]
[[3,13,9,33,28,55],[0, 10, 5, 14, 7, 49, 8, 17, 52, 9, 18, 53, 54]]
[[3,13,9,29,18,73],[0, 10, 5, 14, 40, 7, 42, 8, 17, 43, 52, 9, 44]]
[[6,6,18,14,51,66],[0, 10, 5, 14, 40, 7, 42, 49, 8, 17, 43, 9, 54]]
[[8,8,14,28,28,26],[0, 10, 5, 14, 40, 7, 42, 8, 17, 43, 50, 9, 53]]
[[7,11,13,23,27,53],[0, 10, 5, 14, 40, 7, 42, 8, 17, 43, 52, 9, 53]]
[[6,10,9,26,46,55],[0, 10, 5, 14, 40, 7, 42, 8, 17, 9, 44, 51, 54]]
[[7,11,10,19,37,68],[0, 10, 5, 14, 40, 7, 42, 49, 8, 17, 50, 9, 53]]
[[5,7,11,19,30,49],[0, 10, 5, 14, 40, 7, 42, 49, 8, 17, 50, 9, 54]]
[[4,10,13,22,19,109],[0, 10, 5, 14, 40, 7, 42, 49, 8, 17, 52, 9, 54]]
[[6,10,12,14,41,94],[0, 10, 5, 14, 40, 7, 42, 8, 17, 50, 52, 9, 53]]
[[6,8,12,20,36,86],[0, 10, 5, 14, 40, 7, 42, 8, 17, 9, 51, 53, 54]]
[[5,11,14,19,30,92],[0, 10, 5, 14, 40, 7, 49, 8, 17, 43, 52, 9, 44]]
[[7,11,13,19,22,71],[0, 10, 5, 14, 40, 7, 8, 17, 43, 9, 44, 51, 54]]
[[4,8,10,36,19,56],[0, 10, 5, 14, 40, 7, 49, 8, 17, 43, 50, 9, 54]]
[[7,9,7,29,37,63],[0, 10, 5, 14, 40, 7, 49, 8, 17, 43, 52, 9, 53]]
[[5,11,11,15,30,107],[0, 10, 5, 14, 40, 7, 8, 17, 43, 50, 52, 9, 53]]
[[5,11,17,23,20,77],[0, 10, 5, 14, 40, 7, 8, 17, 43, 50, 52, 9, 54]]
[[5,9,8,37,40,72],[0, 10, 5, 14, 40, 7, 8, 17, 43, 9, 51, 53, 54]]
[[6,8,18,16,36,68],[0, 10, 5, 14, 40, 7, 49, 8, 17, 9, 44, 51, 53]]
[[6,12,9,16,31,111],[0, 10, 5, 14, 40, 7, 8, 17, 50, 9, 44, 51, 53]]
[[8,10,11,30,13,49],[0, 10, 5, 14, 40, 7, 49, 8, 17, 50, 52, 9, 53]]
[[6,6,9,14,16,81],[0, 10, 5, 14, 40, 7, 8, 17, 50, 9, 51, 53, 54]]
[[6,10,12,22,46,52],[0, 10, 5, 14, 7, 42, 49, 8, 17, 43, 52, 9, 44]]
[[7,11,10,19,37,68],[0, 10, 5, 14, 7, 42, 49, 8, 17, 43, 50, 9, 53]]
[[5,7,11,19,30,49],[0, 10, 5, 14, 7, 42, 49, 8, 17, 43, 50, 9, 54]]
[[4,12,7,36,19,57],[0, 10, 5, 14, 7, 42, 8, 17, 43, 50, 52, 9, 53]]
[[6,6,18,14,51,66],[0, 10, 5, 14, 7, 42, 8, 17, 43, 9, 51, 53, 54]]
[[5,9,20,21,30,72],[0, 10, 5, 14, 7, 42, 49, 8, 17, 9, 44, 51, 54]]
[[6,10,9,26,46,55],[0, 10, 5, 14, 7, 42, 49, 8, 17, 9, 44, 53, 54]]
[[6,8,12,16,41,80],[0, 10, 5, 14, 7, 42, 8, 17, 50, 9, 44, 53, 54]]
[[4,12,10,32,19,78],[0, 10, 5, 14, 7, 42, 8, 17, 52, 9, 44, 51, 54]]
[[3,13,9,29,18,73],[0, 10, 5, 14, 7, 42, 8, 17, 52, 9, 44, 53, 54]]
[[7,11,7,23,47,41],[0, 10, 5, 14, 7, 42, 49, 8, 17, 50, 52, 9, 53]]
[[7,9,10,21,27,96],[0, 10, 5, 14, 7, 42, 8, 17, 50, 9, 51, 53, 54]]
[[4,10,13,22,19,109],[0, 10, 5, 14, 7, 42, 8, 17, 52, 9, 51, 53, 54]]
[[6,8,6,16,26,86],[0, 10, 5, 14, 7, 49, 8, 17, 43, 9, 44, 51, 54]]
[[5,7,14,31,20,76],[0, 10, 5, 14, 7, 49, 8, 17, 43, 9, 44, 53, 54]]
[[4,8,10,36,19,56],[0, 10, 5, 14, 7, 8, 17, 43, 50, 9, 44, 51, 54]]
[[7,11,7,31,27,65],[0, 10, 5, 14, 7, 8, 17, 43, 50, 9, 44, 53, 54]]
[[6,10,15,14,36,97],[0, 10, 5, 14, 7, 49, 8, 17, 43, 50, 52, 9, 53]]
[[6,10,12,18,36,100],[0, 10, 5, 14, 7, 49, 8, 17, 43, 50, 52, 9, 54]]
[[7,9,7,25,42,63],[0, 10, 5, 14, 7, 49, 8, 17, 50, 9, 44, 51, 53]]
[[6,6,9,14,16,81],[0, 10, 5, 14, 7, 49, 8, 17, 50, 9, 44, 53, 54]]
[[6,8,6,16,36,92],[0, 10, 5, 14, 7, 49, 8, 17, 52, 9, 44, 51, 53]]
[[6,8,15,12,46,83],[0, 10, 5, 14, 7, 49, 8, 17, 52, 9, 44, 51, 54]]
[[8,10,11,30,13,49],[0, 10, 5, 14, 7, 8, 17, 50, 52, 9, 44, 51, 53]]
[[5,11,11,15,30,107],[0, 10, 5, 14, 7, 8, 17, 50, 52, 9, 44, 53, 54]]
[[7,7,13,23,52,43],[0, 10, 5, 14, 7, 49, 8, 17, 50, 9, 51, 53, 54]]
[[4,10,13,26,39,91],[0, 10, 5, 14, 7, 49, 8, 17, 52, 9, 51, 53, 54]]
[[5,7,8,15,15,58],[0, 10, 5, 40, 7, 16, 42, 8, 17, 9, 18, 51, 54]]
[[5,9,11,25,35,75],[0, 10, 5, 40, 7, 16, 8, 17, 43, 9, 18, 44, 53]]
[[6,12,12,24,21,78],[0, 10, 5, 40, 7, 16, 49, 8, 17, 9, 18, 44, 54]]
[[6,8,9,16,26,107],[0, 10, 5, 40, 7, 16, 8, 17, 50, 9, 18, 44, 53]]
[[6,8,9,12,41,71],[0, 10, 5, 40, 7, 16, 8, 17, 52, 9, 18, 44, 51]]
[[7,11,10,19,42,56],[0, 10, 5, 40, 7, 16, 8, 17, 52, 9, 18, 44, 54]]
[[5,9,11,25,35,75],[0, 10, 5, 40, 7, 16, 49, 8, 17, 9, 18, 51, 54]]
[[6,12,12,24,21,78],[0, 10, 5, 40, 7, 16, 49, 8, 17, 9, 18, 53, 54]]
[[7,9,10,17,37,84],[0, 10, 5, 40, 7, 16, 8, 17, 50, 9, 18, 51, 53]]
[[6,8,9,16,26,107],[0, 10, 5, 40, 7, 16, 8, 17, 50, 9, 18, 53, 54]]
[[6,8,9,12,41,71],[0, 10, 5, 40, 7, 16, 8, 17, 52, 9, 18, 51, 53]]
[[4,12,7,32,24,69],[0, 10, 5, 40, 7, 16, 8, 17, 52, 9, 18, 51, 54]]
[[3,11,6,19,18,80],[0, 10, 5, 40, 7, 16, 8, 17, 52, 9, 18, 53, 54]]
[[7,7,16,23,22,88],[0, 10, 5, 7, 16, 42, 8, 17, 43, 9, 18, 51, 54]]
[[5,7,14,27,20,64],[0, 10, 5, 7, 16, 42, 49, 8, 17, 9, 18, 44, 54]]
[[7,9,13,21,37,57],[0, 10, 5, 7, 16, 42, 8, 17, 50, 9, 18, 44, 53]]
[[6,8,15,12,46,83],[0, 10, 5, 7, 16, 42, 8, 17, 52, 9, 18, 44, 53]]
[[6,8,15,12,46,83],[0, 10, 5, 7, 16, 42, 8, 17, 52, 9, 18, 44, 54]]
[[6,12,15,16,26,87],[0, 10, 5, 7, 16, 42, 49, 8, 17, 9, 18, 51, 53]]
[[6,12,15,16,26,87],[0, 10, 5, 7, 16, 42, 49, 8, 17, 9, 18, 51, 54]]
[[7,7,16,23,22,88],[0, 10, 5, 7, 16, 42, 49, 8, 17, 9, 18, 53, 54]]
[[6,14,6,26,26,68],[0, 10, 5, 7, 16, 42, 8, 17, 50, 9, 18, 51, 53]]
[[6,6,18,30,6,78],[0, 10, 5, 7, 16, 42, 8, 17, 50, 9, 18, 51, 54]]
[[7,9,10,17,42,72],[0, 10, 5, 7, 16, 42, 8, 17, 50, 9, 18, 53, 54]]
[[5,9,20,9,35,96],[0, 10, 5, 7, 16, 42, 8, 17, 52, 9, 18, 51, 54]]
[[6,8,15,28,21,71],[0, 10, 5, 7, 16, 49, 8, 17, 43, 9, 18, 44, 54]]
[[8,8,11,24,28,83],[0, 10, 5, 7, 16, 8, 17, 43, 50, 9, 18, 44, 53]]
[[6,12,6,16,41,102],[0, 10, 5, 7, 16, 8, 17, 43, 52, 9, 18, 44, 51]]
[[7,9,13,25,37,51],[0, 10, 5, 7, 16, 8, 17, 43, 52, 9, 18, 44, 53]]
[[5,11,8,19,30,104],[0, 10, 5, 7, 16, 49, 8, 17, 43, 9, 18, 51, 53]]
[[6,8,15,28,21,71],[0, 10, 5, 7, 16, 49, 8, 17, 43, 9, 18, 53, 54]]
[[5,7,14,11,25,70],[0, 10, 5, 7, 16, 8, 17, 43, 50, 9, 18, 51, 54]]
[[8,8,11,24,28,83],[0, 10, 5, 7, 16, 8, 17, 43, 50, 9, 18, 53, 54]]
[[6,12,6,16,41,102],[0, 10, 5, 7, 16, 8, 17, 43, 52, 9, 18, 51, 53]]
[[5,7,14,11,25,70],[0, 10, 5, 7, 16, 49, 8, 17, 50, 9, 18, 44, 54]]
[[4,12,10,32,19,78],[0, 10, 5, 7, 16, 49, 8, 17, 52, 9, 18, 44, 54]]
[[6,8,9,24,46,53],[0, 10, 5, 7, 16, 8, 17, 9, 18, 44, 51, 53, 54]]
[[6,12,6,24,31,84],[0, 10, 5, 7, 16, 49, 8, 17, 50, 9, 18, 51, 53]]
[[7,7,16,15,57,46],[0, 10, 5, 7, 16, 49, 8, 17, 50, 9, 18, 53, 54]]
[[7,9,13,25,37,51],[0, 10, 5, 7, 16, 49, 8, 17, 52, 9, 18, 51, 54]]
[[4,12,10,32,19,78],[0, 10, 5, 7, 16, 49, 8, 17, 52, 9, 18, 53, 54]]
[[7,11,10,23,27,74],[0, 10, 5, 7, 16, 8, 17, 50, 52, 9, 18, 51, 53]]
[[7,9,10,17,37,84],[0, 10, 5, 40, 7, 16, 42, 49, 8, 17, 43, 9, 53]]
[[5,9,11,25,35,75],[0, 10, 5, 40, 7, 16, 42, 8, 17, 43, 50, 9, 54]]
[[6,14,9,26,16,65],[0, 10, 5, 40, 7, 16, 42, 8, 17, 43, 52, 9, 53]]
[[3,11,6,19,18,80],[0, 10, 5, 40, 7, 16, 42, 8, 17, 50, 52, 9, 44]]
[[7,9,10,17,37,84],[0, 10, 5, 40, 7, 16, 42, 8, 17, 9, 44, 51, 53]]
[[7,9,10,25,47,36],[0, 10, 5, 40, 7, 16, 42, 49, 8, 17, 52, 9, 53]]
[[7,11,10,19,42,56],[0, 10, 5, 40, 7, 16, 42, 8, 17, 50, 52, 9, 53]]
[[7,9,13,29,32,51],[0, 10, 5, 40, 7, 16, 42, 8, 17, 9, 51, 53, 54]]
[[4,10,16,26,14,100],[0, 10, 5, 40, 7, 16, 49, 8, 17, 43, 52, 9, 44]]
[[5,7,8,15,15,58],[0, 10, 5, 40, 7, 16, 49, 8, 17, 43, 50, 9, 54]]
[[8,10,14,10,38,76],[0, 10, 5, 40, 7, 16, 49, 8, 17, 43, 52, 9, 53]]
[[6,10,6,34,36,70],[0, 10, 5, 40, 7, 16, 8, 17, 43, 50, 52, 9, 53]]
[[6,10,6,34,36,70],[0, 10, 5, 40, 7, 16, 8, 17, 43, 50, 52, 9, 54]]
[[6,8,12,28,6,104],[0, 10, 5, 40, 7, 16, 8, 17, 43, 9, 51, 53, 54]]
[[5,9,14,13,30,108],[0, 10, 5, 40, 7, 16, 49, 8, 17, 50, 52, 9, 44]]
[[8,12,8,16,38,60],[0, 10, 5, 40, 7, 16, 49, 8, 17, 9, 44, 53, 54]]
[[5,13,11,29,25,73],[0, 10, 5, 40, 7, 16, 8, 17, 52, 9, 44, 53, 54]]
[[7,9,13,25,27,75],[0, 10, 5, 40, 7, 16, 49, 8, 17, 9, 51, 53, 54]]
[[5,7,8,15,15,58],[0, 10, 5, 40, 7, 16, 8, 17, 50, 9, 51, 53, 54]]
[[2,14,2,26,42,44],[0, 10, 5, 40, 7, 16, 8, 17, 52, 9, 51, 53, 54]]
[[5,7,14,11,25,70],[0, 10, 5, 7, 16, 42, 8, 17, 43, 9, 44, 51, 54]]
[[6,12,6,24,31,84],[0, 10, 5, 7, 16, 42, 8, 17, 43, 9, 44, 53, 54]]
[[6,8,9,24,46,53],[0, 10, 5, 7, 16, 42, 49, 8, 17, 43, 50, 9, 54]]
[[7,11,10,23,27,74],[0, 10, 5, 7, 16, 42, 49, 8, 17, 43, 52, 9, 53]]
[[7,9,13,25,37,51],[0, 10, 5, 7, 16, 42, 8, 17, 43, 50, 52, 9, 54]]
[[7,7,16,15,57,46],[0, 10, 5, 7, 16, 42, 8, 17, 43, 9, 51, 53, 54]]
[[6,12,6,16,41,102],[0, 10, 5, 7, 16, 42, 49, 8, 17, 50, 52, 9, 44]]
[[8,8,11,24,28,83],[0, 10, 5, 7, 16, 42, 49, 8, 17, 9, 44, 51, 53]]
[[7,7,16,15,57,46],[0, 10, 5, 7, 16, 42, 49, 8, 17, 9, 44, 53, 54]]
[[6,8,15,28,21,71],[0, 10, 5, 7, 16, 42, 8, 17, 50, 9, 44, 51, 54]]
[[7,11,10,23,27,74],[0, 10, 5, 7, 16, 42, 8, 17, 52, 9, 44, 51, 53]]
[[4,14,4,26,24,74],[0, 10, 5, 7, 16, 42, 8, 17, 52, 9, 44, 53, 54]]
[[6,12,6,16,41,102],[0, 10, 5, 7, 16, 42, 49, 8, 17, 50, 52, 9, 53]]
[[8,8,11,24,28,83],[0, 10, 5, 7, 16, 42, 49, 8, 17, 9, 51, 53, 54]]
[[6,8,15,28,21,71],[0, 10, 5, 7, 16, 42, 8, 17, 50, 9, 51, 53, 54]]
[[3,11,15,35,33,59],[0, 10, 5, 7, 16, 42, 8, 17, 52, 9, 51, 53, 54]]
[[7,9,13,21,37,57],[0, 10, 5, 7, 16, 49, 8, 17, 43, 9, 44, 51, 53]]
[[6,6,12,30,36,90],[0, 10, 5, 7, 16, 49, 8, 17, 43, 9, 44, 53, 54]]
[[5,7,14,27,20,64],[0, 10, 5, 7, 16, 8, 17, 43, 50, 9, 44, 51, 54]]
[[5,9,20,9,35,96],[0, 10, 5, 7, 16, 49, 8, 17, 43, 50, 52, 9, 54]]
[[7,9,10,17,42,72],[0, 10, 5, 7, 16, 49, 8, 17, 43, 9, 51, 53, 54]]
[[7,7,16,23,22,88],[0, 10, 5, 7, 16, 8, 17, 43, 50, 9, 51, 53, 54]]
[[4,12,10,28,24,84],[0, 10, 5, 7, 16, 8, 17, 43, 52, 9, 51, 53, 54]]
[[5,7,14,27,20,64],[0, 10, 5, 7, 16, 49, 8, 17, 50, 9, 44, 53, 54]]
[[5,9,5,17,15,63],[0, 10, 5, 7, 16, 49, 8, 17, 52, 9, 44, 51, 54]]
[[2,12,8,40,42,36],[0, 10, 5, 7, 16, 49, 8, 17, 52, 9, 44, 53, 54]]
[[5,13,11,25,25,79],[0, 10, 5, 7, 16, 49, 8, 17, 52, 9, 51, 53, 54]]
[[5,9,20,9,35,96],[0, 10, 5, 7, 16, 8, 17, 50, 52, 9, 51, 53, 54]]
[[7,7,13,11,47,79],[0, 10, 5, 40, 7, 42, 49, 8, 43, 9, 18, 44, 53]]
[[6,6,15,14,26,75],[0, 10, 5, 40, 7, 42, 8, 43, 52, 9, 18, 44, 53]]
[[5,11,11,23,25,83],[0, 10, 5, 40, 7, 42, 49, 8, 43, 9, 18, 53, 54]]
[[6,8,12,16,36,80],[0, 10, 5, 40, 7, 42, 8, 43, 50, 9, 18, 51, 53]]
[[5,7,11,19,40,73],[0, 10, 5, 40, 7, 42, 8, 43, 50, 9, 18, 53, 54]]
[[7,7,13,11,47,79],[0, 10, 5, 40, 7, 42, 8, 43, 52, 9, 18, 51, 53]]
[[4,10,10,34,19,76],[0, 10, 5, 40, 7, 42, 8, 43, 52, 9, 18, 53, 54]]
[[7,9,13,17,37,75],[0, 10, 5, 40, 7, 42, 49, 8, 52, 9, 18, 44, 53]]
[[6,8,12,16,36,80],[0, 10, 5, 40, 7, 42, 8, 50, 52, 9, 18, 44, 51]]
[[8,12,11,16,28,45],[0, 10, 5, 40, 7, 42, 49, 8, 52, 9, 18, 51, 53]]
[[6,8,15,20,36,77],[0, 10, 5, 40, 7, 42, 8, 50, 52, 9, 18, 51, 54]]
[[5,9,17,25,25,75],[0, 10, 5, 40, 7, 49, 8, 43, 50, 9, 18, 44, 53]]
[[5,9,17,25,25,75],[0, 10, 5, 40, 7, 8, 43, 50, 52, 9, 18, 44, 51]]
[[6,10,6,18,41,88],[0, 10, 5, 40, 7, 49, 8, 43, 50, 9, 18, 51, 53]]
[[7,7,7,31,42,49],[0, 10, 5, 40, 7, 49, 8, 43, 52, 9, 18, 51, 53]]
[[4,10,4,38,39,82],[0, 10, 5, 40, 7, 49, 8, 43, 52, 9, 18, 53, 54]]
[[7,11,10,27,17,80],[0, 10, 5, 40, 7, 49, 8, 50, 52, 9, 18, 44, 54]]
[[7,9,16,17,32,72],[0, 10, 5, 40, 7, 49, 8, 9, 18, 44, 51, 53, 54]]
[[7,11,10,27,17,80],[0, 10, 5, 40, 7, 8, 50, 9, 18, 44, 51, 53, 54]]
[[6,10,6,18,41,88],[0, 10, 5, 40, 7, 49, 8, 50, 52, 9, 18, 51, 54]]
[[5,9,14,21,20,90],[0, 10, 5, 7, 42, 8, 43, 9, 18, 44, 51, 53, 54]]
[[6,8,9,20,36,89],[0, 10, 5, 7, 42, 49, 8, 43, 50, 9, 18, 53, 54]]
[[6,10,9,38,26,67],[0, 10, 5, 7, 42, 49, 8, 43, 52, 9, 18, 51, 53]]
[[5,9,14,21,20,90],[0, 10, 5, 7, 42, 49, 8, 43, 52, 9, 18, 53, 54]]
[[7,7,16,19,42,58],[0, 10, 5, 7, 42, 49, 8, 50, 52, 9, 18, 44, 51]]
[[6,8,9,20,36,89],[0, 10, 5, 7, 42, 49, 8, 50, 52, 9, 18, 44, 54]]
[[6,10,9,38,26,67],[0, 10, 5, 7, 42, 49, 8, 9, 18, 44, 51, 53, 54]]
[[7,7,13,19,32,85],[0, 10, 5, 7, 42, 49, 8, 50, 52, 9, 18, 51, 54]]
[[6,10,12,18,31,100],[0, 10, 5, 7, 49, 8, 43, 50, 52, 9, 18, 44, 51]]
[[7,7,7,27,27,91],[0, 10, 5, 7, 49, 8, 43, 9, 18, 44, 51, 53, 54]]
[[4,8,7,36,39,89],[0, 10, 5, 7, 8, 43, 52, 9, 18, 44, 51, 53, 54]]
[[6,10,12,18,31,100],[0, 10, 5, 7, 49, 8, 50, 9, 18, 44, 51, 53, 54]]
[[7,11,10,27,17,80],[0, 10, 5, 40, 7, 42, 49, 8, 43, 9, 44, 53, 54]]
[[7,9,16,17,32,72],[0, 10, 5, 40, 7, 42, 8, 43, 50, 9, 44, 53, 54]]
[[7,11,10,27,17,80],[0, 10, 5, 40, 7, 42, 8, 43, 52, 9, 44, 51, 54]]
[[8,8,14,28,23,44],[0, 10, 5, 40, 7, 42, 49, 8, 43, 50, 52, 9, 53]]
[[4,10,4,38,39,82],[0, 10, 5, 40, 7, 42, 8, 43, 50, 9, 51, 53, 54]]
[[7,7,7,31,42,49],[0, 10, 5, 40, 7, 42, 49, 8, 50, 9, 51, 53, 54]]
[[4,10,4,38,39,82],[0, 10, 5, 40, 7, 42, 8, 50, 52, 9, 51, 53, 54]]
[[4,10,10,34,19,76],[0, 10, 5, 40, 7, 49, 8, 43, 50, 9, 44, 51, 53]]
[[7,9,13,17,37,75],[0, 10, 5, 40, 7, 8, 43, 50, 52, 9, 44, 51, 53]]
[[6,6,15,14,26,75],[0, 10, 5, 40, 7, 49, 8, 43, 50, 9, 51, 53, 54]]
[[6,6,15,14,26,75],[0, 10, 5, 40, 7, 49, 8, 50, 52, 9, 44, 51, 53]]
[[5,11,11,23,25,83],[0, 10, 5, 40, 7, 49, 8, 50, 52, 9, 44, 53, 54]]
[[4,10,10,34,19,76],[0, 10, 5, 40, 7, 49, 8, 50, 52, 9, 51, 53, 54]]
[[4,8,7,36,39,89],[0, 10, 5, 7, 42, 49, 8, 43, 50, 9, 44, 53, 54]]
[[6,8,6,16,41,56],[0, 10, 5, 7, 42, 49, 8, 43, 52, 9, 44, 51, 54]]
[[7,9,13,13,42,87],[0, 10, 5, 7, 42, 49, 8, 43, 50, 9, 51, 53, 54]]
[[6,10,21,10,36,61],[0, 10, 5, 7, 42, 8, 43, 50, 52, 9, 51, 53, 54]]
[[7,7,7,27,27,91],[0, 10, 5, 7, 42, 49, 8, 50, 52, 9, 44, 51, 53]]
[[4,8,7,36,39,89],[0, 10, 5, 7, 42, 49, 8, 50, 52, 9, 44, 53, 54]]
[[5,11,8,15,50,74],[0, 10, 5, 7, 42, 49, 8, 50, 52, 9, 51, 53, 54]]
[[8,8,14,24,23,68],[0, 10, 5, 7, 49, 8, 43, 50, 52, 9, 44, 51, 53]]
[[3,9,6,33,18,48],[0, 5, 14, 40, 7, 16, 42, 8, 17, 9, 18, 51, 54]]
[[4,10,10,14,49,58],[0, 5, 14, 40, 7, 16, 8, 17, 50, 9, 18, 44, 53]]
[[7,9,13,21,32,75],[0, 5, 14, 40, 7, 16, 8, 17, 50, 9, 18, 51, 53]]
[[6,8,6,16,26,86],[0, 5, 14, 7, 16, 42, 8, 17, 43, 9, 18, 44, 53]]
[[5,7,20,15,35,64],[0, 5, 14, 7, 16, 42, 8, 17, 43, 9, 18, 51, 54]]
[[3,9,6,33,23,72],[0, 5, 14, 7, 16, 42, 49, 8, 17, 9, 18, 44, 54]]
[[6,8,6,16,26,86],[0, 5, 14, 7, 16, 42, 8, 17, 52, 9, 18, 44, 54]]
[[6,12,9,28,31,57],[0, 5, 14, 7, 16, 42, 49, 8, 17, 9, 18, 51, 54]]
[[7,7,19,11,47,55],[0, 5, 14, 7, 16, 42, 49, 8, 17, 9, 18, 53, 54]]
[[7,7,19,11,47,55],[0, 5, 14, 7, 16, 42, 8, 17, 52, 9, 18, 51, 54]]
[[5,7,14,11,25,70],[0, 5, 14, 7, 16, 8, 17, 43, 50, 9, 18, 51, 54]]
[[8,8,11,32,23,53],[0, 5, 14, 7, 16, 8, 17, 43, 50, 9, 18, 53, 54]]
[[7,11,7,23,42,53],[0, 5, 14, 7, 16, 49, 8, 17, 50, 9, 18, 44, 53]]
[[8,8,11,32,23,53],[0, 5, 14, 7, 16, 8, 17, 50, 52, 9, 18, 44, 53]]
[[4,14,13,26,14,77],[0, 5, 14, 7, 16, 49, 8, 17, 50, 9, 18, 51, 53]]
[[5,7,11,19,15,79],[0, 5, 14, 7, 16, 49, 8, 17, 50, 9, 18, 53, 54]]
[[7,11,7,23,42,53],[0, 5, 14, 7, 16, 8, 17, 50, 52, 9, 18, 51, 53]]
[[4,10,13,38,24,49],[0, 5, 14, 40, 7, 16, 42, 8, 17, 43, 52, 9, 44]]
[[7,9,13,21,32,75],[0, 5, 14, 40, 7, 16, 42, 49, 8, 17, 43, 9, 53]]
[[8,12,8,20,23,84],[0, 5, 14, 40, 7, 16, 42, 8, 17, 43, 52, 9, 53]]
[[7,7,19,27,17,67],[0, 5, 14, 40, 7, 16, 42, 8, 17, 9, 44, 51, 53]]
[[5,9,14,33,20,66],[0, 5, 14, 40, 7, 16, 42, 8, 17, 9, 44, 51, 54]]
[[8,12,8,20,23,84],[0, 5, 14, 40, 7, 16, 42, 8, 17, 9, 44, 53, 54]]
[[7,7,19,27,17,67],[0, 5, 14, 40, 7, 16, 42, 49, 8, 17, 52, 9, 53]]
[[5,9,14,33,20,66],[0, 5, 14, 40, 7, 16, 42, 49, 8, 17, 52, 9, 54]]
[[5,11,8,23,30,98],[0, 5, 14, 40, 7, 16, 42, 8, 17, 9, 51, 53, 54]]
[[3,9,6,33,18,48],[0, 5, 14, 40, 7, 16, 49, 8, 17, 43, 50, 9, 54]]
[[6,8,6,20,26,80],[0, 5, 14, 40, 7, 16, 8, 17, 43, 50, 52, 9, 53]]
[[5,9,11,9,40,63],[0, 5, 14, 40, 7, 16, 49, 8, 17, 50, 52, 9, 44]]
[[5,9,11,9,40,63],[0, 5, 14, 40, 7, 16, 8, 17, 50, 9, 44, 51, 53]]
[[7,11,7,23,42,53],[0, 5, 14, 7, 16, 42, 8, 17, 43, 9, 44, 51, 53]]
[[6,10,9,22,26,103],[0, 5, 14, 7, 16, 42, 8, 17, 43, 9, 44, 53, 54]]
[[7,11,7,23,42,53],[0, 5, 14, 7, 16, 42, 49, 8, 17, 43, 52, 9, 53]]
[[5,7,11,19,15,79],[0, 5, 14, 7, 16, 42, 8, 17, 43, 9, 51, 53, 54]]
[[5,9,20,21,35,72],[0, 5, 14, 7, 16, 42, 49, 8, 17, 9, 44, 53, 54]]
[[5,7,14,11,25,70],[0, 5, 14, 7, 16, 42, 8, 17, 52, 9, 44, 51, 54]]
[[4,14,13,26,14,77],[0, 5, 14, 7, 16, 42, 8, 17, 52, 9, 44, 53, 54]]
[[8,8,11,32,23,53],[0, 5, 14, 7, 16, 42, 49, 8, 17, 9, 51, 53, 54]]
[[5,9,20,21,35,72],[0, 5, 14, 7, 16, 42, 8, 17, 52, 9, 51, 53, 54]]
[[3,9,6,33,23,72],[0, 5, 14, 7, 16, 8, 17, 43, 50, 9, 44, 51, 54]]
[[6,10,9,30,31,61],[0, 5, 14, 7, 16, 8, 17, 43, 50, 9, 44, 53, 54]]
[[7,7,19,11,47,55],[0, 5, 14, 7, 16, 49, 8, 17, 43, 50, 52, 9, 54]]
[[7,7,19,11,47,55],[0, 5, 14, 7, 16, 8, 17, 43, 50, 9, 51, 53, 54]]
[[6,8,6,16,26,86],[0, 5, 14, 7, 16, 49, 8, 17, 50, 9, 44, 51, 53]]
[[5,7,20,15,35,64],[0, 5, 14, 7, 16, 8, 17, 50, 52, 9, 51, 53, 54]]
[[3,13,15,29,23,67],[0, 5, 14, 40, 7, 42, 8, 17, 43, 9, 18, 44, 53]]
[[6,10,9,18,41,79],[0, 5, 14, 40, 7, 42, 8, 17, 43, 9, 18, 51, 53]]
[[5,9,14,25,30,78],[0, 5, 14, 40, 7, 42, 8, 17, 43, 9, 18, 53, 54]]
[[6,8,9,16,21,107],[0, 5, 14, 40, 7, 42, 49, 8, 17, 9, 18, 44, 53]]
[[4,10,4,34,14,52],[0, 5, 14, 40, 7, 42, 49, 8, 17, 9, 18, 44, 54]]
[[5,9,14,25,30,78],[0, 5, 14, 40, 7, 42, 8, 17, 52, 9, 18, 44, 53]]
[[3,9,12,25,53,78],[0, 5, 14, 40, 7, 42, 49, 8, 17, 9, 18, 51, 54]]
[[4,12,4,32,54,78],[0, 5, 14, 40, 7, 42, 49, 8, 17, 9, 18, 53, 54]]
[[5,11,20,15,25,86],[0, 5, 14, 40, 7, 42, 8, 17, 50, 9, 18, 51, 53]]
[[4,8,13,12,34,95],[0, 5, 14, 40, 7, 42, 8, 17, 50, 9, 18, 53, 54]]
[[6,8,9,16,21,107],[0, 5, 14, 40, 7, 42, 8, 17, 52, 9, 18, 51, 53]]
[[4,10,4,34,14,52],[0, 5, 14, 40, 7, 42, 8, 17, 52, 9, 18, 51, 54]]
[[3,13,15,29,23,67],[0, 5, 14, 40, 7, 42, 8, 17, 52, 9, 18, 53, 54]]
[[5,9,14,21,25,96],[0, 5, 14, 40, 7, 49, 8, 17, 43, 9, 18, 44, 53]]
[[5,13,8,29,40,52],[0, 5, 14, 40, 7, 8, 17, 43, 50, 9, 18, 44, 54]]
[[6,10,12,30,21,70],[0, 5, 14, 40, 7, 8, 17, 43, 52, 9, 18, 44, 53]]
[[4,10,7,26,9,79],[0, 5, 14, 40, 7, 49, 8, 17, 43, 9, 18, 51, 53]]
[[3,9,3,37,43,75],[0, 5, 14, 40, 7, 49, 8, 17, 43, 9, 18, 53, 54]]
[[2,10,5,26,27,67],[0, 5, 14, 40, 7, 8, 17, 43, 50, 9, 18, 51, 54]]
[[7,11,7,19,42,83],[0, 5, 14, 40, 7, 8, 17, 43, 52, 9, 18, 51, 53]]
[[4,10,7,26,9,79],[0, 5, 14, 40, 7, 8, 17, 43, 52, 9, 18, 53, 54]]
[[4,10,10,22,14,100],[0, 5, 14, 40, 7, 49, 8, 17, 50, 9, 18, 44, 53]]
[[5,9,14,21,25,96],[0, 5, 14, 40, 7, 49, 8, 17, 52, 9, 18, 44, 53]]
[[4,10,10,22,14,100],[0, 5, 14, 40, 7, 8, 17, 50, 52, 9, 18, 44, 51]]
[[5,13,8,29,40,52],[0, 5, 14, 40, 7, 8, 17, 50, 52, 9, 18, 44, 53]]
[[5,9,11,13,25,111],[0, 5, 14, 40, 7, 49, 8, 17, 50, 9, 18, 51, 53]]
[[5,7,8,15,30,46],[0, 5, 14, 40, 7, 49, 8, 17, 50, 9, 18, 51, 54]]
[[6,8,18,24,16,74],[0, 5, 14, 40, 7, 49, 8, 17, 52, 9, 18, 51, 53]]
[[3,9,3,37,43,75],[0, 5, 14, 40, 7, 49, 8, 17, 52, 9, 18, 53, 54]]
[[6,12,15,20,21,75],[0, 5, 14, 7, 42, 49, 8, 17, 43, 9, 18, 44, 53]]
[[6,8,15,20,41,59],[0, 5, 14, 7, 42, 8, 17, 43, 50, 9, 18, 44, 53]]
[[4,10,10,30,24,88],[0, 5, 14, 7, 42, 8, 17, 43, 50, 9, 18, 44, 54]]
[[7,11,10,19,37,62],[0, 5, 14, 7, 42, 8, 17, 43, 52, 9, 18, 44, 53]]
[[3,13,6,21,43,82],[0, 5, 14, 7, 42, 49, 8, 17, 43, 9, 18, 51, 53]]
[[4,8,13,32,39,83],[0, 5, 14, 7, 42, 49, 8, 17, 43, 9, 18, 53, 54]]
[[6,8,15,8,46,83],[0, 5, 14, 7, 42, 8, 17, 43, 50, 9, 18, 53, 54]]
[[6,12,15,20,21,75],[0, 5, 14, 7, 42, 8, 17, 43, 52, 9, 18, 51, 53]]
[[3,9,6,33,23,72],[0, 5, 14, 7, 42, 49, 8, 17, 50, 9, 18, 44, 54]]
[[4,8,10,36,19,56],[0, 5, 14, 7, 42, 49, 8, 17, 52, 9, 18, 44, 54]]
[[4,10,10,38,19,64],[0, 5, 14, 7, 42, 8, 17, 9, 18, 44, 51, 53, 54]]
[[5,7,14,27,20,64],[0, 5, 14, 7, 42, 49, 8, 17, 50, 9, 18, 53, 54]]
[[5,9,8,17,30,90],[0, 5, 14, 7, 42, 49, 8, 17, 52, 9, 18, 51, 53]]
[[4,10,10,38,19,64],[0, 5, 14, 7, 42, 49, 8, 17, 52, 9, 18, 53, 54]]
[[2,10,5,34,42,55],[0, 5, 14, 7, 49, 8, 17, 43, 50, 9, 18, 44, 54]]
[[5,11,8,19,30,104],[0, 5, 14, 7, 8, 17, 43, 50, 52, 9, 18, 44, 54]]
[[3,11,6,27,33,68],[0, 5, 14, 7, 8, 17, 43, 9, 18, 44, 51, 53, 54]]
[[5,11,17,11,20,119],[0, 5, 14, 7, 49, 8, 17, 43, 50, 9, 18, 51, 54]]
[[6,8,18,16,36,74],[0, 5, 14, 7, 49, 8, 17, 43, 50, 9, 18, 53, 54]]
[[6,10,12,18,41,76],[0, 5, 14, 7, 49, 8, 17, 43, 52, 9, 18, 51, 53]]
[[5,9,14,25,20,84],[0, 5, 14, 7, 49, 8, 17, 43, 52, 9, 18, 53, 54]]
[[6,8,18,16,36,74],[0, 5, 14, 7, 8, 17, 43, 50, 52, 9, 18, 51, 54]]
[[5,9,11,21,20,93],[0, 5, 14, 7, 49, 8, 17, 50, 52, 9, 18, 44, 51]]
[[6,8,9,36,51,53],[0, 5, 14, 7, 49, 8, 17, 9, 18, 44, 51, 53, 54]]
[[3,11,6,27,33,68],[0, 5, 14, 7, 8, 17, 52, 9, 18, 44, 51, 53, 54]]
[[5,11,17,11,20,119],[0, 5, 14, 7, 49, 8, 17, 50, 52, 9, 18, 51, 53]]
[[4,8,13,16,29,89],[0, 5, 14, 7, 49, 8, 17, 50, 52, 9, 18, 53, 54]]
[[4,10,10,22,14,100],[0, 5, 14, 40, 7, 42, 49, 8, 17, 43, 52, 9, 44]]
[[4,10,10,22,14,100],[0, 5, 14, 40, 7, 42, 8, 17, 43, 9, 44, 51, 53]]
[[7,11,7,19,42,83],[0, 5, 14, 40, 7, 42, 49, 8, 17, 43, 50, 9, 53]]
[[6,8,18,24,16,74],[0, 5, 14, 40, 7, 42, 8, 17, 43, 50, 52, 9, 53]]
[[5,13,8,29,40,52],[0, 5, 14, 40, 7, 42, 49, 8, 17, 9, 44, 51, 54]]
[[6,12,12,24,21,78],[0, 5, 14, 40, 7, 42, 49, 8, 17, 9, 44, 53, 54]]
[[5,9,14,21,25,96],[0, 5, 14, 40, 7, 42, 8, 17, 50, 9, 44, 51, 53]]
[[6,10,12,30,21,70],[0, 5, 14, 40, 7, 42, 8, 17, 50, 9, 44, 53, 54]]
[[6,12,12,24,21,78],[0, 5, 14, 40, 7, 42, 8, 17, 52, 9, 44, 51, 54]]
[[7,11,7,19,42,83],[0, 5, 14, 40, 7, 42, 49, 8, 17, 50, 52, 9, 53]]
[[3,9,3,37,43,75],[0, 5, 14, 40, 7, 42, 8, 17, 50, 9, 51, 53, 54]]
[[2,10,5,26,27,67],[0, 5, 14, 40, 7, 42, 8, 17, 52, 9, 51, 53, 54]]
[[6,8,9,16,21,107],[0, 5, 14, 40, 7, 8, 17, 43, 50, 9, 44, 51, 53]]
[[4,10,4,34,14,52],[0, 5, 14, 40, 7, 8, 17, 43, 50, 9, 44, 51, 54]]
[[7,11,13,19,32,59],[0, 5, 14, 40, 7, 8, 17, 43, 50, 9, 44, 53, 54]]
[[6,8,9,16,21,107],[0, 5, 14, 40, 7, 49, 8, 17, 43, 50, 52, 9, 53]]
[[4,10,4,34,14,52],[0, 5, 14, 40, 7, 49, 8, 17, 43, 50, 52, 9, 54]]
[[4,8,13,12,34,95],[0, 5, 14, 40, 7, 49, 8, 17, 43, 9, 51, 53, 54]]
[[4,12,4,32,54,78],[0, 5, 14, 40, 7, 8, 17, 43, 50, 9, 51, 53, 54]]
[[3,13,15,29,23,67],[0, 5, 14, 40, 7, 49, 8, 17, 50, 9, 44, 51, 53]]
[[4,8,7,12,19,71],[0, 5, 14, 40, 7, 49, 8, 17, 52, 9, 44, 51, 53]]
[[6,10,9,18,41,79],[0, 5, 14, 40, 7, 8, 17, 50, 52, 9, 44, 51, 53]]
[[5,9,14,25,30,78],[0, 5, 14, 40, 7, 49, 8, 17, 50, 9, 51, 53, 54]]
[[5,11,8,19,30,104],[0, 5, 14, 7, 42, 49, 8, 17, 43, 9, 44, 51, 53]]
[[6,8,9,36,51,53],[0, 5, 14, 7, 42, 8, 17, 43, 50, 9, 44, 53, 54]]
[[5,15,8,31,20,54],[0, 5, 14, 7, 42, 49, 8, 17, 43, 50, 52, 9, 53]]
[[5,9,11,9,30,105],[0, 5, 14, 7, 42, 49, 8, 17, 43, 50, 52, 9, 54]]
[[5,9,14,25,20,84],[0, 5, 14, 7, 42, 8, 17, 43, 50, 9, 51, 53, 54]]
[[4,8,13,16,29,89],[0, 5, 14, 7, 42, 8, 17, 43, 52, 9, 51, 53, 54]]
[[3,11,6,27,33,68],[0, 5, 14, 7, 42, 49, 8, 17, 50, 9, 44, 53, 54]]
[[5,11,8,19,30,104],[0, 5, 14, 7, 42, 49, 8, 17, 52, 9, 44, 51, 54]]
[[2,10,5,34,42,55],[0, 5, 14, 7, 42, 49, 8, 17, 52, 9, 44, 53, 54]]
[[6,10,12,18,41,76],[0, 5, 14, 7, 42, 49, 8, 17, 50, 9, 51, 53, 54]]
[[5,9,14,25,20,84],[0, 5, 14, 7, 42, 8, 17, 50, 52, 9, 51, 53, 54]]
[[4,10,10,38,19,64],[0, 5, 14, 7, 49, 8, 17, 43, 50, 9, 44, 53, 54]]
[[4,8,10,36,19,56],[0, 5, 14, 7, 8, 17, 43, 50, 52, 9, 44, 51, 54]]
[[3,13,6,21,43,82],[0, 5, 14, 7, 8, 17, 43, 50, 52, 9, 44, 53, 54]]
[[7,11,10,19,37,62],[0, 5, 14, 7, 49, 8, 17, 43, 50, 9, 51, 53, 54]]
[[4,10,10,38,19,64],[0, 5, 14, 7, 8, 17, 43, 50, 52, 9, 51, 53, 54]]
[[7,11,10,19,37,62],[0, 5, 14, 7, 49, 8, 17, 50, 52, 9, 44, 51, 53]]
[[4,8,13,32,39,83],[0, 5, 14, 7, 49, 8, 17, 50, 52, 9, 44, 53, 54]]
[[3,9,9,33,33,45],[0, 5, 40, 7, 16, 42, 8, 17, 43, 9, 18, 51, 54]]
[[3,11,6,27,28,50],[0, 5, 40, 7, 16, 42, 8, 17, 50, 9, 18, 44, 53]]
[[4,10,10,30,24,88],[0, 5, 40, 7, 16, 42, 8, 17, 52, 9, 18, 44, 53]]
[[6,8,12,8,36,110],[0, 5, 40, 7, 16, 42, 49, 8, 17, 9, 18, 51, 53]]
[[4,10,13,26,29,103],[0, 5, 40, 7, 16, 42, 49, 8, 17, 9, 18, 51, 54]]
[[6,14,6,26,26,80],[0, 5, 40, 7, 16, 42, 8, 17, 50, 9, 18, 51, 53]]
[[5,9,11,21,45,93],[0, 5, 40, 7, 16, 42, 8, 17, 50, 9, 18, 53, 54]]
[[5,7,11,27,20,67],[0, 5, 40, 7, 16, 42, 8, 17, 52, 9, 18, 51, 54]]
[[4,12,10,24,34,78],[0, 5, 40, 7, 16, 8, 17, 43, 50, 9, 18, 44, 53]]
[[4,14,13,26,14,83],[0, 5, 40, 7, 16, 8, 17, 43, 52, 9, 18, 44, 51]]
[[5,9,17,17,35,75],[0, 5, 40, 7, 16, 8, 17, 43, 52, 9, 18, 44, 53]]
[[5,9,20,21,30,72],[0, 5, 40, 7, 16, 49, 8, 17, 43, 9, 18, 51, 53]]
[[6,10,9,18,31,103],[0, 5, 40, 7, 16, 8, 17, 43, 50, 9, 18, 53, 54]]
[[5,11,11,19,30,83],[0, 5, 40, 7, 16, 49, 8, 17, 50, 9, 18, 44, 53]]
[[5,9,14,33,20,66],[0, 5, 40, 7, 16, 49, 8, 17, 50, 9, 18, 44, 54]]
[[5,7,20,23,30,52],[0, 5, 40, 7, 16, 49, 8, 17, 52, 9, 18, 44, 51]]
[[6,10,9,26,46,55],[0, 5, 40, 7, 16, 49, 8, 17, 52, 9, 18, 44, 54]]
[[6,10,15,18,31,79],[0, 5, 40, 7, 16, 8, 17, 50, 52, 9, 18, 44, 53]]
[[6,12,15,24,16,57],[0, 5, 40, 7, 16, 8, 17, 9, 18, 44, 51, 53, 54]]
[[4,10,10,34,19,64],[0, 5, 40, 7, 16, 49, 8, 17, 50, 9, 18, 51, 53]]
[[3,9,9,29,33,87],[0, 5, 40, 7, 16, 49, 8, 17, 50, 9, 18, 53, 54]]
[[5,7,8,15,30,40],[0, 5, 40, 7, 16, 49, 8, 17, 52, 9, 18, 51, 53]]
[[5,9,5,17,15,75],[0, 5, 40, 7, 16, 49, 8, 17, 52, 9, 18, 51, 54]]
[[2,10,5,34,42,55],[0, 5, 40, 7, 16, 49, 8, 17, 52, 9, 18, 53, 54]]
[[7,9,13,13,47,75],[0, 5, 40, 7, 16, 8, 17, 50, 52, 9, 18, 51, 53]]
[[3,9,15,33,33,63],[0, 5, 7, 16, 42, 8, 17, 43, 50, 9, 18, 44, 54]]
[[6,8,18,12,41,74],[0, 5, 7, 16, 42, 49, 8, 17, 43, 9, 18, 51, 54]]
[[5,7,11,27,20,67],[0, 5, 7, 16, 42, 49, 8, 17, 43, 9, 18, 53, 54]]
[[6,12,9,20,31,93],[0, 5, 7, 16, 42, 8, 17, 43, 50, 9, 18, 51, 53]]
[[4,10,10,22,24,106],[0, 5, 7, 16, 42, 8, 17, 43, 50, 9, 18, 51, 54]]
[[7,9,13,33,17,63],[0, 5, 7, 16, 42, 8, 17, 43, 50, 9, 18, 53, 54]]
[[6,10,12,22,36,70],[0, 5, 7, 16, 42, 49, 8, 17, 50, 9, 18, 44, 53]]
[[5,9,8,37,40,72],[0, 5, 7, 16, 42, 49, 8, 17, 52, 9, 18, 44, 54]]
[[7,11,16,11,32,62],[0, 5, 7, 16, 42, 8, 17, 50, 52, 9, 18, 44, 53]]
[[3,13,9,33,33,67],[0, 5, 7, 16, 42, 49, 8, 17, 50, 9, 18, 51, 53]]
[[4,8,7,20,19,65],[0, 5, 7, 16, 42, 49, 8, 17, 50, 9, 18, 53, 54]]
[[4,10,13,26,29,103],[0, 5, 7, 16, 42, 49, 8, 17, 52, 9, 18, 51, 53]]
[[6,8,12,8,36,110],[0, 5, 7, 16, 42, 49, 8, 17, 52, 9, 18, 51, 54]]
[[3,9,9,33,33,45],[0, 5, 7, 16, 42, 49, 8, 17, 52, 9, 18, 53, 54]]
[[6,14,6,26,26,80],[0, 5, 7, 16, 42, 8, 17, 50, 52, 9, 18, 51, 53]]
[[5,9,17,13,35,93],[0, 5, 7, 16, 42, 8, 17, 50, 52, 9, 18, 53, 54]]
[[7,9,13,13,47,75],[0, 5, 7, 16, 49, 8, 17, 43, 50, 9, 18, 44, 53]]
[[5,9,8,21,40,72],[0, 5, 7, 16, 49, 8, 17, 43, 52, 9, 18, 44, 51]]
[[6,10,9,18,31,103],[0, 5, 7, 16, 8, 17, 43, 50, 52, 9, 18, 44, 53]]
[[4,8,13,16,9,95],[0, 5, 7, 16, 49, 8, 17, 43, 50, 9, 18, 51, 54]]
[[5,11,14,15,20,122],[0, 5, 7, 16, 49, 8, 17, 43, 50, 9, 18, 53, 54]]
[[5,13,8,29,40,52],[0, 5, 7, 16, 49, 8, 17, 43, 52, 9, 18, 51, 53]]
[[5,11,11,19,30,83],[0, 5, 7, 16, 8, 17, 43, 50, 52, 9, 18, 51, 53]]
[[5,9,14,33,20,66],[0, 5, 7, 16, 8, 17, 43, 50, 52, 9, 18, 51, 54]]
[[4,12,10,24,34,78],[0, 5, 7, 16, 8, 17, 43, 50, 52, 9, 18, 53, 54]]
[[3,9,6,33,18,48],[0, 5, 7, 16, 8, 17, 50, 9, 18, 44, 51, 53, 54]]
[[2,12,5,24,22,57],[0, 5, 7, 16, 8, 17, 52, 9, 18, 44, 51, 53, 54]]
[[6,12,9,32,21,69],[0, 5, 7, 16, 49, 8, 17, 50, 52, 9, 18, 51, 53]]
[[5,7,20,23,30,52],[0, 5, 40, 7, 16, 42, 8, 17, 43, 50, 52, 9, 44]]
[[5,11,11,19,30,83],[0, 5, 40, 7, 16, 42, 8, 17, 43, 9, 44, 51, 53]]
[[5,9,14,33,20,66],[0, 5, 40, 7, 16, 42, 8, 17, 43, 9, 44, 51, 54]]
[[6,12,9,32,21,69],[0, 5, 40, 7, 16, 42, 8, 17, 43, 9, 44, 53, 54]]
[[2,12,5,24,22,57],[0, 5, 40, 7, 16, 42, 49, 8, 17, 43, 50, 9, 54]]
[[7,9,13,13,47,75],[0, 5, 40, 7, 16, 42, 49, 8, 17, 43, 52, 9, 53]]
[[5,7,8,15,30,40],[0, 5, 40, 7, 16, 42, 8, 17, 43, 50, 52, 9, 53]]
[[5,9,5,17,15,75],[0, 5, 40, 7, 16, 42, 8, 17, 43, 50, 52, 9, 54]]
[[3,9,9,29,33,87],[0, 5, 40, 7, 16, 42, 8, 17, 43, 9, 51, 53, 54]]
[[4,14,13,26,14,83],[0, 5, 40, 7, 16, 42, 49, 8, 17, 50, 52, 9, 44]]
[[4,12,10,24,34,78],[0, 5, 40, 7, 16, 42, 49, 8, 17, 9, 44, 51, 53]]
[[5,11,11,27,40,71],[0, 5, 40, 7, 16, 42, 8, 17, 52, 9, 44, 51, 53]]
[[6,10,9,18,31,103],[0, 5, 40, 7, 16, 42, 49, 8, 17, 9, 51, 53, 54]]
[[3,9,6,33,18,48],[0, 5, 40, 7, 16, 42, 8, 17, 52, 9, 51, 53, 54]]
[[3,11,6,27,28,50],[0, 5, 40, 7, 16, 49, 8, 17, 43, 9, 44, 51, 53]]
[[6,10,12,22,36,70],[0, 5, 40, 7, 16, 8, 17, 43, 52, 9, 44, 51, 53]]
[[5,7,11,27,20,67],[0, 5, 40, 7, 16, 49, 8, 17, 43, 50, 52, 9, 54]]
[[5,9,11,21,45,93],[0, 5, 40, 7, 16, 49, 8, 17, 43, 9, 51, 53, 54]]
[[4,8,7,20,19,65],[0, 5, 40, 7, 16, 8, 17, 43, 52, 9, 51, 53, 54]]
[[5,9,8,37,40,72],[0, 5, 40, 7, 16, 49, 8, 17, 50, 9, 44, 53, 54]]
[[5,7,11,15,45,67],[0, 5, 40, 7, 16, 49, 8, 17, 52, 9, 44, 51, 53]]
[[3,13,9,33,33,67],[0, 5, 40, 7, 16, 49, 8, 17, 52, 9, 51, 53, 54]]
[[3,9,9,37,23,51],[0, 5, 40, 7, 16, 8, 17, 50, 52, 9, 51, 53, 54]]
[[3,9,6,33,18,48],[0, 5, 7, 16, 42, 49, 8, 17, 43, 9, 44, 53, 54]]
[[2,10,5,34,42,55],[0, 5, 7, 16, 42, 8, 17, 43, 50, 9, 44, 51, 54]]
[[4,10,10,34,19,64],[0, 5, 7, 16, 42, 8, 17, 43, 52, 9, 44, 53, 54]]
[[6,12,15,24,16,57],[0, 5, 7, 16, 42, 49, 8, 17, 43, 50, 52, 9, 54]]
[[6,10,15,18,31,79],[0, 5, 7, 16, 42, 49, 8, 17, 43, 9, 51, 53, 54]]
[[6,10,9,26,46,55],[0, 5, 7, 16, 42, 8, 17, 43, 50, 9, 51, 53, 54]]
[[5,9,5,17,15,75],[0, 5, 7, 16, 42, 49, 8, 17, 50, 9, 44, 51, 53]]
[[5,7,8,15,30,40],[0, 5, 7, 16, 42, 49, 8, 17, 50, 9, 44, 51, 54]]
[[6,10,9,18,31,103],[0, 5, 7, 16, 42, 49, 8, 17, 52, 9, 44, 51, 53]]
[[3,9,9,29,33,87],[0, 5, 7, 16, 42, 49, 8, 17, 52, 9, 44, 53, 54]]
[[5,7,20,23,30,52],[0, 5, 7, 16, 42, 49, 8, 17, 50, 9, 51, 53, 54]]
[[4,12,10,24,34,78],[0, 5, 7, 16, 42, 49, 8, 17, 52, 9, 51, 53, 54]]
[[4,10,10,30,24,88],[0, 5, 7, 16, 49, 8, 17, 43, 50, 9, 44, 51, 54]]
[[7,11,16,11,32,62],[0, 5, 7, 16, 49, 8, 17, 43, 52, 9, 44, 51, 53]]
[[5,9,8,37,40,72],[0, 5, 7, 16, 8, 17, 43, 50, 52, 9, 44, 51, 54]]
[[5,9,17,13,35,93],[0, 5, 7, 16, 49, 8, 17, 43, 52, 9, 51, 53, 54]]
[[3,9,9,33,33,45],[0, 5, 7, 16, 8, 17, 43, 50, 52, 9, 51, 53, 54]]
[[6,10,9,14,46,73],[0, 5, 40, 7, 42, 49, 8, 17, 43, 9, 18, 44, 53]]
[[6,8,18,8,36,92],[0, 5, 40, 7, 42, 49, 8, 17, 43, 9, 18, 44, 54]]
[[7,7,16,11,47,70],[0, 5, 40, 7, 42, 8, 17, 43, 52, 9, 18, 44, 53]]
[[5,11,5,19,20,95],[0, 5, 40, 7, 42, 49, 8, 17, 43, 9, 18, 51, 53]]
[[4,8,13,32,29,59],[0, 5, 40, 7, 42, 49, 8, 17, 43, 9, 18, 53, 54]]
[[8,8,11,28,28,59],[0, 5, 40, 7, 42, 8, 17, 43, 52, 9, 18, 51, 53]]
[[5,9,14,9,25,114],[0, 5, 40, 7, 42, 49, 8, 17, 52, 9, 18, 44, 51]]
[[6,10,15,18,31,79],[0, 5, 40, 7, 42, 49, 8, 17, 52, 9, 18, 44, 53]]
[[7,9,13,21,22,93],[0, 5, 40, 7, 42, 49, 8, 17, 52, 9, 18, 51, 53]]
[[4,8,10,28,34,74],[0, 5, 40, 7, 42, 49, 8, 17, 52, 9, 18, 53, 54]]
[[5,7,8,15,30,40],[0, 5, 40, 7, 8, 17, 43, 50, 52, 9, 18, 44, 53]]
[[7,9,10,21,37,66],[0, 5, 40, 7, 49, 8, 17, 43, 50, 9, 18, 51, 53]]
[[5,11,11,27,45,65],[0, 5, 40, 7, 49, 8, 17, 43, 50, 9, 18, 51, 54]]
[[6,6,12,10,31,90],[0, 5, 40, 7, 8, 17, 43, 50, 52, 9, 18, 51, 54]]
[[5,9,11,17,35,93],[0, 5, 40, 7, 49, 8, 17, 50, 52, 9, 18, 44, 51]]
[[6,8,15,28,21,71],[0, 5, 40, 7, 8, 17, 50, 9, 18, 44, 51, 53, 54]]
[[7,9,10,21,42,66],[0, 5, 40, 7, 49, 8, 17, 50, 52, 9, 18, 51, 53]]
[[4,8,16,36,29,50],[0, 5, 40, 7, 49, 8, 17, 50, 52, 9, 18, 53, 54]]
[[4,8,10,28,34,74],[0, 5, 7, 42, 8, 17, 43, 9, 18, 44, 51, 53, 54]]
[[7,13,10,21,22,64],[0, 5, 7, 42, 49, 8, 17, 43, 52, 9, 18, 51, 53]]
[[7,9,13,21,22,93],[0, 5, 7, 42, 49, 8, 17, 9, 18, 44, 51, 53, 54]]
[[4,8,13,32,29,59],[0, 5, 7, 42, 8, 17, 52, 9, 18, 44, 51, 53, 54]]
[[6,8,15,28,21,71],[0, 5, 7, 49, 8, 17, 43, 50, 52, 9, 18, 44, 54]]
[[5,11,11,27,45,65],[0, 5, 7, 49, 8, 17, 43, 50, 52, 9, 18, 51, 53]]
[[7,9,10,21,37,66],[0, 5, 7, 49, 8, 17, 43, 50, 52, 9, 18, 51, 54]]
[[5,9,11,17,35,93],[0, 5, 7, 49, 8, 17, 50, 9, 18, 44, 51, 53, 54]]
[[6,8,15,28,21,71],[0, 5, 40, 7, 42, 49, 8, 17, 43, 9, 44, 53, 54]]
[[4,8,16,36,29,50],[0, 5, 40, 7, 42, 8, 17, 43, 52, 9, 51, 53, 54]]
[[5,7,8,15,30,40],[0, 5, 40, 7, 42, 49, 8, 17, 52, 9, 44, 51, 53]]
[[5,9,11,17,20,99],[0, 5, 40, 7, 49, 8, 17, 43, 50, 9, 44, 51, 53]]
[[6,10,15,18,31,79],[0, 5, 40, 7, 8, 17, 43, 50, 52, 9, 44, 51, 53]]
[[7,7,10,31,47,34],[0, 5, 40, 7, 49, 8, 17, 43, 50, 9, 51, 53, 54]]
[[4,8,10,28,34,74],[0, 5, 40, 7, 8, 17, 43, 50, 52, 9, 51, 53, 54]]
[[7,7,16,11,47,70],[0, 5, 40, 7, 49, 8, 17, 50, 52, 9, 44, 51, 53]]
[[7,7,10,31,47,34],[0, 5, 7, 49, 8, 17, 43, 50, 52, 9, 44, 51, 53]]
[[4,8,13,32,29,59],[0, 5, 7, 49, 8, 17, 43, 50, 52, 9, 44, 53, 54]]
[[5,9,11,17,20,99],[0, 5, 7, 49, 8, 17, 43, 50, 52, 9, 51, 53, 54]]
[[7,9,10,21,42,54],[0, 10, 5, 14, 40, 7, 16, 42, 8, 43, 50, 18, 53]]
[[4,12,10,24,24,96],[0, 10, 5, 14, 40, 7, 16, 42, 49, 8, 50, 18, 53]]
[[7,9,13,17,37,81],[0, 10, 5, 14, 40, 7, 16, 42, 49, 8, 52, 18, 54]]
[[7,11,7,15,47,95],[0, 10, 5, 14, 40, 7, 16, 42, 8, 50, 52, 18, 53]]
[[6,8,6,24,31,80],[0, 10, 5, 14, 40, 7, 16, 49, 8, 43, 52, 18, 44]]
[[6,8,12,24,36,68],[0, 10, 5, 14, 40, 7, 16, 8, 43, 18, 44, 51, 53]]
[[6,10,12,22,26,70],[0, 10, 5, 14, 40, 7, 16, 8, 43, 50, 52, 18, 53]]
[[6,6,15,6,51,75],[0, 10, 5, 14, 40, 7, 16, 8, 43, 18, 51, 53, 54]]
[[4,8,7,20,9,59],[0, 10, 5, 14, 40, 7, 16, 8, 50, 18, 44, 53, 54]]
[[6,8,6,16,41,56],[0, 10, 5, 14, 40, 7, 16, 8, 52, 18, 44, 51, 54]]
[[7,13,10,17,37,46],[0, 10, 5, 14, 40, 7, 16, 49, 8, 50, 52, 18, 53]]
[[7,11,10,27,17,80],[0, 10, 5, 14, 40, 7, 16, 49, 8, 18, 51, 53, 54]]
[[7,7,19,15,57,31],[0, 10, 5, 14, 40, 7, 16, 8, 50, 18, 51, 53, 54]]
[[5,9,11,25,30,81],[0, 10, 5, 14, 7, 16, 42, 49, 8, 43, 52, 18, 44]]
[[6,8,9,20,36,89],[0, 10, 5, 14, 7, 16, 42, 8, 43, 18, 44, 53, 54]]
[[6,8,12,20,26,92],[0, 10, 5, 14, 7, 16, 42, 49, 8, 43, 50, 18, 53]]
[[7,9,10,21,42,54],[0, 10, 5, 14, 7, 16, 42, 8, 43, 50, 52, 18, 53]]
[[4,10,7,26,39,85],[0, 10, 5, 14, 7, 16, 42, 8, 50, 18, 44, 51, 53]]
[[8,8,14,24,38,20],[0, 10, 5, 14, 7, 16, 42, 49, 8, 50, 52, 18, 53]]
[[6,8,6,20,16,104],[0, 10, 5, 14, 7, 16, 42, 8, 50, 18, 51, 53, 54]]
[[5,9,14,9,35,102],[0, 10, 5, 14, 7, 16, 8, 43, 50, 18, 44, 51, 53]]
[[7,9,10,17,37,102],[0, 10, 5, 14, 7, 16, 49, 8, 43, 50, 52, 18, 53]]
[[7,7,10,15,42,88],[0, 10, 5, 14, 7, 16, 8, 43, 50, 18, 51, 53, 54]]
[[6,10,12,22,26,70],[0, 10, 5, 14, 7, 16, 49, 8, 50, 18, 44, 51, 53]]
[[7,13,10,17,37,46],[0, 10, 5, 14, 7, 16, 49, 8, 50, 18, 44, 53, 54]]
[[7,11,10,27,17,80],[0, 10, 5, 14, 7, 16, 49, 8, 52, 18, 44, 51, 54]]
[[7,7,19,15,57,31],[0, 10, 5, 14, 7, 16, 8, 50, 52, 18, 44, 51, 53]]
[[6,10,12,22,36,82],[0, 10, 5, 14, 7, 16, 8, 50, 52, 18, 44, 53, 54]]
[[4,8,16,40,24,56],[0, 10, 5, 14, 7, 16, 49, 8, 50, 18, 51, 53, 54]]
[[6,10,12,22,26,94],[0, 10, 5, 14, 40, 7, 16, 42, 49, 8, 43, 51, 53]]
[[7,7,19,15,57,31],[0, 10, 5, 14, 40, 7, 16, 42, 49, 8, 43, 53, 54]]
[[7,11,10,27,17,80],[0, 10, 5, 14, 40, 7, 16, 42, 8, 43, 50, 53, 54]]
[[7,13,10,17,37,46],[0, 10, 5, 14, 40, 7, 16, 42, 8, 43, 52, 51, 53]]
[[6,8,12,24,36,68],[0, 10, 5, 14, 40, 7, 16, 42, 49, 8, 50, 44, 53]]
[[7,7,10,15,42,88],[0, 10, 5, 14, 40, 7, 16, 42, 49, 8, 52, 44, 53]]
[[6,8,6,24,31,80],[0, 10, 5, 14, 40, 7, 16, 42, 8, 50, 52, 44, 51]]
[[7,9,10,17,37,102],[0, 10, 5, 14, 40, 7, 16, 42, 8, 44, 51, 53, 54]]
[[5,11,14,27,15,80],[0, 10, 5, 14, 40, 7, 16, 42, 49, 8, 50, 51, 53]]
[[6,6,15,6,51,75],[0, 10, 5, 14, 40, 7, 16, 42, 49, 8, 50, 53, 54]]
[[6,10,12,22,26,70],[0, 10, 5, 14, 40, 7, 16, 42, 49, 8, 52, 51, 53]]
[[5,9,14,9,35,102],[0, 10, 5, 14, 40, 7, 16, 42, 49, 8, 52, 53, 54]]
[[8,10,11,18,33,73],[0, 10, 5, 14, 40, 7, 16, 49, 8, 43, 52, 44, 53]]
[[6,8,9,20,36,89],[0, 10, 5, 14, 40, 7, 16, 8, 43, 50, 52, 44, 54]]
[[7,11,7,15,47,95],[0, 10, 5, 14, 40, 7, 16, 49, 8, 43, 52, 51, 53]]
[[6,8,12,20,26,92],[0, 10, 5, 14, 40, 7, 16, 49, 8, 43, 52, 53, 54]]
[[7,9,13,17,37,81],[0, 10, 5, 14, 40, 7, 16, 8, 43, 50, 52, 51, 54]]
[[5,11,8,31,45,68],[0, 10, 5, 14, 40, 7, 16, 49, 8, 44, 51, 53, 54]]
[[5,9,11,25,30,81],[0, 10, 5, 14, 40, 7, 16, 8, 50, 44, 51, 53, 54]]
[[4,10,7,26,39,85],[0, 10, 5, 14, 40, 7, 16, 8, 52, 44, 51, 53, 54]]
[[7,7,19,15,57,31],[0, 10, 5, 14, 7, 16, 42, 49, 8, 43, 52, 44, 53]]
[[6,6,15,6,51,75],[0, 10, 5, 14, 7, 16, 42, 8, 43, 50, 52, 44, 51]]
[[7,11,10,27,17,80],[0, 10, 5, 14, 7, 16, 42, 8, 43, 50, 52, 44, 54]]
[[7,13,10,17,37,46],[0, 10, 5, 14, 7, 16, 42, 8, 43, 44, 51, 53, 54]]
[[6,8,6,24,31,80],[0, 10, 5, 14, 7, 16, 42, 49, 8, 43, 50, 53, 54]]
[[8,8,11,28,33,35],[0, 10, 5, 14, 7, 16, 42, 49, 8, 43, 52, 51, 53]]
[[6,8,12,24,36,68],[0, 10, 5, 14, 7, 16, 42, 8, 43, 50, 52, 51, 54]]
[[5,11,14,27,15,80],[0, 10, 5, 14, 7, 16, 42, 49, 8, 50, 52, 44, 51]]
[[6,6,15,18,26,75],[0, 10, 5, 14, 7, 16, 49, 8, 43, 50, 52, 51, 54]]
[[6,8,9,20,36,89],[0, 10, 5, 14, 7, 16, 49, 8, 50, 44, 51, 53, 54]]
[[5,11,8,31,45,68],[0, 10, 5, 14, 7, 16, 49, 8, 52, 44, 51, 53, 54]]
[[6,10,15,14,36,97],[0, 10, 5, 14, 40, 7, 42, 8, 17, 43, 52, 18, 53]]
[[6,10,12,18,36,100],[0, 10, 5, 14, 40, 7, 42, 8, 17, 43, 52, 18, 54]]
[[5,11,17,23,20,77],[0, 10, 5, 14, 40, 7, 42, 49, 8, 17, 52, 18, 44]]
[[7,9,7,29,37,63],[0, 10, 5, 14, 40, 7, 42, 8, 17, 50, 52, 18, 44]]
[[7,9,7,25,42,63],[0, 10, 5, 14, 40, 7, 42, 8, 17, 18, 44, 51, 53]]
[[6,6,9,14,16,81],[0, 10, 5, 14, 40, 7, 42, 8, 17, 18, 44, 53, 54]]
[[6,8,18,16,36,68],[0, 10, 5, 14, 40, 7, 42, 49, 8, 17, 50, 18, 54]]
[[5,17,8,25,20,50],[0, 10, 5, 14, 40, 7, 42, 49, 8, 17, 52, 18, 53]]
[[5,11,14,19,30,92],[0, 10, 5, 14, 40, 7, 42, 8, 17, 50, 52, 18, 53]]
[[5,11,8,23,20,92],[0, 10, 5, 14, 40, 7, 42, 8, 17, 50, 52, 18, 54]]
[[7,7,13,23,52,43],[0, 10, 5, 14, 40, 7, 42, 8, 17, 18, 51, 53, 54]]
[[6,10,12,22,46,52],[0, 10, 5, 14, 40, 7, 8, 17, 43, 50, 52, 18, 44]]
[[7,9,7,21,32,99],[0, 10, 5, 14, 40, 7, 8, 17, 43, 18, 44, 53, 54]]
[[5,13,5,33,20,67],[0, 10, 5, 14, 40, 7, 49, 8, 17, 43, 50, 18, 53]]
[[7,9,10,13,47,96],[0, 10, 5, 14, 40, 7, 49, 8, 17, 43, 50, 18, 54]]
[[4,12,7,36,19,57],[0, 10, 5, 14, 40, 7, 49, 8, 17, 43, 52, 18, 53]]
[[8,8,14,28,28,26],[0, 10, 5, 14, 40, 7, 8, 17, 43, 18, 51, 53, 54]]
[[6,8,12,16,41,80],[0, 10, 5, 14, 40, 7, 49, 8, 17, 18, 44, 53, 54]]
[[5,9,20,21,30,72],[0, 10, 5, 14, 40, 7, 8, 17, 50, 18, 44, 51, 54]]
[[6,10,9,26,46,55],[0, 10, 5, 14, 40, 7, 8, 17, 50, 18, 44, 53, 54]]
[[7,11,13,23,27,53],[0, 10, 5, 14, 40, 7, 49, 8, 17, 50, 52, 18, 54]]
[[7,9,10,21,27,96],[0, 10, 5, 14, 40, 7, 49, 8, 17, 18, 51, 53, 54]]
[[6,10,12,14,41,94],[0, 10, 5, 14, 40, 7, 8, 17, 52, 18, 51, 53, 54]]
[[5,11,14,19,30,92],[0, 10, 5, 14, 7, 42, 8, 17, 43, 50, 52, 18, 44]]
[[7,7,13,23,52,43],[0, 10, 5, 14, 7, 42, 8, 17, 43, 18, 44, 51, 53]]
[[6,8,6,16,26,86],[0, 10, 5, 14, 7, 42, 49, 8, 17, 43, 50, 18, 53]]
[[5,11,11,15,30,107],[0, 10, 5, 14, 7, 42, 49, 8, 17, 43, 52, 18, 53]]
[[5,11,17,23,20,77],[0, 10, 5, 14, 7, 42, 49, 8, 17, 43, 52, 18, 54]]
[[7,9,7,29,37,63],[0, 10, 5, 14, 7, 42, 8, 17, 43, 50, 52, 18, 53]]
[[7,9,7,25,42,63],[0, 10, 5, 14, 7, 42, 8, 17, 43, 18, 51, 53, 54]]
[[4,10,13,26,39,91],[0, 10, 5, 14, 7, 42, 49, 8, 17, 50, 52, 18, 44]]
[[6,12,9,16,31,111],[0, 10, 5, 14, 7, 42, 49, 8, 17, 18, 44, 51, 53]]
[[6,8,18,16,36,68],[0, 10, 5, 14, 7, 42, 8, 17, 50, 18, 44, 51, 53]]
[[5,11,14,15,20,116],[0, 10, 5, 14, 7, 42, 8, 17, 52, 18, 44, 51, 53]]
[[6,8,15,12,46,83],[0, 10, 5, 14, 7, 42, 49, 8, 17, 50, 52, 18, 53]]
[[6,8,6,16,36,92],[0, 10, 5, 14, 7, 42, 49, 8, 17, 50, 52, 18, 54]]
[[6,6,9,14,16,81],[0, 10, 5, 14, 7, 42, 49, 8, 17, 18, 51, 53, 54]]
[[3,13,9,29,18,73],[0, 10, 5, 14, 7, 49, 8, 17, 43, 50, 52, 18, 44]]
[[5,9,20,21,30,72],[0, 10, 5, 14, 7, 8, 17, 43, 50, 18, 44, 51, 53]]
[[4,10,7,26,24,85],[0, 10, 5, 14, 7, 8, 17, 43, 52, 18, 44, 51, 53]]
[[7,11,13,23,27,53],[0, 10, 5, 14, 7, 49, 8, 17, 43, 50, 52, 18, 53]]
[[7,9,10,21,27,96],[0, 10, 5, 14, 7, 49, 8, 17, 43, 18, 51, 53, 54]]
[[4,12,7,36,19,57],[0, 10, 5, 14, 7, 8, 17, 43, 52, 18, 51, 53, 54]]
[[6,10,9,26,46,55],[0, 10, 5, 14, 7, 49, 8, 17, 50, 18, 44, 51, 54]]
[[7,11,10,19,42,56],[0, 10, 5, 14, 7, 8, 17, 50, 52, 18, 44, 51, 54]]
[[4,12,10,32,19,78],[0, 10, 5, 14, 7, 8, 17, 50, 52, 18, 44, 53, 54]]
[[6,8,12,20,36,86],[0, 10, 5, 14, 7, 49, 8, 17, 50, 18, 51, 53, 54]]
[[3,13,9,33,28,55],[0, 10, 5, 14, 7, 49, 8, 17, 52, 18, 51, 53, 54]]
[[5,9,20,21,30,72],[0, 10, 5, 14, 40, 7, 42, 49, 8, 17, 43, 44, 54]]
[[4,12,10,32,19,78],[0, 10, 5, 14, 40, 7, 42, 8, 17, 43, 52, 44, 54]]
[[6,8,12,20,36,86],[0, 10, 5, 14, 40, 7, 42, 49, 8, 17, 43, 51, 54]]
[[6,10,15,22,41,49],[0, 10, 5, 14, 40, 7, 42, 8, 17, 43, 50, 51, 53]]
[[7,9,10,21,27,96],[0, 10, 5, 14, 40, 7, 42, 8, 17, 43, 50, 53, 54]]
[[7,11,13,23,27,53],[0, 10, 5, 14, 40, 7, 42, 8, 17, 43, 52, 51, 54]]
[[4,10,13,22,19,109],[0, 10, 5, 14, 40, 7, 42, 8, 17, 43, 52, 53, 54]]
[[6,10,12,22,46,52],[0, 10, 5, 14, 40, 7, 42, 49, 8, 17, 52, 44, 51]]
[[7,11,10,19,42,56],[0, 10, 5, 14, 40, 7, 42, 49, 8, 17, 52, 44, 53]]
[[7,11,10,19,37,68],[0, 10, 5, 14, 40, 7, 42, 49, 8, 17, 50, 51, 53]]
[[5,7,11,19,30,49],[0, 10, 5, 14, 40, 7, 42, 49, 8, 17, 50, 51, 54]]
[[8,8,14,28,28,26],[0, 10, 5, 14, 40, 7, 42, 49, 8, 17, 50, 53, 54]]
[[4,12,7,36,19,57],[0, 10, 5, 14, 40, 7, 42, 8, 17, 50, 52, 51, 53]]
[[3,13,9,33,28,55],[0, 10, 5, 14, 40, 7, 42, 8, 17, 50, 52, 53, 54]]
[[7,9,7,25,42,63],[0, 10, 5, 14, 40, 7, 49, 8, 17, 43, 50, 44, 53]]
[[7,9,7,29,37,63],[0, 10, 5, 14, 40, 7, 49, 8, 17, 43, 52, 44, 51]]
[[6,8,6,16,36,92],[0, 10, 5, 14, 40, 7, 49, 8, 17, 43, 52, 44, 53]]
[[6,8,15,12,46,83],[0, 10, 5, 14, 40, 7, 49, 8, 17, 43, 52, 44, 54]]
[[5,11,17,23,20,77],[0, 10, 5, 14, 40, 7, 8, 17, 43, 50, 52, 44, 51]]
[[8,10,11,30,13,49],[0, 10, 5, 14, 40, 7, 8, 17, 43, 50, 52, 44, 53]]
[[6,12,9,16,31,111],[0, 10, 5, 14, 40, 7, 49, 8, 17, 43, 50, 51, 53]]
[[7,7,13,23,52,43],[0, 10, 5, 14, 40, 7, 49, 8, 17, 43, 50, 53, 54]]
[[5,11,14,19,30,92],[0, 10, 5, 14, 40, 7, 49, 8, 17, 43, 52, 51, 53]]
[[5,11,8,23,20,92],[0, 10, 5, 14, 40, 7, 49, 8, 17, 43, 52, 51, 54]]
[[4,10,13,26,39,91],[0, 10, 5, 14, 40, 7, 49, 8, 17, 43, 52, 53, 54]]
[[5,17,8,25,20,50],[0, 10, 5, 14, 40, 7, 8, 17, 43, 50, 52, 51, 53]]
[[5,7,14,31,20,76],[0, 10, 5, 14, 40, 7, 49, 8, 17, 44, 51, 53, 54]]
[[7,11,7,31,27,65],[0, 10, 5, 14, 40, 7, 8, 17, 50, 44, 51, 53, 54]]
[[6,10,15,14,36,97],[0, 10, 5, 14, 40, 7, 49, 8, 17, 50, 52, 51, 53]]
[[6,10,12,18,36,100],[0, 10, 5, 14, 40, 7, 49, 8, 17, 50, 52, 51, 54]]
[[5,11,14,15,20,116],[0, 10, 5, 14, 40, 7, 49, 8, 17, 50, 52, 53, 54]]
[[6,8,12,16,41,80],[0, 10, 5, 14, 7, 42, 49, 8, 17, 43, 50, 44, 53]]
[[7,11,10,19,42,56],[0, 10, 5, 14, 7, 42, 49, 8, 17, 43, 52, 44, 54]]
[[7,11,10,19,37,68],[0, 10, 5, 14, 7, 42, 49, 8, 17, 43, 50, 51, 53]]
[[5,7,11,19,30,49],[0, 10, 5, 14, 7, 42, 49, 8, 17, 43, 50, 51, 54]]
[[6,10,15,22,41,49],[0, 10, 5, 14, 7, 42, 49, 8, 17, 43, 50, 53, 54]]
[[4,10,13,22,19,109],[0, 10, 5, 14, 7, 42, 49, 8, 17, 43, 52, 51, 54]]
[[6,10,12,14,41,94],[0, 10, 5, 14, 7, 42, 8, 17, 43, 50, 52, 51, 53]]
[[3,13,9,33,28,55],[0, 10, 5, 14, 7, 42, 8, 17, 43, 50, 52, 53, 54]]
[[4,10,7,26,24,85],[0, 10, 5, 14, 7, 42, 49, 8, 17, 50, 52, 44, 53]]
[[7,11,7,23,47,41],[0, 10, 5, 14, 7, 42, 49, 8, 17, 50, 52, 51, 53]]
[[4,12,7,36,19,57],[0, 10, 5, 14, 7, 42, 49, 8, 17, 50, 52, 53, 54]]
[[5,11,14,15,20,116],[0, 10, 5, 14, 7, 49, 8, 17, 43, 50, 52, 44, 53]]
[[8,10,11,30,13,49],[0, 10, 5, 14, 7, 49, 8, 17, 43, 50, 52, 51, 53]]
[[5,11,8,23,20,92],[0, 10, 5, 14, 7, 49, 8, 17, 52, 44, 51, 53, 54]]
[[5,17,8,25,20,50],[0, 10, 5, 14, 7, 8, 17, 50, 52, 44, 51, 53, 54]]
[[6,12,15,16,26,87],[0, 10, 5, 40, 7, 16, 42, 49, 8, 17, 43, 18, 53]]
[[6,12,15,16,26,87],[0, 10, 5, 40, 7, 16, 42, 49, 8, 17, 43, 18, 54]]
[[6,14,6,26,26,68],[0, 10, 5, 40, 7, 16, 42, 8, 17, 43, 50, 18, 53]]
[[6,6,18,30,6,78],[0, 10, 5, 40, 7, 16, 42, 8, 17, 43, 50, 18, 54]]
[[5,9,20,9,35,96],[0, 10, 5, 40, 7, 16, 42, 8, 17, 43, 52, 18, 54]]
[[5,7,14,27,20,64],[0, 10, 5, 40, 7, 16, 42, 8, 17, 18, 44, 53, 54]]
[[7,9,10,17,42,72],[0, 10, 5, 40, 7, 16, 42, 49, 8, 17, 50, 18, 53]]
[[6,12,18,12,16,96],[0, 10, 5, 40, 7, 16, 42, 8, 17, 50, 52, 18, 53]]
[[6,8,18,8,36,92],[0, 10, 5, 40, 7, 16, 42, 8, 17, 50, 52, 18, 54]]
[[5,11,8,19,30,104],[0, 10, 5, 40, 7, 16, 8, 17, 43, 18, 44, 51, 54]]
[[6,8,9,24,46,53],[0, 10, 5, 40, 7, 16, 8, 17, 43, 18, 44, 53, 54]]
[[6,12,6,24,31,84],[0, 10, 5, 40, 7, 16, 49, 8, 17, 43, 50, 18, 53]]
[[7,9,13,25,37,51],[0, 10, 5, 40, 7, 16, 49, 8, 17, 43, 52, 18, 54]]
[[7,11,10,23,27,74],[0, 10, 5, 40, 7, 16, 8, 17, 43, 50, 52, 18, 53]]
[[6,10,12,14,41,88],[0, 10, 5, 40, 7, 16, 49, 8, 17, 50, 52, 18, 44]]
[[6,8,15,28,21,71],[0, 10, 5, 40, 7, 16, 49, 8, 17, 18, 44, 51, 54]]
[[8,8,11,24,28,83],[0, 10, 5, 40, 7, 16, 8, 17, 50, 18, 44, 51, 53]]
[[7,7,16,15,57,46],[0, 10, 5, 40, 7, 16, 8, 17, 50, 18, 44, 53, 54]]
[[7,9,13,25,37,51],[0, 10, 5, 40, 7, 16, 8, 17, 52, 18, 44, 51, 53]]
[[4,14,4,26,24,74],[0, 10, 5, 40, 7, 16, 49, 8, 17, 50, 52, 18, 53]]
[[6,10,12,14,41,88],[0, 10, 5, 40, 7, 16, 49, 8, 17, 50, 52, 18, 54]]
[[6,8,15,28,21,71],[0, 10, 5, 40, 7, 16, 49, 8, 17, 18, 51, 53, 54]]
[[8,8,11,24,28,83],[0, 10, 5, 40, 7, 16, 8, 17, 50, 18, 51, 53, 54]]
[[4,10,16,26,14,100],[0, 10, 5, 7, 16, 42, 8, 17, 43, 50, 52, 18, 44]]
[[7,9,13,25,27,75],[0, 10, 5, 7, 16, 42, 49, 8, 17, 43, 50, 18, 53]]
[[6,10,6,34,36,70],[0, 10, 5, 7, 16, 42, 49, 8, 17, 43, 52, 18, 53]]
[[6,10,6,34,36,70],[0, 10, 5, 7, 16, 42, 49, 8, 17, 43, 52, 18, 54]]
[[8,10,14,10,38,76],[0, 10, 5, 7, 16, 42, 8, 17, 43, 50, 52, 18, 53]]
[[8,12,8,16,38,60],[0, 10, 5, 7, 16, 42, 8, 17, 50, 18, 44, 53, 54]]
[[5,9,8,25,40,60],[0, 10, 5, 7, 16, 42, 49, 8, 17, 50, 52, 18, 53]]
[[5,7,8,15,15,58],[0, 10, 5, 7, 16, 42, 49, 8, 17, 18, 51, 53, 54]]
[[7,9,13,25,27,75],[0, 10, 5, 7, 16, 42, 8, 17, 50, 18, 51, 53, 54]]
[[6,12,12,24,21,78],[0, 10, 5, 7, 16, 49, 8, 17, 43, 18, 44, 51, 54]]
[[6,8,9,16,26,107],[0, 10, 5, 7, 16, 8, 17, 43, 50, 18, 44, 51, 53]]
[[7,9,13,29,32,51],[0, 10, 5, 7, 16, 8, 17, 43, 50, 18, 44, 53, 54]]
[[7,11,10,19,42,56],[0, 10, 5, 7, 16, 8, 17, 43, 52, 18, 44, 51, 54]]
[[4,12,7,32,24,69],[0, 10, 5, 7, 16, 8, 17, 43, 52, 18, 44, 53, 54]]
[[6,14,9,26,16,65],[0, 10, 5, 7, 16, 49, 8, 17, 43, 50, 52, 18, 53]]
[[6,12,12,24,21,78],[0, 10, 5, 7, 16, 49, 8, 17, 43, 18, 51, 53, 54]]
[[6,8,9,16,26,107],[0, 10, 5, 7, 16, 8, 17, 43, 50, 18, 51, 53, 54]]
[[3,11,6,19,18,80],[0, 10, 5, 7, 16, 8, 17, 43, 52, 18, 51, 53, 54]]
[[7,9,10,17,37,84],[0, 10, 5, 7, 16, 49, 8, 17, 50, 18, 44, 51, 53]]
[[4,10,16,26,24,94],[0, 10, 5, 7, 16, 8, 17, 50, 52, 18, 44, 51, 53]]
[[7,9,13,29,32,51],[0, 10, 5, 7, 16, 49, 8, 17, 50, 18, 51, 53, 54]]
[[4,10,16,26,24,94],[0, 10, 5, 7, 16, 8, 17, 50, 52, 18, 51, 53, 54]]
[[8,8,11,24,28,83],[0, 10, 5, 40, 7, 16, 42, 49, 8, 17, 43, 44, 53]]
[[6,8,15,28,21,71],[0, 10, 5, 40, 7, 16, 42, 8, 17, 43, 50, 44, 54]]
[[6,10,12,14,41,88],[0, 10, 5, 40, 7, 16, 42, 8, 17, 43, 52, 44, 51]]
[[7,11,10,23,27,74],[0, 10, 5, 40, 7, 16, 42, 8, 17, 43, 52, 44, 53]]
[[5,7,14,11,25,70],[0, 10, 5, 40, 7, 16, 42, 49, 8, 17, 43, 51, 54]]
[[8,8,11,24,28,83],[0, 10, 5, 40, 7, 16, 42, 49, 8, 17, 43, 53, 54]]
[[5,11,8,19,30,104],[0, 10, 5, 40, 7, 16, 42, 8, 17, 43, 50, 51, 53]]
[[6,8,15,28,21,71],[0, 10, 5, 40, 7, 16, 42, 8, 17, 43, 50, 53, 54]]
[[4,14,4,26,24,74],[0, 10, 5, 40, 7, 16, 42, 8, 17, 43, 52, 51, 53]]
[[6,10,12,14,41,88],[0, 10, 5, 40, 7, 16, 42, 8, 17, 43, 52, 51, 54]]
[[3,11,15,35,33,59],[0, 10, 5, 40, 7, 16, 42, 8, 17, 43, 52, 53, 54]]
[[5,11,8,19,30,104],[0, 10, 5, 40, 7, 16, 42, 49, 8, 17, 50, 44, 54]]
[[4,12,10,32,19,78],[0, 10, 5, 40, 7, 16, 42, 8, 17, 50, 52, 44, 54]]
[[6,12,6,24,31,84],[0, 10, 5, 40, 7, 16, 42, 8, 17, 44, 51, 53, 54]]
[[6,8,9,24,46,53],[0, 10, 5, 40, 7, 16, 42, 49, 8, 17, 50, 51, 54]]
[[7,11,10,23,27,74],[0, 10, 5, 40, 7, 16, 42, 49, 8, 17, 52, 51, 53]]
[[7,9,13,25,37,51],[0, 10, 5, 40, 7, 16, 42, 8, 17, 50, 52, 51, 54]]
[[4,12,10,32,19,78],[0, 10, 5, 40, 7, 16, 42, 8, 17, 50, 52, 53, 54]]
[[5,9,5,17,15,63],[0, 10, 5, 40, 7, 16, 49, 8, 17, 43, 52, 44, 54]]
[[7,9,13,21,37,57],[0, 10, 5, 40, 7, 16, 8, 17, 43, 44, 51, 53, 54]]
[[7,7,16,23,22,88],[0, 10, 5, 40, 7, 16, 49, 8, 17, 43, 50, 51, 54]]
[[6,12,18,12,16,96],[0, 10, 5, 40, 7, 16, 49, 8, 17, 43, 52, 51, 53]]
[[6,8,18,8,36,92],[0, 10, 5, 40, 7, 16, 49, 8, 17, 43, 52, 51, 54]]
[[5,13,11,25,25,79],[0, 10, 5, 40, 7, 16, 49, 8, 17, 43, 52, 53, 54]]
[[5,9,20,9,35,96],[0, 10, 5, 40, 7, 16, 8, 17, 43, 50, 52, 53, 54]]
[[6,8,15,12,46,83],[0, 10, 5, 40, 7, 16, 49, 8, 17, 50, 52, 44, 53]]
[[6,8,15,12,46,83],[0, 10, 5, 40, 7, 16, 49, 8, 17, 50, 52, 44, 54]]
[[6,6,12,30,36,90],[0, 10, 5, 40, 7, 16, 49, 8, 17, 44, 51, 53, 54]]
[[5,9,20,9,35,96],[0, 10, 5, 40, 7, 16, 49, 8, 17, 50, 52, 51, 54]]
[[5,9,11,25,35,75],[0, 10, 5, 7, 16, 42, 49, 8, 17, 43, 50, 44, 53]]
[[4,10,16,26,24,94],[0, 10, 5, 7, 16, 42, 49, 8, 17, 43, 52, 44, 53]]
[[3,11,6,19,18,80],[0, 10, 5, 7, 16, 42, 8, 17, 43, 50, 52, 44, 51]]
[[7,9,10,25,47,36],[0, 10, 5, 7, 16, 42, 49, 8, 17, 43, 52, 51, 53]]
[[4,10,16,26,24,94],[0, 10, 5, 7, 16, 42, 49, 8, 17, 43, 52, 53, 54]]
[[7,11,10,19,42,56],[0, 10, 5, 7, 16, 42, 8, 17, 43, 50, 52, 51, 53]]
[[6,8,9,12,41,71],[0, 10, 5, 7, 16, 42, 49, 8, 17, 50, 52, 44, 51]]
[[7,11,10,19,42,56],[0, 10, 5, 7, 16, 42, 49, 8, 17, 50, 52, 44, 54]]
[[7,9,13,29,32,51],[0, 10, 5, 7, 16, 42, 49, 8, 17, 44, 51, 53, 54]]
[[6,14,9,26,16,65],[0, 10, 5, 7, 16, 42, 8, 17, 52, 44, 51, 53, 54]]
[[6,8,9,12,41,71],[0, 10, 5, 7, 16, 42, 49, 8, 17, 50, 52, 51, 53]]
[[4,12,7,32,24,69],[0, 10, 5, 7, 16, 42, 49, 8, 17, 50, 52, 51, 54]]
[[3,11,6,19,18,80],[0, 10, 5, 7, 16, 42, 49, 8, 17, 50, 52, 53, 54]]
[[5,9,14,13,30,108],[0, 10, 5, 7, 16, 49, 8, 17, 43, 50, 52, 44, 51]]
[[8,12,8,16,38,60],[0, 10, 5, 7, 16, 49, 8, 17, 43, 44, 51, 53, 54]]
[[5,13,11,29,25,73],[0, 10, 5, 7, 16, 8, 17, 43, 52, 44, 51, 53, 54]]
