[[2, 7], [3, 5], [4, 7], [6, 7]]
[[3,11,9,39,33,35],[0, 42, 49, 17, 9, 54]]
[[4,10,10,22,24,106],[0, 42, 17, 52, 9, 54]]
[[2,14,5,30,47,59],[0, 17, 43, 50, 9, 54]]
[[4,8,13,16,9,95],[0, 49, 17, 52, 9, 44]]
[[4,10,10,10,24,82],[0, 17, 50, 52, 9, 44]]
[[4,10,10,26,29,70],[0, 17, 9, 44, 51, 53]]
[[4,8,13,16,9,95],[0, 17, 9, 44, 51, 54]]
[[5,11,14,27,20,86],[0, 17, 9, 44, 53, 54]]
[[5,11,8,27,20,98],[0, 49, 17, 50, 9, 53]]
[[6,10,15,18,36,67],[0, 49, 17, 52, 9, 53]]
[[6,10,15,18,36,67],[0, 17, 9, 51, 53, 54]]
[[7,7,13,19,32,85],[0, 10, 14, 40, 18, 53]]
[[6,10,6,26,26,88],[0, 10, 14, 49, 18, 53]]
[[4,12,10,28,19,84],[0, 10, 14, 50, 18, 53]]
[[5,9,14,25,35,54],[0, 10, 14, 40, 44, 53]]
[[7,9,10,17,37,90],[0, 10, 14, 42, 51, 53]]
[[8,10,11,18,28,85],[0, 10, 14, 42, 53, 54]]
[[5,11,11,23,35,71],[0, 10, 14, 43, 44, 53]]
[[6,8,6,12,36,80],[0, 10, 14, 43, 51, 53]]
[[7,7,10,23,47,52],[0, 10, 14, 43, 53, 54]]
[[6,10,6,18,41,88],[0, 10, 14, 50, 44, 53]]
[[7,9,16,17,37,54],[0, 10, 14, 52, 44, 53]]
[[6,8,6,12,36,80],[0, 10, 14, 52, 51, 53]]
[[5,11,14,15,20,116],[0, 10, 16, 42, 18, 53]]
[[6,8,15,16,46,77],[0, 10, 16, 52, 18, 53]]
[[6,12,6,24,36,72],[0, 10, 40, 16, 53, 54]]
[[7,9,13,17,37,81],[0, 10, 16, 42, 44, 53]]
[[6,12,12,20,26,84],[0, 10, 16, 43, 44, 53]]
[[5,9,8,17,25,66],[0, 10, 16, 43, 51, 53]]
[[5,13,5,25,35,85],[0, 10, 16, 50, 44, 53]]
[[6,8,12,24,36,68],[0, 10, 16, 52, 44, 54]]
[[7,9,16,17,27,66],[0, 10, 16, 49, 53, 54]]
[[6,8,21,20,36,41],[0, 10, 16, 50, 51, 53]]
[[7,7,10,31,32,76],[0, 10, 16, 50, 53, 54]]
[[7,7,16,15,47,64],[0, 10, 16, 52, 51, 54]]
[[6,12,9,32,26,57],[0, 10, 40, 17, 18, 54]]
[[5,13,8,25,35,70],[0, 10, 42, 17, 18, 53]]
[[6,8,15,20,41,59],[0, 10, 17, 43, 18, 53]]
[[7,7,16,19,42,58],[0, 10, 49, 17, 18, 54]]
[[7,9,13,17,32,93],[0, 10, 17, 50, 18, 53]]
[[6,8,12,28,21,74],[0, 10, 40, 17, 44, 53]]
[[6,10,9,10,36,115],[0, 10, 40, 17, 53, 54]]
[[6,10,9,18,26,109],[0, 10, 42, 17, 51, 53]]
[[8,10,11,14,43,67],[0, 10, 17, 43, 44, 53]]
[[5,9,14,33,20,66],[0, 10, 49, 17, 44, 54]]
[[7,9,10,21,37,66],[0, 10, 17, 50, 44, 53]]
[[5,9,11,13,25,111],[0, 10, 17, 50, 44, 54]]
[[5,11,11,15,40,83],[0, 10, 17, 52, 44, 51]]
[[6,12,12,28,11,78],[0, 10, 17, 52, 44, 53]]
[[6,10,9,10,36,115],[0, 10, 49, 17, 51, 53]]
[[7,11,16,15,22,68],[0, 10, 49, 17, 53, 54]]
[[6,10,9,14,31,115],[0, 10, 17, 50, 51, 54]]
[[7,9,7,25,47,45],[0, 10, 17, 52, 51, 53]]
[[3,13,6,25,23,70],[0, 14, 16, 17, 18, 53]]
[[5,13,8,25,35,70],[0, 14, 16, 17, 44, 53]]
[[4,12,13,24,24,93],[0, 14, 16, 17, 51, 53]]
[[5,11,17,23,30,53],[0, 14, 17, 50, 18, 53]]
[[5,13,8,21,45,64],[0, 14, 42, 17, 44, 53]]
[[6,8,12,12,36,80],[0, 14, 42, 17, 51, 53]]
[[6,6,18,30,6,78],[0, 14, 42, 17, 51, 54]]
[[7,7,10,23,42,70],[0, 14, 42, 17, 53, 54]]
[[7,9,10,13,47,96],[0, 14, 17, 50, 44, 53]]
[[5,7,8,15,30,46],[0, 14, 17, 50, 44, 54]]
[[4,12,7,28,29,87],[0, 16, 42, 17, 18, 53]]
[[6,10,9,14,51,67],[0, 16, 17, 50, 18, 54]]
[[6,10,12,18,41,70],[0, 16, 42, 17, 44, 53]]
[[6,8,6,20,26,80],[0, 16, 42, 17, 44, 54]]
[[7,9,7,29,37,57],[0, 16, 17, 50, 51, 53]]
[[5,7,11,19,30,49],[0, 16, 17, 50, 51, 54]]
[[8,10,11,18,38,55],[0, 16, 17, 50, 53, 54]]
[[5,11,8,27,20,98],[0, 40, 42, 17, 18, 53]]
[[6,8,18,16,36,68],[0, 40, 17, 43, 18, 53]]
[[4,10,10,26,34,76],[0, 40, 17, 43, 18, 54]]
[[3,11,9,39,33,35],[0, 40, 17, 50, 18, 54]]
[[5,9,8,17,25,102],[0, 42, 17, 43, 18, 54]]
[[5,11,14,23,25,86],[0, 42, 17, 52, 18, 44]]
[[5,9,8,17,25,102],[0, 42, 17, 52, 18, 53]]
[[5,13,5,25,35,85],[0, 49, 17, 43, 18, 53]]
[[3,11,9,31,18,65],[0, 17, 43, 50, 18, 53]]
[[4,8,7,12,19,71],[0, 17, 43, 52, 18, 53]]
[[5,13,5,25,35,85],[0, 49, 17, 52, 18, 44]]
[[6,10,6,26,36,76],[0, 49, 17, 50, 18, 53]]
[[4,8,10,48,24,68],[0, 49, 17, 50, 18, 54]]
[[5,7,17,19,30,73],[0, 17, 50, 52, 18, 53]]
[[5,7,14,31,20,76],[0, 17, 18, 51, 53, 54]]
[[5,11,11,35,10,65],[0, 40, 42, 17, 53, 54]]
[[4,10,10,26,29,70],[0, 40, 17, 43, 44, 53]]
[[4,8,13,16,9,95],[0, 40, 17, 43, 44, 54]]
[[6,10,15,18,36,67],[0, 40, 17, 43, 53, 54]]
[[5,9,14,29,35,42],[0, 40, 49, 17, 44, 53]]
[[5,7,14,11,25,70],[0, 40, 49, 17, 44, 54]]
[[5,11,17,11,20,119],[0, 40, 17, 50, 44, 54]]
[[6,8,15,8,46,89],[0, 40, 17, 52, 44, 53]]
[[3,13,3,33,43,61],[0, 40, 49, 17, 53, 54]]
[[2,14,5,30,47,59],[0, 40, 17, 50, 51, 54]]
[[6,10,6,26,36,76],[0, 42, 17, 43, 51, 53]]
[[4,8,10,48,24,68],[0, 42, 17, 43, 51, 54]]
[[7,13,7,21,32,67],[0, 42, 17, 43, 53, 54]]
[[6,12,9,32,31,45],[0, 42, 49, 17, 44, 53]]
[[4,8,7,12,19,71],[0, 42, 17, 50, 44, 54]]
[[7,13,7,21,32,67],[0, 42, 17, 52, 44, 53]]
[[3,11,9,31,18,65],[0, 42, 49, 17, 51, 53]]
[[5,13,5,25,35,85],[0, 42, 17, 50, 51, 53]]
[[6,12,9,32,31,45],[0, 42, 17, 52, 51, 53]]
[[7,13,10,21,27,46],[0, 49, 17, 43, 44, 53]]
[[5,13,5,33,20,67],[0, 17, 43, 50, 44, 53]]
[[5,11,11,27,45,65],[0, 17, 43, 50, 44, 54]]
[[6,10,6,26,51,46],[0, 17, 43, 52, 44, 53]]
[[5,11,8,15,20,128],[0, 17, 43, 52, 51, 53]]
[[6,12,12,12,31,114],[0, 49, 17, 50, 44, 53]]
[[2,10,5,26,27,67],[0, 49, 17, 50, 44, 54]]
[[4,10,13,38,24,49],[0, 49, 17, 52, 44, 51]]
[[7,13,10,21,27,46],[0, 49, 17, 52, 44, 53]]
[[6,12,12,12,31,114],[0, 17, 50, 52, 44, 51]]
[[5,11,11,27,45,65],[0, 17, 50, 52, 44, 53]]
[[5,13,5,33,20,67],[0, 17, 50, 52, 44, 54]]
[[3,11,12,35,28,86],[0, 17, 44, 51, 53, 54]]
[[5,9,8,17,25,102],[0, 49, 17, 50, 51, 54]]
[[6,8,12,24,36,56],[0, 49, 17, 50, 53, 54]]
[[6,8,9,20,31,95],[0, 49, 17, 52, 51, 53]]
[[6,8,12,24,36,56],[0, 17, 50, 52, 51, 54]]
[[4,10,10,22,39,58],[1, 10, 5, 7, 8, 53]]
[[4,10,10,26,29,70],[1, 5, 7, 17, 9, 54]]
[[5,11,11,31,25,71],[1, 5, 7, 52, 9, 44]]
[[6,12,15,12,31,81],[1, 10, 5, 7, 18, 53]]
[[8,8,14,28,23,44],[1, 10, 5, 7, 44, 53]]
[[5,15,5,27,35,63],[1, 5, 7, 17, 18, 53]]
[[7,11,10,23,27,80],[1, 5, 7, 17, 18, 54]]
[[7,11,10,19,37,68],[1, 5, 7, 17, 44, 53]]
[[7,7,19,27,17,67],[1, 5, 7, 17, 44, 54]]
[[4,12,7,24,19,93],[1, 5, 7, 52, 18, 53]]
[[6,10,9,14,31,115],[1, 5, 7, 52, 18, 54]]
[[7,9,10,21,32,90],[1, 5, 7, 52, 44, 51]]
[[6,12,9,24,31,81],[1, 5, 7, 52, 44, 53]]
[[6,10,12,22,26,70],[1, 5, 7, 52, 44, 54]]
[[5,11,11,23,35,71],[1, 5, 7, 52, 51, 54]]
[[6,10,9,22,51,43],[1, 10, 5, 8, 9, 53]]
[[6,10,12,18,51,46],[1, 5, 8, 52, 9, 53]]
[[7,9,10,33,17,78],[1, 10, 5, 8, 18, 53]]
[[7,13,10,21,27,46],[1, 10, 5, 8, 53, 54]]
[[5,11,8,23,20,92],[1, 5, 8, 52, 18, 53]]
[[5,13,5,25,35,85],[1, 5, 8, 52, 18, 54]]
[[6,8,12,16,36,80],[1, 5, 8, 52, 44, 51]]
[[7,9,16,21,27,54],[1, 5, 8, 52, 44, 53]]
[[4,10,7,22,34,79],[1, 5, 8, 52, 51, 53]]
[[3,13,3,21,23,73],[1, 5, 8, 52, 53, 54]]
[[6,8,9,16,36,77],[1, 10, 5, 9, 18, 53]]
[[5,13,14,17,25,88],[1, 5, 17, 9, 18, 53]]
[[5,9,14,21,25,66],[1, 5, 17, 9, 18, 54]]
[[7,11,7,23,42,53],[1, 5, 17, 9, 44, 54]]
[[6,12,9,32,36,33],[1, 5, 52, 9, 18, 53]]
[[6,10,15,18,36,67],[1, 5, 52, 9, 18, 54]]
[[7,9,7,13,47,93],[1, 5, 52, 9, 44, 51]]
[[8,8,11,28,33,35],[1, 5, 52, 9, 44, 54]]
[[5,9,14,25,35,54],[1, 5, 52, 9, 51, 54]]
[[6,8,6,8,31,92],[1, 10, 5, 14, 16, 53]]
[[6,10,6,26,51,46],[1, 10, 5, 14, 17, 54]]
[[6,10,6,18,31,88],[1, 10, 5, 14, 42, 53]]
[[7,9,16,25,17,66],[1, 10, 5, 16, 17, 53]]
[[5,11,11,27,45,65],[1, 10, 5, 16, 17, 54]]
[[8,10,11,18,38,55],[1, 10, 5, 40, 16, 53]]
[[7,9,16,21,27,54],[1, 10, 5, 16, 42, 53]]
[[8,8,11,12,53,77],[1, 10, 5, 16, 43, 53]]
[[5,15,5,27,35,69],[1, 10, 5, 16, 49, 53]]
[[7,9,10,33,17,78],[1, 10, 5, 16, 50, 53]]
[[8,10,11,18,38,55],[1, 10, 5, 16, 52, 53]]
[[6,8,15,8,46,89],[1, 10, 5, 40, 17, 54]]
[[7,13,7,21,32,67],[1, 10, 5, 42, 17, 54]]
[[8,10,11,26,28,25],[1, 10, 5, 17, 52, 44]]
[[7,13,10,21,27,46],[1, 10, 5, 49, 17, 54]]
[[7,11,10,19,32,74],[1, 10, 5, 17, 50, 53]]
[[6,12,12,28,11,78],[1, 10, 5, 17, 52, 54]]
[[7,9,16,21,27,54],[1, 10, 5, 18, 44, 53]]
[[4,12,10,24,19,84],[1, 10, 5, 18, 51, 53]]
[[5,11,5,27,45,77],[1, 10, 5, 18, 53, 54]]
[[6,10,15,22,31,55],[1, 10, 5, 40, 42, 53]]
[[5,11,8,23,20,92],[1, 10, 5, 40, 52, 44]]
[[6,8,9,12,41,71],[1, 10, 5, 40, 49, 53]]
[[6,10,9,14,46,79],[1, 10, 5, 42, 43, 53]]
[[7,7,7,11,37,97],[1, 10, 5, 42, 50, 53]]
[[6,10,6,18,31,88],[1, 10, 5, 43, 50, 53]]
[[7,9,16,17,37,54],[1, 10, 5, 43, 52, 54]]
[[6,10,12,14,36,94],[1, 10, 5, 49, 52, 44]]
[[6,12,9,24,31,81],[1, 10, 5, 44, 51, 53]]
[[6,10,6,26,51,46],[1, 10, 5, 50, 52, 53]]
[[7,9,7,25,32,81],[1, 5, 14, 16, 17, 53]]
[[5,13,5,33,20,67],[1, 5, 14, 16, 17, 54]]
[[8,8,14,28,18,56],[1, 5, 14, 16, 52, 53]]
[[4,10,10,26,29,70],[1, 5, 14, 40, 17, 54]]
[[7,13,10,21,27,46],[1, 5, 14, 49, 17, 54]]
[[8,10,11,14,43,67],[1, 5, 14, 17, 52, 54]]
[[5,11,11,31,25,71],[1, 5, 14, 40, 52, 44]]
[[6,12,12,12,46,72],[1, 5, 14, 42, 52, 44]]
[[6,12,6,16,41,96],[1, 5, 14, 42, 52, 53]]
[[7,9,10,21,32,90],[1, 5, 14, 43, 52, 44]]
[[5,11,11,23,35,71],[1, 5, 14, 43, 52, 54]]
[[6,10,18,10,31,100],[1, 5, 14, 50, 52, 53]]
[[6,12,12,20,26,84],[1, 5, 14, 50, 52, 54]]
[[9,9,9,21,34,63],[1, 5, 40, 16, 17, 53]]
[[7,9,16,25,17,66],[1, 5, 16, 17, 43, 53]]
[[7,9,10,13,47,96],[1, 5, 16, 17, 43, 54]]
[[6,12,9,28,36,45],[1, 5, 16, 49, 17, 53]]
[[6,12,12,12,31,114],[1, 5, 16, 49, 17, 54]]
[[7,9,7,25,32,81],[1, 5, 16, 17, 52, 53]]
[[7,9,10,21,37,66],[1, 5, 16, 17, 52, 54]]
[[8,10,11,18,38,55],[1, 5, 40, 16, 52, 53]]
[[6,8,6,8,31,92],[1, 5, 16, 43, 52, 53]]
[[6,10,6,18,41,88],[1, 5, 16, 43, 52, 54]]
[[5,9,8,17,25,66],[1, 5, 16, 49, 52, 44]]
[[5,11,17,19,15,101],[1, 5, 16, 49, 52, 53]]
[[5,11,8,23,20,92],[1, 5, 16, 50, 52, 53]]
[[5,13,5,25,35,85],[1, 5, 16, 50, 52, 54]]
[[5,11,14,23,30,74],[1, 5, 17, 18, 51, 53]]
[[5,11,11,27,25,71],[1, 5, 17, 18, 51, 54]]
[[6,12,12,24,26,66],[1, 5, 17, 18, 53, 54]]
[[7,11,10,19,32,92],[1, 5, 40, 42, 17, 53]]
[[6,12,6,12,51,84],[1, 5, 40, 17, 52, 44]]
[[5,9,14,29,35,42],[1, 5, 40, 49, 17, 54]]
[[7,13,10,21,17,76],[1, 5, 40, 17, 50, 53]]
[[6,8,12,28,21,74],[1, 5, 40, 17, 52, 54]]
[[5,13,5,25,25,85],[1, 5, 42, 17, 43, 53]]
[[5,13,8,21,45,64],[1, 5, 42, 17, 43, 54]]
[[6,12,9,32,31,45],[1, 5, 42, 49, 17, 54]]
[[6,10,12,22,31,70],[1, 5, 42, 17, 50, 53]]
[[6,10,12,18,41,70],[1, 5, 42, 17, 50, 54]]
[[5,13,8,25,35,70],[1, 5, 17, 43, 50, 54]]
[[7,9,16,21,37,48],[1, 5, 49, 17, 52, 44]]
[[7,11,10,19,37,68],[1, 5, 17, 44, 51, 53]]
[[5,11,11,19,30,83],[1, 5, 17, 44, 51, 54]]
[[4,12,10,28,24,72],[1, 5, 49, 17, 50, 53]]
[[6,10,6,26,26,88],[1, 5, 52, 18, 44, 51]]
[[6,12,9,12,51,69],[1, 5, 52, 18, 51, 53]]
[[5,11,11,19,35,77],[1, 5, 52, 18, 53, 54]]
[[7,9,7,13,47,93],[1, 5, 40, 43, 52, 44]]
[[5,9,14,25,35,54],[1, 5, 40, 43, 52, 54]]
[[4,16,13,20,19,79],[1, 5, 40, 49, 52, 44]]
[[8,10,11,18,38,55],[1, 5, 40, 49, 52, 53]]
[[7,7,7,11,37,97],[1, 5, 42, 50, 52, 53]]
[[7,9,13,17,37,81],[1, 5, 42, 50, 52, 54]]
[[8,8,14,28,23,44],[1, 5, 52, 44, 51, 53]]
[[7,11,7,23,32,89],[1, 10, 7, 8, 9, 53]]
[[6,8,18,16,36,68],[1, 7, 8, 17, 9, 54]]
[[7,9,7,25,37,75],[1, 7, 8, 52, 9, 53]]
[[6,12,9,12,51,69],[1, 10, 7, 8, 44, 53]]
[[8,8,14,20,33,56],[1, 10, 7, 8, 53, 54]]
[[7,9,7,29,37,57],[1, 7, 8, 17, 18, 54]]
[[5,11,14,23,30,74],[1, 7, 8, 17, 44, 53]]
[[7,9,7,17,47,75],[1, 7, 8, 17, 53, 54]]
[[6,8,21,20,36,41],[1, 7, 8, 52, 18, 54]]
[[4,12,10,24,19,84],[1, 7, 8, 52, 44, 53]]
[[4,14,7,22,34,83],[1, 7, 8, 52, 53, 54]]
[[7,9,13,25,37,51],[1, 10, 7, 9, 18, 53]]
[[7,7,7,27,27,91],[1, 10, 7, 9, 53, 54]]
[[6,12,12,20,26,78],[1, 7, 17, 9, 18, 53]]
[[6,12,9,32,26,57],[1, 7, 17, 9, 18, 54]]
[[4,14,13,26,14,77],[1, 7, 17, 9, 44, 54]]
[[6,8,12,16,41,80],[1, 7, 17, 9, 53, 54]]
[[5,11,8,15,20,128],[1, 10, 14, 7, 17, 54]]
[[6,8,9,12,51,71],[1, 10, 14, 7, 52, 44]]
[[5,11,8,27,25,80],[1, 10, 40, 7, 16, 53]]
[[6,12,9,32,31,45],[1, 10, 7, 42, 17, 54]]
[[5,13,11,21,30,91],[1, 10, 7, 17, 52, 44]]
[[6,8,9,20,31,95],[1, 10, 7, 49, 17, 54]]
[[7,9,7,25,47,45],[1, 10, 7, 17, 52, 54]]
[[4,10,7,22,34,79],[1, 10, 7, 18, 44, 53]]
[[6,6,9,6,36,75],[1, 10, 7, 18, 53, 54]]
[[6,8,12,16,36,80],[1, 10, 40, 7, 52, 44]]
[[5,13,8,25,30,76],[1, 10, 40, 7, 49, 53]]
[[5,7,20,15,45,76],[1, 10, 7, 42, 52, 44]]
[[6,8,9,16,36,77],[1, 10, 7, 43, 52, 44]]
[[6,8,6,12,36,80],[1, 10, 7, 43, 52, 54]]
[[5,11,11,31,25,71],[1, 10, 7, 49, 52, 44]]
[[6,10,6,26,36,76],[1, 14, 7, 42, 17, 54]]
[[4,10,10,14,24,82],[1, 14, 40, 7, 52, 44]]
[[3,11,15,23,43,59],[1, 14, 7, 42, 52, 44]]
[[4,12,7,28,24,57],[1, 14, 7, 43, 52, 44]]
[[6,8,6,12,36,80],[1, 14, 7, 43, 52, 54]]
[[5,11,8,23,20,92],[1, 14, 7, 49, 52, 44]]
[[5,9,8,17,25,66],[1, 14, 7, 50, 52, 54]]
[[5,13,5,25,35,85],[1, 7, 16, 42, 17, 54]]
[[7,9,7,29,37,57],[1, 7, 16, 17, 50, 54]]
[[5,9,17,25,25,75],[1, 40, 7, 16, 52, 44]]
[[5,13,8,29,30,70],[1, 40, 7, 16, 52, 53]]
[[4,14,10,34,29,44],[1, 7, 16, 49, 52, 44]]
[[6,8,21,20,36,41],[1, 7, 16, 50, 52, 54]]
[[5,11,20,15,25,86],[1, 7, 17, 18, 44, 54]]
[[7,9,10,25,37,72],[1, 7, 17, 18, 53, 54]]
[[7,11,13,15,32,77],[1, 40, 7, 17, 52, 44]]
[[4,12,13,24,29,93],[1, 40, 7, 17, 50, 53]]
[[5,9,14,21,25,96],[1, 40, 7, 17, 52, 53]]
[[6,8,12,12,36,80],[1, 7, 42, 17, 43, 54]]
[[3,11,9,31,18,65],[1, 7, 42, 49, 17, 54]]
[[6,10,9,18,26,109],[1, 7, 42, 17, 52, 54]]
[[5,9,23,17,30,75],[1, 7, 17, 43, 52, 44]]
[[4,12,13,24,24,93],[1, 7, 17, 43, 50, 54]]
[[6,12,6,12,51,84],[1, 7, 49, 17, 52, 44]]
[[4,10,10,10,24,82],[1, 7, 17, 50, 52, 44]]
[[4,10,10,34,19,64],[1, 7, 17, 44, 51, 54]]
[[6,10,9,10,36,115],[1, 7, 49, 17, 52, 54]]
[[5,11,8,15,35,92],[1, 40, 7, 42, 52, 44]]
[[7,11,7,23,47,47],[1, 40, 7, 50, 52, 44]]
[[5,11,14,19,25,92],[1, 40, 7, 50, 52, 53]]
[[7,9,10,17,37,90],[1, 7, 42, 43, 52, 54]]
[[6,10,9,18,51,49],[1, 7, 42, 49, 52, 44]]
[[6,12,9,32,36,33],[1, 10, 8, 9, 44, 53]]
[[8,10,8,18,43,82],[1, 10, 8, 9, 53, 54]]
[[7,9,10,21,47,54],[1, 8, 17, 9, 18, 54]]
[[5,13,14,17,25,88],[1, 8, 17, 9, 44, 53]]
[[6,12,12,20,26,78],[1, 8, 17, 9, 51, 53]]
[[7,13,10,17,27,82],[1, 8, 17, 9, 53, 54]]
[[8,10,11,18,38,55],[1, 8, 52, 9, 18, 54]]
[[6,8,9,16,36,77],[1, 8, 52, 9, 44, 53]]
[[7,9,13,25,37,51],[1, 8, 52, 9, 51, 53]]
[[7,7,13,19,32,85],[1, 8, 52, 9, 51, 54]]
[[6,12,6,28,41,54],[1, 8, 52, 9, 53, 54]]
[[4,8,7,12,19,71],[1, 10, 14, 8, 17, 54]]
[[7,11,7,23,32,89],[1, 10, 14, 40, 8, 53]]
[[5,7,17,19,30,73],[1, 10, 16, 8, 17, 54]]
[[6,12,6,24,36,72],[1, 10, 16, 8, 52, 44]]
[[5,9,8,17,25,102],[1, 10, 42, 8, 17, 54]]
[[5,11,8,23,20,92],[1, 10, 8, 18, 44, 53]]
[[6,10,6,26,51,46],[1, 10, 40, 42, 8, 53]]
[[4,10,22,26,19,70],[1, 10, 40, 49, 8, 53]]
[[7,9,16,21,27,54],[1, 10, 40, 8, 52, 53]]
[[6,10,15,22,31,55],[1, 10, 8, 50, 52, 44]]
[[4,12,7,24,19,93],[1, 10, 8, 44, 51, 53]]
[[5,7,17,19,45,73],[1, 10, 8, 44, 53, 54]]
[[6,8,15,16,46,77],[1, 10, 8, 50, 52, 54]]
[[6,10,9,30,26,79],[1, 10, 8, 51, 53, 54]]
[[3,11,9,31,18,65],[1, 14, 16, 8, 17, 54]]
[[6,10,9,18,51,49],[1, 14, 16, 8, 52, 44]]
[[6,8,18,16,36,68],[1, 14, 40, 8, 17, 54]]
[[5,13,5,25,35,85],[1, 14, 49, 8, 17, 54]]
[[6,8,15,20,41,59],[1, 14, 8, 17, 52, 54]]
[[7,9,7,25,37,75],[1, 14, 40, 8, 52, 53]]
[[4,14,10,34,29,44],[1, 14, 42, 8, 52, 44]]
[[6,10,6,18,31,112],[1, 14, 8, 50, 52, 44]]
[[5,11,17,23,30,53],[1, 16, 8, 17, 43, 54]]
[[6,10,6,26,36,76],[1, 16, 49, 8, 17, 54]]
[[7,9,13,17,32,93],[1, 16, 8, 17, 52, 54]]
