[[0, 4, 5, 7], [2, 4], [3, 5], [6, 7]]
[[4,12,4,28,19,72],[35, 16, 42, 17, 38, 43, 50, 44, 51, 53, 54]]
[[3,9,27,29,3,81],[35, 16, 42, 49, 17, 38, 43, 50, 52, 51, 54]]
[[4,14,7,30,29,71],[35, 16, 42, 49, 17, 38, 43, 50, 51, 53, 54]]
[[2,6,14,18,37,78],[35, 16, 42, 49, 17, 38, 43, 50, 52, 53, 54]]
[[3,13,12,37,23,58],[35, 16, 42, 49, 17, 38, 43, 52, 51, 53, 54]]
[[5,13,11,25,25,55],[35, 16, 42, 49, 17, 38, 50, 52, 44, 51, 53]]
[[4,10,7,30,44,79],[35, 16, 42, 49, 17, 38, 50, 44, 51, 53, 54]]
[[3,11,9,19,58,101],[35, 16, 42, 49, 17, 38, 52, 44, 51, 53, 54]]
[[3,15,12,23,33,72],[35, 16, 42, 17, 38, 50, 52, 44, 51, 53, 54]]
[[5,9,11,21,35,75],[35, 16, 49, 17, 38, 43, 50, 52, 44, 51, 53]]
[[4,10,7,34,29,73],[35, 16, 49, 17, 38, 43, 50, 52, 44, 53, 54]]
[[3,11,12,27,43,68],[35, 16, 49, 17, 38, 50, 52, 44, 51, 53, 54]]
[[5,11,14,19,25,92],[35, 40, 16, 42, 49, 17, 43, 50, 39, 44, 53]]
[[2,6,5,30,42,63],[35, 40, 16, 42, 49, 17, 43, 39, 44, 51, 54]]
[[3,7,12,15,13,58],[35, 40, 16, 42, 49, 17, 43, 39, 44, 53, 54]]
[[4,12,10,20,39,72],[35, 40, 16, 42, 17, 43, 50, 39, 44, 51, 53]]
[[2,14,2,22,52,80],[35, 40, 16, 42, 17, 43, 50, 39, 44, 51, 54]]
[[6,10,9,30,46,43],[35, 40, 16, 42, 17, 43, 50, 52, 39, 44, 53]]
[[3,11,9,35,38,53],[35, 40, 16, 42, 17, 43, 50, 39, 44, 53, 54]]
[[2,8,2,24,17,50],[35, 40, 16, 42, 17, 43, 52, 39, 44, 53, 54]]
[[3,5,6,45,28,74],[35, 40, 16, 42, 49, 17, 43, 50, 52, 39, 51]]
[[4,10,10,22,14,82],[35, 40, 16, 42, 49, 17, 43, 50, 39, 51, 53]]
[[4,12,16,24,24,66],[35, 40, 16, 42, 49, 17, 43, 50, 39, 51, 54]]
[[4,10,13,22,29,91],[35, 40, 16, 42, 49, 17, 43, 50, 52, 39, 53]]
[[4,14,13,26,24,59],[35, 40, 16, 42, 49, 17, 43, 50, 52, 39, 54]]
[[5,13,14,25,25,64],[35, 40, 16, 42, 49, 17, 43, 50, 39, 53, 54]]
[[5,9,14,25,40,60],[35, 40, 16, 42, 17, 43, 50, 52, 39, 51, 53]]
[[5,15,11,23,25,57],[35, 40, 16, 42, 17, 43, 50, 52, 39, 51, 54]]
[[4,14,4,38,44,44],[35, 40, 16, 42, 17, 43, 50, 52, 39, 53, 54]]
[[4,10,7,18,19,91],[35, 40, 16, 42, 49, 17, 50, 39, 44, 51, 53]]
[[2,8,2,24,37,74],[35, 40, 16, 42, 49, 17, 50, 39, 44, 51, 54]]
[[4,10,10,18,34,82],[35, 40, 16, 42, 49, 17, 50, 52, 39, 44, 54]]
[[3,13,9,29,38,79],[35, 40, 16, 42, 49, 17, 50, 39, 44, 53, 54]]
[[5,13,11,25,35,61],[35, 40, 16, 42, 49, 17, 52, 39, 44, 51, 53]]
[[3,7,15,19,38,103],[35, 40, 16, 42, 49, 17, 52, 39, 44, 51, 54]]
[[4,6,7,26,24,87],[35, 40, 16, 42, 49, 17, 39, 44, 51, 53, 54]]
[[5,7,17,27,30,49],[35, 40, 16, 42, 17, 50, 52, 39, 44, 51, 53]]
[[4,12,10,24,44,72],[35, 40, 16, 42, 17, 50, 39, 44, 51, 53, 54]]
[[2,12,2,24,37,72],[35, 40, 16, 42, 17, 50, 52, 39, 44, 53, 54]]
[[4,10,7,22,34,73],[35, 40, 16, 42, 49, 17, 50, 39, 51, 53, 54]]
[[4,12,16,24,14,96],[35, 40, 16, 42, 49, 17, 50, 52, 39, 53, 54]]
[[3,9,9,13,28,63],[35, 40, 16, 42, 49, 17, 52, 39, 51, 53, 54]]
[[3,17,15,21,18,65],[35, 40, 16, 42, 17, 50, 52, 39, 51, 53, 54]]
[[4,10,19,26,24,67],[35, 40, 16, 49, 17, 43, 50, 39, 44, 51, 53]]
[[5,13,11,21,30,91],[35, 40, 16, 49, 17, 43, 52, 39, 44, 51, 53]]
[[4,12,16,20,19,90],[35, 40, 16, 49, 17, 43, 39, 44, 51, 53, 54]]
[[2,10,14,38,47,58],[35, 40, 16, 49, 17, 43, 52, 39, 44, 53, 54]]
[[5,11,8,27,35,74],[35, 40, 16, 17, 43, 50, 52, 39, 44, 51, 53]]
[[4,14,7,18,24,101],[35, 40, 16, 17, 43, 50, 39, 44, 51, 53, 54]]
[[2,12,8,20,32,84],[35, 40, 16, 17, 43, 50, 52, 39, 44, 53, 54]]
[[3,11,12,39,28,56],[35, 40, 16, 17, 43, 52, 39, 44, 51, 53, 54]]
[[5,9,8,25,60,48],[35, 40, 16, 49, 17, 43, 50, 52, 39, 51, 54]]
[[4,8,22,20,39,68],[35, 40, 16, 49, 17, 43, 50, 39, 51, 53, 54]]
[[3,7,6,11,48,70],[35, 40, 16, 49, 17, 43, 52, 39, 51, 53, 54]]
[[3,11,6,27,43,92],[35, 40, 16, 17, 43, 50, 52, 39, 51, 53, 54]]
[[3,7,18,23,18,100],[35, 40, 16, 49, 17, 50, 52, 39, 44, 51, 54]]
[[2,14,5,22,27,47],[35, 40, 16, 49, 17, 50, 52, 39, 44, 53, 54]]
[[3,7,15,23,48,73],[35, 40, 16, 49, 17, 50, 52, 39, 51, 53, 54]]
[[3,5,15,37,38,77],[35, 16, 42, 49, 17, 43, 50, 39, 44, 51, 53]]
[[3,15,6,27,48,72],[35, 16, 42, 49, 17, 43, 50, 39, 44, 51, 54]]
[[4,8,13,40,29,65],[35, 16, 42, 17, 43, 50, 52, 39, 44, 51, 53]]
[[5,13,8,29,30,64],[35, 16, 42, 17, 43, 50, 39, 44, 51, 53, 54]]
[[3,13,18,25,28,64],[35, 16, 42, 17, 43, 50, 52, 39, 44, 53, 54]]
[[4,12,13,24,49,51],[35, 16, 42, 49, 17, 43, 50, 52, 39, 51, 54]]
[[3,5,6,25,18,68],[35, 16, 42, 49, 17, 43, 50, 39, 51, 53, 54]]
[[3,11,6,31,23,50],[35, 16, 42, 49, 17, 43, 50, 52, 39, 53, 54]]
[[2,14,8,22,42,86],[35, 16, 42, 17, 43, 50, 52, 39, 51, 53, 54]]
[[4,10,10,34,34,82],[35, 16, 42, 49, 17, 50, 52, 39, 44, 51, 53]]
[[4,12,13,24,29,63],[35, 16, 42, 49, 17, 50, 52, 39, 44, 51, 54]]
[[5,13,14,25,25,64],[35, 16, 42, 49, 17, 50, 39, 44, 51, 53, 54]]
[[4,12,7,32,29,87],[35, 16, 42, 49, 17, 52, 39, 44, 51, 53, 54]]
[[4,12,13,24,44,57],[35, 16, 42, 17, 50, 52, 39, 44, 51, 53, 54]]
[[2,6,5,22,37,69],[35, 16, 42, 49, 17, 50, 52, 39, 51, 53, 54]]
[[4,12,16,28,14,84],[35, 16, 49, 17, 43, 50, 52, 39, 44, 51, 53]]
[[5,9,14,25,35,72],[35, 16, 49, 17, 43, 50, 39, 44, 51, 53, 54]]
[[3,9,9,21,33,93],[35, 16, 49, 17, 43, 50, 52, 39, 44, 53, 54]]
[[4,12,13,24,39,69],[35, 16, 49, 17, 43, 52, 39, 44, 51, 53, 54]]
[[4,12,10,28,44,54],[35, 16, 17, 43, 50, 52, 39, 44, 51, 53, 54]]
[[5,15,11,23,30,51],[35, 40, 16, 42, 49, 17, 43, 50, 44, 51, 53]]
[[3,9,6,33,28,78],[35, 40, 16, 42, 49, 17, 43, 50, 44, 51, 54]]
[[3,9,18,21,48,54],[35, 40, 16, 42, 49, 17, 43, 50, 52, 44, 54]]
[[4,10,7,18,44,73],[35, 40, 16, 42, 49, 17, 43, 50, 44, 53, 54]]
[[6,14,9,22,26,71],[35, 40, 16, 42, 17, 43, 50, 52, 44, 51, 53]]
[[4,8,10,28,39,86],[35, 40, 16, 42, 17, 43, 50, 52, 44, 51, 54]]
[[3,9,15,25,23,87],[35, 40, 16, 42, 17, 43, 50, 44, 51, 53, 54]]
[[2,14,8,18,42,98],[35, 40, 16, 42, 17, 43, 52, 44, 51, 53, 54]]
[[4,4,10,28,29,64],[35, 40, 16, 42, 49, 17, 43, 50, 52, 51, 53]]
[[5,13,8,29,50,46],[35, 40, 16, 42, 49, 17, 43, 50, 51, 53, 54]]
[[4,10,10,26,14,88],[35, 40, 16, 42, 17, 43, 50, 52, 51, 53, 54]]
[[3,9,15,25,28,99],[35, 40, 16, 42, 49, 17, 50, 44, 51, 53, 54]]
[[3,13,12,25,33,70],[35, 40, 16, 42, 49, 17, 50, 52, 44, 53, 54]]
[[2,8,5,36,22,53],[35, 40, 16, 42, 17, 50, 52, 44, 51, 53, 54]]
[[4,12,13,32,39,39],[35, 40, 16, 49, 17, 43, 50, 52, 44, 51, 54]]
[[3,13,6,21,38,70],[35, 40, 16, 49, 17, 43, 50, 44, 51, 53, 54]]
[[3,15,9,27,33,75],[35, 40, 16, 49, 17, 43, 50, 52, 44, 53, 54]]
[[2,14,5,30,47,59],[35, 40, 16, 49, 17, 43, 52, 44, 51, 53, 54]]
[[4,14,13,26,14,83],[35, 40, 16, 49, 17, 43, 50, 52, 51, 53, 54]]
[[5,15,8,27,25,54],[35, 16, 42, 49, 17, 43, 50, 52, 44, 51, 53]]
[[5,13,11,29,30,61],[35, 16, 42, 49, 17, 43, 50, 52, 44, 51, 54]]
[[4,8,7,20,39,83],[35, 16, 42, 49, 17, 43, 50, 44, 51, 53, 54]]
[[3,13,12,21,43,76],[35, 16, 42, 17, 43, 50, 52, 44, 51, 53, 54]]
[[3,13,6,29,43,76],[35, 16, 42, 49, 17, 43, 50, 52, 51, 53, 54]]
[[3,13,12,25,23,76],[35, 16, 42, 49, 17, 50, 52, 44, 51, 53, 54]]
[[4,10,13,26,34,91],[40, 16, 37, 42, 49, 17, 38, 43, 52, 39, 44]]
[[4,10,13,30,34,79],[40, 16, 37, 42, 17, 38, 43, 50, 52, 39, 44]]
[[3,13,12,25,23,82],[40, 16, 37, 42, 17, 38, 43, 50, 39, 44, 54]]
[[4,12,13,32,29,69],[40, 16, 37, 42, 17, 38, 43, 39, 44, 51, 53]]
[[2,12,8,28,42,90],[40, 16, 37, 42, 17, 38, 43, 39, 44, 51, 54]]
[[3,9,9,29,33,69],[40, 16, 37, 42, 17, 38, 43, 39, 44, 53, 54]]
[[3,3,9,27,48,27],[40, 16, 37, 42, 49, 17, 38, 43, 50, 39, 53]]
[[3,13,6,33,48,70],[40, 16, 37, 42, 49, 17, 38, 43, 50, 39, 54]]
[[4,12,13,20,24,87],[40, 16, 37, 42, 49, 17, 38, 43, 39, 51, 53]]
[[4,10,19,10,14,103],[40, 16, 37, 42, 49, 17, 38, 43, 52, 39, 53]]
[[4,14,10,34,24,56],[40, 16, 37, 42, 17, 38, 43, 50, 39, 51, 53]]
[[4,4,10,32,29,70],[40, 16, 37, 42, 17, 38, 43, 50, 52, 39, 53]]
[[5,11,8,27,25,80],[40, 16, 37, 42, 17, 38, 43, 50, 39, 53, 54]]
[[5,13,11,33,20,67],[40, 16, 37, 42, 17, 38, 43, 52, 39, 51, 53]]
[[4,10,13,34,39,49],[40, 16, 37, 42, 17, 38, 43, 39, 51, 53, 54]]
[[5,11,17,27,20,47],[40, 16, 37, 42, 49, 17, 38, 50, 39, 44, 53]]
[[4,10,13,26,34,91],[40, 16, 37, 42, 49, 17, 38, 39, 44, 51, 53]]
[[3,7,9,39,28,61],[40, 16, 37, 42, 49, 17, 38, 39, 44, 53, 54]]
[[4,12,10,28,49,66],[40, 16, 37, 42, 17, 38, 50, 39, 44, 51, 53]]
[[2,12,14,12,57,108],[40, 16, 37, 42, 17, 38, 50, 39, 44, 51, 54]]
[[3,5,6,29,28,80],[40, 16, 37, 42, 17, 38, 50, 39, 44, 53, 54]]
[[5,17,5,25,25,59],[40, 16, 37, 42, 17, 38, 52, 39, 44, 51, 53]]
[[3,7,12,43,28,70],[40, 16, 37, 42, 49, 17, 38, 50, 52, 39, 51]]
[[4,4,10,28,29,64],[40, 16, 37, 42, 49, 17, 38, 50, 52, 39, 53]]
[[4,14,4,34,44,56],[40, 16, 37, 42, 49, 17, 38, 50, 52, 39, 54]]
[[5,13,8,29,40,64],[40, 16, 37, 42, 49, 17, 38, 50, 39, 53, 54]]
[[5,11,11,23,45,77],[40, 16, 37, 42, 49, 17, 38, 52, 39, 51, 54]]
[[4,14,10,30,29,62],[40, 16, 37, 42, 49, 17, 38, 52, 39, 53, 54]]
[[5,11,17,15,25,95],[40, 16, 37, 42, 17, 38, 50, 52, 39, 51, 53]]
[[4,14,13,26,19,83],[40, 16, 37, 42, 17, 38, 50, 52, 39, 53, 54]]
[[4,8,10,32,44,92],[40, 16, 37, 49, 17, 38, 43, 50, 52, 39, 44]]
[[2,6,11,22,22,75],[40, 16, 37, 49, 17, 38, 43, 39, 44, 51, 54]]
[[6,10,12,22,26,76],[40, 16, 37, 49, 17, 38, 43, 52, 39, 44, 53]]
[[4,8,13,24,39,113],[40, 16, 37, 49, 17, 38, 43, 52, 39, 44, 54]]
[[3,15,9,27,33,69],[40, 16, 37, 49, 17, 38, 43, 39, 44, 53, 54]]
[[2,8,2,24,17,62],[40, 16, 37, 17, 38, 43, 50, 39, 44, 51, 54]]
[[4,10,16,14,24,94],[40, 16, 37, 17, 38, 43, 50, 52, 39, 44, 54]]
[[3,5,21,29,43,77],[40, 16, 37, 17, 38, 43, 52, 39, 44, 51, 54]]
[[2,8,11,32,32,71],[40, 16, 37, 17, 38, 43, 52, 39, 44, 53, 54]]
[[3,13,3,29,53,85],[40, 16, 37, 49, 17, 38, 43, 50, 52, 39, 51]]
[[4,6,13,46,24,57],[40, 16, 37, 49, 17, 38, 43, 50, 52, 39, 53]]
[[5,13,8,33,35,52],[40, 16, 37, 49, 17, 38, 43, 50, 39, 53, 54]]
[[5,7,14,23,35,88],[40, 16, 37, 49, 17, 38, 43, 52, 39, 51, 53]]
[[4,12,16,24,24,84],[40, 16, 37, 49, 17, 38, 43, 39, 51, 53, 54]]
[[4,14,10,34,24,56],[40, 16, 37, 49, 17, 38, 43, 52, 39, 53, 54]]
[[4,8,4,24,44,68],[40, 16, 37, 17, 38, 43, 50, 39, 51, 53, 54]]
[[4,14,13,26,14,83],[40, 16, 37, 17, 38, 43, 50, 52, 39, 53, 54]]
[[3,13,15,33,23,55],[40, 16, 37, 17, 38, 43, 52, 39, 51, 53, 54]]
[[4,10,16,22,54,58],[40, 16, 37, 49, 17, 38, 50, 39, 44, 51, 53]]
[[2,10,5,34,37,61],[40, 16, 37, 49, 17, 38, 50, 39, 44, 51, 54]]
[[6,12,12,20,31,72],[40, 16, 37, 49, 17, 38, 50, 52, 39, 44, 53]]
[[3,7,15,31,38,97],[40, 16, 37, 49, 17, 38, 50, 39, 44, 53, 54]]
[[5,11,17,23,25,71],[40, 16, 37, 49, 17, 38, 52, 39, 44, 51, 53]]
[[4,8,13,28,19,83],[40, 16, 37, 49, 17, 38, 39, 44, 51, 53, 54]]
[[2,14,14,30,17,62],[40, 16, 37, 49, 17, 38, 52, 39, 44, 53, 54]]
[[5,11,8,31,35,68],[40, 16, 37, 17, 38, 50, 52, 39, 44, 51, 53]]
[[2,10,14,30,42,76],[40, 16, 37, 17, 38, 50, 52, 39, 44, 53, 54]]
[[3,11,6,27,28,50],[40, 16, 37, 17, 38, 52, 39, 44, 51, 53, 54]]
[[5,13,14,21,15,94],[40, 16, 37, 49, 17, 38, 50, 52, 39, 51, 53]]
[[4,12,4,24,34,66],[40, 16, 37, 49, 17, 38, 50, 39, 51, 53, 54]]
[[3,13,15,17,38,79],[40, 16, 37, 49, 17, 38, 52, 39, 51, 53, 54]]
[[3,7,6,31,38,76],[40, 16, 37, 17, 38, 50, 52, 39, 51, 53, 54]]
[[3,11,12,39,33,56],[16, 37, 42, 49, 17, 38, 43, 50, 52, 39, 44]]
[[4,10,13,26,24,91],[16, 37, 42, 49, 17, 38, 43, 50, 39, 44, 53]]
[[4,12,10,36,29,48],[16, 37, 42, 49, 17, 38, 43, 50, 39, 44, 54]]
[[3,7,18,23,43,94],[16, 37, 42, 49, 17, 38, 43, 39, 44, 51, 54]]
[[5,13,11,21,15,109],[16, 37, 42, 49, 17, 38, 43, 52, 39, 44, 53]]
[[3,13,9,29,43,79],[16, 37, 42, 17, 38, 43, 50, 39, 44, 51, 53]]
[[3,9,15,21,38,75],[16, 37, 42, 17, 38, 43, 50, 39, 44, 51, 54]]
[[5,11,14,19,40,74],[16, 37, 42, 17, 38, 43, 50, 52, 39, 44, 53]]
[[5,13,11,33,15,55],[16, 37, 42, 17, 38, 43, 50, 52, 39, 44, 54]]
[[4,12,10,32,39,60],[16, 37, 42, 17, 38, 43, 52, 39, 44, 51, 53]]
[[4,12,10,28,29,90],[16, 37, 42, 17, 38, 43, 52, 39, 44, 51, 54]]
[[5,11,11,23,30,83],[16, 37, 42, 49, 17, 38, 43, 50, 39, 51, 53]]
[[5,11,8,23,20,98],[16, 37, 42, 49, 17, 38, 43, 50, 52, 39, 53]]
[[4,12,10,36,29,54],[16, 37, 42, 49, 17, 38, 43, 50, 39, 53, 54]]
[[6,12,12,20,36,48],[16, 37, 42, 49, 17, 38, 43, 52, 39, 51, 53]]
[[3,3,9,27,48,27],[16, 37, 42, 49, 17, 38, 43, 39, 51, 53, 54]]
[[6,12,12,32,6,66],[16, 37, 42, 17, 38, 43, 50, 52, 39, 51, 53]]
[[3,11,18,27,38,50],[16, 37, 42, 17, 38, 43, 50, 39, 51, 53, 54]]
[[3,11,15,23,33,89],[16, 37, 42, 17, 38, 43, 50, 52, 39, 53, 54]]
[[2,14,8,34,42,62],[16, 37, 42, 17, 38, 43, 52, 39, 51, 53, 54]]
[[3,7,12,47,38,52],[16, 37, 42, 49, 17, 38, 50, 39, 44, 51, 53]]
[[5,7,17,27,30,49],[16, 37, 42, 49, 17, 38, 50, 52, 39, 44, 53]]
[[4,16,4,28,39,52],[16, 37, 42, 49, 17, 38, 50, 39, 44, 53, 54]]
[[4,6,16,22,44,96],[16, 37, 42, 49, 17, 38, 52, 39, 44, 51, 53]]
[[5,9,8,21,40,96],[16, 37, 42, 49, 17, 38, 39, 44, 51, 53, 54]]
[[3,13,18,17,48,64],[16, 37, 42, 49, 17, 38, 52, 39, 44, 53, 54]]
[[4,14,13,22,19,95],[16, 37, 42, 17, 38, 50, 52, 39, 44, 51, 53]]
[[5,9,11,25,25,81],[16, 37, 42, 17, 38, 50, 39, 44, 51, 53, 54]]
[[3,13,6,21,48,94],[16, 37, 42, 17, 38, 50, 52, 39, 44, 53, 54]]
[[4,10,10,18,34,100],[16, 37, 42, 17, 38, 52, 39, 44, 51, 53, 54]]
[[4,10,13,22,59,43],[16, 37, 42, 49, 17, 38, 50, 52, 39, 51, 54]]
[[3,17,15,21,18,65],[16, 37, 42, 49, 17, 38, 50, 52, 39, 53, 54]]
[[3,9,15,33,28,81],[16, 37, 49, 17, 38, 43, 50, 39, 44, 51, 54]]
[[4,14,10,18,34,92],[16, 37, 49, 17, 38, 43, 50, 39, 44, 53, 54]]
[[4,12,10,20,34,84],[16, 37, 49, 17, 38, 43, 52, 39, 44, 51, 54]]
[[3,15,12,27,33,60],[16, 37, 49, 17, 38, 43, 52, 39, 44, 53, 54]]
[[4,8,16,28,34,68],[16, 37, 17, 38, 43, 50, 52, 39, 44, 51, 53]]
[[4,12,13,24,19,87],[16, 37, 17, 38, 43, 50, 52, 39, 44, 51, 54]]
[[3,11,9,27,28,77],[16, 37, 17, 38, 43, 50, 52, 39, 44, 53, 54]]
[[3,11,9,15,23,59],[16, 37, 49, 17, 38, 43, 50, 39, 51, 53, 54]]
[[3,15,6,31,48,60],[16, 37, 49, 17, 38, 43, 50, 52, 39, 53, 54]]
[[2,6,2,30,32,90],[16, 37, 49, 17, 38, 43, 52, 39, 51, 53, 54]]
[[2,12,14,32,12,72],[16, 37, 17, 38, 43, 50, 52, 39, 51, 53, 54]]
[[4,14,10,30,34,50],[16, 37, 49, 17, 38, 50, 52, 39, 44, 51, 53]]
[[3,13,9,37,38,49],[16, 37, 49, 17, 38, 50, 52, 39, 44, 53, 54]]
[[2,8,5,36,22,53],[16, 37, 49, 17, 38, 50, 52, 39, 51, 53, 54]]
[[4,14,13,22,29,77],[40, 16, 37, 42, 49, 17, 38, 43, 50, 44, 53]]
[[2,12,5,20,27,69],[40, 16, 37, 42, 49, 17, 38, 43, 50, 44, 54]]
[[5,11,11,31,20,65],[40, 16, 37, 42, 49, 17, 38, 43, 52, 44, 53]]
[[5,11,11,15,55,59],[40, 16, 37, 42, 17, 38, 43, 50, 44, 51, 53]]
[[3,15,3,23,38,69],[40, 16, 37, 42, 17, 38, 43, 50, 44, 51, 54]]
[[5,15,8,27,25,54],[40, 16, 37, 42, 17, 38, 43, 50, 52, 44, 53]]
[[4,16,7,24,24,79],[40, 16, 37, 42, 17, 38, 43, 50, 44, 53, 54]]
[[6,12,9,24,36,57],[40, 16, 37, 42, 17, 38, 43, 52, 44, 51, 53]]
[[3,13,6,29,28,70],[40, 16, 37, 42, 49, 17, 38, 43, 50, 51, 53]]
[[3,5,9,29,23,29],[40, 16, 37, 42, 49, 17, 38, 43, 50, 51, 54]]
[[5,7,8,31,45,94],[40, 16, 37, 42, 49, 17, 38, 43, 50, 52, 53]]
[[5,9,8,29,60,66],[40, 16, 37, 42, 49, 17, 38, 43, 50, 52, 54]]
[[4,6,7,26,54,105],[40, 16, 37, 42, 49, 17, 38, 43, 50, 53, 54]]
[[4,12,13,32,14,69],[40, 16, 37, 42, 49, 17, 38, 43, 52, 51, 53]]
[[4,12,7,24,39,75],[40, 16, 37, 42, 49, 17, 38, 43, 52, 51, 54]]
[[3,7,6,15,53,76],[40, 16, 37, 42, 49, 17, 38, 43, 52, 53, 54]]
[[4,10,7,22,29,79],[40, 16, 37, 42, 17, 38, 43, 50, 52, 51, 54]]
[[3,13,6,29,43,76],[40, 16, 37, 42, 17, 38, 43, 50, 52, 53, 54]]
[[5,17,5,25,30,59],[40, 16, 37, 42, 49, 17, 38, 50, 44, 51, 53]]
[[3,9,9,21,48,87],[40, 16, 37, 42, 49, 17, 38, 50, 44, 51, 54]]
[[3,9,9,33,43,63],[40, 16, 37, 42, 49, 17, 38, 50, 52, 44, 54]]
[[4,6,13,26,44,111],[40, 16, 37, 42, 49, 17, 38, 52, 44, 51, 54]]
[[3,7,3,19,43,103],[40, 16, 37, 42, 49, 17, 38, 44, 51, 53, 54]]
[[6,12,15,24,11,75],[40, 16, 37, 42, 17, 38, 50, 52, 44, 51, 53]]
[[4,12,13,20,49,69],[40, 16, 37, 42, 17, 38, 50, 52, 44, 51, 54]]
[[3,13,6,17,33,88],[40, 16, 37, 42, 17, 38, 50, 44, 51, 53, 54]]
[[3,11,9,19,53,77],[40, 16, 37, 42, 17, 38, 50, 52, 44, 53, 54]]
[[4,16,10,28,24,52],[40, 16, 37, 42, 49, 17, 38, 50, 52, 51, 53]]
[[5,11,14,23,25,74],[40, 16, 37, 42, 49, 17, 38, 50, 51, 53, 54]]
[[3,15,9,27,33,75],[40, 16, 37, 42, 49, 17, 38, 50, 52, 53, 54]]
[[4,12,16,24,14,90],[40, 16, 37, 42, 49, 17, 38, 52, 51, 53, 54]]
[[4,12,13,28,29,75],[40, 16, 37, 42, 17, 38, 50, 52, 51, 53, 54]]
[[5,11,11,27,25,101],[40, 16, 37, 49, 17, 38, 43, 50, 52, 44, 53]]
[[4,12,10,32,29,66],[40, 16, 37, 49, 17, 38, 43, 50, 44, 53, 54]]
[[6,16,6,20,31,64],[40, 16, 37, 49, 17, 38, 43, 52, 44, 51, 53]]
[[3,7,18,27,28,88],[40, 16, 37, 49, 17, 38, 43, 44, 51, 53, 54]]
[[3,7,9,31,28,85],[40, 16, 37, 49, 17, 38, 43, 52, 44, 53, 54]]
[[3,9,12,17,58,48],[40, 16, 37, 17, 38, 43, 50, 44, 51, 53, 54]]
[[3,13,12,33,23,70],[40, 16, 37, 17, 38, 43, 50, 52, 44, 53, 54]]
[[2,4,11,28,27,121],[40, 16, 37, 17, 38, 43, 52, 44, 51, 53, 54]]
[[4,14,13,30,19,59],[40, 16, 37, 49, 17, 38, 43, 50, 52, 51, 54]]
[[4,12,10,24,59,66],[40, 16, 37, 49, 17, 38, 43, 52, 51, 53, 54]]
[[3,9,9,29,13,81],[40, 16, 37, 49, 17, 38, 50, 44, 51, 53, 54]]
[[2,12,8,20,37,84],[40, 16, 37, 49, 17, 38, 52, 44, 51, 53, 54]]
[[2,12,14,28,32,72],[40, 16, 37, 17, 38, 50, 52, 44, 51, 53, 54]]
[[4,12,7,32,44,81],[16, 37, 42, 49, 17, 38, 43, 50, 44, 51, 53]]
[[4,8,10,28,19,68],[16, 37, 42, 49, 17, 38, 43, 50, 44, 51, 54]]
[[4,10,13,22,29,91],[16, 37, 42, 49, 17, 38, 43, 50, 52, 44, 53]]
[[5,9,11,29,20,75],[16, 37, 42, 49, 17, 38, 43, 50, 44, 53, 54]]
[[5,15,11,27,15,45],[16, 37, 42, 49, 17, 38, 43, 52, 44, 51, 53]]
[[4,12,10,24,29,78],[16, 37, 42, 49, 17, 38, 43, 44, 51, 53, 54]]
[[5,9,11,25,45,81],[16, 37, 42, 17, 38, 43, 50, 52, 44, 51, 53]]
[[4,10,7,14,29,79],[16, 37, 42, 17, 38, 43, 50, 44, 51, 53, 54]]
[[4,12,13,24,44,57],[16, 37, 42, 17, 38, 43, 50, 52, 44, 53, 54]]
[[2,14,2,22,52,74],[16, 37, 42, 49, 17, 38, 43, 50, 52, 53, 54]]
[[3,9,6,37,28,54],[16, 37, 42, 17, 38, 43, 50, 52, 51, 53, 54]]
[[5,15,11,19,20,93],[16, 37, 42, 49, 17, 38, 50, 52, 44, 51, 53]]
[[5,11,11,27,25,83],[16, 37, 42, 49, 17, 38, 50, 52, 44, 51, 54]]
[[4,6,7,26,54,105],[16, 37, 42, 49, 17, 38, 50, 44, 51, 53, 54]]
[[3,11,6,23,48,86],[16, 37, 42, 49, 17, 38, 52, 44, 51, 53, 54]]
[[3,7,6,27,38,94],[16, 37, 42, 17, 38, 50, 52, 44, 51, 53, 54]]
[[3,9,15,29,23,93],[16, 37, 42, 49, 17, 38, 50, 52, 51, 53, 54]]
[[4,12,7,36,29,69],[16, 37, 49, 17, 38, 43, 50, 44, 51, 53, 54]]
[[4,14,13,30,24,47],[16, 37, 49, 17, 38, 43, 50, 52, 44, 53, 54]]
[[3,13,12,17,38,76],[16, 37, 49, 17, 38, 43, 52, 44, 51, 53, 54]]
[[3,9,12,25,38,84],[16, 37, 17, 38, 43, 50, 52, 44, 51, 53, 54]]
[[3,7,3,27,23,61],[16, 37, 49, 17, 38, 43, 50, 52, 51, 53, 54]]
[[4,14,13,30,14,71],[40, 16, 37, 42, 49, 17, 43, 50, 52, 39, 44]]
[[3,11,9,39,43,53],[40, 16, 37, 42, 49, 17, 43, 50, 39, 44, 54]]
[[4,12,16,28,19,72],[40, 16, 37, 42, 49, 17, 43, 39, 44, 51, 53]]
[[2,14,14,26,37,80],[40, 16, 37, 42, 49, 17, 43, 39, 44, 51, 54]]
[[3,9,18,29,28,78],[40, 16, 37, 42, 49, 17, 43, 39, 44, 53, 54]]
[[4,16,4,20,39,82],[40, 16, 37, 42, 17, 43, 50, 39, 44, 51, 53]]
[[2,6,5,22,47,87],[40, 16, 37, 42, 17, 43, 50, 39, 44, 51, 54]]
[[3,13,9,21,33,73],[40, 16, 37, 42, 17, 43, 50, 39, 44, 53, 54]]
[[5,15,14,23,10,54],[40, 16, 37, 42, 17, 43, 52, 39, 44, 51, 53]]
[[4,12,7,24,29,81],[40, 16, 37, 42, 17, 43, 39, 44, 51, 53, 54]]
[[3,5,3,37,13,59],[40, 16, 37, 42, 49, 17, 43, 50, 52, 39, 51]]
[[4,8,13,36,14,71],[40, 16, 37, 42, 49, 17, 43, 50, 52, 39, 53]]
[[5,13,8,29,20,88],[40, 16, 37, 42, 49, 17, 43, 50, 39, 53, 54]]
[[5,13,8,17,25,118],[40, 16, 37, 42, 49, 17, 43, 52, 39, 51, 53]]
[[4,8,10,16,54,74],[40, 16, 37, 42, 49, 17, 43, 39, 51, 53, 54]]
[[4,12,19,16,29,75],[40, 16, 37, 42, 49, 17, 43, 52, 39, 53, 54]]
[[4,10,13,30,29,85],[40, 16, 37, 42, 17, 43, 50, 39, 51, 53, 54]]
[[4,10,7,22,44,91],[40, 16, 37, 42, 17, 43, 50, 52, 39, 53, 54]]
[[3,9,15,21,43,87],[40, 16, 37, 42, 17, 43, 52, 39, 51, 53, 54]]
[[2,6,5,30,42,57],[40, 16, 37, 42, 49, 17, 50, 39, 44, 51, 54]]
[[6,12,9,28,41,39],[40, 16, 37, 42, 49, 17, 50, 52, 39, 44, 53]]
[[3,13,9,29,43,73],[40, 16, 37, 42, 49, 17, 50, 39, 44, 53, 54]]
[[5,7,17,23,20,79],[40, 16, 37, 42, 49, 17, 52, 39, 44, 51, 53]]
[[3,5,15,37,53,47],[40, 16, 37, 42, 49, 17, 52, 39, 44, 51, 54]]
[[4,10,4,30,29,64],[40, 16, 37, 42, 49, 17, 39, 44, 51, 53, 54]]
[[2,6,5,18,27,123],[40, 16, 37, 42, 49, 17, 52, 39, 44, 53, 54]]
[[5,13,11,25,35,67],[40, 16, 37, 42, 17, 50, 52, 39, 44, 51, 53]]
[[3,11,15,23,38,59],[40, 16, 37, 42, 17, 50, 52, 39, 44, 51, 54]]
[[2,8,2,44,37,38],[40, 16, 37, 42, 17, 50, 52, 39, 44, 53, 54]]
[[3,9,3,25,43,105],[40, 16, 37, 42, 17, 52, 39, 44, 51, 53, 54]]
[[5,11,17,19,35,77],[40, 16, 37, 42, 49, 17, 50, 52, 39, 51, 53]]
[[2,2,8,30,72,38],[40, 16, 37, 49, 17, 43, 50, 39, 44, 51, 54]]
[[6,10,9,30,46,43],[40, 16, 37, 49, 17, 43, 50, 52, 39, 44, 53]]
[[3,9,12,21,33,96],[40, 16, 37, 49, 17, 43, 50, 39, 44, 53, 54]]
[[2,8,14,36,27,104],[40, 16, 37, 17, 43, 50, 52, 39, 44, 53, 54]]
[[5,15,8,27,25,66],[40, 16, 37, 49, 17, 43, 50, 52, 39, 51, 53]]
[[4,14,13,18,29,83],[40, 16, 37, 49, 17, 43, 50, 39, 51, 53, 54]]
[[4,14,16,22,29,50],[40, 16, 37, 49, 17, 43, 50, 52, 39, 53, 54]]
[[3,9,9,29,28,99],[40, 16, 37, 17, 43, 50, 52, 39, 51, 53, 54]]
[[5,13,5,29,40,67],[40, 16, 37, 49, 17, 50, 52, 39, 44, 51, 53]]
[[4,12,10,32,24,84],[40, 16, 37, 49, 17, 50, 39, 44, 51, 53, 54]]
[[2,12,8,28,32,72],[40, 16, 37, 49, 17, 50, 52, 39, 44, 53, 54]]
[[3,9,6,33,33,78],[40, 16, 37, 49, 17, 52, 39, 44, 51, 53, 54]]
[[3,9,21,25,18,87],[40, 16, 37, 17, 50, 52, 39, 44, 51, 53, 54]]
[[3,15,9,27,38,63],[40, 16, 37, 49, 17, 50, 52, 39, 51, 53, 54]]
[[3,7,9,35,38,49],[16, 37, 42, 49, 17, 43, 50, 39, 44, 51, 53]]
[[4,8,16,24,39,80],[16, 37, 42, 49, 17, 43, 52, 39, 44, 51, 53]]
[[4,10,13,22,39,85],[16, 37, 42, 17, 43, 50, 52, 39, 44, 51, 53]]
[[5,13,11,21,35,67],[16, 37, 42, 17, 43, 50, 39, 44, 51, 53, 54]]
[[3,11,9,23,43,77],[16, 37, 42, 49, 17, 43, 50, 39, 51, 53, 54]]
[[3,13,9,37,38,49],[16, 37, 42, 49, 17, 43, 50, 52, 39, 53, 54]]
[[2,8,5,32,37,83],[16, 37, 42, 49, 17, 43, 52, 39, 51, 53, 54]]
[[2,8,8,36,42,86],[16, 37, 42, 17, 43, 50, 52, 39, 51, 53, 54]]
[[4,8,10,28,39,86],[16, 37, 42, 49, 17, 50, 52, 39, 44, 51, 54]]
[[3,13,9,21,43,85],[16, 37, 42, 49, 17, 50, 52, 39, 44, 53, 54]]
[[4,10,19,14,19,91],[16, 37, 42, 49, 17, 52, 39, 44, 51, 53, 54]]
[[2,10,8,34,37,82],[16, 37, 42, 49, 17, 50, 52, 39, 51, 53, 54]]
[[3,15,9,31,33,63],[16, 37, 49, 17, 43, 50, 52, 39, 44, 53, 54]]
[[2,10,5,34,37,73],[16, 37, 49, 17, 43, 50, 52, 39, 51, 53, 54]]
[[4,12,16,24,9,102],[16, 37, 49, 17, 50, 52, 39, 44, 51, 53, 54]]
[[3,5,6,33,28,50],[40, 16, 37, 42, 49, 17, 43, 50, 44, 51, 54]]
[[5,9,11,25,45,81],[40, 16, 37, 42, 49, 17, 43, 50, 52, 44, 53]]
[[3,9,9,29,43,69],[40, 16, 37, 42, 49, 17, 43, 50, 52, 44, 54]]
[[4,8,7,40,14,65],[40, 16, 37, 42, 49, 17, 43, 50, 44, 53, 54]]
[[6,14,9,26,31,35],[40, 16, 37, 42, 49, 17, 43, 52, 44, 51, 53]]
[[4,8,13,36,29,77],[40, 16, 37, 42, 49, 17, 43, 52, 44, 51, 54]]
[[3,11,12,15,43,86],[40, 16, 37, 42, 49, 17, 43, 44, 51, 53, 54]]
[[3,13,6,25,33,64],[40, 16, 37, 42, 49, 17, 43, 52, 44, 53, 54]]
[[4,12,13,24,29,63],[40, 16, 37, 42, 17, 43, 50, 52, 44, 51, 54]]
[[3,7,15,43,53,31],[40, 16, 37, 42, 17, 43, 50, 44, 51, 53, 54]]
[[3,13,12,21,43,94],[40, 16, 37, 42, 17, 43, 50, 52, 44, 53, 54]]
[[2,16,14,24,22,70],[40, 16, 37, 42, 17, 43, 52, 44, 51, 53, 54]]
[[4,14,13,34,24,23],[40, 16, 37, 42, 49, 17, 43, 50, 52, 51, 53]]
[[3,9,6,37,28,54],[40, 16, 37, 42, 49, 17, 43, 50, 52, 53, 54]]
[[6,14,9,30,16,53],[40, 16, 37, 42, 49, 17, 50, 52, 44, 51, 53]]
[[3,9,15,21,48,69],[40, 16, 37, 42, 49, 17, 50, 44, 51, 53, 54]]
[[2,12,8,36,37,48],[40, 16, 37, 42, 17, 50, 52, 44, 51, 53, 54]]
[[6,12,12,32,6,66],[40, 16, 37, 49, 17, 43, 50, 52, 44, 51, 53]]
[[4,10,10,18,59,52],[40, 16, 37, 49, 17, 43, 50, 52, 44, 51, 54]]
[[3,9,3,21,58,93],[40, 16, 37, 49, 17, 43, 50, 44, 51, 53, 54]]
[[3,11,9,35,38,65],[40, 16, 37, 49, 17, 43, 50, 52, 44, 53, 54]]
[[2,12,2,36,47,36],[40, 16, 37, 17, 43, 50, 52, 44, 51, 53, 54]]
[[4,12,10,24,19,102],[40, 16, 37, 49, 17, 43, 50, 52, 51, 53, 54]]
[[2,6,5,26,32,57],[40, 16, 37, 49, 17, 50, 52, 44, 51, 53, 54]]
[[4,12,10,16,39,84],[16, 37, 42, 49, 17, 43, 50, 44, 51, 53, 54]]
[[4,12,19,24,24,57],[16, 37, 42, 49, 17, 43, 50, 52, 44, 53, 54]]
[[3,11,15,27,23,95],[16, 37, 42, 49, 17, 43, 52, 44, 51, 53, 54]]
[[3,11,15,27,38,71],[16, 37, 42, 49, 17, 50, 52, 44, 51, 53, 54]]
[[3,9,15,29,23,93],[16, 37, 49, 17, 43, 50, 52, 44, 51, 53, 54]]
[[3,13,9,21,13,97],[40, 16, 42, 49, 17, 38, 43, 50, 39, 44, 54]]
[[4,12,10,36,29,54],[40, 16, 42, 49, 17, 38, 43, 39, 44, 51, 53]]
[[4,10,10,46,19,46],[40, 16, 42, 49, 17, 38, 43, 52, 39, 44, 54]]
[[3,11,9,23,33,71],[40, 16, 42, 49, 17, 38, 43, 39, 44, 53, 54]]
[[4,12,7,24,24,105],[40, 16, 42, 17, 38, 43, 50, 39, 44, 51, 53]]
[[2,14,11,26,37,77],[40, 16, 42, 17, 38, 43, 50, 39, 44, 51, 54]]
[[4,10,13,22,59,43],[40, 16, 42, 17, 38, 43, 50, 52, 39, 44, 54]]
[[5,13,11,21,20,103],[40, 16, 42, 17, 38, 43, 52, 39, 44, 51, 53]]
[[4,16,10,20,34,70],[40, 16, 42, 17, 38, 43, 39, 44, 51, 53, 54]]
[[4,10,16,34,29,40],[40, 16, 42, 49, 17, 38, 43, 50, 39, 51, 53]]
[[4,14,13,22,19,95],[40, 16, 42, 49, 17, 38, 43, 50, 52, 39, 53]]
[[5,9,11,25,25,81],[40, 16, 42, 49, 17, 38, 43, 50, 39, 53, 54]]
[[4,10,13,18,54,61],[40, 16, 42, 49, 17, 38, 43, 39, 51, 53, 54]]
[[4,10,10,18,34,100],[40, 16, 42, 49, 17, 38, 43, 52, 39, 53, 54]]
[[5,7,17,27,30,49],[40, 16, 42, 17, 38, 43, 50, 52, 39, 51, 53]]
[[4,16,4,28,39,52],[40, 16, 42, 17, 38, 43, 50, 39, 51, 53, 54]]
[[4,12,19,24,24,57],[40, 16, 42, 17, 38, 43, 50, 52, 39, 53, 54]]
[[3,13,18,17,48,64],[40, 16, 42, 17, 38, 43, 52, 39, 51, 53, 54]]
[[4,12,13,24,34,69],[40, 16, 42, 49, 17, 38, 50, 39, 44, 51, 53]]
[[2,6,2,14,37,60],[40, 16, 42, 49, 17, 38, 50, 39, 44, 51, 54]]
[[6,12,12,32,6,66],[40, 16, 42, 49, 17, 38, 50, 52, 39, 44, 53]]
[[3,11,18,27,38,50],[40, 16, 42, 49, 17, 38, 50, 39, 44, 53, 54]]
[[5,13,14,21,15,106],[40, 16, 42, 49, 17, 38, 52, 39, 44, 51, 53]]
[[2,14,8,34,42,62],[40, 16, 42, 49, 17, 38, 52, 39, 44, 53, 54]]
[[5,11,8,23,20,98],[40, 16, 42, 17, 38, 50, 52, 39, 44, 51, 53]]
[[4,12,10,36,29,54],[40, 16, 42, 17, 38, 50, 39, 44, 51, 53, 54]]
[[2,8,11,24,27,89],[40, 16, 42, 17, 38, 50, 52, 39, 44, 53, 54]]
[[5,11,14,19,40,74],[40, 16, 42, 49, 17, 38, 50, 52, 39, 51, 53]]
[[5,13,11,33,15,55],[40, 16, 42, 49, 17, 38, 50, 52, 39, 51, 54]]
[[4,12,10,24,19,102],[40, 16, 42, 49, 17, 38, 50, 52, 39, 53, 54]]
[[2,10,11,14,62,103],[40, 16, 49, 17, 38, 43, 50, 39, 44, 51, 54]]
[[3,7,15,23,38,73],[40, 16, 49, 17, 38, 43, 50, 39, 44, 53, 54]]
[[3,7,15,31,23,91],[40, 16, 49, 17, 38, 43, 52, 39, 44, 51, 54]]
[[4,12,13,28,29,69],[40, 16, 49, 17, 38, 43, 39, 44, 51, 53, 54]]
[[2,14,11,22,37,95],[40, 16, 49, 17, 38, 43, 52, 39, 44, 53, 54]]
[[3,5,6,21,43,92],[40, 16, 17, 38, 43, 50, 52, 39, 44, 51, 54]]
[[2,8,5,36,22,53],[40, 16, 17, 38, 43, 50, 52, 39, 44, 53, 54]]
[[3,13,6,25,48,88],[40, 16, 17, 38, 43, 52, 39, 44, 51, 53, 54]]
[[5,11,14,31,15,56],[40, 16, 49, 17, 38, 43, 50, 52, 39, 51, 53]]
[[4,12,13,24,34,81],[40, 16, 49, 17, 38, 43, 50, 39, 51, 53, 54]]
[[3,9,12,37,28,90],[40, 16, 49, 17, 38, 43, 52, 39, 51, 53, 54]]
[[3,13,9,37,38,49],[40, 16, 17, 38, 43, 50, 52, 39, 51, 53, 54]]
[[5,15,8,27,25,66],[40, 16, 49, 17, 38, 50, 52, 39, 44, 51, 53]]
[[4,8,16,24,34,74],[40, 16, 49, 17, 38, 50, 39, 44, 51, 53, 54]]
[[2,12,14,32,12,72],[40, 16, 49, 17, 38, 50, 52, 39, 44, 53, 54]]
[[3,15,6,31,48,60],[40, 16, 17, 38, 50, 52, 39, 44, 51, 53, 54]]
[[3,11,9,27,28,77],[40, 16, 49, 17, 38, 50, 52, 39, 51, 53, 54]]
[[3,11,6,31,28,62],[16, 42, 49, 17, 38, 43, 50, 39, 44, 51, 53]]
[[3,9,21,17,28,69],[16, 42, 49, 17, 38, 43, 50, 39, 44, 51, 54]]
[[5,11,17,15,25,95],[16, 42, 49, 17, 38, 43, 50, 52, 39, 44, 53]]
[[4,10,10,30,44,94],[16, 42, 49, 17, 38, 43, 52, 39, 44, 51, 53]]
[[4,8,10,24,19,80],[16, 42, 49, 17, 38, 43, 52, 39, 44, 51, 54]]
[[5,11,14,31,20,68],[16, 42, 49, 17, 38, 43, 39, 44, 51, 53, 54]]
[[4,4,10,28,29,64],[16, 42, 17, 38, 43, 50, 52, 39, 44, 51, 53]]
[[4,14,4,34,44,56],[16, 42, 17, 38, 43, 50, 52, 39, 44, 51, 54]]
[[5,13,8,29,40,64],[16, 42, 17, 38, 43, 50, 39, 44, 51, 53, 54]]
[[4,14,10,30,29,62],[16, 42, 17, 38, 43, 52, 39, 44, 51, 53, 54]]
[[3,5,6,29,28,80],[16, 42, 49, 17, 38, 43, 50, 39, 51, 53, 54]]
[[3,11,9,23,43,71],[16, 42, 49, 17, 38, 43, 50, 52, 39, 53, 54]]
[[2,12,2,28,47,66],[16, 42, 17, 38, 43, 50, 52, 39, 51, 53, 54]]
[[4,4,10,32,29,70],[16, 42, 49, 17, 38, 50, 52, 39, 44, 51, 53]]
[[5,11,8,27,25,80],[16, 42, 49, 17, 38, 50, 39, 44, 51, 53, 54]]
[[3,9,21,25,18,87],[16, 42, 49, 17, 38, 50, 52, 39, 44, 53, 54]]
[[4,12,13,20,44,81],[16, 42, 17, 38, 50, 52, 39, 44, 51, 53, 54]]
[[2,14,11,34,42,47],[16, 42, 49, 17, 38, 50, 52, 39, 51, 53, 54]]
[[4,10,13,30,29,79],[16, 49, 17, 38, 43, 50, 52, 39, 44, 51, 53]]
[[4,12,13,20,49,69],[16, 49, 17, 38, 43, 50, 52, 39, 44, 51, 54]]
[[3,7,6,31,38,76],[16, 49, 17, 38, 43, 50, 52, 39, 44, 53, 54]]
[[2,10,14,30,42,76],[16, 49, 17, 38, 43, 50, 52, 39, 51, 53, 54]]
[[4,14,13,26,14,83],[16, 49, 17, 38, 50, 52, 39, 44, 51, 53, 54]]
[[5,11,11,31,20,77],[40, 16, 42, 49, 17, 38, 43, 50, 44, 51, 53]]
[[3,9,12,33,38,78],[40, 16, 42, 49, 17, 38, 43, 50, 44, 51, 54]]
[[5,17,8,25,20,50],[40, 16, 42, 49, 17, 38, 43, 50, 52, 44, 53]]
[[4,10,7,30,44,79],[40, 16, 42, 49, 17, 38, 43, 50, 44, 53, 54]]
[[3,11,12,23,48,92],[40, 16, 42, 49, 17, 38, 43, 44, 51, 53, 54]]
[[3,9,9,37,23,57],[40, 16, 42, 49, 17, 38, 43, 52, 44, 53, 54]]
[[6,12,12,20,36,48],[40, 16, 42, 17, 38, 43, 50, 52, 44, 51, 53]]
[[3,7,18,23,33,82],[40, 16, 42, 17, 38, 43, 50, 44, 51, 53, 54]]
[[3,9,15,29,23,93],[40, 16, 42, 17, 38, 43, 50, 52, 44, 53, 54]]
[[2,6,8,26,27,78],[40, 16, 42, 17, 38, 43, 52, 44, 51, 53, 54]]
[[4,12,13,24,44,81],[40, 16, 42, 49, 17, 38, 43, 50, 52, 51, 54]]
[[3,7,6,27,38,94],[40, 16, 42, 49, 17, 38, 43, 50, 52, 53, 54]]
[[6,12,15,24,11,75],[40, 16, 42, 49, 17, 38, 50, 52, 44, 51, 53]]
[[4,10,22,26,24,52],[40, 16, 42, 49, 17, 38, 50, 52, 44, 51, 54]]
[[3,9,15,29,43,69],[40, 16, 42, 49, 17, 38, 50, 44, 51, 53, 54]]
[[3,9,6,37,28,54],[40, 16, 42, 49, 17, 38, 50, 52, 44, 53, 54]]
[[2,16,8,28,47,64],[40, 16, 42, 49, 17, 38, 52, 44, 51, 53, 54]]
[[2,14,2,22,52,74],[40, 16, 42, 17, 38, 50, 52, 44, 51, 53, 54]]
[[4,12,13,24,44,57],[40, 16, 42, 49, 17, 38, 50, 52, 51, 53, 54]]
[[6,10,9,30,41,55],[40, 16, 49, 17, 38, 43, 50, 52, 44, 51, 53]]
[[3,13,18,25,18,76],[40, 16, 49, 17, 38, 43, 50, 44, 51, 53, 54]]
[[2,10,5,34,37,73],[40, 16, 17, 38, 43, 50, 52, 44, 51, 53, 54]]
[[4,16,10,24,34,64],[16, 42, 49, 17, 38, 43, 50, 44, 51, 53, 54]]
[[4,12,13,28,29,75],[16, 42, 49, 17, 38, 43, 50, 52, 44, 53, 54]]
[[3,15,9,27,33,75],[16, 42, 17, 38, 43, 50, 52, 44, 51, 53, 54]]
[[3,11,9,19,53,77],[16, 42, 49, 17, 38, 43, 50, 52, 51, 53, 54]]
[[3,13,6,29,43,76],[16, 42, 49, 17, 38, 50, 52, 44, 51, 53, 54]]
[[3,11,12,31,43,80],[16, 49, 17, 38, 43, 50, 52, 44, 51, 53, 54]]
[[4,10,13,26,49,61],[40, 16, 42, 49, 17, 43, 50, 39, 44, 51, 53]]
[[2,10,5,30,32,55],[40, 16, 42, 49, 17, 43, 50, 39, 44, 51, 54]]
[[3,13,12,29,33,82],[40, 16, 42, 49, 17, 43, 50, 39, 44, 53, 54]]
[[5,13,11,21,30,91],[40, 16, 42, 49, 17, 43, 52, 39, 44, 51, 53]]
[[4,6,7,22,14,63],[40, 16, 42, 49, 17, 43, 39, 44, 51, 53, 54]]
[[2,14,5,30,47,59],[40, 16, 42, 49, 17, 43, 52, 39, 44, 53, 54]]
[[2,10,8,34,37,82],[40, 16, 42, 17, 43, 50, 52, 39, 44, 53, 54]]
[[3,15,12,31,23,60],[40, 16, 42, 17, 43, 52, 39, 44, 51, 53, 54]]
[[4,8,16,20,39,98],[40, 16, 42, 49, 17, 43, 50, 39, 51, 53, 54]]
[[3,7,6,11,48,70],[40, 16, 42, 49, 17, 43, 52, 39, 51, 53, 54]]
[[3,13,9,21,43,85],[40, 16, 42, 17, 43, 50, 52, 39, 51, 53, 54]]
[[5,11,14,31,15,56],[40, 16, 42, 49, 17, 50, 52, 39, 44, 51, 53]]
[[4,6,16,26,24,60],[40, 16, 42, 49, 17, 50, 39, 44, 51, 53, 54]]
[[2,8,8,36,42,86],[40, 16, 42, 49, 17, 50, 52, 39, 44, 53, 54]]
[[3,11,6,27,23,56],[40, 16, 42, 49, 17, 52, 39, 44, 51, 53, 54]]
[[3,13,9,37,38,49],[40, 16, 42, 17, 50, 52, 39, 44, 51, 53, 54]]
[[4,8,13,24,49,77],[40, 16, 49, 17, 43, 50, 39, 44, 51, 53, 54]]
[[2,8,2,28,27,62],[40, 16, 49, 17, 43, 50, 52, 39, 44, 53, 54]]
[[3,11,18,19,48,68],[40, 16, 17, 43, 50, 52, 39, 44, 51, 53, 54]]
[[3,7,6,27,23,76],[40, 16, 49, 17, 43, 50, 52, 39, 51, 53, 54]]
[[3,7,9,23,43,79],[40, 16, 49, 17, 50, 52, 39, 44, 51, 53, 54]]
[[4,12,13,24,39,69],[16, 42, 49, 17, 43, 52, 39, 44, 51, 53, 54]]
[[2,8,2,44,37,38],[16, 42, 49, 17, 43, 50, 52, 39, 51, 53, 54]]
[[4,10,7,22,44,91],[16, 42, 49, 17, 50, 52, 39, 44, 51, 53, 54]]
[[6,12,12,20,31,72],[40, 16, 42, 49, 17, 43, 50, 52, 44, 51, 53]]
[[3,17,9,25,23,59],[40, 16, 42, 49, 17, 43, 50, 44, 51, 53, 54]]
[[2,10,14,38,47,58],[40, 16, 42, 49, 17, 43, 52, 44, 51, 53, 54]]
[[2,10,8,30,52,76],[40, 16, 42, 17, 43, 50, 52, 44, 51, 53, 54]]
[[2,10,5,42,47,49],[40, 16, 42, 49, 17, 50, 52, 44, 51, 53, 54]]
[[2,14,11,30,22,65],[40, 16, 49, 17, 43, 50, 52, 44, 51, 53, 54]]
[[3,13,12,33,23,70],[16, 42, 49, 17, 43, 50, 52, 44, 51, 53, 54]]
[[3,13,9,21,33,73],[34, 35, 40, 37, 42, 17, 38, 43, 18, 39, 53]]
[[3,5,6,17,38,92],[34, 35, 40, 37, 42, 17, 38, 43, 18, 39, 54]]
[[3,11,15,23,53,59],[34, 35, 40, 37, 42, 17, 38, 18, 39, 44, 54]]
[[3,7,9,39,23,55],[34, 35, 40, 37, 42, 49, 17, 38, 18, 39, 53]]
[[3,7,9,19,23,79],[34, 35, 40, 37, 42, 17, 38, 52, 18, 39, 51]]
[[4,10,7,22,64,79],[34, 35, 40, 37, 42, 17, 38, 18, 39, 51, 54]]
[[4,12,7,36,19,57],[34, 35, 40, 37, 42, 17, 38, 52, 18, 39, 53]]
[[5,11,11,27,20,89],[34, 35, 40, 37, 42, 17, 38, 18, 39, 53, 54]]
[[5,15,8,19,30,90],[34, 35, 40, 37, 17, 38, 43, 18, 39, 44, 53]]
[[3,3,15,35,53,69],[34, 35, 40, 37, 49, 17, 38, 43, 18, 39, 53]]
[[3,13,9,25,43,79],[34, 35, 40, 37, 17, 38, 43, 50, 18, 39, 53]]
[[3,9,12,17,58,96],[34, 35, 40, 37, 17, 38, 43, 50, 18, 39, 54]]
[[3,7,12,43,28,70],[34, 35, 40, 37, 17, 38, 43, 52, 18, 39, 51]]
[[4,10,19,10,29,85],[34, 35, 40, 37, 17, 38, 43, 18, 39, 51, 53]]
[[4,8,16,24,34,80],[34, 35, 40, 37, 17, 38, 43, 18, 39, 51, 54]]
[[4,16,7,20,39,79],[34, 35, 40, 37, 17, 38, 43, 52, 18, 39, 53]]
[[4,6,4,26,44,96],[34, 35, 40, 37, 49, 17, 38, 52, 18, 39, 44]]
[[3,9,3,41,33,63],[34, 35, 40, 37, 49, 17, 38, 18, 39, 44, 54]]
[[4,12,13,28,34,51],[34, 35, 40, 37, 17, 38, 50, 52, 18, 39, 44]]
[[4,10,19,18,14,103],[34, 35, 40, 37, 17, 38, 18, 39, 44, 51, 53]]
[[2,8,14,32,37,92],[34, 35, 40, 37, 17, 38, 18, 39, 44, 51, 54]]
[[3,9,18,21,33,66],[34, 35, 40, 37, 17, 38, 18, 39, 44, 53, 54]]
[[3,11,9,19,43,89],[34, 35, 40, 37, 49, 17, 38, 50, 18, 39, 53]]
[[3,7,3,31,33,109],[34, 35, 40, 37, 49, 17, 38, 50, 18, 39, 54]]
[[4,6,13,22,29,87],[34, 35, 40, 37, 49, 17, 38, 18, 39, 51, 53]]
[[4,10,10,30,44,94],[34, 35, 40, 37, 49, 17, 38, 52, 18, 39, 53]]
[[5,9,5,29,35,75],[34, 35, 40, 37, 49, 17, 38, 18, 39, 53, 54]]
[[3,9,6,29,38,114],[34, 35, 40, 37, 17, 38, 50, 52, 18, 39, 51]]
[[4,6,7,26,14,45],[34, 35, 40, 37, 17, 38, 50, 18, 39, 51, 53]]
[[5,13,5,29,40,67],[34, 35, 40, 37, 17, 38, 52, 18, 39, 51, 53]]
[[4,6,16,30,39,72],[34, 35, 40, 37, 17, 38, 18, 39, 51, 53, 54]]
[[4,10,7,26,34,79],[34, 35, 40, 37, 17, 38, 52, 18, 39, 53, 54]]
[[4,10,13,34,34,67],[34, 35, 37, 42, 17, 38, 43, 18, 39, 44, 53]]
[[2,12,11,24,47,93],[34, 35, 37, 42, 49, 17, 38, 43, 18, 39, 54]]
[[3,11,15,35,33,59],[34, 35, 37, 42, 17, 38, 43, 52, 18, 39, 54]]
[[3,15,6,31,48,60],[34, 35, 37, 42, 49, 17, 38, 52, 18, 39, 44]]
[[4,12,7,28,39,87],[34, 35, 37, 42, 49, 17, 38, 18, 39, 44, 54]]
[[3,13,6,29,43,76],[34, 35, 37, 42, 17, 38, 50, 52, 18, 39, 44]]
[[4,14,13,22,34,59],[34, 35, 37, 42, 17, 38, 50, 18, 39, 44, 53]]
[[4,14,13,14,44,77],[34, 35, 37, 42, 17, 38, 50, 18, 39, 44, 54]]
[[5,17,11,17,25,53],[34, 35, 37, 42, 17, 38, 52, 18, 39, 44, 54]]
[[4,12,7,24,29,81],[34, 35, 37, 42, 49, 17, 38, 50, 18, 39, 53]]
[[2,4,8,32,62,52],[34, 35, 37, 42, 49, 17, 38, 50, 18, 39, 54]]
[[3,9,3,29,33,57],[34, 35, 37, 42, 49, 17, 38, 18, 39, 51, 54]]
[[5,13,11,17,25,103],[34, 35, 37, 42, 49, 17, 38, 52, 18, 39, 53]]
[[4,10,10,34,34,64],[34, 35, 37, 42, 49, 17, 38, 18, 39, 53, 54]]
[[4,8,4,32,44,92],[34, 35, 37, 42, 17, 38, 50, 52, 18, 39, 51]]
[[5,11,11,27,25,95],[34, 35, 37, 42, 17, 38, 50, 18, 39, 51, 53]]
[[3,9,15,25,23,81],[34, 35, 37, 42, 17, 38, 50, 18, 39, 51, 54]]
[[4,10,13,26,29,97],[34, 35, 37, 42, 17, 38, 50, 18, 39, 53, 54]]
[[3,11,9,31,43,83],[34, 35, 37, 42, 17, 38, 18, 39, 51, 53, 54]]
[[3,9,9,29,28,99],[34, 35, 37, 42, 17, 38, 52, 18, 39, 53, 54]]
[[4,10,13,22,44,61],[34, 35, 37, 49, 17, 38, 43, 18, 39, 44, 53]]
[[3,13,12,21,33,70],[34, 35, 37, 17, 38, 43, 50, 52, 18, 39, 44]]
[[3,13,6,21,23,94],[34, 35, 37, 17, 38, 43, 18, 39, 44, 51, 53]]
[[3,11,9,23,38,77],[34, 35, 37, 17, 38, 43, 18, 39, 44, 51, 54]]
[[4,8,7,16,59,59],[34, 35, 37, 17, 38, 43, 18, 39, 44, 53, 54]]
[[4,10,10,26,34,88],[34, 35, 37, 49, 17, 38, 43, 50, 18, 39, 53]]
[[2,6,2,18,27,96],[34, 35, 37, 49, 17, 38, 43, 50, 18, 39, 54]]
[[3,11,9,19,38,77],[34, 35, 37, 49, 17, 38, 43, 52, 18, 39, 54]]
[[4,10,13,22,34,67],[34, 35, 37, 49, 17, 38, 43, 18, 39, 53, 54]]
[[4,10,13,30,44,73],[34, 35, 37, 17, 38, 43, 50, 52, 18, 39, 51]]
[[3,5,9,25,38,65],[34, 35, 37, 17, 38, 43, 50, 18, 39, 51, 54]]
[[4,10,10,42,19,52],[34, 35, 37, 17, 38, 43, 50, 18, 39, 53, 54]]
[[4,10,7,22,29,79],[34, 35, 37, 17, 38, 43, 52, 18, 39, 51, 54]]
[[3,9,12,33,28,60],[34, 35, 37, 17, 38, 43, 52, 18, 39, 53, 54]]
[[3,5,12,29,28,80],[34, 35, 37, 49, 17, 38, 50, 52, 18, 39, 44]]
[[4,10,13,22,34,91],[34, 35, 37, 49, 17, 38, 50, 18, 39, 44, 53]]
[[3,9,6,33,13,54],[34, 35, 37, 49, 17, 38, 18, 39, 44, 51, 53]]
[[3,11,12,19,53,92],[34, 35, 37, 49, 17, 38, 18, 39, 44, 51, 54]]
[[5,9,8,25,45,54],[34, 35, 37, 49, 17, 38, 52, 18, 39, 44, 54]]
[[3,5,12,21,43,68],[34, 35, 37, 17, 38, 50, 18, 39, 44, 51, 53]]
[[3,7,12,27,43,58],[34, 35, 37, 17, 38, 50, 18, 39, 44, 51, 54]]
[[5,13,11,21,15,109],[34, 35, 37, 17, 38, 50, 52, 18, 39, 44, 53]]
[[4,4,10,28,29,64],[34, 35, 37, 17, 38, 52, 18, 39, 44, 51, 53]]
[[4,6,7,26,54,69],[34, 35, 37, 17, 38, 52, 18, 39, 44, 51, 54]]
[[5,11,17,27,15,77],[34, 35, 37, 49, 17, 38, 50, 18, 39, 51, 53]]
[[5,13,14,21,15,106],[34, 35, 37, 49, 17, 38, 50, 52, 18, 39, 53]]
[[6,12,9,28,26,63],[34, 35, 37, 49, 17, 38, 52, 18, 39, 51, 53]]
[[3,15,9,27,28,69],[34, 35, 37, 49, 17, 38, 18, 39, 51, 53, 54]]
[[3,9,6,41,38,60],[34, 35, 37, 49, 17, 38, 52, 18, 39, 53, 54]]
[[3,13,12,21,33,76],[34, 35, 37, 17, 38, 50, 18, 39, 51, 53, 54]]
[[2,12,2,36,47,36],[34, 35, 37, 17, 38, 52, 18, 39, 51, 53, 54]]
[[5,11,20,15,30,68],[34, 35, 40, 37, 42, 17, 38, 43, 52, 18, 44]]
[[2,8,5,28,47,71],[34, 35, 40, 37, 42, 17, 38, 43, 18, 44, 54]]
[[4,18,4,22,39,60],[34, 35, 40, 37, 42, 49, 17, 38, 43, 18, 53]]
[[4,14,10,18,29,92],[34, 35, 40, 37, 42, 17, 38, 43, 50, 18, 53]]
[[3,9,9,29,43,69],[34, 35, 40, 37, 42, 17, 38, 43, 18, 51, 54]]
[[5,13,11,33,20,55],[34, 35, 40, 37, 42, 17, 38, 43, 52, 18, 53]]
[[4,14,4,26,39,74],[34, 35, 40, 37, 42, 17, 38, 43, 18, 53, 54]]
[[4,14,4,34,24,44],[34, 35, 40, 37, 42, 49, 17, 38, 18, 44, 53]]
[[5,11,14,23,20,98],[34, 35, 40, 37, 42, 17, 38, 50, 52, 18, 44]]
[[4,14,7,22,24,95],[34, 35, 40, 37, 42, 17, 38, 50, 18, 44, 53]]
[[2,6,5,26,27,75],[34, 35, 40, 37, 42, 17, 38, 50, 18, 44, 54]]
[[3,11,9,27,28,77],[34, 35, 40, 37, 42, 17, 38, 18, 44, 51, 54]]
[[5,15,5,27,25,69],[34, 35, 40, 37, 42, 17, 38, 52, 18, 44, 53]]
[[4,12,10,16,49,66],[34, 35, 40, 37, 42, 17, 38, 18, 44, 53, 54]]
[[4,12,7,36,29,69],[34, 35, 40, 37, 42, 49, 17, 38, 50, 18, 53]]
[[3,11,3,19,38,77],[34, 35, 40, 37, 42, 49, 17, 38, 18, 51, 53]]
[[5,11,11,27,25,83],[34, 35, 40, 37, 42, 49, 17, 38, 52, 18, 54]]
[[4,8,19,24,29,89],[34, 35, 40, 37, 42, 17, 38, 50, 52, 18, 51]]
[[3,5,12,45,38,68],[34, 35, 40, 37, 42, 17, 38, 50, 18, 51, 53]]
[[3,7,12,23,38,100],[34, 35, 40, 37, 42, 17, 38, 50, 18, 51, 54]]
[[5,9,14,25,40,60],[34, 35, 40, 37, 42, 17, 38, 50, 52, 18, 53]]
[[4,8,13,40,29,65],[34, 35, 40, 37, 42, 17, 38, 52, 18, 51, 53]]
[[5,15,11,23,30,57],[34, 35, 40, 37, 49, 17, 38, 43, 52, 18, 44]]
[[2,12,8,24,7,66],[34, 35, 40, 37, 17, 38, 43, 50, 18, 44, 54]]
[[5,13,8,29,50,46],[34, 35, 40, 37, 17, 38, 43, 18, 44, 51, 53]]
[[3,15,6,27,33,72],[34, 35, 40, 37, 17, 38, 43, 18, 44, 51, 54]]
[[3,13,12,17,43,82],[34, 35, 40, 37, 17, 38, 43, 52, 18, 44, 54]]
[[4,12,13,20,49,63],[34, 35, 40, 37, 17, 38, 43, 18, 44, 53, 54]]
[[4,10,7,34,39,91],[34, 35, 40, 37, 49, 17, 38, 43, 50, 18, 54]]
[[3,11,12,35,33,56],[34, 35, 40, 37, 49, 17, 38, 43, 18, 51, 53]]
[[5,13,11,21,20,103],[34, 35, 40, 37, 49, 17, 38, 43, 52, 18, 53]]
[[4,6,16,30,39,48],[34, 35, 40, 37, 49, 17, 38, 43, 18, 53, 54]]
[[3,13,12,33,28,70],[34, 35, 40, 37, 17, 38, 43, 50, 18, 51, 53]]
[[4,8,10,20,19,50],[34, 35, 40, 37, 17, 38, 43, 50, 18, 53, 54]]
[[4,4,7,24,54,73],[34, 35, 40, 37, 17, 38, 43, 52, 18, 51, 53]]
[[5,15,11,23,25,57],[34, 35, 40, 37, 17, 38, 43, 18, 51, 53, 54]]
[[3,9,12,29,38,96],[34, 35, 40, 37, 17, 38, 43, 52, 18, 53, 54]]
[[4,14,4,30,39,74],[34, 35, 40, 37, 49, 17, 38, 50, 18, 44, 53]]
[[2,10,8,18,57,106],[34, 35, 40, 37, 49, 17, 38, 50, 18, 44, 54]]
[[5,9,5,29,65,57],[34, 35, 40, 37, 49, 17, 38, 18, 44, 51, 53]]
[[3,7,3,23,38,121],[34, 35, 40, 37, 49, 17, 38, 18, 44, 51, 54]]
[[5,11,11,35,25,59],[34, 35, 40, 37, 49, 17, 38, 52, 18, 44, 53]]
[[4,8,10,28,24,68],[34, 35, 40, 37, 49, 17, 38, 18, 44, 53, 54]]
[[6,12,9,28,41,39],[34, 35, 40, 37, 17, 38, 52, 18, 44, 51, 53]]
[[3,7,24,19,18,82],[34, 35, 40, 37, 17, 38, 18, 44, 51, 53, 54]]
[[3,13,12,21,43,76],[34, 35, 40, 37, 17, 38, 52, 18, 44, 53, 54]]
[[4,16,10,24,19,76],[34, 35, 40, 37, 49, 17, 38, 50, 52, 18, 51]]
[[3,7,9,35,38,79],[34, 35, 40, 37, 49, 17, 38, 50, 18, 51, 54]]
[[5,13,11,33,20,67],[34, 35, 40, 37, 49, 17, 38, 50, 52, 18, 53]]
[[4,10,13,22,59,43],[34, 35, 40, 37, 49, 17, 38, 52, 18, 51, 54]]
[[3,9,3,25,43,105],[34, 35, 40, 37, 49, 17, 38, 52, 18, 53, 54]]
[[4,12,13,32,14,69],[34, 35, 40, 37, 17, 38, 50, 52, 18, 51, 53]]
[[4,14,7,22,29,77],[34, 35, 40, 37, 17, 38, 50, 52, 18, 51, 54]]
[[3,9,9,25,23,93],[34, 35, 40, 37, 17, 38, 50, 52, 18, 53, 54]]
[[3,11,6,35,28,62],[34, 35, 37, 42, 49, 17, 38, 43, 18, 44, 53]]
[[3,7,3,23,33,103],[34, 35, 37, 42, 49, 17, 38, 43, 18, 44, 54]]
[[4,12,16,24,14,96],[34, 35, 37, 42, 17, 38, 43, 50, 52, 18, 44]]
[[3,11,9,35,28,89],[34, 35, 37, 42, 17, 38, 43, 50, 18, 44, 53]]
[[3,11,18,23,3,98],[34, 35, 37, 42, 17, 38, 43, 50, 18, 44, 54]]
[[4,8,10,28,44,68],[34, 35, 37, 42, 17, 38, 43, 18, 44, 51, 53]]
[[4,14,7,30,29,71],[34, 35, 37, 42, 17, 38, 43, 52, 18, 44, 53]]
[[4,10,16,14,24,94],[34, 35, 37, 42, 17, 38, 43, 52, 18, 44, 54]]
[[5,11,17,11,40,77],[34, 35, 37, 42, 49, 17, 38, 43, 50, 18, 53]]
[[3,11,15,23,33,71],[34, 35, 37, 42, 49, 17, 38, 43, 50, 18, 54]]
[[5,11,17,19,35,59],[34, 35, 37, 42, 49, 17, 38, 43, 52, 18, 51]]
[[4,8,16,16,14,104],[34, 35, 37, 42, 49, 17, 38, 43, 18, 51, 53]]
[[2,6,11,22,32,75],[34, 35, 37, 42, 49, 17, 38, 43, 18, 51, 54]]
[[6,12,15,20,26,51],[34, 35, 37, 42, 49, 17, 38, 43, 52, 18, 53]]
[[3,3,9,19,43,57],[34, 35, 37, 42, 49, 17, 38, 43, 18, 53, 54]]
[[5,9,5,33,55,69],[34, 35, 37, 42, 17, 38, 43, 50, 52, 18, 51]]
[[4,6,7,18,49,117],[34, 35, 37, 42, 17, 38, 43, 50, 18, 51, 53]]
[[2,8,8,16,32,92],[34, 35, 37, 42, 17, 38, 43, 50, 18, 51, 54]]
[[6,10,9,26,21,85],[34, 35, 37, 42, 17, 38, 43, 50, 52, 18, 53]]
[[5,11,11,31,25,83],[34, 35, 37, 42, 17, 38, 43, 52, 18, 51, 53]]
[[2,12,17,24,42,75],[34, 35, 37, 42, 17, 38, 43, 52, 18, 53, 54]]
[[4,8,22,16,24,98],[34, 35, 37, 42, 49, 17, 38, 50, 52, 18, 44]]
[[3,9,15,25,28,105],[34, 35, 37, 42, 49, 17, 38, 50, 18, 44, 53]]
[[3,13,12,25,48,76],[34, 35, 37, 42, 49, 17, 38, 50, 18, 44, 54]]
[[4,12,13,28,34,75],[34, 35, 37, 42, 49, 17, 38, 52, 18, 44, 53]]
[[4,10,7,26,24,73],[34, 35, 37, 42, 17, 38, 50, 18, 44, 51, 53]]
[[4,6,13,46,24,57],[34, 35, 37, 42, 17, 38, 50, 52, 18, 44, 53]]
[[5,9,20,13,35,84],[34, 35, 37, 42, 17, 38, 50, 18, 44, 53, 54]]
[[4,14,10,22,34,86],[34, 35, 37, 42, 17, 38, 18, 44, 51, 53, 54]]
[[4,10,7,22,44,91],[34, 35, 37, 42, 17, 38, 52, 18, 44, 53, 54]]
[[5,11,8,31,40,62],[34, 35, 37, 42, 49, 17, 38, 50, 52, 18, 51]]
[[4,6,10,38,14,54],[34, 35, 37, 42, 49, 17, 38, 50, 18, 51, 53]]
[[2,8,5,24,37,59],[34, 35, 37, 42, 49, 17, 38, 50, 18, 51, 54]]
[[3,5,6,25,18,68],[34, 35, 37, 42, 49, 17, 38, 50, 18, 53, 54]]
[[4,6,7,26,24,87],[34, 35, 37, 42, 49, 17, 38, 18, 51, 53, 54]]
[[2,8,17,24,42,53],[34, 35, 37, 42, 49, 17, 38, 52, 18, 53, 54]]
[[3,9,6,33,33,96],[34, 35, 37, 42, 17, 38, 50, 52, 18, 51, 54]]
[[4,14,13,22,29,65],[34, 35, 37, 42, 17, 38, 50, 18, 51, 53, 54]]
[[2,8,17,28,47,65],[34, 35, 37, 42, 17, 38, 50, 52, 18, 53, 54]]
[[3,13,12,25,23,76],[34, 35, 37, 42, 17, 38, 52, 18, 51, 53, 54]]
[[3,9,9,21,48,105],[34, 35, 37, 49, 17, 38, 43, 50, 18, 44, 54]]
[[4,10,7,22,34,73],[34, 35, 37, 49, 17, 38, 43, 18, 44, 51, 53]]
[[4,12,7,20,19,99],[34, 35, 37, 49, 17, 38, 43, 52, 18, 44, 53]]
[[4,8,4,20,69,80],[34, 35, 37, 49, 17, 38, 43, 52, 18, 44, 54]]
[[4,10,13,14,44,37],[34, 35, 37, 17, 38, 43, 50, 18, 44, 51, 54]]
[[4,10,10,30,34,88],[34, 35, 37, 17, 38, 43, 50, 52, 18, 44, 54]]
[[5,7,8,31,45,94],[34, 35, 37, 17, 38, 43, 52, 18, 44, 51, 53]]
[[5,13,14,29,15,52],[34, 35, 37, 17, 38, 43, 52, 18, 44, 51, 54]]
[[4,8,7,32,29,101],[34, 35, 37, 49, 17, 38, 43, 50, 18, 51, 53]]
[[2,6,5,26,47,81],[34, 35, 37, 49, 17, 38, 43, 50, 18, 51, 54]]
[[5,9,17,33,25,45],[34, 35, 37, 49, 17, 38, 43, 52, 18, 51, 53]]
[[4,6,10,34,19,60],[34, 35, 37, 49, 17, 38, 43, 18, 51, 53, 54]]
[[2,14,5,22,27,47],[34, 35, 37, 49, 17, 38, 43, 52, 18, 53, 54]]
[[5,13,11,21,20,103],[34, 35, 37, 17, 38, 43, 50, 52, 18, 51, 53]]
[[4,10,13,30,24,97],[34, 35, 37, 17, 38, 43, 50, 18, 51, 53, 54]]
[[2,6,8,26,27,78],[34, 35, 37, 17, 38, 43, 50, 52, 18, 53, 54]]
[[3,17,6,21,48,74],[34, 35, 37, 17, 38, 43, 52, 18, 51, 53, 54]]
[[4,12,10,28,29,72],[34, 35, 37, 49, 17, 38, 50, 18, 44, 51, 53]]
[[4,12,10,32,39,60],[34, 35, 37, 49, 17, 38, 50, 52, 18, 44, 53]]
[[5,7,5,27,55,61],[34, 35, 37, 49, 17, 38, 52, 18, 44, 51, 53]]
[[4,8,4,24,44,92],[34, 35, 37, 49, 17, 38, 18, 44, 51, 53, 54]]
[[4,12,4,36,34,66],[34, 35, 37, 49, 17, 38, 52, 18, 44, 53, 54]]
[[5,11,11,11,25,125],[34, 35, 37, 17, 38, 50, 52, 18, 44, 51, 53]]
[[4,12,10,24,49,78],[34, 35, 37, 17, 38, 50, 18, 44, 51, 53, 54]]
[[3,13,12,21,43,94],[34, 35, 37, 17, 38, 52, 18, 44, 51, 53, 54]]
[[3,3,6,27,43,60],[34, 35, 37, 49, 17, 38, 50, 52, 18, 51, 54]]
[[2,14,8,34,42,62],[34, 35, 37, 49, 17, 38, 50, 52, 18, 53, 54]]
[[4,10,10,30,34,82],[34, 35, 40, 37, 42, 17, 43, 52, 18, 39, 44]]
[[5,11,11,27,25,95],[34, 35, 40, 37, 42, 17, 43, 18, 39, 44, 53]]
[[3,5,9,25,28,41],[34, 35, 40, 37, 42, 17, 43, 18, 39, 44, 54]]
[[3,7,15,23,28,121],[34, 35, 40, 37, 42, 49, 17, 43, 18, 39, 53]]
[[3,13,15,33,28,55],[34, 35, 40, 37, 42, 49, 17, 43, 18, 39, 54]]
[[3,11,12,23,48,92],[34, 35, 40, 37, 42, 17, 43, 50, 18, 39, 53]]
[[3,9,12,21,48,84],[34, 35, 40, 37, 42, 17, 43, 52, 18, 39, 51]]
[[4,8,13,32,44,47],[34, 35, 40, 37, 42, 17, 43, 18, 39, 51, 53]]
[[4,16,13,16,34,67],[34, 35, 40, 37, 42, 17, 43, 18, 39, 51, 54]]
[[4,16,10,24,24,70],[34, 35, 40, 37, 42, 17, 43, 52, 18, 39, 53]]
[[4,12,7,36,29,69],[34, 35, 40, 37, 42, 49, 17, 52, 18, 39, 44]]
[[5,11,5,31,50,65],[34, 35, 40, 37, 42, 49, 17, 18, 39, 44, 53]]
[[3,13,6,33,28,40],[34, 35, 40, 37, 42, 49, 17, 18, 39, 44, 54]]
[[4,12,7,36,19,57],[34, 35, 40, 37, 42, 17, 50, 52, 18, 39, 44]]
[[2,14,14,22,32,86],[34, 35, 40, 37, 42, 17, 18, 39, 44, 51, 54]]
[[6,14,6,30,31,50],[34, 35, 40, 37, 42, 17, 52, 18, 39, 44, 53]]
[[3,13,9,33,33,55],[34, 35, 40, 37, 42, 17, 18, 39, 44, 53, 54]]
[[4,14,13,30,19,65],[34, 35, 40, 37, 42, 49, 17, 18, 39, 51, 53]]
[[4,10,10,18,44,64],[34, 35, 40, 37, 42, 49, 17, 18, 39, 51, 54]]
[[4,4,7,24,54,73],[34, 35, 40, 37, 42, 49, 17, 52, 18, 39, 53]]
[[5,13,5,33,25,67],[34, 35, 40, 37, 42, 49, 17, 18, 39, 53, 54]]
[[3,7,12,35,28,88],[34, 35, 40, 37, 42, 17, 50, 52, 18, 39, 51]]
[[4,8,13,20,54,59],[34, 35, 40, 37, 42, 17, 50, 18, 39, 51, 53]]
[[4,10,10,38,39,58],[34, 35, 40, 37, 42, 17, 50, 52, 18, 39, 53]]
[[5,13,11,17,25,103],[34, 35, 40, 37, 42, 17, 52, 18, 39, 51, 53]]
[[4,8,19,32,34,65],[34, 35, 40, 37, 42, 17, 18, 39, 51, 53, 54]]
[[4,10,7,26,54,73],[34, 35, 40, 37, 42, 17, 52, 18, 39, 53, 54]]
[[5,11,8,27,40,74],[34, 35, 40, 37, 49, 17, 43, 18, 39, 44, 53]]
[[4,12,7,28,29,93],[34, 35, 40, 37, 17, 43, 18, 39, 44, 51, 53]]
[[3,7,18,27,28,88],[34, 35, 40, 37, 49, 17, 43, 50, 18, 39, 53]]
[[3,9,6,13,18,78],[34, 35, 40, 37, 49, 17, 43, 50, 18, 39, 54]]
[[3,9,6,33,43,78],[34, 35, 40, 37, 49, 17, 43, 52, 18, 39, 51]]
[[4,12,10,20,49,78],[34, 35, 40, 37, 49, 17, 43, 18, 39, 51, 53]]
[[3,7,18,19,23,82],[34, 35, 40, 37, 17, 43, 50, 52, 18, 39, 51]]
[[4,10,13,26,24,91],[34, 35, 40, 37, 17, 43, 50, 18, 39, 51, 53]]
[[4,10,13,18,34,103],[34, 35, 40, 37, 17, 43, 50, 18, 39, 51, 54]]
[[4,14,7,26,24,71],[34, 35, 40, 37, 17, 43, 50, 52, 18, 39, 53]]
[[5,9,11,25,45,57],[34, 35, 40, 37, 17, 43, 50, 18, 39, 53, 54]]
[[5,11,17,19,35,77],[34, 35, 40, 37, 17, 43, 52, 18, 39, 51, 53]]
[[4,12,4,20,54,78],[34, 35, 40, 37, 49, 17, 50, 52, 18, 39, 44]]
[[3,13,9,21,18,85],[34, 35, 40, 37, 49, 17, 50, 18, 39, 44, 54]]
[[4,14,7,26,29,77],[34, 35, 40, 37, 49, 17, 18, 39, 44, 51, 53]]
[[2,8,14,32,17,80],[34, 35, 40, 37, 17, 50, 18, 39, 44, 51, 54]]
[[5,11,11,31,35,53],[34, 35, 40, 37, 17, 52, 18, 39, 44, 51, 53]]
[[4,12,10,24,24,78],[34, 35, 40, 37, 17, 18, 39, 44, 51, 53, 54]]
[[2,8,17,24,42,53],[34, 35, 40, 37, 17, 52, 18, 39, 44, 53, 54]]
[[3,7,9,23,38,91],[34, 35, 40, 37, 49, 17, 50, 52, 18, 39, 51]]
[[4,12,13,12,39,63],[34, 35, 40, 37, 49, 17, 50, 18, 39, 51, 53]]
[[4,10,13,22,39,85],[34, 35, 40, 37, 49, 17, 50, 52, 18, 39, 53]]
[[4,8,7,24,59,89],[34, 35, 40, 37, 49, 17, 50, 52, 18, 39, 54]]
[[5,15,14,19,10,84],[34, 35, 40, 37, 49, 17, 50, 18, 39, 53, 54]]
[[4,12,13,20,49,63],[34, 35, 40, 37, 49, 17, 18, 39, 51, 53, 54]]
[[4,14,13,30,24,47],[34, 35, 40, 37, 49, 17, 52, 18, 39, 53, 54]]
[[5,9,14,21,45,66],[34, 35, 40, 37, 17, 50, 52, 18, 39, 51, 53]]
[[4,12,10,28,39,72],[34, 35, 40, 37, 17, 50, 18, 39, 51, 53, 54]]
[[4,14,10,22,44,74],[34, 35, 40, 37, 17, 50, 52, 18, 39, 53, 54]]
[[3,11,12,27,43,50],[34, 35, 40, 37, 17, 52, 18, 39, 51, 53, 54]]
[[3,5,6,45,28,74],[34, 35, 37, 42, 49, 17, 43, 52, 18, 39, 44]]
[[4,8,13,24,64,53],[34, 35, 37, 42, 49, 17, 43, 18, 39, 44, 53]]
[[4,10,13,30,39,79],[34, 35, 37, 42, 49, 17, 43, 18, 39, 44, 54]]
[[3,9,21,29,13,105],[34, 35, 37, 42, 17, 43, 50, 52, 18, 39, 44]]
[[4,10,13,22,39,91],[34, 35, 37, 42, 17, 43, 50, 18, 39, 44, 54]]
[[3,13,12,21,28,88],[34, 35, 37, 42, 17, 43, 18, 39, 44, 51, 53]]
[[5,9,14,21,45,84],[34, 35, 37, 42, 17, 43, 52, 18, 39, 44, 53]]
[[5,11,8,35,45,56],[34, 35, 37, 42, 17, 43, 52, 18, 39, 44, 54]]
[[4,16,7,28,29,49],[34, 35, 37, 42, 17, 43, 18, 39, 44, 53, 54]]
[[2,8,14,24,22,92],[34, 35, 37, 42, 49, 17, 43, 50, 18, 39, 54]]
[[4,10,10,38,29,70],[34, 35, 37, 42, 49, 17, 43, 52, 18, 39, 51]]
[[5,11,14,19,35,62],[34, 35, 37, 42, 49, 17, 43, 18, 39, 51, 53]]
[[3,7,18,23,28,118],[34, 35, 37, 42, 49, 17, 43, 18, 39, 51, 54]]
[[4,10,13,22,19,109],[34, 35, 37, 42, 49, 17, 43, 18, 39, 53, 54]]
[[4,12,10,28,29,90],[34, 35, 37, 42, 17, 43, 50, 52, 18, 39, 51]]
[[3,9,15,21,13,99],[34, 35, 37, 42, 17, 43, 50, 18, 39, 51, 54]]
[[6,12,15,24,11,75],[34, 35, 37, 42, 17, 43, 52, 18, 39, 51, 53]]
[[3,11,6,31,28,62],[34, 35, 37, 42, 17, 43, 18, 39, 51, 53, 54]]
[[3,9,15,21,28,75],[34, 35, 37, 42, 17, 43, 52, 18, 39, 53, 54]]
[[4,8,19,24,39,77],[34, 35, 37, 42, 49, 17, 50, 18, 39, 44, 53]]
[[5,9,8,29,70,42],[34, 35, 37, 42, 49, 17, 52, 18, 39, 44, 53]]
[[4,10,13,22,19,103],[34, 35, 37, 42, 49, 17, 18, 39, 44, 53, 54]]
[[3,9,12,33,33,84],[34, 35, 37, 42, 17, 50, 18, 39, 44, 51, 54]]
[[4,14,7,30,29,71],[34, 35, 37, 42, 17, 52, 18, 39, 44, 51, 53]]
[[3,11,12,35,28,74],[34, 35, 37, 42, 17, 52, 18, 39, 44, 53, 54]]
[[4,8,10,24,49,62],[34, 35, 37, 42, 49, 17, 50, 52, 18, 39, 51]]
[[5,11,17,19,25,77],[34, 35, 37, 42, 49, 17, 50, 18, 39, 51, 53]]
[[5,11,17,15,25,89],[34, 35, 37, 42, 49, 17, 50, 52, 18, 39, 53]]
[[6,10,9,30,41,55],[34, 35, 37, 42, 49, 17, 52, 18, 39, 51, 53]]
[[4,10,4,34,44,76],[34, 35, 37, 42, 49, 17, 52, 18, 39, 51, 54]]
[[3,11,6,23,38,86],[34, 35, 37, 42, 49, 17, 18, 39, 51, 53, 54]]
[[3,15,12,31,33,48],[34, 35, 37, 42, 49, 17, 52, 18, 39, 53, 54]]
[[6,10,12,10,36,124],[34, 35, 37, 42, 17, 50, 52, 18, 39, 51, 53]]
[[3,7,3,11,73,85],[34, 35, 37, 42, 17, 50, 18, 39, 51, 53, 54]]
[[2,12,17,24,42,75],[34, 35, 37, 42, 17, 52, 18, 39, 51, 53, 54]]
[[4,10,13,14,49,73],[34, 35, 37, 49, 17, 43, 50, 18, 39, 44, 53]]
[[3,11,6,27,23,68],[34, 35, 37, 49, 17, 43, 18, 39, 44, 51, 53]]
[[3,11,12,27,33,86],[34, 35, 37, 49, 17, 43, 18, 39, 44, 51, 54]]
[[5,7,8,27,30,94],[34, 35, 37, 49, 17, 43, 52, 18, 39, 44, 53]]
[[4,6,13,26,34,75],[34, 35, 37, 49, 17, 43, 18, 39, 44, 53, 54]]
[[3,5,15,29,43,83],[34, 35, 37, 17, 43, 50, 18, 39, 44, 51, 53]]
[[3,5,6,25,18,44],[34, 35, 37, 17, 43, 50, 18, 39, 44, 51, 54]]
[[5,9,14,21,45,66],[34, 35, 37, 17, 43, 50, 52, 18, 39, 44, 53]]
[[4,8,10,16,54,74],[34, 35, 37, 17, 43, 50, 18, 39, 44, 53, 54]]
[[4,6,10,30,19,72],[34, 35, 37, 17, 43, 52, 18, 39, 44, 51, 54]]
[[3,11,9,23,43,71],[34, 35, 37, 17, 43, 52, 18, 39, 44, 53, 54]]
[[4,10,7,26,29,67],[34, 35, 37, 49, 17, 43, 50, 52, 18, 39, 51]]
[[3,15,12,27,28,72],[34, 35, 37, 49, 17, 43, 50, 18, 39, 51, 54]]
[[5,9,11,29,35,99],[34, 35, 37, 49, 17, 43, 50, 52, 18, 39, 53]]
[[4,14,7,30,29,77],[34, 35, 37, 49, 17, 43, 50, 18, 39, 53, 54]]
[[3,13,6,29,33,70],[34, 35, 37, 49, 17, 43, 18, 39, 51, 53, 54]]
[[3,11,12,39,28,56],[34, 35, 37, 17, 43, 50, 52, 18, 39, 53, 54]]
[[2,6,14,18,37,78],[34, 35, 37, 17, 43, 52, 18, 39, 51, 53, 54]]
[[3,7,6,19,18,118],[34, 35, 37, 49, 17, 50, 18, 39, 44, 51, 53]]
[[3,15,12,19,33,84],[34, 35, 37, 49, 17, 50, 18, 39, 44, 51, 54]]
[[4,12,10,24,39,72],[34, 35, 37, 49, 17, 52, 18, 39, 44, 51, 53]]
[[5,11,11,23,30,77],[34, 35, 37, 49, 17, 18, 39, 44, 51, 53, 54]]
[[4,8,10,24,14,80],[34, 35, 37, 17, 50, 52, 18, 39, 44, 51, 53]]
[[5,11,17,11,40,77],[34, 35, 37, 17, 50, 18, 39, 44, 51, 53, 54]]
[[4,10,7,26,24,79],[34, 35, 37, 17, 52, 18, 39, 44, 51, 53, 54]]
[[6,12,12,20,36,42],[34, 35, 37, 49, 17, 50, 52, 18, 39, 51, 53]]
[[4,12,13,28,19,75],[34, 35, 37, 49, 17, 50, 52, 18, 39, 51, 54]]
[[3,13,6,25,23,64],[34, 35, 37, 49, 17, 50, 52, 18, 39, 53, 54]]
[[2,14,14,30,17,68],[34, 35, 37, 49, 17, 52, 18, 39, 51, 53, 54]]
[[2,8,11,20,22,53],[34, 35, 37, 17, 50, 52, 18, 39, 51, 53, 54]]
[[5,15,11,19,35,63],[34, 35, 40, 37, 42, 49, 17, 43, 52, 18, 44]]
[[4,8,13,28,39,113],[34, 35, 40, 37, 42, 49, 17, 43, 18, 44, 53]]
[[4,10,10,34,24,76],[34, 35, 40, 37, 42, 17, 43, 50, 18, 44, 53]]
[[2,8,5,20,37,77],[34, 35, 40, 37, 42, 17, 43, 50, 18, 44, 54]]
[[3,7,9,23,43,127],[34, 35, 40, 37, 42, 17, 43, 18, 44, 51, 54]]
[[5,13,5,33,35,67],[34, 35, 40, 37, 42, 17, 43, 52, 18, 44, 53]]
[[4,6,10,22,19,90],[34, 35, 40, 37, 42, 17, 43, 18, 44, 53, 54]]
[[4,10,10,26,34,52],[34, 35, 40, 37, 42, 49, 17, 43, 52, 18, 51]]
[[3,9,15,25,28,105],[34, 35, 40, 37, 42, 49, 17, 43, 18, 51, 53]]
[[5,17,8,25,20,50],[34, 35, 40, 37, 42, 49, 17, 43, 52, 18, 53]]
[[4,12,16,20,44,66],[34, 35, 40, 37, 42, 49, 17, 43, 18, 53, 54]]
[[3,13,6,29,38,76],[34, 35, 40, 37, 42, 17, 43, 50, 18, 51, 54]]
[[4,12,4,28,34,66],[34, 35, 40, 37, 42, 17, 43, 50, 18, 53, 54]]
[[4,6,13,46,24,57],[34, 35, 40, 37, 42, 17, 43, 52, 18, 51, 53]]
[[4,10,4,34,44,76],[34, 35, 40, 37, 42, 17, 43, 52, 18, 51, 54]]
[[5,11,8,31,55,50],[34, 35, 40, 37, 42, 17, 43, 18, 51, 53, 54]]
[[3,15,9,27,38,75],[34, 35, 40, 37, 42, 17, 43, 52, 18, 53, 54]]
[[5,11,11,23,45,77],[34, 35, 40, 37, 42, 49, 17, 50, 52, 18, 44]]
[[2,8,8,32,32,62],[34, 35, 40, 37, 42, 49, 17, 50, 18, 44, 54]]
[[5,9,8,25,55,54],[34, 35, 40, 37, 42, 49, 17, 18, 44, 51, 53]]
[[3,9,9,17,53,87],[34, 35, 40, 37, 42, 49, 17, 18, 44, 51, 54]]
[[5,13,11,21,25,97],[34, 35, 40, 37, 42, 49, 17, 52, 18, 44, 53]]
[[3,11,12,15,48,56],[34, 35, 40, 37, 42, 49, 17, 52, 18, 44, 54]]
[[4,12,10,24,24,84],[34, 35, 40, 37, 42, 49, 17, 18, 44, 53, 54]]
[[5,9,11,21,60,63],[34, 35, 40, 37, 42, 17, 50, 18, 44, 51, 53]]
[[3,7,6,43,28,58],[34, 35, 40, 37, 42, 17, 50, 52, 18, 44, 54]]
[[6,12,9,28,26,63],[34, 35, 40, 37, 42, 17, 52, 18, 44, 51, 53]]
[[3,9,12,29,23,78],[34, 35, 40, 37, 42, 17, 18, 44, 51, 53, 54]]
[[3,13,9,17,53,91],[34, 35, 40, 37, 42, 17, 52, 18, 44, 53, 54]]
[[4,6,13,26,44,111],[34, 35, 40, 37, 42, 49, 17, 50, 52, 18, 51]]
[[3,11,12,39,23,62],[34, 35, 40, 37, 42, 49, 17, 50, 18, 51, 53]]
[[3,11,9,23,23,89],[34, 35, 40, 37, 42, 49, 17, 50, 18, 51, 54]]
[[5,13,14,21,15,106],[34, 35, 40, 37, 42, 49, 17, 50, 52, 18, 53]]
[[4,16,7,20,39,79],[34, 35, 40, 37, 42, 49, 17, 52, 18, 51, 53]]
[[5,11,14,19,45,68],[34, 35, 40, 37, 42, 49, 17, 18, 51, 53, 54]]
[[4,10,10,38,39,58],[34, 35, 40, 37, 42, 17, 50, 52, 18, 51, 53]]
[[4,12,7,32,39,69],[34, 35, 40, 37, 42, 17, 52, 18, 51, 53, 54]]
[[5,15,8,31,25,42],[34, 35, 40, 37, 49, 17, 43, 50, 52, 18, 44]]
[[2,6,8,30,47,48],[34, 35, 40, 37, 49, 17, 43, 50, 18, 44, 54]]
[[5,9,5,17,40,75],[34, 35, 40, 37, 49, 17, 43, 18, 44, 51, 53]]
[[5,13,8,29,25,64],[34, 35, 40, 37, 17, 43, 50, 18, 44, 51, 53]]
[[3,9,9,33,33,51],[34, 35, 40, 37, 17, 43, 50, 18, 44, 51, 54]]
[[6,12,12,24,36,36],[34, 35, 40, 37, 17, 43, 52, 18, 44, 51, 53]]
[[3,15,9,31,33,51],[34, 35, 40, 37, 17, 43, 18, 44, 51, 53, 54]]
[[3,7,9,39,28,67],[34, 35, 40, 37, 49, 17, 43, 50, 18, 51, 53]]
[[5,11,11,31,35,53],[34, 35, 40, 37, 49, 17, 43, 50, 52, 18, 53]]
[[5,9,14,25,40,84],[34, 35, 40, 37, 49, 17, 43, 50, 52, 18, 54]]
[[4,6,4,14,54,60],[34, 35, 40, 37, 49, 17, 43, 50, 18, 53, 54]]
[[4,12,4,24,34,78],[34, 35, 40, 37, 49, 17, 43, 52, 18, 51, 53]]
[[3,13,6,25,23,70],[34, 35, 40, 37, 49, 17, 43, 52, 18, 53, 54]]
[[4,10,7,30,24,85],[34, 35, 40, 37, 17, 43, 50, 52, 18, 51, 53]]
[[3,11,12,19,38,86],[34, 35, 40, 37, 17, 43, 50, 52, 18, 53, 54]]
[[5,11,5,39,25,71],[34, 35, 40, 37, 49, 17, 50, 18, 44, 51, 53]]
[[3,7,12,35,33,64],[34, 35, 40, 37, 49, 17, 50, 18, 44, 51, 54]]
[[5,11,8,39,30,62],[34, 35, 40, 37, 49, 17, 50, 52, 18, 44, 53]]
[[3,9,6,33,23,60],[34, 35, 40, 37, 49, 17, 50, 52, 18, 44, 54]]
[[4,10,13,14,49,55],[34, 35, 40, 37, 49, 17, 50, 18, 44, 53, 54]]
[[4,10,7,34,44,91],[34, 35, 40, 37, 49, 17, 52, 18, 44, 51, 54]]
[[6,16,9,20,16,61],[34, 35, 40, 37, 17, 50, 52, 18, 44, 51, 53]]
[[4,12,13,16,34,75],[34, 35, 40, 37, 17, 50, 52, 18, 44, 51, 54]]
[[3,9,15,25,8,105],[34, 35, 40, 37, 17, 50, 18, 44, 51, 53, 54]]
[[3,9,24,29,13,84],[34, 35, 40, 37, 17, 50, 52, 18, 44, 53, 54]]
[[2,10,14,18,47,88],[34, 35, 40, 37, 17, 52, 18, 44, 51, 53, 54]]
[[4,12,7,20,19,99],[34, 35, 40, 37, 49, 17, 50, 52, 18, 51, 53]]
[[3,9,6,13,63,84],[34, 35, 40, 37, 49, 17, 50, 52, 18, 53, 54]]
[[4,10,10,22,34,106],[34, 35, 37, 42, 49, 17, 43, 18, 44, 51, 54]]
[[4,10,13,30,39,43],[34, 35, 37, 42, 49, 17, 43, 52, 18, 44, 53]]
[[5,13,8,21,40,70],[34, 35, 37, 42, 49, 17, 43, 18, 44, 53, 54]]
[[4,14,10,30,24,80],[34, 35, 37, 42, 17, 43, 50, 18, 44, 51, 54]]
[[4,14,10,26,24,80],[34, 35, 37, 42, 17, 43, 50, 52, 18, 44, 53]]
[[5,13,14,25,25,58],[34, 35, 37, 42, 17, 43, 50, 18, 44, 53, 54]]
[[5,11,5,31,50,65],[34, 35, 37, 42, 17, 43, 52, 18, 44, 51, 53]]
[[4,12,10,28,24,96],[34, 35, 37, 42, 17, 43, 52, 18, 44, 53, 54]]
[[4,14,4,18,24,92],[34, 35, 37, 42, 49, 17, 43, 50, 18, 51, 53]]
[[2,6,5,18,32,99],[34, 35, 37, 42, 49, 17, 43, 50, 18, 51, 54]]
[[4,10,10,26,39,82],[34, 35, 37, 42, 49, 17, 43, 50, 52, 18, 54]]
[[3,13,12,29,23,76],[34, 35, 37, 42, 49, 17, 43, 50, 18, 53, 54]]
[[5,13,11,33,20,55],[34, 35, 37, 42, 49, 17, 43, 52, 18, 51, 53]]
[[3,9,15,25,33,111],[34, 35, 37, 42, 49, 17, 43, 52, 18, 51, 54]]
[[4,8,7,24,69,71],[34, 35, 37, 42, 49, 17, 43, 18, 51, 53, 54]]
[[2,6,8,26,47,66],[34, 35, 37, 42, 49, 17, 43, 52, 18, 53, 54]]
[[5,11,11,35,15,53],[34, 35, 37, 42, 17, 43, 50, 52, 18, 51, 53]]
[[3,15,15,27,13,69],[34, 35, 37, 42, 17, 43, 50, 52, 18, 51, 54]]
[[4,14,10,18,24,92],[34, 35, 37, 42, 17, 43, 50, 18, 51, 53, 54]]
[[3,11,12,31,43,80],[34, 35, 37, 42, 17, 43, 52, 18, 51, 53, 54]]
[[4,12,13,24,44,51],[34, 35, 37, 42, 49, 17, 50, 52, 18, 44, 54]]
[[5,17,8,25,20,50],[34, 35, 37, 42, 49, 17, 52, 18, 44, 51, 53]]
[[4,8,13,32,34,35],[34, 35, 37, 42, 49, 17, 18, 44, 51, 53, 54]]
[[4,14,10,30,34,50],[34, 35, 37, 42, 49, 17, 52, 18, 44, 53, 54]]
[[4,14,13,18,34,77],[34, 35, 37, 42, 17, 50, 18, 44, 51, 53, 54]]
[[3,17,6,21,48,74],[34, 35, 37, 42, 17, 52, 18, 44, 51, 53, 54]]
[[2,10,14,26,47,82],[34, 35, 37, 42, 49, 17, 50, 52, 18, 53, 54]]
[[3,7,6,27,38,94],[34, 35, 37, 42, 49, 17, 52, 18, 51, 53, 54]]
[[4,10,10,34,29,64],[34, 35, 37, 49, 17, 43, 50, 18, 44, 51, 54]]
[[5,15,5,31,30,51],[34, 35, 37, 49, 17, 43, 52, 18, 44, 51, 53]]
[[4,8,10,32,29,86],[34, 35, 37, 49, 17, 43, 18, 44, 51, 53, 54]]
[[4,14,10,18,29,92],[34, 35, 37, 17, 43, 50, 18, 44, 51, 53, 54]]
[[3,11,12,27,13,86],[34, 35, 37, 49, 17, 43, 50, 52, 18, 51, 54]]
[[4,10,13,14,49,55],[34, 35, 37, 49, 17, 43, 50, 18, 51, 53, 54]]
[[2,12,5,32,32,51],[34, 35, 37, 49, 17, 43, 50, 52, 18, 53, 54]]
[[5,11,8,27,35,74],[34, 35, 37, 49, 17, 50, 52, 18, 44, 51, 53]]
[[5,11,11,27,35,71],[34, 35, 37, 49, 17, 50, 52, 18, 44, 51, 54]]
[[4,10,13,22,24,97],[34, 35, 37, 49, 17, 50, 18, 44, 51, 53, 54]]
[[4,12,10,32,29,66],[34, 35, 37, 49, 17, 50, 52, 18, 44, 53, 54]]
[[3,9,6,25,18,84],[34, 35, 37, 49, 17, 52, 18, 44, 51, 53, 54]]
[[3,13,12,21,33,82],[34, 35, 37, 17, 50, 52, 18, 44, 51, 53, 54]]
[[3,9,3,29,33,57],[34, 35, 40, 42, 17, 38, 43, 18, 39, 44, 54]]
[[3,15,6,31,48,60],[34, 35, 40, 42, 17, 38, 43, 52, 18, 39, 51]]
[[4,12,7,28,39,87],[34, 35, 40, 42, 17, 38, 43, 18, 39, 51, 54]]
[[4,8,16,28,34,68],[34, 35, 40, 42, 17, 38, 43, 52, 18, 39, 53]]
[[4,14,13,14,54,65],[34, 35, 40, 42, 17, 38, 43, 52, 18, 39, 54]]
[[4,10,10,42,19,64],[34, 35, 40, 42, 17, 38, 50, 52, 18, 39, 44]]
[[5,11,8,15,30,110],[34, 35, 40, 42, 17, 38, 50, 18, 39, 44, 53]]
[[3,13,6,33,38,58],[34, 35, 40, 42, 17, 38, 50, 18, 39, 44, 54]]
[[2,12,11,24,47,93],[34, 35, 40, 42, 17, 38, 18, 39, 44, 51, 54]]
[[3,9,3,21,23,81],[34, 35, 40, 42, 49, 17, 38, 50, 18, 39, 53]]
[[4,10,13,34,34,67],[34, 35, 40, 42, 49, 17, 38, 18, 39, 51, 53]]
[[4,12,13,36,29,45],[34, 35, 40, 42, 49, 17, 38, 52, 18, 39, 53]]
[[3,5,3,37,23,71],[34, 35, 40, 42, 17, 38, 50, 52, 18, 39, 51]]
[[4,16,7,28,34,49],[34, 35, 40, 42, 17, 38, 50, 18, 39, 51, 53]]
[[4,8,13,24,39,41],[34, 35, 40, 42, 17, 38, 50, 18, 39, 51, 54]]
[[4,14,7,26,24,71],[34, 35, 40, 42, 17, 38, 50, 52, 18, 39, 53]]
[[5,13,14,25,25,58],[34, 35, 40, 42, 17, 38, 50, 18, 39, 53, 54]]
[[5,11,14,31,15,56],[34, 35, 40, 42, 17, 38, 52, 18, 39, 51, 53]]
[[4,12,7,16,34,93],[34, 35, 40, 42, 17, 38, 18, 39, 51, 53, 54]]
[[5,15,8,23,30,72],[34, 35, 40, 49, 17, 38, 43, 18, 39, 44, 53]]
[[5,11,17,27,15,77],[34, 35, 40, 17, 38, 43, 50, 18, 39, 44, 53]]
[[4,10,13,30,24,97],[34, 35, 40, 17, 38, 43, 18, 39, 44, 51, 53]]
[[2,10,5,22,32,73],[34, 35, 40, 17, 38, 43, 18, 39, 44, 51, 54]]
[[6,12,9,28,26,63],[34, 35, 40, 17, 38, 43, 52, 18, 39, 44, 53]]
[[3,15,9,27,28,69],[34, 35, 40, 17, 38, 43, 18, 39, 44, 53, 54]]
[[3,5,12,21,43,68],[34, 35, 40, 49, 17, 38, 43, 50, 18, 39, 53]]
[[3,7,12,27,43,58],[34, 35, 40, 49, 17, 38, 43, 50, 18, 39, 54]]
[[3,11,15,23,38,77],[34, 35, 40, 49, 17, 38, 43, 52, 18, 39, 51]]
[[4,12,10,32,34,84],[34, 35, 40, 49, 17, 38, 43, 18, 39, 51, 53]]
[[4,8,13,24,44,89],[34, 35, 40, 49, 17, 38, 43, 18, 39, 51, 54]]
[[4,4,10,28,29,64],[34, 35, 40, 49, 17, 38, 43, 52, 18, 39, 53]]
[[4,6,7,26,54,69],[34, 35, 40, 49, 17, 38, 43, 52, 18, 39, 54]]
[[3,5,12,29,28,80],[34, 35, 40, 17, 38, 43, 50, 52, 18, 39, 51]]
[[4,10,13,22,34,91],[34, 35, 40, 17, 38, 43, 50, 18, 39, 51, 53]]
[[4,10,13,26,24,97],[34, 35, 40, 17, 38, 43, 50, 52, 18, 39, 53]]
[[4,12,16,24,34,66],[34, 35, 40, 17, 38, 43, 50, 52, 18, 39, 54]]
[[5,9,8,25,45,54],[34, 35, 40, 17, 38, 43, 52, 18, 39, 51, 54]]
[[4,12,7,32,39,69],[34, 35, 40, 17, 38, 43, 52, 18, 39, 53, 54]]
[[4,10,13,30,44,73],[34, 35, 40, 49, 17, 38, 50, 52, 18, 39, 44]]
[[3,5,9,25,38,65],[34, 35, 40, 49, 17, 38, 50, 18, 39, 44, 54]]
[[4,12,10,32,34,66],[34, 35, 40, 49, 17, 38, 18, 39, 44, 51, 53]]
[[2,12,5,20,32,81],[34, 35, 40, 49, 17, 38, 18, 39, 44, 51, 54]]
[[4,10,7,22,29,79],[34, 35, 40, 49, 17, 38, 52, 18, 39, 44, 54]]
[[4,10,10,26,34,88],[34, 35, 40, 17, 38, 50, 18, 39, 44, 51, 53]]
[[2,6,2,18,27,96],[34, 35, 40, 17, 38, 50, 18, 39, 44, 51, 54]]
[[4,16,10,24,34,64],[34, 35, 40, 17, 38, 50, 52, 18, 39, 44, 54]]
[[3,11,9,23,33,71],[34, 35, 40, 17, 38, 50, 18, 39, 44, 53, 54]]
[[3,11,9,19,38,77],[34, 35, 40, 17, 38, 52, 18, 39, 44, 51, 54]]
[[4,10,13,22,34,67],[34, 35, 40, 17, 38, 18, 39, 44, 51, 53, 54]]
[[2,10,5,42,47,49],[34, 35, 40, 17, 38, 52, 18, 39, 44, 53, 54]]
[[3,13,12,21,33,70],[34, 35, 40, 49, 17, 38, 50, 52, 18, 39, 51]]
[[4,6,16,22,44,96],[34, 35, 40, 49, 17, 38, 50, 52, 18, 39, 53]]
[[5,13,14,21,40,40],[34, 35, 40, 49, 17, 38, 50, 18, 39, 53, 54]]
[[4,8,7,16,59,59],[34, 35, 40, 49, 17, 38, 18, 39, 51, 53, 54]]
[[4,14,10,30,24,74],[34, 35, 40, 49, 17, 38, 52, 18, 39, 53, 54]]
[[3,9,9,21,53,75],[34, 35, 40, 17, 38, 52, 18, 39, 51, 53, 54]]
[[3,7,9,19,23,79],[34, 35, 42, 49, 17, 38, 43, 52, 18, 39, 44]]
[[4,10,7,22,64,79],[34, 35, 42, 49, 17, 38, 43, 18, 39, 44, 54]]
[[4,8,13,24,64,53],[34, 35, 42, 17, 38, 43, 50, 18, 39, 44, 53]]
[[4,10,13,18,64,55],[34, 35, 42, 17, 38, 43, 50, 18, 39, 44, 54]]
[[3,7,9,39,23,55],[34, 35, 42, 17, 38, 43, 18, 39, 44, 51, 53]]
[[4,12,16,24,34,72],[34, 35, 42, 17, 38, 43, 18, 39, 44, 53, 54]]
[[2,6,5,14,42,87],[34, 35, 42, 49, 17, 38, 43, 50, 18, 39, 54]]
[[3,11,15,23,53,59],[34, 35, 42, 49, 17, 38, 43, 18, 39, 51, 54]]
[[3,11,9,19,58,101],[34, 35, 42, 49, 17, 38, 43, 52, 18, 39, 54]]
[[4,8,4,20,24,56],[34, 35, 42, 49, 17, 38, 43, 18, 39, 53, 54]]
[[4,10,4,30,19,58],[34, 35, 42, 17, 38, 43, 50, 52, 18, 39, 51]]
[[5,13,11,29,15,79],[34, 35, 42, 17, 38, 43, 50, 18, 39, 51, 53]]
[[3,5,9,25,33,89],[34, 35, 42, 17, 38, 43, 50, 18, 39, 51, 54]]
[[3,13,15,29,13,85],[34, 35, 42, 17, 38, 43, 50, 52, 18, 39, 54]]
[[4,10,7,18,44,73],[34, 35, 42, 17, 38, 43, 50, 18, 39, 53, 54]]
[[4,10,10,22,24,82],[34, 35, 42, 17, 38, 43, 52, 18, 39, 51, 54]]
[[3,11,12,23,58,74],[34, 35, 42, 17, 38, 43, 18, 39, 51, 53, 54]]
