[[0, 4, 5, 7], [2, 4], [3, 5], [6, 7]]
[[4,10,13,30,24,97],[14, 16, 17, 38, 43, 50, 39, 53]]
[[2,10,5,22,32,73],[14, 16, 17, 38, 43, 50, 39, 54]]
[[5,11,17,27,15,77],[14, 16, 17, 38, 43, 39, 51, 53]]
[[5,13,14,21,15,106],[14, 16, 17, 38, 43, 52, 39, 53]]
[[3,13,12,21,33,70],[14, 16, 49, 17, 38, 52, 39, 44]]
[[4,10,13,22,44,61],[14, 16, 17, 38, 50, 39, 44, 53]]
[[3,11,12,27,28,62],[14, 16, 17, 38, 39, 44, 51, 54]]
[[4,12,10,32,34,66],[14, 16, 49, 17, 38, 50, 39, 53]]
[[2,12,5,20,32,81],[14, 16, 49, 17, 38, 50, 39, 54]]
[[4,10,13,30,44,73],[14, 16, 49, 17, 38, 52, 39, 51]]
[[3,5,9,25,38,65],[14, 16, 49, 17, 38, 39, 51, 54]]
[[4,10,10,42,19,52],[14, 16, 49, 17, 38, 39, 53, 54]]
[[3,11,9,19,38,77],[14, 16, 17, 38, 50, 52, 39, 54]]
[[4,10,13,22,34,67],[14, 16, 17, 38, 50, 39, 53, 54]]
[[4,16,10,24,34,64],[14, 16, 17, 38, 52, 39, 51, 54]]
[[3,11,9,23,33,71],[14, 16, 17, 38, 39, 51, 53, 54]]
[[3,11,6,19,3,74],[14, 16, 17, 38, 52, 39, 53, 54]]
[[4,12,7,36,29,69],[14, 40, 16, 42, 17, 38, 43, 53]]
[[5,11,11,27,30,89],[14, 40, 16, 42, 17, 38, 52, 44]]
[[4,12,4,20,19,102],[14, 40, 16, 42, 17, 38, 44, 53]]
[[2,12,5,24,32,87],[14, 40, 16, 42, 17, 38, 44, 54]]
[[4,14,10,18,29,92],[14, 40, 16, 42, 49, 17, 38, 53]]
[[4,18,4,22,39,60],[14, 40, 16, 42, 17, 38, 50, 53]]
[[4,14,7,34,34,59],[14, 40, 16, 42, 17, 38, 52, 51]]
[[3,13,12,33,28,76],[14, 40, 16, 42, 17, 38, 51, 53]]
[[5,15,14,23,10,54],[14, 40, 16, 42, 17, 38, 52, 53]]
[[4,8,10,16,44,80],[14, 40, 16, 42, 17, 38, 53, 54]]
[[4,14,4,30,39,74],[14, 40, 16, 17, 38, 43, 44, 53]]
[[2,10,8,18,57,106],[14, 40, 16, 17, 38, 43, 44, 54]]
[[4,16,10,24,34,64],[14, 40, 16, 49, 17, 38, 43, 53]]
[[4,12,13,20,44,57],[14, 40, 16, 17, 38, 43, 50, 53]]
[[4,12,7,28,44,81],[14, 40, 16, 17, 38, 43, 50, 54]]
[[4,16,10,24,19,76],[14, 40, 16, 17, 38, 43, 52, 51]]
[[3,7,9,35,38,79],[14, 40, 16, 17, 38, 43, 51, 54]]
[[5,13,11,33,20,67],[14, 40, 16, 17, 38, 43, 52, 53]]
[[2,12,8,24,7,66],[14, 40, 16, 49, 17, 38, 44, 54]]
[[5,15,11,23,30,57],[14, 40, 16, 17, 38, 50, 52, 44]]
[[3,9,6,25,38,90],[14, 40, 16, 17, 38, 44, 51, 54]]
[[3,7,12,35,28,88],[14, 40, 16, 17, 38, 52, 44, 54]]
[[4,10,13,34,39,49],[14, 40, 16, 49, 17, 38, 50, 53]]
[[4,10,19,22,34,61],[14, 40, 16, 49, 17, 38, 50, 54]]
[[3,13,12,33,28,70],[14, 40, 16, 49, 17, 38, 51, 53]]
[[4,8,10,20,19,50],[14, 40, 16, 49, 17, 38, 53, 54]]
[[3,11,12,35,33,56],[14, 40, 16, 17, 38, 50, 51, 53]]
[[5,13,11,21,20,103],[14, 40, 16, 17, 38, 50, 52, 53]]
[[4,6,16,30,39,48],[14, 40, 16, 17, 38, 50, 53, 54]]
[[4,4,10,32,29,70],[14, 40, 16, 17, 38, 52, 51, 53]]
[[5,11,11,31,20,77],[14, 40, 16, 17, 38, 51, 53, 54]]
[[3,9,3,17,13,93],[14, 40, 16, 17, 38, 52, 53, 54]]
[[4,8,22,16,24,98],[14, 16, 42, 17, 38, 43, 52, 44]]
[[3,9,15,25,28,105],[14, 16, 42, 17, 38, 43, 44, 53]]
[[3,13,12,25,48,76],[14, 16, 42, 17, 38, 43, 44, 54]]
[[3,9,18,29,28,90],[14, 16, 42, 49, 17, 38, 43, 54]]
[[3,9,6,33,18,48],[14, 16, 42, 17, 38, 43, 50, 54]]
[[5,11,8,31,40,62],[14, 16, 42, 17, 38, 43, 52, 51]]
[[4,6,10,38,14,54],[14, 16, 42, 17, 38, 43, 51, 53]]
[[2,8,5,24,37,59],[14, 16, 42, 17, 38, 43, 51, 54]]
[[3,5,6,25,18,68],[14, 16, 42, 17, 38, 43, 53, 54]]
[[4,12,16,24,14,96],[14, 16, 42, 49, 17, 38, 52, 44]]
[[3,11,9,35,28,89],[14, 16, 42, 49, 17, 38, 44, 53]]
[[3,11,18,23,3,98],[14, 16, 42, 49, 17, 38, 44, 54]]
[[3,11,6,35,28,62],[14, 16, 42, 17, 38, 50, 44, 53]]
[[3,7,3,23,33,103],[14, 16, 42, 17, 38, 50, 44, 54]]
[[4,10,10,26,49,88],[14, 16, 42, 17, 38, 44, 51, 53]]
[[4,8,7,40,29,77],[14, 16, 42, 17, 38, 52, 44, 53]]
[[4,8,4,32,44,86],[14, 16, 42, 17, 38, 52, 44, 54]]
[[5,11,5,23,40,83],[14, 16, 42, 49, 17, 38, 50, 53]]
[[5,9,5,33,55,69],[14, 16, 42, 49, 17, 38, 52, 51]]
[[4,6,7,18,49,117],[14, 16, 42, 49, 17, 38, 51, 53]]
[[2,8,8,16,32,92],[14, 16, 42, 49, 17, 38, 51, 54]]
[[6,10,9,26,21,85],[14, 16, 42, 49, 17, 38, 52, 53]]
[[5,11,17,19,35,59],[14, 16, 42, 17, 38, 50, 52, 51]]
[[4,8,16,16,14,104],[14, 16, 42, 17, 38, 50, 51, 53]]
[[2,6,11,22,32,75],[14, 16, 42, 17, 38, 50, 51, 54]]
[[6,12,15,20,26,51],[14, 16, 42, 17, 38, 50, 52, 53]]
[[3,3,9,19,43,57],[14, 16, 42, 17, 38, 50, 53, 54]]
[[5,7,11,31,40,97],[14, 16, 42, 17, 38, 52, 51, 53]]
[[4,12,13,20,9,117],[14, 16, 42, 17, 38, 51, 53, 54]]
[[2,12,11,24,37,81],[14, 16, 42, 17, 38, 52, 53, 54]]
[[4,10,10,26,39,82],[14, 16, 49, 17, 38, 43, 52, 44]]
[[3,11,6,39,28,50],[14, 16, 49, 17, 38, 43, 44, 53]]
[[4,10,10,22,34,82],[14, 16, 17, 38, 43, 50, 52, 44]]
[[3,15,9,27,33,69],[14, 16, 17, 38, 43, 50, 44, 53]]
[[4,12,10,28,29,72],[14, 16, 17, 38, 43, 44, 51, 53]]
[[4,12,10,32,39,60],[14, 16, 17, 38, 43, 52, 44, 53]]
[[5,11,14,19,45,68],[14, 16, 49, 17, 38, 43, 50, 53]]
[[5,9,14,17,35,84],[14, 16, 49, 17, 38, 43, 52, 51]]
[[2,14,8,26,27,68],[14, 16, 49, 17, 38, 43, 51, 54]]
[[3,3,6,43,18,54],[14, 16, 49, 17, 38, 43, 53, 54]]
[[5,11,14,27,30,74],[14, 16, 17, 38, 43, 50, 52, 51]]
[[2,12,8,16,32,84],[14, 16, 17, 38, 43, 50, 51, 54]]
[[3,13,6,17,33,88],[14, 16, 17, 38, 43, 50, 53, 54]]
[[3,3,6,27,43,60],[14, 16, 17, 38, 43, 52, 51, 54]]
[[2,14,8,34,42,62],[14, 16, 17, 38, 43, 52, 53, 54]]
[[4,10,10,34,34,52],[14, 16, 49, 17, 38, 50, 52, 44]]
[[3,9,9,25,33,75],[14, 16, 49, 17, 38, 50, 44, 54]]
[[4,10,13,14,44,37],[14, 16, 49, 17, 38, 44, 51, 54]]
[[4,10,10,30,34,88],[14, 16, 49, 17, 38, 52, 44, 54]]
[[4,10,7,22,34,73],[14, 16, 17, 38, 50, 44, 51, 53]]
[[4,12,7,20,19,99],[14, 16, 17, 38, 50, 52, 44, 53]]
[[4,8,4,20,69,80],[14, 16, 17, 38, 50, 52, 44, 54]]
[[5,9,8,25,55,72],[14, 16, 17, 38, 52, 44, 51, 54]]
[[4,10,7,34,29,67],[14, 16, 49, 17, 38, 50, 51, 53]]
[[3,13,9,25,43,79],[14, 16, 49, 17, 38, 50, 53, 54]]
[[5,13,11,21,20,103],[14, 16, 49, 17, 38, 52, 51, 53]]
[[4,10,13,30,24,97],[14, 16, 49, 17, 38, 51, 53, 54]]
[[2,6,8,26,27,78],[14, 16, 49, 17, 38, 52, 53, 54]]
[[5,9,17,33,25,45],[14, 16, 17, 38, 50, 52, 51, 53]]
[[4,6,10,34,19,60],[14, 16, 17, 38, 50, 51, 53, 54]]
[[2,14,5,22,27,47],[14, 16, 17, 38, 50, 52, 53, 54]]
[[3,11,6,19,3,74],[14, 16, 17, 38, 52, 51, 53, 54]]
[[4,14,7,22,29,77],[14, 40, 16, 42, 17, 52, 39, 44]]
[[3,9,9,21,43,99],[14, 40, 16, 42, 17, 39, 44, 54]]
[[3,11,12,23,48,92],[14, 40, 16, 42, 49, 17, 39, 53]]
[[3,7,15,23,28,121],[14, 40, 16, 42, 17, 50, 39, 53]]
[[3,13,15,33,28,55],[14, 40, 16, 42, 17, 50, 39, 54]]
[[3,11,12,35,28,68],[14, 40, 16, 42, 17, 52, 39, 51]]
[[4,14,4,34,39,50],[14, 40, 16, 42, 17, 39, 51, 54]]
[[4,12,4,20,54,78],[14, 40, 16, 17, 43, 52, 39, 44]]
[[3,13,9,21,18,85],[14, 40, 16, 17, 43, 39, 44, 54]]
[[3,15,9,31,33,51],[14, 40, 16, 49, 17, 43, 39, 53]]
[[3,7,15,31,38,97],[14, 40, 16, 17, 43, 50, 39, 53]]
[[3,9,6,25,28,96],[14, 40, 16, 17, 43, 50, 39, 54]]
[[3,7,9,23,38,91],[14, 40, 16, 17, 43, 52, 39, 51]]
[[4,12,13,12,39,63],[14, 40, 16, 17, 43, 39, 51, 53]]
[[4,10,13,22,39,85],[14, 40, 16, 17, 43, 52, 39, 53]]
[[4,8,7,24,59,89],[14, 40, 16, 17, 43, 52, 39, 54]]
[[5,15,14,19,10,84],[14, 40, 16, 17, 43, 39, 53, 54]]
[[5,11,8,27,40,74],[14, 40, 16, 17, 50, 39, 44, 53]]
[[4,14,7,18,24,101],[14, 40, 16, 17, 39, 44, 51, 53]]
[[2,10,11,26,47,91],[14, 40, 16, 17, 39, 44, 51, 54]]
[[4,14,13,26,24,65],[14, 40, 16, 17, 52, 39, 44, 54]]
[[3,9,15,25,23,75],[14, 40, 16, 49, 17, 50, 39, 54]]
[[3,7,18,19,23,82],[14, 40, 16, 49, 17, 52, 39, 51]]
[[4,10,13,26,24,91],[14, 40, 16, 49, 17, 39, 51, 53]]
[[4,10,13,18,34,103],[14, 40, 16, 49, 17, 39, 51, 54]]
[[4,14,7,26,24,71],[14, 40, 16, 49, 17, 52, 39, 53]]
[[5,9,11,25,45,57],[14, 40, 16, 49, 17, 39, 53, 54]]
[[3,9,6,33,43,78],[14, 40, 16, 17, 50, 52, 39, 51]]
[[4,12,10,20,49,78],[14, 40, 16, 17, 50, 39, 51, 53]]
[[5,11,14,19,40,74],[14, 40, 16, 17, 52, 39, 51, 53]]
[[4,12,7,32,24,75],[14, 40, 16, 17, 52, 39, 53, 54]]
[[4,8,19,24,39,77],[14, 16, 42, 17, 43, 39, 44, 53]]
[[4,10,13,22,19,109],[14, 16, 42, 49, 17, 43, 39, 53]]
[[2,4,20,20,17,94],[14, 16, 42, 49, 17, 43, 39, 54]]
[[4,10,7,30,44,79],[14, 16, 42, 17, 43, 50, 39, 53]]
[[4,8,10,24,49,62],[14, 16, 42, 17, 43, 52, 39, 51]]
[[5,11,17,19,25,77],[14, 16, 42, 17, 43, 39, 51, 53]]
[[5,11,17,15,25,89],[14, 16, 42, 17, 43, 52, 39, 53]]
[[3,9,21,29,13,105],[14, 16, 42, 49, 17, 52, 39, 44]]
[[4,10,13,22,39,91],[14, 16, 42, 49, 17, 39, 44, 54]]
[[3,5,6,45,28,74],[14, 16, 42, 17, 50, 52, 39, 44]]
[[4,8,13,24,64,53],[14, 16, 42, 17, 50, 39, 44, 53]]
[[4,10,13,30,39,79],[14, 16, 42, 17, 50, 39, 44, 54]]
[[3,7,9,27,28,61],[14, 16, 42, 17, 39, 44, 51, 53]]
[[5,9,14,17,35,84],[14, 16, 42, 17, 52, 39, 44, 54]]
[[2,8,11,20,32,95],[14, 16, 42, 49, 17, 50, 39, 54]]
[[4,12,10,28,29,90],[14, 16, 42, 49, 17, 52, 39, 51]]
[[3,9,15,21,13,99],[14, 16, 42, 49, 17, 39, 51, 54]]
[[4,10,10,38,29,70],[14, 16, 42, 17, 50, 52, 39, 51]]
[[5,11,14,19,35,62],[14, 16, 42, 17, 50, 39, 51, 53]]
[[3,7,18,23,28,118],[14, 16, 42, 17, 50, 39, 51, 54]]
[[4,10,13,22,19,109],[14, 16, 42, 17, 50, 39, 53, 54]]
[[3,7,15,23,28,121],[14, 16, 42, 17, 39, 51, 53, 54]]
[[3,9,21,17,13,81],[14, 16, 42, 17, 52, 39, 53, 54]]
[[3,13,15,25,23,85],[14, 16, 49, 17, 43, 52, 39, 44]]
[[4,10,19,10,29,85],[14, 16, 49, 17, 43, 39, 44, 53]]
[[4,8,16,24,34,98],[14, 16, 49, 17, 43, 39, 44, 54]]
[[3,9,12,21,48,84],[14, 16, 17, 43, 50, 52, 39, 44]]
[[4,8,7,28,39,113],[14, 16, 17, 43, 50, 39, 44, 54]]
[[3,7,6,19,18,118],[14, 16, 17, 43, 39, 44, 51, 53]]
[[3,15,12,19,33,84],[14, 16, 17, 43, 39, 44, 51, 54]]
[[4,12,10,32,29,66],[14, 16, 49, 17, 43, 50, 39, 53]]
[[5,13,17,17,20,79],[14, 16, 49, 17, 43, 39, 51, 53]]
[[3,9,12,33,28,78],[14, 16, 49, 17, 43, 39, 51, 54]]
[[5,9,11,37,25,69],[14, 16, 49, 17, 43, 52, 39, 53]]
[[3,11,9,39,28,65],[14, 16, 49, 17, 43, 52, 39, 54]]
[[4,12,13,24,34,69],[14, 16, 49, 17, 43, 39, 53, 54]]
[[5,11,14,31,15,56],[14, 16, 17, 43, 50, 52, 39, 53]]
[[3,9,6,25,18,60],[14, 16, 17, 43, 50, 52, 39, 54]]
[[4,6,10,42,4,60],[14, 16, 17, 43, 50, 39, 53, 54]]
[[6,12,12,20,36,42],[14, 16, 17, 43, 52, 39, 51, 53]]
[[4,12,13,28,19,75],[14, 16, 17, 43, 52, 39, 51, 54]]
[[3,13,6,25,23,64],[14, 16, 17, 43, 52, 39, 53, 54]]
[[3,11,15,19,53,83],[14, 16, 49, 17, 50, 52, 39, 44]]
[[3,5,15,29,43,83],[14, 16, 49, 17, 39, 44, 51, 53]]
[[3,5,6,25,18,44],[14, 16, 49, 17, 39, 44, 51, 54]]
[[5,9,14,21,45,66],[14, 16, 49, 17, 52, 39, 44, 53]]
[[4,8,10,16,54,74],[14, 16, 49, 17, 39, 44, 53, 54]]
[[3,11,6,27,23,68],[14, 16, 17, 50, 39, 44, 51, 53]]
[[3,11,12,27,33,86],[14, 16, 17, 50, 39, 44, 51, 54]]
[[5,7,8,27,30,94],[14, 16, 17, 50, 52, 39, 44, 53]]
[[4,6,13,26,34,75],[14, 16, 17, 50, 39, 44, 53, 54]]
[[4,6,4,26,44,102],[14, 16, 17, 52, 39, 44, 51, 53]]
[[4,14,10,30,24,56],[14, 16, 17, 52, 39, 44, 51, 54]]
[[5,11,11,27,30,71],[14, 16, 17, 39, 44, 51, 53, 54]]
[[3,11,6,15,38,68],[14, 16, 17, 52, 39, 44, 53, 54]]
[[4,12,19,28,9,75],[14, 16, 49, 17, 50, 52, 39, 51]]
[[5,11,17,15,25,95],[14, 16, 49, 17, 50, 52, 39, 53]]
[[3,11,12,39,28,56],[14, 16, 49, 17, 52, 39, 53, 54]]
[[3,13,6,29,33,70],[14, 16, 17, 50, 39, 51, 53, 54]]
[[5,11,11,23,45,77],[14, 40, 16, 42, 17, 43, 52, 44]]
[[2,8,8,32,32,62],[14, 40, 16, 42, 17, 43, 44, 54]]
[[4,8,10,20,19,50],[14, 40, 16, 42, 49, 17, 43, 53]]
[[4,14,10,22,34,80],[14, 40, 16, 42, 17, 43, 50, 53]]
[[4,8,13,32,24,47],[14, 40, 16, 42, 17, 43, 50, 54]]
[[4,6,13,26,44,111],[14, 40, 16, 42, 17, 43, 52, 51]]
[[3,11,12,39,23,62],[14, 40, 16, 42, 17, 43, 51, 53]]
[[3,11,9,23,23,89],[14, 40, 16, 42, 17, 43, 51, 54]]
[[5,13,14,21,15,106],[14, 40, 16, 42, 17, 43, 52, 53]]
[[4,10,10,34,24,76],[14, 40, 16, 42, 49, 17, 44, 53]]
[[2,8,5,20,37,77],[14, 40, 16, 42, 49, 17, 44, 54]]
[[5,15,11,19,35,63],[14, 40, 16, 42, 17, 50, 52, 44]]
[[4,8,13,28,39,113],[14, 40, 16, 42, 17, 50, 44, 53]]
[[3,7,9,27,48,91],[14, 40, 16, 42, 17, 44, 51, 54]]
[[4,10,10,26,19,76],[14, 40, 16, 42, 17, 44, 53, 54]]
[[4,6,16,30,39,72],[14, 40, 16, 42, 49, 17, 50, 53]]
[[3,13,6,29,38,76],[14, 40, 16, 42, 49, 17, 51, 54]]
[[4,12,4,28,34,66],[14, 40, 16, 42, 49, 17, 53, 54]]
[[4,10,10,26,34,52],[14, 40, 16, 42, 17, 50, 52, 51]]
[[3,9,15,25,28,105],[14, 40, 16, 42, 17, 50, 51, 53]]
[[5,17,8,25,20,50],[14, 40, 16, 42, 17, 50, 52, 53]]
[[4,12,16,20,44,66],[14, 40, 16, 42, 17, 50, 53, 54]]
[[4,12,7,36,24,51],[14, 40, 16, 42, 17, 52, 51, 53]]
[[4,12,13,28,34,51],[14, 40, 16, 42, 17, 52, 51, 54]]
[[3,13,9,25,38,79],[14, 40, 16, 42, 17, 52, 53, 54]]
[[4,12,10,24,14,108],[14, 40, 16, 49, 17, 43, 44, 53]]
[[2,10,11,26,37,91],[14, 40, 16, 49, 17, 43, 44, 54]]
[[4,14,7,30,19,71],[14, 40, 16, 17, 43, 50, 44, 53]]
[[5,11,5,39,25,71],[14, 40, 16, 17, 43, 44, 51, 53]]
[[3,7,12,35,33,64],[14, 40, 16, 17, 43, 44, 51, 54]]
[[5,11,8,39,30,62],[14, 40, 16, 17, 43, 52, 44, 53]]
[[3,9,6,33,23,60],[14, 40, 16, 17, 43, 52, 44, 54]]
[[4,10,13,14,49,55],[14, 40, 16, 17, 43, 44, 53, 54]]
[[4,10,7,22,44,91],[14, 40, 16, 49, 17, 43, 50, 54]]
[[4,8,16,20,54,74],[14, 40, 16, 49, 17, 43, 52, 51]]
[[3,13,6,33,43,64],[14, 40, 16, 49, 17, 43, 51, 54]]
[[5,11,17,23,25,71],[14, 40, 16, 49, 17, 43, 52, 53]]
[[4,8,10,24,44,104],[14, 40, 16, 49, 17, 43, 53, 54]]
[[3,5,9,41,33,41],[14, 40, 16, 17, 43, 50, 51, 53]]
[[3,9,6,25,13,54],[14, 40, 16, 17, 43, 50, 51, 54]]
[[4,12,7,20,19,99],[14, 40, 16, 17, 43, 52, 51, 53]]
[[3,9,6,13,63,84],[14, 40, 16, 17, 43, 52, 53, 54]]
[[5,9,11,33,40,63],[14, 40, 16, 49, 17, 50, 52, 44]]
[[2,4,8,20,27,112],[14, 40, 16, 49, 17, 50, 44, 54]]
[[5,13,8,29,25,64],[14, 40, 16, 49, 17, 44, 51, 53]]
[[3,9,9,33,33,51],[14, 40, 16, 49, 17, 44, 51, 54]]
[[5,9,5,17,40,75],[14, 40, 16, 17, 50, 44, 51, 53]]
[[6,10,9,26,56,37],[14, 40, 16, 17, 52, 44, 51, 53]]
[[3,9,9,29,48,75],[14, 40, 16, 17, 44, 51, 53, 54]]
[[4,8,22,16,24,86],[14, 40, 16, 49, 17, 50, 52, 51]]
[[3,7,15,27,28,115],[14, 40, 16, 49, 17, 50, 51, 53]]
[[5,11,11,27,25,101],[14, 40, 16, 49, 17, 50, 52, 53]]
[[4,6,7,18,74,87],[14, 40, 16, 49, 17, 50, 53, 54]]
[[4,10,7,30,24,85],[14, 40, 16, 49, 17, 52, 51, 53]]
[[3,11,12,19,38,86],[14, 40, 16, 49, 17, 52, 53, 54]]
[[4,12,4,24,34,78],[14, 40, 16, 17, 50, 52, 51, 53]]
[[3,13,6,25,23,70],[14, 40, 16, 17, 50, 52, 53, 54]]
[[4,10,10,22,49,70],[14, 40, 16, 17, 52, 51, 53, 54]]
[[4,16,10,24,34,64],[14, 16, 42, 49, 17, 43, 52, 44]]
[[3,11,9,23,53,95],[14, 16, 42, 49, 17, 43, 44, 54]]
[[4,14,10,34,24,62],[14, 16, 42, 17, 43, 50, 52, 44]]
[[3,11,12,27,18,86],[14, 16, 42, 17, 43, 50, 44, 53]]
[[3,9,3,21,63,99],[14, 16, 42, 17, 43, 50, 44, 54]]
[[4,12,13,24,44,51],[14, 16, 42, 17, 43, 52, 44, 54]]
[[3,5,9,37,33,35],[14, 16, 42, 49, 17, 43, 50, 54]]
[[5,9,8,25,55,72],[14, 16, 42, 49, 17, 43, 52, 51]]
[[4,8,7,20,24,83],[14, 16, 42, 49, 17, 43, 51, 53]]
[[2,8,5,20,37,107],[14, 16, 42, 49, 17, 43, 51, 54]]
[[3,11,9,35,43,53],[14, 16, 42, 49, 17, 43, 53, 54]]
[[5,9,11,33,40,63],[14, 16, 42, 17, 43, 50, 52, 51]]
[[4,8,7,20,24,107],[14, 16, 42, 17, 43, 50, 51, 53]]
[[2,12,8,16,42,90],[14, 16, 42, 17, 43, 50, 51, 54]]
[[2,10,14,26,47,82],[14, 16, 42, 17, 43, 52, 53, 54]]
[[4,8,16,32,34,62],[14, 16, 42, 49, 17, 50, 52, 44]]
[[3,11,6,35,28,50],[14, 16, 42, 49, 17, 50, 44, 53]]
[[3,9,9,17,18,75],[14, 16, 42, 49, 17, 50, 44, 54]]
[[4,14,10,30,24,80],[14, 16, 42, 49, 17, 44, 51, 54]]
[[4,14,10,26,24,80],[14, 16, 42, 49, 17, 52, 44, 53]]
[[5,13,14,25,25,58],[14, 16, 42, 49, 17, 44, 53, 54]]
[[4,10,10,22,34,106],[14, 16, 42, 17, 50, 44, 51, 54]]
[[4,10,13,30,39,43],[14, 16, 42, 17, 50, 52, 44, 53]]
[[5,13,8,21,40,70],[14, 16, 42, 17, 50, 44, 53, 54]]
[[4,14,4,34,39,56],[14, 16, 42, 17, 52, 44, 53, 54]]
[[5,13,11,33,15,67],[14, 16, 42, 49, 17, 50, 52, 51]]
[[4,14,7,22,24,95],[14, 16, 42, 49, 17, 50, 51, 53]]
[[2,14,8,26,42,80],[14, 16, 42, 49, 17, 50, 51, 54]]
[[6,12,12,32,6,66],[14, 16, 42, 49, 17, 50, 52, 53]]
[[4,10,13,22,59,55],[14, 16, 42, 49, 17, 50, 52, 54]]
[[3,9,12,29,23,78],[14, 16, 42, 49, 17, 50, 53, 54]]
[[5,11,11,35,15,53],[14, 16, 42, 49, 17, 52, 51, 53]]
[[3,15,15,27,13,69],[14, 16, 42, 49, 17, 52, 51, 54]]
[[4,14,10,18,24,92],[14, 16, 42, 49, 17, 51, 53, 54]]
[[5,13,11,33,20,55],[14, 16, 42, 17, 50, 52, 51, 53]]
[[3,9,15,25,33,111],[14, 16, 42, 17, 50, 52, 51, 54]]
[[4,8,7,24,69,71],[14, 16, 42, 17, 50, 51, 53, 54]]
[[2,6,8,26,47,66],[14, 16, 42, 17, 50, 52, 53, 54]]
[[3,3,9,27,23,57],[14, 16, 49, 17, 43, 50, 44, 53]]
[[4,12,16,20,19,90],[14, 16, 49, 17, 43, 44, 51, 53]]
[[4,12,16,20,44,54],[14, 16, 49, 17, 43, 44, 51, 54]]
[[4,10,7,30,24,85],[14, 16, 49, 17, 43, 52, 44, 53]]
[[5,11,8,23,25,86],[14, 16, 49, 17, 43, 44, 53, 54]]
[[4,12,10,32,29,78],[14, 16, 17, 43, 50, 44, 51, 54]]
[[4,14,13,22,19,95],[14, 16, 17, 43, 50, 52, 44, 53]]
[[5,11,8,31,30,92],[14, 16, 17, 43, 50, 44, 53, 54]]
[[5,11,8,27,35,74],[14, 16, 17, 43, 52, 44, 51, 53]]
[[5,11,11,27,35,71],[14, 16, 17, 43, 52, 44, 51, 54]]
[[4,10,13,22,24,97],[14, 16, 17, 43, 44, 51, 53, 54]]
[[4,12,10,32,29,66],[14, 16, 17, 43, 52, 44, 53, 54]]
[[2,12,11,28,27,87],[14, 16, 49, 17, 43, 50, 51, 54]]
[[3,7,9,23,43,127],[14, 16, 49, 17, 43, 50, 53, 54]]
[[2,10,8,22,42,82],[14, 16, 49, 17, 43, 52, 53, 54]]
[[4,10,7,26,54,73],[14, 16, 49, 17, 50, 44, 51, 53]]
[[4,10,13,30,29,79],[14, 16, 49, 17, 50, 52, 44, 53]]
[[4,14,10,18,29,92],[14, 16, 49, 17, 44, 51, 53, 54]]
[[5,15,5,31,30,51],[14, 16, 17, 50, 52, 44, 51, 53]]
[[4,8,10,32,29,86],[14, 16, 17, 50, 44, 51, 53, 54]]
[[5,9,11,21,35,75],[14, 16, 49, 17, 50, 52, 51, 53]]
[[3,17,9,21,28,71],[14, 16, 49, 17, 50, 52, 51, 54]]
[[2,10,14,30,42,76],[14, 16, 49, 17, 50, 52, 53, 54]]
[[4,12,16,20,19,90],[34, 14, 35, 37, 17, 18, 39, 53]]
[[4,12,7,24,29,93],[34, 14, 35, 40, 37, 17, 18, 53]]
[[4,10,16,30,34,46],[34, 14, 35, 40, 37, 17, 18, 54]]
[[5,11,17,19,25,83],[34, 14, 35, 37, 42, 17, 18, 53]]
[[5,9,11,17,20,93],[34, 14, 35, 37, 17, 43, 18, 53]]
[[4,6,10,26,34,96],[34, 14, 35, 37, 17, 52, 18, 44]]
[[3,3,6,43,28,72],[34, 14, 35, 37, 17, 18, 44, 53]]
[[3,11,3,39,33,47],[34, 14, 35, 37, 49, 17, 18, 54]]
[[3,9,15,37,23,75],[34, 14, 35, 37, 17, 50, 18, 54]]
[[5,9,23,13,35,75],[34, 14, 35, 37, 17, 52, 18, 51]]
[[4,12,10,28,29,72],[34, 14, 35, 37, 17, 18, 51, 53]]
[[2,8,8,28,42,86],[34, 14, 35, 37, 17, 18, 51, 54]]
[[4,8,16,20,34,62],[34, 14, 35, 17, 38, 18, 39, 53]]
[[4,14,13,30,14,71],[34, 14, 35, 40, 17, 38, 18, 54]]
[[5,11,5,31,40,83],[34, 14, 35, 42, 17, 38, 18, 53]]
[[3,5,3,33,18,41],[34, 14, 35, 42, 17, 38, 18, 54]]
[[5,9,20,13,35,84],[34, 14, 35, 17, 38, 43, 18, 53]]
[[3,13,9,33,33,67],[34, 14, 35, 17, 38, 18, 44, 53]]
[[3,7,9,39,38,61],[34, 14, 35, 49, 17, 38, 18, 54]]
[[3,5,9,33,23,59],[34, 14, 35, 17, 38, 50, 18, 54]]
[[4,10,16,22,14,112],[34, 14, 35, 17, 38, 18, 51, 53]]
[[4,12,7,28,29,69],[34, 14, 35, 17, 38, 52, 18, 54]]
[[3,7,6,11,68,70],[34, 14, 35, 17, 38, 18, 53, 54]]
[[3,15,9,27,28,69],[34, 14, 35, 40, 17, 18, 39, 53]]
[[4,12,10,16,49,66],[34, 14, 35, 42, 17, 18, 39, 53]]
[[2,12,14,24,37,84],[34, 14, 35, 42, 17, 18, 39, 54]]
[[2,8,8,32,52,62],[34, 14, 35, 17, 43, 18, 39, 54]]
[[3,13,6,29,43,76],[34, 14, 35, 17, 52, 18, 39, 44]]
[[4,8,7,28,24,65],[34, 14, 35, 17, 18, 39, 44, 53]]
[[4,12,13,32,29,57],[34, 14, 35, 17, 18, 39, 44, 54]]
[[4,6,10,34,19,60],[34, 14, 35, 49, 17, 18, 39, 53]]
[[2,10,2,26,32,52],[34, 14, 35, 49, 17, 18, 39, 54]]
[[4,8,13,24,49,77],[34, 14, 35, 17, 50, 18, 39, 53]]
[[4,10,10,26,34,52],[34, 14, 35, 17, 52, 18, 39, 51]]
[[5,11,14,19,45,56],[34, 14, 35, 17, 18, 39, 51, 53]]
[[3,5,9,41,33,71],[34, 14, 35, 17, 18, 39, 51, 54]]
[[5,9,14,21,45,72],[34, 14, 35, 17, 52, 18, 39, 53]]
[[4,12,10,32,24,84],[34, 14, 35, 17, 18, 39, 53, 54]]
[[4,10,7,18,74,67],[34, 14, 35, 40, 17, 43, 18, 53]]
[[5,9,11,29,20,63],[34, 14, 35, 40, 17, 52, 18, 44]]
[[4,6,7,18,49,117],[34, 14, 35, 40, 17, 18, 44, 53]]
[[2,14,8,26,37,80],[34, 14, 35, 40, 17, 18, 44, 54]]
[[4,12,16,20,34,78],[34, 14, 35, 40, 49, 17, 18, 54]]
[[4,12,10,20,39,66],[34, 14, 35, 40, 17, 50, 18, 53]]
[[4,16,10,24,29,64],[34, 14, 35, 40, 17, 52, 18, 51]]
[[3,11,9,43,33,35],[34, 14, 35, 40, 17, 18, 51, 53]]
[[3,5,9,17,33,95],[34, 14, 35, 40, 17, 18, 51, 54]]
[[5,11,17,15,25,89],[34, 14, 35, 40, 17, 52, 18, 53]]
[[3,9,9,33,43,87],[34, 14, 35, 42, 49, 17, 18, 54]]
[[5,13,8,33,20,58],[34, 14, 35, 42, 17, 50, 18, 53]]
[[3,9,9,41,38,69],[34, 14, 35, 42, 17, 50, 18, 54]]
[[2,10,20,30,42,58],[34, 14, 35, 42, 17, 18, 51, 54]]
[[4,10,13,34,34,73],[34, 14, 35, 17, 43, 52, 18, 44]]
[[3,11,3,31,43,71],[34, 14, 35, 17, 43, 18, 44, 53]]
[[5,11,14,23,25,74],[34, 14, 35, 49, 17, 43, 18, 53]]
[[3,11,6,35,38,74],[34, 14, 35, 49, 17, 43, 18, 54]]
[[3,7,15,27,53,61],[34, 14, 35, 17, 43, 50, 18, 54]]
[[4,8,13,28,39,83],[34, 14, 35, 17, 43, 18, 51, 53]]
[[2,2,8,26,32,68],[34, 14, 35, 17, 43, 18, 51, 54]]
[[6,12,9,28,26,63],[34, 14, 35, 17, 43, 52, 18, 53]]
[[4,8,13,20,44,113],[34, 14, 35, 17, 43, 52, 18, 54]]
[[3,9,3,21,58,93],[34, 14, 35, 17, 43, 18, 53, 54]]
[[4,10,13,34,24,85],[34, 14, 35, 49, 17, 52, 18, 44]]
[[3,13,12,33,28,76],[34, 14, 35, 49, 17, 18, 44, 53]]
[[3,13,12,25,48,76],[34, 14, 35, 49, 17, 18, 44, 54]]
[[4,10,10,46,19,46],[34, 14, 35, 17, 50, 52, 18, 44]]
[[3,9,6,25,38,108],[34, 14, 35, 17, 50, 18, 44, 54]]
[[4,12,10,40,19,48],[34, 14, 35, 17, 18, 44, 51, 53]]
[[4,16,7,28,24,61],[34, 14, 35, 17, 52, 18, 44, 53]]
[[4,8,4,32,44,116],[34, 14, 35, 17, 52, 18, 44, 54]]
[[5,9,8,29,50,66],[34, 14, 35, 17, 18, 44, 53, 54]]
[[5,11,17,19,40,59],[34, 14, 35, 49, 17, 52, 18, 51]]
[[4,12,10,28,24,84],[34, 14, 35, 49, 17, 18, 51, 53]]
[[2,10,11,30,27,73],[34, 14, 35, 49, 17, 18, 51, 54]]
[[3,9,9,37,33,51],[34, 14, 35, 49, 17, 18, 53, 54]]
[[5,13,14,21,25,58],[34, 14, 35, 17, 50, 52, 18, 51]]
[[4,14,13,26,24,77],[34, 14, 35, 17, 50, 18, 51, 53]]
[[2,4,5,32,52,55],[34, 14, 35, 17, 50, 18, 51, 54]]
[[3,11,9,19,43,89],[34, 14, 35, 17, 50, 18, 53, 54]]
[[5,15,11,19,20,93],[34, 14, 35, 17, 52, 18, 51, 53]]
[[4,12,10,32,34,66],[34, 14, 35, 17, 18, 51, 53, 54]]
[[2,6,2,38,32,42],[34, 14, 37, 17, 38, 18, 39, 54]]
[[4,6,10,22,44,102],[34, 14, 40, 37, 17, 38, 18, 53]]
[[4,10,10,18,39,94],[34, 14, 37, 17, 38, 52, 18, 44]]
[[3,3,6,43,23,72],[34, 14, 37, 17, 38, 18, 44, 53]]
[[3,9,12,37,43,54],[34, 14, 37, 17, 38, 18, 44, 54]]
[[5,15,11,19,35,57],[34, 14, 37, 17, 38, 50, 18, 53]]
[[5,15,14,15,25,72],[34, 14, 37, 17, 38, 52, 18, 51]]
[[4,10,10,34,24,70],[34, 14, 37, 17, 38, 18, 51, 53]]
[[2,10,5,22,32,55],[34, 14, 37, 17, 38, 18, 51, 54]]
[[6,14,6,30,31,50],[34, 14, 37, 17, 38, 52, 18, 53]]
[[4,12,13,24,34,57],[34, 14, 37, 17, 38, 52, 18, 54]]
[[3,17,9,21,28,71],[34, 14, 37, 17, 38, 18, 53, 54]]
[[3,11,9,31,43,83],[34, 14, 40, 37, 17, 18, 39, 53]]
[[4,8,10,28,24,68],[34, 14, 37, 42, 17, 18, 39, 53]]
[[2,4,8,28,52,58],[34, 14, 37, 42, 17, 18, 39, 54]]
[[2,8,2,32,22,32],[34, 14, 37, 17, 43, 18, 39, 54]]
[[3,11,12,35,28,56],[34, 14, 37, 17, 52, 18, 39, 44]]
[[4,8,4,16,49,68],[34, 14, 37, 17, 18, 39, 44, 54]]
[[2,8,8,40,42,68],[34, 14, 37, 49, 17, 18, 39, 54]]
[[2,6,11,34,52,75],[34, 14, 37, 17, 50, 18, 39, 54]]
[[4,10,19,34,19,61],[34, 14, 37, 17, 52, 18, 39, 51]]
[[3,15,6,27,28,54],[34, 14, 37, 17, 18, 39, 51, 54]]
[[3,11,9,11,58,89],[34, 14, 37, 17, 52, 18, 39, 54]]
[[4,12,4,32,24,60],[34, 14, 37, 17, 18, 39, 53, 54]]
[[4,8,13,28,29,89],[34, 14, 40, 37, 42, 17, 18, 54]]
[[4,8,4,24,44,68],[34, 14, 40, 37, 17, 43, 18, 53]]
[[4,8,7,32,29,101],[34, 14, 40, 37, 17, 18, 44, 53]]
[[4,12,10,24,19,96],[34, 14, 40, 37, 17, 50, 18, 53]]
[[3,15,9,27,23,69],[34, 14, 40, 37, 17, 18, 51, 53]]
[[3,13,12,33,33,58],[34, 14, 40, 37, 17, 18, 51, 54]]
[[5,9,11,29,20,75],[34, 14, 37, 42, 17, 43, 18, 53]]
[[3,9,9,25,23,105],[34, 14, 37, 42, 17, 43, 18, 54]]
[[4,10,7,22,29,67],[34, 14, 37, 42, 17, 52, 18, 44]]
[[3,7,12,31,28,88],[34, 14, 37, 42, 17, 18, 44, 54]]
[[5,13,14,25,25,58],[34, 14, 37, 42, 49, 17, 18, 53]]
[[3,5,6,33,18,56],[34, 14, 37, 42, 49, 17, 18, 54]]
[[5,9,8,21,40,96],[34, 14, 37, 42, 17, 50, 18, 53]]
[[4,12,10,28,24,84],[34, 14, 37, 42, 17, 18, 51, 53]]
[[2,10,8,22,32,106],[34, 14, 37, 42, 17, 18, 51, 54]]
[[6,10,12,22,41,46],[34, 14, 37, 42, 17, 52, 18, 53]]
[[3,7,9,27,28,61],[34, 14, 37, 42, 17, 18, 53, 54]]
[[4,6,10,38,24,60],[34, 14, 37, 17, 43, 52, 18, 44]]
[[3,5,9,37,33,65],[34, 14, 37, 17, 43, 18, 44, 53]]
[[3,5,9,29,28,59],[34, 14, 37, 17, 43, 18, 44, 54]]
[[5,11,17,23,25,77],[34, 14, 37, 17, 43, 52, 18, 51]]
[[4,12,7,28,39,81],[34, 14, 37, 17, 43, 18, 51, 53]]
[[2,10,8,26,32,82],[34, 14, 37, 17, 43, 18, 51, 54]]
[[3,13,12,33,28,70],[34, 14, 37, 49, 17, 18, 44, 53]]
[[3,9,12,21,23,84],[34, 14, 37, 49, 17, 18, 44, 54]]
[[4,8,13,24,39,113],[34, 14, 37, 17, 50, 52, 18, 44]]
[[3,9,12,29,28,72],[34, 14, 37, 17, 50, 18, 44, 53]]
[[3,9,18,33,23,84],[34, 14, 37, 17, 50, 18, 44, 54]]
[[4,10,13,18,29,103],[34, 14, 37, 17, 18, 44, 51, 54]]
[[4,4,10,32,29,70],[34, 14, 37, 17, 52, 18, 44, 53]]
[[4,8,13,40,24,47],[34, 14, 37, 17, 52, 18, 44, 54]]
[[5,11,14,31,20,68],[34, 14, 37, 17, 18, 44, 53, 54]]
[[3,7,9,23,23,79],[34, 14, 37, 49, 17, 50, 18, 54]]
[[4,6,10,26,4,60],[34, 14, 37, 49, 17, 18, 51, 53]]
[[3,9,9,25,33,93],[34, 14, 37, 49, 17, 18, 53, 54]]
[[4,8,10,32,19,62],[34, 14, 37, 17, 50, 18, 51, 53]]
[[2,10,5,26,37,73],[34, 14, 37, 17, 50, 18, 51, 54]]
[[6,10,9,26,21,85],[34, 14, 37, 17, 50, 52, 18, 53]]
[[3,7,9,39,28,61],[34, 14, 37, 17, 50, 18, 53, 54]]
[[5,13,11,25,25,55],[34, 14, 37, 17, 52, 18, 51, 53]]
[[4,12,16,20,29,84],[34, 14, 37, 17, 18, 51, 53, 54]]
[[2,14,11,34,42,47],[34, 14, 37, 17, 52, 18, 53, 54]]
[[3,11,9,31,38,83],[34, 14, 40, 17, 38, 18, 39, 53]]
[[3,7,15,23,28,115],[34, 14, 40, 17, 38, 18, 39, 54]]
[[4,8,13,32,19,65],[34, 14, 42, 17, 38, 18, 39, 53]]
[[4,8,16,16,24,116],[34, 14, 17, 38, 43, 18, 39, 53]]
[[2,12,5,20,22,57],[34, 14, 17, 38, 43, 18, 39, 54]]
[[3,11,12,39,33,56],[34, 14, 17, 38, 52, 18, 39, 44]]
[[4,6,16,26,29,66],[34, 14, 17, 38, 18, 39, 44, 53]]
[[4,10,13,22,44,91],[34, 14, 17, 38, 18, 39, 44, 54]]
[[2,12,11,24,27,75],[34, 14, 49, 17, 38, 18, 39, 54]]
[[2,14,8,26,42,68],[34, 14, 17, 38, 50, 18, 39, 54]]
[[5,15,8,19,30,90],[34, 14, 17, 38, 18, 39, 51, 53]]
[[4,16,13,16,24,79],[34, 14, 17, 38, 18, 39, 53, 54]]
[[4,12,7,32,24,81],[34, 14, 40, 42, 17, 38, 18, 53]]
[[4,8,13,20,24,107],[34, 14, 40, 17, 38, 43, 18, 53]]
[[4,8,13,32,19,71],[34, 14, 40, 17, 38, 43, 18, 54]]
[[5,9,17,13,35,81],[34, 14, 40, 17, 38, 52, 18, 44]]
[[4,10,7,34,29,67],[34, 14, 40, 17, 38, 18, 44, 53]]
[[2,10,11,30,22,79],[34, 14, 40, 17, 38, 18, 44, 54]]
[[4,8,13,32,19,77],[34, 14, 40, 49, 17, 38, 18, 53]]
[[4,14,10,26,14,92],[34, 14, 40, 17, 38, 52, 18, 51]]
[[3,9,6,45,28,48],[34, 14, 40, 17, 38, 18, 51, 53]]
[[3,11,9,27,33,65],[34, 14, 40, 17, 38, 18, 51, 54]]
[[5,13,5,33,35,67],[34, 14, 40, 17, 38, 52, 18, 53]]
[[4,10,7,34,34,73],[34, 14, 40, 17, 38, 18, 53, 54]]
[[3,5,12,33,33,86],[34, 14, 42, 17, 38, 43, 18, 54]]
[[3,9,12,29,28,66],[34, 14, 42, 17, 38, 18, 44, 53]]
[[3,9,9,37,28,57],[34, 14, 42, 17, 38, 18, 44, 54]]
[[5,9,14,29,40,60],[34, 14, 42, 49, 17, 38, 18, 53]]
[[5,9,8,17,50,60],[34, 14, 42, 17, 38, 50, 18, 53]]
[[3,9,3,33,18,51],[34, 14, 42, 17, 38, 50, 18, 54]]
[[4,14,13,26,24,77],[34, 14, 42, 17, 38, 18, 51, 53]]
[[6,12,12,16,41,54],[34, 14, 42, 17, 38, 52, 18, 53]]
[[3,11,15,27,3,101],[34, 14, 42, 17, 38, 18, 53, 54]]
[[4,6,4,26,44,96],[34, 14, 17, 38, 43, 52, 18, 44]]
[[3,11,6,31,28,56],[34, 14, 17, 38, 43, 18, 44, 53]]
[[3,11,3,23,48,101],[34, 14, 17, 38, 43, 18, 44, 54]]
[[3,11,9,39,38,59],[34, 14, 49, 17, 38, 43, 18, 54]]
[[5,11,14,19,35,62],[34, 14, 17, 38, 43, 52, 18, 51]]
[[4,14,13,22,29,77],[34, 14, 17, 38, 43, 18, 51, 53]]
[[2,8,11,24,7,83],[34, 14, 17, 38, 43, 18, 51, 54]]
[[3,7,21,19,33,73],[34, 14, 17, 38, 43, 18, 53, 54]]
[[3,11,12,35,33,56],[34, 14, 49, 17, 38, 18, 44, 53]]
[[3,7,21,19,33,79],[34, 14, 49, 17, 38, 18, 44, 54]]
[[3,3,9,27,23,57],[34, 14, 17, 38, 50, 18, 44, 53]]
[[3,7,12,27,18,76],[34, 14, 17, 38, 50, 18, 44, 54]]
[[4,10,16,22,34,94],[34, 14, 17, 38, 18, 44, 51, 54]]
[[4,4,7,24,54,73],[34, 14, 17, 38, 52, 18, 44, 53]]
[[5,9,8,25,55,54],[34, 14, 17, 38, 18, 44, 53, 54]]
[[4,8,10,32,19,62],[34, 14, 49, 17, 38, 18, 51, 53]]
[[2,10,8,34,42,64],[34, 14, 49, 17, 38, 18, 51, 54]]
[[6,10,9,30,46,43],[34, 14, 49, 17, 38, 52, 18, 53]]
[[4,14,13,14,54,65],[34, 14, 49, 17, 38, 52, 18, 54]]
[[3,17,9,21,28,71],[34, 14, 49, 17, 38, 18, 53, 54]]
[[4,14,10,34,24,44],[34, 14, 17, 38, 50, 18, 51, 53]]
[[2,8,8,32,37,74],[34, 14, 17, 38, 50, 18, 51, 54]]
[[3,11,9,23,43,77],[34, 14, 17, 38, 50, 18, 53, 54]]
[[5,13,8,25,30,88],[34, 14, 17, 38, 52, 18, 51, 53]]
[[4,10,4,30,29,64],[34, 14, 17, 38, 18, 51, 53, 54]]
[[2,12,11,36,37,69],[34, 14, 17, 38, 52, 18, 53, 54]]
[[3,11,6,31,23,56],[34, 14, 40, 42, 17, 18, 39, 53]]
[[3,9,6,33,23,78],[34, 14, 40, 17, 43, 18, 39, 53]]
[[4,10,13,30,39,55],[34, 14, 40, 17, 52, 18, 39, 44]]
[[3,9,15,29,33,87],[34, 14, 40, 49, 17, 18, 39, 54]]
[[3,13,9,29,48,79],[34, 14, 40, 17, 50, 18, 39, 54]]
[[4,12,13,20,24,87],[34, 14, 40, 17, 18, 39, 51, 53]]
[[4,10,13,26,49,73],[34, 14, 40, 17, 52, 18, 39, 53]]
[[4,16,10,24,24,70],[34, 14, 40, 17, 52, 18, 39, 54]]
[[4,12,10,20,39,72],[34, 14, 42, 17, 43, 18, 39, 53]]
[[2,14,2,22,52,80],[34, 14, 42, 17, 43, 18, 39, 54]]
[[3,9,6,33,43,78],[34, 14, 42, 17, 52, 18, 39, 44]]
[[4,8,13,32,44,47],[34, 14, 42, 17, 18, 39, 44, 53]]
[[4,10,7,18,19,91],[34, 14, 42, 49, 17, 18, 39, 53]]
[[2,8,2,24,37,74],[34, 14, 42, 49, 17, 18, 39, 54]]
[[4,6,13,18,34,69],[34, 14, 42, 17, 50, 18, 39, 53]]
[[2,8,5,40,42,71],[34, 14, 42, 17, 50, 18, 39, 54]]
[[4,6,13,30,29,75],[34, 14, 42, 17, 52, 18, 39, 51]]
[[3,7,6,31,38,76],[34, 14, 42, 17, 18, 39, 51, 54]]
[[5,7,17,27,30,49],[34, 14, 42, 17, 52, 18, 39, 53]]
[[4,12,10,24,44,72],[34, 14, 42, 17, 18, 39, 53, 54]]
[[3,11,9,39,33,77],[34, 14, 17, 43, 52, 18, 39, 44]]
[[4,10,10,26,44,82],[34, 14, 17, 43, 18, 39, 44, 54]]
[[4,10,19,26,24,67],[34, 14, 49, 17, 43, 18, 39, 53]]
[[4,6,22,14,39,78],[34, 14, 17, 43, 50, 18, 39, 53]]
[[2,16,14,24,32,76],[34, 14, 17, 43, 50, 18, 39, 54]]
[[4,10,13,34,34,73],[34, 14, 17, 43, 52, 18, 39, 51]]
[[3,5,12,21,38,116],[34, 14, 17, 43, 18, 39, 51, 54]]
[[5,11,8,27,35,74],[34, 14, 17, 43, 52, 18, 39, 53]]
[[4,14,7,18,24,101],[34, 14, 17, 43, 18, 39, 53, 54]]
[[4,6,13,38,24,51],[34, 14, 49, 17, 18, 39, 44, 53]]
[[3,7,15,31,23,91],[34, 14, 17, 50, 52, 18, 39, 44]]
[[4,10,19,22,24,79],[34, 14, 17, 50, 18, 39, 44, 53]]
[[4,12,13,24,24,93],[34, 14, 17, 50, 18, 39, 44, 54]]
[[3,7,18,23,38,88],[34, 14, 17, 18, 39, 44, 51, 53]]
[[5,9,14,25,25,78],[34, 14, 17, 52, 18, 39, 44, 53]]
[[4,12,13,24,44,69],[34, 14, 17, 18, 39, 44, 53, 54]]
[[4,12,13,24,29,69],[34, 14, 49, 17, 52, 18, 39, 51]]
[[5,13,14,13,30,94],[34, 14, 49, 17, 18, 39, 51, 53]]
[[3,7,18,23,18,100],[34, 14, 49, 17, 52, 18, 39, 54]]
[[4,14,13,30,19,59],[34, 14, 17, 50, 52, 18, 39, 51]]
[[5,11,8,27,35,86],[34, 14, 17, 50, 18, 39, 51, 53]]
[[3,11,3,31,38,59],[34, 14, 17, 50, 18, 39, 51, 54]]
[[3,17,6,21,33,68],[34, 14, 17, 50, 52, 18, 39, 54]]
[[4,12,13,20,49,63],[34, 14, 17, 50, 18, 39, 53, 54]]
[[6,12,12,20,36,48],[34, 14, 17, 52, 18, 39, 51, 53]]
[[3,3,6,43,18,54],[34, 14, 17, 18, 39, 51, 53, 54]]
[[4,6,16,22,29,66],[34, 14, 40, 42, 17, 43, 18, 53]]
[[4,12,13,28,19,99],[34, 14, 40, 42, 17, 43, 18, 54]]
[[5,9,14,17,35,84],[34, 14, 40, 42, 17, 52, 18, 44]]
[[2,8,8,36,42,56],[34, 14, 40, 42, 17, 18, 44, 54]]
[[4,10,10,18,74,70],[34, 14, 40, 42, 49, 17, 18, 54]]
[[4,12,10,28,39,84],[34, 14, 40, 42, 17, 50, 18, 54]]
[[4,16,10,24,24,64],[34, 14, 40, 42, 17, 52, 18, 51]]
[[3,11,6,35,28,50],[34, 14, 40, 42, 17, 18, 51, 53]]
[[5,13,11,25,35,61],[34, 14, 40, 42, 17, 52, 18, 53]]
[[4,12,4,24,24,84],[34, 14, 40, 42, 17, 18, 53, 54]]
[[4,6,10,26,4,60],[34, 14, 40, 17, 43, 18, 44, 53]]
[[4,10,13,18,29,103],[34, 14, 40, 49, 17, 43, 18, 54]]
[[4,8,13,20,44,107],[34, 14, 40, 17, 43, 50, 18, 54]]
[[3,13,12,33,28,70],[34, 14, 40, 17, 43, 18, 51, 53]]
[[3,9,12,21,23,84],[34, 14, 40, 17, 43, 18, 51, 54]]
[[5,11,11,27,40,71],[34, 14, 40, 17, 43, 52, 18, 54]]
[[5,11,17,23,25,77],[34, 14, 40, 49, 17, 52, 18, 44]]
[[4,12,7,28,39,81],[34, 14, 40, 49, 17, 18, 44, 53]]
[[2,10,8,26,32,82],[34, 14, 40, 49, 17, 18, 44, 54]]
[[5,9,14,29,20,78],[34, 14, 40, 17, 50, 52, 18, 44]]
[[2,8,8,40,42,56],[34, 14, 40, 17, 50, 18, 44, 54]]
[[5,11,11,31,20,65],[34, 14, 40, 17, 52, 18, 44, 53]]
[[3,5,12,41,48,56],[34, 14, 40, 17, 52, 18, 44, 54]]
[[4,12,13,24,49,63],[34, 14, 40, 49, 17, 50, 18, 53]]
[[4,6,10,38,24,60],[34, 14, 40, 49, 17, 52, 18, 51]]
[[3,5,9,37,33,65],[34, 14, 40, 49, 17, 18, 51, 53]]
[[3,5,9,29,28,59],[34, 14, 40, 49, 17, 18, 51, 54]]
[[5,7,17,23,20,79],[34, 14, 40, 49, 17, 52, 18, 53]]
[[4,14,10,26,19,80],[34, 14, 40, 49, 17, 18, 53, 54]]
[[4,14,7,30,34,59],[34, 14, 40, 17, 50, 52, 18, 51]]
[[3,9,6,37,28,54],[34, 14, 40, 17, 50, 18, 51, 53]]
[[3,9,9,29,13,81],[34, 14, 40, 17, 50, 18, 51, 54]]
[[5,7,11,15,40,103],[34, 14, 40, 17, 50, 52, 18, 53]]
[[4,10,7,26,24,73],[34, 14, 40, 17, 50, 18, 53, 54]]
[[4,8,16,28,34,68],[34, 14, 40, 17, 52, 18, 51, 53]]
[[3,7,15,23,28,85],[34, 14, 40, 17, 52, 18, 53, 54]]
[[4,10,10,38,24,70],[34, 14, 42, 17, 43, 52, 18, 44]]
[[3,11,9,43,33,35],[34, 14, 42, 17, 43, 18, 44, 53]]
[[5,15,11,23,30,51],[34, 14, 42, 49, 17, 43, 18, 53]]
[[3,9,6,33,28,78],[34, 14, 42, 49, 17, 43, 18, 54]]
[[5,13,8,29,30,64],[34, 14, 42, 17, 43, 50, 18, 53]]
[[5,17,11,21,5,71],[34, 14, 42, 17, 43, 52, 18, 51]]
[[2,8,5,28,27,101],[34, 14, 42, 17, 43, 18, 51, 54]]
[[6,14,9,22,26,71],[34, 14, 42, 17, 43, 52, 18, 53]]
[[4,8,10,28,39,86],[34, 14, 42, 17, 43, 52, 18, 54]]
[[3,9,15,25,23,87],[34, 14, 42, 17, 43, 18, 53, 54]]
[[4,14,7,30,34,65],[34, 14, 42, 49, 17, 52, 18, 44]]
[[3,13,6,25,38,76],[34, 14, 42, 49, 17, 18, 44, 53]]
[[3,15,6,15,38,90],[34, 14, 42, 49, 17, 18, 44, 54]]
[[3,9,9,37,28,57],[34, 14, 42, 17, 50, 18, 44, 54]]
[[4,16,4,28,39,52],[34, 14, 42, 17, 18, 44, 51, 53]]
[[4,12,13,20,39,75],[34, 14, 42, 17, 18, 44, 51, 54]]
[[4,14,10,30,34,50],[34, 14, 42, 17, 52, 18, 44, 53]]
[[4,12,7,28,29,81],[34, 14, 42, 17, 52, 18, 44, 54]]
[[4,8,13,28,39,113],[34, 14, 42, 49, 17, 18, 51, 53]]
[[2,8,8,16,32,92],[34, 14, 42, 49, 17, 18, 51, 54]]
[[3,9,15,25,28,99],[34, 14, 42, 49, 17, 18, 53, 54]]
[[4,8,16,28,29,98],[34, 14, 42, 17, 50, 18, 51, 53]]
[[5,13,5,33,35,67],[34, 14, 42, 17, 52, 18, 51, 53]]
[[4,8,16,16,24,116],[34, 14, 42, 17, 18, 51, 53, 54]]
[[2,8,5,36,22,53],[34, 14, 42, 17, 52, 18, 53, 54]]
[[3,15,9,27,23,69],[34, 14, 49, 17, 43, 18, 44, 53]]
[[3,13,12,33,33,58],[34, 14, 49, 17, 43, 18, 44, 54]]
[[3,9,6,45,28,48],[34, 14, 17, 43, 50, 18, 44, 53]]
[[4,12,13,20,54,63],[34, 14, 17, 43, 52, 18, 44, 53]]
[[5,13,8,29,20,76],[34, 14, 17, 43, 18, 44, 53, 54]]
[[3,15,6,31,33,42],[34, 14, 49, 17, 43, 50, 18, 54]]
[[4,8,7,32,29,101],[34, 14, 49, 17, 43, 18, 51, 53]]
[[4,12,13,32,39,39],[34, 14, 49, 17, 43, 52, 18, 54]]
[[3,13,6,21,38,70],[34, 14, 49, 17, 43, 18, 53, 54]]
[[5,13,14,21,35,46],[34, 14, 17, 43, 50, 52, 18, 51]]
[[4,12,10,24,14,108],[34, 14, 17, 43, 50, 18, 51, 53]]
[[2,4,11,36,42,97],[34, 14, 17, 43, 50, 18, 51, 54]]
[[4,8,22,16,24,98],[34, 14, 17, 43, 50, 52, 18, 54]]
[[3,9,18,21,33,66],[34, 14, 17, 43, 50, 18, 53, 54]]
[[5,13,11,21,20,103],[34, 14, 17, 43, 52, 18, 51, 53]]
[[3,13,12,25,33,76],[34, 14, 17, 43, 52, 18, 51, 54]]
[[4,10,10,42,19,52],[34, 14, 17, 43, 18, 51, 53, 54]]
[[4,12,7,32,34,75],[34, 14, 49, 17, 50, 52, 18, 44]]
[[3,11,9,27,28,77],[34, 14, 49, 17, 50, 18, 44, 53]]
[[3,9,21,25,28,63],[34, 14, 49, 17, 50, 18, 44, 54]]
[[4,8,4,24,44,68],[34, 14, 49, 17, 18, 44, 51, 53]]
[[4,10,13,26,24,97],[34, 14, 49, 17, 52, 18, 44, 53]]
[[4,16,7,28,39,55],[34, 14, 49, 17, 52, 18, 44, 54]]
[[4,8,10,32,14,68],[34, 14, 17, 50, 18, 44, 51, 54]]
[[4,12,13,28,29,87],[34, 14, 17, 50, 52, 18, 44, 54]]
[[5,9,11,21,30,69],[34, 14, 17, 50, 18, 44, 53, 54]]
[[5,11,11,31,25,83],[34, 14, 17, 52, 18, 44, 51, 53]]
[[4,16,13,20,19,73],[34, 14, 49, 17, 50, 18, 51, 53]]
[[2,12,8,20,32,96],[34, 14, 49, 17, 50, 18, 51, 54]]
[[6,16,6,20,31,64],[34, 14, 49, 17, 50, 52, 18, 53]]
[[3,13,9,29,28,85],[34, 14, 49, 17, 50, 18, 53, 54]]
[[5,15,5,31,30,51],[34, 14, 17, 50, 52, 18, 51, 53]]
[[4,14,7,26,29,77],[34, 14, 17, 50, 18, 51, 53, 54]]
[[2,10,8,22,17,76],[34, 14, 17, 50, 52, 18, 53, 54]]
[[4,8,13,12,19,113],[14, 35, 37, 17, 38, 18, 39, 53]]
[[2,10,8,18,32,76],[14, 35, 37, 17, 38, 18, 39, 54]]
[[4,8,10,28,44,68],[14, 35, 40, 37, 17, 38, 18, 53]]
[[5,13,8,29,50,46],[14, 35, 37, 42, 17, 38, 18, 53]]
[[3,15,6,27,33,72],[14, 35, 37, 42, 17, 38, 18, 54]]
[[3,11,9,27,28,77],[14, 35, 37, 17, 38, 43, 18, 54]]
[[3,9,9,29,43,69],[14, 35, 37, 17, 38, 18, 44, 54]]
[[3,13,9,29,23,73],[14, 35, 37, 17, 38, 50, 18, 54]]
[[5,11,20,15,30,68],[14, 35, 37, 17, 38, 52, 18, 51]]
[[2,8,5,28,47,71],[14, 35, 37, 17, 38, 18, 51, 54]]
[[3,9,9,29,13,81],[14, 35, 37, 17, 38, 18, 53, 54]]
[[3,13,12,21,28,88],[14, 35, 40, 37, 17, 18, 39, 53]]
[[4,12,7,28,29,93],[14, 35, 37, 42, 17, 18, 39, 53]]
[[2,14,14,22,32,86],[14, 35, 37, 17, 43, 18, 39, 54]]
[[3,9,12,21,48,84],[14, 35, 37, 17, 52, 18, 39, 44]]
[[4,8,13,32,44,47],[14, 35, 37, 17, 18, 39, 44, 53]]
[[4,16,13,16,34,67],[14, 35, 37, 17, 18, 39, 44, 54]]
[[4,12,19,24,19,75],[14, 35, 37, 49, 17, 18, 39, 53]]
[[2,12,17,28,37,69],[14, 35, 37, 49, 17, 18, 39, 54]]
[[2,6,11,26,37,57],[14, 35, 37, 17, 50, 18, 39, 54]]
[[4,10,10,30,34,82],[14, 35, 37, 17, 52, 18, 39, 51]]
[[5,11,11,27,25,95],[14, 35, 37, 17, 18, 39, 51, 53]]
[[3,5,9,25,28,41],[14, 35, 37, 17, 18, 39, 51, 54]]
[[5,9,14,21,45,72],[14, 35, 37, 17, 52, 18, 39, 53]]
[[3,9,6,25,18,60],[14, 35, 37, 17, 52, 18, 39, 54]]
[[4,8,13,28,44,89],[14, 35, 37, 17, 18, 39, 53, 54]]
[[4,10,7,26,54,73],[14, 35, 40, 37, 42, 17, 18, 53]]
[[4,12,7,28,29,93],[14, 35, 40, 37, 17, 43, 18, 53]]
[[5,13,11,33,15,67],[14, 35, 40, 37, 17, 52, 18, 44]]
[[4,14,7,22,24,95],[14, 35, 40, 37, 17, 18, 44, 53]]
[[2,14,8,26,42,80],[14, 35, 40, 37, 17, 18, 44, 54]]
[[4,10,10,22,34,106],[14, 35, 40, 37, 49, 17, 18, 54]]
[[4,14,10,30,24,80],[14, 35, 40, 37, 17, 50, 18, 54]]
[[4,8,16,32,34,62],[14, 35, 40, 37, 17, 52, 18, 51]]
[[3,11,6,35,28,50],[14, 35, 40, 37, 17, 18, 51, 53]]
[[3,9,9,17,18,75],[14, 35, 40, 37, 17, 18, 51, 54]]
[[5,11,5,31,50,65],[14, 35, 40, 37, 17, 52, 18, 53]]
[[3,11,15,19,13,89],[14, 35, 37, 42, 17, 43, 18, 54]]
[[4,8,22,16,24,86],[14, 35, 37, 42, 17, 52, 18, 44]]
[[3,7,15,27,28,115],[14, 35, 37, 42, 17, 18, 44, 53]]
[[5,9,5,17,40,75],[14, 35, 37, 42, 49, 17, 18, 53]]
[[5,13,8,29,25,64],[14, 35, 37, 42, 17, 50, 18, 53]]
[[3,9,9,33,33,51],[14, 35, 37, 42, 17, 50, 18, 54]]
[[5,9,11,33,40,63],[14, 35, 37, 42, 17, 52, 18, 51]]
[[2,4,8,20,27,112],[14, 35, 37, 42, 17, 18, 51, 54]]
[[6,12,12,24,36,36],[14, 35, 37, 42, 17, 52, 18, 53]]
[[3,15,9,31,33,51],[14, 35, 37, 42, 17, 18, 53, 54]]
[[4,14,13,30,14,71],[14, 35, 37, 17, 43, 52, 18, 44]]
[[3,11,18,31,18,80],[14, 35, 37, 17, 43, 18, 44, 53]]
[[3,11,9,27,23,83],[14, 35, 37, 17, 43, 18, 44, 54]]
[[5,9,8,25,55,54],[14, 35, 37, 49, 17, 43, 18, 53]]
[[3,9,9,17,53,87],[14, 35, 37, 49, 17, 43, 18, 54]]
[[5,9,11,21,60,63],[14, 35, 37, 17, 43, 50, 18, 53]]
[[5,9,14,17,35,84],[14, 35, 37, 17, 43, 52, 18, 51]]
[[4,12,16,28,19,72],[14, 35, 37, 17, 43, 18, 51, 53]]
[[2,2,17,18,37,83],[14, 35, 37, 17, 43, 18, 51, 54]]
[[6,12,9,28,26,63],[14, 35, 37, 17, 43, 52, 18, 53]]
[[3,9,12,29,23,78],[14, 35, 37, 17, 43, 18, 53, 54]]
[[4,10,10,26,34,52],[14, 35, 37, 49, 17, 52, 18, 44]]
[[3,9,15,25,28,105],[14, 35, 37, 49, 17, 18, 44, 53]]
[[3,13,6,29,38,76],[14, 35, 37, 17, 50, 18, 44, 54]]
[[4,6,16,30,39,72],[14, 35, 37, 17, 18, 44, 51, 53]]
[[4,6,13,46,24,57],[14, 35, 37, 17, 52, 18, 44, 53]]
[[4,10,4,34,44,76],[14, 35, 37, 17, 52, 18, 44, 54]]
[[5,11,8,31,55,50],[14, 35, 37, 17, 18, 44, 53, 54]]
[[3,7,9,27,48,91],[14, 35, 37, 49, 17, 50, 18, 54]]
[[5,15,11,19,35,63],[14, 35, 37, 49, 17, 52, 18, 51]]
[[4,8,13,28,39,113],[14, 35, 37, 49, 17, 18, 51, 53]]
[[3,9,18,29,23,84],[14, 35, 37, 49, 17, 18, 53, 54]]
[[4,10,10,34,24,76],[14, 35, 37, 17, 50, 18, 51, 53]]
[[2,8,5,20,37,77],[14, 35, 37, 17, 50, 18, 51, 54]]
[[3,11,3,23,23,83],[14, 35, 37, 17, 50, 18, 53, 54]]
[[5,13,5,33,35,67],[14, 35, 37, 17, 52, 18, 51, 53]]
[[4,6,10,22,19,90],[14, 35, 37, 17, 18, 51, 53, 54]]
[[3,7,9,39,23,55],[14, 35, 40, 17, 38, 18, 39, 53]]
[[4,10,13,30,24,97],[14, 35, 42, 17, 38, 18, 39, 53]]
[[2,10,5,22,32,73],[14, 35, 42, 17, 38, 18, 39, 54]]
[[2,12,11,24,47,93],[14, 35, 17, 38, 43, 18, 39, 54]]
[[3,15,6,31,48,60],[14, 35, 17, 38, 52, 18, 39, 44]]
[[4,12,7,28,39,87],[14, 35, 17, 38, 18, 39, 44, 54]]
[[4,10,10,30,34,58],[14, 35, 49, 17, 38, 18, 39, 53]]
[[4,12,7,24,29,81],[14, 35, 17, 38, 50, 18, 39, 53]]
[[2,4,8,32,62,52],[14, 35, 17, 38, 50, 18, 39, 54]]
[[3,9,3,29,33,57],[14, 35, 17, 38, 18, 39, 51, 54]]
[[5,13,11,17,25,103],[14, 35, 17, 38, 52, 18, 39, 53]]
[[4,10,10,34,34,64],[14, 35, 17, 38, 18, 39, 53, 54]]
[[4,12,13,20,44,57],[14, 35, 40, 42, 17, 38, 18, 53]]
[[4,12,7,28,44,81],[14, 35, 40, 42, 17, 38, 18, 54]]
