[[2], [3, 5], [4], [6, 7]]
[[4,8,10,16,14,92],[0, 1, 5, 50, 52, 54]]
[[3,5,6,25,43,98],[0, 1, 5, 52, 53, 54]]
[[5,9,8,17,25,90],[0, 1, 7, 52, 51, 54]]
[[5,7,5,15,45,43],[0, 1, 8, 50, 52, 54]]
[[4,8,7,12,49,47],[0, 1, 8, 52, 53, 54]]
[[3,9,6,25,53,90],[0, 1, 52, 9, 53, 54]]
[[3,11,12,15,38,56],[0, 1, 10, 52, 53, 54]]
[[5,9,8,17,25,90],[0, 1, 14, 52, 51, 54]]
[[5,7,5,15,45,43],[0, 1, 16, 50, 52, 54]]
[[4,8,7,12,49,47],[0, 1, 16, 52, 53, 54]]
[[6,10,12,30,36,46],[0, 1, 17, 50, 52, 54]]
[[5,7,8,23,35,52],[0, 1, 52, 18, 51, 54]]
[[3,9,6,25,53,90],[0, 1, 40, 52, 53, 54]]
[[5,7,8,23,35,52],[0, 1, 42, 52, 51, 54]]
[[4,8,13,20,29,95],[0, 1, 43, 52, 53, 54]]
[[4,8,16,28,29,62],[0, 1, 50, 52, 44, 54]]
[[3,5,6,9,33,74],[0, 1, 52, 44, 53, 54]]
[[4,8,13,20,29,95],[0, 1, 49, 52, 53, 54]]
[[4,8,13,20,29,95],[0, 1, 50, 52, 53, 54]]
