[[2], [3, 5], [4], [6, 7]]
[[3,7,12,19,38,58],[0, 10, 40, 16, 52, 18, 53, 54]]
[[5,7,5,23,45,55],[0, 10, 16, 42, 52, 18, 51, 54]]
[[4,10,7,22,49,79],[0, 10, 16, 43, 52, 18, 53, 54]]
[[4,8,16,20,54,68],[0, 10, 16, 52, 18, 44, 51, 54]]
[[3,7,6,19,48,82],[0, 10, 16, 52, 18, 44, 53, 54]]
[[4,10,7,22,49,79],[0, 10, 16, 49, 52, 18, 53, 54]]
[[3,7,12,19,38,58],[0, 10, 40, 16, 42, 52, 53, 54]]
[[4,6,10,14,44,66],[0, 10, 40, 16, 43, 52, 51, 54]]
[[5,11,11,23,35,95],[0, 10, 40, 16, 52, 44, 51, 54]]
[[4,6,10,14,44,66],[0, 10, 40, 16, 49, 52, 51, 54]]
[[3,9,12,25,53,66],[0, 10, 40, 16, 52, 51, 53, 54]]
[[4,10,7,22,49,79],[0, 10, 16, 42, 43, 52, 53, 54]]
[[4,8,16,20,54,68],[0, 10, 16, 42, 52, 44, 51, 54]]
[[3,7,6,19,48,82],[0, 10, 16, 42, 52, 44, 53, 54]]
[[4,10,7,22,49,79],[0, 10, 16, 42, 49, 52, 53, 54]]
[[4,6,10,14,24,66],[0, 10, 16, 43, 52, 44, 51, 54]]
[[5,7,5,23,45,55],[0, 10, 16, 49, 43, 52, 51, 54]]
[[4,12,10,32,24,72],[0, 10, 16, 43, 52, 51, 53, 54]]
[[4,6,10,14,24,66],[0, 10, 16, 49, 52, 44, 51, 54]]
[[3,9,18,25,33,66],[0, 10, 16, 52, 44, 51, 53, 54]]
[[4,12,10,32,24,72],[0, 10, 16, 49, 52, 51, 53, 54]]
[[3,9,9,29,43,69],[0, 10, 40, 17, 50, 52, 18, 54]]
[[3,7,6,11,28,58],[0, 10, 40, 17, 52, 18, 51, 54]]
[[4,10,7,22,19,79],[0, 10, 17, 43, 50, 52, 18, 54]]
[[3,7,9,19,48,97],[0, 10, 17, 50, 52, 18, 44, 54]]
[[3,7,6,27,38,118],[0, 10, 17, 52, 18, 44, 51, 54]]
[[2,14,11,22,27,83],[0, 10, 17, 52, 18, 44, 53, 54]]
[[4,10,7,22,19,79],[0, 10, 49, 17, 50, 52, 18, 54]]
[[3,9,3,17,28,57],[0, 10, 17, 50, 52, 18, 53, 54]]
[[3,9,9,29,43,69],[0, 10, 40, 42, 17, 50, 52, 54]]
[[3,7,6,11,28,58],[0, 10, 40, 42, 17, 52, 51, 54]]
[[4,10,13,26,24,91],[0, 10, 40, 17, 52, 44, 51, 54]]
[[3,9,12,25,23,78],[0, 10, 40, 17, 52, 44, 53, 54]]
[[2,12,2,28,57,90],[0, 10, 40, 17, 52, 51, 53, 54]]
[[4,10,7,22,19,79],[0, 10, 42, 17, 43, 50, 52, 54]]
[[3,7,9,19,48,97],[0, 10, 42, 17, 50, 52, 44, 54]]
[[3,7,6,27,38,118],[0, 10, 42, 17, 52, 44, 51, 54]]
[[2,14,11,22,27,83],[0, 10, 42, 17, 52, 44, 53, 54]]
[[4,10,7,22,19,79],[0, 10, 42, 49, 17, 50, 52, 54]]
[[3,9,3,17,28,57],[0, 10, 42, 17, 50, 52, 53, 54]]
[[3,9,3,25,33,81],[0, 10, 17, 43, 52, 44, 51, 54]]
[[2,8,11,36,37,83],[0, 10, 17, 43, 52, 44, 53, 54]]
[[3,11,9,19,43,77],[0, 10, 17, 43, 52, 51, 53, 54]]
[[3,9,3,25,33,81],[0, 10, 49, 17, 52, 44, 51, 54]]
[[2,8,11,36,37,83],[0, 10, 49, 17, 52, 44, 53, 54]]
[[2,8,2,28,32,104],[0, 10, 17, 50, 52, 44, 53, 54]]
[[3,11,9,19,43,77],[0, 10, 49, 17, 52, 51, 53, 54]]
[[3,11,6,43,28,38],[0, 10, 17, 50, 52, 51, 53, 54]]
[[4,6,19,14,34,99],[0, 14, 40, 16, 17, 50, 52, 54]]
[[4,8,7,32,44,89],[0, 14, 40, 16, 17, 52, 51, 54]]
[[5,7,11,19,55,67],[0, 14, 16, 17, 43, 50, 52, 54]]
[[4,8,13,24,19,101],[0, 14, 16, 17, 50, 52, 44, 54]]
[[4,4,13,16,24,49],[0, 14, 16, 17, 52, 44, 51, 54]]
[[3,9,12,29,23,114],[0, 14, 16, 17, 52, 44, 53, 54]]
[[5,7,11,19,55,67],[0, 14, 16, 49, 17, 50, 52, 54]]
[[4,12,10,28,29,72],[0, 14, 16, 17, 50, 52, 53, 54]]
[[3,7,12,19,18,82],[0, 14, 40, 17, 52, 18, 53, 54]]
[[5,9,8,21,40,78],[0, 14, 42, 17, 50, 52, 18, 54]]
[[4,10,13,26,14,91],[0, 14, 42, 17, 52, 18, 53, 54]]
[[5,5,14,13,50,74],[0, 14, 17, 43, 52, 18, 51, 54]]
[[4,6,10,18,34,108],[0, 14, 17, 50, 52, 18, 44, 54]]
[[3,7,12,27,38,118],[0, 14, 17, 52, 18, 44, 53, 54]]
[[5,5,14,13,50,74],[0, 14, 49, 17, 52, 18, 51, 54]]
[[3,7,12,19,18,82],[0, 14, 40, 42, 17, 52, 53, 54]]
[[4,6,7,18,29,69],[0, 14, 40, 17, 43, 50, 52, 54]]
[[3,9,9,17,53,81],[0, 14, 40, 17, 43, 52, 53, 54]]
[[5,7,20,11,40,82],[0, 14, 40, 17, 50, 52, 44, 54]]
[[5,5,8,17,45,74],[0, 14, 40, 17, 52, 44, 51, 54]]
[[4,6,7,18,29,69],[0, 14, 40, 49, 17, 50, 52, 54]]
[[3,9,9,17,53,81],[0, 14, 40, 49, 17, 52, 53, 54]]
[[3,11,15,27,8,89],[0, 14, 40, 17, 50, 52, 53, 54]]
[[3,9,9,13,43,69],[0, 14, 40, 17, 52, 51, 53, 54]]
[[5,5,14,13,50,74],[0, 14, 42, 17, 43, 52, 51, 54]]
[[4,6,10,18,34,108],[0, 14, 42, 17, 50, 52, 44, 54]]
[[3,7,12,27,38,118],[0, 14, 42, 17, 52, 44, 53, 54]]
[[5,5,14,13,50,74],[0, 14, 42, 49, 17, 52, 51, 54]]
[[4,4,10,24,24,40],[0, 14, 17, 43, 50, 52, 44, 54]]
[[4,4,10,16,24,64],[0, 14, 17, 43, 52, 44, 51, 54]]
[[5,9,8,21,40,78],[0, 14, 49, 17, 43, 50, 52, 54]]
[[4,10,13,26,14,91],[0, 14, 49, 17, 43, 52, 53, 54]]
[[4,8,13,12,34,65],[0, 14, 17, 43, 50, 52, 53, 54]]
[[4,4,10,24,24,40],[0, 14, 49, 17, 50, 52, 44, 54]]
[[4,4,10,16,24,64],[0, 14, 49, 17, 52, 44, 51, 54]]
[[3,5,9,29,23,53],[0, 14, 17, 50, 52, 44, 53, 54]]
[[3,5,15,21,33,101],[0, 14, 17, 52, 44, 51, 53, 54]]
[[4,8,13,12,34,65],[0, 14, 49, 17, 50, 52, 53, 54]]
[[4,8,22,20,24,80],[0, 40, 16, 17, 50, 52, 18, 54]]
[[4,6,25,18,39,69],[0, 40, 16, 17, 52, 18, 51, 54]]
[[3,11,12,19,28,74],[0, 40, 16, 17, 52, 18, 53, 54]]
[[5,5,8,17,45,74],[0, 16, 42, 17, 52, 18, 51, 54]]
[[5,9,8,21,40,78],[0, 16, 17, 43, 50, 52, 18, 54]]
[[4,6,13,22,39,87],[0, 16, 17, 43, 52, 18, 53, 54]]
[[4,6,13,30,39,111],[0, 16, 17, 50, 52, 18, 44, 54]]
[[4,6,13,26,19,81],[0, 16, 17, 52, 18, 44, 51, 54]]
[[5,9,8,21,40,78],[0, 16, 49, 17, 50, 52, 18, 54]]
[[4,6,13,22,39,87],[0, 16, 49, 17, 52, 18, 53, 54]]
[[4,8,22,20,24,80],[0, 40, 16, 42, 17, 50, 52, 54]]
[[4,6,25,18,39,69],[0, 40, 16, 42, 17, 52, 51, 54]]
[[3,11,12,19,28,74],[0, 40, 16, 42, 17, 52, 53, 54]]
[[4,8,10,24,34,68],[0, 40, 16, 17, 43, 52, 51, 54]]
[[5,7,17,19,40,85],[0, 40, 16, 17, 50, 52, 44, 54]]
[[4,10,13,26,14,91],[0, 40, 16, 17, 52, 44, 53, 54]]
[[4,8,10,24,34,68],[0, 40, 16, 49, 17, 52, 51, 54]]
[[5,9,8,21,40,78],[0, 16, 42, 17, 43, 50, 52, 54]]
[[4,6,13,22,39,87],[0, 16, 42, 17, 43, 52, 53, 54]]
[[4,6,13,30,39,111],[0, 16, 42, 17, 50, 52, 44, 54]]
[[4,6,13,26,19,81],[0, 16, 42, 17, 52, 44, 51, 54]]
[[5,9,8,21,40,78],[0, 16, 42, 49, 17, 50, 52, 54]]
[[4,6,13,22,39,87],[0, 16, 42, 49, 17, 52, 53, 54]]
[[4,4,13,12,44,109],[0, 16, 17, 43, 50, 52, 44, 54]]
[[3,5,9,25,33,65],[0, 16, 17, 43, 52, 44, 53, 54]]
[[5,5,8,17,45,74],[0, 16, 49, 17, 43, 52, 51, 54]]
[[4,4,13,12,44,109],[0, 16, 49, 17, 50, 52, 44, 54]]
[[3,5,9,25,33,65],[0, 16, 49, 17, 52, 44, 53, 54]]
[[3,9,9,29,23,69],[0, 16, 17, 52, 44, 51, 53, 54]]
[[4,8,7,20,29,65],[0, 16, 17, 50, 52, 51, 53, 54]]
[[4,8,19,24,34,101],[0, 40, 17, 43, 50, 52, 18, 54]]
[[4,10,7,30,29,67],[0, 40, 17, 43, 52, 18, 51, 54]]
[[5,13,11,25,30,73],[0, 40, 17, 50, 52, 18, 44, 54]]
[[5,7,14,27,50,82],[0, 40, 17, 52, 18, 44, 51, 54]]
[[4,8,19,24,34,101],[0, 40, 49, 17, 50, 52, 18, 54]]
[[4,10,7,30,29,67],[0, 40, 49, 17, 52, 18, 51, 54]]
[[3,9,6,21,38,66],[0, 40, 17, 50, 52, 18, 53, 54]]
[[3,7,9,19,18,37],[0, 40, 17, 52, 18, 51, 53, 54]]
[[4,6,13,18,44,99],[0, 42, 17, 52, 18, 44, 51, 54]]
[[3,7,12,15,28,112],[0, 42, 17, 52, 18, 44, 53, 54]]
[[4,6,16,18,39,102],[0, 42, 17, 52, 18, 51, 53, 54]]
[[4,6,13,18,49,105],[0, 17, 43, 50, 52, 18, 44, 54]]
[[4,6,19,14,29,75],[0, 17, 43, 52, 18, 44, 51, 54]]
[[3,7,6,11,28,70],[0, 17, 43, 52, 18, 44, 53, 54]]
[[5,7,20,11,50,94],[0, 49, 17, 43, 50, 52, 18, 54]]
[[4,10,10,18,64,76],[0, 17, 43, 50, 52, 18, 53, 54]]
[[4,6,13,18,49,105],[0, 49, 17, 50, 52, 18, 44, 54]]
[[4,6,19,14,29,75],[0, 49, 17, 52, 18, 44, 51, 54]]
[[3,7,6,11,28,70],[0, 49, 17, 52, 18, 44, 53, 54]]
[[3,7,15,35,48,61],[0, 17, 52, 18, 44, 51, 53, 54]]
[[4,10,10,18,64,76],[0, 49, 17, 50, 52, 18, 53, 54]]
[[4,8,19,24,34,101],[0, 40, 42, 17, 43, 50, 52, 54]]
[[4,10,7,30,29,67],[0, 40, 42, 17, 43, 52, 51, 54]]
[[5,13,11,25,30,73],[0, 40, 42, 17, 50, 52, 44, 54]]
[[5,7,14,27,50,82],[0, 40, 42, 17, 52, 44, 51, 54]]
[[4,8,19,24,34,101],[0, 40, 42, 49, 17, 50, 52, 54]]
[[4,10,7,30,29,67],[0, 40, 42, 49, 17, 52, 51, 54]]
[[3,9,6,21,38,66],[0, 40, 42, 17, 50, 52, 53, 54]]
[[3,7,9,19,18,37],[0, 40, 42, 17, 52, 51, 53, 54]]
[[5,5,17,17,35,77],[0, 40, 17, 43, 52, 44, 51, 54]]
[[4,6,10,14,14,66],[0, 40, 17, 43, 52, 44, 53, 54]]
[[3,13,12,21,13,94],[0, 40, 17, 43, 52, 51, 53, 54]]
[[5,5,17,17,35,77],[0, 40, 49, 17, 52, 44, 51, 54]]
[[4,6,10,14,14,66],[0, 40, 49, 17, 52, 44, 53, 54]]
[[4,8,25,12,24,89],[0, 40, 17, 50, 52, 44, 53, 54]]
[[3,13,12,21,13,94],[0, 40, 49, 17, 52, 51, 53, 54]]
[[3,7,12,19,18,106],[0, 40, 17, 50, 52, 51, 53, 54]]
[[4,6,13,18,49,105],[0, 42, 17, 43, 50, 52, 44, 54]]
[[4,6,19,14,29,75],[0, 42, 17, 43, 52, 44, 51, 54]]
[[3,7,6,11,28,70],[0, 42, 17, 43, 52, 44, 53, 54]]
[[5,7,20,11,50,94],[0, 42, 49, 17, 43, 50, 52, 54]]
[[4,10,10,18,64,76],[0, 42, 17, 43, 50, 52, 53, 54]]
[[4,6,13,18,49,105],[0, 42, 49, 17, 50, 52, 44, 54]]
[[4,6,19,14,29,75],[0, 42, 49, 17, 52, 44, 51, 54]]
[[3,7,6,11,28,70],[0, 42, 49, 17, 52, 44, 53, 54]]
[[3,7,15,35,48,61],[0, 42, 17, 52, 44, 51, 53, 54]]
[[4,10,10,18,64,76],[0, 42, 49, 17, 50, 52, 53, 54]]
[[4,6,13,18,44,99],[0, 49, 17, 43, 52, 44, 51, 54]]
[[3,7,12,15,28,112],[0, 49, 17, 43, 52, 44, 53, 54]]
[[3,5,9,25,28,53],[0, 17, 43, 50, 52, 44, 53, 54]]
[[4,6,16,18,39,102],[0, 49, 17, 43, 52, 51, 53, 54]]
[[4,12,10,16,34,84],[0, 17, 43, 50, 52, 51, 53, 54]]
[[3,5,9,25,28,53],[0, 49, 17, 50, 52, 44, 53, 54]]
[[3,9,6,21,23,60],[0, 17, 50, 52, 44, 51, 53, 54]]
[[4,12,10,16,34,84],[0, 49, 17, 50, 52, 51, 53, 54]]
[[4,4,13,12,39,73],[1, 5, 7, 8, 50, 52, 9, 54]]
[[6,10,9,30,46,43],[1, 10, 5, 7, 8, 50, 52, 54]]
[[5,9,11,13,35,69],[1, 5, 14, 7, 8, 52, 51, 54]]
[[4,12,7,36,29,63],[1, 5, 14, 7, 8, 52, 53, 54]]
[[5,7,8,15,45,52],[1, 5, 7, 16, 8, 50, 52, 54]]
[[5,9,14,17,25,102],[1, 5, 7, 16, 8, 52, 51, 54]]
[[4,8,13,16,54,77],[1, 5, 7, 16, 8, 52, 53, 54]]
[[6,8,18,16,51,62],[1, 5, 7, 8, 17, 52, 51, 54]]
[[5,11,8,27,35,86],[1, 5, 7, 8, 17, 52, 53, 54]]
[[5,7,17,27,45,67],[1, 5, 7, 8, 50, 52, 18, 54]]
[[4,12,13,16,34,81],[1, 5, 7, 8, 52, 18, 53, 54]]
[[4,4,13,12,39,73],[1, 5, 40, 7, 8, 50, 52, 54]]
[[5,7,17,27,45,67],[1, 5, 7, 42, 8, 50, 52, 54]]
[[4,12,13,16,34,81],[1, 5, 7, 42, 8, 52, 53, 54]]
[[5,9,14,17,40,84],[1, 5, 7, 8, 43, 50, 52, 54]]
[[5,11,8,23,35,80],[1, 5, 7, 8, 43, 52, 51, 54]]
[[4,6,13,18,34,93],[1, 5, 7, 8, 50, 52, 44, 54]]
[[4,4,13,16,24,61],[1, 5, 7, 8, 52, 44, 51, 54]]
[[3,7,18,19,18,94],[1, 5, 7, 8, 52, 44, 53, 54]]
[[5,9,14,17,40,84],[1, 5, 7, 49, 8, 50, 52, 54]]
[[5,11,8,23,35,80],[1, 5, 7, 49, 8, 52, 51, 54]]
[[4,10,10,14,69,58],[1, 5, 7, 8, 50, 52, 53, 54]]
[[4,12,16,20,39,60],[1, 5, 7, 8, 52, 51, 53, 54]]
[[5,5,14,9,35,62],[1, 10, 5, 7, 52, 9, 51, 54]]
[[4,6,13,30,49,63],[1, 10, 5, 7, 52, 9, 53, 54]]
[[4,6,16,6,24,102],[1, 5, 14, 7, 50, 52, 9, 54]]
[[3,9,18,33,23,90],[1, 5, 14, 7, 52, 9, 53, 54]]
[[4,4,13,12,39,73],[1, 5, 7, 16, 50, 52, 9, 54]]
[[4,8,10,20,24,104],[1, 5, 7, 17, 52, 9, 53, 54]]
[[4,6,10,14,34,114],[1, 5, 7, 52, 9, 18, 51, 54]]
[[3,5,12,13,18,62],[1, 5, 7, 52, 9, 18, 53, 54]]
[[5,7,8,15,45,52],[1, 5, 40, 7, 50, 52, 9, 54]]
[[5,9,14,17,25,102],[1, 5, 40, 7, 52, 9, 51, 54]]
[[4,8,13,16,54,77],[1, 5, 40, 7, 52, 9, 53, 54]]
[[4,6,10,14,34,114],[1, 5, 7, 42, 52, 9, 51, 54]]
[[3,5,12,13,18,62],[1, 5, 7, 42, 52, 9, 53, 54]]
[[4,4,16,12,44,88],[1, 5, 7, 43, 50, 52, 9, 54]]
[[4,4,19,8,54,109],[1, 5, 7, 43, 52, 9, 51, 54]]
[[3,7,18,11,8,70],[1, 5, 7, 43, 52, 9, 53, 54]]
[[5,9,8,17,25,90],[1, 5, 7, 52, 9, 44, 51, 54]]
[[4,4,16,12,44,88],[1, 5, 7, 49, 50, 52, 9, 54]]
[[4,4,19,8,54,109],[1, 5, 7, 49, 52, 9, 51, 54]]
[[3,7,18,11,8,70],[1, 5, 7, 49, 52, 9, 53, 54]]
[[3,5,15,17,28,77],[1, 5, 7, 50, 52, 9, 53, 54]]
[[3,5,15,9,23,47],[1, 5, 7, 52, 9, 51, 53, 54]]
[[5,11,14,15,20,116],[1, 10, 5, 14, 7, 52, 53, 54]]
[[6,10,9,30,46,43],[1, 10, 5, 7, 16, 50, 52, 54]]
[[5,11,11,15,50,65],[1, 10, 5, 7, 17, 50, 52, 54]]
[[4,10,4,14,29,64],[1, 10, 5, 7, 17, 52, 53, 54]]
[[6,10,6,30,46,46],[1, 10, 5, 7, 52, 18, 51, 54]]
[[5,11,14,23,25,92],[1, 10, 5, 7, 52, 18, 53, 54]]
[[5,5,14,9,35,62],[1, 10, 5, 40, 7, 52, 51, 54]]
[[4,6,13,30,49,63],[1, 10, 5, 40, 7, 52, 53, 54]]
[[6,10,6,30,46,46],[1, 10, 5, 7, 42, 52, 51, 54]]
[[5,11,14,23,25,92],[1, 10, 5, 7, 42, 52, 53, 54]]
[[6,12,9,24,26,81],[1, 10, 5, 7, 43, 52, 51, 54]]
[[5,9,5,29,25,93],[1, 10, 5, 7, 43, 52, 53, 54]]
[[5,9,20,25,25,66],[1, 10, 5, 7, 52, 44, 51, 54]]
[[6,12,9,24,26,81],[1, 10, 5, 7, 49, 52, 51, 54]]
[[5,9,5,29,25,93],[1, 10, 5, 7, 49, 52, 53, 54]]
[[5,9,11,13,35,69],[1, 5, 14, 7, 16, 52, 51, 54]]
[[4,12,7,36,29,63],[1, 5, 14, 7, 16, 52, 53, 54]]
[[6,12,12,20,26,72],[1, 5, 14, 7, 17, 50, 52, 54]]
[[6,10,15,18,36,55],[1, 5, 14, 7, 17, 52, 51, 54]]
[[5,9,14,29,35,66],[1, 5, 14, 7, 17, 52, 53, 54]]
[[5,9,14,25,45,90],[1, 5, 14, 7, 50, 52, 18, 54]]
[[5,15,14,23,5,72],[1, 5, 14, 7, 52, 18, 51, 54]]
[[4,6,16,6,24,102],[1, 5, 14, 40, 7, 50, 52, 54]]
[[3,9,18,33,23,90],[1, 5, 14, 40, 7, 52, 53, 54]]
[[5,9,14,25,45,90],[1, 5, 14, 7, 42, 50, 52, 54]]
[[5,15,14,23,5,72],[1, 5, 14, 7, 42, 52, 51, 54]]
[[5,7,11,23,55,91],[1, 5, 14, 7, 43, 50, 52, 54]]
[[4,12,7,28,39,75],[1, 5, 14, 7, 43, 52, 53, 54]]
[[4,6,16,14,44,102],[1, 5, 14, 7, 52, 44, 51, 54]]
[[3,5,18,17,23,98],[1, 5, 14, 7, 52, 44, 53, 54]]
[[5,7,11,23,55,91],[1, 5, 14, 7, 49, 50, 52, 54]]
[[4,12,7,28,39,75],[1, 5, 14, 7, 49, 52, 53, 54]]
[[4,10,13,14,24,103],[1, 5, 14, 7, 52, 51, 53, 54]]
[[6,8,18,16,51,62],[1, 5, 7, 16, 17, 52, 51, 54]]
[[5,11,8,27,35,86],[1, 5, 7, 16, 17, 52, 53, 54]]
[[5,7,17,27,45,67],[1, 5, 7, 16, 50, 52, 18, 54]]
[[4,12,13,16,34,81],[1, 5, 7, 16, 52, 18, 53, 54]]
