[[2], [3, 5], [4], [6, 7]]
[[4,10,7,26,24,67],[1, 40, 42, 17, 50, 52, 9, 18, 53, 54]]
[[4,8,16,16,29,104],[1, 40, 42, 17, 52, 9, 18, 51, 53, 54]]
[[5,7,17,23,45,67],[1, 40, 17, 43, 52, 9, 18, 44, 53, 54]]
[[5,7,8,19,40,82],[1, 40, 49, 17, 43, 50, 52, 9, 18, 54]]
[[4,8,13,24,34,65],[1, 40, 49, 17, 43, 52, 9, 18, 53, 54]]
[[4,8,7,28,34,71],[1, 40, 17, 43, 52, 9, 18, 51, 53, 54]]
[[5,7,17,23,45,67],[1, 40, 49, 17, 52, 9, 18, 44, 53, 54]]
[[5,7,8,23,60,58],[1, 40, 17, 50, 52, 9, 18, 44, 53, 54]]
[[4,8,7,28,34,71],[1, 40, 49, 17, 52, 9, 18, 51, 53, 54]]
[[4,8,22,20,29,68],[1, 40, 17, 50, 52, 9, 18, 51, 53, 54]]
[[5,11,14,11,30,104],[1, 42, 17, 43, 50, 52, 9, 18, 44, 54]]
[[5,7,14,23,40,64],[1, 42, 17, 43, 52, 9, 18, 44, 51, 54]]
[[6,8,12,24,26,92],[1, 42, 49, 17, 43, 50, 52, 9, 18, 54]]
[[5,11,8,27,25,98],[1, 42, 17, 43, 50, 52, 9, 18, 53, 54]]
[[5,11,14,11,30,104],[1, 42, 49, 17, 50, 52, 9, 18, 44, 54]]
[[5,7,14,23,40,64],[1, 42, 49, 17, 52, 9, 18, 44, 51, 54]]
[[4,8,16,12,19,104],[1, 42, 17, 50, 52, 9, 18, 44, 53, 54]]
[[4,12,7,20,24,99],[1, 42, 17, 52, 9, 18, 44, 51, 53, 54]]
[[5,11,8,27,25,98],[1, 42, 49, 17, 50, 52, 9, 18, 53, 54]]
[[5,9,14,17,30,96],[1, 49, 17, 43, 52, 9, 18, 44, 51, 54]]
[[4,8,22,16,24,92],[1, 49, 17, 43, 52, 9, 18, 44, 53, 54]]
[[4,8,13,28,49,77],[1, 17, 43, 50, 52, 9, 18, 44, 53, 54]]
[[5,9,8,17,35,72],[1, 49, 17, 43, 52, 9, 18, 51, 53, 54]]
[[5,9,11,33,20,69],[1, 17, 43, 50, 52, 9, 18, 51, 53, 54]]
[[4,8,13,28,49,77],[1, 49, 17, 50, 52, 9, 18, 44, 53, 54]]
[[4,10,10,30,24,58],[1, 17, 50, 52, 9, 18, 44, 51, 53, 54]]
[[5,9,11,33,20,69],[1, 49, 17, 50, 52, 9, 18, 51, 53, 54]]
[[5,7,17,23,45,67],[1, 40, 42, 17, 43, 52, 9, 44, 53, 54]]
[[5,7,8,19,40,82],[1, 40, 42, 49, 17, 43, 50, 52, 9, 54]]
[[4,8,13,24,34,65],[1, 40, 42, 49, 17, 43, 52, 9, 53, 54]]
[[4,8,7,28,34,71],[1, 40, 42, 17, 43, 52, 9, 51, 53, 54]]
[[5,7,17,23,45,67],[1, 40, 42, 49, 17, 52, 9, 44, 53, 54]]
[[5,7,8,23,60,58],[1, 40, 42, 17, 50, 52, 9, 44, 53, 54]]
[[4,8,7,28,34,71],[1, 40, 42, 49, 17, 52, 9, 51, 53, 54]]
[[4,8,22,20,29,68],[1, 40, 42, 17, 50, 52, 9, 51, 53, 54]]
[[6,10,9,34,21,79],[1, 40, 49, 17, 43, 50, 52, 9, 44, 54]]
[[6,8,12,16,41,74],[1, 40, 49, 17, 43, 52, 9, 44, 51, 54]]
[[5,7,11,15,30,55],[1, 40, 49, 17, 43, 52, 9, 44, 53, 54]]
[[5,13,8,21,55,52],[1, 40, 17, 43, 50, 52, 9, 44, 53, 54]]
[[5,11,11,35,10,71],[1, 40, 17, 43, 52, 9, 44, 51, 53, 54]]
[[4,10,7,26,24,67],[1, 40, 49, 17, 43, 50, 52, 9, 53, 54]]
[[4,8,16,16,29,104],[1, 40, 49, 17, 43, 52, 9, 51, 53, 54]]
[[5,13,8,21,55,52],[1, 40, 49, 17, 50, 52, 9, 44, 53, 54]]
[[5,11,11,35,10,71],[1, 40, 49, 17, 52, 9, 44, 51, 53, 54]]
[[5,9,14,17,30,96],[1, 42, 49, 17, 43, 52, 9, 44, 51, 54]]
[[4,8,22,16,24,92],[1, 42, 49, 17, 43, 52, 9, 44, 53, 54]]
[[4,8,13,28,49,77],[1, 42, 17, 43, 50, 52, 9, 44, 53, 54]]
[[5,9,8,17,35,72],[1, 42, 49, 17, 43, 52, 9, 51, 53, 54]]
[[5,9,11,33,20,69],[1, 42, 17, 43, 50, 52, 9, 51, 53, 54]]
[[4,8,13,28,49,77],[1, 42, 49, 17, 50, 52, 9, 44, 53, 54]]
[[4,10,10,30,24,58],[1, 42, 17, 50, 52, 9, 44, 51, 53, 54]]
[[5,9,11,33,20,69],[1, 42, 49, 17, 50, 52, 9, 51, 53, 54]]
[[4,8,16,12,19,104],[1, 49, 17, 43, 50, 52, 9, 44, 53, 54]]
[[4,12,7,20,24,99],[1, 49, 17, 43, 52, 9, 44, 51, 53, 54]]
[[5,7,11,27,35,61],[1, 40, 42, 43, 50, 52, 9, 18, 44, 54]]
[[4,8,13,20,29,95],[1, 40, 42, 43, 52, 9, 18, 44, 53, 54]]
[[4,6,10,14,24,42],[1, 40, 42, 49, 43, 52, 9, 18, 51, 54]]
[[3,5,30,17,33,74],[1, 40, 42, 49, 43, 52, 9, 18, 53, 54]]
[[3,7,6,23,18,88],[1, 40, 42, 43, 50, 52, 9, 18, 53, 54]]
[[5,7,11,27,35,61],[1, 40, 42, 49, 50, 52, 9, 18, 44, 54]]
[[4,8,13,20,29,95],[1, 40, 42, 49, 52, 9, 18, 44, 53, 54]]
[[4,6,7,22,54,63],[1, 40, 42, 52, 9, 18, 44, 51, 53, 54]]
[[3,7,6,23,18,88],[1, 40, 42, 49, 50, 52, 9, 18, 53, 54]]
[[3,5,12,9,18,68],[1, 40, 42, 50, 52, 9, 18, 51, 53, 54]]
[[5,5,14,5,35,74],[1, 40, 49, 43, 50, 52, 9, 18, 44, 54]]
[[5,7,8,23,35,52],[1, 40, 49, 43, 52, 9, 18, 44, 51, 54]]
[[4,8,13,20,29,95],[1, 40, 43, 50, 52, 9, 18, 44, 53, 54]]
[[4,10,13,22,34,79],[1, 40, 43, 52, 9, 18, 44, 51, 53, 54]]
[[3,9,9,37,23,69],[1, 40, 49, 43, 50, 52, 9, 18, 53, 54]]
[[3,7,9,23,18,61],[1, 40, 49, 43, 52, 9, 18, 51, 53, 54]]
[[4,8,13,20,29,95],[1, 40, 49, 50, 52, 9, 18, 44, 53, 54]]
[[4,10,13,22,34,79],[1, 40, 49, 52, 9, 18, 44, 51, 53, 54]]
[[4,6,13,34,34,81],[1, 40, 50, 52, 9, 18, 44, 51, 53, 54]]
[[4,10,10,26,29,70],[1, 42, 49, 43, 50, 52, 9, 18, 44, 54]]
[[3,9,6,17,33,90],[1, 42, 49, 43, 52, 9, 18, 44, 53, 54]]
[[4,6,7,10,54,63],[1, 42, 49, 43, 50, 52, 9, 18, 53, 54]]
[[3,7,18,23,18,82],[1, 42, 50, 52, 9, 18, 44, 51, 53, 54]]
[[3,7,6,23,38,64],[1, 49, 43, 50, 52, 9, 18, 44, 53, 54]]
[[3,7,9,23,18,97],[1, 49, 43, 52, 9, 18, 44, 51, 53, 54]]
[[3,11,9,23,48,89],[1, 43, 50, 52, 9, 18, 44, 51, 53, 54]]
[[3,11,9,23,48,89],[1, 49, 50, 52, 9, 18, 44, 51, 53, 54]]
[[5,5,14,5,35,74],[1, 40, 42, 49, 43, 50, 52, 9, 44, 54]]
[[5,7,8,23,35,52],[1, 40, 42, 49, 43, 52, 9, 44, 51, 54]]
[[4,8,13,20,29,95],[1, 40, 42, 43, 50, 52, 9, 44, 53, 54]]
[[4,10,13,22,34,79],[1, 40, 42, 43, 52, 9, 44, 51, 53, 54]]
[[3,9,9,37,23,69],[1, 40, 42, 49, 43, 50, 52, 9, 53, 54]]
[[3,7,9,23,18,61],[1, 40, 42, 49, 43, 52, 9, 51, 53, 54]]
[[4,8,13,20,29,95],[1, 40, 42, 49, 50, 52, 9, 44, 53, 54]]
[[4,10,13,22,34,79],[1, 40, 42, 49, 52, 9, 44, 51, 53, 54]]
[[4,6,13,34,34,81],[1, 40, 42, 50, 52, 9, 44, 51, 53, 54]]
[[4,6,7,22,54,63],[1, 40, 49, 43, 52, 9, 44, 51, 53, 54]]
[[4,8,13,16,49,89],[1, 40, 43, 50, 52, 9, 44, 51, 53, 54]]
[[3,5,12,9,18,68],[1, 40, 49, 43, 50, 52, 9, 51, 53, 54]]
[[4,8,13,16,49,89],[1, 40, 49, 50, 52, 9, 44, 51, 53, 54]]
[[3,7,6,23,38,64],[1, 42, 49, 43, 50, 52, 9, 44, 53, 54]]
[[3,7,9,23,18,97],[1, 42, 49, 43, 52, 9, 44, 51, 53, 54]]
[[3,11,9,23,48,89],[1, 42, 43, 50, 52, 9, 44, 51, 53, 54]]
[[3,11,9,23,48,89],[1, 42, 49, 50, 52, 9, 44, 51, 53, 54]]
[[3,7,18,23,18,82],[1, 49, 43, 50, 52, 9, 44, 51, 53, 54]]
[[5,11,8,23,35,80],[1, 10, 14, 40, 16, 17, 50, 52, 18, 54]]
[[4,8,7,28,29,89],[1, 10, 14, 16, 42, 17, 50, 52, 18, 54]]
[[3,7,9,15,58,79],[1, 10, 14, 16, 42, 17, 52, 18, 53, 54]]
[[4,8,16,20,24,104],[1, 10, 14, 16, 17, 43, 50, 52, 18, 54]]
[[4,6,7,14,29,63],[1, 10, 14, 16, 17, 43, 52, 18, 51, 54]]
[[5,9,5,21,35,63],[1, 10, 14, 16, 17, 50, 52, 18, 44, 54]]
[[5,11,11,23,45,65],[1, 10, 14, 16, 17, 52, 18, 44, 51, 54]]
[[4,12,13,24,14,93],[1, 10, 14, 16, 17, 52, 18, 44, 53, 54]]
[[4,8,16,20,24,104],[1, 10, 14, 16, 49, 17, 50, 52, 18, 54]]
[[4,6,7,14,29,63],[1, 10, 14, 16, 49, 17, 52, 18, 51, 54]]
[[3,9,12,33,28,78],[1, 10, 14, 16, 17, 52, 18, 51, 53, 54]]
[[5,11,8,23,35,80],[1, 10, 14, 40, 16, 42, 17, 50, 52, 54]]
[[4,14,7,26,54,71],[1, 10, 14, 40, 16, 17, 52, 44, 51, 54]]
[[3,11,6,27,38,74],[1, 10, 14, 40, 16, 17, 52, 44, 53, 54]]
[[4,12,16,24,24,90],[1, 10, 14, 40, 16, 17, 52, 51, 53, 54]]
[[4,8,16,20,24,104],[1, 10, 14, 16, 42, 17, 43, 50, 52, 54]]
[[4,6,7,14,29,63],[1, 10, 14, 16, 42, 17, 43, 52, 51, 54]]
[[5,9,5,21,35,63],[1, 10, 14, 16, 42, 17, 50, 52, 44, 54]]
[[5,11,11,23,45,65],[1, 10, 14, 16, 42, 17, 52, 44, 51, 54]]
[[4,12,13,24,14,93],[1, 10, 14, 16, 42, 17, 52, 44, 53, 54]]
[[4,8,16,20,24,104],[1, 10, 14, 16, 42, 49, 17, 50, 52, 54]]
[[4,6,7,14,29,63],[1, 10, 14, 16, 42, 49, 17, 52, 51, 54]]
[[3,9,12,33,28,78],[1, 10, 14, 16, 42, 17, 52, 51, 53, 54]]
[[5,9,5,33,65,57],[1, 10, 14, 16, 17, 43, 52, 44, 51, 54]]
[[4,10,13,14,39,55],[1, 10, 14, 16, 17, 43, 52, 44, 53, 54]]
[[4,8,7,28,29,89],[1, 10, 14, 16, 49, 17, 43, 50, 52, 54]]
[[3,7,9,15,58,79],[1, 10, 14, 16, 49, 17, 43, 52, 53, 54]]
[[3,11,3,23,23,89],[1, 10, 14, 16, 17, 43, 52, 51, 53, 54]]
[[5,9,5,33,65,57],[1, 10, 14, 16, 49, 17, 52, 44, 51, 54]]
[[4,10,13,14,39,55],[1, 10, 14, 16, 49, 17, 52, 44, 53, 54]]
[[4,10,13,26,24,97],[1, 10, 14, 16, 17, 50, 52, 44, 53, 54]]
[[3,11,3,23,23,89],[1, 10, 14, 16, 49, 17, 52, 51, 53, 54]]
[[3,11,6,27,23,56],[1, 10, 14, 16, 17, 50, 52, 51, 53, 54]]
[[5,13,11,21,30,91],[1, 10, 14, 40, 16, 50, 52, 18, 44, 54]]
[[5,7,8,27,35,100],[1, 10, 14, 40, 16, 50, 52, 18, 53, 54]]
[[5,5,8,25,40,56],[1, 10, 14, 16, 42, 43, 50, 52, 18, 54]]
[[6,6,12,30,31,78],[1, 10, 14, 16, 42, 50, 52, 18, 44, 54]]
[[5,5,8,25,40,56],[1, 10, 14, 16, 42, 49, 50, 52, 18, 54]]
[[4,8,19,16,39,89],[1, 10, 14, 16, 42, 50, 52, 18, 53, 54]]
[[6,6,12,30,31,78],[1, 10, 14, 16, 43, 50, 52, 18, 44, 54]]
[[4,8,4,16,39,44],[1, 10, 14, 16, 43, 50, 52, 18, 53, 54]]
[[6,6,12,30,31,78],[1, 10, 14, 16, 49, 50, 52, 18, 44, 54]]
[[4,8,4,16,39,44],[1, 10, 14, 16, 49, 50, 52, 18, 53, 54]]
[[4,6,10,38,19,66],[1, 10, 14, 16, 50, 52, 18, 51, 53, 54]]
[[5,13,11,21,30,91],[1, 10, 14, 40, 16, 42, 50, 52, 44, 54]]
[[5,7,8,27,35,100],[1, 10, 14, 40, 16, 42, 50, 52, 53, 54]]
[[5,7,14,23,40,70],[1, 10, 14, 40, 16, 43, 50, 52, 44, 54]]
[[5,7,14,23,40,70],[1, 10, 14, 40, 16, 49, 50, 52, 44, 54]]
[[4,10,10,26,29,64],[1, 10, 14, 40, 16, 50, 52, 44, 53, 54]]
[[6,6,12,30,31,78],[1, 10, 14, 16, 42, 43, 50, 52, 44, 54]]
[[4,8,4,16,39,44],[1, 10, 14, 16, 42, 43, 50, 52, 53, 54]]
[[6,6,12,30,31,78],[1, 10, 14, 16, 42, 49, 50, 52, 44, 54]]
[[4,8,4,16,39,44],[1, 10, 14, 16, 42, 49, 50, 52, 53, 54]]
[[4,6,10,38,19,66],[1, 10, 14, 16, 42, 50, 52, 51, 53, 54]]
[[6,6,12,30,31,78],[1, 10, 14, 16, 49, 43, 50, 52, 44, 54]]
[[5,7,8,27,35,100],[1, 10, 14, 16, 43, 50, 52, 44, 53, 54]]
[[4,8,19,16,39,89],[1, 10, 14, 16, 49, 43, 50, 52, 53, 54]]
[[5,7,8,27,35,100],[1, 10, 14, 16, 49, 50, 52, 44, 53, 54]]
[[5,9,8,13,35,72],[1, 10, 14, 16, 50, 52, 44, 51, 53, 54]]
[[5,7,5,19,45,49],[1, 10, 14, 40, 42, 17, 52, 18, 51, 54]]
[[5,11,11,23,45,47],[1, 10, 14, 40, 17, 43, 50, 52, 18, 54]]
[[4,12,10,24,34,72],[1, 10, 14, 40, 17, 43, 52, 18, 53, 54]]
[[4,8,7,16,64,47],[1, 10, 14, 40, 17, 50, 52, 18, 44, 54]]
[[4,8,10,20,69,80],[1, 10, 14, 40, 17, 52, 18, 44, 51, 54]]
[[5,11,11,23,45,47],[1, 10, 14, 40, 49, 17, 50, 52, 18, 54]]
[[4,12,10,24,34,72],[1, 10, 14, 40, 49, 17, 52, 18, 53, 54]]
[[4,10,10,34,29,76],[1, 10, 14, 40, 17, 50, 52, 18, 53, 54]]
[[4,10,13,18,34,91],[1, 10, 14, 42, 17, 43, 52, 18, 51, 54]]
[[3,7,12,19,23,106],[1, 10, 14, 42, 17, 43, 52, 18, 53, 54]]
[[5,9,8,13,55,48],[1, 10, 14, 42, 17, 50, 52, 18, 44, 54]]
[[4,8,4,20,29,74],[1, 10, 14, 42, 17, 52, 18, 44, 53, 54]]
[[4,10,13,18,34,91],[1, 10, 14, 42, 49, 17, 52, 18, 51, 54]]
[[3,7,12,19,23,106],[1, 10, 14, 42, 49, 17, 52, 18, 53, 54]]
[[3,7,3,27,33,55],[1, 10, 14, 42, 17, 50, 52, 18, 53, 54]]
[[5,9,11,17,50,51],[1, 10, 14, 17, 43, 50, 52, 18, 44, 54]]
[[5,7,5,31,50,73],[1, 10, 14, 17, 43, 52, 18, 44, 51, 54]]
[[4,6,10,14,44,78],[1, 10, 14, 49, 17, 43, 50, 52, 18, 54]]
[[4,8,7,20,59,59],[1, 10, 14, 49, 17, 43, 52, 18, 51, 54]]
[[3,9,6,37,23,54],[1, 10, 14, 49, 17, 43, 52, 18, 53, 54]]
[[3,11,9,23,38,89],[1, 10, 14, 17, 43, 50, 52, 18, 53, 54]]
[[3,9,18,21,18,90],[1, 10, 14, 17, 43, 52, 18, 51, 53, 54]]
[[5,9,11,17,50,51],[1, 10, 14, 49, 17, 50, 52, 18, 44, 54]]
[[5,7,5,31,50,73],[1, 10, 14, 49, 17, 52, 18, 44, 51, 54]]
[[4,12,7,32,29,63],[1, 10, 14, 17, 50, 52, 18, 44, 53, 54]]
[[4,10,7,18,29,91],[1, 10, 14, 17, 52, 18, 44, 51, 53, 54]]
[[3,11,9,23,38,89],[1, 10, 14, 49, 17, 50, 52, 18, 53, 54]]
[[3,9,18,21,18,90],[1, 10, 14, 49, 17, 52, 18, 51, 53, 54]]
[[5,11,11,23,45,47],[1, 10, 14, 40, 42, 17, 43, 50, 52, 54]]
[[4,12,10,24,34,72],[1, 10, 14, 40, 42, 17, 43, 52, 53, 54]]
[[4,8,7,16,64,47],[1, 10, 14, 40, 42, 17, 50, 52, 44, 54]]
[[4,8,10,20,69,80],[1, 10, 14, 40, 42, 17, 52, 44, 51, 54]]
[[5,11,11,23,45,47],[1, 10, 14, 40, 42, 49, 17, 50, 52, 54]]
[[4,12,10,24,34,72],[1, 10, 14, 40, 42, 49, 17, 52, 53, 54]]
[[4,10,10,34,29,76],[1, 10, 14, 40, 42, 17, 50, 52, 53, 54]]
[[3,11,9,27,33,77],[1, 10, 14, 40, 17, 43, 52, 44, 53, 54]]
[[5,7,5,19,45,49],[1, 10, 14, 40, 49, 17, 43, 52, 51, 54]]
[[3,11,9,27,33,77],[1, 10, 14, 40, 49, 17, 52, 44, 53, 54]]
[[3,13,3,29,43,79],[1, 10, 14, 40, 17, 52, 44, 51, 53, 54]]
[[4,10,4,26,44,76],[1, 10, 14, 40, 17, 50, 52, 51, 53, 54]]
[[5,9,11,17,50,51],[1, 10, 14, 42, 17, 43, 50, 52, 44, 54]]
[[5,7,5,31,50,73],[1, 10, 14, 42, 17, 43, 52, 44, 51, 54]]
[[4,6,10,14,44,78],[1, 10, 14, 42, 49, 17, 43, 50, 52, 54]]
[[4,8,7,20,59,59],[1, 10, 14, 42, 49, 17, 43, 52, 51, 54]]
[[3,9,6,37,23,54],[1, 10, 14, 42, 49, 17, 43, 52, 53, 54]]
[[3,11,9,23,38,89],[1, 10, 14, 42, 17, 43, 50, 52, 53, 54]]
[[3,9,18,21,18,90],[1, 10, 14, 42, 17, 43, 52, 51, 53, 54]]
[[5,9,11,17,50,51],[1, 10, 14, 42, 49, 17, 50, 52, 44, 54]]
[[5,7,5,31,50,73],[1, 10, 14, 42, 49, 17, 52, 44, 51, 54]]
[[4,12,7,32,29,63],[1, 10, 14, 42, 17, 50, 52, 44, 53, 54]]
[[4,10,7,18,29,91],[1, 10, 14, 42, 17, 52, 44, 51, 53, 54]]
[[3,11,9,23,38,89],[1, 10, 14, 42, 49, 17, 50, 52, 53, 54]]
[[3,9,18,21,18,90],[1, 10, 14, 42, 49, 17, 52, 51, 53, 54]]
[[5,9,8,13,55,48],[1, 10, 14, 49, 17, 43, 50, 52, 44, 54]]
[[4,8,4,20,29,74],[1, 10, 14, 49, 17, 43, 52, 44, 53, 54]]
[[4,8,4,16,24,38],[1, 10, 14, 17, 43, 52, 44, 51, 53, 54]]
[[3,7,3,27,33,55],[1, 10, 14, 49, 17, 43, 50, 52, 53, 54]]
[[3,7,9,23,28,85],[1, 10, 14, 17, 43, 50, 52, 51, 53, 54]]
[[4,8,4,16,24,38],[1, 10, 14, 49, 17, 52, 44, 51, 53, 54]]
[[4,12,10,28,14,84],[1, 10, 14, 17, 50, 52, 44, 51, 53, 54]]
[[3,7,9,23,28,85],[1, 10, 14, 49, 17, 50, 52, 51, 53, 54]]
[[6,8,9,32,56,41],[1, 10, 14, 40, 42, 43, 52, 18, 51, 54]]
[[5,9,14,25,25,78],[1, 10, 14, 40, 42, 52, 18, 44, 51, 54]]
[[4,14,7,22,29,83],[1, 10, 14, 40, 42, 52, 18, 44, 53, 54]]
[[6,8,9,32,56,41],[1, 10, 14, 40, 42, 49, 52, 18, 51, 54]]
[[5,9,8,25,45,54],[1, 10, 14, 40, 43, 52, 18, 44, 51, 54]]
[[4,10,13,26,29,97],[1, 10, 14, 40, 43, 52, 18, 44, 53, 54]]
[[5,9,8,25,45,54],[1, 10, 14, 40, 49, 52, 18, 44, 51, 54]]
[[4,10,13,26,29,97],[1, 10, 14, 40, 49, 52, 18, 44, 53, 54]]
[[6,12,9,24,26,81],[1, 10, 14, 42, 43, 52, 18, 44, 51, 54]]
[[5,9,5,29,25,93],[1, 10, 14, 42, 43, 52, 18, 44, 53, 54]]
[[5,5,8,25,55,74],[1, 10, 14, 42, 49, 43, 52, 18, 51, 54]]
[[4,10,13,22,44,55],[1, 10, 14, 42, 43, 52, 18, 51, 53, 54]]
[[6,12,9,24,26,81],[1, 10, 14, 42, 49, 52, 18, 44, 51, 54]]
[[5,9,5,29,25,93],[1, 10, 14, 42, 49, 52, 18, 44, 53, 54]]
[[5,11,5,31,50,65],[1, 10, 14, 42, 52, 18, 44, 51, 53, 54]]
[[4,10,13,22,44,55],[1, 10, 14, 42, 49, 52, 18, 51, 53, 54]]
[[6,10,6,30,46,46],[1, 10, 14, 49, 43, 52, 18, 44, 51, 54]]
[[5,11,14,23,25,92],[1, 10, 14, 49, 43, 52, 18, 44, 53, 54]]
[[4,8,7,16,34,77],[1, 10, 14, 49, 43, 52, 18, 51, 53, 54]]
[[5,9,8,25,45,54],[1, 10, 14, 40, 42, 43, 52, 44, 51, 54]]
[[4,10,13,26,29,97],[1, 10, 14, 40, 42, 43, 52, 44, 53, 54]]
[[5,9,8,25,45,54],[1, 10, 14, 40, 42, 49, 52, 44, 51, 54]]
[[4,10,13,26,29,97],[1, 10, 14, 40, 42, 49, 52, 44, 53, 54]]
[[5,9,14,25,25,78],[1, 10, 14, 40, 49, 43, 52, 44, 51, 54]]
[[4,14,7,22,29,83],[1, 10, 14, 40, 49, 43, 52, 44, 53, 54]]
[[4,10,13,22,24,103],[1, 10, 14, 40, 43, 52, 44, 51, 53, 54]]
[[4,10,13,22,24,103],[1, 10, 14, 40, 49, 52, 44, 51, 53, 54]]
[[6,10,6,30,46,46],[1, 10, 14, 42, 49, 43, 52, 44, 51, 54]]
[[5,11,14,23,25,92],[1, 10, 14, 42, 49, 43, 52, 44, 53, 54]]
[[4,8,7,16,34,77],[1, 10, 14, 42, 49, 43, 52, 51, 53, 54]]
[[5,11,5,31,50,65],[1, 10, 14, 49, 43, 52, 44, 51, 53, 54]]
[[5,11,11,23,45,47],[1, 10, 40, 16, 42, 17, 50, 52, 18, 54]]
[[4,8,4,20,29,74],[1, 10, 40, 16, 42, 17, 52, 18, 53, 54]]
[[5,7,5,31,50,73],[1, 10, 40, 16, 17, 43, 52, 18, 51, 54]]
[[3,9,6,17,23,78],[1, 10, 40, 16, 17, 52, 18, 44, 53, 54]]
[[5,7,5,31,50,73],[1, 10, 40, 16, 49, 17, 52, 18, 51, 54]]
[[4,8,7,16,64,77],[1, 10, 16, 42, 17, 43, 50, 52, 18, 54]]
[[4,6,10,14,24,54],[1, 10, 16, 42, 17, 43, 52, 18, 51, 54]]
[[5,9,11,17,50,51],[1, 10, 16, 42, 17, 50, 52, 18, 44, 54]]
[[5,7,5,19,45,49],[1, 10, 16, 42, 17, 52, 18, 44, 51, 54]]
[[4,8,7,16,64,77],[1, 10, 16, 42, 49, 17, 50, 52, 18, 54]]
[[4,6,10,14,24,54],[1, 10, 16, 42, 49, 17, 52, 18, 51, 54]]
[[3,7,15,19,33,97],[1, 10, 16, 42, 17, 50, 52, 18, 53, 54]]
[[3,9,6,17,48,84],[1, 10, 16, 42, 17, 52, 18, 51, 53, 54]]
[[5,9,8,13,55,48],[1, 10, 16, 17, 43, 50, 52, 18, 44, 54]]
[[4,12,10,24,34,72],[1, 10, 16, 17, 43, 52, 18, 44, 53, 54]]
[[4,8,10,20,29,32],[1, 10, 16, 49, 17, 43, 52, 18, 51, 54]]
[[3,9,9,13,13,69],[1, 10, 16, 49, 17, 43, 52, 18, 53, 54]]
[[3,7,3,19,48,73],[1, 10, 16, 17, 43, 50, 52, 18, 53, 54]]
[[5,9,8,13,55,48],[1, 10, 16, 49, 17, 50, 52, 18, 44, 54]]
[[4,12,10,24,34,72],[1, 10, 16, 49, 17, 52, 18, 44, 53, 54]]
[[4,10,7,18,29,91],[1, 10, 16, 17, 52, 18, 44, 51, 53, 54]]
[[3,7,3,19,48,73],[1, 10, 16, 49, 17, 50, 52, 18, 53, 54]]
[[3,9,12,25,43,42],[1, 10, 16, 17, 50, 52, 18, 51, 53, 54]]
[[5,7,5,31,50,73],[1, 10, 40, 16, 42, 17, 43, 52, 51, 54]]
[[3,9,6,17,23,78],[1, 10, 40, 16, 42, 17, 52, 44, 53, 54]]
[[5,7,5,31,50,73],[1, 10, 40, 16, 42, 49, 17, 52, 51, 54]]
[[4,10,16,22,24,100],[1, 10, 40, 16, 17, 43, 50, 52, 44, 54]]
[[4,10,19,18,24,91],[1, 10, 40, 16, 17, 43, 52, 44, 51, 54]]
[[5,11,11,23,45,47],[1, 10, 40, 16, 49, 17, 43, 50, 52, 54]]
[[4,8,4,20,29,74],[1, 10, 40, 16, 49, 17, 43, 52, 53, 54]]
[[4,12,7,32,29,63],[1, 10, 40, 16, 17, 43, 50, 52, 53, 54]]
[[4,10,16,22,24,100],[1, 10, 40, 16, 49, 17, 50, 52, 44, 54]]
[[4,10,19,18,24,91],[1, 10, 40, 16, 49, 17, 52, 44, 51, 54]]
[[3,9,21,17,28,63],[1, 10, 40, 16, 17, 52, 44, 51, 53, 54]]
[[4,12,7,32,29,63],[1, 10, 40, 16, 49, 17, 50, 52, 53, 54]]
[[5,9,8,13,55,48],[1, 10, 16, 42, 17, 43, 50, 52, 44, 54]]
[[4,12,10,24,34,72],[1, 10, 16, 42, 17, 43, 52, 44, 53, 54]]
[[4,8,10,20,29,32],[1, 10, 16, 42, 49, 17, 43, 52, 51, 54]]
[[3,9,9,13,13,69],[1, 10, 16, 42, 49, 17, 43, 52, 53, 54]]
[[3,7,3,19,48,73],[1, 10, 16, 42, 17, 43, 50, 52, 53, 54]]
[[5,9,8,13,55,48],[1, 10, 16, 42, 49, 17, 50, 52, 44, 54]]
[[4,12,10,24,34,72],[1, 10, 16, 42, 49, 17, 52, 44, 53, 54]]
[[4,10,7,18,29,91],[1, 10, 16, 42, 17, 52, 44, 51, 53, 54]]
[[3,7,3,19,48,73],[1, 10, 16, 42, 49, 17, 50, 52, 53, 54]]
[[3,9,12,25,43,42],[1, 10, 16, 42, 17, 50, 52, 51, 53, 54]]
[[5,9,11,17,50,51],[1, 10, 16, 49, 17, 43, 50, 52, 44, 54]]
[[5,7,5,19,45,49],[1, 10, 16, 49, 17, 43, 52, 44, 51, 54]]
[[4,10,10,34,29,76],[1, 10, 16, 17, 43, 50, 52, 44, 53, 54]]
[[4,8,4,16,24,38],[1, 10, 16, 17, 43, 52, 44, 51, 53, 54]]
[[3,7,15,19,33,97],[1, 10, 16, 49, 17, 43, 50, 52, 53, 54]]
[[3,9,6,17,48,84],[1, 10, 16, 49, 17, 43, 52, 51, 53, 54]]
[[4,10,10,34,29,76],[1, 10, 16, 49, 17, 50, 52, 44, 53, 54]]
[[4,8,4,16,24,38],[1, 10, 16, 49, 17, 52, 44, 51, 53, 54]]
[[4,8,7,24,34,89],[1, 10, 16, 17, 50, 52, 44, 51, 53, 54]]
[[6,8,9,32,46,53],[1, 10, 40, 16, 42, 43, 50, 52, 18, 54]]
[[6,8,9,32,46,53],[1, 10, 40, 16, 42, 49, 50, 52, 18, 54]]
[[5,9,14,21,55,54],[1, 10, 40, 16, 43, 50, 52, 18, 44, 54]]
[[5,9,14,21,55,54],[1, 10, 40, 16, 49, 50, 52, 18, 44, 54]]
[[4,12,13,20,19,99],[1, 10, 40, 16, 50, 52, 18, 44, 53, 54]]
[[5,9,8,29,35,84],[1, 10, 40, 16, 50, 52, 18, 51, 53, 54]]
[[5,11,11,31,15,83],[1, 10, 16, 42, 49, 43, 50, 52, 18, 54]]
[[5,9,8,25,55,66],[1, 10, 16, 42, 50, 52, 18, 44, 53, 54]]
[[4,10,10,22,54,82],[1, 10, 16, 42, 50, 52, 18, 51, 53, 54]]
[[5,9,11,33,25,81],[1, 10, 16, 43, 50, 52, 18, 44, 53, 54]]
[[4,6,7,14,29,63],[1, 10, 16, 49, 43, 50, 52, 18, 53, 54]]
[[4,10,10,34,34,100],[1, 10, 16, 43, 50, 52, 18, 51, 53, 54]]
[[5,9,11,33,25,81],[1, 10, 16, 49, 50, 52, 18, 44, 53, 54]]
[[4,10,10,34,34,100],[1, 10, 16, 49, 50, 52, 18, 51, 53, 54]]
[[5,9,14,21,55,54],[1, 10, 40, 16, 42, 43, 50, 52, 44, 54]]
[[5,9,14,21,55,54],[1, 10, 40, 16, 42, 49, 50, 52, 44, 54]]
[[4,12,13,20,19,99],[1, 10, 40, 16, 42, 50, 52, 44, 53, 54]]
[[5,9,8,29,35,84],[1, 10, 40, 16, 42, 50, 52, 51, 53, 54]]
[[4,8,13,28,34,89],[1, 10, 40, 16, 50, 52, 44, 51, 53, 54]]
[[5,9,11,33,25,81],[1, 10, 16, 42, 43, 50, 52, 44, 53, 54]]
[[4,6,7,14,29,63],[1, 10, 16, 42, 49, 43, 50, 52, 53, 54]]
[[4,10,10,34,34,100],[1, 10, 16, 42, 43, 50, 52, 51, 53, 54]]
[[5,9,11,33,25,81],[1, 10, 16, 42, 49, 50, 52, 44, 53, 54]]
[[4,10,10,34,34,100],[1, 10, 16, 42, 49, 50, 52, 51, 53, 54]]
[[5,9,8,25,55,66],[1, 10, 16, 49, 43, 50, 52, 44, 53, 54]]
[[5,9,5,29,50,63],[1, 10, 16, 43, 50, 52, 44, 51, 53, 54]]
[[4,10,10,22,54,82],[1, 10, 16, 49, 43, 50, 52, 51, 53, 54]]
[[5,9,5,29,50,63],[1, 10, 16, 49, 50, 52, 44, 51, 53, 54]]
[[5,11,11,15,45,71],[1, 10, 40, 42, 17, 43, 50, 52, 18, 54]]
[[4,8,10,20,44,110],[1, 10, 40, 42, 17, 50, 52, 18, 44, 54]]
[[4,12,10,32,19,66],[1, 10, 40, 42, 17, 52, 18, 44, 51, 54]]
[[3,13,15,29,18,73],[1, 10, 40, 42, 17, 52, 18, 44, 53, 54]]
[[5,11,11,15,45,71],[1, 10, 40, 42, 49, 17, 50, 52, 18, 54]]
[[4,10,7,14,64,61],[1, 10, 40, 42, 17, 50, 52, 18, 53, 54]]
[[4,12,7,20,19,105],[1, 10, 40, 17, 43, 52, 18, 44, 51, 54]]
[[3,13,12,21,43,82],[1, 10, 40, 17, 43, 52, 18, 44, 53, 54]]
[[4,10,4,18,44,70],[1, 10, 40, 17, 43, 52, 18, 51, 53, 54]]
[[4,12,7,20,19,105],[1, 10, 40, 49, 17, 52, 18, 44, 51, 54]]
[[3,13,12,21,43,82],[1, 10, 40, 49, 17, 52, 18, 44, 53, 54]]
[[3,11,6,19,33,68],[1, 10, 40, 17, 50, 52, 18, 44, 53, 54]]
[[4,10,4,18,44,70],[1, 10, 40, 49, 17, 52, 18, 51, 53, 54]]
[[4,16,7,24,29,73],[1, 10, 40, 17, 50, 52, 18, 51, 53, 54]]
[[5,13,14,25,15,76],[1, 10, 42, 17, 43, 50, 52, 18, 44, 54]]
[[5,11,14,23,40,68],[1, 10, 42, 17, 43, 52, 18, 44, 51, 54]]
[[4,10,10,22,44,94],[1, 10, 42, 49, 17, 43, 50, 52, 18, 54]]
[[4,8,13,16,24,125],[1, 10, 42, 49, 17, 43, 52, 18, 51, 54]]
[[3,7,12,15,18,76],[1, 10, 42, 17, 43, 50, 52, 18, 53, 54]]
[[5,13,14,25,15,76],[1, 10, 42, 49, 17, 50, 52, 18, 44, 54]]
[[5,11,14,23,40,68],[1, 10, 42, 49, 17, 52, 18, 44, 51, 54]]
[[4,12,13,16,19,105],[1, 10, 42, 17, 50, 52, 18, 44, 53, 54]]
[[4,10,13,18,29,103],[1, 10, 42, 17, 52, 18, 44, 51, 53, 54]]
[[3,7,12,15,18,76],[1, 10, 42, 49, 17, 50, 52, 18, 53, 54]]
[[3,9,9,29,33,93],[1, 10, 42, 17, 50, 52, 18, 51, 53, 54]]
[[5,9,8,25,50,60],[1, 10, 49, 17, 43, 52, 18, 44, 51, 54]]
[[4,10,4,18,39,82],[1, 10, 49, 17, 43, 52, 18, 44, 53, 54]]
[[4,12,7,16,29,93],[1, 10, 17, 43, 50, 52, 18, 44, 53, 54]]
[[3,15,6,27,38,60],[1, 10, 49, 17, 43, 52, 18, 51, 53, 54]]
[[3,9,12,9,23,78],[1, 10, 17, 43, 50, 52, 18, 51, 53, 54]]
[[4,12,7,16,29,93],[1, 10, 49, 17, 50, 52, 18, 44, 53, 54]]
[[4,10,4,22,14,82],[1, 10, 17, 50, 52, 18, 44, 51, 53, 54]]
[[3,9,12,9,23,78],[1, 10, 49, 17, 50, 52, 18, 51, 53, 54]]
[[4,12,7,20,19,105],[1, 10, 40, 42, 17, 43, 52, 44, 51, 54]]
[[3,13,12,21,43,82],[1, 10, 40, 42, 17, 43, 52, 44, 53, 54]]
[[4,10,4,18,44,70],[1, 10, 40, 42, 17, 43, 52, 51, 53, 54]]
[[4,12,7,20,19,105],[1, 10, 40, 42, 49, 17, 52, 44, 51, 54]]
[[3,13,12,21,43,82],[1, 10, 40, 42, 49, 17, 52, 44, 53, 54]]
[[3,11,6,19,33,68],[1, 10, 40, 42, 17, 50, 52, 44, 53, 54]]
[[4,10,4,18,44,70],[1, 10, 40, 42, 49, 17, 52, 51, 53, 54]]
[[4,16,7,24,29,73],[1, 10, 40, 42, 17, 50, 52, 51, 53, 54]]
[[4,8,10,20,44,110],[1, 10, 40, 49, 17, 43, 50, 52, 44, 54]]
[[4,12,10,32,19,66],[1, 10, 40, 49, 17, 43, 52, 44, 51, 54]]
[[3,13,15,29,18,73],[1, 10, 40, 49, 17, 43, 52, 44, 53, 54]]
[[3,13,9,37,38,55],[1, 10, 40, 17, 43, 50, 52, 44, 53, 54]]
[[3,9,6,37,28,48],[1, 10, 40, 17, 43, 52, 44, 51, 53, 54]]
[[4,10,7,14,64,61],[1, 10, 40, 49, 17, 43, 50, 52, 53, 54]]
[[3,13,9,37,38,55],[1, 10, 40, 49, 17, 50, 52, 44, 53, 54]]
[[3,9,6,37,28,48],[1, 10, 40, 49, 17, 52, 44, 51, 53, 54]]
[[5,9,8,25,50,60],[1, 10, 42, 49, 17, 43, 52, 44, 51, 54]]
[[4,10,4,18,39,82],[1, 10, 42, 49, 17, 43, 52, 44, 53, 54]]
[[4,12,7,16,29,93],[1, 10, 42, 17, 43, 50, 52, 44, 53, 54]]
[[3,15,6,27,38,60],[1, 10, 42, 49, 17, 43, 52, 51, 53, 54]]
[[3,9,12,9,23,78],[1, 10, 42, 17, 43, 50, 52, 51, 53, 54]]
[[4,12,7,16,29,93],[1, 10, 42, 49, 17, 50, 52, 44, 53, 54]]
[[4,10,4,22,14,82],[1, 10, 42, 17, 50, 52, 44, 51, 53, 54]]
[[3,9,12,9,23,78],[1, 10, 42, 49, 17, 50, 52, 51, 53, 54]]
[[4,12,13,16,19,105],[1, 10, 49, 17, 43, 50, 52, 44, 53, 54]]
[[4,10,13,18,29,103],[1, 10, 49, 17, 43, 52, 44, 51, 53, 54]]
[[3,9,9,29,33,93],[1, 10, 49, 17, 43, 50, 52, 51, 53, 54]]
[[4,10,10,22,24,106],[1, 10, 40, 42, 43, 52, 18, 44, 53, 54]]
[[5,11,8,31,30,68],[1, 10, 40, 42, 49, 43, 52, 18, 53, 54]]
[[4,10,10,22,24,106],[1, 10, 40, 42, 49, 52, 18, 44, 53, 54]]
[[4,8,7,28,29,89],[1, 10, 40, 42, 52, 18, 44, 51, 53, 54]]
[[5,7,8,23,45,52],[1, 10, 40, 49, 43, 52, 18, 44, 51, 54]]
[[4,8,10,12,29,68],[1, 10, 40, 43, 52, 18, 44, 51, 53, 54]]
[[5,9,11,41,5,75],[1, 10, 40, 49, 43, 52, 18, 51, 53, 54]]
[[4,8,10,12,29,68],[1, 10, 40, 49, 52, 18, 44, 51, 53, 54]]
[[5,11,8,31,30,68],[1, 10, 42, 49, 43, 52, 18, 44, 53, 54]]
[[5,9,11,25,25,51],[1, 10, 49, 43, 52, 18, 44, 51, 53, 54]]
[[5,7,8,23,45,52],[1, 10, 40, 42, 49, 43, 52, 44, 51, 54]]
[[4,8,10,12,29,68],[1, 10, 40, 42, 43, 52, 44, 51, 53, 54]]
[[5,9,11,41,5,75],[1, 10, 40, 42, 49, 43, 52, 51, 53, 54]]
[[4,8,10,12,29,68],[1, 10, 40, 42, 49, 52, 44, 51, 53, 54]]
[[4,8,7,28,29,89],[1, 10, 40, 49, 43, 52, 44, 51, 53, 54]]
[[5,9,11,25,25,51],[1, 10, 42, 49, 43, 52, 44, 51, 53, 54]]
[[6,10,18,14,36,58],[1, 14, 40, 16, 17, 43, 50, 52, 18, 54]]
[[5,11,11,23,35,77],[1, 14, 40, 16, 17, 50, 52, 18, 44, 54]]
[[5,11,17,23,25,65],[1, 14, 40, 16, 17, 52, 18, 44, 51, 54]]
[[4,10,10,42,19,46],[1, 14, 40, 16, 17, 52, 18, 44, 53, 54]]
[[6,10,18,14,36,58],[1, 14, 40, 16, 49, 17, 50, 52, 18, 54]]
[[5,11,5,27,25,83],[1, 14, 40, 16, 17, 50, 52, 18, 53, 54]]
[[4,12,10,24,29,78],[1, 14, 16, 42, 17, 43, 52, 18, 53, 54]]
[[6,6,15,26,26,75],[1, 14, 16, 42, 17, 52, 18, 44, 51, 54]]
[[5,9,11,25,45,81],[1, 14, 16, 42, 17, 52, 18, 44, 53, 54]]
[[4,12,10,24,29,78],[1, 14, 16, 42, 49, 17, 52, 18, 53, 54]]
[[4,10,13,14,29,73],[1, 14, 16, 42, 17, 52, 18, 51, 53, 54]]
[[6,12,9,28,36,51],[1, 14, 16, 17, 43, 50, 52, 18, 44, 54]]
[[6,6,12,18,46,78],[1, 14, 16, 17, 43, 52, 18, 44, 51, 54]]
[[5,9,11,25,35,57],[1, 14, 16, 17, 43, 52, 18, 44, 53, 54]]
[[5,7,14,27,20,82],[1, 14, 16, 49, 17, 43, 52, 18, 51, 54]]
[[4,8,7,24,39,77],[1, 14, 16, 17, 43, 50, 52, 18, 53, 54]]
[[4,6,10,6,19,60],[1, 14, 16, 17, 43, 52, 18, 51, 53, 54]]
[[6,12,9,28,36,51],[1, 14, 16, 49, 17, 50, 52, 18, 44, 54]]
[[6,6,12,18,46,78],[1, 14, 16, 49, 17, 52, 18, 44, 51, 54]]
[[5,9,11,25,35,57],[1, 14, 16, 49, 17, 52, 18, 44, 53, 54]]
[[5,9,17,21,30,93],[1, 14, 16, 17, 50, 52, 18, 44, 53, 54]]
[[4,8,7,24,39,77],[1, 14, 16, 49, 17, 50, 52, 18, 53, 54]]
[[4,6,10,6,19,60],[1, 14, 16, 49, 17, 52, 18, 51, 53, 54]]
[[4,6,10,14,24,18],[1, 14, 16, 17, 50, 52, 18, 51, 53, 54]]
[[6,10,18,14,36,58],[1, 14, 40, 16, 42, 17, 43, 50, 52, 54]]
[[5,11,11,23,35,77],[1, 14, 40, 16, 42, 17, 50, 52, 44, 54]]
[[5,11,17,23,25,65],[1, 14, 40, 16, 42, 17, 52, 44, 51, 54]]
[[4,10,10,42,19,46],[1, 14, 40, 16, 42, 17, 52, 44, 53, 54]]
[[6,10,18,14,36,58],[1, 14, 40, 16, 42, 49, 17, 50, 52, 54]]
[[5,11,5,27,25,83],[1, 14, 40, 16, 42, 17, 50, 52, 53, 54]]
[[5,9,11,17,25,93],[1, 14, 40, 16, 17, 43, 52, 44, 51, 54]]
[[4,8,13,20,29,95],[1, 14, 40, 16, 17, 43, 52, 44, 53, 54]]
[[5,9,17,21,35,99],[1, 14, 40, 16, 17, 43, 52, 51, 53, 54]]
[[5,9,11,17,25,93],[1, 14, 40, 16, 49, 17, 52, 44, 51, 54]]
[[4,8,13,20,29,95],[1, 14, 40, 16, 49, 17, 52, 44, 53, 54]]
[[4,10,13,22,54,55],[1, 14, 40, 16, 17, 50, 52, 44, 53, 54]]
[[5,9,17,21,35,99],[1, 14, 40, 16, 49, 17, 52, 51, 53, 54]]
[[5,11,11,15,25,119],[1, 14, 40, 16, 17, 50, 52, 51, 53, 54]]
[[6,12,9,28,36,51],[1, 14, 16, 42, 17, 43, 50, 52, 44, 54]]
[[6,6,12,18,46,78],[1, 14, 16, 42, 17, 43, 52, 44, 51, 54]]
[[5,9,11,25,35,57],[1, 14, 16, 42, 17, 43, 52, 44, 53, 54]]
[[5,7,14,27,20,82],[1, 14, 16, 42, 49, 17, 43, 52, 51, 54]]
[[4,8,7,24,39,77],[1, 14, 16, 42, 17, 43, 50, 52, 53, 54]]
[[4,6,10,6,19,60],[1, 14, 16, 42, 17, 43, 52, 51, 53, 54]]
[[6,12,9,28,36,51],[1, 14, 16, 42, 49, 17, 50, 52, 44, 54]]
[[6,6,12,18,46,78],[1, 14, 16, 42, 49, 17, 52, 44, 51, 54]]
[[5,9,11,25,35,57],[1, 14, 16, 42, 49, 17, 52, 44, 53, 54]]
[[5,9,17,21,30,93],[1, 14, 16, 42, 17, 50, 52, 44, 53, 54]]
[[4,8,7,24,39,77],[1, 14, 16, 42, 49, 17, 50, 52, 53, 54]]
[[4,6,10,6,19,60],[1, 14, 16, 42, 49, 17, 52, 51, 53, 54]]
[[4,6,10,14,24,18],[1, 14, 16, 42, 17, 50, 52, 51, 53, 54]]
[[6,6,15,26,26,75],[1, 14, 16, 49, 17, 43, 52, 44, 51, 54]]
[[5,9,11,25,45,81],[1, 14, 16, 49, 17, 43, 52, 44, 53, 54]]
[[5,7,11,27,25,79],[1, 14, 16, 17, 43, 50, 52, 44, 53, 54]]
[[4,10,13,14,29,73],[1, 14, 16, 49, 17, 43, 52, 51, 53, 54]]
[[4,8,13,36,29,77],[1, 14, 16, 17, 43, 50, 52, 51, 53, 54]]
[[5,7,11,27,25,79],[1, 14, 16, 49, 17, 50, 52, 44, 53, 54]]
[[4,8,13,36,29,77],[1, 14, 16, 49, 17, 50, 52, 51, 53, 54]]
[[5,11,14,23,35,56],[1, 14, 40, 16, 42, 43, 52, 18, 51, 54]]
[[4,8,19,16,29,101],[1, 14, 40, 16, 42, 50, 52, 18, 44, 54]]
[[4,8,13,40,24,77],[1, 14, 40, 16, 42, 52, 18, 44, 51, 54]]
[[5,11,14,23,35,56],[1, 14, 40, 16, 42, 49, 52, 18, 51, 54]]
[[4,8,4,20,49,56],[1, 14, 40, 16, 42, 52, 18, 51, 53, 54]]
[[4,8,7,24,19,53],[1, 14, 40, 16, 43, 50, 52, 18, 44, 54]]
[[3,7,9,15,13,31],[1, 14, 40, 16, 43, 52, 18, 44, 53, 54]]
[[4,8,13,24,44,89],[1, 14, 40, 16, 49, 43, 52, 18, 53, 54]]
[[4,8,16,24,29,80],[1, 14, 40, 16, 43, 50, 52, 18, 53, 54]]
[[4,8,7,24,19,53],[1, 14, 40, 16, 49, 50, 52, 18, 44, 54]]
[[3,7,9,15,13,31],[1, 14, 40, 16, 49, 52, 18, 44, 53, 54]]
[[3,9,12,17,43,78],[1, 14, 40, 16, 52, 18, 44, 51, 53, 54]]
[[4,8,16,24,29,80],[1, 14, 40, 16, 49, 50, 52, 18, 53, 54]]
[[5,5,8,13,45,56],[1, 14, 16, 42, 43, 50, 52, 18, 44, 54]]
[[5,7,8,23,45,88],[1, 14, 16, 42, 43, 52, 18, 44, 51, 54]]
[[4,6,7,14,34,99],[1, 14, 16, 42, 49, 43, 50, 52, 18, 54]]
[[4,4,13,8,24,37],[1, 14, 16, 42, 49, 43, 52, 18, 51, 54]]
[[3,7,6,11,18,70],[1, 14, 16, 42, 49, 43, 52, 18, 53, 54]]
[[3,5,15,5,8,71],[1, 14, 16, 42, 43, 50, 52, 18, 53, 54]]
[[3,7,15,15,28,109],[1, 14, 16, 42, 43, 52, 18, 51, 53, 54]]
[[5,5,8,13,45,56],[1, 14, 16, 42, 49, 50, 52, 18, 44, 54]]
[[5,7,8,23,45,88],[1, 14, 16, 42, 49, 52, 18, 44, 51, 54]]
[[4,6,4,26,49,96],[1, 14, 16, 42, 50, 52, 18, 44, 53, 54]]
[[4,8,10,20,9,80],[1, 14, 16, 42, 52, 18, 44, 51, 53, 54]]
[[3,5,15,5,8,71],[1, 14, 16, 42, 49, 50, 52, 18, 53, 54]]
[[3,7,15,15,28,109],[1, 14, 16, 42, 49, 52, 18, 51, 53, 54]]
[[5,7,11,23,40,85],[1, 14, 16, 49, 43, 50, 52, 18, 44, 54]]
[[4,8,10,8,24,68],[1, 14, 16, 43, 52, 18, 44, 51, 53, 54]]
[[3,7,12,27,23,100],[1, 14, 16, 49, 43, 50, 52, 18, 53, 54]]
[[3,7,9,23,18,61],[1, 14, 16, 43, 50, 52, 18, 51, 53, 54]]
[[4,8,10,8,24,68],[1, 14, 16, 49, 52, 18, 44, 51, 53, 54]]
[[4,8,13,12,34,53],[1, 14, 16, 50, 52, 18, 44, 51, 53, 54]]
[[3,7,9,23,18,61],[1, 14, 16, 49, 50, 52, 18, 51, 53, 54]]
[[4,8,7,24,19,53],[1, 14, 40, 16, 42, 43, 50, 52, 44, 54]]
[[3,7,9,15,13,31],[1, 14, 40, 16, 42, 43, 52, 44, 53, 54]]
[[4,8,13,24,44,89],[1, 14, 40, 16, 42, 49, 43, 52, 53, 54]]
[[4,8,16,24,29,80],[1, 14, 40, 16, 42, 43, 50, 52, 53, 54]]
[[4,8,7,24,19,53],[1, 14, 40, 16, 42, 49, 50, 52, 44, 54]]
[[3,7,9,15,13,31],[1, 14, 40, 16, 42, 49, 52, 44, 53, 54]]
[[3,9,12,17,43,78],[1, 14, 40, 16, 42, 52, 44, 51, 53, 54]]
[[4,8,16,24,29,80],[1, 14, 40, 16, 42, 49, 50, 52, 53, 54]]
[[4,8,19,16,29,101],[1, 14, 40, 16, 49, 43, 50, 52, 44, 54]]
[[4,8,13,40,24,77],[1, 14, 40, 16, 49, 43, 52, 44, 51, 54]]
[[3,7,6,19,23,100],[1, 14, 40, 16, 43, 50, 52, 44, 53, 54]]
[[3,7,15,23,28,73],[1, 14, 40, 16, 43, 52, 44, 51, 53, 54]]
[[4,8,4,20,49,56],[1, 14, 40, 16, 49, 43, 52, 51, 53, 54]]
[[3,7,6,19,23,100],[1, 14, 40, 16, 49, 50, 52, 44, 53, 54]]
[[3,7,15,23,28,73],[1, 14, 40, 16, 49, 52, 44, 51, 53, 54]]
[[3,9,6,17,53,66],[1, 14, 40, 16, 50, 52, 44, 51, 53, 54]]
[[5,7,11,23,40,85],[1, 14, 16, 42, 49, 43, 50, 52, 44, 54]]
[[4,8,10,8,24,68],[1, 14, 16, 42, 43, 52, 44, 51, 53, 54]]
[[3,7,12,27,23,100],[1, 14, 16, 42, 49, 43, 50, 52, 53, 54]]
[[3,7,9,23,18,61],[1, 14, 16, 42, 43, 50, 52, 51, 53, 54]]
[[4,8,10,8,24,68],[1, 14, 16, 42, 49, 52, 44, 51, 53, 54]]
[[4,8,13,12,34,53],[1, 14, 16, 42, 50, 52, 44, 51, 53, 54]]
[[3,7,9,23,18,61],[1, 14, 16, 42, 49, 50, 52, 51, 53, 54]]
[[4,6,4,26,49,96],[1, 14, 16, 49, 43, 50, 52, 44, 53, 54]]
[[4,8,10,20,9,80],[1, 14, 16, 49, 43, 52, 44, 51, 53, 54]]
[[4,6,13,30,29,63],[1, 14, 16, 43, 50, 52, 44, 51, 53, 54]]
[[4,6,13,30,29,63],[1, 14, 16, 49, 50, 52, 44, 51, 53, 54]]
[[6,6,9,18,46,75],[1, 14, 40, 42, 17, 43, 52, 18, 51, 54]]
[[5,7,17,23,30,49],[1, 14, 40, 42, 17, 50, 52, 18, 44, 54]]
[[6,6,9,18,46,75],[1, 14, 40, 42, 49, 17, 52, 18, 51, 54]]
[[5,7,20,19,40,76],[1, 14, 40, 17, 43, 50, 52, 18, 44, 54]]
[[5,7,11,15,20,85],[1, 14, 40, 17, 43, 52, 18, 44, 51, 54]]
[[6,8,9,24,46,53],[1, 14, 40, 49, 17, 43, 50, 52, 18, 54]]
[[5,7,14,19,30,58],[1, 14, 40, 49, 17, 43, 52, 18, 53, 54]]
[[5,11,8,11,45,68],[1, 14, 40, 17, 43, 50, 52, 18, 53, 54]]
[[5,7,20,19,40,76],[1, 14, 40, 49, 17, 50, 52, 18, 44, 54]]
[[5,7,11,15,20,85],[1, 14, 40, 49, 17, 52, 18, 44, 51, 54]]
[[4,8,13,36,29,47],[1, 14, 40, 17, 50, 52, 18, 44, 53, 54]]
[[4,8,19,16,24,83],[1, 14, 40, 17, 52, 18, 44, 51, 53, 54]]
[[5,11,8,11,45,68],[1, 14, 40, 49, 17, 50, 52, 18, 53, 54]]
[[5,7,11,35,35,85],[1, 14, 42, 49, 17, 43, 52, 18, 51, 54]]
[[4,6,13,22,34,57],[1, 14, 42, 49, 17, 43, 52, 18, 53, 54]]
[[4,8,13,20,29,89],[1, 14, 42, 17, 43, 50, 52, 18, 53, 54]]
[[5,11,11,23,45,53],[1, 14, 42, 17, 52, 18, 44, 51, 53, 54]]
[[4,8,13,20,29,89],[1, 14, 42, 49, 17, 50, 52, 18, 53, 54]]
[[4,6,10,10,44,72],[1, 14, 42, 17, 50, 52, 18, 51, 53, 54]]
[[6,10,15,26,21,67],[1, 14, 49, 17, 43, 50, 52, 18, 44, 54]]
[[6,8,12,20,41,68],[1, 14, 49, 17, 43, 52, 18, 44, 51, 54]]
[[5,9,11,17,35,45],[1, 14, 17, 43, 50, 52, 18, 44, 53, 54]]
[[5,7,14,11,30,76],[1, 14, 17, 43, 52, 18, 44, 51, 53, 54]]
[[4,6,13,10,44,81],[1, 14, 49, 17, 43, 50, 52, 18, 53, 54]]
[[5,9,11,17,35,45],[1, 14, 49, 17, 50, 52, 18, 44, 53, 54]]
[[5,7,14,11,30,76],[1, 14, 49, 17, 52, 18, 44, 51, 53, 54]]
[[5,7,14,31,35,88],[1, 14, 17, 50, 52, 18, 44, 51, 53, 54]]
[[5,7,20,19,40,76],[1, 14, 40, 42, 17, 43, 50, 52, 44, 54]]
[[5,7,11,15,20,85],[1, 14, 40, 42, 17, 43, 52, 44, 51, 54]]
[[6,8,9,24,46,53],[1, 14, 40, 42, 49, 17, 43, 50, 52, 54]]
[[5,7,14,19,30,58],[1, 14, 40, 42, 49, 17, 43, 52, 53, 54]]
[[5,11,8,11,45,68],[1, 14, 40, 42, 17, 43, 50, 52, 53, 54]]
[[5,7,20,19,40,76],[1, 14, 40, 42, 49, 17, 50, 52, 44, 54]]
[[5,7,11,15,20,85],[1, 14, 40, 42, 49, 17, 52, 44, 51, 54]]
[[4,8,13,36,29,47],[1, 14, 40, 42, 17, 50, 52, 44, 53, 54]]
[[4,8,19,16,24,83],[1, 14, 40, 42, 17, 52, 44, 51, 53, 54]]
[[5,11,8,11,45,68],[1, 14, 40, 42, 49, 17, 50, 52, 53, 54]]
[[5,7,17,23,30,49],[1, 14, 40, 49, 17, 43, 50, 52, 44, 54]]
[[4,10,13,30,19,73],[1, 14, 40, 17, 43, 52, 44, 51, 53, 54]]
[[5,11,11,31,30,65],[1, 14, 40, 17, 43, 50, 52, 51, 53, 54]]
[[4,10,13,30,19,73],[1, 14, 40, 49, 17, 52, 44, 51, 53, 54]]
[[4,12,13,28,29,69],[1, 14, 40, 17, 50, 52, 44, 51, 53, 54]]
[[5,11,11,31,30,65],[1, 14, 40, 49, 17, 50, 52, 51, 53, 54]]
[[6,10,15,26,21,67],[1, 14, 42, 49, 17, 43, 50, 52, 44, 54]]
[[6,8,12,20,41,68],[1, 14, 42, 49, 17, 43, 52, 44, 51, 54]]
[[5,9,11,17,35,45],[1, 14, 42, 17, 43, 50, 52, 44, 53, 54]]
[[5,7,14,11,30,76],[1, 14, 42, 17, 43, 52, 44, 51, 53, 54]]
[[4,6,13,10,44,81],[1, 14, 42, 49, 17, 43, 50, 52, 53, 54]]
[[5,9,11,17,35,45],[1, 14, 42, 49, 17, 50, 52, 44, 53, 54]]
[[5,7,14,11,30,76],[1, 14, 42, 49, 17, 52, 44, 51, 53, 54]]
[[5,7,14,31,35,88],[1, 14, 42, 17, 50, 52, 44, 51, 53, 54]]
[[5,11,11,23,45,53],[1, 14, 49, 17, 43, 52, 44, 51, 53, 54]]
[[5,9,11,17,35,75],[1, 14, 17, 43, 50, 52, 44, 51, 53, 54]]
[[4,6,10,10,44,72],[1, 14, 49, 17, 43, 50, 52, 51, 53, 54]]
[[5,9,11,17,35,75],[1, 14, 49, 17, 50, 52, 44, 51, 53, 54]]
[[4,8,10,24,34,80],[1, 14, 40, 42, 43, 50, 52, 18, 44, 54]]
[[4,8,13,24,44,101],[1, 14, 40, 42, 43, 52, 18, 44, 51, 54]]
[[3,7,6,19,58,106],[1, 14, 40, 42, 43, 52, 18, 44, 53, 54]]
[[5,9,8,33,45,66],[1, 14, 40, 42, 49, 43, 52, 18, 51, 54]]
[[4,8,16,20,39,92],[1, 14, 40, 42, 43, 52, 18, 51, 53, 54]]
[[4,8,10,24,34,80],[1, 14, 40, 42, 49, 50, 52, 18, 44, 54]]
[[4,8,13,24,44,101],[1, 14, 40, 42, 49, 52, 18, 44, 51, 54]]
[[3,7,6,19,58,106],[1, 14, 40, 42, 49, 52, 18, 44, 53, 54]]
[[3,9,9,29,33,93],[1, 14, 40, 42, 50, 52, 18, 44, 53, 54]]
[[3,9,9,17,43,99],[1, 14, 40, 42, 52, 18, 44, 51, 53, 54]]
[[4,8,16,20,39,92],[1, 14, 40, 42, 49, 52, 18, 51, 53, 54]]
[[4,6,7,18,44,45],[1, 14, 40, 42, 50, 52, 18, 51, 53, 54]]
[[4,6,10,30,14,66],[1, 14, 40, 49, 43, 52, 18, 44, 51, 54]]
[[3,9,12,13,28,66],[1, 14, 40, 49, 43, 52, 18, 44, 53, 54]]
[[3,9,15,25,38,45],[1, 14, 40, 43, 50, 52, 18, 44, 53, 54]]
[[3,9,15,25,38,45],[1, 14, 40, 49, 50, 52, 18, 44, 53, 54]]
[[3,11,9,19,33,95],[1, 14, 40, 50, 52, 18, 44, 51, 53, 54]]
[[5,11,14,11,40,86],[1, 14, 42, 49, 43, 50, 52, 18, 44, 54]]
[[5,9,14,17,45,54],[1, 14, 42, 49, 43, 52, 18, 44, 51, 54]]
[[4,8,13,24,24,101],[1, 14, 42, 49, 43, 52, 18, 44, 53, 54]]
[[4,6,16,14,34,90],[1, 14, 42, 43, 50, 52, 18, 44, 53, 54]]
[[4,12,4,28,39,84],[1, 14, 42, 43, 52, 18, 44, 51, 53, 54]]
[[3,7,15,19,48,85],[1, 14, 42, 49, 43, 50, 52, 18, 53, 54]]
[[3,5,9,17,33,95],[1, 14, 42, 49, 43, 52, 18, 51, 53, 54]]
[[3,7,6,15,28,82],[1, 14, 42, 43, 50, 52, 18, 51, 53, 54]]
[[4,6,16,14,34,90],[1, 14, 42, 49, 50, 52, 18, 44, 53, 54]]
[[4,12,4,28,39,84],[1, 14, 42, 49, 52, 18, 44, 51, 53, 54]]
[[3,7,6,15,28,82],[1, 14, 42, 49, 50, 52, 18, 51, 53, 54]]
[[4,8,13,20,24,101],[1, 14, 49, 43, 50, 52, 18, 44, 53, 54]]
[[3,5,18,13,18,74],[1, 14, 49, 43, 50, 52, 18, 51, 53, 54]]
[[4,6,10,30,14,66],[1, 14, 40, 42, 49, 43, 52, 44, 51, 54]]
[[3,9,12,13,28,66],[1, 14, 40, 42, 49, 43, 52, 44, 53, 54]]
[[3,9,15,25,38,45],[1, 14, 40, 42, 43, 50, 52, 44, 53, 54]]
[[3,9,15,25,38,45],[1, 14, 40, 42, 49, 50, 52, 44, 53, 54]]
[[3,11,9,19,33,95],[1, 14, 40, 42, 50, 52, 44, 51, 53, 54]]
[[3,9,9,29,33,93],[1, 14, 40, 49, 43, 50, 52, 44, 53, 54]]
[[3,9,9,17,43,99],[1, 14, 40, 49, 43, 52, 44, 51, 53, 54]]
[[4,6,7,18,44,45],[1, 14, 40, 49, 43, 50, 52, 51, 53, 54]]
[[4,8,13,20,24,101],[1, 14, 42, 49, 43, 50, 52, 44, 53, 54]]
[[3,5,18,13,18,74],[1, 14, 42, 49, 43, 50, 52, 51, 53, 54]]
[[6,10,6,30,36,70],[1, 40, 16, 42, 17, 43, 50, 52, 18, 54]]
[[5,7,14,15,35,94],[1, 40, 16, 42, 17, 50, 52, 18, 44, 54]]
[[5,7,11,19,25,61],[1, 40, 16, 42, 17, 52, 18, 44, 51, 54]]
[[6,10,6,30,36,70],[1, 40, 16, 42, 49, 17, 50, 52, 18, 54]]
[[5,11,20,19,25,62],[1, 40, 16, 42, 17, 50, 52, 18, 53, 54]]
[[4,10,22,18,19,82],[1, 40, 16, 17, 43, 52, 18, 44, 53, 54]]
[[6,8,12,28,21,80],[1, 40, 16, 49, 17, 43, 52, 18, 51, 54]]
[[4,10,22,18,19,82],[1, 40, 16, 49, 17, 52, 18, 44, 53, 54]]
[[4,12,16,36,14,54],[1, 40, 16, 17, 52, 18, 44, 51, 53, 54]]
[[5,9,14,25,45,78],[1, 40, 16, 17, 50, 52, 18, 51, 53, 54]]
[[6,8,12,24,36,74],[1, 16, 42, 17, 43, 50, 52, 18, 44, 54]]
[[6,6,9,26,56,51],[1, 16, 42, 17, 43, 52, 18, 44, 51, 54]]
[[5,5,17,21,25,65],[1, 16, 42, 49, 17, 43, 50, 52, 18, 54]]
[[5,7,14,15,25,76],[1, 16, 42, 49, 17, 43, 52, 18, 51, 54]]
[[4,10,7,18,64,67],[1, 16, 42, 49, 17, 43, 52, 18, 53, 54]]
[[4,8,16,20,19,110],[1, 16, 42, 17, 43, 50, 52, 18, 53, 54]]
[[4,6,13,22,54,87],[1, 16, 42, 17, 43, 52, 18, 51, 53, 54]]
[[6,8,12,24,36,74],[1, 16, 42, 49, 17, 50, 52, 18, 44, 54]]
[[6,6,9,26,56,51],[1, 16, 42, 49, 17, 52, 18, 44, 51, 54]]
[[5,9,5,37,40,87],[1, 16, 42, 17, 50, 52, 18, 44, 53, 54]]
[[5,7,14,15,35,94],[1, 16, 42, 17, 52, 18, 44, 51, 53, 54]]
[[4,8,16,20,19,110],[1, 16, 42, 49, 17, 50, 52, 18, 53, 54]]
[[4,6,13,22,54,87],[1, 16, 42, 49, 17, 52, 18, 51, 53, 54]]
[[6,6,18,22,41,66],[1, 16, 49, 17, 43, 50, 52, 18, 44, 54]]
[[5,7,5,19,45,73],[1, 16, 49, 17, 43, 52, 18, 44, 53, 54]]
[[5,7,11,23,35,97],[1, 16, 17, 43, 52, 18, 44, 51, 53, 54]]
[[4,6,10,42,24,72],[1, 16, 49, 17, 43, 50, 52, 18, 53, 54]]
[[4,6,10,18,4,60],[1, 16, 17, 43, 50, 52, 18, 51, 53, 54]]
[[5,7,11,23,35,97],[1, 16, 49, 17, 52, 18, 44, 51, 53, 54]]
[[5,11,14,27,25,68],[1, 16, 17, 50, 52, 18, 44, 51, 53, 54]]
[[4,6,10,18,4,60],[1, 16, 49, 17, 50, 52, 18, 51, 53, 54]]
[[4,10,22,18,19,82],[1, 40, 16, 42, 17, 43, 52, 44, 53, 54]]
[[6,8,12,28,21,80],[1, 40, 16, 42, 49, 17, 43, 52, 51, 54]]
[[4,10,22,18,19,82],[1, 40, 16, 42, 49, 17, 52, 44, 53, 54]]
[[4,12,16,36,14,54],[1, 40, 16, 42, 17, 52, 44, 51, 53, 54]]
[[5,9,14,25,45,78],[1, 40, 16, 42, 17, 50, 52, 51, 53, 54]]
[[5,7,14,15,35,94],[1, 40, 16, 49, 17, 43, 50, 52, 44, 54]]
[[5,7,11,19,25,61],[1, 40, 16, 49, 17, 43, 52, 44, 51, 54]]
[[4,10,10,30,29,70],[1, 40, 16, 17, 43, 50, 52, 44, 53, 54]]
[[4,10,10,22,54,88],[1, 40, 16, 17, 43, 52, 44, 51, 53, 54]]
[[5,11,20,19,25,62],[1, 40, 16, 49, 17, 43, 50, 52, 53, 54]]
[[4,10,10,30,29,70],[1, 40, 16, 49, 17, 50, 52, 44, 53, 54]]
[[4,10,10,22,54,88],[1, 40, 16, 49, 17, 52, 44, 51, 53, 54]]
[[4,8,7,24,24,65],[1, 40, 16, 17, 50, 52, 44, 51, 53, 54]]
[[6,6,18,22,41,66],[1, 16, 42, 49, 17, 43, 50, 52, 44, 54]]
[[5,7,5,19,45,73],[1, 16, 42, 49, 17, 43, 52, 44, 53, 54]]
[[5,7,11,23,35,97],[1, 16, 42, 17, 43, 52, 44, 51, 53, 54]]
[[4,6,10,42,24,72],[1, 16, 42, 49, 17, 43, 50, 52, 53, 54]]
[[4,6,10,18,4,60],[1, 16, 42, 17, 43, 50, 52, 51, 53, 54]]
[[5,7,11,23,35,97],[1, 16, 42, 49, 17, 52, 44, 51, 53, 54]]
[[5,11,14,27,25,68],[1, 16, 42, 17, 50, 52, 44, 51, 53, 54]]
[[4,6,10,18,4,60],[1, 16, 42, 49, 17, 50, 52, 51, 53, 54]]
[[5,9,5,37,40,87],[1, 16, 49, 17, 43, 50, 52, 44, 53, 54]]
[[5,7,14,15,35,94],[1, 16, 49, 17, 43, 52, 44, 51, 53, 54]]
[[5,9,11,17,35,87],[1, 16, 17, 43, 50, 52, 44, 51, 53, 54]]
[[5,9,11,17,35,87],[1, 16, 49, 17, 50, 52, 44, 51, 53, 54]]
[[4,8,10,20,34,104],[1, 40, 16, 42, 43, 52, 18, 44, 51, 54]]
[[3,7,18,15,18,76],[1, 40, 16, 42, 43, 52, 18, 44, 53, 54]]
[[5,9,17,21,35,57],[1, 40, 16, 42, 49, 43, 50, 52, 18, 54]]
[[4,12,13,20,49,63],[1, 40, 16, 42, 49, 43, 52, 18, 53, 54]]
[[4,8,10,20,34,104],[1, 40, 16, 42, 49, 52, 18, 44, 51, 54]]
[[3,7,18,15,18,76],[1, 40, 16, 42, 49, 52, 18, 44, 53, 54]]
[[3,9,12,25,23,66],[1, 40, 16, 42, 50, 52, 18, 44, 53, 54]]
[[4,6,25,6,34,87],[1, 40, 16, 49, 43, 52, 18, 44, 51, 54]]
[[3,9,6,17,33,78],[1, 40, 16, 49, 43, 52, 18, 44, 53, 54]]
[[3,9,12,37,33,90],[1, 40, 16, 43, 50, 52, 18, 44, 53, 54]]
[[3,13,12,33,33,46],[1, 40, 16, 43, 52, 18, 44, 51, 53, 54]]
[[4,10,10,18,44,64],[1, 40, 16, 49, 43, 52, 18, 51, 53, 54]]
[[4,6,10,14,39,42],[1, 40, 16, 43, 50, 52, 18, 51, 53, 54]]
[[3,9,12,37,33,90],[1, 40, 16, 49, 50, 52, 18, 44, 53, 54]]
[[3,13,12,33,33,46],[1, 40, 16, 49, 52, 18, 44, 51, 53, 54]]
[[4,6,10,14,39,42],[1, 40, 16, 49, 50, 52, 18, 51, 53, 54]]
[[5,5,11,21,55,101],[1, 16, 42, 49, 43, 52, 18, 44, 51, 54]]
[[4,8,13,12,9,95],[1, 16, 42, 49, 43, 52, 18, 44, 53, 54]]
[[4,6,7,14,29,27],[1, 16, 42, 43, 50, 52, 18, 44, 53, 54]]
[[3,5,12,41,48,56],[1, 16, 42, 49, 43, 52, 18, 51, 53, 54]]
[[4,6,7,14,29,27],[1, 16, 42, 49, 50, 52, 18, 44, 53, 54]]
[[4,8,7,16,49,77],[1, 16, 42, 50, 52, 18, 44, 51, 53, 54]]
[[4,8,10,20,19,62],[1, 16, 49, 43, 50, 52, 18, 44, 53, 54]]
[[4,10,10,26,44,64],[1, 16, 49, 43, 52, 18, 44, 51, 53, 54]]
[[3,9,12,25,43,114],[1, 16, 49, 43, 50, 52, 18, 51, 53, 54]]
[[4,6,25,6,34,87],[1, 40, 16, 42, 49, 43, 52, 44, 51, 54]]
[[3,9,6,17,33,78],[1, 40, 16, 42, 49, 43, 52, 44, 53, 54]]
[[3,9,12,37,33,90],[1, 40, 16, 42, 43, 50, 52, 44, 53, 54]]
[[3,13,12,33,33,46],[1, 40, 16, 42, 43, 52, 44, 51, 53, 54]]
[[4,10,10,18,44,64],[1, 40, 16, 42, 49, 43, 52, 51, 53, 54]]
[[4,6,10,14,39,42],[1, 40, 16, 42, 43, 50, 52, 51, 53, 54]]
[[3,9,12,37,33,90],[1, 40, 16, 42, 49, 50, 52, 44, 53, 54]]
[[3,13,12,33,33,46],[1, 40, 16, 42, 49, 52, 44, 51, 53, 54]]
[[4,6,10,14,39,42],[1, 40, 16, 42, 49, 50, 52, 51, 53, 54]]
[[3,9,12,25,23,66],[1, 40, 16, 49, 43, 50, 52, 44, 53, 54]]
[[3,9,15,25,28,69],[1, 40, 16, 43, 50, 52, 44, 51, 53, 54]]
[[3,9,15,25,28,69],[1, 40, 16, 49, 50, 52, 44, 51, 53, 54]]
[[4,8,10,20,19,62],[1, 16, 42, 49, 43, 50, 52, 44, 53, 54]]
[[4,10,10,26,44,64],[1, 16, 42, 49, 43, 52, 44, 51, 53, 54]]
[[3,9,12,25,43,114],[1, 16, 42, 49, 43, 50, 52, 51, 53, 54]]
[[4,8,7,16,49,77],[1, 16, 49, 43, 50, 52, 44, 51, 53, 54]]
[[5,11,14,11,30,104],[1, 40, 42, 17, 43, 50, 52, 18, 44, 54]]
[[5,7,14,23,40,64],[1, 40, 42, 17, 43, 52, 18, 44, 51, 54]]
[[6,8,12,24,26,92],[1, 40, 42, 49, 17, 43, 50, 52, 18, 54]]
[[5,11,8,27,25,98],[1, 40, 42, 17, 43, 50, 52, 18, 53, 54]]
[[5,11,14,11,30,104],[1, 40, 42, 49, 17, 50, 52, 18, 44, 54]]
[[5,7,14,23,40,64],[1, 40, 42, 49, 17, 52, 18, 44, 51, 54]]
[[4,8,16,12,19,104],[1, 40, 42, 17, 50, 52, 18, 44, 53, 54]]
[[4,12,7,20,24,99],[1, 40, 42, 17, 52, 18, 44, 51, 53, 54]]
[[5,11,8,27,25,98],[1, 40, 42, 49, 17, 50, 52, 18, 53, 54]]
[[5,9,14,17,30,96],[1, 40, 49, 17, 43, 52, 18, 44, 51, 54]]
[[4,8,22,16,24,92],[1, 40, 49, 17, 43, 52, 18, 44, 53, 54]]
[[4,8,13,28,49,77],[1, 40, 17, 43, 50, 52, 18, 44, 53, 54]]
[[5,9,8,17,35,72],[1, 40, 49, 17, 43, 52, 18, 51, 53, 54]]
[[5,9,11,33,20,69],[1, 40, 17, 43, 50, 52, 18, 51, 53, 54]]
[[4,8,13,28,49,77],[1, 40, 49, 17, 50, 52, 18, 44, 53, 54]]
[[4,10,10,30,24,58],[1, 40, 17, 50, 52, 18, 44, 51, 53, 54]]
[[5,9,11,33,20,69],[1, 40, 49, 17, 50, 52, 18, 51, 53, 54]]
[[6,10,9,34,21,79],[1, 42, 49, 17, 43, 50, 52, 18, 44, 54]]
[[6,8,12,16,41,74],[1, 42, 49, 17, 43, 52, 18, 44, 51, 54]]
[[5,7,11,15,30,55],[1, 42, 49, 17, 43, 52, 18, 44, 53, 54]]
[[5,13,8,21,55,52],[1, 42, 17, 43, 50, 52, 18, 44, 53, 54]]
[[5,11,11,35,10,71],[1, 42, 17, 43, 52, 18, 44, 51, 53, 54]]
[[4,10,7,26,24,67],[1, 42, 49, 17, 43, 50, 52, 18, 53, 54]]
[[4,8,16,16,29,104],[1, 42, 49, 17, 43, 52, 18, 51, 53, 54]]
[[5,13,8,21,55,52],[1, 42, 49, 17, 50, 52, 18, 44, 53, 54]]
[[5,11,11,35,10,71],[1, 42, 49, 17, 52, 18, 44, 51, 53, 54]]
[[5,7,8,23,60,58],[1, 49, 17, 43, 50, 52, 18, 44, 53, 54]]
[[5,11,14,15,35,68],[1, 17, 43, 50, 52, 18, 44, 51, 53, 54]]
[[4,8,22,20,29,68],[1, 49, 17, 43, 50, 52, 18, 51, 53, 54]]
[[5,11,14,15,35,68],[1, 49, 17, 50, 52, 18, 44, 51, 53, 54]]
[[5,9,14,17,30,96],[1, 40, 42, 49, 17, 43, 52, 44, 51, 54]]
[[4,8,22,16,24,92],[1, 40, 42, 49, 17, 43, 52, 44, 53, 54]]
[[4,8,13,28,49,77],[1, 40, 42, 17, 43, 50, 52, 44, 53, 54]]
[[5,9,8,17,35,72],[1, 40, 42, 49, 17, 43, 52, 51, 53, 54]]
[[5,9,11,33,20,69],[1, 40, 42, 17, 43, 50, 52, 51, 53, 54]]
[[4,8,13,28,49,77],[1, 40, 42, 49, 17, 50, 52, 44, 53, 54]]
[[4,10,10,30,24,58],[1, 40, 42, 17, 50, 52, 44, 51, 53, 54]]
[[5,9,11,33,20,69],[1, 40, 42, 49, 17, 50, 52, 51, 53, 54]]
[[4,8,16,12,19,104],[1, 40, 49, 17, 43, 50, 52, 44, 53, 54]]
[[4,12,7,20,24,99],[1, 40, 49, 17, 43, 52, 44, 51, 53, 54]]
[[5,7,8,23,60,58],[1, 42, 49, 17, 43, 50, 52, 44, 53, 54]]
[[5,11,14,15,35,68],[1, 42, 17, 43, 50, 52, 44, 51, 53, 54]]
[[4,8,22,20,29,68],[1, 42, 49, 17, 43, 50, 52, 51, 53, 54]]
[[5,11,14,15,35,68],[1, 42, 49, 17, 50, 52, 44, 51, 53, 54]]
[[4,10,10,26,29,70],[1, 40, 42, 49, 43, 50, 52, 18, 44, 54]]
[[3,9,6,17,33,90],[1, 40, 42, 49, 43, 52, 18, 44, 53, 54]]
[[4,6,7,10,54,63],[1, 40, 42, 49, 43, 50, 52, 18, 53, 54]]
[[3,7,18,23,18,82],[1, 40, 42, 50, 52, 18, 44, 51, 53, 54]]
[[3,7,6,23,38,64],[1, 40, 49, 43, 50, 52, 18, 44, 53, 54]]
[[3,7,9,23,18,97],[1, 40, 49, 43, 52, 18, 44, 51, 53, 54]]
[[3,11,9,23,48,89],[1, 40, 43, 50, 52, 18, 44, 51, 53, 54]]
[[3,11,9,23,48,89],[1, 40, 49, 50, 52, 18, 44, 51, 53, 54]]
[[4,6,7,22,54,63],[1, 42, 49, 43, 52, 18, 44, 51, 53, 54]]
[[4,8,13,16,49,89],[1, 42, 43, 50, 52, 18, 44, 51, 53, 54]]
[[3,5,12,9,18,68],[1, 42, 49, 43, 50, 52, 18, 51, 53, 54]]
[[4,8,13,16,49,89],[1, 42, 49, 50, 52, 18, 44, 51, 53, 54]]
[[4,6,13,34,34,81],[1, 49, 43, 50, 52, 18, 44, 51, 53, 54]]
[[3,7,6,23,38,64],[1, 40, 42, 49, 43, 50, 52, 44, 53, 54]]
[[3,7,9,23,18,97],[1, 40, 42, 49, 43, 52, 44, 51, 53, 54]]
[[3,11,9,23,48,89],[1, 40, 42, 43, 50, 52, 44, 51, 53, 54]]
[[3,11,9,23,48,89],[1, 40, 42, 49, 50, 52, 44, 51, 53, 54]]
[[3,7,18,23,18,82],[1, 40, 49, 43, 50, 52, 44, 51, 53, 54]]
[[4,6,13,34,34,81],[1, 42, 49, 43, 50, 52, 44, 51, 53, 54]]
[[4,6,16,6,24,102],[10, 5, 14, 7, 16, 8, 50, 52, 9, 54]]
[[3,5,18,17,43,98],[10, 5, 14, 7, 8, 17, 50, 52, 9, 54]]
[[2,10,14,26,57,70],[10, 5, 14, 7, 8, 17, 52, 9, 53, 54]]
[[4,4,10,12,14,52],[10, 5, 14, 7, 8, 52, 9, 18, 51, 54]]
[[3,7,18,11,18,70],[10, 5, 14, 7, 8, 52, 9, 18, 53, 54]]
[[5,11,11,23,35,95],[10, 5, 14, 40, 7, 8, 52, 9, 51, 54]]
[[4,4,10,12,14,52],[10, 5, 14, 7, 42, 8, 52, 9, 51, 54]]
[[3,7,18,11,18,70],[10, 5, 14, 7, 42, 8, 52, 9, 53, 54]]
[[4,6,22,14,44,114],[10, 5, 14, 7, 8, 43, 52, 9, 51, 54]]
[[5,7,5,23,45,55],[10, 5, 14, 7, 8, 52, 9, 44, 51, 54]]
[[4,6,22,14,44,114],[10, 5, 14, 7, 49, 8, 52, 9, 51, 54]]
[[3,5,12,25,23,98],[10, 5, 14, 7, 8, 52, 9, 51, 53, 54]]
[[3,5,15,9,13,71],[10, 5, 7, 16, 8, 17, 50, 52, 9, 54]]
[[3,7,15,19,23,97],[10, 5, 7, 16, 8, 17, 52, 9, 51, 54]]
[[4,6,13,10,39,81],[10, 5, 7, 16, 8, 50, 52, 9, 18, 54]]
[[4,6,13,10,39,81],[10, 5, 7, 16, 42, 8, 50, 52, 9, 54]]
[[3,7,18,19,28,70],[10, 5, 7, 8, 17, 52, 9, 18, 51, 54]]
[[2,6,11,22,17,111],[10, 5, 7, 8, 17, 52, 9, 18, 53, 54]]
[[4,10,7,22,19,79],[10, 5, 40, 7, 8, 17, 50, 52, 9, 54]]
[[4,10,13,26,24,91],[10, 5, 40, 7, 8, 17, 52, 9, 51, 54]]
[[3,9,12,25,23,78],[10, 5, 40, 7, 8, 17, 52, 9, 53, 54]]
[[3,7,18,19,28,70],[10, 5, 7, 42, 8, 17, 52, 9, 51, 54]]
[[2,6,11,22,17,111],[10, 5, 7, 42, 8, 17, 52, 9, 53, 54]]
[[3,7,18,19,28,118],[10, 5, 7, 8, 17, 43, 50, 52, 9, 54]]
[[3,5,21,9,13,77],[10, 5, 7, 8, 17, 43, 52, 9, 51, 54]]
[[2,12,11,28,37,75],[10, 5, 7, 8, 17, 43, 52, 9, 53, 54]]
[[4,8,10,28,34,104],[10, 5, 7, 8, 17, 50, 52, 9, 44, 54]]
[[3,7,18,19,28,118],[10, 5, 7, 49, 8, 17, 50, 52, 9, 54]]
[[3,5,21,9,13,77],[10, 5, 7, 49, 8, 17, 52, 9, 51, 54]]
[[2,12,11,28,37,75],[10, 5, 7, 49, 8, 17, 52, 9, 53, 54]]
[[2,6,20,30,42,78],[10, 5, 7, 8, 17, 50, 52, 9, 53, 54]]
[[2,8,8,20,27,110],[10, 5, 7, 8, 17, 52, 9, 51, 53, 54]]
[[5,11,11,35,25,59],[10, 5, 40, 7, 8, 52, 9, 18, 51, 54]]
[[3,9,12,25,23,90],[10, 5, 7, 42, 8, 52, 9, 18, 53, 54]]
[[4,6,13,22,54,63],[10, 5, 7, 8, 43, 52, 9, 18, 51, 54]]
[[5,7,17,19,45,91],[10, 5, 7, 8, 52, 9, 18, 44, 51, 54]]
[[4,6,13,22,54,63],[10, 5, 7, 49, 8, 52, 9, 18, 51, 54]]
[[3,5,18,17,28,80],[10, 5, 7, 8, 52, 9, 18, 51, 53, 54]]
[[5,11,11,35,25,59],[10, 5, 40, 7, 42, 8, 52, 9, 51, 54]]
[[4,12,4,32,24,60],[10, 5, 40, 7, 8, 43, 52, 9, 53, 54]]
[[4,6,10,14,24,90],[10, 5, 40, 7, 8, 52, 9, 44, 51, 54]]
[[3,5,24,17,33,98],[10, 5, 40, 7, 8, 52, 9, 44, 53, 54]]
[[4,12,4,32,24,60],[10, 5, 40, 7, 49, 8, 52, 9, 53, 54]]
[[4,8,7,24,24,101],[10, 5, 40, 7, 8, 52, 9, 51, 53, 54]]
[[4,6,13,22,54,63],[10, 5, 7, 42, 8, 43, 52, 9, 51, 54]]
[[5,7,17,19,45,91],[10, 5, 7, 42, 8, 52, 9, 44, 51, 54]]
[[4,6,13,22,54,63],[10, 5, 7, 42, 49, 8, 52, 9, 51, 54]]
[[3,5,18,17,28,80],[10, 5, 7, 42, 8, 52, 9, 51, 53, 54]]
[[4,8,10,24,34,92],[10, 5, 7, 8, 43, 52, 9, 44, 53, 54]]
[[3,9,12,25,23,90],[10, 5, 7, 49, 8, 43, 52, 9, 53, 54]]
[[3,7,21,23,23,115],[10, 5, 7, 8, 43, 52, 9, 51, 53, 54]]
[[4,8,10,24,34,92],[10, 5, 7, 49, 8, 52, 9, 44, 53, 54]]
[[3,7,21,23,23,115],[10, 5, 7, 49, 8, 52, 9, 51, 53, 54]]
