[[2], [3, 5], [4], [6, 7]]
[[5,7,8,15,45,52],[1, 5, 7, 50, 52, 54]]
[[5,9,14,17,25,102],[1, 5, 7, 52, 51, 54]]
[[4,8,13,16,54,77],[1, 5, 7, 52, 53, 54]]
[[5,9,11,13,35,69],[1, 5, 8, 52, 51, 54]]
[[4,12,7,36,29,63],[1, 5, 8, 52, 53, 54]]
[[4,6,16,6,24,102],[1, 5, 50, 52, 9, 54]]
[[3,9,18,33,23,90],[1, 5, 52, 9, 53, 54]]
[[5,11,14,15,20,116],[1, 10, 5, 52, 53, 54]]
[[5,7,8,15,45,52],[1, 5, 14, 50, 52, 54]]
[[5,9,14,17,25,102],[1, 5, 14, 52, 51, 54]]
[[4,8,13,16,54,77],[1, 5, 14, 52, 53, 54]]
[[5,9,11,13,35,69],[1, 5, 16, 52, 51, 54]]
[[4,12,7,36,29,63],[1, 5, 16, 52, 53, 54]]
[[6,12,12,20,26,72],[1, 5, 17, 50, 52, 54]]
[[6,10,15,18,36,55],[1, 5, 17, 52, 51, 54]]
[[5,9,14,29,35,66],[1, 5, 17, 52, 53, 54]]
[[5,9,14,25,45,90],[1, 5, 50, 52, 18, 54]]
[[5,15,14,23,5,72],[1, 5, 52, 18, 51, 54]]
[[4,6,16,6,24,102],[1, 5, 40, 50, 52, 54]]
[[3,9,18,33,23,90],[1, 5, 40, 52, 53, 54]]
[[5,9,14,25,45,90],[1, 5, 42, 50, 52, 54]]
[[5,15,14,23,5,72],[1, 5, 42, 52, 51, 54]]
[[5,7,11,23,55,91],[1, 5, 43, 50, 52, 54]]
[[4,12,7,28,39,75],[1, 5, 43, 52, 53, 54]]
[[4,6,16,14,44,102],[1, 5, 52, 44, 51, 54]]
[[3,5,18,17,23,98],[1, 5, 52, 44, 53, 54]]
[[5,7,11,23,55,91],[1, 5, 49, 50, 52, 54]]
[[4,12,7,28,39,75],[1, 5, 49, 52, 53, 54]]
[[4,10,13,14,24,103],[1, 5, 52, 51, 53, 54]]
[[4,6,7,14,34,99],[1, 7, 8, 50, 52, 54]]
[[4,4,13,8,24,37],[1, 7, 8, 52, 51, 54]]
[[3,7,6,11,18,70],[1, 7, 8, 52, 53, 54]]
[[5,9,8,33,45,66],[1, 7, 52, 9, 51, 54]]
[[5,5,8,25,55,74],[1, 10, 7, 52, 51, 54]]
[[4,6,10,14,24,42],[1, 14, 7, 52, 51, 54]]
[[3,5,30,17,33,74],[1, 14, 7, 52, 53, 54]]
[[4,6,7,14,34,99],[1, 7, 16, 50, 52, 54]]
[[4,4,13,8,24,37],[1, 7, 16, 52, 51, 54]]
[[3,7,6,11,18,70],[1, 7, 16, 52, 53, 54]]
[[5,7,11,35,35,85],[1, 7, 17, 52, 51, 54]]
[[4,6,13,22,34,57],[1, 7, 17, 52, 53, 54]]
[[4,8,10,20,24,56],[1, 7, 50, 52, 18, 54]]
[[5,9,8,33,45,66],[1, 40, 7, 52, 51, 54]]
[[4,8,10,20,24,56],[1, 7, 42, 50, 52, 54]]
[[4,6,13,10,39,81],[1, 7, 43, 50, 52, 54]]
[[4,8,19,24,24,77],[1, 7, 43, 52, 51, 54]]
[[5,11,14,11,40,86],[1, 7, 50, 52, 44, 54]]
[[5,9,14,17,45,54],[1, 7, 52, 44, 51, 54]]
[[4,8,13,24,24,101],[1, 7, 52, 44, 53, 54]]
[[4,6,13,10,39,81],[1, 7, 49, 50, 52, 54]]
[[4,8,19,24,24,77],[1, 7, 49, 52, 51, 54]]
[[3,7,15,19,48,85],[1, 7, 50, 52, 53, 54]]
[[3,5,9,17,33,95],[1, 7, 52, 51, 53, 54]]
[[5,9,17,21,35,57],[1, 8, 50, 52, 9, 54]]
[[4,12,13,20,49,63],[1, 8, 52, 9, 53, 54]]
[[5,11,11,31,15,83],[1, 10, 8, 50, 52, 54]]
[[4,6,7,14,34,99],[1, 14, 8, 50, 52, 54]]
[[4,4,13,8,24,37],[1, 14, 8, 52, 51, 54]]
[[3,7,6,11,18,70],[1, 14, 8, 52, 53, 54]]
[[4,6,10,14,24,42],[1, 16, 8, 52, 51, 54]]
[[3,5,30,17,33,74],[1, 16, 8, 52, 53, 54]]
[[5,5,17,21,25,65],[1, 8, 17, 50, 52, 54]]
[[5,7,14,15,25,76],[1, 8, 17, 52, 51, 54]]
[[4,10,7,18,64,67],[1, 8, 17, 52, 53, 54]]
[[4,4,19,8,44,85],[1, 8, 50, 52, 18, 54]]
[[4,6,7,14,34,99],[1, 8, 52, 18, 51, 54]]
[[5,9,17,21,35,57],[1, 40, 8, 50, 52, 54]]
[[4,12,13,20,49,63],[1, 40, 8, 52, 53, 54]]
[[4,4,19,8,44,85],[1, 42, 8, 50, 52, 54]]
[[4,6,7,14,34,99],[1, 42, 8, 52, 51, 54]]
[[4,6,10,14,34,78],[1, 8, 43, 50, 52, 54]]
[[3,7,6,23,18,88],[1, 8, 43, 52, 53, 54]]
[[5,5,11,21,55,101],[1, 8, 52, 44, 51, 54]]
[[4,8,13,12,9,95],[1, 8, 52, 44, 53, 54]]
[[4,6,10,14,34,78],[1, 49, 8, 50, 52, 54]]
[[3,7,6,23,18,88],[1, 49, 8, 52, 53, 54]]
[[3,5,12,41,48,56],[1, 8, 52, 51, 53, 54]]
[[5,11,8,31,30,68],[1, 10, 52, 9, 53, 54]]
[[5,9,8,33,45,66],[1, 14, 52, 9, 51, 54]]
[[5,9,17,21,35,57],[1, 16, 50, 52, 9, 54]]
[[4,12,13,20,49,63],[1, 16, 52, 9, 53, 54]]
[[6,8,12,24,26,92],[1, 17, 50, 52, 9, 54]]
[[5,7,14,23,45,64],[1, 52, 9, 18, 51, 54]]
[[4,6,10,14,24,42],[1, 40, 52, 9, 51, 54]]
[[3,5,30,17,33,74],[1, 40, 52, 9, 53, 54]]
[[5,7,14,23,45,64],[1, 42, 52, 9, 51, 54]]
[[4,8,7,12,49,47],[1, 43, 52, 9, 53, 54]]
[[4,10,10,26,29,70],[1, 50, 52, 9, 44, 54]]
[[3,9,6,17,33,90],[1, 52, 9, 44, 53, 54]]
[[4,8,7,12,49,47],[1, 49, 52, 9, 53, 54]]
[[4,6,7,10,54,63],[1, 50, 52, 9, 53, 54]]
[[5,5,8,25,55,74],[1, 10, 14, 52, 51, 54]]
[[5,11,11,31,15,83],[1, 10, 16, 50, 52, 54]]
[[4,10,10,22,44,94],[1, 10, 17, 50, 52, 54]]
[[4,8,13,16,24,125],[1, 10, 17, 52, 51, 54]]
[[5,7,20,15,55,88],[1, 10, 52, 18, 51, 54]]
[[4,8,7,16,44,53],[1, 10, 52, 18, 53, 54]]
[[5,11,8,31,30,68],[1, 10, 40, 52, 53, 54]]
[[5,7,20,15,55,88],[1, 10, 42, 52, 51, 54]]
[[4,8,7,16,44,53],[1, 10, 42, 52, 53, 54]]
[[5,5,5,21,25,65],[1, 10, 43, 52, 51, 54]]
[[4,6,10,6,24,30],[1, 10, 43, 52, 53, 54]]
[[5,11,8,31,30,68],[1, 10, 52, 44, 53, 54]]
[[5,5,5,21,25,65],[1, 10, 49, 52, 51, 54]]
[[4,6,10,6,24,30],[1, 10, 49, 52, 53, 54]]
[[4,6,7,14,34,99],[1, 14, 16, 50, 52, 54]]
[[4,4,13,8,24,37],[1, 14, 16, 52, 51, 54]]
[[3,7,6,11,18,70],[1, 14, 16, 52, 53, 54]]
[[5,7,11,35,35,85],[1, 14, 17, 52, 51, 54]]
[[4,6,13,22,34,57],[1, 14, 17, 52, 53, 54]]
[[4,8,10,20,24,56],[1, 14, 50, 52, 18, 54]]
[[5,9,8,33,45,66],[1, 14, 40, 52, 51, 54]]
[[4,8,10,20,24,56],[1, 14, 42, 50, 52, 54]]
[[4,6,13,10,39,81],[1, 14, 43, 50, 52, 54]]
[[4,8,19,24,24,77],[1, 14, 43, 52, 51, 54]]
[[5,11,14,11,40,86],[1, 14, 50, 52, 44, 54]]
[[5,9,14,17,45,54],[1, 14, 52, 44, 51, 54]]
[[4,8,13,24,24,101],[1, 14, 52, 44, 53, 54]]
[[4,6,13,10,39,81],[1, 14, 49, 50, 52, 54]]
[[4,8,19,24,24,77],[1, 14, 49, 52, 51, 54]]
[[3,7,15,19,48,85],[1, 14, 50, 52, 53, 54]]
[[3,5,9,17,33,95],[1, 14, 52, 51, 53, 54]]
