[[4,12,22,12,29,54],[0, 1, 2, 4, 6, 9, 12, 13, 14, 16]]
[[4,12,22,12,29,54],[0, 1, 3, 4, 9, 11, 12, 13, 14, 16]]
[[4,12,22,12,29,54],[0, 1, 3, 4, 5, 10, 11, 12, 13, 18]]
[[4,12,22,12,29,54],[0, 2, 3, 4, 5, 8, 10, 11, 12, 18]]
[[4,12,16,24,14,96],[0, 2, 4, 5, 10, 11, 17, 18]]
[[4,12,16,24,29,72],[0, 2, 4, 5, 6, 7, 8, 9, 10, 11, 13, 14, 17, 18]]
[[4,12,16,24,14,84],[0, 1, 2, 3, 4, 5, 7, 8, 9, 10, 11, 14, 17, 18]]
[[4,12,16,24,14,96],[0, 2, 4, 9, 13, 14, 16, 17]]
[[4,12,16,24,14,84],[0, 1, 2, 3, 4, 5, 6, 7, 9, 10, 13, 14, 16, 17]]
[[4,12,16,24,29,72],[0, 2, 4, 5, 6, 7, 8, 9, 10, 11, 13, 14, 16, 17]]
[[4,12,16,24,29,72],[0, 2, 4, 5, 8, 9, 10, 12, 13, 14, 15, 16]]
[[4,12,16,24,24,84],[0, 2, 4, 5, 6, 7, 8, 9, 10, 14, 15, 18]]
[[4,12,16,24,29,72],[0, 2, 4, 6, 7, 11, 15, 18]]
[[4,12,16,24,24,84],[0, 2, 4, 6, 8, 12, 15, 18]]
[[4,12,16,24,29,66],[0, 1, 3, 4, 6, 8, 9, 10, 13, 14, 15, 16]]
[[4,12,16,24,29,66],[0, 1, 3, 4, 5, 8, 9, 11, 13, 14, 15, 16]]
[[4,12,16,24,19,84],[0, 1, 3, 4, 6, 7, 9, 10, 13, 14, 15, 18]]
[[4,12,16,24,19,84],[0, 2, 3, 4, 5, 6, 7, 8, 9, 14, 15, 18]]
[[4,12,16,24,34,48],[0, 1, 3, 4, 9, 10, 13, 14, 15, 17]]
[[4,12,16,24,34,48],[0, 1, 2, 4, 5, 7, 9, 12, 13, 14, 15, 17]]
[[4,12,16,24,19,78],[2, 3, 4, 5, 6, 10, 11, 13, 15, 18]]
[[4,12,16,24,24,66],[1, 3, 4, 6, 8, 9, 12, 14, 15, 18]]
[[4,12,16,24,29,72],[2, 3, 4, 5, 7, 8, 10, 11, 12, 13, 15, 18]]
[[4,12,16,24,14,90],[1, 3, 4, 6, 7, 9, 11, 12, 13, 14, 15, 18]]
[[4,12,16,24,24,90],[0, 1, 3, 4, 5, 7, 9, 10, 14, 16]]
[[4,12,16,24,24,90],[0, 2, 3, 4, 5, 6, 7, 9, 10, 11, 14, 16]]
[[4,12,16,24,24,90],[0, 1, 3, 4, 5, 7, 9, 10, 14, 18]]
[[4,12,16,24,24,90],[0, 1, 2, 4, 5, 7, 8, 9, 10, 13, 14, 18]]
[[4,12,16,28,24,72],[0, 2, 4, 5, 7, 10, 11, 13, 17, 18]]
[[4,12,16,28,9,90],[0, 1, 2, 3, 4, 5, 6, 7, 8, 9, 10, 11, 12, 14, 17, 18]]
[[4,12,16,28,24,72],[0, 2, 4, 7, 9, 11, 13, 14, 16, 17]]
[[4,12,16,28,9,90],[0, 1, 2, 3, 4, 5, 6, 7, 8, 9, 10, 12, 13, 14, 16, 17]]
[[4,12,16,28,29,48],[0, 3, 4, 6, 8, 9, 12, 14, 15, 16]]
[[4,12,16,28,24,60],[0, 1, 4, 5, 9, 10, 13, 14, 15, 18]]
[[4,12,16,28,24,60],[0, 3, 4, 8, 11, 13, 15, 18]]
[[4,12,16,28,29,48],[0, 1, 4, 8, 9, 11, 12, 14, 15, 17]]
[[4,12,16,28,24,72],[0, 4, 5, 7, 9, 12, 13, 14, 15, 16]]
[[4,12,16,28,24,72],[0, 1, 3, 4, 6, 7, 9, 10, 11, 12, 13, 14, 15, 16]]
[[4,12,16,28,24,72],[1, 2, 4, 5, 6, 7, 9, 10, 12, 14, 15, 18]]
[[4,12,16,28,14,72],[4, 5, 7, 9, 10, 11, 12, 14, 15, 18]]
[[4,12,16,32,14,72],[0, 1, 3, 4, 6, 8, 9, 13, 14, 16, 17, 18]]
[[4,12,16,32,14,72],[0, 1, 3, 4, 5, 6, 8, 10, 11, 16, 17, 18]]
[[4,12,16,32,14,72],[0, 2, 3, 4, 5, 7, 10, 12, 13, 16, 17, 18]]
[[4,12,16,32,14,72],[0, 1, 2, 4, 7, 9, 11, 12, 14, 16, 17, 18]]
[[4,12,16,16,34,72],[0, 2, 4, 7, 12, 13, 15, 18]]
[[4,12,16,16,34,72],[0, 2, 4, 5, 9, 10, 11, 14, 15, 17]]
[[4,12,16,16,44,66],[1, 3, 4, 7, 9, 11, 13, 14, 15, 18]]
[[4,12,16,16,24,90],[1, 3, 4, 5, 9, 10, 12, 14, 15, 18]]
[[4,12,16,16,44,66],[0, 2, 3, 4, 5, 7, 9, 10, 14, 16, 17, 18]]
[[4,12,16,16,44,66],[0, 1, 2, 4, 5, 7, 9, 10, 14, 16, 17, 18]]
[[4,12,16,16,44,66],[0, 2, 3, 4, 5, 6, 8, 9, 10, 11, 12, 13, 14, 16, 17, 18]]
[[4,12,16,16,44,66],[0, 1, 2, 4, 5, 6, 8, 9, 10, 11, 12, 13, 14, 16, 17, 18]]
[[4,12,16,20,39,54],[0, 4, 7, 8, 9, 10, 12, 14, 15, 16]]
[[4,12,16,20,39,54],[0, 1, 3, 4, 5, 6, 7, 8, 9, 11, 12, 14, 15, 16]]
[[4,12,16,20,44,48],[0, 1, 3, 4, 5, 6, 9, 11, 12, 14, 15, 18]]
[[4,12,16,20,24,84],[0, 1, 3, 4, 9, 10, 11, 12, 13, 14, 15, 18]]
[[4,12,16,20,44,48],[0, 1, 2, 4, 6, 8, 9, 10, 11, 12, 13, 14, 15, 18]]
[[4,12,16,20,24,84],[0, 2, 3, 4, 5, 8, 9, 11, 12, 14, 15, 18]]
[[4,12,16,20,29,72],[4, 5, 6, 9, 10, 12, 13, 14, 15, 16]]
[[4,12,16,20,14,102],[1, 3, 4, 5, 6, 7, 8, 10, 15, 18]]
[[4,12,16,20,34,60],[1, 3, 4, 5, 6, 8, 10, 11, 15, 18]]
[[4,12,16,20,34,72],[1, 2, 4, 5, 6, 7, 8, 9, 10, 11, 13, 14, 15, 18]]
[[4,12,16,20,29,72],[2, 3, 4, 5, 6, 8, 9, 10, 11, 12, 13, 14, 15, 16, 17, 18]]
[[4,12,16,20,39,72],[0, 2, 3, 4, 5, 6, 7, 9, 10, 13, 14, 17]]
[[4,12,16,20,39,72],[0, 1, 2, 4, 5, 7, 8, 9, 10, 11, 14, 17]]
[[4,12,16,20,39,72],[0, 1, 2, 4, 5, 6, 9, 10, 12, 13, 14, 17]]
[[4,12,16,20,39,72],[0, 2, 3, 4, 5, 8, 9, 10, 11, 12, 14, 17]]
[[4,12,16,12,39,72],[2, 3, 4, 5, 7, 8, 9, 10, 12, 14, 15, 18]]
[[4,12,13,32,24,57],[0, 4, 9, 10, 11, 14, 15, 18]]
[[4,12,13,32,24,57],[0, 1, 3, 4, 5, 8, 9, 11, 13, 14, 15, 18]]
[[4,12,13,32,24,57],[0, 1, 3, 4, 5, 6, 9, 10, 11, 13, 14, 16, 17, 18]]
[[4,12,13,32,24,57],[0, 1, 3, 4, 5, 8, 9, 10, 11, 13, 14, 16, 17, 18]]
[[4,12,13,32,24,57],[0, 1, 2, 4, 5, 6, 7, 9, 10, 12, 14, 16, 17, 18]]
[[4,12,13,32,24,57],[0, 2, 3, 4, 5, 7, 8, 9, 10, 12, 14, 16, 17, 18]]
[[4,12,13,24,14,99],[0, 3, 4, 6, 8, 13, 15, 18]]
[[4,12,13,24,14,99],[0, 1, 4, 5, 8, 9, 10, 14, 15, 18]]
[[4,12,13,24,29,81],[0, 2, 4, 5, 7, 8, 9, 10, 11, 14, 15, 18]]
[[4,12,13,24,29,81],[0, 2, 4, 6, 12, 13, 15, 18]]
[[4,12,13,24,49,69],[0, 2, 3, 4, 9, 10, 11, 12, 13, 14, 15, 18]]
[[4,12,13,24,49,69],[0, 1, 3, 4, 5, 8, 9, 11, 12, 14, 15, 18]]
[[4,12,13,24,14,93],[0, 1, 3, 4, 5, 8, 9, 14, 15, 17]]
[[4,12,13,24,14,93],[0, 1, 2, 4, 7, 8, 9, 10, 12, 14, 15, 17]]
[[4,12,13,24,34,81],[1, 2, 4, 5, 7, 9, 10, 14, 15, 18]]
[[4,12,13,24,29,75],[2, 3, 4, 5, 6, 8, 10, 11, 15, 18]]
[[4,12,13,24,34,69],[4, 5, 7, 9, 10, 12, 13, 14, 15, 18]]
[[4,12,13,24,34,51],[1, 2, 4, 5, 7, 8, 9, 10, 12, 14, 15, 18]]
[[4,12,13,24,44,75],[0, 2, 3, 4, 5, 6, 7, 8, 10, 16, 17, 18]]
[[4,12,13,24,44,63],[0, 1, 3, 4, 9, 13, 14, 16, 17, 18]]
[[4,12,13,24,44,75],[0, 1, 2, 4, 6, 7, 8, 9, 14, 16, 17, 18]]
[[4,12,13,24,44,63],[0, 1, 3, 4, 5, 10, 11, 16, 17, 18]]
[[4,12,13,24,44,63],[0, 1, 2, 4, 5, 6, 7, 8, 10, 12, 13, 16, 17, 18]]
[[4,12,13,24,44,75],[0, 2, 3, 4, 5, 10, 11, 12, 13, 16, 17, 18]]
[[4,12,13,24,44,75],[0, 1, 2, 4, 9, 11, 12, 13, 14, 16, 17, 18]]
[[4,12,13,24,44,63],[0, 2, 3, 4, 6, 7, 8, 9, 11, 12, 14, 16, 17, 18]]
[[4,12,13,28,34,75],[0, 3, 4, 6, 9, 14, 15, 18]]
[[4,12,13,28,29,75],[0, 3, 4, 7, 8, 9, 13, 14, 15, 18]]
[[4,12,13,28,34,75],[0, 1, 4, 6, 8, 9, 11, 14, 15, 18]]
[[4,12,13,28,29,75],[0, 1, 4, 7, 9, 14, 15, 17]]
[[4,12,13,28,29,69],[0, 1, 3, 4, 9, 10, 13, 14, 15, 18]]
[[4,12,13,28,39,39],[0, 2, 3, 4, 6, 7, 9, 10, 13, 14, 15, 18]]
[[4,12,13,28,29,69],[0, 1, 3, 4, 5, 8, 9, 14, 15, 18]]
[[4,12,13,28,39,39],[0, 1, 3, 4, 5, 6, 7, 8, 9, 14, 15, 18]]
[[4,12,13,28,29,63],[0, 1, 3, 4, 5, 6, 9, 11, 13, 14, 15, 16, 17, 18]]
[[4,12,13,28,29,63],[0, 2, 3, 4, 7, 8, 9, 10, 12, 14, 15, 16, 17, 18]]
[[4,12,13,28,29,81],[0, 1, 3, 4, 5, 6, 7, 8, 9, 11, 13, 14, 15, 17]]
[[4,12,13,28,29,81],[0, 1, 3, 4, 6, 8, 9, 10, 11, 12, 13, 14, 15, 17]]
[[4,12,13,28,29,63],[2, 3, 4, 5, 6, 9, 10, 11, 13, 14, 15, 16]]
[[4,12,13,28,34,75],[2, 3, 4, 5, 7, 10, 12, 13, 15, 18]]
[[4,12,13,28,39,63],[1, 3, 4, 5, 7, 8, 10, 12, 15, 18]]
[[4,12,13,28,24,81],[2, 3, 4, 5, 6, 7, 9, 10, 12, 14, 15, 18]]
[[4,12,13,16,44,69],[0, 2, 4, 9, 11, 14, 15, 16]]
[[4,12,13,16,44,75],[0, 1, 4, 8, 9, 11, 13, 14, 15, 16]]
[[4,12,13,16,39,87],[0, 1, 2, 3, 4, 5, 6, 8, 9, 10, 12, 14, 15, 16]]
[[4,12,13,16,29,81],[0, 2, 4, 8, 9, 12, 13, 14, 15, 16]]
[[4,12,13,16,39,87],[0, 1, 2, 3, 4, 7, 11, 13, 15, 18]]
[[4,12,13,16,29,81],[0, 2, 4, 6, 7, 9, 11, 14, 15, 18]]
[[4,12,13,16,44,75],[0, 3, 4, 6, 8, 9, 11, 14, 15, 18]]
[[4,12,13,16,44,69],[0, 2, 4, 7, 9, 12, 13, 14, 15, 17]]
[[4,12,13,16,34,87],[0, 1, 3, 4, 5, 6, 9, 14, 15, 16]]
[[4,12,13,16,34,87],[0, 1, 3, 4, 9, 10, 11, 14, 15, 16]]
[[4,12,13,16,39,87],[0, 1, 3, 4, 6, 7, 9, 10, 11, 12, 13, 14, 15, 18]]
[[4,12,13,16,39,87],[0, 1, 3, 4, 5, 6, 7, 8, 9, 11, 12, 14, 15, 18]]
[[4,12,13,16,54,69],[1, 2, 4, 6, 7, 9, 13, 14, 15, 18]]
[[4,12,13,16,39,81],[4, 5, 6, 8, 9, 10, 11, 12, 13, 14, 15, 18]]
[[4,12,13,16,39,69],[1, 3, 4, 5, 6, 8, 9, 10, 11, 12, 13, 14, 15, 18]]
[[4,12,13,16,69,57],[0, 4, 5, 6, 9, 10, 12, 13, 14, 16]]
[[4,12,13,16,69,57],[0, 2, 3, 4, 5, 9, 10, 11, 12, 13, 14, 16]]
[[4,12,13,16,69,57],[0, 1, 2, 4, 5, 9, 10, 11, 12, 13, 14, 18]]
[[4,12,13,16,69,57],[0, 4, 5, 8, 9, 10, 11, 12, 14, 18]]
[[4,12,13,16,49,45],[0, 1, 2, 4, 5, 6, 10, 16, 17, 18]]
[[4,12,13,16,49,45],[0, 2, 3, 4, 8, 9, 14, 16, 17, 18]]
[[4,12,13,16,29,81],[0, 2, 3, 4, 5, 6, 10, 11, 13, 16, 17, 18]]
[[4,12,13,16,39,69],[0, 1, 2, 4, 5, 7, 10, 11, 13, 16, 17, 18]]
[[4,12,13,16,39,69],[0, 2, 3, 4, 7, 9, 11, 13, 14, 16, 17, 18]]
[[4,12,13,16,29,81],[0, 1, 2, 4, 8, 9, 11, 13, 14, 16, 17, 18]]
[[4,12,13,16,39,69],[0, 1, 2, 4, 5, 6, 8, 10, 12, 16, 17, 18]]
[[4,12,13,16,29,81],[0, 1, 3, 4, 5, 7, 8, 10, 12, 16, 17, 18]]
[[4,12,13,16,29,81],[0, 1, 3, 4, 6, 7, 9, 12, 14, 16, 17, 18]]
[[4,12,13,16,39,69],[0, 2, 3, 4, 6, 8, 9, 12, 14, 16, 17, 18]]
[[4,12,13,16,49,45],[0, 1, 3, 4, 5, 7, 8, 10, 11, 12, 13, 16, 17, 18]]
[[4,12,13,16,49,45],[0, 1, 3, 4, 6, 7, 9, 11, 12, 13, 14, 16, 17, 18]]
[[4,12,13,16,54,57],[0, 1, 3, 4, 5, 6, 9, 10, 11, 13, 14, 17]]
[[4,12,13,16,54,57],[0, 1, 3, 4, 5, 8, 9, 10, 11, 13, 14, 17]]
[[4,12,13,16,54,57],[0, 1, 2, 4, 5, 6, 7, 9, 10, 11, 12, 13, 14, 17]]
[[4,12,13,16,54,57],[0, 2, 3, 4, 5, 7, 8, 9, 10, 11, 12, 13, 14, 17]]
[[4,12,13,12,49,69],[0, 2, 4, 5, 6, 9, 10, 11, 12, 14, 15, 16]]
[[4,12,13,12,49,69],[0, 2, 4, 7, 8, 13, 15, 18]]
[[4,12,13,12,59,57],[0, 1, 3, 4, 6, 7, 9, 10, 11, 14, 15, 18]]
[[4,12,13,12,59,57],[0, 1, 2, 4, 5, 6, 7, 8, 9, 11, 13, 14, 15, 18]]
[[4,12,13,20,44,57],[0, 3, 4, 6, 7, 8, 9, 12, 13, 14, 15, 18]]
[[4,12,13,20,44,57],[0, 1, 4, 7, 8, 9, 12, 14, 15, 18]]
[[4,12,13,20,24,81],[0, 1, 4, 8, 11, 12, 15, 18]]
[[4,12,13,20,24,81],[0, 3, 4, 5, 6, 8, 9, 10, 12, 14, 15, 17]]
[[4,12,13,20,49,69],[1, 3, 4, 5, 6, 7, 9, 10, 13, 14, 15, 16]]
[[4,12,13,20,44,57],[1, 3, 4, 5, 7, 9, 10, 14, 15, 18]]
[[4,12,13,20,24,87],[1, 2, 4, 5, 6, 8, 9, 10, 13, 14, 15, 18]]
[[4,12,13,20,49,63],[2, 3, 4, 5, 6, 9, 10, 11, 13, 14, 15, 18]]
[[4,12,13,20,9,111],[1, 2, 4, 5, 6, 9, 10, 11, 13, 14, 15, 18]]
[[4,12,13,20,24,81],[4, 5, 6, 7, 8, 9, 10, 11, 13, 14, 15, 18]]
[[4,12,13,20,39,75],[4, 5, 6, 8, 10, 12, 15, 18]]
[[4,12,13,20,24,99],[1, 2, 4, 9, 12, 14, 15, 18]]
[[4,12,13,20,59,57],[2, 3, 4, 5, 9, 10, 12, 14, 15, 16, 17, 18]]
[[4,12,13,20,19,105],[0, 1, 2, 4, 5, 6, 8, 9, 10, 13, 14, 16, 17, 18]]
[[4,12,13,20,19,105],[0, 2, 3, 4, 5, 6, 8, 9, 10, 11, 14, 16, 17, 18]]
[[4,12,13,20,19,105],[0, 1, 3, 4, 5, 7, 9, 10, 12, 13, 14, 16, 17, 18]]
[[4,12,13,20,19,105],[0, 1, 3, 4, 5, 7, 9, 10, 11, 12, 14, 16, 17, 18]]
[[4,12,13,20,39,75],[0, 1, 2, 4, 5, 9, 10, 13, 14, 17]]
[[4,12,13,20,39,75],[0, 2, 3, 4, 5, 9, 10, 11, 14, 17]]
[[4,12,13,20,39,75],[0, 1, 3, 4, 5, 7, 9, 10, 12, 13, 14, 17]]
[[4,12,13,20,39,75],[0, 1, 3, 4, 5, 7, 9, 10, 11, 12, 14, 17]]
[[4,12,19,20,9,99],[0, 2, 4, 5, 9, 10, 12, 14, 17, 18]]
[[4,12,19,20,9,99],[0, 2, 4, 5, 9, 10, 12, 14, 16, 17]]
[[4,12,19,20,24,63],[0, 2, 3, 4, 5, 6, 9, 11, 13, 14, 15, 18]]
[[4,12,19,20,24,63],[0, 2, 3, 4, 6, 8, 9, 10, 11, 14, 15, 18]]
[[4,12,19,20,29,57],[2, 3, 4, 5, 6, 8, 9, 10, 11, 14, 15, 16]]
[[4,12,19,12,24,81],[0, 1, 2, 4, 9, 10, 13, 14, 15, 18]]
[[4,12,19,12,24,81],[0, 1, 2, 4, 5, 8, 9, 14, 15, 18]]
[[4,12,19,24,24,63],[2, 3, 4, 5, 7, 9, 10, 11, 12, 14, 15, 16]]
[[4,12,19,16,34,57],[0, 1, 2, 4, 6, 7, 9, 10, 11, 14, 15, 18]]
[[4,12,19,16,34,57],[0, 1, 3, 4, 5, 6, 7, 8, 9, 11, 13, 14, 15, 18]]
[[4,12,7,28,44,75],[0, 1, 2, 3, 4, 5, 8, 9, 10, 14, 17, 18]]
[[4,12,7,28,29,87],[0, 2, 4, 5, 6, 8, 10, 12, 17, 18]]
[[4,12,7,28,44,75],[0, 1, 2, 3, 4, 5, 6, 9, 10, 14, 16, 17]]
[[4,12,7,28,29,87],[0, 2, 4, 6, 8, 9, 12, 14, 16, 17]]
[[4,12,7,28,34,75],[0, 1, 2, 3, 4, 5, 7, 8, 9, 10, 13, 14, 15, 18]]
[[4,12,7,28,49,69],[0, 2, 4, 6, 11, 13, 15, 18]]
[[4,12,7,28,24,93],[0, 2, 4, 9, 11, 14, 15, 18]]
[[4,12,7,28,49,81],[0, 3, 4, 6, 12, 13, 15, 18]]
[[4,12,7,28,34,75],[0, 1, 2, 3, 4, 8, 12, 13, 15, 18]]
[[4,12,7,28,24,93],[0, 2, 4, 7, 9, 12, 13, 14, 15, 16, 17, 18]]
[[4,12,7,28,49,81],[0, 1, 4, 5, 6, 8, 9, 10, 12, 14, 15, 16, 17, 18]]
[[4,12,7,28,49,69],[0, 2, 4, 5, 7, 8, 9, 10, 11, 12, 13, 14, 15, 17]]
[[4,12,7,28,44,75],[2, 3, 4, 5, 6, 8, 9, 10, 13, 14, 15, 16]]
[[4,12,7,28,19,81],[2, 3, 4, 5, 10, 12, 15, 18]]
[[4,12,7,28,29,87],[2, 3, 4, 5, 6, 8, 10, 12, 15, 18]]
[[4,12,7,28,39,69],[1, 2, 4, 6, 8, 9, 11, 12, 13, 14, 15, 18]]
[[4,12,7,24,54,81],[0, 2, 4, 5, 8, 9, 10, 11, 13, 14, 17, 18]]
[[4,12,7,24,54,81],[0, 2, 4, 5, 6, 9, 10, 11, 13, 14, 16, 17]]
[[4,12,7,24,29,81],[0, 1, 2, 3, 4, 7, 8, 13, 15, 18]]
[[4,12,7,24,54,81],[0, 2, 4, 7, 8, 11, 15, 18]]
[[4,12,7,24,24,81],[0, 3, 4, 6, 7, 12, 15, 18]]
[[4,12,7,24,54,81],[0, 2, 4, 5, 6, 9, 10, 12, 13, 14, 15, 18]]
[[4,12,7,24,29,81],[0, 1, 2, 3, 4, 5, 8, 9, 10, 12, 13, 14, 15, 18]]
[[4,12,7,24,44,69],[0, 2, 4, 5, 6, 7, 8, 9, 10, 12, 13, 14, 15, 18]]
[[4,12,7,24,34,93],[0, 3, 4, 5, 8, 9, 10, 11, 12, 14, 15, 18]]
[[4,12,7,24,24,81],[0, 1, 4, 5, 6, 7, 8, 9, 10, 11, 12, 14, 15, 18]]
[[4,12,7,24,44,69],[0, 2, 4, 6, 8, 11, 15, 16, 17, 18]]
[[4,12,7,24,34,93],[0, 1, 4, 11, 12, 13, 15, 16, 17, 18]]
[[4,12,7,24,24,81],[2, 3, 4, 5, 6, 7, 8, 9, 10, 11, 13, 14, 15, 16]]
[[4,12,7,24,19,105],[4, 5, 6, 7, 8, 9, 10, 11, 12, 14, 15, 16]]
[[4,12,7,24,34,81],[4, 5, 10, 11, 15, 18]]
[[4,12,7,24,39,87],[1, 3, 4, 5, 7, 9, 10, 12, 13, 14, 15, 18]]
[[4,12,7,20,14,105],[0, 2, 4, 5, 7, 8, 10, 11, 12, 13, 17, 18]]
[[4,12,7,20,14,105],[0, 2, 4, 6, 7, 9, 11, 12, 13, 14, 16, 17]]
[[4,12,7,20,44,81],[0, 2, 4, 5, 7, 8, 9, 10, 13, 14, 15, 16]]
[[4,12,7,20,24,87],[0, 1, 4, 6, 7, 9, 12, 14, 15, 16]]
[[4,12,7,20,54,75],[0, 1, 4, 7, 9, 11, 12, 14, 15, 16]]
[[4,12,7,20,19,87],[0, 3, 4, 5, 6, 9, 10, 14, 15, 18]]
[[4,12,7,20,19,87],[0, 1, 4, 6, 8, 11, 15, 18]]
[[4,12,7,20,44,81],[0, 1, 2, 3, 4, 9, 11, 14, 15, 18]]
[[4,12,7,20,19,93],[0, 2, 4, 6, 8, 9, 11, 14, 15, 18]]
[[4,12,7,20,24,87],[0, 3, 4, 7, 9, 12, 13, 14, 15, 18]]
[[4,12,7,20,54,75],[0, 3, 4, 7, 8, 9, 12, 14, 15, 18]]
[[4,12,7,20,44,81],[0, 2, 4, 6, 11, 12, 15, 18]]
[[4,12,7,20,19,93],[0, 2, 4, 6, 7, 8, 9, 12, 13, 14, 15, 17]]
[[4,12,7,20,44,81],[0, 1, 2, 3, 4, 6, 7, 8, 9, 11, 12, 14, 15, 17]]
[[4,12,7,20,39,75],[0, 4, 5, 6, 9, 14, 15, 18]]
[[4,12,7,20,39,75],[0, 1, 3, 4, 6, 8, 9, 10, 13, 14, 15, 18]]
[[4,12,7,20,39,87],[2, 3, 4, 5, 10, 11, 15, 18]]
[[4,12,7,20,29,93],[1, 3, 4, 5, 6, 9, 10, 11, 13, 14, 15, 18]]
[[4,12,7,20,39,93],[4, 5, 8, 9, 10, 11, 13, 14, 15, 18]]
[[4,12,7,20,24,87],[2, 3, 4, 5, 7, 9, 10, 12, 13, 14, 15, 18]]
[[4,12,7,20,34,69],[2, 3, 4, 5, 6, 8, 10, 11, 12, 13, 15, 18]]
[[4,12,7,32,29,63],[0, 1, 2, 3, 4, 5, 6, 9, 10, 12, 13, 14, 17, 18]]
[[4,12,7,32,29,63],[0, 1, 2, 3, 4, 5, 8, 9, 10, 11, 12, 14, 16, 17]]
[[4,12,7,32,29,57],[0, 2, 4, 6, 8, 9, 11, 14, 15, 16]]
[[4,12,7,32,34,63],[0, 1, 4, 9, 11, 12, 13, 14, 15, 16]]
[[4,12,7,32,19,57],[0, 3, 4, 6, 7, 9, 11, 14, 15, 18]]
[[4,12,7,32,29,81],[0, 1, 4, 7, 12, 13, 15, 18]]
[[4,12,7,32,29,81],[0, 3, 4, 5, 7, 8, 9, 10, 11, 12, 13, 14, 15, 18]]
[[4,12,7,32,29,57],[0, 2, 4, 6, 7, 8, 9, 12, 13, 14, 15, 16, 17, 18]]
[[4,12,7,32,34,63],[0, 3, 4, 8, 9, 11, 12, 14, 15, 16, 17, 18]]
[[4,12,7,32,19,57],[0, 1, 4, 6, 7, 8, 9, 11, 13, 14, 15, 17]]
[[4,12,7,32,44,81],[2, 3, 4, 5, 7, 9, 10, 12, 13, 14, 15, 16]]
[[4,12,7,32,24,63],[2, 3, 4, 5, 6, 10, 15, 18]]
[[4,12,7,16,64,69],[4, 5, 6, 9, 10, 11, 13, 14, 15, 18]]
[[4,12,7,16,49,75],[2, 3, 4, 5, 7, 9, 10, 11, 12, 14, 15, 18]]
[[4,12,7,16,39,81],[2, 3, 4, 5, 6, 8, 9, 10, 11, 12, 13, 14, 15, 17]]
[[4,12,7,36,44,63],[0, 1, 2, 3, 4, 6, 8, 9, 11, 14, 15, 18]]
[[4,12,7,36,44,63],[0, 1, 2, 3, 4, 7, 9, 11, 12, 14, 15, 16, 17, 18]]
[[4,12,7,36,34,69],[2, 3, 4, 5, 6, 7, 8, 9, 10, 11, 13, 14, 15, 18]]
[[4,12,7,40,24,45],[1, 2, 4, 5, 7, 8, 10, 11, 15, 18]]
[[4,12,4,28,19,72],[0, 1, 4, 7, 8, 9, 13, 14, 15, 18]]
[[4,12,4,28,19,72],[0, 3, 4, 6, 7, 8, 9, 11, 13, 14, 15, 16, 17, 18]]
[[4,12,4,28,49,72],[4, 5, 7, 8, 10, 11, 12, 13, 15, 18]]
[[4,12,4,32,39,72],[0, 2, 4, 6, 7, 13, 15, 18]]
[[4,12,4,32,39,72],[0, 2, 4, 5, 8, 9, 10, 11, 12, 14, 15, 18]]
[[4,12,4,24,29,90],[0, 1, 4, 5, 6, 9, 10, 11, 12, 14, 17, 18]]
[[4,12,4,24,29,90],[0, 3, 4, 5, 8, 9, 10, 12, 13, 14, 16, 17]]
[[4,12,4,24,24,84],[0, 2, 4, 7, 11, 13, 15, 18]]
[[4,12,4,24,24,84],[0, 2, 4, 5, 9, 10, 11, 12, 13, 14, 15, 18]]
[[4,12,4,20,24,84],[0, 1, 2, 3, 4, 6, 7, 9, 11, 14, 15, 18]]
[[4,12,4,20,24,84],[0, 1, 2, 3, 4, 6, 9, 11, 12, 14, 15, 18]]
[[4,12,4,20,29,84],[2, 3, 4, 5, 7, 9, 10, 14, 15, 16]]
[[4,12,4,16,29,78],[0, 1, 4, 6, 11, 13, 15, 18]]
[[4,12,4,16,29,78],[0, 3, 4, 5, 9, 10, 11, 14, 15, 18]]
[[4,12,4,16,29,78],[0, 1, 4, 6, 7, 9, 11, 14, 15, 18]]
[[4,12,4,16,29,78],[0, 3, 4, 7, 9, 14, 15, 16, 17, 18]]
[[4,12,4,36,34,60],[0, 2, 4, 7, 11, 12, 15, 18]]
[[4,12,4,36,34,60],[0, 2, 4, 5, 9, 10, 13, 14, 15, 16, 17, 18]]
[[4,10,10,38,34,76],[0, 1, 2, 3, 4, 5, 7, 9, 10, 12, 13, 14, 17, 18]]
[[4,10,10,38,34,58],[0, 3, 4, 5, 8, 9, 10, 12, 13, 14, 17, 18]]
[[4,10,10,38,34,58],[0, 1, 4, 5, 6, 9, 10, 11, 12, 14, 16, 17]]
[[4,10,10,38,34,76],[0, 1, 2, 3, 4, 5, 7, 9, 10, 11, 12, 14, 16, 17]]
[[4,10,10,38,24,58],[0, 1, 2, 3, 4, 5, 6, 9, 10, 11, 13, 14, 15, 18]]
[[4,10,10,38,19,58],[0, 3, 4, 5, 6, 7, 8, 10, 12, 13, 15, 18]]
[[4,10,10,38,19,58],[0, 1, 4, 5, 7, 8, 10, 12, 15, 18]]
[[4,10,10,38,24,58],[0, 1, 2, 3, 4, 6, 7, 12, 15, 16, 17, 18]]
[[4,10,10,38,19,58],[4, 5, 6, 8, 9, 10, 11, 12, 13, 14, 15, 16]]
[[4,10,10,30,19,88],[0, 1, 2, 3, 4, 5, 9, 10, 13, 14, 16, 18]]
[[4,10,10,30,19,88],[0, 1, 2, 3, 4, 5, 9, 10, 11, 14, 16, 18]]
[[4,10,10,30,44,76],[0, 1, 4, 5, 6, 8, 9, 10, 11, 12, 13, 14, 16, 18]]
[[4,10,10,30,44,76],[0, 3, 4, 5, 6, 8, 9, 10, 11, 12, 13, 14, 16, 18]]
[[4,10,10,30,24,70],[0, 1, 4, 5, 7, 8, 10, 11, 17, 18]]
[[4,10,10,30,49,82],[0, 2, 4, 5, 6, 7, 9, 10, 11, 14, 17, 18]]
[[4,10,10,30,24,76],[0, 3, 4, 5, 6, 9, 10, 12, 13, 14, 17, 18]]
[[4,10,10,30,24,82],[0, 2, 4, 5, 9, 10, 11, 12, 13, 14, 17, 18]]
[[4,10,10,30,24,88],[0, 1, 4, 5, 7, 9, 10, 11, 12, 14, 17, 18]]
[[4,10,10,30,24,70],[0, 3, 4, 6, 7, 9, 13, 14, 16, 17]]
[[4,10,10,30,49,82],[0, 2, 4, 5, 7, 8, 9, 10, 13, 14, 16, 17]]
[[4,10,10,30,24,88],[0, 3, 4, 5, 7, 9, 10, 12, 13, 14, 16, 17]]
[[4,10,10,30,24,82],[0, 2, 4, 5, 9, 10, 11, 12, 13, 14, 16, 17]]
[[4,10,10,30,24,76],[0, 1, 4, 5, 8, 9, 10, 11, 12, 14, 16, 17]]
[[4,10,10,30,14,82],[0, 1, 2, 3, 4, 10, 12, 14, 15, 16]]
[[4,10,10,30,24,64],[0, 1, 2, 3, 4, 6, 7, 8, 9, 10, 15, 18]]
[[4,10,10,30,24,64],[0, 1, 4, 6, 10, 14, 15, 18]]
[[4,10,10,30,44,64],[0, 3, 4, 5, 6, 9, 11, 13, 15, 18]]
[[4,10,10,30,24,64],[0, 1, 4, 5, 9, 11, 15, 18]]
[[4,10,10,30,14,82],[0, 1, 2, 3, 4, 5, 6, 7, 8, 9, 11, 13, 15, 18]]
[[4,10,10,30,44,64],[0, 3, 4, 6, 8, 10, 11, 14, 15, 18]]
[[4,10,10,30,14,82],[0, 1, 4, 5, 6, 9, 11, 12, 15, 18]]
[[4,10,10,30,44,64],[0, 3, 4, 5, 6, 7, 8, 9, 11, 12, 15, 18]]
[[4,10,10,30,24,64],[0, 1, 2, 3, 4, 5, 11, 12, 13, 14, 15, 18]]
[[4,10,10,30,44,64],[0, 3, 4, 6, 7, 10, 11, 12, 13, 14, 15, 18]]
[[4,10,10,30,14,82],[0, 1, 4, 10, 12, 14, 15, 16, 17, 18]]
[[4,10,10,30,34,64],[0, 3, 4, 7, 9, 12, 13, 14, 15, 16]]
[[4,10,10,30,34,82],[0, 3, 4, 7, 8, 9, 12, 14, 15, 16]]
[[4,10,10,30,34,64],[0, 1, 4, 6, 7, 9, 12, 14, 15, 18]]
[[4,10,10,30,34,82],[0, 1, 4, 7, 9, 11, 12, 14, 15, 18]]
[[4,10,10,30,24,88],[0, 1, 3, 5, 6, 9, 11, 13, 15, 18]]
[[4,10,10,30,24,88],[0, 1, 2, 6, 7, 9, 10, 11, 12, 13, 15, 18]]
[[4,10,10,30,34,70],[0, 4, 5, 7, 9, 11, 13, 14, 15, 18]]
[[4,10,10,30,34,70],[0, 1, 2, 4, 7, 8, 9, 10, 11, 14, 15, 18]]
[[4,10,10,30,44,70],[0, 4, 5, 6, 7, 8, 9, 14, 15, 17]]
[[4,10,10,30,44,70],[0, 1, 3, 4, 6, 8, 9, 10, 12, 14, 15, 17]]
[[4,10,10,30,19,76],[2, 3, 4, 5, 9, 10, 13, 14, 15, 16]]
[[4,10,10,30,19,70],[2, 3, 4, 5, 8, 9, 10, 14, 15, 16]]
[[4,10,10,30,34,76],[1, 2, 4, 5, 9, 10, 11, 14, 15, 16]]
[[4,10,10,30,29,70],[1, 2, 4, 7, 11, 13, 15, 18]]
[[4,10,10,30,34,82],[1, 3, 4, 5, 6, 7, 10, 12, 15, 18]]
[[4,10,10,30,29,106],[4, 5, 6, 9, 10, 11, 12, 14, 15, 18]]
[[4,10,10,30,44,94],[1, 2, 4, 5, 8, 9, 10, 11, 12, 14, 15, 18]]
[[4,10,10,30,24,52],[0, 2, 3, 4, 5, 9, 10, 12, 14, 16]]
[[4,10,10,30,24,52],[0, 1, 3, 4, 5, 6, 9, 10, 11, 12, 14, 16]]
[[4,10,10,30,24,52],[0, 1, 2, 4, 5, 9, 10, 12, 14, 18]]
[[4,10,10,30,24,52],[0, 1, 3, 4, 5, 8, 9, 10, 12, 13, 14, 18]]
[[4,10,10,30,24,58],[0, 1, 2, 4, 5, 9, 10, 13, 14, 16, 17, 18]]
[[4,10,10,30,24,58],[0, 2, 3, 4, 5, 9, 10, 11, 14, 16, 17, 18]]
[[4,10,10,30,24,58],[0, 4, 5, 6, 7, 8, 9, 10, 12, 13, 14, 16, 17, 18]]
[[4,10,10,30,24,58],[0, 4, 5, 6, 7, 8, 9, 10, 11, 12, 14, 16, 17, 18]]
[[4,10,10,46,24,52],[0, 3, 4, 5, 9, 10, 13, 14, 17, 18]]
[[4,10,10,46,24,52],[0, 1, 4, 5, 9, 10, 11, 14, 16, 17]]
[[4,10,10,34,34,88],[0, 1, 4, 5, 10, 12, 17, 18]]
[[4,10,10,34,34,88],[0, 3, 4, 9, 12, 14, 16, 17]]
[[4,10,10,34,24,52],[0, 1, 2, 3, 4, 5, 6, 7, 11, 14, 15, 16]]
[[4,10,10,34,24,52],[0, 1, 2, 3, 4, 8, 9, 10, 12, 13, 15, 18]]
[[4,10,10,34,24,52],[0, 1, 4, 8, 10, 12, 13, 14, 15, 18]]
[[4,10,10,34,24,52],[0, 1, 4, 5, 6, 8, 9, 11, 12, 13, 15, 16, 17, 18]]
[[4,10,10,34,39,88],[0, 1, 2, 3, 4, 9, 13, 14, 15, 16]]
[[4,10,10,34,29,46],[0, 1, 4, 7, 9, 12, 13, 14, 15, 16]]
[[4,10,10,34,34,70],[0, 1, 2, 3, 4, 8, 9, 11, 12, 14, 15, 16]]
[[4,10,10,34,29,46],[0, 3, 4, 7, 8, 9, 11, 12, 13, 14, 15, 16]]
[[4,10,10,34,19,82],[0, 1, 2, 3, 4, 5, 7, 9, 10, 14, 15, 18]]
[[4,10,10,34,19,70],[0, 1, 4, 5, 6, 10, 11, 13, 15, 18]]
[[4,10,10,34,19,70],[0, 3, 4, 5, 10, 11, 15, 18]]
[[4,10,10,34,19,52],[0, 1, 2, 3, 4, 6, 7, 8, 11, 13, 15, 18]]
[[4,10,10,34,34,70],[0, 3, 4, 7, 8, 9, 11, 14, 15, 18]]
[[4,10,10,34,34,70],[0, 1, 2, 3, 4, 7, 8, 9, 11, 14, 15, 18]]
[[4,10,10,34,19,52],[0, 1, 2, 3, 4, 5, 9, 10, 12, 14, 15, 18]]
[[4,10,10,34,14,70],[0, 3, 4, 5, 6, 7, 9, 10, 12, 14, 15, 18]]
[[4,10,10,34,19,82],[0, 1, 2, 3, 4, 6, 8, 11, 12, 13, 15, 18]]
[[4,10,10,34,14,70],[0, 1, 4, 6, 7, 8, 11, 12, 15, 18]]
[[4,10,10,34,34,70],[0, 1, 4, 7, 9, 11, 13, 14, 15, 16, 17, 18]]
[[4,10,10,34,39,88],[0, 1, 2, 3, 4, 6, 7, 8, 9, 12, 13, 14, 15, 17]]
[[4,10,10,34,29,82],[0, 1, 2, 9, 10, 11, 15, 18]]
[[4,10,10,34,29,82],[0, 2, 3, 5, 8, 9, 11, 12, 15, 18]]
[[4,10,10,34,24,82],[1, 2, 4, 5, 8, 9, 10, 11, 12, 14, 15, 16]]
[[4,10,10,34,24,52],[4, 5, 7, 8, 9, 10, 11, 14, 15, 18]]
[[4,10,10,34,29,76],[1, 3, 4, 7, 12, 13, 15, 18]]
[[4,10,10,34,29,94],[0, 1, 3, 4, 5, 6, 9, 10, 12, 13, 14, 16]]
[[4,10,10,34,29,94],[0, 1, 2, 4, 5, 9, 10, 11, 12, 13, 14, 16]]
[[4,10,10,34,29,94],[0, 2, 3, 4, 5, 9, 10, 11, 12, 13, 14, 18]]
[[4,10,10,34,29,94],[0, 1, 3, 4, 5, 8, 9, 10, 11, 12, 14, 18]]
[[4,10,10,26,24,58],[0, 1, 2, 3, 4, 5, 6, 7, 8, 9, 10, 11, 13, 14, 17, 18]]
[[4,10,10,26,34,100],[0, 2, 4, 5, 6, 10, 11, 12, 17, 18]]
[[4,10,10,26,44,82],[0, 3, 4, 5, 6, 7, 8, 9, 10, 11, 12, 14, 17, 18]]
[[4,10,10,26,24,58],[0, 1, 2, 3, 4, 5, 6, 7, 8, 9, 10, 11, 13, 14, 16, 17]]
[[4,10,10,26,34,100],[0, 2, 4, 8, 9, 12, 13, 14, 16, 17]]
[[4,10,10,26,44,82],[0, 1, 4, 5, 6, 7, 8, 9, 10, 12, 13, 14, 16, 17]]
[[4,10,10,26,29,82],[0, 1, 2, 3, 4, 7, 8, 10, 11, 14, 15, 18]]
[[4,10,10,26,29,82],[0, 1, 2, 3, 4, 5, 6, 9, 12, 13, 15, 18]]
[[4,10,10,26,29,82],[0, 1, 4, 5, 6, 7, 8, 9, 12, 13, 15, 18]]
[[4,10,10,26,29,82],[0, 1, 4, 7, 8, 10, 11, 12, 13, 14, 15, 18]]
[[4,10,10,26,29,94],[0, 2, 4, 6, 7, 8, 9, 14, 15, 16]]
[[4,10,10,26,29,94],[0, 2, 4, 6, 8, 9, 12, 14, 15, 16]]
[[4,10,10,26,59,70],[0, 1, 4, 5, 7, 8, 9, 10, 11, 12, 13, 14, 15, 16]]
[[4,10,10,26,29,112],[0, 3, 4, 6, 7, 8, 11, 13, 15, 18]]
[[4,10,10,26,29,58],[0, 3, 4, 6, 8, 9, 12, 14, 15, 18]]
[[4,10,10,26,59,70],[0, 3, 4, 6, 7, 8, 11, 12, 15, 18]]
[[4,10,10,26,29,58],[0, 1, 4, 8, 9, 11, 12, 14, 15, 16, 17, 18]]
[[4,10,10,26,29,112],[0, 1, 4, 5, 7, 8, 9, 10, 13, 14, 15, 17]]
[[4,10,10,26,29,94],[0, 1, 3, 4, 5, 6, 9, 12, 13, 14, 15, 18]]
[[4,10,10,26,29,94],[0, 2, 3, 4, 6, 8, 9, 10, 12, 14, 15, 18]]
[[4,10,10,26,14,82],[0, 1, 3, 4, 5, 7, 8, 11, 15, 16, 17, 18]]
[[4,10,10,26,34,88],[0, 1, 2, 4, 9, 10, 11, 14, 15, 16, 17, 18]]
[[4,10,10,26,44,88],[0, 4, 6, 7, 9, 10, 11, 14, 15, 16, 17, 18]]
[[4,10,10,26,14,82],[0, 1, 3, 4, 6, 10, 12, 13, 15, 16, 17, 18]]
[[4,10,10,26,44,88],[0, 1, 3, 4, 5, 8, 9, 12, 13, 14, 15, 16, 17, 18]]
[[4,10,10,26,34,88],[0, 1, 3, 4, 5, 6, 7, 8, 9, 12, 13, 14, 15, 16, 17, 18]]
[[4,10,10,26,29,70],[0, 2, 3, 4, 9, 10, 11, 14, 15, 17]]
[[4,10,10,26,39,88],[0, 1, 3, 4, 7, 8, 9, 10, 11, 14, 15, 17]]
[[4,10,10,26,29,70],[0, 1, 3, 4, 5, 7, 9, 11, 12, 14, 15, 17]]
[[4,10,10,26,39,88],[0, 4, 5, 8, 9, 11, 12, 14, 15, 17]]
[[4,10,10,26,34,76],[4, 5, 6, 9, 10, 11, 13, 14, 15, 16]]
[[4,10,10,26,29,70],[4, 5, 6, 7, 8, 9, 10, 14, 15, 18]]
[[4,10,10,26,19,70],[4, 5, 6, 7, 10, 12, 15, 18]]
[[4,10,10,26,49,70],[2, 3, 4, 5, 7, 8, 9, 10, 13, 14, 15, 16, 17, 18]]
[[4,10,10,26,44,100],[0, 1, 2, 4, 5, 6, 7, 9, 10, 13, 14, 16]]
[[4,10,10,26,34,94],[0, 1, 3, 4, 5, 6, 7, 8, 9, 10, 14, 16]]
[[4,10,10,26,44,100],[0, 1, 3, 4, 5, 7, 9, 10, 11, 13, 14, 16]]
[[4,10,10,26,34,94],[0, 1, 2, 4, 5, 7, 8, 9, 10, 11, 14, 16]]
[[4,10,10,26,34,94],[0, 2, 3, 4, 5, 6, 7, 9, 10, 13, 14, 18]]
[[4,10,10,26,34,94],[0, 1, 3, 4, 5, 6, 7, 8, 9, 10, 14, 18]]
[[4,10,10,26,44,100],[0, 1, 3, 4, 5, 7, 9, 10, 11, 13, 14, 18]]
[[4,10,10,26,44,100],[0, 2, 3, 4, 5, 7, 8, 9, 10, 11, 14, 18]]
[[4,10,10,18,34,88],[0, 2, 4, 5, 6, 7, 9, 11, 15, 18]]
[[4,10,10,18,29,100],[0, 2, 4, 5, 6, 7, 8, 9, 11, 13, 15, 18]]
[[4,10,10,18,34,88],[0, 2, 4, 6, 7, 8, 9, 10, 11, 13, 15, 18]]
[[4,10,10,18,29,100],[0, 2, 4, 6, 7, 10, 11, 14, 15, 18]]
[[4,10,10,18,29,100],[0, 2, 4, 5, 6, 9, 11, 12, 15, 18]]
[[4,10,10,18,34,88],[0, 2, 4, 6, 10, 11, 12, 14, 15, 18]]
[[4,10,10,18,34,88],[0, 2, 4, 5, 6, 8, 11, 12, 13, 14, 15, 18]]
[[4,10,10,18,29,100],[0, 2, 4, 6, 8, 10, 11, 12, 13, 14, 15, 18]]
[[4,10,10,18,24,94],[0, 3, 4, 6, 7, 9, 11, 14, 15, 16]]
[[4,10,10,18,24,76],[0, 1, 2, 3, 4, 6, 7, 9, 11, 12, 13, 14, 15, 16]]
[[4,10,10,18,64,64],[0, 2, 4, 5, 7, 10, 11, 13, 15, 18]]
[[4,10,10,18,64,64],[0, 2, 4, 5, 10, 11, 12, 13, 15, 18]]
[[4,10,10,18,24,94],[0, 1, 4, 6, 7, 8, 9, 11, 13, 14, 15, 16, 17, 18]]
[[4,10,10,18,24,76],[0, 1, 2, 3, 4, 6, 9, 14, 15, 17]]
[[4,10,10,18,29,88],[0, 1, 2, 5, 8, 9, 11, 13, 15, 18]]
[[4,10,10,18,29,88],[0, 2, 3, 9, 10, 11, 12, 13, 15, 18]]
[[4,10,10,18,39,88],[0, 1, 2, 4, 5, 6, 7, 8, 9, 14, 15, 16]]
[[4,10,10,18,39,88],[0, 1, 3, 4, 7, 8, 9, 10, 11, 14, 15, 16]]
[[4,10,10,18,69,58],[0, 1, 3, 4, 7, 10, 11, 13, 15, 18]]
[[4,10,10,18,69,58],[0, 2, 3, 4, 5, 7, 8, 11, 15, 18]]
[[4,10,10,18,9,112],[1, 3, 4, 5, 7, 8, 10, 13, 15, 18]]
[[4,10,10,18,19,106],[2, 3, 4, 5, 6, 7, 10, 12, 15, 18]]
[[4,10,10,18,19,82],[1, 2, 4, 5, 6, 7, 8, 9, 10, 12, 13, 14, 15, 18]]
[[4,10,10,18,49,82],[2, 3, 4, 5, 6, 7, 10, 11, 12, 13, 15, 18]]
[[4,10,10,18,44,58],[1, 2, 4, 5, 6, 7, 9, 10, 11, 12, 13, 14, 15, 18]]
[[4,10,10,18,49,52],[4, 5, 6, 7, 8, 9, 10, 11, 12, 14, 15, 18]]
[[4,10,10,18,49,46],[0, 1, 2, 4, 5, 9, 10, 13, 14, 16]]
[[4,10,10,18,49,46],[0, 2, 3, 4, 5, 6, 9, 10, 11, 13, 14, 16]]
[[4,10,10,18,49,46],[0, 2, 3, 4, 5, 9, 10, 11, 14, 18]]
[[4,10,10,18,49,46],[0, 1, 2, 4, 5, 8, 9, 10, 11, 13, 14, 18]]
[[4,10,10,18,49,70],[0, 2, 3, 4, 5, 8, 10, 11, 13, 16, 17, 18]]
[[4,10,10,18,49,70],[0, 1, 2, 4, 6, 9, 11, 13, 14, 16, 17, 18]]
[[4,10,10,18,49,70],[0, 4, 5, 6, 7, 10, 12, 16, 17, 18]]
[[4,10,10,18,49,70],[0, 4, 7, 8, 9, 12, 14, 16, 17, 18]]
[[4,10,10,22,24,100],[0, 1, 2, 3, 4, 5, 7, 9, 10, 14, 17, 18]]
[[4,10,10,22,59,52],[0, 1, 4, 5, 6, 8, 9, 10, 13, 14, 17, 18]]
[[4,10,10,22,24,106],[0, 2, 4, 5, 8, 9, 10, 14, 17, 18]]
[[4,10,10,22,34,100],[0, 1, 4, 5, 6, 9, 10, 11, 13, 14, 17, 18]]
[[4,10,10,22,24,82],[0, 3, 4, 5, 6, 9, 10, 11, 12, 14, 17, 18]]
[[4,10,10,22,39,100],[0, 3, 4, 5, 8, 9, 10, 11, 12, 14, 17, 18]]
[[4,10,10,22,24,106],[0, 2, 4, 5, 6, 9, 10, 14, 16, 17]]
[[4,10,10,22,24,100],[0, 1, 2, 3, 4, 5, 7, 9, 10, 14, 16, 17]]
[[4,10,10,22,59,52],[0, 3, 4, 5, 6, 8, 9, 10, 11, 14, 16, 17]]
[[4,10,10,22,34,100],[0, 3, 4, 5, 8, 9, 10, 11, 13, 14, 16, 17]]
[[4,10,10,22,39,100],[0, 1, 4, 5, 6, 9, 10, 12, 13, 14, 16, 17]]
[[4,10,10,22,24,82],[0, 1, 4, 5, 8, 9, 10, 12, 13, 14, 16, 17]]
[[4,10,10,22,34,82],[0, 2, 4, 5, 6, 9, 11, 13, 15, 18]]
[[4,10,10,22,34,64],[0, 3, 4, 7, 9, 10, 12, 13, 15, 18]]
[[4,10,10,22,34,64],[0, 3, 4, 5, 7, 8, 9, 12, 15, 18]]
[[4,10,10,22,34,64],[0, 3, 4, 7, 10, 12, 13, 14, 15, 18]]
[[4,10,10,22,34,64],[0, 3, 4, 5, 7, 8, 12, 14, 15, 18]]
[[4,10,10,22,34,82],[0, 2, 4, 5, 6, 7, 8, 9, 11, 12, 15, 18]]
[[4,10,10,22,34,82],[0, 2, 4, 6, 8, 10, 11, 14, 15, 17]]
[[4,10,10,22,34,82],[0, 2, 4, 6, 7, 10, 11, 12, 13, 14, 15, 17]]
[[4,10,10,22,44,64],[0, 1, 2, 3, 4, 6, 8, 9, 13, 14, 15, 16]]
[[4,10,10,22,24,64],[0, 1, 4, 5, 6, 7, 8, 9, 10, 12, 13, 14, 15, 16]]
[[4,10,10,22,49,70],[0, 1, 4, 13, 15, 18]]
[[4,10,10,22,54,82],[0, 2, 4, 5, 10, 11, 15, 18]]
[[4,10,10,22,49,70],[0, 3, 4, 5, 8, 9, 10, 11, 13, 14, 15, 18]]
[[4,10,10,22,24,64],[0, 3, 4, 6, 7, 11, 12, 13, 15, 18]]
[[4,10,10,22,54,82],[0, 2, 4, 5, 7, 10, 12, 13, 15, 16, 17, 18]]
[[4,10,10,22,44,64],[0, 1, 2, 3, 4, 7, 9, 12, 13, 14, 15, 16, 17, 18]]
[[4,10,10,22,69,70],[0, 1, 2, 6, 8, 9, 10, 12, 15, 18]]
[[4,10,10,22,69,70],[0, 5, 6, 7, 8, 9, 12, 13, 15, 18]]
[[4,10,10,22,39,70],[0, 1, 2, 4, 5, 7, 9, 14, 15, 18]]
[[4,10,10,22,39,70],[0, 1, 3, 4, 7, 8, 9, 10, 13, 14, 15, 18]]
[[4,10,10,22,39,64],[0, 1, 3, 4, 6, 10, 11, 13, 15, 18]]
[[4,10,10,22,39,64],[0, 1, 3, 4, 5, 6, 8, 11, 15, 18]]
[[4,10,10,22,44,58],[0, 1, 3, 4, 6, 7, 9, 10, 12, 14, 15, 18]]
[[4,10,10,22,44,58],[0, 4, 5, 6, 7, 8, 9, 12, 13, 14, 15, 18]]
[[4,10,10,22,29,82],[0, 1, 3, 4, 7, 8, 9, 10, 13, 14, 15, 16, 17, 18]]
[[4,10,10,22,29,82],[0, 4, 5, 6, 9, 11, 12, 14, 15, 16, 17, 18]]
[[4,10,10,22,44,82],[0, 4, 6, 7, 9, 10, 13, 14, 15, 17]]
[[4,10,10,22,44,82],[0, 1, 3, 4, 5, 6, 9, 12, 13, 14, 15, 17]]
[[4,10,10,22,14,88],[1, 3, 4, 5, 6, 7, 8, 9, 10, 11, 13, 14, 15, 16]]
[[4,10,10,22,54,70],[2, 3, 4, 5, 6, 9, 10, 12, 13, 14, 15, 16]]
[[4,10,10,22,49,82],[2, 3, 4, 5, 6, 7, 8, 9, 10, 11, 12, 14, 15, 16]]
[[4,10,10,22,29,76],[1, 3, 4, 6, 7, 13, 15, 18]]
[[4,10,10,22,34,76],[2, 3, 4, 5, 8, 10, 15, 18]]
[[4,10,10,22,34,82],[2, 3, 4, 5, 7, 8, 10, 13, 15, 18]]
[[4,10,10,22,44,58],[4, 5, 8, 9, 10, 14, 15, 18]]
[[4,10,10,22,54,82],[2, 3, 4, 5, 6, 7, 10, 11, 15, 18]]
[[4,10,10,22,24,76],[1, 2, 4, 5, 8, 10, 11, 13, 15, 18]]
[[4,10,10,22,29,88],[1, 3, 4, 6, 8, 9, 11, 14, 15, 18]]
[[4,10,10,22,29,88],[1, 2, 4, 7, 8, 9, 12, 14, 15, 18]]
[[4,10,10,22,24,82],[2, 3, 4, 5, 6, 8, 9, 10, 12, 14, 15, 16, 17, 18]]
[[4,10,10,22,54,70],[4, 5, 9, 10, 13, 14, 15, 17]]
[[4,10,10,22,14,94],[4, 5, 9, 10, 11, 14, 15, 17]]
[[4,10,10,22,24,94],[1, 2, 4, 5, 9, 10, 12, 14, 15, 17]]
[[4,10,10,22,34,82],[0, 1, 2, 4, 5, 7, 8, 9, 10, 13, 14, 16]]
[[4,10,10,22,34,82],[0, 4, 5, 6, 7, 8, 9, 10, 11, 13, 14, 16]]
[[4,10,10,22,24,82],[0, 1, 3, 4, 5, 8, 9, 10, 12, 13, 14, 16]]
[[4,10,10,22,24,82],[0, 2, 3, 4, 5, 6, 8, 9, 10, 11, 12, 13, 14, 16]]
[[4,10,10,22,34,82],[0, 2, 3, 4, 5, 6, 7, 9, 10, 11, 14, 18]]
[[4,10,10,22,34,82],[0, 4, 5, 6, 7, 8, 9, 10, 11, 13, 14, 18]]
[[4,10,10,22,24,82],[0, 1, 3, 4, 5, 6, 9, 10, 11, 12, 14, 18]]
[[4,10,10,22,24,82],[0, 1, 2, 4, 5, 6, 8, 9, 10, 11, 12, 13, 14, 18]]
[[4,10,10,22,19,106],[0, 1, 3, 4, 5, 6, 8, 10, 13, 16, 17, 18]]
[[4,10,10,22,39,64],[0, 2, 3, 4, 5, 8, 10, 16, 17, 18]]
[[4,10,10,22,39,64],[0, 1, 2, 4, 6, 9, 14, 16, 17, 18]]
[[4,10,10,22,64,64],[0, 1, 2, 4, 5, 8, 10, 11, 13, 16, 17, 18]]
[[4,10,10,22,64,64],[0, 2, 3, 4, 6, 9, 11, 13, 14, 16, 17, 18]]
[[4,10,10,22,19,106],[0, 1, 3, 4, 6, 8, 9, 11, 14, 16, 17, 18]]
[[4,10,10,22,64,64],[0, 1, 3, 4, 5, 6, 7, 10, 12, 16, 17, 18]]
[[4,10,10,22,19,106],[0, 2, 3, 4, 7, 9, 12, 13, 14, 16, 17, 18]]
[[4,10,10,22,64,64],[0, 1, 3, 4, 7, 8, 9, 12, 14, 16, 17, 18]]
[[4,10,10,22,39,64],[0, 1, 3, 4, 5, 6, 7, 10, 11, 12, 13, 16, 17, 18]]
[[4,10,10,22,19,106],[0, 1, 2, 4, 5, 7, 10, 11, 12, 16, 17, 18]]
[[4,10,10,22,39,64],[0, 1, 3, 4, 7, 8, 9, 11, 12, 13, 14, 16, 17, 18]]
[[4,10,10,10,24,88],[0, 1, 3, 4, 6, 10, 15, 18]]
[[4,10,10,10,24,88],[0, 4, 5, 6, 8, 13, 15, 18]]
[[4,10,10,14,19,106],[0, 2, 4, 6, 10, 12, 13, 14, 15, 16]]
[[4,10,10,14,19,106],[0, 2, 4, 5, 6, 7, 9, 13, 15, 18]]
[[4,10,10,14,64,58],[0, 2, 4, 7, 9, 10, 15, 18]]
[[4,10,10,14,64,58],[0, 2, 4, 7, 10, 14, 15, 18]]
[[4,10,10,14,19,106],[0, 2, 4, 5, 6, 8, 13, 14, 15, 18]]
[[4,10,10,14,64,58],[0, 2, 4, 5, 9, 12, 15, 18]]
[[4,10,10,14,64,58],[0, 2, 4, 5, 12, 14, 15, 18]]
[[4,10,10,14,19,106],[0, 2, 4, 6, 7, 8, 9, 10, 12, 13, 15, 16, 17, 18]]
[[4,10,10,14,74,58],[0, 2, 4, 8, 15, 18]]
[[4,10,10,14,74,58],[0, 2, 4, 5, 6, 7, 9, 10, 12, 14, 15, 17]]
[[4,10,10,14,24,88],[0, 1, 2, 6, 7, 9, 10, 11, 15, 18]]
[[4,10,10,14,24,88],[0, 1, 2, 5, 6, 9, 11, 12, 15, 18]]
[[4,10,10,14,59,52],[0, 1, 3, 4, 5, 6, 7, 8, 9, 12, 13, 14, 15, 16]]
[[4,10,10,14,59,52],[0, 1, 3, 4, 7, 8, 9, 10, 11, 12, 13, 14, 15, 16]]
[[4,10,10,14,49,70],[0, 1, 3, 4, 5, 11, 15, 18]]
[[4,10,10,14,49,70],[0, 4, 8, 10, 11, 13, 15, 18]]
[[4,10,10,14,49,82],[0, 1, 3, 4, 5, 7, 9, 11, 13, 14, 15, 18]]
[[4,10,10,14,49,82],[0, 2, 3, 4, 7, 8, 9, 10, 11, 14, 15, 18]]
[[4,10,10,14,34,94],[0, 1, 3, 4, 5, 7, 9, 14, 15, 17]]
[[4,10,10,14,29,82],[0, 2, 3, 4, 5, 8, 9, 11, 13, 14, 15, 17]]
[[4,10,10,14,34,94],[0, 1, 3, 4, 9, 10, 12, 14, 15, 17]]
[[4,10,10,14,29,82],[0, 1, 3, 4, 7, 8, 9, 10, 11, 12, 13, 14, 15, 17]]
[[4,10,10,14,39,70],[1, 3, 4, 5, 6, 8, 9, 10, 12, 14, 15, 18]]
[[4,10,10,14,44,58],[0, 4, 5, 7, 9, 10, 14, 16]]
[[4,10,10,14,34,88],[0, 1, 2, 4, 5, 8, 9, 10, 14, 16]]
[[4,10,10,14,44,58],[0, 1, 2, 4, 5, 6, 7, 9, 10, 11, 14, 16]]
[[4,10,10,14,34,88],[0, 2, 3, 4, 5, 6, 8, 9, 10, 11, 14, 16]]
[[4,10,10,14,34,88],[0, 2, 3, 4, 5, 6, 9, 10, 14, 18]]
[[4,10,10,14,44,58],[0, 4, 5, 7, 9, 10, 14, 18]]
[[4,10,10,14,34,88],[0, 1, 2, 4, 5, 6, 8, 9, 10, 13, 14, 18]]
[[4,10,10,14,44,58],[0, 2, 3, 4, 5, 7, 8, 9, 10, 13, 14, 18]]
[[4,10,10,14,59,58],[0, 1, 2, 4, 5, 8, 10, 16, 17, 18]]
[[4,10,10,14,59,58],[0, 2, 3, 4, 6, 9, 14, 16, 17, 18]]
[[4,10,10,14,59,58],[0, 4, 5, 6, 7, 10, 11, 12, 13, 16, 17, 18]]
[[4,10,10,14,59,58],[0, 4, 7, 8, 9, 11, 12, 13, 14, 16, 17, 18]]
[[4,10,10,42,19,52],[1, 2, 4, 5, 8, 9, 10, 14, 15, 18]]
[[4,10,10,42,29,64],[4, 5, 6, 7, 9, 10, 11, 12, 13, 14, 15, 17]]
[[4,10,10,42,19,46],[0, 4, 5, 6, 9, 10, 14, 16, 17, 18]]
[[4,10,10,42,19,46],[0, 4, 5, 8, 9, 10, 14, 16, 17, 18]]
[[4,10,10,42,19,46],[0, 1, 2, 4, 5, 6, 7, 9, 10, 11, 12, 13, 14, 16, 17, 18]]
[[4,10,10,42,19,46],[0, 2, 3, 4, 5, 7, 8, 9, 10, 11, 12, 13, 14, 16, 17, 18]]
[[4,10,22,18,24,70],[0, 3, 4, 5, 9, 10, 11, 14, 17, 18]]
[[4,10,22,18,19,88],[0, 2, 4, 5, 6, 9, 10, 12, 13, 14, 17, 18]]
[[4,10,22,18,24,70],[0, 1, 4, 5, 9, 10, 13, 14, 16, 17]]
[[4,10,22,18,19,88],[0, 2, 4, 5, 8, 9, 10, 11, 12, 14, 16, 17]]
[[4,10,22,18,24,88],[0, 5, 8, 9, 11, 13, 15, 18]]
[[4,10,22,18,24,88],[0, 1, 2, 9, 10, 11, 12, 13, 15, 18]]
[[4,10,22,18,24,88],[1, 3, 4, 5, 6, 8, 9, 10, 11, 12, 13, 14, 15, 16]]
[[4,10,22,18,29,64],[1, 2, 4, 5, 6, 7, 8, 9, 10, 11, 12, 14, 15, 18]]
[[4,10,22,22,19,82],[0, 1, 4, 5, 7, 8, 9, 10, 12, 14, 17, 18]]
[[4,10,22,22,19,82],[0, 3, 4, 5, 6, 7, 9, 10, 12, 14, 16, 17]]
[[4,10,22,22,24,64],[0, 1, 4, 7, 15, 18]]
[[4,10,22,22,24,64],[0, 3, 4, 5, 7, 8, 9, 10, 13, 14, 15, 16, 17, 18]]
[[4,10,22,22,24,70],[4, 5, 7, 9, 10, 14, 15, 16]]
[[4,10,22,22,14,88],[1, 2, 4, 5, 9, 10, 11, 14, 15, 18]]
[[4,10,22,22,24,76],[1, 3, 4, 5, 7, 9, 10, 11, 13, 14, 15, 18]]
[[4,10,22,22,19,88],[1, 2, 4, 7, 8, 9, 11, 12, 13, 14, 15, 18]]
[[4,10,22,10,19,88],[0, 2, 4, 6, 7, 10, 13, 14, 15, 16]]
[[4,10,22,10,19,88],[0, 2, 4, 5, 6, 9, 12, 13, 15, 18]]
[[4,10,22,10,19,88],[0, 2, 4, 5, 6, 7, 8, 9, 12, 13, 15, 18]]
[[4,10,22,10,19,88],[0, 2, 4, 6, 8, 10, 13, 14, 15, 16, 17, 18]]
[[4,10,22,26,19,70],[0, 1, 2, 3, 4, 5, 7, 8, 9, 11, 15, 18]]
[[4,10,22,26,19,70],[0, 1, 4, 6, 7, 8, 9, 10, 12, 13, 15, 18]]
[[4,10,22,26,19,70],[0, 1, 2, 3, 4, 6, 10, 12, 13, 14, 15, 18]]
[[4,10,22,26,19,70],[0, 1, 4, 5, 7, 8, 11, 12, 13, 14, 15, 18]]
[[4,10,22,26,14,82],[0, 2, 3, 5, 6, 7, 11, 14, 15, 16]]
[[4,10,22,26,14,82],[0, 1, 2, 7, 9, 10, 15, 16, 17, 18]]
[[4,10,22,14,24,76],[0, 2, 3, 4, 5, 8, 9, 14, 15, 16]]
[[4,10,22,14,24,76],[0, 1, 2, 4, 6, 8, 9, 10, 11, 14, 15, 16]]
[[4,10,22,14,14,94],[1, 3, 4, 5, 10, 13, 15, 18]]
[[4,10,22,14,24,76],[1, 3, 4, 7, 8, 9, 12, 14, 15, 18]]
[[4,10,16,22,19,118],[0, 2, 4, 5, 6, 7, 9, 10, 11, 12, 13, 14, 16, 18]]
[[4,10,16,22,19,118],[0, 2, 4, 5, 7, 8, 9, 10, 11, 12, 13, 14, 16, 18]]
[[4,10,16,22,44,70],[0, 7, 9, 10, 15, 18]]
[[4,10,16,22,44,70],[0, 2, 3, 5, 7, 8, 13, 14, 15, 18]]
[[4,10,16,22,24,82],[0, 9, 10, 11, 15, 18]]
[[4,10,16,22,44,46],[0, 2, 3, 6, 7, 9, 10, 11, 15, 18]]
[[4,10,16,22,44,46],[0, 5, 6, 9, 11, 12, 15, 18]]
[[4,10,16,22,24,82],[0, 1, 2, 5, 8, 9, 11, 12, 15, 18]]
[[4,10,16,22,39,46],[0, 1, 3, 4, 9, 10, 12, 14, 15, 16]]
[[4,10,16,22,29,106],[0, 1, 3, 4, 6, 8, 9, 10, 12, 14, 15, 16]]
[[4,10,16,22,39,46],[0, 2, 3, 4, 5, 6, 9, 11, 12, 14, 15, 16]]
[[4,10,16,22,29,106],[0, 1, 2, 4, 5, 8, 9, 11, 12, 14, 15, 16]]
[[4,10,16,22,34,100],[0, 1, 3, 4, 7, 10, 15, 18]]
[[4,10,16,22,34,100],[0, 1, 2, 4, 5, 7, 8, 13, 15, 18]]
[[4,10,16,22,14,106],[0, 4, 5, 7, 9, 14, 15, 18]]
[[4,10,16,22,14,106],[0, 2, 3, 4, 7, 8, 9, 10, 13, 14, 15, 18]]
[[4,10,16,22,24,94],[0, 2, 3, 4, 7, 10, 11, 13, 15, 18]]
[[4,10,16,22,24,94],[0, 1, 3, 4, 5, 7, 8, 11, 15, 18]]
[[4,10,16,22,34,70],[0, 4, 7, 10, 12, 13, 15, 18]]
[[4,10,16,22,34,70],[0, 4, 5, 7, 8, 12, 15, 18]]
[[4,10,16,22,19,94],[0, 1, 3, 4, 5, 7, 9, 11, 12, 14, 15, 18]]
[[4,10,16,22,19,94],[0, 4, 7, 8, 9, 10, 11, 12, 13, 14, 15, 18]]
[[4,10,16,22,44,58],[0, 1, 3, 4, 5, 7, 9, 11, 13, 14, 15, 17]]
[[4,10,16,22,44,58],[0, 4, 9, 10, 11, 12, 13, 14, 15, 17]]
[[4,10,16,22,29,82],[1, 3, 4, 9, 11, 12, 13, 14, 15, 16]]
[[4,10,16,22,44,52],[1, 2, 4, 5, 6, 7, 9, 10, 11, 12, 13, 14, 15, 16]]
[[4,10,16,22,29,76],[1, 2, 4, 5, 9, 10, 13, 14, 15, 18]]
[[4,10,16,22,39,82],[1, 2, 4, 8, 12, 13, 15, 18]]
[[4,10,16,22,39,46],[1, 2, 4, 7, 9, 12, 13, 14, 15, 18]]
[[4,10,16,22,24,100],[1, 2, 4, 5, 6, 7, 10, 11, 12, 13, 15, 18]]
[[4,10,16,22,29,100],[2, 3, 4, 5, 7, 10, 11, 12, 15, 18]]
[[4,10,16,22,19,106],[2, 3, 4, 5, 8, 10, 12, 13, 15, 16, 17, 18]]
[[4,10,16,22,14,100],[0, 2, 3, 4, 5, 7, 9, 10, 12, 13, 14, 16]]
[[4,10,16,22,14,100],[0, 1, 2, 4, 5, 6, 7, 9, 10, 11, 12, 13, 14, 16]]
[[4,10,16,22,14,100],[0, 1, 2, 4, 5, 7, 9, 10, 11, 12, 14, 18]]
[[4,10,16,22,14,100],[0, 2, 3, 4, 5, 7, 8, 9, 10, 11, 12, 13, 14, 18]]
[[4,10,16,22,34,64],[0, 2, 3, 4, 7, 8, 9, 13, 14, 16, 17, 18]]
[[4,10,16,22,34,64],[0, 1, 2, 4, 5, 6, 7, 10, 11, 16, 17, 18]]
[[4,10,16,22,34,64],[0, 2, 3, 4, 5, 8, 10, 12, 13, 16, 17, 18]]
[[4,10,16,22,34,64],[0, 1, 2, 4, 6, 9, 11, 12, 14, 16, 17, 18]]
[[4,10,16,30,19,82],[0, 1, 4, 5, 9, 10, 12, 14, 16, 18]]
[[4,10,16,30,19,82],[0, 3, 4, 5, 9, 10, 12, 14, 16, 18]]
[[4,10,16,30,24,94],[0, 1, 4, 6, 8, 9, 11, 12, 13, 14, 15, 18]]
[[4,10,16,30,24,94],[0, 3, 4, 6, 9, 11, 12, 14, 15, 16, 17, 18]]
[[4,10,16,30,24,82],[0, 1, 3, 4, 5, 7, 9, 14, 15, 18]]
[[4,10,16,30,24,82],[0, 1, 2, 4, 7, 8, 9, 10, 13, 14, 15, 18]]
[[4,10,16,30,29,70],[0, 4, 5, 6, 9, 12, 13, 14, 15, 18]]
[[4,10,16,30,29,70],[0, 1, 2, 4, 6, 8, 9, 10, 12, 14, 15, 18]]
[[4,10,16,30,19,70],[0, 1, 2, 4, 5, 8, 9, 11, 13, 14, 15, 16, 17, 18]]
[[4,10,16,30,19,70],[0, 1, 3, 4, 6, 7, 9, 10, 12, 14, 15, 16, 17, 18]]
[[4,10,16,30,24,88],[1, 3, 4, 5, 8, 9, 10, 12, 13, 14, 15, 18]]
[[4,10,16,30,34,64],[1, 3, 4, 8, 11, 12, 15, 18]]
[[4,10,16,30,34,46],[0, 1, 2, 4, 5, 7, 8, 9, 10, 13, 14, 16, 17, 18]]
[[4,10,16,30,34,46],[0, 2, 3, 4, 5, 6, 7, 9, 10, 11, 14, 16, 17, 18]]
[[4,10,16,30,34,46],[0, 1, 2, 4, 5, 8, 9, 10, 12, 13, 14, 16, 17, 18]]
[[4,10,16,30,34,46],[0, 2, 3, 4, 5, 6, 9, 10, 11, 12, 14, 16, 17, 18]]
[[4,10,16,18,14,112],[0, 2, 4, 7, 9, 12, 13, 14, 16, 18]]
[[4,10,16,18,14,112],[0, 2, 4, 5, 7, 10, 11, 12, 16, 18]]
[[4,10,16,18,39,88],[0, 2, 4, 5, 7, 8, 9, 10, 13, 14, 17, 18]]
[[4,10,16,18,39,88],[0, 2, 4, 5, 6, 7, 9, 10, 11, 14, 16, 17]]
[[4,10,16,18,49,52],[0, 1, 2, 3, 4, 7, 9, 10, 11, 13, 15, 18]]
[[4,10,16,18,49,52],[0, 1, 4, 5, 6, 7, 9, 12, 15, 18]]
[[4,10,16,18,49,52],[0, 1, 2, 3, 4, 5, 6, 8, 12, 14, 15, 18]]
[[4,10,16,18,49,52],[0, 1, 4, 7, 10, 11, 12, 14, 15, 18]]
[[4,10,16,18,29,88],[0, 1, 2, 5, 6, 9, 11, 13, 15, 18]]
[[4,10,16,18,19,106],[0, 2, 3, 6, 8, 9, 10, 12, 15, 18]]
[[4,10,16,18,19,106],[0, 1, 2, 5, 6, 7, 8, 9, 12, 13, 15, 18]]
[[4,10,16,18,29,88],[0, 1, 3, 6, 7, 9, 10, 11, 12, 13, 15, 18]]
[[4,10,16,18,39,64],[0, 2, 3, 4, 5, 7, 9, 11, 12, 14, 15, 18]]
[[4,10,16,18,39,64],[0, 1, 2, 4, 7, 8, 9, 10, 11, 12, 13, 14, 15, 18]]
[[4,10,16,18,19,100],[0, 1, 3, 4, 8, 10, 15, 16, 17, 18]]
[[4,10,16,18,19,100],[0, 2, 3, 4, 5, 6, 7, 11, 12, 13, 15, 16, 17, 18]]
[[4,10,16,18,34,82],[1, 3, 4, 5, 8, 9, 10, 11, 13, 14, 15, 16]]
[[4,10,16,18,29,94],[2, 3, 4, 5, 6, 7, 8, 9, 10, 12, 13, 14, 15, 16]]
[[4,10,16,18,39,88],[1, 3, 4, 5, 6, 7, 9, 10, 11, 14, 15, 18]]
[[4,10,16,18,49,76],[1, 2, 4, 5, 6, 7, 10, 12, 15, 18]]
[[4,10,16,18,29,106],[4, 5, 6, 8, 9, 10, 12, 14, 15, 18]]
[[4,10,16,18,34,82],[1, 2, 4, 6, 7, 8, 9, 14, 15, 16, 17, 18]]
[[4,10,16,18,24,94],[1, 3, 4, 5, 7, 8, 9, 10, 11, 12, 13, 14, 15, 16, 17, 18]]
[[4,10,16,18,44,76],[0, 2, 3, 4, 7, 9, 14, 16]]
[[4,10,16,18,44,76],[0, 1, 3, 4, 6, 7, 9, 11, 14, 16]]
[[4,10,16,18,44,76],[0, 1, 2, 4, 5, 7, 10, 18]]
[[4,10,16,18,44,76],[0, 1, 3, 4, 5, 7, 8, 10, 13, 18]]
[[4,10,16,18,34,82],[0, 1, 2, 4, 6, 8, 13, 16, 17, 18]]
[[4,10,16,18,54,64],[0, 4, 5, 6, 8, 10, 13, 16, 17, 18]]
[[4,10,16,18,34,82],[0, 2, 3, 4, 6, 8, 11, 16, 17, 18]]
[[4,10,16,18,54,64],[0, 4, 6, 8, 9, 11, 14, 16, 17, 18]]
[[4,10,16,18,34,82],[0, 1, 3, 4, 7, 12, 13, 16, 17, 18]]
[[4,10,16,18,54,64],[0, 1, 2, 4, 7, 9, 12, 13, 14, 16, 17, 18]]
[[4,10,16,18,34,82],[0, 1, 3, 4, 7, 11, 12, 16, 17, 18]]
[[4,10,16,18,54,64],[0, 2, 3, 4, 5, 7, 10, 11, 12, 16, 17, 18]]
[[4,10,16,34,19,82],[0, 1, 2, 3, 4, 5, 6, 7, 8, 10, 17, 18]]
[[4,10,16,34,19,82],[0, 1, 2, 3, 4, 6, 7, 8, 9, 14, 16, 17]]
[[4,10,16,34,19,64],[0, 4, 5, 6, 9, 11, 13, 14, 15, 17]]
[[4,10,16,34,19,64],[0, 2, 3, 4, 6, 7, 9, 10, 11, 12, 13, 14, 15, 17]]
[[4,10,16,34,24,52],[4, 5, 6, 7, 9, 10, 11, 14, 15, 18]]
[[4,10,16,34,19,64],[0, 2, 3, 4, 5, 6, 7, 8, 9, 10, 11, 13, 14, 17]]
[[4,10,16,34,19,64],[0, 1, 2, 4, 5, 6, 7, 8, 9, 10, 11, 13, 14, 17]]
[[4,10,16,34,19,64],[0, 2, 3, 4, 5, 6, 8, 9, 10, 11, 12, 13, 14, 17]]
[[4,10,16,34,19,64],[0, 1, 2, 4, 5, 6, 8, 9, 10, 11, 12, 13, 14, 17]]
[[4,10,16,14,44,76],[0, 1, 2, 5, 9, 11, 15, 18]]
[[4,10,16,14,44,76],[0, 2, 3, 8, 10, 11, 12, 14, 15, 18]]
[[4,10,16,14,34,76],[1, 2, 4, 5, 6, 9, 10, 14, 15, 16]]
[[4,10,16,14,14,106],[1, 2, 4, 5, 9, 10, 13, 14, 15, 16]]
[[4,10,16,14,39,70],[1, 2, 4, 5, 6, 7, 8, 9, 10, 14, 15, 16]]
[[4,10,16,14,34,64],[1, 2, 4, 9, 11, 14, 15, 18]]
[[4,10,16,14,39,64],[1, 2, 4, 6, 8, 9, 11, 14, 15, 18]]
[[4,10,16,14,44,64],[0, 1, 2, 4, 5, 6, 9, 10, 14, 16]]
[[4,10,16,14,44,64],[0, 1, 2, 4, 5, 9, 10, 11, 14, 16]]
[[4,10,16,14,44,64],[0, 2, 3, 4, 5, 9, 10, 13, 14, 18]]
[[4,10,16,14,44,64],[0, 2, 3, 4, 5, 8, 9, 10, 14, 18]]
[[4,10,16,14,34,94],[0, 2, 3, 4, 5, 7, 9, 10, 14, 17]]
[[4,10,16,14,34,94],[0, 1, 2, 4, 5, 7, 9, 10, 14, 17]]
[[4,10,16,14,34,94],[0, 2, 3, 4, 5, 9, 10, 12, 14, 17]]
[[4,10,16,14,34,94],[0, 1, 2, 4, 5, 9, 10, 12, 14, 17]]
[[4,10,16,26,19,94],[0, 1, 4, 6, 9, 11, 13, 14, 15, 16]]
[[4,10,16,26,19,94],[0, 3, 4, 9, 11, 14, 15, 16]]
[[4,10,16,26,24,82],[0, 3, 4, 6, 7, 9, 13, 14, 15, 18]]
[[4,10,16,26,29,100],[0, 3, 4, 5, 6, 8, 10, 12, 15, 18]]
[[4,10,16,26,24,82],[0, 1, 4, 6, 7, 8, 9, 14, 15, 16, 17, 18]]
[[4,10,16,26,29,100],[0, 1, 4, 5, 8, 10, 11, 12, 15, 16, 17, 18]]
[[4,10,16,26,24,106],[2, 3, 4, 5, 9, 10, 11, 14, 15, 16]]
[[4,10,16,26,44,64],[2, 3, 4, 5, 7, 9, 10, 11, 13, 14, 15, 16]]
[[4,10,16,26,24,82],[2, 3, 4, 5, 6, 7, 9, 10, 11, 12, 13, 14, 15, 16]]
[[4,10,16,26,24,64],[1, 3, 4, 5, 6, 9, 10, 14, 15, 18]]
[[4,10,16,26,24,88],[1, 2, 4, 6, 9, 11, 13, 14, 15, 18]]
[[4,10,16,26,34,76],[1, 3, 4, 8, 9, 12, 13, 14, 15, 18]]
[[4,10,16,26,34,58],[1, 2, 4, 5, 6, 7, 8, 10, 11, 12, 15, 18]]
[[4,10,16,26,24,88],[4, 5, 6, 8, 9, 10, 13, 14, 15, 16, 17, 18]]
[[4,10,16,26,24,88],[1, 2, 4, 5, 6, 8, 9, 10, 11, 12, 13, 14, 15, 16, 17, 18]]
[[4,10,16,26,39,52],[1, 3, 4, 5, 6, 8, 9, 10, 13, 14, 15, 17]]
[[4,10,16,26,29,82],[2, 3, 4, 5, 9, 10, 11, 12, 13, 14, 15, 17]]
[[4,10,16,26,39,52],[0, 2, 3, 4, 5, 7, 8, 9, 10, 12, 14, 16]]
[[4,10,16,26,39,52],[0, 1, 2, 4, 5, 6, 7, 8, 9, 10, 11, 12, 14, 16]]
[[4,10,16,26,39,52],[0, 1, 2, 4, 5, 6, 7, 9, 10, 12, 14, 18]]
[[4,10,16,26,39,52],[0, 2, 3, 4, 5, 6, 7, 8, 9, 10, 12, 13, 14, 18]]
[[4,10,16,26,19,100],[0, 2, 3, 4, 5, 7, 8, 10, 13, 16, 17, 18]]
[[4,10,16,26,29,64],[0, 2, 3, 4, 5, 7, 8, 9, 10, 13, 14, 16, 17, 18]]
[[4,10,16,26,19,100],[0, 1, 2, 4, 6, 7, 9, 11, 14, 16, 17, 18]]
[[4,10,16,26,29,64],[0, 1, 2, 4, 5, 6, 7, 9, 10, 11, 14, 16, 17, 18]]
[[4,10,16,26,19,100],[0, 2, 3, 4, 8, 9, 12, 13, 14, 16, 17, 18]]
[[4,10,16,26,29,64],[0, 2, 3, 4, 5, 8, 9, 10, 12, 13, 14, 16, 17, 18]]
[[4,10,16,26,19,100],[0, 1, 2, 4, 5, 6, 10, 11, 12, 16, 17, 18]]
[[4,10,16,26,29,64],[0, 1, 2, 4, 5, 6, 9, 10, 11, 12, 14, 16, 17, 18]]
[[4,10,16,10,34,70],[0, 1, 2, 4, 5, 12, 15, 18]]
[[4,10,16,10,34,70],[0, 1, 3, 4, 8, 10, 12, 13, 15, 18]]
[[4,10,16,10,29,82],[0, 2, 3, 4, 6, 7, 9, 10, 12, 14, 15, 18]]
[[4,10,16,10,29,82],[0, 1, 2, 4, 5, 6, 7, 8, 9, 12, 13, 14, 15, 18]]
