[[5,5,17,29,25,71],[0, 2, 3, 6, 7, 8, 9, 11, 12, 13, 16, 18]]
[[5,5,17,29,25,71],[0, 1, 3, 7, 12, 14, 16, 17]]
[[5,5,17,33,20,65],[0, 2, 3, 4, 7, 12, 16, 18]]
[[5,5,17,33,20,65],[0, 1, 2, 4, 7, 12, 16, 18]]
[[5,5,17,33,20,65],[0, 2, 3, 4, 6, 7, 8, 11, 12, 13, 16, 18]]
[[5,5,17,33,20,65],[0, 1, 2, 4, 6, 7, 8, 11, 12, 13, 16, 18]]
[[5,5,23,25,45,53],[0, 2, 3, 4, 8, 13, 16, 18]]
[[5,5,23,25,45,53],[0, 1, 2, 4, 6, 11, 16, 18]]
[[5,5,20,21,35,56],[0, 2, 3, 6, 7, 9, 10, 11, 13, 14, 15, 16]]
[[5,5,20,21,35,56],[0, 2, 3, 5, 6, 8, 9, 11, 12, 14, 15, 16]]
[[5,5,20,9,45,62],[0, 1, 3, 6, 7, 8, 9, 11, 16, 18]]
[[5,5,20,9,45,62],[0, 2, 3, 7, 13, 14, 16, 17]]
[[5,5,20,9,55,74],[0, 1, 3, 6, 8, 9, 10, 11, 12, 14, 15, 16]]
[[5,5,20,9,55,74],[0, 1, 3, 5, 9, 12, 13, 14, 15, 17]]
[[5,5,20,13,45,68],[0, 1, 3, 8, 9, 12, 16, 18]]
[[5,5,20,13,45,68],[0, 2, 3, 6, 7, 8, 11, 14, 16, 17]]
[[5,5,20,13,35,62],[0, 2, 3, 7, 8, 9, 10, 14, 15, 16]]
[[5,5,20,13,35,62],[0, 2, 3, 5, 9, 12, 13, 14, 15, 16]]
[[5,5,20,13,65,86],[0, 2, 3, 7, 8, 9, 10, 11, 12, 14, 15, 16]]
[[5,5,20,13,65,86],[0, 2, 3, 5, 9, 11, 13, 14, 15, 17]]
[[5,5,20,17,40,56],[0, 2, 3, 6, 7, 12, 13, 14, 16, 18]]
[[5,5,20,17,40,56],[0, 2, 3, 7, 8, 11, 13, 14, 16, 17]]
[[5,5,20,25,30,56],[0, 1, 3, 5, 7, 9, 11, 14, 15, 16]]
[[5,5,20,25,30,56],[0, 1, 3, 6, 7, 8, 9, 10, 13, 14, 15, 16, 17, 18]]
[[5,5,20,33,30,44],[0, 1, 3, 5, 6, 7, 8, 9, 12, 14, 15, 16]]
[[5,5,20,33,30,44],[0, 1, 3, 7, 9, 10, 11, 12, 13, 14, 15, 16]]
[[6,12,18,16,21,54],[0, 1, 3, 5, 9, 10, 13, 14, 16, 18]]
[[6,12,18,12,31,54],[0, 5, 6, 7, 8, 9, 10, 14, 17, 18]]
[[6,12,18,12,26,66],[2, 3, 4, 5, 7, 11, 13, 14, 16, 18]]
[[6,12,18,12,26,66],[2, 3, 4, 5, 7, 11, 12, 14, 16, 17]]
[[6,12,18,12,36,42],[0, 3, 5, 6, 9, 11, 13, 14, 15, 18]]
[[6,12,18,12,36,42],[0, 3, 6, 8, 9, 10, 11, 14, 15, 18]]
[[6,12,18,12,36,42],[0, 3, 6, 7, 9, 10, 11, 12, 13, 14, 15, 18]]
[[6,12,18,12,36,42],[0, 3, 5, 6, 7, 8, 9, 11, 12, 14, 15, 18]]
[[6,12,18,20,11,54],[1, 6, 7, 9, 12, 14, 15, 18]]
[[6,12,18,20,11,54],[1, 7, 9, 11, 12, 14, 15, 18]]
[[6,12,12,28,26,54],[0, 1, 2, 7, 9, 14, 16, 18]]
[[6,12,12,28,21,48],[0, 5, 6, 7, 9, 10, 11, 14, 17, 18]]
[[6,12,12,28,26,54],[2, 3, 4, 5, 9, 12, 16, 18]]
[[6,12,12,28,26,54],[2, 3, 4, 5, 12, 14, 16, 17]]
[[6,12,12,28,21,66],[0, 3, 5, 6, 9, 14, 15, 16]]
[[6,12,12,28,21,66],[0, 3, 9, 10, 11, 14, 15, 16]]
[[6,12,12,28,21,66],[0, 1, 5, 6, 9, 14, 15, 18]]
[[6,12,12,28,21,66],[0, 3, 6, 7, 9, 10, 13, 14, 15, 18]]
[[6,12,12,28,21,66],[0, 3, 6, 8, 9, 10, 13, 14, 15, 18]]
[[6,12,12,28,21,66],[0, 1, 2, 3, 5, 6, 7, 8, 9, 14, 15, 18]]
[[6,12,12,28,21,66],[0, 1, 9, 10, 11, 14, 15, 18]]
[[6,12,12,28,21,66],[0, 3, 5, 8, 9, 11, 13, 14, 15, 18]]
[[6,12,12,28,21,66],[0, 1, 2, 3, 9, 10, 11, 12, 13, 14, 15, 18]]
[[6,12,12,28,21,66],[0, 3, 5, 8, 9, 11, 12, 14, 15, 18]]
[[6,12,12,28,21,66],[0, 3, 5, 6, 7, 8, 9, 14, 15, 16, 17, 18]]
[[6,12,12,28,21,66],[0, 3, 9, 10, 11, 12, 13, 14, 15, 16, 17, 18]]
[[6,12,12,28,21,60],[1, 2, 3, 7, 10, 14, 15, 16]]
[[6,12,12,28,21,60],[1, 2, 3, 6, 8, 10, 11, 12, 13, 14, 15, 16]]
[[6,12,12,28,21,60],[1, 2, 3, 5, 7, 14, 15, 18]]
[[6,12,12,28,21,60],[1, 2, 3, 7, 8, 10, 13, 14, 15, 18]]
[[6,12,12,28,21,60],[1, 2, 3, 5, 6, 7, 8, 9, 11, 13, 15, 18]]
[[6,12,12,28,21,60],[1, 2, 3, 5, 9, 12, 15, 18]]
[[6,12,12,28,21,60],[1, 9, 10, 12, 15, 18]]
[[6,12,12,28,21,60],[1, 5, 8, 9, 12, 13, 15, 18]]
[[6,12,12,28,21,60],[1, 2, 3, 8, 10, 12, 13, 14, 15, 18]]
[[6,12,12,28,21,60],[1, 2, 3, 6, 8, 9, 10, 11, 12, 13, 15, 18]]
[[6,12,12,28,21,60],[3, 5, 8, 12, 13, 14, 15, 16, 17, 18]]
[[6,12,12,28,21,60],[3, 5, 6, 8, 9, 11, 12, 13, 15, 16, 17, 18]]
[[6,12,12,20,26,90],[0, 1, 2, 5, 6, 8, 9, 10, 11, 14, 17, 18]]
[[6,12,12,20,36,66],[0, 1, 2, 5, 7, 9, 10, 12, 13, 14, 17, 18]]
[[6,12,12,20,41,54],[0, 1, 2, 5, 7, 9, 10, 11, 12, 14, 17, 18]]
[[6,12,12,20,31,66],[0, 1, 2, 6, 8, 9, 12, 14, 16, 17]]
[[6,12,12,20,36,54],[0, 1, 3, 5, 9, 10, 11, 12, 13, 14, 16, 17]]
[[6,12,12,20,31,84],[0, 1, 2, 5, 7, 9, 10, 11, 12, 14, 16, 17]]
[[6,12,12,20,21,90],[0, 1, 2, 6, 7, 8, 9, 11, 12, 14, 16, 17]]
[[6,12,12,20,41,54],[1, 2, 4, 10, 12, 14, 16, 18]]
[[6,12,12,20,41,54],[1, 3, 4, 10, 12, 14, 16, 17]]
[[6,12,12,20,31,72],[1, 5, 6, 9, 10, 12, 13, 14, 15, 16]]
[[6,12,12,20,21,90],[3, 5, 6, 7, 8, 9, 10, 12, 13, 14, 15, 16]]
[[6,12,12,20,36,48],[1, 2, 3, 5, 6, 8, 9, 10, 11, 12, 13, 14, 15, 16]]
[[6,12,12,20,36,48],[1, 2, 3, 5, 7, 9, 10, 14, 15, 18]]
[[6,12,12,20,21,96],[1, 2, 3, 7, 9, 11, 13, 14, 15, 18]]
[[6,12,12,20,26,84],[1, 2, 3, 5, 8, 9, 10, 11, 13, 14, 15, 18]]
[[6,12,12,20,31,72],[2, 5, 8, 9, 10, 11, 13, 14, 15, 18]]
[[6,12,12,20,21,90],[3, 5, 6, 7, 9, 10, 12, 14, 15, 18]]
[[6,12,12,20,21,96],[1, 2, 3, 6, 8, 9, 12, 14, 15, 18]]
[[6,12,12,20,36,48],[2, 5, 7, 9, 10, 11, 12, 14, 15, 18]]
[[6,12,12,20,36,48],[2, 5, 9, 10, 11, 14, 15, 16, 17, 18]]
[[6,12,12,20,31,72],[1, 5, 9, 10, 11, 12, 13, 14, 15, 16, 17, 18]]
[[6,12,12,20,31,72],[2, 5, 7, 8, 9, 10, 11, 12, 13, 14, 15, 16, 17, 18]]
[[6,12,12,20,26,84],[1, 2, 3, 5, 6, 7, 9, 10, 12, 14, 15, 17]]
[[6,12,12,20,41,42],[1, 2, 3, 6, 10, 12, 13, 14, 15, 16]]
[[6,12,12,20,41,42],[3, 5, 6, 14, 15, 18]]
[[6,12,12,20,41,42],[1, 2, 3, 6, 7, 10, 13, 14, 15, 18]]
[[6,12,12,20,41,42],[1, 6, 8, 9, 10, 11, 15, 18]]
[[6,12,12,20,41,42],[1, 2, 3, 5, 6, 7, 8, 9, 11, 12, 15, 18]]
[[6,12,12,20,41,42],[1, 2, 3, 5, 9, 11, 15, 16, 17, 18]]
[[6,12,12,24,26,60],[0, 5, 9, 10, 11, 14, 16, 18]]
[[6,12,12,24,26,54],[0, 2, 3, 5, 6, 7, 9, 10, 11, 12, 13, 14, 17, 18]]
[[6,12,12,24,16,84],[0, 3, 6, 7, 9, 10, 11, 14, 15, 18]]
[[6,12,12,24,16,84],[0, 2, 6, 7, 9, 10, 11, 14, 15, 18]]
[[6,12,12,24,16,84],[0, 3, 5, 6, 7, 8, 9, 11, 13, 14, 15, 18]]
[[6,12,12,24,16,84],[0, 2, 5, 6, 7, 8, 9, 11, 13, 14, 15, 18]]
[[6,12,12,24,16,84],[0, 3, 5, 6, 9, 11, 12, 14, 15, 18]]
[[6,12,12,24,16,84],[0, 2, 5, 6, 9, 11, 12, 14, 15, 18]]
[[6,12,12,24,16,84],[0, 3, 6, 8, 9, 10, 11, 12, 13, 14, 15, 18]]
[[6,12,12,24,16,84],[0, 2, 6, 8, 9, 10, 11, 12, 13, 14, 15, 18]]
[[6,12,12,24,16,84],[0, 3, 6, 7, 9, 10, 11, 14, 15, 17]]
[[6,12,12,24,16,84],[0, 3, 5, 6, 7, 8, 9, 11, 13, 14, 15, 17]]
[[6,12,12,24,16,84],[0, 3, 5, 6, 9, 11, 12, 14, 15, 17]]
[[6,12,12,24,16,84],[0, 3, 6, 8, 9, 10, 11, 12, 13, 14, 15, 17]]
[[6,12,12,24,26,72],[3, 5, 6, 9, 10, 14, 15, 16]]
[[6,12,12,24,26,72],[1, 2, 3, 5, 7, 9, 10, 12, 13, 14, 15, 16]]
[[6,12,12,24,31,48],[1, 5, 7, 9, 10, 14, 15, 18]]
[[6,12,12,24,26,72],[3, 5, 6, 8, 9, 10, 13, 14, 15, 18]]
[[6,12,12,24,26,54],[1, 2, 3, 6, 7, 8, 9, 14, 15, 18]]
[[6,12,12,24,26,54],[1, 2, 3, 9, 11, 12, 13, 14, 15, 18]]
[[6,12,12,24,31,48],[1, 5, 6, 7, 9, 10, 11, 14, 15, 16, 17, 18]]
[[6,12,12,24,26,72],[1, 2, 3, 5, 6, 8, 9, 10, 11, 14, 15, 17]]
[[6,12,12,16,26,108],[0, 2, 3, 6, 9, 12, 13, 14, 16, 18]]
[[6,12,12,16,36,66],[0, 2, 3, 5, 9, 10, 11, 14, 16, 17]]
[[6,12,12,16,31,90],[0, 1, 2, 5, 7, 9, 10, 12, 13, 14, 16, 17]]
[[6,12,12,16,36,78],[1, 2, 4, 5, 6, 8, 9, 11, 12, 13, 16, 18]]
[[6,12,12,16,36,78],[1, 3, 4, 5, 6, 7, 11, 14, 16, 17]]
[[6,12,12,16,31,96],[1, 2, 3, 6, 8, 9, 11, 12, 13, 14, 15, 16]]
[[6,12,12,16,31,96],[1, 2, 3, 7, 9, 14, 15, 18]]
[[6,12,12,16,31,84],[2, 5, 6, 9, 10, 11, 13, 14, 15, 18]]
[[6,12,12,16,31,90],[1, 2, 3, 6, 7, 9, 11, 12, 13, 14, 15, 18]]
[[6,12,12,16,31,84],[1, 2, 3, 5, 7, 9, 10, 11, 12, 14, 15, 18]]
[[6,12,12,16,31,90],[1, 2, 3, 8, 9, 14, 15, 16, 17, 18]]
[[6,12,12,16,31,84],[1, 2, 3, 5, 6, 8, 9, 10, 13, 14, 15, 17]]
[[6,12,12,16,31,84],[2, 5, 6, 7, 9, 10, 11, 12, 13, 14, 15, 17]]
[[6,12,12,16,41,60],[1, 2, 3, 6, 7, 10, 13, 14, 15, 16]]
[[6,12,12,16,41,60],[1, 2, 3, 6, 8, 9, 10, 11, 15, 18]]
[[6,12,12,16,41,60],[3, 5, 6, 7, 9, 12, 15, 18]]
[[6,12,12,16,41,60],[1, 2, 3, 6, 10, 12, 13, 14, 15, 18]]
[[6,12,12,16,41,60],[1, 5, 6, 7, 8, 9, 11, 12, 15, 18]]
[[6,12,12,16,41,60],[1, 2, 3, 5, 7, 11, 12, 14, 15, 16, 17, 18]]
[[6,12,12,12,41,72],[0, 2, 3, 5, 8, 9, 10, 14, 17, 18]]
[[6,12,12,12,31,114],[3, 5, 6, 9, 10, 11, 13, 14, 15, 18]]
[[6,12,12,12,31,114],[3, 5, 6, 8, 9, 10, 11, 14, 15, 18]]
[[6,12,12,12,41,78],[1, 2, 3, 5, 7, 8, 9, 13, 15, 18]]
[[6,12,12,12,41,78],[1, 2, 3, 7, 10, 14, 15, 18]]
[[6,12,12,12,41,78],[1, 2, 3, 5, 6, 7, 8, 11, 13, 14, 15, 18]]
[[6,12,12,12,41,78],[1, 2, 3, 9, 10, 12, 15, 18]]
[[6,12,12,12,41,78],[1, 2, 3, 5, 8, 9, 12, 13, 15, 18]]
[[6,12,12,12,41,78],[1, 2, 3, 6, 8, 10, 11, 12, 13, 14, 15, 18]]
[[6,12,15,24,16,69],[0, 1, 2, 5, 6, 7, 8, 9, 10, 11, 13, 14, 16, 17]]
[[6,12,15,24,16,45],[0, 2, 9, 10, 13, 14, 15, 18]]
[[6,12,15,24,16,45],[0, 2, 5, 8, 9, 14, 15, 18]]
[[6,12,15,24,16,45],[0, 3, 9, 10, 13, 14, 15, 17]]
[[6,12,15,24,16,45],[0, 3, 5, 8, 9, 14, 15, 17]]
[[6,12,15,24,16,45],[0, 2, 5, 7, 9, 12, 13, 14, 15, 17]]
[[6,12,15,24,16,45],[0, 2, 7, 8, 9, 10, 12, 14, 15, 17]]
[[6,12,15,24,16,63],[1, 2, 3, 5, 6, 7, 8, 9, 10, 11, 13, 14, 15, 16]]
[[6,12,15,24,16,63],[1, 2, 3, 5, 9, 10, 12, 14, 15, 18]]
[[6,12,15,16,31,57],[0, 5, 7, 8, 9, 10, 11, 12, 13, 14, 16, 18]]
[[6,12,15,16,31,51],[0, 1, 2, 5, 6, 9, 10, 11, 13, 14, 17, 18]]
[[6,12,15,16,31,57],[0, 1, 2, 5, 6, 7, 9, 10, 12, 14, 17, 18]]
[[6,12,15,16,26,87],[0, 1, 2, 5, 6, 8, 9, 10, 11, 14, 16, 17]]
[[6,12,15,16,36,57],[1, 9, 11, 12, 13, 14, 15, 18]]
[[6,12,15,16,36,57],[1, 6, 9, 12, 13, 14, 15, 17]]
[[6,12,15,12,31,81],[0, 1, 2, 5, 6, 8, 9, 10, 11, 12, 13, 14, 16, 18]]
[[6,12,15,12,26,105],[0, 1, 2, 9, 13, 14, 16, 17]]
[[6,12,15,12,31,93],[0, 1, 3, 5, 7, 8, 9, 10, 13, 14, 16, 17]]
[[6,12,15,12,41,57],[1, 5, 6, 7, 8, 9, 10, 11, 13, 14, 15, 18]]
[[6,12,15,12,41,57],[1, 5, 7, 8, 9, 10, 13, 14, 15, 16, 17, 18]]
[[6,12,15,20,26,51],[0, 1, 2, 8, 9, 11, 12, 14, 16, 18]]
[[6,12,15,20,26,63],[0, 2, 3, 5, 9, 10, 13, 14, 17, 18]]
[[6,12,15,20,21,75],[0, 2, 3, 5, 6, 7, 8, 9, 10, 11, 12, 14, 17, 18]]
[[6,12,15,20,31,39],[0, 1, 2, 5, 8, 9, 10, 11, 13, 14, 16, 17]]
[[6,12,15,20,21,63],[0, 2, 3, 5, 8, 9, 10, 11, 12, 14, 16, 17]]
[[6,12,15,20,31,33],[1, 2, 4, 5, 8, 12, 13, 14, 16, 18]]
[[6,12,15,20,31,33],[1, 3, 4, 5, 8, 12, 13, 14, 16, 17]]
[[6,12,15,20,21,57],[0, 3, 6, 8, 9, 10, 13, 14, 15, 16]]
[[6,12,15,20,21,57],[0, 3, 5, 8, 9, 11, 13, 14, 15, 16]]
[[6,12,15,20,21,57],[0, 3, 5, 6, 9, 14, 15, 18]]
[[6,12,15,20,21,57],[0, 1, 2, 3, 6, 7, 9, 10, 13, 14, 15, 18]]
[[6,12,15,20,21,57],[0, 1, 6, 8, 9, 10, 13, 14, 15, 18]]
[[6,12,15,20,21,57],[0, 3, 5, 6, 7, 8, 9, 14, 15, 18]]
[[6,12,15,20,21,57],[0, 3, 9, 10, 11, 14, 15, 18]]
[[6,12,15,20,21,57],[0, 1, 5, 8, 9, 11, 13, 14, 15, 18]]
[[6,12,15,20,21,57],[0, 3, 9, 10, 11, 12, 13, 14, 15, 18]]
[[6,12,15,20,21,57],[0, 1, 2, 3, 5, 8, 9, 11, 12, 14, 15, 18]]
[[6,12,15,20,21,57],[0, 3, 6, 7, 9, 10, 13, 14, 15, 16, 17, 18]]
[[6,12,15,20,21,57],[0, 3, 5, 8, 9, 11, 12, 14, 15, 16, 17, 18]]
[[6,12,15,20,16,75],[3, 5, 7, 9, 10, 12, 13, 14, 15, 18]]
[[6,12,15,20,16,75],[3, 5, 7, 8, 9, 10, 12, 14, 15, 18]]
[[6,12,15,20,16,81],[1, 2, 3, 5, 7, 11, 13, 14, 15, 16]]
[[6,12,15,20,16,81],[2, 5, 6, 7, 9, 13, 15, 18]]
[[6,12,15,20,16,81],[1, 2, 3, 6, 10, 14, 15, 18]]
[[6,12,15,20,16,81],[1, 2, 3, 9, 10, 11, 15, 18]]
[[6,12,15,20,16,81],[1, 2, 3, 6, 8, 9, 10, 12, 15, 18]]
[[6,12,15,20,16,81],[3, 5, 6, 7, 8, 9, 12, 13, 15, 18]]
[[6,12,15,20,16,81],[1, 5, 7, 8, 9, 12, 15, 18]]
[[6,12,15,20,16,81],[1, 2, 3, 7, 10, 12, 13, 14, 15, 18]]
[[6,12,15,20,16,81],[2, 5, 8, 9, 11, 12, 15, 18]]
[[6,12,15,20,16,81],[1, 2, 3, 6, 8, 10, 13, 14, 15, 16, 17, 18]]
[[6,12,15,20,16,81],[1, 2, 3, 6, 7, 10, 11, 12, 13, 14, 15, 17]]
[[6,12,15,20,16,81],[1, 2, 3, 5, 6, 7, 8, 11, 12, 14, 15, 17]]
[[6,12,9,24,41,57],[0, 1, 3, 5, 6, 7, 9, 10, 11, 12, 13, 14, 16, 18]]
[[6,12,9,24,41,51],[0, 1, 2, 5, 8, 9, 10, 11, 13, 14, 17, 18]]
[[6,12,9,24,36,63],[0, 1, 2, 5, 6, 8, 9, 10, 13, 14, 16, 17]]
[[6,12,9,24,31,75],[0, 1, 2, 8, 9, 14, 16, 17]]
[[6,12,9,24,41,45],[0, 1, 3, 5, 6, 7, 9, 10, 11, 14, 16, 17]]
[[6,12,9,24,31,81],[0, 1, 3, 5, 6, 9, 10, 11, 12, 14, 16, 17]]
[[6,12,9,24,36,63],[2, 3, 4, 5, 6, 7, 9, 13, 16, 18]]
[[6,12,9,24,36,63],[2, 3, 4, 5, 6, 8, 13, 14, 16, 17]]
[[6,12,9,24,36,63],[3, 5, 9, 10, 11, 14, 15, 16]]
[[6,12,9,24,36,63],[1, 2, 3, 6, 7, 8, 9, 11, 13, 14, 15, 16]]
[[6,12,9,24,21,93],[3, 5, 7, 8, 9, 10, 11, 12, 13, 14, 15, 16]]
[[6,12,9,24,36,63],[3, 5, 8, 9, 10, 11, 13, 14, 15, 18]]
[[6,12,9,24,36,63],[1, 2, 3, 9, 12, 14, 15, 18]]
[[6,12,9,24,31,69],[1, 5, 6, 7, 9, 10, 12, 14, 15, 18]]
[[6,12,9,24,36,57],[2, 5, 7, 9, 10, 12, 13, 14, 15, 18]]
[[6,12,9,24,31,69],[1, 5, 7, 9, 10, 11, 12, 14, 15, 18]]
[[6,12,9,24,21,93],[3, 5, 7, 9, 10, 11, 12, 14, 15, 18]]
[[6,12,9,24,36,57],[2, 5, 9, 10, 13, 14, 15, 17]]
[[6,12,9,24,26,81],[1, 2, 3, 7, 8, 10, 11, 14, 15, 16]]
[[6,12,9,24,26,81],[1, 5, 6, 9, 11, 13, 15, 18]]
[[6,12,9,24,26,81],[3, 5, 9, 11, 15, 18]]
[[6,12,9,24,26,81],[1, 2, 3, 6, 7, 9, 10, 11, 12, 13, 15, 18]]
[[6,12,9,24,26,81],[1, 2, 3, 8, 10, 11, 12, 14, 15, 18]]
[[6,12,9,24,26,81],[1, 2, 3, 5, 6, 14, 15, 16, 17, 18]]
[[6,12,9,20,31,87],[0, 1, 2, 6, 7, 8, 9, 11, 13, 14, 16, 18]]
[[6,12,9,20,26,99],[0, 1, 2, 5, 7, 9, 10, 14, 17, 18]]
[[6,12,9,20,31,93],[0, 5, 6, 9, 10, 11, 12, 14, 17, 18]]
[[6,12,9,20,41,57],[0, 1, 2, 5, 7, 9, 10, 14, 16, 17]]
[[6,12,9,20,26,111],[2, 3, 4, 5, 7, 8, 9, 11, 16, 18]]
[[6,12,9,20,26,111],[2, 3, 4, 5, 7, 8, 11, 12, 13, 14, 16, 17]]
[[6,12,9,20,36,87],[0, 3, 9, 10, 13, 14, 15, 18]]
[[6,12,9,20,36,87],[0, 3, 5, 8, 9, 14, 15, 18]]
[[6,12,9,20,41,63],[1, 2, 3, 5, 8, 9, 10, 11, 13, 14, 15, 16]]
[[6,12,9,20,26,111],[1, 5, 6, 7, 9, 10, 11, 12, 13, 14, 15, 16]]
[[6,12,9,20,36,75],[1, 2, 3, 5, 7, 9, 10, 11, 12, 14, 15, 16]]
[[6,12,9,20,46,51],[1, 5, 6, 8, 9, 10, 13, 14, 15, 18]]
[[6,12,9,20,46,51],[1, 5, 8, 9, 10, 11, 13, 14, 15, 18]]
[[6,12,9,20,26,111],[1, 5, 7, 9, 10, 12, 13, 14, 15, 18]]
[[6,12,9,20,36,75],[1, 2, 3, 5, 6, 8, 9, 10, 13, 14, 15, 16, 17, 18]]
[[6,12,9,20,41,63],[1, 2, 3, 5, 6, 7, 9, 10, 12, 14, 15, 16, 17, 18]]
[[6,12,9,20,41,75],[1, 2, 3, 5, 6, 7, 8, 14, 15, 16]]
[[6,12,9,20,31,93],[1, 2, 3, 5, 6, 8, 12, 14, 15, 16]]
[[6,12,9,20,41,63],[1, 2, 3, 8, 10, 11, 12, 14, 15, 16]]
[[6,12,9,20,41,75],[1, 5, 9, 13, 15, 18]]
[[6,12,9,20,41,75],[1, 2, 3, 8, 10, 14, 15, 18]]
[[6,12,9,20,41,63],[1, 2, 3, 5, 6, 9, 11, 13, 15, 18]]
[[6,12,9,20,41,57],[1, 2, 3, 5, 6, 7, 9, 11, 15, 18]]
[[6,12,9,20,41,57],[1, 2, 3, 6, 7, 9, 10, 11, 15, 18]]
[[6,12,9,20,31,93],[1, 2, 3, 7, 9, 10, 11, 13, 15, 18]]
[[6,12,9,20,41,75],[3, 5, 8, 9, 11, 13, 15, 18]]
[[6,12,9,20,41,57],[1, 2, 3, 6, 7, 10, 11, 14, 15, 18]]
[[6,12,9,20,41,63],[1, 2, 3, 7, 8, 10, 11, 14, 15, 18]]
[[6,12,9,20,31,93],[1, 7, 9, 10, 12, 13, 15, 18]]
[[6,12,9,20,31,93],[1, 2, 3, 5, 7, 8, 12, 14, 15, 18]]
[[6,12,9,20,41,57],[1, 2, 3, 5, 6, 9, 11, 12, 15, 18]]
[[6,12,9,20,41,75],[1, 2, 3, 9, 10, 11, 12, 13, 15, 18]]
[[6,12,9,20,41,63],[1, 6, 7, 9, 10, 11, 12, 13, 15, 18]]
[[6,12,9,20,41,57],[1, 2, 3, 5, 6, 11, 12, 14, 15, 18]]
[[6,12,9,20,41,57],[1, 2, 3, 6, 10, 11, 12, 14, 15, 18]]
[[6,12,9,20,41,63],[3, 5, 7, 11, 12, 14, 15, 18]]
[[6,12,9,20,31,93],[3, 5, 7, 8, 11, 12, 13, 14, 15, 18]]
[[6,12,9,20,31,93],[1, 2, 3, 8, 9, 10, 11, 13, 15, 16, 17, 18]]
[[6,12,9,20,41,63],[1, 2, 3, 5, 6, 7, 9, 12, 15, 16, 17, 18]]
[[6,12,9,20,41,75],[1, 2, 3, 7, 8, 10, 11, 12, 13, 14, 15, 16, 17, 18]]
[[6,12,9,28,31,57],[0, 5, 8, 9, 10, 12, 13, 14, 17, 18]]
[[6,12,9,28,41,45],[0, 1, 2, 5, 7, 8, 9, 10, 12, 14, 17, 18]]
[[6,12,9,28,26,81],[0, 7, 8, 9, 11, 14, 16, 17]]
[[6,12,9,28,21,69],[0, 6, 9, 12, 13, 14, 16, 17]]
[[6,12,9,28,26,75],[0, 2, 3, 5, 6, 7, 8, 9, 10, 12, 13, 14, 16, 17]]
[[6,12,9,28,26,63],[1, 2, 4, 6, 9, 10, 11, 12, 16, 18]]
[[6,12,9,28,26,63],[1, 3, 4, 6, 7, 8, 10, 11, 13, 14, 16, 17]]
[[6,12,9,28,36,51],[1, 2, 3, 9, 13, 14, 15, 18]]
[[6,12,9,28,31,63],[2, 5, 7, 9, 10, 14, 15, 18]]
[[6,12,9,28,31,63],[2, 5, 9, 10, 12, 14, 15, 18]]
[[6,12,9,28,21,87],[1, 2, 3, 5, 7, 9, 10, 12, 13, 14, 15, 18]]
[[6,12,9,28,21,87],[1, 2, 3, 5, 6, 8, 9, 10, 11, 14, 15, 16, 17, 18]]
[[6,12,9,28,36,51],[1, 2, 3, 6, 7, 8, 9, 11, 12, 14, 15, 16, 17, 18]]
[[6,12,9,16,41,87],[0, 1, 2, 5, 6, 9, 10, 11, 13, 14, 16, 17]]
[[6,12,9,16,46,75],[0, 2, 3, 5, 7, 8, 9, 10, 11, 12, 13, 14, 16, 17]]
[[6,12,9,16,36,87],[2, 3, 4, 5, 6, 7, 8, 14, 16, 18]]
[[6,12,9,16,36,87],[2, 3, 4, 5, 6, 14, 16, 17]]
[[6,12,9,16,41,81],[0, 1, 5, 7, 9, 12, 13, 14, 15, 16]]
[[6,12,9,16,41,81],[0, 1, 7, 8, 9, 10, 12, 14, 15, 16]]
[[6,12,9,16,41,81],[0, 3, 6, 7, 9, 10, 11, 12, 13, 14, 15, 16]]
[[6,12,9,16,41,81],[0, 3, 5, 6, 7, 8, 9, 11, 12, 14, 15, 16]]
[[6,12,9,16,41,81],[0, 1, 2, 3, 5, 6, 9, 11, 13, 14, 15, 18]]
[[6,12,9,16,41,81],[0, 1, 2, 3, 6, 8, 9, 10, 11, 14, 15, 18]]
[[6,12,9,16,41,81],[0, 1, 6, 7, 9, 10, 11, 12, 13, 14, 15, 18]]
[[6,12,9,16,41,81],[0, 1, 5, 6, 7, 8, 9, 11, 12, 14, 15, 18]]
[[6,12,9,16,41,81],[0, 3, 5, 6, 9, 11, 13, 14, 15, 16, 17, 18]]
[[6,12,9,16,41,81],[0, 3, 6, 8, 9, 10, 11, 14, 15, 16, 17, 18]]
[[6,12,9,16,41,81],[0, 1, 2, 3, 5, 7, 9, 12, 13, 14, 15, 16, 17, 18]]
[[6,12,9,16,41,81],[0, 1, 2, 3, 7, 8, 9, 10, 12, 14, 15, 16, 17, 18]]
[[6,12,9,16,41,75],[1, 2, 3, 5, 9, 10, 12, 14, 15, 16]]
[[6,12,9,16,46,57],[1, 6, 8, 9, 13, 14, 15, 18]]
[[6,12,9,16,46,57],[1, 8, 9, 11, 13, 14, 15, 18]]
[[6,12,9,16,41,75],[1, 2, 3, 5, 6, 7, 8, 9, 10, 11, 13, 14, 15, 18]]
[[6,12,9,16,51,57],[1, 2, 3, 6, 7, 9, 12, 14, 15, 18]]
[[6,12,9,16,51,57],[1, 2, 3, 8, 9, 11, 13, 14, 15, 17]]
[[6,12,9,32,21,69],[0, 1, 2, 5, 9, 10, 12, 14, 16, 18]]
[[6,12,9,32,26,57],[1, 2, 3, 5, 6, 9, 10, 11, 13, 14, 15, 16]]
[[6,12,9,32,21,63],[1, 2, 3, 6, 7, 9, 13, 14, 15, 18]]
[[6,12,9,32,21,63],[1, 2, 3, 8, 9, 11, 12, 14, 15, 18]]
[[6,12,9,32,26,57],[1, 2, 3, 5, 7, 8, 9, 10, 12, 14, 15, 17]]
[[6,12,9,32,21,57],[1, 2, 3, 7, 9, 10, 15, 18]]
[[6,12,9,32,21,57],[1, 2, 3, 5, 7, 8, 13, 14, 15, 18]]
[[6,12,9,32,21,57],[1, 2, 3, 6, 7, 8, 9, 10, 11, 13, 15, 18]]
[[6,12,9,32,21,57],[1, 2, 3, 8, 9, 10, 12, 13, 15, 18]]
[[6,12,9,32,21,57],[1, 2, 3, 5, 12, 14, 15, 18]]
[[6,12,9,32,21,57],[1, 2, 3, 5, 6, 8, 11, 12, 13, 14, 15, 18]]
[[6,12,9,12,36,117],[1, 2, 3, 7, 9, 14, 15, 16]]
[[6,12,9,12,46,87],[1, 5, 8, 9, 10, 14, 15, 16]]
[[6,12,9,12,46,87],[1, 5, 6, 8, 9, 10, 11, 14, 15, 18]]
[[6,12,9,12,36,117],[1, 2, 3, 6, 8, 9, 11, 12, 13, 14, 15, 18]]
[[6,12,9,12,41,105],[1, 2, 3, 5, 11, 12, 13, 14, 15, 16]]
[[6,12,9,12,41,105],[1, 8, 9, 10, 15, 18]]
[[6,12,9,12,41,105],[1, 2, 3, 6, 7, 8, 9, 10, 15, 18]]
[[6,12,9,12,41,105],[1, 2, 3, 5, 13, 14, 15, 18]]
[[6,12,9,12,41,105],[3, 5, 6, 8, 13, 14, 15, 18]]
[[6,12,9,12,41,105],[1, 2, 3, 6, 7, 8, 9, 10, 12, 13, 15, 16, 17, 18]]
[[6,12,6,20,36,90],[1, 2, 3, 5, 7, 9, 10, 14, 15, 16]]
[[6,12,6,20,36,102],[1, 2, 3, 9, 12, 14, 15, 16]]
[[6,12,6,20,36,102],[1, 2, 3, 6, 7, 8, 9, 11, 13, 14, 15, 18]]
[[6,12,6,20,36,90],[1, 2, 3, 5, 6, 8, 9, 10, 11, 12, 13, 14, 15, 18]]
[[6,12,6,36,26,60],[0, 1, 2, 5, 6, 8, 9, 10, 13, 14, 17, 18]]
[[6,12,6,36,31,48],[0, 1, 2, 5, 6, 7, 9, 10, 12, 14, 16, 17]]
[[6,12,6,24,36,84],[1, 2, 3, 5, 6, 9, 10, 11, 13, 14, 15, 18]]
[[6,12,6,24,36,84],[1, 2, 3, 5, 7, 8, 9, 10, 12, 14, 15, 16, 17, 18]]
[[6,12,6,24,36,72],[2, 5, 7, 8, 9, 11, 15, 18]]
[[6,12,6,24,36,72],[2, 5, 6, 9, 12, 13, 15, 18]]
[[6,12,6,24,36,72],[1, 2, 3, 6, 7, 9, 10, 12, 15, 18]]
[[6,12,6,24,36,72],[1, 2, 3, 7, 10, 11, 12, 14, 15, 18]]
[[6,12,6,24,36,72],[1, 2, 3, 5, 6, 11, 13, 14, 15, 17]]
[[6,12,6,24,36,72],[1, 2, 3, 6, 8, 10, 11, 14, 15, 17]]
[[6,12,6,16,51,72],[2, 5, 6, 7, 8, 9, 10, 11, 13, 14, 15, 18]]
[[6,12,6,16,51,72],[2, 5, 6, 8, 9, 10, 11, 12, 13, 14, 15, 18]]
[[6,12,6,32,26,72],[0, 1, 2, 5, 7, 8, 9, 10, 12, 14, 16, 17]]
[[6,12,6,32,36,54],[0, 1, 2, 6, 7, 9, 11, 12, 13, 14, 16, 17]]
[[6,12,6,32,26,66],[1, 2, 3, 6, 7, 9, 13, 14, 15, 16]]
[[6,12,6,32,26,66],[1, 2, 3, 8, 9, 11, 12, 14, 15, 16]]
[[6,12,6,28,41,54],[1, 5, 6, 7, 8, 9, 10, 11, 12, 14, 15, 16]]
[[6,12,6,28,31,78],[1, 2, 3, 6, 8, 9, 13, 14, 15, 18]]
[[6,12,6,28,41,54],[1, 5, 7, 8, 9, 10, 12, 14, 15, 18]]
[[6,12,6,28,31,78],[1, 2, 3, 7, 9, 11, 12, 14, 15, 17]]
[[6,12,6,40,26,48],[3, 5, 6, 7, 8, 9, 10, 11, 13, 14, 15, 18]]
[[6,12,6,40,26,48],[3, 5, 6, 7, 9, 10, 11, 14, 15, 17]]
[[6,14,12,22,16,62],[0, 1, 2, 5, 7, 8, 9, 10, 13, 14, 16, 18]]
[[6,14,12,22,16,50],[0, 1, 3, 5, 6, 8, 9, 10, 12, 14, 17, 18]]
[[6,14,12,22,16,62],[2, 5, 7, 9, 10, 11, 13, 14, 15, 16]]
[[6,14,12,22,16,62],[2, 5, 9, 10, 11, 12, 13, 14, 15, 18]]
[[6,14,12,26,6,62],[0, 1, 2, 5, 6, 9, 10, 12, 13, 14, 16, 17]]
[[6,14,12,14,31,68],[1, 2, 3, 5, 6, 7, 8, 9, 10, 14, 15, 18]]
[[6,14,12,14,26,86],[3, 5, 6, 9, 10, 12, 13, 14, 15, 18]]
[[6,14,12,14,31,68],[1, 2, 3, 5, 9, 10, 11, 12, 13, 14, 15, 18]]
[[6,14,12,14,26,86],[3, 5, 6, 8, 9, 10, 12, 14, 15, 16, 17, 18]]
[[6,14,12,18,26,56],[1, 5, 8, 9, 10, 11, 12, 14, 15, 18]]
[[6,14,12,18,26,56],[1, 5, 6, 8, 9, 10, 12, 14, 15, 17]]
[[6,14,15,14,21,53],[0, 1, 2, 5, 9, 10, 11, 12, 13, 14, 16, 18]]
[[6,14,6,22,36,74],[0, 1, 2, 5, 6, 7, 9, 10, 11, 14, 16, 18]]
[[6,14,6,22,36,68],[1, 5, 6, 9, 10, 14, 15, 18]]
[[6,14,6,22,36,68],[1, 5, 9, 10, 11, 14, 15, 18]]
[[6,14,6,22,36,74],[1, 2, 3, 5, 6, 7, 8, 9, 10, 11, 12, 14, 15, 18]]
[[6,14,6,22,36,74],[1, 2, 3, 5, 9, 10, 13, 14, 15, 16, 17, 18]]
[[6,14,6,34,16,56],[0, 1, 2, 5, 9, 10, 11, 14, 17, 18]]
[[6,14,6,30,21,62],[0, 1, 2, 5, 6, 7, 8, 9, 10, 11, 12, 14, 16, 17]]
[[6,14,6,30,26,56],[1, 2, 3, 5, 6, 7, 8, 9, 10, 14, 15, 16]]
[[6,14,6,30,26,62],[1, 2, 3, 5, 8, 9, 10, 12, 13, 14, 15, 16]]
[[6,14,6,30,26,56],[1, 2, 3, 5, 9, 10, 11, 12, 13, 14, 15, 16]]
[[6,14,6,30,26,62],[1, 2, 3, 5, 6, 7, 9, 10, 11, 14, 15, 18]]
[[6,14,6,30,21,68],[3, 5, 6, 7, 9, 10, 11, 12, 13, 14, 15, 18]]
[[6,14,6,30,21,68],[3, 5, 6, 7, 8, 9, 10, 11, 12, 14, 15, 18]]
[[6,14,6,26,31,62],[1, 2, 3, 5, 7, 8, 9, 10, 11, 14, 15, 18]]
[[6,14,6,26,31,62],[1, 2, 3, 5, 6, 9, 10, 12, 13, 14, 15, 18]]
[[6,14,9,26,21,59],[0, 2, 3, 5, 6, 8, 9, 10, 12, 14, 16, 18]]
[[6,14,9,26,26,53],[0, 1, 2, 5, 6, 9, 10, 14, 17, 18]]
[[6,14,9,26,21,71],[0, 1, 2, 5, 7, 8, 9, 10, 11, 12, 13, 14, 17, 18]]
[[6,14,9,26,26,47],[0, 5, 6, 8, 9, 10, 12, 14, 16, 17]]
[[6,14,9,26,21,53],[1, 2, 3, 5, 8, 9, 10, 14, 15, 18]]
[[6,14,9,26,21,53],[1, 2, 3, 5, 6, 7, 9, 10, 11, 12, 13, 14, 15, 16, 17, 18]]
[[6,14,9,22,36,41],[0, 1, 2, 5, 9, 10, 13, 14, 16, 17]]
[[6,14,9,22,26,71],[1, 2, 3, 5, 7, 8, 9, 10, 13, 14, 15, 16]]
[[6,14,9,22,21,83],[2, 5, 6, 8, 9, 10, 12, 14, 15, 16]]
[[6,14,9,22,26,71],[3, 5, 9, 10, 13, 14, 15, 18]]
[[6,14,9,22,36,47],[1, 2, 3, 5, 6, 7, 9, 10, 13, 14, 15, 18]]
[[6,14,9,22,26,71],[3, 5, 8, 9, 10, 14, 15, 18]]
[[6,14,9,22,21,83],[2, 5, 6, 7, 8, 9, 10, 14, 15, 18]]
[[6,14,9,22,26,71],[1, 2, 3, 5, 6, 9, 10, 11, 12, 14, 15, 18]]
[[6,14,9,22,36,47],[1, 2, 3, 5, 8, 9, 10, 11, 12, 14, 15, 18]]
[[6,14,9,18,21,113],[0, 1, 2, 5, 8, 9, 10, 14, 16, 17]]
[[6,14,9,18,31,77],[0, 5, 7, 9, 10, 11, 13, 14, 16, 17]]
[[6,14,9,18,26,95],[1, 2, 3, 5, 6, 9, 10, 11, 12, 14, 15, 16]]
[[6,14,9,18,26,95],[1, 2, 3, 5, 7, 8, 9, 10, 13, 14, 15, 18]]
[[6,14,9,14,41,77],[0, 1, 3, 5, 7, 9, 10, 11, 13, 14, 17, 18]]
[[6,14,9,14,36,95],[2, 5, 7, 8, 9, 10, 13, 14, 15, 18]]
[[6,14,9,14,36,95],[2, 5, 8, 9, 10, 12, 13, 14, 15, 18]]
[[6,14,9,30,11,59],[1, 2, 3, 5, 6, 9, 10, 14, 15, 18]]
[[6,14,9,30,11,59],[1, 2, 3, 5, 7, 8, 9, 10, 11, 12, 13, 14, 15, 17]]
[[6,10,18,22,31,40],[0, 1, 3, 5, 6, 9, 10, 12, 13, 14, 17, 18]]
[[6,10,18,22,21,58],[0, 1, 3, 5, 7, 9, 10, 14, 16, 17]]
[[6,10,18,22,31,34],[0, 2, 3, 9, 11, 12, 13, 14, 16, 17]]
[[6,10,18,22,16,70],[0, 3, 4, 7, 9, 10, 16, 18]]
[[6,10,18,22,16,70],[0, 3, 4, 5, 7, 8, 9, 13, 16, 18]]
[[6,10,18,22,16,70],[0, 1, 4, 5, 7, 14, 16, 18]]
[[6,10,18,22,16,70],[0, 1, 4, 5, 6, 7, 9, 11, 16, 18]]
[[6,10,18,22,16,70],[0, 1, 2, 3, 4, 7, 9, 10, 17, 18]]
[[6,10,18,22,16,70],[0, 1, 4, 7, 10, 14, 17, 18]]
[[6,10,18,22,16,70],[0, 1, 4, 6, 7, 9, 10, 11, 17, 18]]
[[6,10,18,22,16,70],[0, 1, 2, 3, 4, 6, 8, 9, 10, 11, 12, 13, 17, 18]]
[[6,10,18,22,16,70],[0, 1, 2, 3, 4, 5, 7, 14, 16, 17]]
[[6,10,18,22,16,70],[0, 3, 4, 7, 10, 14, 16, 17]]
[[6,10,18,22,16,70],[0, 3, 4, 5, 7, 8, 13, 14, 16, 17]]
[[6,10,18,22,16,70],[0, 1, 2, 3, 4, 5, 6, 8, 11, 12, 13, 14, 16, 17]]
[[6,10,18,22,21,58],[0, 1, 2, 3, 9, 10, 13, 14, 15, 16]]
[[6,10,18,22,21,58],[0, 1, 2, 3, 5, 8, 9, 14, 15, 16]]
[[6,10,18,22,21,58],[0, 2, 5, 6, 9, 11, 13, 14, 15, 16]]
[[6,10,18,22,21,58],[0, 2, 6, 8, 9, 10, 11, 14, 15, 16]]
[[6,10,18,22,21,58],[0, 1, 9, 10, 13, 14, 15, 16, 17, 18]]
[[6,10,18,22,21,58],[0, 1, 5, 8, 9, 14, 15, 16, 17, 18]]
[[6,10,18,22,21,58],[0, 2, 6, 7, 9, 10, 11, 12, 13, 14, 15, 16, 17, 18]]
[[6,10,18,22,21,58],[0, 2, 5, 6, 7, 8, 9, 11, 12, 14, 15, 16, 17, 18]]
[[6,10,18,22,21,58],[0, 1, 5, 6, 9, 11, 13, 14, 15, 17]]
[[6,10,18,22,21,58],[0, 1, 6, 8, 9, 10, 11, 14, 15, 17]]
[[6,10,18,22,21,58],[0, 1, 2, 3, 6, 7, 9, 10, 11, 12, 13, 14, 15, 17]]
[[6,10,18,22,21,58],[0, 1, 2, 3, 5, 6, 7, 8, 9, 11, 12, 14, 15, 17]]
[[6,10,18,22,21,58],[3, 5, 7, 9, 10, 12, 13, 14, 15, 16]]
[[6,10,18,22,21,58],[3, 5, 7, 8, 9, 10, 12, 14, 15, 16]]
[[6,10,18,14,36,70],[0, 2, 3, 5, 7, 8, 9, 10, 13, 14, 16, 18]]
[[6,10,18,14,36,58],[0, 1, 3, 5, 6, 7, 9, 10, 11, 14, 17, 18]]
[[6,10,18,14,36,70],[0, 1, 2, 6, 7, 9, 11, 14, 16, 17]]
[[6,10,18,14,36,58],[0, 1, 2, 6, 8, 9, 11, 14, 16, 17]]
[[6,10,18,14,36,70],[0, 5, 6, 9, 10, 12, 13, 14, 16, 17]]
[[6,10,18,14,31,70],[0, 5, 6, 7, 8, 9, 10, 11, 12, 14, 16, 17]]
[[6,10,18,14,31,82],[1, 3, 4, 8, 9, 10, 16, 18]]
[[6,10,18,14,31,82],[1, 2, 4, 8, 10, 14, 16, 17]]
[[6,10,18,14,31,70],[2, 5, 8, 9, 10, 11, 12, 14, 15, 16]]
[[6,10,18,14,31,70],[2, 5, 7, 8, 9, 10, 11, 14, 15, 18]]
[[6,10,18,18,31,58],[0, 2, 3, 5, 6, 8, 9, 10, 13, 14, 16, 17]]
[[6,10,18,18,26,64],[0, 1, 3, 5, 7, 9, 10, 12, 13, 14, 16, 17]]
[[6,10,18,18,31,52],[2, 5, 6, 7, 8, 9, 10, 11, 12, 14, 15, 16]]
[[6,10,18,18,31,52],[2, 5, 6, 8, 9, 10, 11, 14, 15, 16, 17, 18]]
[[6,10,18,18,36,46],[1, 2, 3, 6, 7, 8, 10, 14, 15, 16]]
[[6,10,18,18,36,46],[1, 9, 10, 13, 15, 18]]
[[6,10,18,18,36,46],[1, 2, 3, 5, 8, 9, 15, 18]]
[[6,10,18,18,36,46],[3, 5, 8, 11, 13, 14, 15, 18]]
[[6,10,18,18,36,46],[1, 2, 3, 10, 11, 12, 13, 14, 15, 18]]
[[6,10,18,18,36,46],[1, 2, 3, 5, 7, 8, 9, 11, 12, 13, 15, 16, 17, 18]]
