[[2,8,14,20,47,44],[0, 1, 4, 5, 7, 8, 9, 13, 14, 15]]
[[2,8,14,20,52,68],[0, 3, 4, 5, 6, 8, 9, 12, 14, 15]]
[[2,8,14,20,22,68],[0, 1, 4, 5, 7, 8, 9, 12, 14, 15]]
[[2,8,14,20,37,56],[0, 3, 4, 6, 9, 10, 11, 12, 14, 15]]
[[2,8,14,20,37,104],[0, 1, 4, 8, 9, 10, 11, 12, 14, 15]]
[[2,8,14,20,42,56],[0, 2, 4, 5, 9, 13, 14, 15, 16, 18]]
[[2,8,14,20,17,74],[0, 2, 4, 8, 9, 10, 14, 15, 16, 18]]
[[2,8,14,20,22,62],[0, 1, 4, 5, 6, 7, 9, 11, 14, 15, 16, 18]]
[[2,8,14,20,42,56],[0, 2, 4, 7, 9, 10, 12, 13, 14, 15, 16, 18]]
[[2,8,14,20,52,68],[0, 3, 4, 6, 7, 8, 9, 10, 12, 13, 14, 15, 16, 18]]
[[2,8,14,20,37,92],[0, 2, 4, 6, 7, 8, 9, 10, 12, 13, 14, 15, 16, 18]]
[[2,8,14,20,17,74],[0, 2, 4, 5, 7, 8, 9, 12, 14, 15, 16, 18]]
[[2,8,14,20,47,44],[0, 1, 2, 3, 4, 6, 9, 10, 11, 12, 14, 15, 16, 18]]
[[2,8,14,20,12,62],[0, 1, 4, 5, 6, 8, 9, 11, 12, 13, 14, 15, 16, 18]]
[[2,8,14,20,57,44],[0, 3, 4, 8, 9, 10, 11, 12, 14, 15, 16, 18]]
[[2,8,14,20,37,92],[0, 2, 4, 5, 6, 7, 9, 13, 14, 15, 17, 18]]
[[2,8,14,20,22,62],[0, 1, 2, 3, 4, 7, 9, 10, 14, 15, 17, 18]]
[[2,8,14,20,57,44],[0, 3, 4, 5, 9, 11, 14, 15, 17, 18]]
[[2,8,14,20,37,56],[0, 3, 4, 5, 6, 7, 9, 11, 14, 15, 17, 18]]
[[2,8,14,20,37,104],[0, 1, 2, 3, 4, 5, 6, 7, 9, 12, 14, 15, 17, 18]]
[[2,8,14,20,12,62],[0, 1, 2, 3, 4, 8, 9, 10, 12, 13, 14, 15, 17, 18]]
[[2,8,14,20,22,68],[0, 1, 2, 3, 4, 6, 9, 10, 11, 13, 14, 15, 16, 17]]
[[2,8,14,20,42,68],[0, 2, 4, 5, 9, 13, 15, 16, 18]]
[[2,8,14,20,7,68],[0, 2, 4, 6, 7, 9, 10, 11, 12, 13, 15, 16, 18]]
[[2,8,14,20,7,68],[0, 2, 4, 5, 6, 7, 9, 13, 15, 17, 18]]
[[2,8,14,20,42,68],[0, 2, 4, 9, 10, 11, 12, 13, 15, 17, 18]]
[[2,8,14,20,7,68],[0, 2, 4, 5, 6, 11, 13, 14, 15, 16, 17]]
[[2,8,14,20,42,68],[0, 2, 4, 5, 7, 11, 13, 14, 15, 16, 17]]
[[2,8,14,20,7,68],[0, 2, 4, 6, 10, 12, 13, 14, 15, 16, 17]]
[[2,8,14,20,42,68],[0, 2, 4, 7, 10, 12, 13, 14, 15, 16, 17]]
[[2,8,14,12,22,62],[0, 3, 4, 5, 9, 12, 14, 15, 16, 18]]
[[2,8,14,12,22,62],[0, 3, 4, 8, 9, 10, 12, 13, 14, 15, 16, 18]]
[[2,8,14,12,47,86],[0, 2, 4, 8, 9, 10, 15, 16, 18]]
[[2,8,14,12,47,86],[0, 2, 4, 6, 7, 8, 9, 10, 15, 17, 18]]
[[2,8,14,12,47,86],[0, 2, 4, 5, 6, 8, 12, 14, 15, 16, 17]]
[[2,8,14,12,47,86],[0, 2, 4, 5, 7, 8, 12, 14, 15, 16, 17]]
[[2,8,14,36,47,68],[0, 1, 2, 3, 4, 5, 6, 8, 9, 12, 14, 15, 16, 18]]
[[2,8,14,36,22,92],[0, 1, 4, 6, 7, 8, 9, 10, 11, 13, 14, 15, 17, 18]]
[[2,8,14,36,22,92],[0, 1, 2, 3, 4, 5, 7, 8, 9, 13, 14, 15, 16, 17]]
[[2,8,14,36,47,68],[0, 1, 4, 7, 9, 10, 11, 12, 14, 15, 16, 17]]
[[2,8,14,36,17,92],[0, 1, 4, 5, 6, 7, 12, 15, 18]]
[[2,8,14,36,17,92],[0, 3, 4, 6, 7, 8, 10, 12, 13, 15, 18]]
[[2,8,14,36,17,92],[0, 3, 4, 6, 9, 10, 12, 13, 14, 15, 18]]
[[2,8,14,36,17,92],[0, 1, 2, 3, 4, 5, 6, 8, 9, 12, 14, 15, 18]]
[[2,8,14,40,32,86],[0, 3, 4, 5, 7, 8, 9, 12, 14, 15, 16, 18]]
[[2,8,14,40,32,86],[0, 3, 4, 7, 9, 10, 12, 13, 14, 15, 16, 17]]
[[2,8,14,40,32,86],[0, 3, 4, 5, 7, 9, 15, 16, 18]]
[[2,8,14,40,32,86],[0, 1, 2, 3, 4, 5, 7, 9, 15, 17, 18]]
[[2,8,14,40,32,86],[0, 3, 4, 7, 8, 10, 13, 14, 15, 16, 17]]
[[2,8,14,40,32,86],[0, 1, 2, 3, 4, 6, 8, 10, 11, 12, 13, 14, 15, 16, 17]]
[[2,8,17,24,22,89],[0, 2, 4, 5, 9, 13, 14, 15]]
[[2,8,17,24,22,77],[0, 2, 4, 7, 8, 10, 13, 15, 16, 18]]
[[2,8,17,24,17,77],[0, 1, 2, 3, 4, 6, 7, 8, 9, 10, 14, 15, 17, 18]]
[[2,8,17,24,17,77],[0, 1, 4, 5, 9, 11, 14, 15, 17, 18]]
[[2,8,17,24,22,89],[0, 2, 4, 7, 9, 10, 12, 13, 14, 15, 17, 18]]
[[2,8,17,24,22,77],[0, 3, 4, 5, 6, 8, 9, 12, 14, 15, 17, 18]]
[[2,8,17,24,22,77],[0, 2, 4, 5, 8, 9, 12, 13, 14, 15, 16, 17]]
[[2,8,17,24,22,77],[0, 3, 4, 6, 7, 8, 9, 10, 12, 13, 14, 15, 16, 17]]
[[2,8,17,20,52,77],[0, 1, 2, 3, 4, 8, 9, 10, 11, 13, 14, 15]]
[[2,8,17,20,32,71],[0, 1, 2, 3, 4, 5, 6, 8, 9, 13, 14, 15, 16, 18]]
[[2,8,17,20,42,71],[0, 1, 2, 3, 4, 5, 7, 11, 13, 15, 16, 18]]
[[2,8,17,20,32,71],[0, 1, 4, 7, 9, 10, 11, 13, 14, 15, 16, 18]]
[[2,8,17,20,12,59],[0, 1, 4, 6, 9, 10, 11, 12, 14, 15, 16, 18]]
[[2,8,17,20,12,59],[0, 1, 2, 3, 4, 5, 9, 12, 14, 15, 17, 18]]
[[2,8,17,20,52,77],[0, 1, 4, 5, 6, 8, 9, 12, 14, 15, 17, 18]]
[[2,8,17,20,42,71],[0, 1, 4, 6, 7, 9, 10, 12, 14, 15, 16, 17]]
[[2,8,17,20,32,65],[0, 3, 4, 5, 6, 7, 9, 11, 14, 15, 18]]
[[2,8,17,20,32,65],[0, 2, 4, 6, 7, 8, 9, 10, 11, 13, 14, 15, 18]]
[[2,8,17,20,32,65],[0, 2, 4, 6, 10, 11, 12, 15, 18]]
[[2,8,17,20,32,65],[0, 3, 4, 5, 6, 8, 11, 12, 13, 15, 18]]
[[2,8,17,20,47,53],[0, 2, 4, 6, 7, 8, 9, 10, 11, 13, 15, 16, 18]]
[[2,8,17,20,47,53],[0, 2, 4, 5, 6, 8, 11, 12, 13, 14, 15, 16, 18]]
[[2,8,17,20,47,53],[0, 2, 4, 5, 7, 8, 13, 14, 15, 17, 18]]
[[2,8,17,20,47,53],[0, 2, 4, 8, 9, 10, 12, 13, 15, 17, 18]]
[[2,8,17,36,27,89],[0, 1, 2, 3, 4, 5, 6, 7, 9, 11, 14, 15]]
[[2,8,17,36,17,101],[0, 1, 2, 3, 4, 5, 9, 13, 14, 15, 17, 18]]
[[2,8,17,36,17,101],[0, 1, 4, 6, 9, 10, 11, 13, 14, 15, 16, 17]]
[[2,8,17,36,27,89],[0, 1, 4, 8, 9, 10, 12, 13, 14, 15, 16, 17]]
[[2,8,17,32,22,101],[0, 2, 4, 5, 6, 7, 9, 12, 14, 15]]
[[2,8,17,32,22,101],[0, 3, 4, 6, 7, 8, 9, 10, 14, 15, 16, 18]]
[[2,8,17,32,22,101],[0, 2, 4, 6, 7, 8, 9, 10, 14, 15, 16, 18]]
[[2,8,17,32,22,101],[0, 3, 4, 5, 6, 8, 9, 13, 14, 15, 17, 18]]
[[2,8,17,32,27,89],[0, 3, 4, 5, 8, 9, 12, 13, 14, 15, 16]]
[[2,8,17,32,27,89],[0, 1, 2, 3, 4, 6, 8, 9, 10, 11, 12, 13, 14, 15, 16]]
[[2,8,17,32,22,77],[0, 2, 4, 5, 7, 12, 13, 15, 18]]
[[2,8,17,32,22,77],[0, 2, 4, 7, 8, 10, 12, 15, 18]]
[[2,8,17,32,27,89],[0, 1, 4, 6, 7, 9, 10, 11, 14, 15, 16, 17, 18]]
[[2,8,17,32,27,89],[0, 3, 4, 5, 8, 9, 12, 13, 14, 15, 16, 17, 18]]
[[2,8,17,16,37,65],[0, 2, 4, 6, 10, 11, 13, 15, 16, 18]]
[[2,8,17,16,37,65],[0, 2, 4, 5, 6, 8, 11, 15, 16, 18]]
[[2,8,17,16,42,53],[0, 1, 4, 6, 7, 8, 9, 10, 11, 13, 14, 15, 16, 18]]
[[2,8,17,16,42,53],[0, 1, 2, 3, 4, 5, 7, 8, 9, 13, 14, 15, 17, 18]]
[[2,8,17,16,32,53],[0, 2, 4, 7, 8, 10, 13, 14, 15, 16, 18]]
[[2,8,17,16,32,53],[0, 2, 4, 5, 8, 9, 12, 13, 15, 16, 18]]
[[2,8,17,16,32,53],[0, 2, 4, 5, 6, 7, 8, 9, 11, 13, 15, 17, 18]]
[[2,8,17,16,32,53],[0, 2, 4, 6, 8, 10, 11, 12, 13, 14, 15, 17, 18]]
[[2,8,17,28,37,89],[0, 1, 4, 6, 7, 10, 12, 15, 16, 18]]
[[2,8,17,28,27,77],[0, 2, 4, 5, 7, 8, 9, 13, 14, 15, 17, 18]]
[[2,8,17,28,27,77],[0, 2, 4, 8, 9, 10, 12, 13, 14, 15, 17, 18]]
[[2,8,17,28,37,89],[0, 1, 2, 3, 4, 5, 7, 9, 11, 13, 14, 15, 16, 17]]
[[2,8,17,28,22,95],[0, 1, 2, 3, 4, 5, 6, 7, 8, 9, 14, 15, 16]]
[[2,8,17,28,22,95],[0, 1, 4, 7, 8, 9, 10, 11, 14, 15, 16]]
[[2,8,17,28,72,35],[0, 3, 4, 5, 7, 9, 12, 13, 14, 15, 18]]
[[2,8,17,28,72,35],[0, 3, 4, 7, 8, 9, 10, 12, 14, 15, 18]]
[[2,8,17,28,22,95],[0, 1, 4, 5, 6, 9, 14, 15, 16, 17, 18]]
[[2,8,17,28,22,95],[0, 1, 2, 3, 4, 7, 8, 9, 10, 11, 12, 13, 14, 15, 16, 17, 18]]
[[2,8,17,28,17,89],[0, 3, 4, 5, 6, 9, 11, 13, 14, 15, 17]]
[[2,8,17,28,17,89],[0, 2, 4, 6, 8, 9, 10, 11, 14, 15, 17]]
[[2,8,17,28,17,89],[0, 2, 4, 6, 7, 9, 10, 11, 12, 13, 14, 15, 17]]
[[2,8,17,28,17,89],[0, 3, 4, 5, 6, 7, 8, 9, 11, 12, 14, 15, 17]]
[[2,8,17,28,22,101],[0, 2, 4, 5, 6, 7, 9, 11, 15, 16, 18]]
[[2,8,17,28,22,101],[0, 2, 4, 6, 10, 11, 12, 14, 15, 16, 18]]
[[2,8,17,28,22,101],[0, 2, 4, 6, 7, 9, 10, 11, 15, 17, 18]]
[[2,8,17,28,22,101],[0, 2, 4, 5, 6, 11, 12, 14, 15, 17, 18]]
[[2,8,5,24,12,65],[0, 1, 4, 8, 9, 10, 14, 15]]
[[2,8,5,24,7,41],[0, 3, 4, 8, 9, 10, 11, 13, 14, 15]]
[[2,8,5,24,12,29],[0, 1, 2, 3, 4, 5, 6, 8, 9, 12, 14, 15]]
[[2,8,5,24,47,101],[0, 1, 4, 5, 6, 7, 9, 11, 12, 13, 14, 15]]
[[2,8,5,24,12,29],[0, 1, 4, 7, 9, 10, 11, 12, 14, 15]]
[[2,8,5,24,47,101],[0, 1, 2, 3, 4, 7, 9, 10, 12, 13, 14, 15, 16, 17]]
[[2,8,5,24,7,41],[0, 3, 4, 5, 9, 11, 12, 13, 14, 15, 16, 17]]
[[2,8,5,24,12,65],[0, 1, 2, 3, 4, 5, 6, 7, 9, 11, 12, 13, 14, 15, 16, 17]]
[[2,8,5,24,32,125],[0, 2, 4, 5, 6, 9, 14, 15, 17]]
[[2,8,5,24,32,125],[0, 2, 4, 5, 6, 7, 8, 9, 14, 15, 17]]
[[2,8,5,24,32,53],[0, 1, 4, 7, 8, 9, 10, 13, 14, 15, 17]]
[[2,8,5,24,32,53],[0, 1, 2, 3, 4, 7, 8, 9, 10, 13, 14, 15, 17]]
[[2,8,5,24,32,125],[0, 1, 4, 6, 7, 9, 10, 12, 14, 15, 17]]
[[2,8,5,24,32,125],[0, 1, 2, 3, 4, 6, 8, 9, 10, 12, 14, 15, 17]]
[[2,8,5,24,32,53],[0, 1, 4, 5, 8, 9, 12, 13, 14, 15, 17]]
[[2,8,5,24,32,53],[0, 1, 2, 3, 4, 5, 8, 9, 12, 13, 14, 15, 17]]
[[2,8,5,20,17,77],[0, 1, 2, 3, 4, 5, 6, 8, 9, 11, 12, 13, 14, 15]]
[[2,8,5,20,17,77],[0, 1, 4, 7, 9, 10, 14, 15, 16, 17]]
[[2,8,5,20,27,65],[0, 2, 4, 5, 6, 9, 11, 13, 14, 15, 17]]
[[2,8,5,20,27,65],[0, 3, 4, 6, 8, 9, 10, 11, 14, 15, 17]]
[[2,8,5,20,27,65],[0, 3, 4, 6, 7, 9, 10, 11, 12, 13, 14, 15, 17]]
[[2,8,5,20,27,65],[0, 2, 4, 5, 6, 7, 8, 9, 11, 12, 14, 15, 17]]
[[2,8,5,28,22,65],[0, 3, 4, 5, 6, 7, 9, 13, 14, 15, 16]]
[[2,8,5,28,22,65],[0, 2, 4, 7, 9, 10, 11, 13, 14, 15, 16]]
[[2,8,5,28,37,47],[0, 3, 4, 5, 6, 7, 12, 15, 18]]
[[2,8,5,28,12,35],[0, 3, 4, 5, 7, 12, 13, 15, 18]]
[[2,8,5,28,37,47],[0, 1, 4, 6, 7, 8, 10, 12, 13, 15, 18]]
[[2,8,5,28,12,35],[0, 3, 4, 7, 8, 10, 12, 15, 18]]
[[2,8,5,28,37,47],[0, 1, 2, 3, 4, 6, 9, 10, 12, 13, 14, 15, 18]]
[[2,8,5,28,37,47],[0, 3, 4, 5, 6, 8, 9, 12, 14, 15, 18]]
[[2,8,5,28,22,65],[0, 3, 4, 5, 6, 8, 13, 15, 16, 17, 18]]
[[2,8,5,28,22,65],[0, 2, 4, 7, 10, 11, 12, 15, 16, 17, 18]]
[[2,8,5,28,12,41],[0, 3, 4, 5, 6, 9, 14, 15, 17]]
[[2,8,5,28,12,41],[0, 3, 4, 5, 6, 7, 8, 9, 14, 15, 17]]
[[2,8,5,28,12,41],[0, 1, 2, 3, 4, 6, 7, 9, 10, 12, 14, 15, 17]]
[[2,8,5,28,12,41],[0, 1, 4, 6, 8, 9, 10, 12, 14, 15, 17]]
[[2,8,5,40,37,59],[0, 1, 2, 3, 4, 6, 7, 9, 10, 13, 14, 15, 16]]
[[2,8,5,40,37,59],[0, 1, 4, 5, 7, 9, 11, 13, 14, 15, 16]]
[[2,8,5,40,37,47],[0, 3, 4, 5, 6, 9, 11, 13, 14, 15, 18]]
[[2,8,5,40,37,47],[0, 3, 4, 6, 8, 9, 10, 11, 14, 15, 18]]
[[2,8,5,40,37,47],[0, 3, 4, 6, 7, 9, 10, 11, 12, 13, 14, 15, 18]]
[[2,8,5,40,37,47],[0, 3, 4, 5, 6, 7, 8, 9, 11, 12, 14, 15, 18]]
[[2,8,5,40,37,59],[0, 1, 4, 6, 8, 9, 10, 13, 14, 15, 16, 17, 18]]
[[2,8,5,40,37,59],[0, 1, 2, 3, 4, 5, 7, 9, 11, 12, 14, 15, 16, 17, 18]]
[[2,8,5,32,37,53],[0, 1, 2, 3, 4, 5, 8, 9, 14, 15, 16]]
[[2,8,5,32,37,53],[0, 2, 4, 6, 8, 9, 10, 11, 14, 15, 16]]
[[2,8,5,32,27,41],[0, 1, 4, 5, 6, 9, 12, 13, 14, 15, 16]]
[[2,8,5,32,27,41],[0, 1, 2, 3, 4, 9, 10, 11, 12, 13, 14, 15, 16]]
[[2,8,5,32,22,47],[0, 1, 4, 6, 7, 9, 10, 11, 14, 15, 18]]
[[2,8,5,32,22,47],[0, 1, 2, 3, 4, 5, 6, 7, 8, 9, 11, 13, 14, 15, 18]]
[[2,8,5,32,22,47],[0, 1, 4, 5, 6, 9, 11, 12, 14, 15, 18]]
[[2,8,5,32,22,47],[0, 1, 2, 3, 4, 6, 8, 9, 10, 11, 12, 13, 14, 15, 18]]
[[2,8,5,32,37,53],[0, 1, 4, 5, 8, 9, 14, 15, 16, 17, 18]]
[[2,8,5,32,27,41],[0, 1, 4, 9, 10, 11, 14, 15, 16, 17, 18]]
[[2,8,5,32,27,41],[0, 1, 2, 3, 4, 5, 6, 7, 8, 9, 12, 13, 14, 15, 16, 17, 18]]
[[2,8,5,32,37,53],[0, 2, 4, 6, 7, 9, 10, 11, 12, 13, 14, 15, 16, 17, 18]]
[[2,8,5,32,27,65],[0, 3, 4, 5, 8, 9, 11, 13, 14, 15, 17]]
[[2,8,5,32,27,65],[0, 1, 4, 7, 8, 9, 10, 11, 14, 15, 17]]
[[2,8,5,32,27,65],[0, 3, 4, 5, 8, 9, 11, 12, 14, 15, 17]]
[[2,8,5,32,27,65],[0, 1, 2, 3, 4, 7, 8, 9, 10, 11, 12, 13, 14, 15, 17]]
[[2,8,5,36,32,35],[0, 3, 4, 7, 9, 10, 12, 13, 14, 15, 16]]
[[2,8,5,36,32,35],[0, 1, 4, 5, 6, 7, 9, 11, 12, 13, 14, 15, 16]]
[[2,8,5,36,32,35],[0, 1, 2, 3, 4, 5, 6, 8, 11, 15, 16, 17, 18]]
[[2,8,5,36,32,35],[0, 3, 4, 7, 10, 12, 13, 15, 16, 17, 18]]
[[2,8,20,28,37,74],[0, 2, 4, 5, 6, 15, 16, 18]]
[[2,8,20,28,27,74],[0, 1, 4, 5, 6, 8, 9, 13, 14, 15, 16, 18]]
[[2,8,20,28,52,50],[0, 1, 4, 5, 6, 8, 9, 13, 14, 15, 17, 18]]
[[2,8,20,28,37,74],[0, 2, 4, 6, 8, 9, 10, 12, 14, 15, 17, 18]]
[[2,8,20,28,52,50],[0, 1, 2, 3, 4, 8, 9, 10, 11, 12, 14, 15, 17, 18]]
[[2,8,20,28,27,74],[0, 1, 2, 3, 4, 8, 9, 10, 11, 12, 14, 15, 16, 17]]
[[2,8,20,24,42,62],[0, 1, 2, 3, 4, 6, 9, 10, 14, 15, 16, 18]]
[[2,8,20,24,42,62],[0, 1, 4, 5, 7, 8, 9, 11, 14, 15, 16, 18]]
[[2,8,20,24,27,62],[0, 1, 2, 3, 4, 6, 9, 10, 12, 13, 14, 15, 16, 18]]
[[2,8,20,24,27,62],[0, 1, 4, 5, 7, 8, 9, 11, 12, 13, 14, 15, 16, 17]]
[[2,8,20,20,37,62],[0, 3, 4, 5, 7, 11, 13, 15, 17, 18]]
[[2,8,20,20,37,62],[0, 3, 4, 7, 8, 9, 10, 11, 12, 13, 14, 15, 16, 17]]
[[2,8,20,32,22,80],[0, 2, 4, 5, 8, 9, 14, 15, 16]]
[[2,8,20,32,22,80],[0, 1, 2, 3, 4, 6, 8, 9, 10, 11, 14, 15, 16]]
[[2,8,20,32,22,80],[0, 2, 4, 5, 8, 9, 14, 15, 16, 17, 18]]
[[2,8,20,32,22,80],[0, 1, 4, 6, 7, 9, 10, 11, 12, 13, 14, 15, 16, 17, 18]]
[[2,8,20,36,22,92],[0, 2, 4, 7, 9, 10, 12, 13, 15, 16, 18]]
[[2,8,20,36,22,92],[0, 2, 4, 7, 9, 10, 11, 13, 15, 17, 18]]
[[2,8,20,36,22,92],[0, 2, 4, 5, 13, 14, 15, 16, 17]]
[[2,8,20,36,22,92],[0, 2, 4, 5, 11, 12, 13, 14, 15, 16, 17]]
[[2,8,23,32,17,71],[0, 3, 4, 5, 6, 7, 9, 13, 14, 15, 16, 18]]
[[2,8,23,32,17,71],[0, 3, 4, 6, 9, 10, 14, 15, 17, 18]]
[[2,8,23,36,22,71],[0, 3, 4, 8, 9, 10, 14, 15, 16, 18]]
[[2,8,23,36,22,71],[0, 3, 4, 5, 9, 13, 14, 15, 16, 17]]
[[2,8,23,24,22,53],[0, 2, 4, 7, 9, 10, 11, 12, 14, 15, 16, 18]]
[[2,8,23,24,22,53],[0, 2, 4, 5, 9, 11, 12, 13, 14, 15, 17, 18]]
[[2,8,23,28,17,59],[0, 2, 4, 5, 7, 14, 15, 16, 18]]
[[2,8,23,28,17,59],[0, 2, 4, 9, 10, 12, 15, 16, 18]]
[[2,8,23,28,17,59],[0, 2, 4, 7, 10, 14, 15, 17, 18]]
[[2,8,23,28,17,59],[0, 2, 4, 5, 9, 12, 15, 17, 18]]
[[2,2,20,22,37,92],[0, 1, 2, 3, 4, 6, 7, 10, 13, 14, 15, 16, 18]]
[[2,2,20,22,37,116],[0, 1, 4, 6, 8, 10, 13, 14, 15, 16, 18]]
[[2,2,20,22,37,116],[0, 1, 4, 5, 8, 9, 11, 13, 15, 16, 18]]
[[2,2,20,22,47,86],[0, 1, 4, 6, 7, 8, 9, 10, 12, 13, 15, 16, 18]]
[[2,2,20,22,37,92],[0, 1, 2, 3, 4, 5, 8, 9, 11, 12, 15, 16, 18]]
[[2,2,20,22,47,86],[0, 1, 4, 5, 7, 8, 11, 12, 13, 14, 15, 16, 18]]
[[2,2,20,22,47,86],[0, 1, 4, 5, 6, 8, 13, 14, 15, 17, 18]]
[[2,2,20,22,47,86],[0, 1, 4, 8, 9, 10, 11, 13, 15, 17, 18]]
[[2,2,20,22,37,116],[0, 1, 4, 5, 6, 7, 8, 9, 12, 13, 15, 17, 18]]
[[2,2,20,22,37,92],[0, 3, 4, 5, 6, 7, 8, 9, 11, 12, 15, 17, 18]]
[[2,2,20,22,37,92],[0, 3, 4, 6, 7, 10, 11, 12, 13, 14, 15, 17, 18]]
[[2,2,20,22,37,116],[0, 1, 4, 7, 8, 10, 11, 12, 13, 14, 15, 17, 18]]
[[2,2,20,10,27,92],[0, 1, 2, 3, 4, 6, 7, 8, 10, 11, 12, 15, 16, 18]]
[[2,2,20,10,27,92],[0, 1, 4, 5, 13, 15, 17, 18]]
[[2,2,20,10,17,62],[0, 1, 4, 10, 13, 14, 15]]
[[2,2,20,10,17,86],[0, 1, 4, 7, 10, 11, 13, 14, 15]]
[[2,2,20,10,17,86],[0, 1, 4, 5, 7, 12, 13, 14, 15]]
[[2,2,20,10,17,62],[0, 1, 4, 10, 11, 12, 13, 14, 15]]
[[2,2,20,10,12,86],[0, 1, 4, 5, 6, 14, 15, 16, 18]]
[[2,2,20,10,17,62],[0, 1, 4, 5, 6, 9, 11, 13, 15, 16, 18]]
[[2,2,20,10,12,86],[0, 1, 4, 9, 10, 11, 15, 16, 18]]
[[2,2,20,10,17,68],[0, 1, 4, 6, 7, 8, 9, 10, 11, 13, 15, 16, 18]]
[[2,2,20,10,17,74],[0, 3, 4, 5, 6, 7, 9, 11, 12, 13, 15, 16, 18]]
[[2,2,20,10,17,86],[0, 1, 4, 6, 7, 9, 10, 11, 12, 13, 15, 16, 18]]
[[2,2,20,10,17,68],[0, 1, 4, 5, 6, 8, 11, 12, 13, 14, 15, 16, 18]]
[[2,2,20,10,17,74],[0, 3, 4, 6, 7, 8, 10, 11, 12, 14, 15, 16, 18]]
[[2,2,20,10,17,86],[0, 1, 4, 5, 6, 7, 9, 13, 15, 17, 18]]
[[2,2,20,10,17,74],[0, 1, 2, 3, 4, 6, 7, 9, 10, 13, 15, 17, 18]]
[[2,2,20,10,12,86],[0, 1, 4, 6, 10, 14, 15, 17, 18]]
[[2,2,20,10,17,68],[0, 1, 4, 5, 7, 8, 13, 14, 15, 17, 18]]
[[2,2,20,10,12,86],[0, 1, 4, 5, 9, 11, 15, 17, 18]]
[[2,2,20,10,17,62],[0, 1, 4, 5, 6, 9, 12, 13, 15, 17, 18]]
[[2,2,20,10,17,68],[0, 1, 4, 8, 9, 10, 12, 13, 15, 17, 18]]
[[2,2,20,10,17,74],[0, 1, 2, 3, 4, 5, 8, 11, 12, 14, 15, 17, 18]]
[[2,2,20,14,22,86],[0, 1, 2, 3, 4, 5, 6, 14, 15]]
[[2,2,20,14,22,86],[0, 3, 4, 6, 10, 14, 15]]
[[2,2,20,14,27,98],[0, 1, 4, 5, 6, 7, 13, 14, 15]]
[[2,2,20,14,27,110],[0, 1, 2, 3, 4, 6, 8, 10, 13, 14, 15]]
[[2,2,20,14,22,110],[0, 3, 4, 6, 7, 10, 11, 14, 15]]
[[2,2,20,14,22,110],[0, 1, 2, 3, 4, 6, 7, 10, 11, 14, 15]]
[[2,2,20,14,32,74],[0, 1, 4, 5, 6, 8, 11, 14, 15]]
[[2,2,20,14,32,74],[0, 1, 4, 5, 7, 8, 11, 14, 15]]
[[2,2,20,14,22,98],[0, 3, 4, 10, 12, 14, 15]]
[[2,2,20,14,22,98],[0, 1, 2, 3, 4, 10, 12, 14, 15]]
[[2,2,20,14,27,98],[0, 1, 4, 5, 6, 7, 11, 12, 13, 14, 15]]
[[2,2,20,14,27,110],[0, 3, 4, 7, 8, 10, 11, 12, 13, 14, 15]]
[[2,2,20,14,27,104],[0, 1, 4, 7, 9, 10, 15, 16, 18]]
[[2,2,20,14,22,86],[0, 3, 4, 5, 6, 8, 9, 13, 15, 16, 18]]
[[2,2,20,14,32,74],[0, 1, 4, 8, 9, 10, 15, 16, 18]]
[[2,2,20,14,22,80],[0, 1, 2, 3, 4, 5, 13, 14, 15, 16, 18]]
[[2,2,20,14,32,86],[0, 3, 4, 5, 6, 8, 9, 11, 15, 16, 18]]
[[2,2,20,14,22,98],[0, 1, 2, 3, 4, 5, 6, 7, 8, 9, 11, 13, 15, 16, 18]]
[[2,2,20,14,32,86],[0, 3, 4, 6, 10, 11, 13, 14, 15, 16, 18]]
[[2,2,20,14,27,104],[0, 1, 4, 5, 6, 7, 11, 14, 15, 16, 18]]
[[2,2,20,14,32,104],[0, 1, 4, 5, 6, 7, 8, 11, 13, 14, 15, 16, 18]]
[[2,2,20,14,32,80],[0, 3, 4, 5, 7, 9, 12, 13, 15, 16, 18]]
[[2,2,20,14,27,98],[0, 1, 4, 7, 9, 10, 12, 13, 15, 16, 18]]
[[2,2,20,14,22,110],[0, 1, 2, 3, 4, 5, 8, 9, 12, 13, 15, 16, 18]]
[[2,2,20,14,32,80],[0, 3, 4, 7, 8, 10, 12, 14, 15, 16, 18]]
[[2,2,20,14,27,110],[0, 3, 4, 5, 7, 9, 11, 12, 15, 16, 18]]
[[2,2,20,14,32,104],[0, 1, 4, 5, 6, 8, 9, 11, 12, 13, 15, 16, 18]]
[[2,2,20,14,22,80],[0, 3, 4, 8, 9, 10, 11, 12, 15, 16, 18]]
[[2,2,20,14,27,104],[0, 1, 4, 7, 9, 10, 15, 17, 18]]
[[2,2,20,14,32,74],[0, 1, 4, 6, 7, 8, 9, 10, 15, 17, 18]]
[[2,2,20,14,32,104],[0, 1, 4, 7, 8, 9, 10, 13, 15, 17, 18]]
[[2,2,20,14,32,80],[0, 1, 2, 3, 4, 5, 7, 9, 11, 13, 15, 17, 18]]
[[2,2,20,14,27,98],[0, 1, 4, 7, 9, 10, 11, 13, 15, 17, 18]]
[[2,2,20,14,22,110],[0, 3, 4, 5, 6, 7, 8, 9, 11, 13, 15, 17, 18]]
[[2,2,20,14,32,86],[0, 1, 2, 3, 4, 7, 8, 9, 10, 11, 15, 17, 18]]
[[2,2,20,14,27,104],[0, 1, 4, 5, 6, 7, 11, 14, 15, 17, 18]]
[[2,2,20,14,22,98],[0, 3, 4, 5, 8, 9, 12, 13, 15, 17, 18]]
[[2,2,20,14,32,86],[0, 1, 2, 3, 4, 5, 6, 12, 13, 14, 15, 17, 18]]
[[2,2,20,14,32,80],[0, 1, 2, 3, 4, 6, 8, 10, 12, 14, 15, 17, 18]]
[[2,2,20,14,32,104],[0, 1, 4, 8, 10, 12, 13, 14, 15, 17, 18]]
[[2,2,20,14,27,110],[0, 1, 2, 3, 4, 5, 7, 9, 11, 12, 15, 17, 18]]
[[2,2,20,14,22,80],[0, 1, 2, 3, 4, 6, 7, 8, 9, 10, 11, 12, 15, 17, 18]]
[[2,2,20,14,22,86],[0, 1, 2, 3, 4, 7, 8, 9, 10, 11, 12, 13, 15, 17, 18]]
[[2,2,20,14,22,80],[0, 3, 4, 5, 11, 12, 13, 14, 15, 17, 18]]
[[2,2,20,18,32,80],[0, 1, 2, 3, 4, 5, 6, 11, 12, 14, 15]]
[[2,2,20,18,32,80],[0, 3, 4, 6, 10, 11, 12, 14, 15]]
[[2,2,20,18,32,104],[0, 3, 4, 9, 10, 13, 15, 16, 18]]
[[2,2,20,18,32,80],[0, 1, 2, 3, 4, 7, 8, 9, 10, 13, 15, 16, 18]]
[[2,2,20,18,32,104],[0, 3, 4, 5, 8, 14, 15, 16, 18]]
[[2,2,20,18,42,92],[0, 1, 4, 5, 6, 7, 9, 12, 15, 16, 18]]
[[2,2,20,18,37,86],[0, 1, 4, 5, 6, 7, 8, 9, 12, 13, 15, 16, 18]]
[[2,2,20,18,32,86],[0, 3, 4, 6, 7, 8, 9, 10, 11, 12, 15, 16, 18]]
[[2,2,20,18,32,86],[0, 3, 4, 5, 6, 7, 11, 12, 13, 14, 15, 16, 18]]
[[2,2,20,18,42,92],[0, 1, 4, 7, 10, 11, 12, 14, 15, 16, 18]]
[[2,2,20,18,37,86],[0, 1, 4, 7, 8, 10, 11, 12, 13, 14, 15, 16, 18]]
[[2,2,20,18,32,86],[0, 1, 2, 3, 4, 5, 6, 7, 13, 14, 15, 17, 18]]
[[2,2,20,18,37,86],[0, 1, 4, 6, 8, 10, 13, 14, 15, 17, 18]]
[[2,2,20,18,32,104],[0, 1, 2, 3, 4, 6, 7, 8, 10, 14, 15, 17, 18]]
[[2,2,20,18,37,86],[0, 1, 4, 5, 8, 9, 11, 13, 15, 17, 18]]
[[2,2,20,18,42,92],[0, 1, 4, 6, 7, 9, 10, 12, 15, 17, 18]]
[[2,2,20,18,32,104],[0, 1, 2, 3, 4, 5, 9, 11, 12, 13, 15, 17, 18]]
[[2,2,20,18,32,80],[0, 3, 4, 5, 6, 8, 9, 11, 12, 13, 15, 17, 18]]
[[2,2,20,18,32,86],[0, 1, 2, 3, 4, 8, 9, 10, 11, 12, 15, 17, 18]]
[[2,2,20,18,42,92],[0, 1, 4, 5, 7, 11, 12, 14, 15, 17, 18]]
[[2,2,14,22,37,110],[0, 1, 4, 6, 10, 11, 13, 14, 15]]
[[2,2,14,22,37,110],[0, 1, 4, 5, 6, 12, 13, 14, 15]]
[[2,2,14,22,37,110],[0, 1, 4, 5, 9, 13, 15, 16, 18]]
[[2,2,14,22,32,80],[0, 3, 4, 6, 9, 10, 11, 13, 15, 16, 18]]
[[2,2,14,22,47,68],[0, 1, 2, 3, 4, 5, 7, 8, 9, 11, 15, 16, 18]]
[[2,2,14,22,32,80],[0, 3, 4, 5, 6, 8, 11, 14, 15, 16, 18]]
[[2,2,14,22,27,92],[0, 3, 4, 5, 7, 8, 11, 14, 15, 16, 18]]
[[2,2,14,22,27,92],[0, 1, 2, 3, 4, 7, 9, 10, 12, 13, 15, 16, 18]]
[[2,2,14,22,47,68],[0, 1, 2, 3, 4, 6, 10, 12, 13, 14, 15, 16, 18]]
[[2,2,14,22,42,92],[0, 1, 4, 5, 12, 14, 15, 16, 18]]
[[2,2,14,22,42,92],[0, 1, 4, 6, 9, 10, 11, 12, 15, 16, 18]]
[[2,2,14,22,27,92],[0, 3, 4, 7, 9, 10, 11, 13, 15, 17, 18]]
[[2,2,14,22,47,68],[0, 3, 4, 6, 8, 9, 10, 11, 15, 17, 18]]
[[2,2,14,22,47,68],[0, 3, 4, 5, 6, 11, 13, 14, 15, 17, 18]]
[[2,2,14,22,27,92],[0, 1, 2, 3, 4, 5, 6, 8, 11, 14, 15, 17, 18]]
[[2,2,14,22,32,80],[0, 1, 2, 3, 4, 5, 7, 8, 11, 14, 15, 17, 18]]
[[2,2,14,22,32,80],[0, 1, 2, 3, 4, 6, 9, 10, 12, 13, 15, 17, 18]]
[[2,2,14,22,42,92],[0, 1, 4, 5, 12, 14, 15, 17, 18]]
[[2,2,14,22,42,92],[0, 1, 4, 6, 9, 10, 11, 12, 15, 17, 18]]
[[2,2,14,22,37,110],[0, 1, 4, 9, 10, 11, 12, 13, 15, 17, 18]]
[[2,2,14,26,52,86],[0, 1, 2, 3, 4, 7, 10, 12, 13, 15, 16, 18]]
[[2,2,14,26,52,86],[0, 1, 4, 5, 6, 7, 11, 12, 13, 15, 17, 18]]
[[2,2,14,26,32,104],[0, 3, 4, 6, 7, 8, 10, 11, 13, 14, 15]]
[[2,2,14,26,32,104],[0, 1, 2, 3, 4, 5, 8, 12, 13, 14, 15]]
[[2,2,14,26,32,104],[0, 1, 2, 3, 4, 6, 7, 9, 10, 11, 15, 16, 18]]
[[2,2,14,26,32,104],[0, 3, 4, 5, 6, 7, 9, 11, 15, 17, 18]]
[[2,2,14,18,32,110],[0, 1, 4, 5, 12, 15, 16, 18]]
[[2,2,14,18,32,110],[0, 1, 2, 3, 4, 6, 7, 8, 10, 11, 13, 15, 17, 18]]
[[2,2,14,18,32,86],[0, 1, 4, 5, 6, 8, 13, 14, 15, 16, 18]]
[[2,2,14,18,37,80],[0, 1, 4, 7, 8, 10, 13, 14, 15, 16, 18]]
[[2,2,14,18,32,86],[0, 1, 4, 8, 9, 10, 11, 13, 15, 16, 18]]
[[2,2,14,18,37,80],[0, 1, 4, 5, 8, 9, 12, 13, 15, 16, 18]]
[[2,2,14,18,37,80],[0, 1, 4, 5, 6, 7, 8, 9, 11, 13, 15, 17, 18]]
[[2,2,14,18,32,86],[0, 1, 4, 6, 7, 8, 9, 10, 12, 13, 15, 17, 18]]
[[2,2,14,18,37,80],[0, 1, 4, 6, 8, 10, 11, 12, 13, 14, 15, 17, 18]]
[[2,2,14,18,32,86],[0, 1, 4, 5, 7, 8, 11, 12, 13, 14, 15, 17, 18]]
[[2,2,14,14,22,68],[0, 3, 4, 6, 7, 8, 10, 15, 16, 18]]
[[2,2,14,14,32,62],[0, 1, 4, 5, 7, 8, 13, 15, 16, 18]]
[[2,2,14,14,22,68],[0, 1, 2, 3, 4, 6, 10, 11, 13, 15, 16, 18]]
[[2,2,14,14,22,68],[0, 3, 4, 8, 10, 11, 12, 15, 16, 18]]
[[2,2,14,14,22,68],[0, 3, 4, 5, 6, 8, 13, 15, 17, 18]]
[[2,2,14,14,22,68],[0, 3, 4, 5, 11, 15, 17, 18]]
[[2,2,14,14,22,68],[0, 1, 4, 5, 7, 8, 12, 15, 17, 18]]
[[2,2,14,14,32,62],[0, 1, 2, 3, 4, 6, 10, 11, 12, 15, 17, 18]]
[[2,2,14,14,32,98],[0, 3, 4, 5, 6, 14, 15]]
[[2,2,14,14,32,98],[0, 1, 2, 3, 4, 6, 10, 14, 15]]
[[2,2,14,14,27,74],[0, 3, 4, 6, 8, 10, 13, 14, 15]]
[[2,2,14,14,27,74],[0, 1, 2, 3, 4, 7, 8, 10, 11, 12, 13, 14, 15]]
[[2,2,14,14,27,74],[0, 3, 4, 5, 6, 9, 15, 16, 18]]
[[2,2,14,14,32,98],[0, 3, 4, 6, 8, 9, 10, 13, 15, 16, 18]]
[[2,2,14,14,27,74],[0, 1, 4, 5, 7, 14, 15, 16, 18]]
[[2,2,14,14,27,74],[0, 1, 4, 5, 6, 7, 9, 11, 15, 16, 18]]
[[2,2,14,14,17,86],[0, 3, 4, 5, 7, 9, 11, 13, 15, 16, 18]]
[[2,2,14,14,17,86],[0, 1, 2, 3, 4, 6, 8, 10, 11, 14, 15, 16, 18]]
[[2,2,14,14,22,86],[0, 1, 4, 6, 7, 8, 10, 11, 13, 14, 15, 16, 18]]
[[2,2,14,14,22,86],[0, 1, 4, 6, 8, 9, 10, 11, 12, 13, 15, 16, 18]]
[[2,2,14,14,27,74],[0, 1, 2, 3, 4, 5, 6, 9, 15, 17, 18]]
[[2,2,14,14,22,86],[0, 1, 4, 5, 7, 8, 9, 13, 15, 17, 18]]
[[2,2,14,14,27,74],[0, 1, 4, 7, 10, 14, 15, 17, 18]]
[[2,2,14,14,27,74],[0, 1, 4, 6, 7, 9, 10, 11, 15, 17, 18]]
[[2,2,14,14,17,86],[0, 3, 4, 7, 8, 10, 11, 14, 15, 17, 18]]
[[2,2,14,14,17,86],[0, 1, 2, 3, 4, 5, 7, 9, 12, 13, 15, 17, 18]]
[[2,2,14,14,22,86],[0, 1, 4, 5, 8, 12, 13, 14, 15, 17, 18]]
[[2,2,14,14,32,98],[0, 1, 2, 3, 4, 5, 7, 8, 9, 11, 12, 13, 15, 17, 18]]
[[2,2,14,6,22,86],[0, 3, 4, 5, 6, 7, 11, 14, 15]]
[[2,2,14,6,22,86],[0, 1, 2, 3, 4, 5, 6, 7, 11, 14, 15]]
[[2,2,14,6,22,86],[0, 3, 4, 5, 12, 14, 15]]
[[2,2,14,6,22,86],[0, 1, 2, 3, 4, 5, 12, 14, 15]]
[[2,2,14,6,22,86],[0, 1, 2, 3, 4, 6, 7, 8, 9, 10, 11, 13, 15, 16, 18]]
[[2,2,14,6,22,86],[0, 1, 2, 3, 4, 8, 9, 10, 12, 13, 15, 16, 18]]
[[2,2,14,6,22,86],[0, 3, 4, 6, 7, 8, 9, 10, 11, 13, 15, 17, 18]]
[[2,2,14,6,22,86],[0, 3, 4, 8, 9, 10, 12, 13, 15, 17, 18]]
[[2,2,14,10,17,80],[0, 1, 2, 3, 4, 6, 7, 8, 10, 11, 13, 14, 15]]
[[2,2,14,10,17,80],[0, 3, 4, 5, 8, 12, 13, 14, 15]]
[[2,2,14,10,27,86],[0, 1, 2, 3, 4, 8, 9, 10, 15, 16, 18]]
[[2,2,14,10,27,86],[0, 3, 4, 5, 6, 7, 13, 14, 15, 16, 18]]
[[2,2,14,10,27,104],[0, 1, 2, 3, 4, 5, 6, 9, 11, 13, 15, 16, 18]]
[[2,2,14,10,27,80],[0, 1, 2, 3, 4, 5, 6, 11, 13, 14, 15, 16, 18]]
[[2,2,14,10,17,80],[0, 1, 2, 3, 4, 5, 9, 12, 15, 16, 18]]
[[2,2,14,10,27,80],[0, 3, 4, 5, 6, 8, 9, 12, 15, 16, 18]]
[[2,2,14,10,27,104],[0, 3, 4, 6, 8, 10, 12, 14, 15, 16, 18]]
[[2,2,14,10,27,86],[0, 3, 4, 6, 7, 8, 9, 10, 15, 17, 18]]
[[2,2,14,10,27,104],[0, 3, 4, 5, 6, 9, 12, 13, 15, 17, 18]]
[[2,2,14,10,17,80],[0, 3, 4, 9, 10, 12, 15, 17, 18]]
[[2,2,14,10,27,80],[0, 1, 2, 3, 4, 7, 8, 9, 10, 12, 15, 17, 18]]
[[2,2,14,10,27,80],[0, 3, 4, 6, 10, 12, 13, 14, 15, 17, 18]]
[[2,2,14,10,27,104],[0, 1, 2, 3, 4, 7, 8, 10, 12, 14, 15, 17, 18]]
[[2,2,14,10,27,86],[0, 1, 2, 3, 4, 5, 6, 7, 11, 12, 13, 14, 15, 17, 18]]
[[2,2,11,10,22,77],[0, 1, 4, 6, 10, 15, 17, 18]]
[[2,2,11,10,32,89],[0, 1, 4, 5, 6, 8, 13, 15, 17, 18]]
[[2,2,11,10,22,77],[0, 1, 2, 3, 4, 5, 11, 12, 13, 15, 17, 18]]
[[2,2,11,10,32,89],[0, 1, 2, 3, 4, 8, 10, 11, 12, 15, 17, 18]]
[[2,2,11,10,12,95],[0, 3, 4, 5, 7, 14, 15]]
[[2,2,11,10,12,95],[0, 1, 2, 3, 4, 7, 10, 14, 15]]
[[2,2,11,10,12,101],[0, 1, 2, 3, 4, 5, 6, 8, 13, 14, 15]]
[[2,2,11,10,12,101],[0, 3, 4, 5, 7, 8, 11, 12, 13, 14, 15]]
[[2,2,11,10,12,101],[0, 3, 4, 7, 9, 10, 11, 12, 15, 16, 18]]
[[2,2,11,10,12,95],[0, 1, 2, 3, 4, 5, 6, 8, 9, 11, 12, 13, 15, 16, 18]]
[[2,2,11,10,12,95],[0, 3, 4, 7, 8, 9, 10, 13, 15, 17, 18]]
[[2,2,11,10,12,101],[0, 1, 2, 3, 4, 7, 9, 10, 11, 12, 15, 17, 18]]
[[2,2,11,14,37,89],[0, 1, 2, 3, 4, 6, 10, 15, 16, 18]]
[[2,2,11,14,32,83],[0, 3, 4, 5, 6, 7, 11, 15, 16, 18]]
[[2,2,11,14,37,53],[0, 1, 2, 3, 4, 5, 6, 8, 11, 15, 16, 18]]
[[2,2,11,14,37,89],[0, 1, 4, 5, 7, 8, 11, 15, 16, 18]]
[[2,2,11,14,32,83],[0, 3, 4, 6, 10, 11, 12, 15, 16, 18]]
[[2,2,11,14,37,53],[0, 1, 4, 7, 10, 12, 13, 15, 17, 18]]
[[2,2,11,14,37,59],[0, 1, 4, 5, 8, 14, 15]]
[[2,2,11,14,37,59],[0, 1, 4, 6, 7, 8, 10, 14, 15]]
[[2,2,11,14,22,107],[0, 1, 2, 3, 4, 5, 6, 7, 8, 11, 13, 14, 15]]
[[2,2,11,14,22,107],[0, 3, 4, 8, 10, 12, 13, 14, 15]]
[[2,2,11,14,37,59],[0, 1, 4, 6, 8, 9, 10, 11, 15, 16, 18]]
[[2,2,11,14,22,107],[0, 1, 2, 3, 4, 9, 10, 12, 15, 16, 18]]
[[2,2,11,14,37,59],[0, 1, 4, 5, 7, 8, 9, 11, 15, 17, 18]]
[[2,2,11,14,22,107],[0, 3, 4, 5, 9, 12, 15, 17, 18]]
[[2,2,11,18,37,83],[0, 3, 4, 6, 10, 11, 13, 15, 17, 18]]
[[2,2,11,18,37,83],[0, 3, 4, 5, 6, 7, 11, 12, 13, 15, 17, 18]]
[[2,2,11,26,42,89],[0, 3, 4, 5, 6, 8, 13, 14, 15]]
[[2,2,11,26,42,89],[0, 1, 2, 3, 4, 5, 7, 8, 11, 12, 13, 14, 15]]
[[2,2,11,26,42,89],[0, 3, 4, 6, 9, 10, 15, 16, 18]]
[[2,2,11,26,42,89],[0, 1, 2, 3, 4, 6, 9, 10, 15, 17, 18]]
[[2,2,17,22,32,113],[0, 1, 2, 3, 4, 5, 7, 8, 12, 15, 16, 18]]
[[2,2,17,22,37,101],[0, 1, 2, 3, 4, 5, 6, 7, 13, 15, 17, 18]]
[[2,2,17,22,37,101],[0, 1, 4, 8, 10, 11, 13, 15, 17, 18]]
[[2,2,17,22,32,113],[0, 1, 4, 6, 7, 8, 10, 11, 12, 15, 17, 18]]
[[2,2,17,22,32,95],[0, 1, 2, 3, 4, 7, 9, 10, 11, 13, 15, 16, 18]]
[[2,2,17,22,47,83],[0, 3, 4, 7, 8, 9, 10, 11, 15, 16, 18]]
[[2,2,17,22,47,89],[0, 3, 4, 7, 8, 9, 10, 12, 15, 16, 18]]
[[2,2,17,22,47,89],[0, 3, 4, 5, 7, 12, 13, 14, 15, 16, 18]]
[[2,2,17,22,47,83],[0, 1, 2, 3, 4, 7, 10, 12, 13, 14, 15, 16, 18]]
[[2,2,17,22,32,95],[0, 1, 2, 3, 4, 5, 6, 8, 12, 14, 15, 16, 18]]
[[2,2,17,22,42,95],[0, 1, 2, 3, 4, 5, 6, 7, 8, 9, 11, 12, 15, 16, 18]]
[[2,2,17,22,42,95],[0, 3, 4, 10, 11, 12, 13, 14, 15, 16, 18]]
[[2,2,17,22,42,95],[0, 1, 2, 3, 4, 10, 13, 14, 15, 17, 18]]
[[2,2,17,22,47,83],[0, 1, 2, 3, 4, 5, 6, 8, 9, 11, 15, 17, 18]]
[[2,2,17,22,47,83],[0, 3, 4, 5, 7, 11, 13, 14, 15, 17, 18]]
[[2,2,17,22,47,89],[0, 1, 2, 3, 4, 7, 10, 11, 13, 14, 15, 17, 18]]
[[2,2,17,22,32,95],[0, 3, 4, 7, 9, 10, 12, 13, 15, 17, 18]]
[[2,2,17,22,47,89],[0, 1, 2, 3, 4, 5, 6, 8, 9, 12, 15, 17, 18]]
[[2,2,17,22,32,95],[0, 3, 4, 5, 7, 8, 12, 14, 15, 17, 18]]
[[2,2,17,22,42,95],[0, 3, 4, 5, 8, 9, 11, 12, 15, 17, 18]]
[[2,2,17,6,17,83],[0, 3, 4, 5, 6, 7, 13, 15, 16, 18]]
[[2,2,17,6,17,83],[0, 3, 4, 6, 10, 15, 17, 18]]
[[2,2,17,6,17,65],[0, 1, 4, 6, 10, 14, 15, 16, 18]]
[[2,2,17,6,17,65],[0, 1, 4, 5, 9, 11, 15, 16, 18]]
[[2,2,17,6,17,65],[0, 1, 4, 5, 6, 14, 15, 17, 18]]
[[2,2,17,6,17,65],[0, 1, 4, 9, 10, 11, 15, 17, 18]]
[[2,2,17,10,17,95],[0, 1, 4, 7, 10, 15, 16, 18]]
[[2,2,17,10,22,65],[0, 3, 4, 6, 7, 8, 10, 11, 13, 15, 16, 18]]
[[2,2,17,10,17,77],[0, 3, 4, 5, 11, 12, 13, 15, 16, 18]]
[[2,2,17,10,22,65],[0, 3, 4, 5, 6, 8, 11, 12, 13, 15, 16, 18]]
[[2,2,17,10,22,83],[0, 1, 2, 3, 4, 6, 7, 8, 10, 15, 17, 18]]
[[2,2,17,10,22,83],[0, 1, 4, 5, 11, 15, 17, 18]]
[[2,2,17,10,17,77],[0, 3, 4, 8, 10, 11, 13, 15, 17, 18]]
[[2,2,17,10,17,95],[0, 1, 2, 3, 4, 5, 6, 8, 11, 12, 13, 15, 17, 18]]
[[2,2,17,10,17,89],[0, 1, 4, 6, 8, 10, 12, 14, 15]]
[[2,2,17,10,17,89],[0, 1, 4, 7, 8, 10, 12, 14, 15]]
[[2,2,17,10,22,83],[0, 3, 4, 5, 7, 11, 12, 14, 15]]
[[2,2,17,10,22,83],[0, 1, 2, 3, 4, 7, 10, 11, 12, 14, 15]]
[[2,2,17,10,22,101],[0, 3, 4, 5, 8, 9, 15, 16, 18]]
[[2,2,17,10,22,101],[0, 3, 4, 10, 13, 14, 15, 16, 18]]
[[2,2,17,10,17,89],[0, 1, 4, 5, 6, 7, 8, 9, 11, 12, 15, 16, 18]]
[[2,2,17,10,22,83],[0, 3, 4, 7, 8, 9, 10, 11, 12, 13, 15, 16, 18]]
[[2,2,17,10,22,83],[0, 1, 2, 3, 4, 5, 6, 8, 9, 13, 15, 17, 18]]
[[2,2,17,10,22,101],[0, 1, 2, 3, 4, 5, 6, 7, 8, 9, 15, 17, 18]]
[[2,2,17,10,17,89],[0, 1, 4, 5, 8, 9, 11, 12, 15, 17, 18]]
[[2,2,17,10,22,101],[0, 1, 2, 3, 4, 10, 11, 12, 13, 14, 15, 17, 18]]
[[2,2,17,14,27,65],[0, 1, 2, 3, 4, 8, 10, 11, 13, 15, 16, 18]]
[[2,2,17,14,27,65],[0, 1, 4, 5, 6, 8, 12, 15, 16, 18]]
[[2,2,17,14,32,89],[0, 3, 4, 5, 6, 8, 11, 15, 17, 18]]
[[2,2,17,14,32,89],[0, 3, 4, 6, 7, 8, 10, 11, 12, 15, 17, 18]]
[[2,2,17,14,22,71],[0, 3, 4, 7, 8, 10, 13, 14, 15]]
[[2,2,17,14,27,95],[0, 3, 4, 5, 6, 7, 8, 11, 13, 14, 15]]
[[2,2,17,14,27,95],[0, 1, 2, 3, 4, 8, 10, 12, 13, 14, 15]]
[[2,2,17,14,22,71],[0, 1, 2, 3, 4, 6, 8, 10, 11, 12, 13, 14, 15]]
[[2,2,17,14,22,89],[0, 1, 2, 3, 4, 5, 6, 7, 9, 13, 15, 16, 18]]
[[2,2,17,14,17,89],[0, 3, 4, 6, 7, 9, 10, 13, 15, 16, 18]]
[[2,2,17,14,22,71],[0, 1, 2, 3, 4, 5, 7, 9, 15, 16, 18]]
[[2,2,17,14,32,107],[0, 1, 4, 7, 8, 9, 10, 13, 15, 16, 18]]
[[2,2,17,14,17,89],[0, 1, 2, 3, 4, 8, 10, 14, 15, 16, 18]]
[[2,2,17,14,22,59],[0, 1, 2, 3, 4, 5, 6, 7, 8, 14, 15, 16, 18]]
[[2,2,17,14,27,95],[0, 1, 2, 3, 4, 5, 6, 7, 9, 11, 15, 16, 18]]
[[2,2,17,14,32,83],[0, 1, 2, 3, 4, 5, 7, 11, 13, 14, 15, 16, 18]]
[[2,2,17,14,32,83],[0, 1, 4, 6, 7, 9, 10, 12, 15, 16, 18]]
[[2,2,17,14,32,83],[0, 1, 2, 3, 4, 6, 8, 9, 10, 12, 15, 16, 18]]
[[2,2,17,14,32,107],[0, 1, 4, 8, 10, 12, 13, 14, 15, 16, 18]]
[[2,2,17,14,22,59],[0, 1, 2, 3, 4, 9, 10, 11, 12, 13, 15, 16, 18]]
[[2,2,17,14,32,83],[0, 1, 4, 5, 7, 11, 12, 14, 15, 16, 18]]
[[2,2,17,14,22,89],[0, 1, 2, 3, 4, 8, 10, 11, 12, 14, 15, 16, 18]]
[[2,2,17,14,22,59],[0, 3, 4, 5, 9, 13, 15, 17, 18]]
[[2,2,17,14,22,71],[0, 3, 4, 5, 7, 9, 15, 17, 18]]
[[2,2,17,14,22,59],[0, 3, 4, 8, 10, 14, 15, 17, 18]]
[[2,2,17,14,17,89],[0, 3, 4, 5, 6, 7, 8, 14, 15, 17, 18]]
[[2,2,17,14,27,95],[0, 3, 4, 6, 7, 9, 10, 11, 15, 17, 18]]
[[2,2,17,14,32,107],[0, 1, 4, 5, 6, 7, 8, 11, 13, 14, 15, 17, 18]]
[[2,2,17,14,32,83],[0, 1, 4, 5, 6, 7, 9, 12, 15, 17, 18]]
[[2,2,17,14,32,83],[0, 3, 4, 5, 7, 8, 9, 12, 15, 17, 18]]
[[2,2,17,14,32,83],[0, 3, 4, 7, 10, 12, 13, 14, 15, 17, 18]]
[[2,2,17,14,17,89],[0, 1, 2, 3, 4, 5, 6, 7, 9, 11, 12, 13, 15, 17, 18]]
[[2,2,17,14,22,89],[0, 3, 4, 6, 7, 9, 10, 11, 12, 13, 15, 17, 18]]
[[2,2,17,14,32,107],[0, 1, 4, 5, 6, 8, 9, 11, 12, 13, 15, 17, 18]]
[[2,2,17,14,32,83],[0, 1, 4, 7, 10, 11, 12, 14, 15, 17, 18]]
[[2,2,17,14,22,89],[0, 3, 4, 5, 6, 7, 8, 11, 12, 14, 15, 17, 18]]
[[2,2,17,18,37,89],[0, 1, 4, 8, 10, 12, 13, 15, 16, 18]]
[[2,2,17,18,37,89],[0, 1, 2, 3, 4, 5, 6, 7, 11, 15, 17, 18]]
[[2,2,17,18,32,83],[0, 3, 4, 5, 9, 11, 12, 13, 15, 16, 18]]
[[2,2,17,18,32,83],[0, 1, 2, 3, 4, 5, 6, 7, 8, 11, 12, 14, 15, 16, 18]]
[[2,2,17,18,32,83],[0, 1, 2, 3, 4, 9, 10, 13, 15, 17, 18]]
[[2,2,17,18,32,83],[0, 3, 4, 8, 10, 11, 12, 14, 15, 17, 18]]
[[2,2,23,14,22,77],[0, 1, 2, 3, 4, 5, 11, 15, 16, 18]]
[[2,2,23,14,22,77],[0, 1, 4, 6, 10, 12, 13, 15, 16, 18]]
[[2,2,23,14,27,89],[0, 1, 2, 3, 4, 5, 9, 13, 15, 16, 18]]
[[2,2,23,14,27,65],[0, 1, 4, 5, 7, 9, 15, 16, 18]]
[[2,2,23,14,22,59],[0, 1, 4, 5, 7, 8, 9, 13, 15, 16, 18]]
[[2,2,23,14,27,65],[0, 1, 4, 6, 7, 10, 11, 14, 15, 16, 18]]
[[2,2,23,14,22,77],[0, 1, 2, 3, 4, 7, 8, 10, 11, 14, 15, 16, 18]]
[[2,2,23,14,22,77],[0, 1, 2, 3, 4, 5, 6, 9, 12, 13, 15, 16, 18]]
[[2,2,23,14,22,59],[0, 1, 4, 5, 8, 12, 13, 14, 15, 16, 18]]
[[2,2,23,14,27,89],[0, 3, 4, 5, 8, 11, 12, 14, 15, 16, 18]]
[[2,2,23,14,27,65],[0, 1, 4, 5, 7, 9, 15, 17, 18]]
[[2,2,23,14,22,77],[0, 3, 4, 5, 6, 9, 11, 13, 15, 17, 18]]
[[2,2,23,14,27,65],[0, 1, 4, 6, 7, 10, 11, 14, 15, 17, 18]]
[[2,2,23,14,22,77],[0, 3, 4, 6, 8, 10, 11, 14, 15, 17, 18]]
[[2,2,23,14,22,59],[0, 1, 4, 6, 7, 8, 10, 11, 13, 14, 15, 17, 18]]
[[2,2,23,14,27,89],[0, 3, 4, 9, 10, 11, 12, 13, 15, 17, 18]]
[[2,2,23,14,22,59],[0, 1, 4, 6, 8, 9, 10, 11, 12, 13, 15, 17, 18]]
[[2,2,23,14,27,89],[0, 1, 2, 3, 4, 6, 7, 8, 10, 11, 12, 14, 15, 17, 18]]
[[2,2,23,10,17,59],[0, 3, 4, 5, 6, 7, 8, 9, 15, 16, 18]]
[[2,2,23,10,17,59],[0, 1, 2, 3, 4, 6, 7, 10, 11, 12, 13, 14, 15, 16, 18]]
[[2,2,23,10,17,59],[0, 1, 2, 3, 4, 5, 8, 9, 15, 17, 18]]
[[2,2,23,10,17,59],[0, 3, 4, 6, 7, 10, 13, 14, 15, 17, 18]]
