[[4,8,22,24,29,68],[0, 1, 4, 5, 8, 10, 11, 13, 17, 18]]
[[4,8,22,24,29,68],[0, 3, 4, 6, 9, 11, 13, 14, 16, 17]]
[[4,8,22,24,29,80],[0, 1, 3, 6, 10, 11, 13, 14, 15, 18]]
[[4,8,22,24,29,80],[0, 1, 2, 5, 6, 7, 9, 11, 12, 13, 15, 18]]
[[4,8,22,24,34,74],[1, 3, 4, 8, 9, 11, 12, 14, 15, 18]]
[[4,8,22,24,34,80],[4, 5, 9, 10, 13, 14, 15, 16, 17, 18]]
[[4,8,22,16,34,104],[0, 2, 4, 5, 6, 8, 10, 11, 12, 13, 17, 18]]
[[4,8,22,16,34,104],[0, 2, 4, 6, 8, 9, 11, 12, 13, 14, 16, 17]]
[[4,8,22,16,19,98],[0, 1, 3, 5, 6, 8, 13, 14, 15, 16]]
[[4,8,22,16,34,86],[0, 2, 3, 6, 10, 11, 13, 14, 15, 18]]
[[4,8,22,16,34,86],[0, 2, 3, 5, 6, 7, 9, 11, 12, 13, 15, 18]]
[[4,8,22,16,19,98],[0, 1, 2, 8, 9, 10, 11, 12, 15, 16, 17, 18]]
[[4,8,22,16,29,98],[0, 2, 3, 4, 5, 6, 7, 12, 15, 18]]
[[4,8,22,16,29,98],[0, 1, 2, 4, 6, 7, 8, 10, 12, 13, 15, 18]]
[[4,8,22,16,34,80],[0, 4, 5, 7, 9, 14, 15, 16, 17, 18]]
[[4,8,22,16,34,80],[0, 1, 3, 4, 6, 8, 9, 10, 11, 12, 13, 14, 15, 16, 17, 18]]
[[4,8,22,16,34,74],[1, 3, 4, 5, 7, 8, 9, 10, 11, 14, 15, 16]]
[[4,8,22,16,29,92],[1, 2, 4, 8, 9, 12, 13, 14, 15, 16, 17, 18]]
[[4,8,22,16,34,80],[1, 3, 4, 5, 7, 8, 9, 10, 12, 14, 15, 16, 17, 18]]
[[4,8,22,16,29,92],[1, 2, 4, 5, 6, 7, 9, 10, 11, 14, 15, 17]]
[[4,8,22,16,34,98],[0, 1, 2, 4, 5, 7, 8, 9, 10, 12, 14, 16]]
[[4,8,22,16,34,98],[0, 2, 3, 4, 5, 6, 7, 8, 9, 10, 11, 12, 14, 16]]
[[4,8,22,16,34,98],[0, 2, 3, 4, 5, 6, 7, 9, 10, 12, 14, 18]]
[[4,8,22,16,34,98],[0, 1, 2, 4, 5, 6, 7, 8, 9, 10, 12, 13, 14, 18]]
[[4,8,22,12,19,104],[0, 2, 3, 10, 13, 14, 15, 18]]
[[4,8,22,12,19,104],[0, 2, 3, 5, 8, 14, 15, 18]]
[[4,8,22,20,29,80],[0, 2, 3, 6, 7, 10, 11, 14, 15, 17]]
[[4,8,22,20,29,80],[0, 2, 3, 5, 6, 7, 8, 11, 13, 14, 15, 17]]
[[4,8,22,20,29,86],[0, 2, 3, 4, 5, 6, 7, 8, 9, 12, 13, 14, 15, 16]]
[[4,8,22,20,29,86],[0, 2, 3, 4, 7, 8, 9, 10, 11, 12, 13, 14, 15, 16]]
[[4,8,22,20,29,68],[1, 2, 4, 5, 6, 7, 9, 10, 12, 14, 15, 16]]
[[4,8,22,20,39,68],[1, 3, 4, 6, 7, 8, 9, 14, 15, 18]]
[[4,8,22,20,29,80],[4, 5, 7, 8, 10, 11, 15, 18]]
[[4,8,22,20,24,92],[1, 2, 4, 5, 6, 8, 9, 10, 12, 14, 15, 17]]
[[4,8,10,36,24,68],[0, 1, 2, 3, 4, 5, 7, 8, 10, 13, 17, 18]]
[[4,8,10,36,19,80],[0, 1, 4, 5, 7, 9, 10, 11, 13, 14, 17, 18]]
[[4,8,10,36,24,68],[0, 1, 2, 3, 4, 6, 7, 9, 11, 14, 16, 17]]
[[4,8,10,36,19,80],[0, 3, 4, 5, 7, 9, 10, 11, 13, 14, 16, 17]]
[[4,8,10,36,24,80],[0, 3, 4, 6, 8, 9, 11, 12, 13, 14, 15, 16]]
[[4,8,10,36,19,80],[0, 3, 4, 8, 11, 12, 15, 18]]
[[4,8,10,36,24,80],[0, 1, 4, 8, 9, 12, 13, 14, 15, 16, 17, 18]]
[[4,8,10,36,19,80],[0, 1, 4, 5, 9, 10, 11, 12, 13, 14, 15, 16, 17, 18]]
[[4,8,10,36,19,50],[1, 2, 4, 8, 9, 11, 13, 14, 15, 16]]
[[4,8,10,36,24,80],[4, 5, 7, 10, 11, 12, 15, 16, 17, 18]]
[[4,8,10,28,24,80],[0, 1, 4, 5, 8, 10, 12, 13, 16, 18]]
[[4,8,10,28,24,80],[0, 3, 4, 6, 9, 11, 12, 14, 16, 18]]
[[4,8,10,28,29,56],[0, 3, 4, 5, 10, 11, 17, 18]]
[[4,8,10,28,44,92],[0, 1, 2, 3, 4, 5, 6, 7, 9, 10, 11, 14, 17, 18]]
[[4,8,10,28,39,80],[0, 1, 2, 3, 4, 5, 6, 7, 10, 12, 17, 18]]
[[4,8,10,28,24,80],[0, 1, 4, 5, 6, 7, 8, 10, 11, 12, 17, 18]]
[[4,8,10,28,29,56],[0, 1, 4, 9, 13, 14, 16, 17]]
[[4,8,10,28,44,92],[0, 1, 2, 3, 4, 5, 7, 8, 9, 10, 13, 14, 16, 17]]
[[4,8,10,28,24,80],[0, 3, 4, 6, 7, 8, 9, 12, 13, 14, 16, 17]]
[[4,8,10,28,39,80],[0, 1, 2, 3, 4, 7, 8, 9, 12, 14, 16, 17]]
[[4,8,10,28,19,86],[0, 1, 4, 6, 7, 9, 10, 13, 15, 18]]
[[4,8,10,28,19,86],[0, 1, 2, 3, 4, 6, 8, 9, 10, 13, 15, 18]]
[[4,8,10,28,19,86],[0, 1, 4, 5, 7, 11, 13, 14, 15, 17]]
[[4,8,10,28,19,86],[0, 1, 2, 3, 4, 5, 7, 11, 12, 14, 15, 17]]
[[4,8,10,28,34,86],[0, 1, 4, 5, 6, 8, 9, 10, 13, 14, 15, 16]]
[[4,8,10,28,44,98],[0, 3, 4, 5, 6, 9, 10, 11, 13, 14, 15, 16]]
[[4,8,10,28,24,62],[0, 3, 4, 5, 6, 8, 9, 10, 11, 14, 15, 16]]
[[4,8,10,28,19,86],[0, 1, 2, 3, 4, 5, 10, 13, 15, 18]]
[[4,8,10,28,44,98],[0, 1, 4, 6, 8, 13, 15, 18]]
[[4,8,10,28,34,86],[0, 3, 4, 6, 11, 13, 15, 18]]
[[4,8,10,28,34,68],[0, 1, 2, 3, 4, 5, 6, 7, 10, 11, 15, 18]]
[[4,8,10,28,24,62],[0, 1, 4, 8, 11, 13, 15, 18]]
[[4,8,10,28,34,68],[0, 1, 2, 3, 4, 5, 6, 10, 11, 12, 15, 18]]
[[4,8,10,28,19,86],[0, 1, 2, 3, 4, 5, 6, 7, 8, 10, 12, 13, 15, 16, 17, 18]]
[[4,8,10,28,19,44],[0, 4, 6, 7, 9, 10, 13, 14, 15, 16]]
[[4,8,10,28,39,104],[0, 1, 3, 4, 5, 6, 7, 8, 9, 14, 15, 16]]
[[4,8,10,28,19,44],[0, 2, 3, 4, 5, 7, 9, 11, 13, 14, 15, 16]]
[[4,8,10,28,39,104],[0, 1, 2, 4, 7, 8, 9, 10, 11, 14, 15, 16]]
[[4,8,10,28,29,68],[0, 1, 2, 4, 6, 10, 11, 12, 15, 18]]
[[4,8,10,28,29,68],[0, 1, 3, 4, 5, 6, 8, 11, 12, 13, 15, 18]]
[[4,8,10,28,34,92],[0, 1, 2, 4, 5, 6, 8, 13, 15, 16, 17, 18]]
[[4,8,10,28,39,116],[0, 2, 3, 4, 5, 6, 9, 11, 13, 14, 15, 16, 17, 18]]
[[4,8,10,28,39,116],[0, 1, 3, 4, 7, 8, 9, 10, 12, 14, 15, 16, 17, 18]]
[[4,8,10,28,34,92],[0, 1, 3, 4, 7, 10, 11, 12, 15, 16, 17, 18]]
[[4,8,10,28,29,92],[0, 1, 3, 4, 5, 6, 9, 11, 13, 14, 15, 17]]
[[4,8,10,28,29,92],[0, 1, 2, 4, 6, 7, 9, 10, 11, 12, 13, 14, 15, 17]]
[[4,8,10,28,39,62],[4, 5, 6, 8, 9, 10, 12, 14, 15, 16]]
[[4,8,10,28,19,68],[1, 3, 4, 6, 15, 18]]
[[4,8,10,28,34,62],[0, 1, 2, 4, 5, 7, 9, 10, 12, 13, 14, 16]]
[[4,8,10,28,34,62],[0, 2, 3, 4, 5, 6, 7, 9, 10, 11, 12, 13, 14, 16]]
[[4,8,10,28,34,62],[0, 2, 3, 4, 5, 7, 9, 10, 11, 12, 14, 18]]
[[4,8,10,28,34,62],[0, 1, 2, 4, 5, 7, 8, 9, 10, 11, 12, 13, 14, 18]]
[[4,8,10,32,24,74],[0, 3, 4, 5, 8, 10, 12, 13, 16, 18]]
[[4,8,10,32,24,74],[0, 1, 4, 6, 9, 11, 12, 14, 16, 18]]
[[4,8,10,32,34,68],[0, 1, 4, 5, 8, 10, 17, 18]]
[[4,8,10,32,34,80],[0, 1, 4, 5, 6, 7, 10, 12, 17, 18]]
[[4,8,10,32,34,68],[0, 3, 4, 6, 9, 14, 16, 17]]
[[4,8,10,32,34,80],[0, 3, 4, 7, 8, 9, 12, 14, 16, 17]]
[[4,8,10,32,34,80],[0, 1, 4, 5, 7, 8, 12, 14, 15, 16]]
[[4,8,10,32,29,86],[0, 1, 4, 5, 6, 7, 8, 11, 12, 14, 15, 16]]
[[4,8,10,32,39,80],[0, 1, 4, 5, 7, 9, 11, 13, 15, 18]]
[[4,8,10,32,34,80],[0, 1, 2, 3, 4, 6, 10, 11, 13, 14, 15, 18]]
[[4,8,10,32,39,104],[0, 1, 2, 3, 4, 7, 10, 11, 13, 14, 15, 18]]
[[4,8,10,32,39,104],[0, 1, 2, 3, 4, 5, 6, 8, 9, 12, 15, 18]]
[[4,8,10,32,29,86],[0, 1, 4, 7, 8, 9, 10, 12, 15, 18]]
[[4,8,10,32,29,86],[0, 1, 2, 3, 4, 7, 8, 9, 10, 12, 15, 18]]
[[4,8,10,32,39,104],[0, 1, 4, 5, 6, 7, 12, 14, 15, 18]]
[[4,8,10,32,39,80],[0, 1, 2, 3, 4, 5, 7, 9, 11, 12, 15, 18]]
[[4,8,10,32,39,104],[0, 1, 4, 7, 9, 10, 11, 12, 15, 18]]
[[4,8,10,32,34,80],[0, 1, 4, 6, 7, 8, 9, 10, 11, 12, 15, 18]]
[[4,8,10,32,29,86],[0, 1, 2, 3, 4, 5, 6, 11, 13, 14, 15, 16, 17, 18]]
[[4,8,10,32,34,80],[0, 1, 2, 3, 4, 5, 7, 8, 9, 12, 15, 16, 17, 18]]
[[4,8,10,32,39,80],[0, 1, 4, 6, 7, 10, 13, 14, 15, 17]]
[[4,8,10,32,39,80],[0, 1, 2, 3, 4, 6, 8, 10, 13, 14, 15, 17]]
[[4,8,10,32,39,80],[0, 3, 4, 5, 7, 9, 10, 12, 13, 14, 15, 16]]
[[4,8,10,32,39,80],[0, 1, 4, 6, 7, 12, 15, 18]]
[[4,8,10,32,29,92],[0, 2, 3, 4, 5, 7, 9, 14, 15, 16]]
[[4,8,10,32,29,92],[0, 1, 3, 4, 6, 7, 9, 10, 11, 14, 15, 16]]
[[4,8,10,32,24,92],[0, 1, 3, 4, 5, 6, 7, 8, 9, 11, 13, 14, 15, 16, 17, 18]]
[[4,8,10,32,24,92],[0, 4, 9, 10, 12, 14, 15, 16, 17, 18]]
[[4,8,10,32,19,80],[0, 1, 3, 4, 6, 8, 9, 10, 13, 14, 15, 17]]
[[4,8,10,32,19,80],[0, 2, 3, 4, 5, 6, 7, 8, 9, 12, 13, 14, 15, 17]]
[[4,8,10,20,24,62],[0, 3, 4, 5, 6, 7, 9, 10, 13, 14, 16, 18]]
[[4,8,10,20,24,62],[0, 1, 4, 5, 7, 8, 9, 10, 11, 14, 16, 18]]
[[4,8,10,20,59,80],[0, 1, 2, 3, 4, 5, 7, 8, 9, 10, 13, 14, 17, 18]]
[[4,8,10,20,49,92],[0, 1, 4, 5, 9, 10, 11, 14, 17, 18]]
[[4,8,10,20,39,98],[0, 3, 4, 5, 6, 8, 9, 10, 11, 14, 17, 18]]
[[4,8,10,20,29,92],[0, 3, 4, 5, 7, 10, 12, 13, 17, 18]]
[[4,8,10,20,24,116],[0, 2, 4, 5, 10, 11, 12, 13, 17, 18]]
[[4,8,10,20,49,92],[0, 3, 4, 5, 9, 10, 13, 14, 16, 17]]
[[4,8,10,20,39,98],[0, 1, 4, 5, 6, 8, 9, 10, 13, 14, 16, 17]]
[[4,8,10,20,59,80],[0, 1, 2, 3, 4, 5, 6, 7, 9, 10, 11, 14, 16, 17]]
[[4,8,10,20,24,116],[0, 2, 4, 9, 11, 12, 13, 14, 16, 17]]
[[4,8,10,20,29,92],[0, 1, 4, 7, 9, 11, 12, 14, 16, 17]]
[[4,8,10,20,14,68],[0, 1, 4, 5, 6, 11, 13, 14, 15, 16]]
[[4,8,10,20,29,116],[0, 2, 4, 6, 10, 11, 13, 14, 15, 16]]
[[4,8,10,20,29,116],[0, 2, 4, 5, 6, 8, 11, 14, 15, 16]]
[[4,8,10,20,34,80],[0, 3, 4, 5, 7, 8, 11, 12, 13, 14, 15, 16]]
[[4,8,10,20,14,68],[0, 1, 4, 9, 10, 13, 15, 18]]
[[4,8,10,20,14,68],[0, 1, 2, 3, 4, 9, 10, 13, 15, 18]]
[[4,8,10,20,29,86],[0, 3, 4, 5, 6, 8, 9, 11, 15, 18]]
[[4,8,10,20,29,86],[0, 3, 4, 6, 10, 11, 13, 14, 15, 18]]
[[4,8,10,20,34,80],[0, 3, 4, 7, 10, 11, 13, 14, 15, 18]]
[[4,8,10,20,34,80],[0, 3, 4, 7, 9, 10, 11, 12, 15, 18]]
[[4,8,10,20,29,86],[0, 3, 4, 6, 7, 8, 9, 10, 11, 12, 15, 18]]
[[4,8,10,20,29,86],[0, 3, 4, 5, 6, 7, 11, 12, 13, 14, 15, 18]]
[[4,8,10,20,34,80],[0, 3, 4, 5, 7, 8, 9, 11, 15, 16, 17, 18]]
[[4,8,10,20,29,116],[0, 2, 4, 5, 6, 7, 9, 11, 12, 13, 15, 16, 17, 18]]
[[4,8,10,20,29,116],[0, 2, 4, 6, 7, 8, 9, 10, 11, 12, 15, 16, 17, 18]]
[[4,8,10,20,14,68],[0, 1, 2, 3, 4, 5, 6, 7, 8, 11, 12, 14, 15, 16, 17, 18]]
[[4,8,10,20,49,74],[0, 1, 2, 3, 4, 6, 8, 9, 11, 14, 15, 16]]
[[4,8,10,20,29,74],[0, 3, 4, 9, 12, 14, 15, 16]]
[[4,8,10,20,44,86],[0, 3, 4, 5, 7, 8, 9, 10, 12, 14, 15, 16]]
[[4,8,10,20,59,86],[0, 1, 4, 6, 12, 13, 15, 18]]
[[4,8,10,20,44,86],[0, 1, 4, 7, 11, 12, 15, 18]]
[[4,8,10,20,29,74],[0, 1, 4, 6, 9, 11, 12, 14, 15, 16, 17, 18]]
[[4,8,10,20,59,86],[0, 3, 4, 5, 9, 10, 11, 12, 13, 14, 15, 17]]
[[4,8,10,20,49,74],[0, 1, 2, 3, 4, 7, 9, 11, 12, 14, 15, 17]]
[[4,8,10,20,19,56],[0, 7, 8, 9, 10, 11, 15, 18]]
[[4,8,10,20,19,56],[0, 1, 3, 5, 7, 9, 11, 12, 15, 18]]
[[4,8,10,20,29,80],[0, 1, 3, 4, 5, 8, 9, 14, 15, 16]]
[[4,8,10,20,29,80],[0, 4, 6, 8, 9, 10, 11, 14, 15, 16]]
[[4,8,10,20,49,80],[4, 5, 7, 8, 9, 10, 13, 14, 15, 16]]
[[4,8,10,20,29,68],[1, 2, 4, 6, 7, 9, 11, 12, 13, 14, 15, 16]]
[[4,8,10,20,54,38],[1, 2, 4, 6, 15, 18]]
[[4,8,10,20,39,110],[4, 5, 6, 7, 8, 10, 15, 18]]
[[4,8,10,20,54,62],[1, 2, 4, 9, 13, 14, 15, 18]]
[[4,8,10,20,24,74],[1, 3, 4, 12, 15, 18]]
[[4,8,10,20,29,68],[1, 2, 4, 5, 7, 8, 10, 12, 15, 18]]
[[4,8,10,20,39,80],[2, 3, 4, 5, 7, 10, 11, 13, 15, 16, 17, 18]]
[[4,8,10,20,19,98],[1, 3, 4, 5, 6, 8, 9, 10, 11, 14, 15, 16, 17, 18]]
[[4,8,10,20,19,50],[1, 3, 4, 5, 6, 7, 8, 10, 12, 13, 15, 16, 17, 18]]
[[4,8,10,20,29,68],[1, 2, 4, 5, 9, 10, 11, 12, 13, 14, 15, 16, 17, 18]]
[[4,8,10,20,49,80],[1, 3, 4, 6, 9, 11, 13, 14, 15, 17]]
[[4,8,10,20,29,68],[1, 3, 4, 5, 6, 7, 9, 10, 11, 12, 13, 14, 15, 17]]
[[4,8,10,20,49,44],[0, 1, 2, 4, 5, 6, 7, 9, 10, 12, 14, 16]]
[[4,8,10,20,19,56],[0, 4, 5, 8, 9, 10, 12, 13, 14, 16]]
[[4,8,10,20,49,44],[0, 1, 2, 4, 5, 7, 9, 10, 11, 12, 14, 16]]
[[4,8,10,20,19,56],[0, 1, 2, 4, 5, 6, 8, 9, 10, 11, 12, 13, 14, 16]]
[[4,8,10,20,49,44],[0, 2, 3, 4, 5, 7, 9, 10, 12, 13, 14, 18]]
[[4,8,10,20,49,44],[0, 2, 3, 4, 5, 7, 8, 9, 10, 12, 14, 18]]
[[4,8,10,20,19,56],[0, 4, 5, 6, 9, 10, 11, 12, 14, 18]]
[[4,8,10,20,19,56],[0, 2, 3, 4, 5, 6, 8, 9, 10, 11, 12, 13, 14, 18]]
[[4,8,10,20,29,32],[0, 4, 6, 8, 9, 13, 14, 16, 17, 18]]
[[4,8,10,20,29,32],[0, 4, 5, 6, 8, 10, 11, 16, 17, 18]]
[[4,8,10,20,29,32],[0, 1, 2, 4, 5, 7, 10, 12, 13, 16, 17, 18]]
[[4,8,10,20,29,32],[0, 2, 3, 4, 7, 9, 11, 12, 14, 16, 17, 18]]
[[4,8,10,24,34,62],[0, 1, 2, 3, 4, 5, 7, 10, 12, 13, 16, 18]]
[[4,8,10,24,34,62],[0, 1, 2, 3, 4, 7, 9, 11, 12, 14, 16, 18]]
[[4,8,10,24,49,110],[0, 1, 2, 3, 4, 5, 6, 7, 9, 10, 13, 14, 17, 18]]
[[4,8,10,24,49,56],[0, 3, 4, 5, 6, 8, 9, 10, 13, 14, 17, 18]]
[[4,8,10,24,44,110],[0, 1, 2, 3, 4, 5, 6, 7, 10, 11, 12, 13, 17, 18]]
[[4,8,10,24,49,56],[0, 1, 4, 5, 6, 8, 9, 10, 11, 14, 16, 17]]
[[4,8,10,24,49,110],[0, 1, 2, 3, 4, 5, 7, 8, 9, 10, 11, 14, 16, 17]]
[[4,8,10,24,44,110],[0, 1, 2, 3, 4, 7, 8, 9, 11, 12, 13, 14, 16, 17]]
[[4,8,10,24,29,74],[0, 3, 4, 5, 6, 14, 15, 16]]
[[4,8,10,24,39,62],[0, 1, 4, 8, 10, 14, 15, 16]]
[[4,8,10,24,34,116],[0, 2, 4, 6, 8, 10, 12, 14, 15, 16]]
[[4,8,10,24,34,116],[0, 2, 4, 5, 6, 9, 15, 18]]
[[4,8,10,24,29,74],[0, 3, 4, 6, 7, 9, 10, 13, 15, 18]]
[[4,8,10,24,29,74],[0, 3, 4, 6, 8, 9, 10, 13, 15, 18]]
[[4,8,10,24,34,116],[0, 2, 4, 5, 6, 7, 8, 9, 15, 18]]
[[4,8,10,24,39,62],[0, 1, 4, 5, 6, 8, 9, 11, 15, 18]]
[[4,8,10,24,39,62],[0, 1, 2, 3, 4, 5, 6, 7, 11, 12, 13, 14, 15, 18]]
[[4,8,10,24,39,62],[0, 1, 2, 3, 4, 8, 9, 10, 15, 16, 17, 18]]
[[4,8,10,24,29,74],[0, 3, 4, 5, 6, 7, 8, 14, 15, 16, 17, 18]]
[[4,8,10,24,34,116],[0, 2, 4, 6, 7, 10, 12, 14, 15, 16, 17, 18]]
[[4,8,10,24,44,50],[0, 3, 4, 6, 7, 9, 12, 14, 15, 16]]
[[4,8,10,24,44,50],[0, 1, 4, 6, 7, 8, 9, 11, 12, 14, 15, 16]]
[[4,8,10,24,49,74],[0, 1, 2, 3, 4, 7, 8, 9, 11, 12, 13, 14, 15, 16]]
[[4,8,10,24,19,92],[0, 3, 4, 5, 7, 9, 10, 11, 13, 14, 15, 18]]
[[4,8,10,24,34,122],[0, 1, 2, 3, 4, 7, 12, 13, 15, 18]]
[[4,8,10,24,54,86],[0, 1, 4, 5, 6, 7, 10, 11, 12, 13, 15, 18]]
[[4,8,10,24,54,86],[0, 3, 4, 5, 7, 10, 11, 12, 15, 18]]
[[4,8,10,24,19,92],[0, 1, 4, 6, 7, 13, 15, 16, 17, 18]]
[[4,8,10,24,34,122],[0, 1, 2, 3, 4, 5, 6, 8, 9, 10, 13, 14, 15, 16, 17, 18]]
[[4,8,10,24,49,74],[0, 1, 2, 3, 4, 8, 9, 14, 15, 16, 17, 18]]
[[4,8,10,24,24,44],[0, 2, 3, 7, 10, 11, 13, 14, 15, 18]]
[[4,8,10,24,24,44],[0, 1, 2, 5, 7, 8, 9, 11, 12, 13, 15, 18]]
[[4,8,10,24,64,62],[0, 2, 3, 4, 7, 8, 9, 10, 13, 14, 15, 16]]
[[4,8,10,24,64,62],[0, 1, 3, 4, 5, 6, 7, 8, 9, 11, 13, 14, 15, 16]]
[[4,8,10,24,34,68],[0, 4, 6, 7, 9, 10, 13, 14, 15, 18]]
[[4,8,10,24,34,68],[0, 1, 2, 4, 5, 6, 7, 8, 9, 14, 15, 18]]
[[4,8,10,24,49,110],[0, 2, 3, 4, 5, 11, 12, 13, 15, 18]]
[[4,8,10,24,49,110],[0, 1, 3, 4, 8, 10, 11, 12, 15, 18]]
[[4,8,10,24,34,80],[0, 4, 9, 10, 11, 12, 13, 14, 15, 18]]
[[4,8,10,24,34,80],[0, 1, 2, 4, 5, 8, 9, 11, 12, 14, 15, 18]]
[[4,8,10,24,44,116],[0, 4, 7, 10, 15, 16, 17, 18]]
[[4,8,10,24,34,92],[0, 4, 5, 7, 8, 13, 15, 16, 17, 18]]
[[4,8,10,24,34,92],[0, 1, 3, 4, 6, 10, 11, 12, 15, 16, 17, 18]]
[[4,8,10,24,44,116],[0, 1, 3, 4, 5, 6, 8, 11, 12, 13, 15, 16, 17, 18]]
[[4,8,10,24,24,56],[0, 1, 2, 4, 5, 6, 9, 14, 15, 17]]
[[4,8,10,24,24,56],[0, 4, 6, 7, 9, 10, 12, 14, 15, 17]]
[[4,8,10,24,39,68],[1, 3, 4, 7, 8, 9, 13, 14, 15, 16]]
[[4,8,10,24,44,68],[4, 5, 7, 10, 15, 18]]
[[4,8,10,24,39,56],[1, 3, 4, 6, 7, 8, 9, 11, 13, 14, 15, 18]]
[[4,8,10,24,39,56],[1, 2, 4, 6, 7, 9, 12, 14, 15, 18]]
[[4,8,10,24,49,74],[1, 3, 4, 8, 9, 14, 15, 16, 17, 18]]
[[4,8,10,24,49,74],[1, 3, 4, 5, 6, 10, 11, 13, 15, 16, 17, 18]]
[[4,8,10,24,14,56],[4, 5, 6, 7, 8, 10, 11, 12, 15, 16, 17, 18]]
[[4,8,10,24,59,92],[1, 2, 4, 8, 9, 12, 13, 14, 15, 17]]
[[4,8,10,24,49,56],[1, 3, 4, 6, 7, 8, 9, 12, 13, 14, 15, 17]]
[[4,8,10,24,19,56],[0, 2, 3, 4, 5, 8, 9, 10, 14, 16]]
[[4,8,10,24,19,56],[0, 1, 2, 4, 5, 6, 8, 9, 10, 11, 14, 16]]
[[4,8,10,24,19,56],[0, 1, 2, 4, 5, 6, 9, 10, 14, 18]]
[[4,8,10,24,19,56],[0, 2, 3, 4, 5, 6, 8, 9, 10, 13, 14, 18]]
[[4,8,10,24,19,62],[0, 2, 3, 4, 5, 7, 10, 16, 17, 18]]
[[4,8,10,24,19,62],[0, 1, 2, 4, 7, 9, 14, 16, 17, 18]]
[[4,8,10,24,19,62],[0, 1, 2, 4, 5, 6, 8, 10, 11, 12, 13, 16, 17, 18]]
[[4,8,10,24,19,62],[0, 2, 3, 4, 6, 8, 9, 11, 12, 13, 14, 16, 17, 18]]
[[4,8,10,24,64,56],[0, 2, 3, 4, 5, 6, 7, 8, 9, 10, 14, 17]]
[[4,8,10,24,64,56],[0, 1, 2, 4, 5, 6, 7, 8, 9, 10, 14, 17]]
[[4,8,10,24,64,56],[0, 2, 3, 4, 5, 6, 8, 9, 10, 12, 14, 17]]
[[4,8,10,24,64,56],[0, 1, 2, 4, 5, 6, 8, 9, 10, 12, 14, 17]]
[[4,8,10,16,54,80],[0, 2, 4, 5, 7, 10, 17, 18]]
[[4,8,10,16,24,110],[0, 1, 4, 5, 8, 9, 10, 14, 17, 18]]
[[4,8,10,16,54,92],[0, 2, 4, 5, 6, 10, 12, 13, 17, 18]]
[[4,8,10,16,24,110],[0, 3, 4, 5, 6, 9, 10, 14, 16, 17]]
[[4,8,10,16,54,80],[0, 2, 4, 7, 9, 14, 16, 17]]
[[4,8,10,16,54,92],[0, 2, 4, 8, 9, 11, 12, 14, 16, 17]]
[[4,8,10,16,44,38],[0, 1, 2, 3, 4, 5, 7, 8, 10, 13, 15, 18]]
[[4,8,10,16,44,38],[0, 1, 2, 3, 4, 5, 8, 10, 12, 13, 15, 18]]
[[4,8,10,16,54,68],[0, 9, 10, 13, 15, 18]]
[[4,8,10,16,54,56],[0, 6, 8, 9, 10, 13, 15, 18]]
[[4,8,10,16,54,68],[0, 5, 8, 9, 15, 18]]
[[4,8,10,16,54,56],[0, 1, 2, 5, 6, 7, 8, 9, 15, 18]]
[[4,8,10,16,34,68],[0, 4, 5, 6, 9, 14, 15, 16]]
[[4,8,10,16,44,68],[0, 1, 3, 4, 9, 10, 13, 14, 15, 16]]
[[4,8,10,16,44,68],[0, 4, 5, 6, 9, 11, 13, 14, 15, 16]]
[[4,8,10,16,34,68],[0, 4, 9, 10, 11, 14, 15, 16]]
[[4,8,10,16,29,44],[0, 1, 2, 4, 9, 10, 12, 14, 15, 16]]
[[4,8,10,16,29,44],[0, 4, 5, 6, 9, 11, 12, 14, 15, 16]]
[[4,8,10,16,14,80],[0, 2, 3, 4, 5, 6, 9, 14, 15, 16, 17, 18]]
[[4,8,10,16,24,92],[0, 1, 3, 4, 6, 7, 8, 10, 11, 13, 15, 16, 17, 18]]
[[4,8,10,16,24,92],[0, 4, 5, 12, 15, 16, 17, 18]]
[[4,8,10,16,14,80],[0, 4, 7, 8, 9, 10, 11, 12, 13, 14, 15, 16, 17, 18]]
[[4,8,10,16,29,74],[1, 2, 4, 6, 7, 9, 13, 14, 15, 16]]
[[4,8,10,16,39,80],[1, 2, 4, 6, 8, 9, 12, 14, 15, 16]]
[[4,8,10,16,19,68],[1, 3, 4, 8, 15, 18]]
[[4,8,10,16,24,80],[4, 5, 6, 7, 8, 10, 11, 13, 15, 18]]
[[4,8,10,16,59,74],[1, 3, 4, 7, 8, 9, 11, 14, 15, 18]]
[[4,8,10,16,14,104],[1, 3, 4, 5, 6, 8, 10, 12, 15, 18]]
[[4,8,10,16,14,74],[1, 3, 4, 6, 9, 12, 13, 14, 15, 18]]
[[4,8,10,16,14,74],[1, 2, 4, 6, 7, 11, 12, 13, 15, 18]]
[[4,8,10,16,19,80],[1, 3, 4, 9, 11, 12, 13, 14, 15, 18]]
[[4,8,10,16,64,62],[1, 2, 4, 6, 9, 11, 12, 14, 15, 16, 17, 18]]
[[4,8,10,16,64,62],[0, 1, 3, 4, 6, 7, 9, 13, 14, 16]]
[[4,8,10,16,64,62],[0, 1, 2, 4, 7, 9, 11, 13, 14, 16]]
[[4,8,10,16,44,74],[0, 1, 3, 4, 9, 12, 14, 16]]
[[4,8,10,16,44,74],[0, 2, 3, 4, 6, 9, 11, 12, 14, 16]]
[[4,8,10,16,64,62],[0, 2, 3, 4, 5, 7, 10, 11, 13, 18]]
[[4,8,10,16,64,62],[0, 1, 3, 4, 5, 7, 8, 10, 11, 18]]
[[4,8,10,16,44,74],[0, 1, 3, 4, 5, 10, 12, 18]]
[[4,8,10,16,44,74],[0, 1, 2, 4, 5, 8, 10, 12, 13, 18]]
[[4,8,10,16,44,74],[0, 2, 3, 4, 13, 16, 17, 18]]
[[4,8,10,16,29,74],[0, 2, 3, 4, 6, 7, 9, 13, 14, 16, 17, 18]]
[[4,8,10,16,44,74],[0, 1, 2, 4, 11, 16, 17, 18]]
[[4,8,10,16,29,74],[0, 1, 2, 4, 5, 7, 8, 10, 11, 16, 17, 18]]
[[4,8,10,16,29,74],[0, 1, 2, 4, 5, 6, 10, 12, 13, 16, 17, 18]]
[[4,8,10,16,44,74],[0, 1, 3, 4, 6, 7, 8, 12, 13, 16, 17, 18]]
[[4,8,10,16,44,74],[0, 1, 3, 4, 6, 7, 8, 11, 12, 16, 17, 18]]
[[4,8,10,16,29,74],[0, 2, 3, 4, 8, 9, 11, 12, 14, 16, 17, 18]]
[[4,8,10,16,49,68],[0, 2, 3, 4, 5, 7, 8, 9, 10, 13, 14, 17]]
[[4,8,10,16,49,68],[0, 1, 2, 4, 5, 6, 7, 9, 10, 11, 14, 17]]
[[4,8,10,16,49,68],[0, 2, 3, 4, 5, 8, 9, 10, 12, 13, 14, 17]]
[[4,8,10,16,49,68],[0, 1, 2, 4, 5, 6, 9, 10, 11, 12, 14, 17]]
[[4,8,10,12,59,68],[0, 1, 2, 5, 6, 8, 9, 11, 15, 18]]
[[4,8,10,12,29,98],[0, 1, 2, 5, 7, 9, 12, 13, 15, 18]]
[[4,8,10,12,29,98],[0, 1, 3, 7, 8, 9, 10, 12, 15, 18]]
[[4,8,10,12,59,68],[0, 1, 3, 6, 7, 8, 10, 11, 12, 14, 15, 18]]
[[4,8,10,12,54,56],[0, 1, 3, 4, 5, 6, 7, 11, 15, 18]]
[[4,8,10,12,54,56],[0, 1, 2, 4, 6, 7, 8, 10, 11, 13, 15, 18]]
[[4,8,10,12,49,74],[0, 4, 5, 6, 7, 12, 15, 18]]
[[4,8,10,12,49,74],[0, 1, 3, 4, 6, 7, 8, 10, 12, 13, 15, 18]]
[[4,8,10,12,29,56],[0, 2, 3, 4, 6, 10, 11, 12, 15, 18]]
[[4,8,10,12,44,80],[0, 4, 7, 10, 11, 12, 15, 18]]
[[4,8,10,12,29,56],[0, 4, 5, 6, 8, 11, 12, 13, 15, 18]]
[[4,8,10,12,44,80],[0, 1, 3, 4, 5, 7, 8, 11, 12, 13, 15, 18]]
[[4,8,10,12,29,92],[1, 2, 4, 5, 7, 9, 10, 11, 12, 14, 15, 16]]
[[4,8,10,12,19,92],[4, 5, 6, 7, 10, 13, 15, 18]]
[[4,8,10,12,49,74],[1, 3, 4, 6, 7, 9, 13, 14, 15, 18]]
[[4,8,10,12,24,86],[1, 2, 4, 6, 7, 8, 11, 12, 15, 18]]
[[4,8,10,12,19,80],[4, 5, 6, 7, 9, 10, 11, 12, 13, 14, 15, 16, 17, 18]]
[[4,8,10,12,19,92],[4, 5, 7, 8, 9, 10, 11, 12, 13, 14, 15, 16, 17, 18]]
[[4,8,19,40,29,41],[0, 2, 3, 4, 5, 6, 7, 8, 10, 11, 13, 16, 17, 18]]
[[4,8,19,40,29,41],[0, 1, 2, 4, 6, 7, 8, 9, 11, 13, 14, 16, 17, 18]]
[[4,8,19,40,29,41],[0, 1, 2, 4, 5, 10, 12, 16, 17, 18]]
[[4,8,19,40,29,41],[0, 2, 3, 4, 9, 12, 14, 16, 17, 18]]
[[4,8,19,32,29,71],[1, 2, 4, 5, 7, 8, 9, 10, 11, 14, 15, 16, 17, 18]]
[[4,8,19,20,29,77],[0, 1, 3, 6, 7, 10, 11, 14, 15, 16]]
[[4,8,19,20,29,119],[0, 1, 3, 6, 8, 9, 10, 13, 15, 18]]
[[4,8,19,20,29,119],[0, 5, 6, 7, 8, 9, 15, 18]]
[[4,8,19,20,34,107],[0, 2, 3, 7, 8, 9, 10, 11, 15, 18]]
[[4,8,19,20,39,77],[0, 1, 3, 6, 8, 10, 12, 14, 15, 18]]
[[4,8,19,20,39,77],[0, 2, 3, 5, 6, 7, 8, 12, 13, 14, 15, 18]]
[[4,8,19,20,34,107],[0, 1, 2, 5, 7, 9, 11, 12, 15, 18]]
[[4,8,19,20,29,77],[0, 2, 3, 5, 7, 14, 15, 16, 17, 18]]
[[4,8,19,20,29,107],[0, 2, 3, 4, 9, 10, 12, 14, 15, 16]]
[[4,8,19,20,29,107],[0, 1, 3, 4, 5, 6, 9, 11, 12, 14, 15, 16]]
[[4,8,19,20,29,95],[0, 2, 3, 4, 5, 6, 7, 8, 9, 14, 15, 16, 17, 18]]
[[4,8,19,20,34,119],[0, 1, 2, 4, 5, 11, 15, 16, 17, 18]]
[[4,8,19,20,29,101],[0, 2, 3, 4, 9, 10, 11, 14, 15, 16, 17, 18]]
[[4,8,19,20,24,95],[0, 2, 3, 4, 5, 6, 7, 8, 9, 11, 13, 14, 15, 16, 17, 18]]
[[4,8,19,20,34,119],[0, 1, 3, 4, 6, 7, 8, 10, 12, 13, 15, 16, 17, 18]]
[[4,8,19,20,24,95],[0, 1, 2, 4, 9, 10, 12, 14, 15, 16, 17, 18]]
[[4,8,19,20,29,101],[0, 4, 5, 6, 7, 8, 9, 12, 13, 14, 15, 16, 17, 18]]
[[4,8,19,20,29,95],[0, 2, 3, 4, 9, 10, 11, 12, 13, 14, 15, 16, 17, 18]]
[[4,8,19,20,29,113],[0, 2, 3, 4, 7, 8, 9, 10, 13, 14, 15, 17]]
[[4,8,19,20,34,89],[0, 1, 3, 4, 5, 8, 9, 11, 13, 14, 15, 17]]
[[4,8,19,20,24,101],[0, 1, 2, 4, 5, 6, 7, 8, 9, 11, 13, 14, 15, 17]]
[[4,8,19,20,34,77],[0, 2, 3, 4, 7, 8, 9, 10, 11, 14, 15, 17]]
[[4,8,19,20,29,113],[0, 2, 3, 4, 5, 8, 9, 12, 13, 14, 15, 17]]
[[4,8,19,20,24,101],[0, 1, 2, 4, 6, 8, 9, 10, 11, 12, 13, 14, 15, 17]]
[[4,8,19,20,34,77],[0, 1, 2, 4, 5, 8, 9, 11, 12, 14, 15, 17]]
[[4,8,19,20,34,89],[0, 2, 3, 4, 7, 8, 9, 10, 11, 12, 13, 14, 15, 17]]
[[4,8,19,20,24,83],[1, 2, 4, 8, 15, 18]]
[[4,8,19,20,34,89],[1, 3, 4, 5, 10, 12, 15, 18]]
[[4,8,19,20,39,53],[1, 3, 4, 8, 9, 11, 13, 14, 15, 16, 17, 18]]
[[4,8,19,12,14,107],[0, 2, 3, 6, 9, 10, 15, 18]]
[[4,8,19,12,14,107],[0, 1, 3, 5, 6, 7, 13, 14, 15, 18]]
[[4,8,19,12,19,101],[0, 6, 9, 10, 12, 13, 15, 18]]
[[4,8,19,12,19,101],[0, 1, 3, 5, 6, 7, 12, 14, 15, 18]]
[[4,8,19,12,34,83],[0, 2, 3, 4, 5, 7, 9, 12, 13, 14, 15, 18]]
[[4,8,19,12,34,83],[0, 2, 3, 4, 7, 8, 9, 10, 12, 14, 15, 18]]
[[4,8,19,12,34,83],[1, 3, 4, 5, 8, 10, 11, 12, 15, 18]]
[[4,8,19,24,24,95],[0, 1, 4, 5, 6, 9, 10, 14, 17, 18]]
[[4,8,19,24,24,95],[0, 3, 4, 5, 8, 9, 10, 14, 16, 17]]
[[4,8,19,24,34,89],[0, 1, 4, 5, 13, 14, 15, 16]]
[[4,8,19,24,34,89],[0, 1, 4, 6, 9, 10, 11, 13, 15, 18]]
[[4,8,19,24,34,89],[0, 1, 2, 3, 4, 6, 7, 8, 10, 11, 12, 14, 15, 18]]
[[4,8,19,24,34,89],[0, 1, 2, 3, 4, 5, 9, 13, 15, 16, 17, 18]]
[[4,8,19,24,19,89],[0, 2, 3, 4, 6, 8, 9, 10, 12, 14, 15, 16]]
[[4,8,19,24,19,89],[0, 4, 5, 8, 9, 11, 12, 14, 15, 16]]
[[4,8,19,24,34,77],[0, 1, 3, 4, 6, 10, 11, 12, 15, 18]]
[[4,8,19,24,34,77],[0, 1, 2, 4, 5, 6, 8, 11, 12, 13, 15, 18]]
[[4,8,19,24,34,83],[0, 1, 2, 4, 6, 7, 9, 10, 11, 12, 13, 14, 15, 18]]
[[4,8,19,24,34,83],[0, 1, 2, 4, 5, 6, 7, 8, 9, 11, 12, 14, 15, 18]]
[[4,8,19,24,44,47],[1, 2, 4, 8, 9, 14, 15, 16]]
[[4,8,19,24,29,71],[1, 2, 4, 5, 8, 9, 10, 11, 13, 14, 15, 16]]
[[4,8,19,24,34,101],[1, 2, 4, 7, 8, 9, 11, 14, 15, 18]]
[[4,8,19,24,34,83],[0, 1, 2, 4, 5, 6, 7, 10, 13, 16, 17, 18]]
[[4,8,19,24,34,83],[0, 2, 3, 4, 7, 8, 9, 11, 14, 16, 17, 18]]
[[4,8,19,24,34,83],[0, 2, 3, 4, 6, 9, 12, 13, 14, 16, 17, 18]]
[[4,8,19,24,34,83],[0, 1, 2, 4, 5, 8, 10, 11, 12, 16, 17, 18]]
[[4,8,19,28,29,71],[0, 3, 4, 7, 10, 11, 12, 14, 15, 16]]
[[4,8,19,28,34,83],[0, 1, 2, 3, 4, 6, 7, 9, 10, 13, 15, 18]]
[[4,8,19,28,34,83],[0, 1, 4, 6, 8, 9, 10, 13, 15, 18]]
[[4,8,19,28,34,83],[0, 1, 4, 5, 8, 11, 13, 14, 15, 18]]
[[4,8,19,28,29,71],[0, 3, 4, 5, 7, 8, 11, 14, 15, 18]]
[[4,8,19,28,29,71],[0, 3, 4, 5, 7, 8, 9, 11, 12, 13, 15, 18]]
[[4,8,19,28,34,83],[0, 1, 2, 3, 4, 5, 8, 11, 12, 14, 15, 18]]
[[4,8,19,28,29,71],[0, 3, 4, 7, 9, 10, 11, 13, 15, 16, 17, 18]]
[[4,8,19,28,29,71],[0, 1, 3, 5, 7, 8, 11, 14, 15, 18]]
[[4,8,19,28,34,59],[0, 2, 3, 5, 7, 9, 12, 13, 15, 18]]
[[4,8,19,28,34,59],[0, 2, 3, 7, 8, 9, 10, 12, 15, 18]]
[[4,8,19,28,29,71],[0, 2, 3, 7, 9, 10, 11, 12, 15, 18]]
[[4,8,19,28,39,71],[0, 1, 2, 4, 5, 6, 7, 8, 9, 12, 13, 14, 15, 16]]
[[4,8,19,28,39,71],[0, 1, 2, 4, 7, 8, 9, 10, 11, 12, 13, 14, 15, 16]]
[[4,8,19,28,29,71],[0, 2, 3, 4, 5, 8, 9, 11, 13, 14, 15, 16, 17, 18]]
[[4,8,19,28,29,71],[0, 4, 6, 7, 9, 10, 12, 14, 15, 16, 17, 18]]
[[4,8,19,28,34,65],[0, 1, 2, 4, 5, 6, 7, 8, 9, 14, 15, 17]]
[[4,8,19,28,34,65],[0, 2, 3, 4, 6, 8, 9, 10, 12, 14, 15, 17]]
[[4,8,19,16,19,95],[0, 1, 2, 5, 6, 9, 15, 18]]
[[4,8,19,16,19,95],[0, 2, 3, 6, 7, 9, 10, 13, 15, 18]]
[[4,8,19,16,29,77],[0, 1, 3, 5, 11, 14, 15, 18]]
[[4,8,19,16,34,95],[0, 2, 3, 5, 6, 8, 11, 14, 15, 18]]
[[4,8,19,16,19,101],[0, 1, 3, 5, 6, 8, 9, 12, 15, 18]]
[[4,8,19,16,19,101],[0, 2, 3, 6, 7, 8, 10, 12, 13, 14, 15, 18]]
[[4,8,19,16,29,77],[0, 8, 9, 10, 11, 12, 15, 18]]
[[4,8,19,16,34,95],[0, 2, 3, 6, 7, 8, 9, 10, 11, 12, 15, 18]]
[[4,8,19,16,24,101],[0, 1, 2, 4, 6, 7, 9, 10, 13, 14, 15, 18]]
[[4,8,19,16,24,101],[0, 4, 5, 6, 7, 8, 9, 14, 15, 18]]
[[4,8,19,16,29,77],[0, 1, 2, 4, 7, 10, 11, 12, 15, 18]]
[[4,8,19,16,29,77],[0, 2, 3, 4, 5, 7, 8, 11, 12, 13, 15, 18]]
[[4,8,19,16,39,95],[0, 1, 3, 4, 6, 8, 9, 10, 13, 14, 15, 16, 17, 18]]
[[4,8,19,16,39,95],[0, 1, 2, 4, 5, 7, 9, 11, 12, 14, 15, 16, 17, 18]]
[[4,8,19,16,24,113],[0, 1, 3, 4, 5, 6, 7, 8, 9, 14, 15, 17]]
[[4,8,19,16,19,113],[0, 1, 3, 4, 6, 8, 9, 10, 11, 14, 15, 17]]
[[4,8,19,16,24,113],[0, 4, 6, 8, 9, 10, 12, 14, 15, 17]]
[[4,8,19,16,19,113],[0, 1, 2, 4, 5, 6, 7, 8, 9, 11, 12, 14, 15, 17]]
[[4,8,19,16,34,101],[1, 2, 4, 5, 7, 8, 9, 10, 13, 14, 15, 17]]
[[4,8,19,16,29,101],[0, 2, 3, 4, 7, 16, 17, 18]]
[[4,8,19,16,29,101],[0, 1, 2, 4, 7, 16, 17, 18]]
[[4,8,19,16,29,101],[0, 2, 3, 4, 6, 8, 11, 12, 13, 16, 17, 18]]
[[4,8,19,16,29,101],[0, 1, 2, 4, 6, 8, 11, 12, 13, 16, 17, 18]]
[[4,8,13,32,34,95],[0, 1, 2, 3, 4, 5, 8, 9, 10, 12, 13, 14, 17, 18]]
[[4,8,13,32,34,95],[0, 1, 2, 3, 4, 5, 6, 9, 10, 11, 12, 14, 16, 17]]
[[4,8,13,32,44,53],[0, 1, 4, 5, 8, 9, 10, 12, 13, 14, 15, 18]]
[[4,8,13,32,44,53],[0, 3, 4, 6, 8, 11, 12, 13, 15, 16, 17, 18]]
[[4,8,13,32,34,53],[0, 4, 5, 6, 7, 8, 9, 14, 15, 16]]
[[4,8,13,32,34,53],[0, 2, 3, 4, 7, 8, 9, 10, 11, 14, 15, 16]]
[[4,8,13,32,24,77],[0, 4, 5, 6, 9, 11, 13, 14, 15, 18]]
[[4,8,13,32,24,77],[0, 4, 6, 8, 9, 10, 11, 14, 15, 18]]
[[4,8,13,32,24,53],[0, 1, 2, 4, 5, 8, 9, 11, 13, 14, 15, 17]]
[[4,8,13,32,24,53],[0, 4, 7, 8, 9, 10, 11, 12, 13, 14, 15, 17]]
[[4,8,13,32,24,65],[4, 5, 9, 10, 11, 12, 13, 14, 15, 16]]
[[4,8,13,32,39,83],[1, 2, 4, 5, 6, 8, 10, 11, 15, 18]]
[[4,8,13,32,24,59],[1, 3, 4, 5, 6, 8, 10, 11, 12, 13, 15, 18]]
[[4,8,13,32,29,53],[0, 2, 3, 4, 5, 6, 9, 10, 14, 16]]
[[4,8,13,32,29,53],[0, 2, 3, 4, 5, 9, 10, 11, 14, 16]]
[[4,8,13,32,29,53],[0, 1, 2, 4, 5, 9, 10, 13, 14, 18]]
[[4,8,13,32,29,53],[0, 1, 2, 4, 5, 8, 9, 10, 14, 18]]
[[4,8,13,40,29,77],[0, 1, 4, 5, 6, 7, 10, 11, 12, 13, 17, 18]]
[[4,8,13,40,29,77],[0, 3, 4, 7, 8, 9, 11, 12, 13, 14, 16, 17]]
[[4,8,13,40,19,53],[1, 2, 4, 6, 7, 8, 9, 11, 12, 14, 15, 16]]
[[4,8,13,40,34,41],[1, 3, 4, 5, 6, 10, 15, 16, 17, 18]]
[[4,8,13,24,44,53],[0, 1, 4, 5, 7, 8, 9, 10, 13, 14, 16, 18]]
[[4,8,13,24,44,53],[0, 3, 4, 5, 6, 7, 9, 10, 11, 14, 16, 18]]
[[4,8,13,24,39,95],[0, 3, 4, 5, 6, 10, 17, 18]]
[[4,8,13,24,19,89],[0, 1, 4, 5, 7, 10, 11, 12, 17, 18]]
[[4,8,13,24,39,95],[0, 1, 4, 8, 9, 14, 16, 17]]
[[4,8,13,24,19,89],[0, 3, 4, 7, 9, 12, 13, 14, 16, 17]]
[[4,8,13,24,24,77],[0, 1, 2, 3, 4, 5, 6, 7, 10, 11, 12, 13, 15, 18]]
[[4,8,13,24,24,77],[0, 1, 2, 3, 4, 5, 6, 10, 15, 16, 17, 18]]
[[4,8,13,24,44,113],[0, 1, 3, 9, 10, 13, 15, 18]]
[[4,8,13,24,44,113],[0, 1, 2, 5, 8, 9, 15, 18]]
[[4,8,13,24,24,95],[0, 2, 3, 5, 7, 9, 11, 13, 15, 18]]
[[4,8,13,24,59,71],[0, 1, 3, 5, 6, 8, 11, 14, 15, 18]]
[[4,8,13,24,59,71],[0, 1, 2, 6, 7, 8, 9, 10, 11, 12, 15, 18]]
[[4,8,13,24,24,95],[0, 1, 2, 7, 8, 9, 10, 11, 12, 13, 15, 18]]
[[4,8,13,24,64,59],[0, 1, 3, 4, 6, 7, 9, 10, 13, 14, 15, 16]]
[[4,8,13,24,34,101],[0, 4, 6, 8, 9, 10, 13, 14, 15, 16]]
[[4,8,13,24,64,59],[0, 1, 2, 4, 5, 7, 9, 11, 13, 14, 15, 16]]
[[4,8,13,24,34,101],[0, 4, 5, 8, 9, 11, 13, 14, 15, 16]]
[[4,8,13,24,34,89],[0, 2, 3, 4, 5, 8, 9, 12, 13, 14, 15, 16]]
[[4,8,13,24,34,89],[0, 1, 3, 4, 6, 8, 9, 10, 11, 12, 13, 14, 15, 16]]
[[4,8,13,24,59,65],[0, 4, 5, 6, 7, 13, 15, 18]]
[[4,8,13,24,49,89],[0, 2, 3, 4, 5, 6, 7, 13, 15, 18]]
[[4,8,13,24,49,89],[0, 1, 3, 4, 6, 7, 8, 10, 15, 18]]
[[4,8,13,24,59,65],[0, 1, 2, 4, 6, 7, 8, 10, 15, 18]]
[[4,8,13,24,19,95],[0, 1, 3, 4, 9, 10, 13, 14, 15, 16, 17, 18]]
[[4,8,13,24,19,95],[0, 2, 3, 4, 5, 6, 7, 8, 9, 11, 12, 14, 15, 16, 17, 18]]
[[4,8,13,24,34,65],[0, 1, 2, 4, 6, 7, 9, 10, 13, 14, 15, 17]]
[[4,8,13,24,34,65],[0, 2, 3, 4, 5, 6, 9, 12, 13, 14, 15, 17]]
[[4,8,13,24,39,65],[4, 5, 6, 7, 9, 10, 13, 14, 15, 16]]
[[4,8,13,24,29,95],[1, 2, 4, 5, 6, 8, 9, 10, 13, 14, 15, 16]]
[[4,8,13,24,29,89],[1, 3, 4, 5, 10, 11, 15, 18]]
[[4,8,13,24,19,95],[1, 2, 4, 5, 10, 11, 15, 18]]
[[4,8,13,24,34,71],[1, 2, 4, 7, 9, 11, 12, 14, 15, 18]]
[[4,8,13,24,34,101],[0, 2, 3, 4, 5, 6, 7, 9, 10, 13, 14, 16]]
[[4,8,13,24,34,113],[0, 4, 5, 6, 7, 8, 9, 10, 14, 16]]
[[4,8,13,24,34,101],[0, 4, 5, 7, 9, 10, 11, 13, 14, 16]]
[[4,8,13,24,34,113],[0, 2, 3, 4, 5, 7, 8, 9, 10, 11, 14, 16]]
[[4,8,13,24,34,113],[0, 1, 2, 4, 5, 6, 7, 9, 10, 13, 14, 18]]
[[4,8,13,24,34,113],[0, 4, 5, 6, 7, 8, 9, 10, 14, 18]]
[[4,8,13,24,34,101],[0, 4, 5, 7, 9, 10, 11, 13, 14, 18]]
[[4,8,13,24,34,101],[0, 1, 2, 4, 5, 7, 8, 9, 10, 11, 14, 18]]
[[4,8,13,24,49,77],[0, 2, 3, 4, 5, 6, 10, 16, 17, 18]]
[[4,8,13,24,49,29],[0, 1, 2, 4, 6, 7, 9, 13, 14, 16, 17, 18]]
[[4,8,13,24,49,77],[0, 1, 2, 4, 8, 9, 14, 16, 17, 18]]
[[4,8,13,24,49,29],[0, 2, 3, 4, 5, 7, 8, 10, 11, 16, 17, 18]]
[[4,8,13,24,49,29],[0, 2, 3, 4, 5, 6, 10, 12, 13, 16, 17, 18]]
[[4,8,13,24,49,77],[0, 4, 5, 7, 8, 10, 11, 12, 13, 16, 17, 18]]
[[4,8,13,24,49,77],[0, 4, 6, 7, 9, 11, 12, 13, 14, 16, 17, 18]]
[[4,8,13,24,49,29],[0, 1, 2, 4, 8, 9, 11, 12, 14, 16, 17, 18]]
[[4,8,13,36,29,53],[0, 3, 4, 6, 7, 13, 16, 18]]
[[4,8,13,36,29,53],[0, 1, 4, 7, 8, 11, 16, 18]]
[[4,8,13,36,29,77],[0, 3, 4, 5, 12, 14, 15, 16]]
[[4,8,13,36,29,77],[0, 3, 4, 8, 10, 12, 13, 14, 15, 16]]
[[4,8,13,36,14,71],[0, 3, 4, 5, 8, 9, 15, 18]]
[[4,8,13,36,14,71],[0, 3, 4, 10, 13, 14, 15, 18]]
[[4,8,13,36,29,77],[0, 3, 4, 5, 9, 12, 15, 16, 17, 18]]
[[4,8,13,36,29,77],[0, 3, 4, 8, 9, 10, 12, 13, 15, 16, 17, 18]]
[[4,8,13,36,29,77],[0, 1, 4, 7, 8, 9, 11, 14, 15, 16]]
[[4,8,13,36,29,77],[0, 3, 4, 6, 7, 8, 9, 14, 15, 16, 17, 18]]
[[4,8,13,36,29,71],[0, 2, 3, 4, 5, 7, 9, 11, 13, 14, 15, 17]]
[[4,8,13,36,29,71],[0, 1, 2, 4, 9, 10, 11, 12, 13, 14, 15, 17]]
[[4,8,13,20,24,89],[0, 2, 4, 5, 6, 10, 11, 13, 16, 18]]
[[4,8,13,20,24,89],[0, 2, 4, 8, 9, 11, 13, 14, 16, 18]]
[[4,8,13,20,19,77],[0, 1, 4, 8, 9, 12, 13, 14, 16, 18]]
[[4,8,13,20,19,77],[0, 3, 4, 5, 6, 10, 11, 12, 16, 18]]
[[4,8,13,20,29,77],[0, 1, 4, 5, 9, 10, 11, 12, 13, 14, 16, 18]]
[[4,8,13,20,29,77],[0, 3, 4, 5, 9, 10, 11, 12, 13, 14, 16, 18]]
[[4,8,13,20,29,59],[0, 1, 2, 3, 4, 5, 6, 8, 9, 10, 12, 14, 17, 18]]
[[4,8,13,20,44,95],[0, 3, 4, 5, 7, 8, 9, 10, 12, 14, 17, 18]]
[[4,8,13,20,44,95],[0, 1, 4, 5, 6, 7, 9, 10, 12, 14, 16, 17]]
[[4,8,13,20,29,59],[0, 1, 2, 3, 4, 5, 6, 8, 9, 10, 12, 14, 16, 17]]
[[4,8,13,20,49,83],[0, 3, 4, 6, 9, 10, 11, 13, 15, 18]]
[[4,8,13,20,49,83],[0, 3, 4, 5, 6, 8, 11, 14, 15, 18]]
[[4,8,13,20,49,83],[0, 3, 4, 5, 6, 7, 9, 11, 12, 13, 15, 18]]
[[4,8,13,20,49,83],[0, 3, 4, 6, 7, 8, 10, 11, 12, 14, 15, 18]]
[[4,8,13,20,49,107],[0, 1, 4, 5, 7, 8, 10, 13, 15, 18]]
[[4,8,13,20,49,107],[0, 3, 4, 5, 6, 7, 8, 10, 11, 13, 15, 16, 17, 18]]
[[4,8,13,20,54,83],[0, 1, 2, 5, 6, 8, 9, 13, 15, 18]]
[[4,8,13,20,54,83],[0, 2, 3, 6, 7, 8, 10, 14, 15, 18]]
[[4,8,13,20,44,107],[0, 1, 2, 6, 9, 10, 11, 13, 15, 18]]
[[4,8,13,20,44,107],[0, 1, 3, 5, 6, 7, 11, 12, 13, 14, 15, 18]]
[[4,8,13,20,29,89],[0, 1, 2, 4, 7, 8, 9, 10, 13, 14, 15, 16]]
[[4,8,13,20,29,89],[0, 4, 5, 6, 7, 8, 9, 11, 13, 14, 15, 16]]
[[4,8,13,20,44,47],[0, 2, 3, 4, 6, 7, 9, 10, 12, 14, 15, 16]]
[[4,8,13,20,29,113],[0, 1, 3, 4, 7, 8, 9, 10, 12, 14, 15, 16]]
[[4,8,13,20,44,47],[0, 2, 3, 4, 5, 7, 9, 11, 12, 14, 15, 16]]
[[4,8,13,20,29,113],[0, 4, 5, 6, 7, 8, 9, 11, 12, 14, 15, 16]]
[[4,8,13,20,44,107],[0, 1, 3, 4, 5, 6, 7, 13, 15, 18]]
[[4,8,13,20,44,107],[0, 2, 3, 4, 6, 7, 8, 10, 15, 18]]
[[4,8,13,20,54,83],[0, 1, 2, 4, 9, 10, 11, 14, 15, 18]]
[[4,8,13,20,34,125],[0, 4, 6, 7, 9, 10, 11, 14, 15, 18]]
[[4,8,13,20,49,41],[0, 2, 3, 4, 6, 7, 9, 10, 11, 14, 15, 18]]
[[4,8,13,20,54,83],[0, 2, 3, 4, 5, 8, 9, 11, 13, 14, 15, 18]]
[[4,8,13,20,49,41],[0, 4, 5, 6, 7, 8, 9, 11, 13, 14, 15, 18]]
[[4,8,13,20,34,125],[0, 2, 3, 4, 5, 6, 7, 8, 9, 11, 13, 14, 15, 18]]
[[4,8,13,20,44,53],[0, 4, 6, 10, 11, 12, 15, 18]]
[[4,8,13,20,24,89],[0, 1, 3, 4, 7, 10, 11, 12, 15, 18]]
[[4,8,13,20,44,53],[0, 2, 3, 4, 5, 6, 8, 11, 12, 13, 15, 18]]
[[4,8,13,20,24,89],[0, 4, 5, 7, 8, 11, 12, 13, 15, 18]]
[[4,8,13,20,14,83],[0, 1, 2, 4, 5, 7, 9, 14, 15, 16, 17, 18]]
[[4,8,13,20,64,71],[0, 2, 3, 4, 5, 8, 9, 14, 15, 16, 17, 18]]
[[4,8,13,20,64,71],[0, 1, 3, 4, 6, 7, 9, 10, 11, 12, 13, 14, 15, 16, 17, 18]]
[[4,8,13,20,14,83],[0, 2, 3, 4, 6, 8, 9, 10, 11, 12, 13, 14, 15, 16, 17, 18]]
[[4,8,13,20,49,89],[0, 4, 7, 8, 9, 10, 13, 14, 15, 17]]
[[4,8,13,20,29,95],[0, 1, 3, 4, 9, 10, 11, 14, 15, 17]]
[[4,8,13,20,49,89],[0, 4, 5, 8, 9, 12, 13, 14, 15, 17]]
[[4,8,13,20,29,95],[0, 2, 3, 4, 5, 7, 9, 11, 12, 14, 15, 17]]
[[4,8,13,20,49,95],[4, 5, 6, 7, 8, 9, 10, 14, 15, 16]]
[[4,8,13,20,19,107],[1, 3, 4, 5, 6, 7, 9, 10, 11, 14, 15, 16]]
[[4,8,13,20,39,83],[1, 3, 4, 6, 8, 9, 11, 14, 15, 16]]
[[4,8,13,20,39,89],[4, 5, 8, 9, 10, 12, 13, 14, 15, 16]]
[[4,8,13,20,44,71],[1, 2, 4, 8, 9, 11, 13, 14, 15, 18]]
[[4,8,13,20,34,59],[1, 3, 4, 6, 8, 9, 11, 12, 13, 14, 15, 18]]
[[4,8,13,20,19,95],[1, 3, 4, 5, 6, 7, 9, 10, 12, 14, 15, 16, 17, 18]]
[[4,8,13,20,29,113],[1, 2, 4, 5, 6, 8, 9, 10, 12, 14, 15, 16, 17, 18]]
[[4,8,13,20,29,89],[0, 1, 2, 4, 7, 9, 14, 16]]
[[4,8,13,20,29,89],[0, 4, 6, 7, 9, 11, 14, 16]]
[[4,8,13,20,29,89],[0, 2, 3, 4, 5, 7, 10, 18]]
[[4,8,13,20,29,89],[0, 4, 5, 7, 8, 10, 13, 18]]
[[4,8,13,20,49,47],[0, 1, 2, 4, 5, 6, 10, 11, 13, 16, 17, 18]]
[[4,8,13,20,49,47],[0, 2, 3, 4, 8, 9, 11, 13, 14, 16, 17, 18]]
[[4,8,13,20,49,47],[0, 4, 5, 7, 8, 10, 12, 16, 17, 18]]
[[4,8,13,20,49,47],[0, 4, 6, 7, 9, 12, 14, 16, 17, 18]]
[[4,8,13,28,19,77],[0, 3, 4, 5, 7, 8, 9, 10, 13, 14, 16, 18]]
[[4,8,13,28,19,77],[0, 1, 4, 5, 6, 7, 9, 10, 11, 14, 16, 18]]
[[4,8,13,28,24,65],[0, 1, 4, 5, 10, 13, 17, 18]]
[[4,8,13,28,34,95],[0, 3, 4, 5, 8, 9, 10, 11, 13, 14, 17, 18]]
[[4,8,13,28,34,77],[0, 1, 2, 3, 4, 5, 8, 10, 12, 13, 17, 18]]
[[4,8,13,28,34,95],[0, 1, 2, 3, 4, 5, 9, 10, 11, 12, 13, 14, 17, 18]]
[[4,8,13,28,34,95],[0, 1, 4, 5, 6, 9, 10, 11, 13, 14, 16, 17]]
[[4,8,13,28,24,65],[0, 3, 4, 9, 11, 14, 16, 17]]
[[4,8,13,28,34,77],[0, 1, 2, 3, 4, 6, 9, 11, 12, 14, 16, 17]]
[[4,8,13,28,34,95],[0, 1, 2, 3, 4, 5, 9, 10, 11, 12, 13, 14, 16, 17]]
[[4,8,13,28,34,59],[0, 1, 4, 5, 6, 8, 9, 13, 15, 18]]
[[4,8,13,28,34,59],[0, 1, 2, 3, 4, 5, 6, 7, 13, 14, 15, 18]]
[[4,8,13,28,34,59],[0, 1, 4, 8, 10, 11, 13, 14, 15, 18]]
[[4,8,13,28,14,83],[0, 3, 4, 5, 7, 9, 12, 13, 15, 18]]
[[4,8,13,28,14,83],[0, 3, 4, 7, 8, 9, 10, 12, 15, 18]]
[[4,8,13,28,14,83],[0, 3, 4, 5, 7, 12, 13, 14, 15, 18]]
[[4,8,13,28,14,83],[0, 3, 4, 7, 8, 10, 12, 14, 15, 18]]
[[4,8,13,28,34,59],[0, 1, 2, 3, 4, 8, 9, 10, 11, 12, 15, 18]]
[[4,8,13,28,29,59],[0, 1, 2, 3, 4, 6, 11, 13, 15, 18]]
[[4,8,13,28,29,59],[0, 1, 2, 3, 4, 5, 6, 7, 9, 10, 12, 14, 15, 16, 17, 18]]
[[4,8,13,28,44,89],[0, 1, 2, 4, 5, 6, 9, 12, 13, 14, 15, 16]]
[[4,8,13,28,44,89],[0, 1, 3, 4, 9, 10, 11, 12, 13, 14, 15, 16]]
[[4,8,13,28,19,77],[0, 1, 3, 4, 5, 6, 9, 14, 15, 16, 17, 18]]
[[4,8,13,28,24,89],[0, 4, 7, 8, 9, 10, 13, 14, 15, 16, 17, 18]]
[[4,8,13,28,24,77],[0, 4, 6, 10, 11, 13, 15, 16, 17, 18]]
[[4,8,13,28,39,65],[0, 4, 7, 8, 9, 10, 11, 14, 15, 16, 17, 18]]
[[4,8,13,28,24,77],[0, 1, 2, 4, 5, 7, 8, 12, 15, 16, 17, 18]]
[[4,8,13,28,39,65],[0, 4, 5, 6, 9, 12, 13, 14, 15, 16, 17, 18]]
[[4,8,13,28,24,89],[0, 1, 3, 4, 5, 6, 9, 11, 12, 14, 15, 16, 17, 18]]
[[4,8,13,28,19,77],[0, 1, 2, 4, 7, 8, 9, 10, 11, 12, 13, 14, 15, 16, 17, 18]]
[[4,8,13,28,34,95],[1, 3, 4, 9, 11, 14, 15, 16]]
[[4,8,13,28,29,83],[1, 3, 4, 5, 6, 9, 10, 12, 13, 14, 15, 16]]
[[4,8,13,28,39,53],[1, 3, 4, 7, 8, 9, 12, 14, 15, 16]]
[[4,8,13,28,34,95],[1, 3, 4, 5, 6, 7, 10, 13, 15, 18]]
[[4,8,13,28,39,77],[1, 3, 4, 9, 12, 14, 15, 18]]
[[4,8,13,28,29,101],[1, 3, 4, 6, 7, 9, 12, 14, 15, 18]]
[[4,8,13,28,19,77],[4, 5, 8, 10, 11, 12, 15, 18]]
[[4,8,13,28,29,89],[4, 5, 8, 10, 11, 13, 15, 16, 17, 18]]
[[4,8,13,28,39,95],[2, 3, 4, 5, 6, 7, 8, 10, 11, 13, 15, 16, 17, 18]]
[[4,8,13,28,34,77],[1, 2, 4, 7, 8, 11, 15, 16, 17, 18]]
[[4,8,13,28,39,59],[1, 2, 4, 5, 9, 10, 11, 12, 13, 14, 15, 17]]
[[4,8,13,28,29,77],[0, 1, 2, 4, 5, 7, 10, 16, 17, 18]]
[[4,8,13,28,29,77],[0, 2, 3, 4, 7, 9, 14, 16, 17, 18]]
[[4,8,13,28,29,77],[0, 2, 3, 4, 5, 6, 8, 10, 11, 12, 13, 16, 17, 18]]
[[4,8,13,28,29,77],[0, 1, 2, 4, 6, 8, 9, 11, 12, 13, 14, 16, 17, 18]]
[[4,8,13,16,29,101],[0, 2, 4, 5, 7, 8, 10, 11, 17, 18]]
[[4,8,13,16,29,101],[0, 2, 4, 6, 7, 9, 13, 14, 16, 17]]
[[4,8,13,16,39,89],[0, 1, 2, 3, 4, 5, 6, 9, 15, 18]]
[[4,8,13,16,39,89],[0, 1, 4, 5, 6, 7, 8, 9, 15, 18]]
[[4,8,13,16,34,59],[0, 1, 2, 3, 4, 5, 7, 9, 11, 13, 15, 18]]
[[4,8,13,16,34,59],[0, 1, 4, 6, 7, 10, 12, 14, 15, 18]]
[[4,8,13,16,34,59],[0, 1, 2, 3, 4, 6, 8, 10, 12, 14, 15, 18]]
[[4,8,13,16,34,59],[0, 1, 4, 5, 7, 9, 11, 12, 15, 18]]
[[4,8,13,16,39,89],[0, 1, 4, 7, 8, 10, 11, 14, 15, 17]]
[[4,8,13,16,39,89],[0, 1, 2, 3, 4, 7, 8, 10, 11, 12, 13, 14, 15, 17]]
[[4,8,13,16,14,107],[0, 1, 2, 6, 9, 10, 15, 18]]
[[4,8,13,16,19,77],[0, 1, 2, 9, 10, 13, 15, 18]]
[[4,8,13,16,19,77],[0, 1, 3, 5, 8, 9, 15, 18]]
[[4,8,13,16,14,107],[0, 2, 3, 5, 6, 7, 13, 14, 15, 18]]
[[4,8,13,16,54,77],[0, 1, 3, 8, 10, 11, 13, 14, 15, 18]]
[[4,8,13,16,34,77],[0, 5, 7, 9, 12, 13, 15, 18]]
[[4,8,13,16,34,77],[0, 7, 8, 9, 10, 12, 15, 18]]
[[4,8,13,16,54,77],[0, 5, 9, 11, 12, 13, 15, 18]]
[[4,8,13,16,44,83],[0, 1, 2, 4, 5, 6, 7, 11, 15, 18]]
[[4,8,13,16,44,83],[0, 1, 3, 4, 6, 7, 8, 10, 11, 13, 15, 18]]
[[4,8,13,16,29,89],[0, 1, 2, 4, 9, 10, 11, 12, 13, 14, 15, 18]]
[[4,8,13,16,29,89],[0, 4, 5, 8, 9, 11, 12, 14, 15, 18]]
[[4,8,13,16,49,77],[0, 1, 2, 4, 6, 8, 9, 10, 11, 14, 15, 17]]
[[4,8,13,16,49,77],[0, 1, 3, 4, 5, 6, 7, 8, 9, 11, 12, 14, 15, 17]]
[[4,8,13,16,34,95],[1, 2, 4, 5, 7, 8, 9, 10, 12, 14, 15, 16]]
[[4,8,13,16,24,95],[1, 3, 4, 5, 9, 10, 11, 12, 13, 14, 15, 16]]
[[4,8,13,16,34,95],[1, 3, 4, 7, 15, 18]]
[[4,8,13,16,39,83],[1, 2, 4, 5, 6, 10, 11, 13, 15, 18]]
[[4,8,13,16,24,113],[1, 2, 4, 5, 6, 7, 8, 10, 12, 13, 15, 18]]
[[4,8,13,16,19,77],[1, 3, 4, 5, 7, 10, 12, 13, 15, 16, 17, 18]]
[[4,8,13,16,44,47],[1, 3, 4, 7, 9, 11, 12, 14, 15, 16, 17, 18]]
[[4,8,13,16,14,101],[1, 2, 4, 5, 6, 7, 9, 10, 13, 14, 15, 17]]
[[4,8,13,16,24,101],[4, 5, 7, 8, 9, 10, 12, 14, 15, 17]]
[[4,8,13,16,34,59],[0, 1, 2, 4, 6, 8, 9, 13, 14, 16]]
[[4,8,13,16,34,59],[0, 1, 2, 4, 8, 9, 11, 13, 14, 16]]
[[4,8,13,16,49,77],[0, 2, 3, 4, 6, 7, 8, 9, 12, 13, 14, 16]]
[[4,8,13,16,49,77],[0, 2, 3, 4, 7, 8, 9, 11, 12, 13, 14, 16]]
[[4,8,13,16,34,59],[0, 2, 3, 4, 5, 6, 10, 11, 13, 18]]
[[4,8,13,16,34,59],[0, 2, 3, 4, 5, 6, 8, 10, 11, 18]]
[[4,8,13,16,49,77],[0, 1, 2, 4, 5, 6, 7, 10, 11, 12, 13, 18]]
[[4,8,13,16,49,77],[0, 1, 2, 4, 5, 6, 7, 8, 10, 11, 12, 18]]
[[4,8,13,16,34,95],[0, 2, 3, 4, 6, 7, 8, 11, 13, 16, 17, 18]]
[[4,8,13,16,34,95],[0, 1, 2, 4, 6, 7, 8, 11, 13, 16, 17, 18]]
[[4,8,13,16,34,95],[0, 2, 3, 4, 12, 16, 17, 18]]
[[4,8,13,16,34,95],[0, 1, 2, 4, 12, 16, 17, 18]]
[[4,8,13,12,29,101],[0, 1, 3, 7, 10, 11, 12, 14, 15, 16]]
[[4,8,13,12,44,71],[0, 2, 3, 10, 11, 14, 15, 18]]
[[4,8,13,12,34,53],[0, 2, 3, 5, 7, 8, 11, 14, 15, 18]]
[[4,8,13,12,34,83],[0, 2, 3, 5, 7, 12, 13, 14, 15, 18]]
[[4,8,13,12,34,83],[0, 2, 3, 7, 8, 10, 12, 14, 15, 18]]
[[4,8,13,12,34,53],[0, 1, 2, 7, 9, 10, 11, 12, 15, 18]]
[[4,8,13,12,44,71],[0, 1, 3, 5, 8, 11, 12, 14, 15, 18]]
[[4,8,13,12,29,101],[0, 1, 2, 5, 6, 8, 9, 12, 15, 16, 17, 18]]
[[4,8,13,12,39,83],[0, 4, 5, 8, 9, 14, 15, 16]]
[[4,8,13,12,39,83],[0, 1, 3, 4, 6, 8, 9, 10, 11, 14, 15, 16]]
[[4,8,13,12,29,89],[0, 1, 3, 4, 6, 7, 9, 10, 13, 14, 15, 17]]
[[4,8,13,12,29,89],[0, 4, 5, 6, 9, 12, 13, 14, 15, 17]]
[[4,8,13,12,34,71],[1, 3, 4, 5, 7, 9, 10, 11, 13, 14, 15, 16]]
[[4,8,13,12,29,83],[1, 2, 4, 5, 6, 8, 9, 10, 11, 14, 15, 16]]
[[4,8,13,12,39,83],[1, 3, 4, 6, 8, 9, 13, 14, 15, 18]]
[[4,8,13,12,24,65],[1, 3, 4, 5, 7, 8, 10, 11, 15, 18]]
[[4,8,13,12,24,77],[1, 2, 4, 6, 8, 9, 12, 14, 15, 18]]
[[4,8,13,12,19,77],[1, 2, 4, 5, 6, 7, 9, 10, 11, 14, 15, 16, 17, 18]]
[[4,8,13,12,34,59],[0, 2, 3, 4, 5, 6, 7, 8, 9, 10, 12, 13, 14, 16]]
[[4,8,13,12,34,59],[0, 2, 3, 4, 5, 7, 8, 9, 10, 11, 12, 13, 14, 16]]
[[4,8,13,12,34,59],[0, 1, 2, 4, 5, 6, 7, 9, 10, 11, 12, 13, 14, 18]]
[[4,8,13,12,34,59],[0, 1, 2, 4, 5, 6, 7, 8, 9, 10, 11, 12, 14, 18]]
[[4,8,13,12,39,77],[0, 1, 2, 4, 13, 16, 17, 18]]
[[4,8,13,12,39,77],[0, 2, 3, 4, 11, 16, 17, 18]]
[[4,8,13,12,39,77],[0, 4, 6, 7, 8, 12, 13, 16, 17, 18]]
[[4,8,13,12,39,77],[0, 4, 6, 7, 8, 11, 12, 16, 17, 18]]
[[4,8,13,8,14,113],[1, 2, 4, 5, 6, 7, 10, 13, 15, 18]]
[[4,8,13,8,19,71],[1, 2, 4, 7, 8, 11, 12, 13, 15, 18]]
[[4,8,13,44,24,47],[0, 2, 3, 6, 8, 9, 10, 13, 15, 18]]
[[4,8,13,44,24,47],[0, 1, 3, 5, 6, 7, 8, 9, 15, 18]]
[[4,8,7,28,49,95],[0, 1, 2, 3, 4, 5, 6, 8, 10, 13, 17, 18]]
[[4,8,7,28,19,65],[0, 1, 2, 3, 4, 5, 6, 7, 10, 11, 17, 18]]
[[4,8,7,28,19,83],[0, 3, 4, 5, 6, 9, 10, 11, 13, 14, 17, 18]]
[[4,8,7,28,14,83],[0, 3, 4, 5, 7, 8, 10, 12, 17, 18]]
[[4,8,7,28,49,119],[0, 1, 4, 5, 6, 7, 8, 9, 10, 11, 12, 14, 17, 18]]
[[4,8,7,28,29,71],[0, 1, 4, 5, 7, 8, 9, 10, 11, 12, 13, 14, 17, 18]]
[[4,8,7,28,19,65],[0, 1, 2, 3, 4, 7, 8, 9, 13, 14, 16, 17]]
[[4,8,7,28,49,95],[0, 1, 2, 3, 4, 6, 8, 9, 11, 14, 16, 17]]
[[4,8,7,28,19,83],[0, 1, 4, 5, 8, 9, 10, 11, 13, 14, 16, 17]]
[[4,8,7,28,14,83],[0, 1, 4, 6, 7, 9, 12, 14, 16, 17]]
[[4,8,7,28,49,119],[0, 3, 4, 5, 6, 7, 8, 9, 10, 12, 13, 14, 16, 17]]
[[4,8,7,28,29,71],[0, 3, 4, 5, 6, 7, 9, 10, 11, 12, 13, 14, 16, 17]]
[[4,8,7,28,34,83],[0, 1, 4, 5, 6, 7, 9, 10, 12, 14, 15, 16]]
[[4,8,7,28,9,71],[0, 1, 2, 3, 4, 5, 8, 9, 10, 14, 15, 18]]
[[4,8,7,28,34,113],[0, 3, 4, 5, 6, 7, 8, 9, 10, 14, 15, 18]]
[[4,8,7,28,34,83],[0, 3, 4, 7, 12, 13, 15, 18]]
[[4,8,7,28,44,77],[0, 1, 2, 3, 4, 5, 6, 7, 8, 9, 10, 11, 12, 14, 15, 18]]
[[4,8,7,28,44,77],[0, 1, 2, 3, 4, 11, 15, 16, 17, 18]]
[[4,8,7,28,34,113],[0, 1, 4, 7, 8, 11, 15, 16, 17, 18]]
[[4,8,7,28,9,71],[0, 1, 2, 3, 4, 7, 8, 11, 12, 13, 15, 16, 17, 18]]
[[4,8,7,28,29,89],[4, 5, 6, 7, 8, 9, 10, 12, 13, 14, 15, 16]]
[[4,8,7,32,29,77],[0, 1, 2, 3, 4, 5, 6, 10, 16, 18]]
[[4,8,7,32,29,77],[0, 1, 2, 3, 4, 8, 9, 14, 16, 18]]
[[4,8,7,32,9,71],[0, 1, 4, 5, 6, 8, 10, 13, 17, 18]]
[[4,8,7,32,29,77],[0, 1, 4, 5, 9, 10, 13, 14, 17, 18]]
[[4,8,7,32,29,59],[0, 3, 4, 5, 6, 8, 10, 11, 17, 18]]
[[4,8,7,32,29,59],[0, 1, 4, 6, 8, 9, 13, 14, 16, 17]]
[[4,8,7,32,29,77],[0, 3, 4, 5, 9, 10, 11, 14, 16, 17]]
[[4,8,7,32,9,71],[0, 3, 4, 6, 8, 9, 11, 14, 16, 17]]
[[4,8,7,32,34,107],[0, 1, 2, 3, 4, 6, 7, 9, 11, 14, 15, 16]]
[[4,8,7,32,34,107],[0, 1, 2, 3, 4, 6, 9, 11, 12, 14, 15, 16]]
[[4,8,7,32,34,83],[0, 1, 4, 5, 10, 13, 15, 18]]
[[4,8,7,32,34,83],[0, 3, 4, 5, 8, 10, 11, 13, 15, 18]]
[[4,8,7,32,39,89],[4, 5, 6, 10, 12, 13, 15, 18]]
[[4,8,7,24,59,89],[0, 2, 4, 5, 6, 7, 8, 10, 12, 13, 16, 18]]
[[4,8,7,24,14,59],[0, 1, 2, 3, 4, 5, 6, 7, 9, 10, 12, 14, 16, 18]]
[[4,8,7,24,14,59],[0, 1, 2, 3, 4, 5, 7, 8, 9, 10, 12, 14, 16, 18]]
[[4,8,7,24,59,89],[0, 2, 4, 6, 7, 8, 9, 11, 12, 14, 16, 18]]
[[4,8,7,24,39,101],[0, 1, 4, 5, 7, 8, 10, 13, 17, 18]]
[[4,8,7,24,49,77],[0, 3, 4, 5, 6, 7, 8, 9, 10, 11, 13, 14, 17, 18]]
[[4,8,7,24,44,101],[0, 1, 4, 5, 6, 9, 10, 12, 13, 14, 17, 18]]
[[4,8,7,24,19,77],[0, 3, 4, 5, 6, 8, 10, 11, 12, 13, 17, 18]]
[[4,8,7,24,54,83],[0, 1, 2, 3, 4, 5, 8, 9, 10, 11, 12, 14, 17, 18]]
[[4,8,7,24,39,101],[0, 3, 4, 6, 7, 9, 11, 14, 16, 17]]
[[4,8,7,24,49,77],[0, 1, 4, 5, 6, 7, 8, 9, 10, 11, 13, 14, 16, 17]]
[[4,8,7,24,54,83],[0, 1, 2, 3, 4, 5, 6, 9, 10, 12, 13, 14, 16, 17]]
[[4,8,7,24,19,77],[0, 1, 4, 6, 8, 9, 11, 12, 13, 14, 16, 17]]
[[4,8,7,24,44,101],[0, 3, 4, 5, 8, 9, 10, 11, 12, 14, 16, 17]]
[[4,8,7,24,14,65],[0, 1, 2, 3, 4, 7, 8, 9, 10, 11, 15, 18]]
[[4,8,7,24,14,65],[0, 1, 2, 3, 4, 5, 6, 12, 13, 14, 15, 18]]
[[4,8,7,24,14,65],[0, 1, 4, 5, 6, 7, 8, 12, 13, 14, 15, 18]]
[[4,8,7,24,14,65],[0, 1, 4, 7, 8, 9, 10, 11, 12, 13, 15, 18]]
[[4,8,7,24,29,65],[0, 1, 2, 3, 4, 5, 6, 7, 8, 9, 10, 14, 15, 16]]
[[4,8,7,24,29,47],[0, 1, 2, 3, 4, 5, 6, 7, 8, 9, 10, 12, 13, 14, 15, 16]]
[[4,8,7,24,74,71],[0, 1, 2, 3, 4, 5, 8, 9, 10, 11, 12, 14, 15, 16]]
[[4,8,7,24,49,101],[0, 1, 4, 7, 11, 13, 15, 18]]
[[4,8,7,24,74,71],[0, 1, 2, 3, 4, 7, 8, 11, 15, 18]]
[[4,8,7,24,29,65],[0, 1, 2, 3, 4, 11, 12, 13, 15, 18]]
[[4,8,7,24,29,47],[0, 1, 2, 3, 4, 13, 15, 16, 17, 18]]
[[4,8,7,24,49,101],[0, 3, 4, 5, 7, 8, 9, 10, 11, 14, 15, 17]]
[[4,8,7,24,9,53],[0, 1, 3, 4, 6, 7, 9, 10, 11, 14, 15, 16, 17, 18]]
[[4,8,7,24,24,53],[0, 4, 5, 7, 9, 11, 13, 14, 15, 16, 17, 18]]
[[4,8,7,24,24,53],[0, 4, 6, 8, 9, 10, 12, 14, 15, 16, 17, 18]]
[[4,8,7,24,9,53],[0, 4, 5, 8, 9, 12, 13, 14, 15, 16, 17, 18]]
[[4,8,7,24,34,95],[1, 3, 4, 7, 8, 9, 11, 12, 13, 14, 15, 16]]
[[4,8,7,24,34,53],[4, 5, 7, 8, 10, 12, 15, 18]]
[[4,8,7,24,24,89],[4, 5, 8, 10, 15, 16, 17, 18]]
[[4,8,7,20,69,77],[0, 3, 4, 5, 7, 9, 10, 14, 17, 18]]
[[4,8,7,20,64,77],[0, 2, 4, 5, 6, 7, 8, 10, 11, 13, 17, 18]]
[[4,8,7,20,9,83],[0, 2, 4, 5, 10, 12, 17, 18]]
[[4,8,7,20,34,101],[0, 3, 4, 5, 6, 8, 10, 12, 17, 18]]
[[4,8,7,20,69,77],[0, 1, 4, 5, 7, 9, 10, 14, 16, 17]]
[[4,8,7,20,64,77],[0, 2, 4, 6, 7, 8, 9, 11, 13, 14, 16, 17]]
[[4,8,7,20,9,83],[0, 2, 4, 9, 12, 14, 16, 17]]
[[4,8,7,20,34,101],[0, 1, 4, 6, 8, 9, 12, 14, 16, 17]]
[[4,8,7,20,24,71],[0, 3, 4, 5, 6, 8, 13, 14, 15, 16]]
[[4,8,7,20,24,71],[0, 3, 4, 6, 9, 10, 15, 18]]
[[4,8,7,20,24,35],[0, 3, 4, 9, 10, 13, 15, 18]]
[[4,8,7,20,24,35],[0, 3, 4, 5, 8, 14, 15, 18]]
[[4,8,7,20,24,71],[0, 3, 4, 6, 7, 8, 10, 14, 15, 18]]
[[4,8,7,20,24,71],[0, 3, 4, 5, 6, 7, 9, 13, 15, 16, 17, 18]]
[[4,8,7,20,29,83],[0, 1, 4, 6, 7, 9, 13, 14, 15, 16]]
[[4,8,7,20,39,77],[0, 1, 2, 3, 4, 7, 8, 9, 13, 14, 15, 16]]
[[4,8,7,20,34,59],[0, 1, 2, 3, 4, 5, 7, 8, 9, 10, 11, 14, 15, 16]]
[[4,8,7,20,29,77],[0, 1, 4, 6, 8, 9, 12, 14, 15, 16]]
[[4,8,7,20,39,77],[0, 1, 2, 3, 4, 8, 9, 12, 13, 14, 15, 16]]
[[4,8,7,20,64,77],[0, 1, 4, 6, 8, 9, 11, 12, 13, 14, 15, 16]]
[[4,8,7,20,34,83],[0, 3, 4, 6, 7, 8, 15, 18]]
[[4,8,7,20,19,65],[0, 1, 4, 5, 6, 7, 10, 11, 15, 18]]
[[4,8,7,20,49,59],[0, 3, 4, 8, 12, 13, 15, 18]]
[[4,8,7,20,34,59],[0, 1, 2, 3, 4, 8, 11, 12, 15, 18]]
[[4,8,7,20,19,65],[0, 3, 4, 5, 7, 10, 15, 16, 17, 18]]
[[4,8,7,20,29,83],[0, 3, 4, 7, 9, 11, 13, 14, 15, 16, 17, 18]]
[[4,8,7,20,34,83],[0, 1, 4, 5, 7, 8, 9, 10, 11, 14, 15, 16, 17, 18]]
[[4,8,7,20,29,77],[0, 3, 4, 6, 9, 12, 13, 14, 15, 16, 17, 18]]
[[4,8,7,20,49,59],[0, 1, 4, 5, 9, 10, 12, 14, 15, 17]]
[[4,8,7,20,64,77],[0, 3, 4, 6, 9, 11, 12, 14, 15, 17]]
[[4,8,7,20,49,95],[0, 1, 3, 4, 5, 6, 7, 13, 15, 16, 17, 18]]
[[4,8,7,20,49,95],[0, 1, 3, 4, 8, 10, 11, 12, 15, 16, 17, 18]]
[[4,8,7,20,39,77],[4, 5, 8, 9, 10, 11, 12, 14, 15, 16]]
[[4,8,7,20,49,89],[2, 3, 4, 5, 7, 10, 15, 16, 17, 18]]
[[4,8,7,20,19,95],[2, 3, 4, 5, 6, 10, 12, 13, 15, 16, 17, 18]]
[[4,8,7,20,34,101],[2, 3, 4, 5, 8, 10, 11, 12, 15, 16, 17, 18]]
[[4,8,7,20,49,89],[4, 5, 6, 8, 9, 10, 13, 14, 15, 17]]
[[4,8,7,20,64,59],[0, 2, 3, 4, 8, 9, 12, 13, 14, 16]]
[[4,8,7,20,64,59],[0, 1, 3, 4, 6, 8, 9, 11, 12, 13, 14, 16]]
[[4,8,7,20,64,59],[0, 1, 2, 4, 5, 6, 10, 11, 12, 18]]
[[4,8,7,20,64,59],[0, 1, 3, 4, 5, 6, 8, 10, 11, 12, 13, 18]]
[[4,8,7,16,49,83],[0, 3, 4, 5, 6, 7, 9, 10, 12, 14, 17, 18]]
[[4,8,7,16,34,77],[0, 1, 4, 5, 8, 9, 10, 11, 12, 14, 17, 18]]
[[4,8,7,16,34,77],[0, 3, 4, 5, 6, 9, 10, 12, 13, 14, 16, 17]]
[[4,8,7,16,49,83],[0, 1, 4, 5, 7, 8, 9, 10, 12, 14, 16, 17]]
[[4,8,7,16,29,53],[0, 3, 4, 6, 8, 10, 13, 14, 15, 16]]
[[4,8,7,16,14,71],[0, 1, 4, 7, 10, 12, 13, 14, 15, 16]]
[[4,8,7,16,29,53],[0, 3, 4, 5, 6, 9, 15, 18]]
[[4,8,7,16,24,101],[0, 2, 4, 5, 8, 9, 15, 18]]
[[4,8,7,16,29,53],[0, 3, 4, 5, 6, 7, 8, 9, 15, 18]]
[[4,8,7,16,14,71],[0, 1, 2, 3, 4, 5, 6, 8, 11, 14, 15, 18]]
[[4,8,7,16,39,47],[0, 1, 2, 3, 4, 5, 7, 8, 11, 14, 15, 18]]
[[4,8,7,16,39,47],[0, 1, 2, 3, 4, 6, 9, 10, 12, 13, 15, 18]]
[[4,8,7,16,39,47],[0, 1, 4, 6, 7, 8, 10, 12, 13, 14, 15, 18]]
[[4,8,7,16,14,71],[0, 1, 4, 5, 6, 7, 9, 11, 12, 13, 15, 18]]
[[4,8,7,16,39,47],[0, 1, 4, 5, 7, 8, 9, 11, 12, 13, 15, 18]]
[[4,8,7,16,29,53],[0, 3, 4, 6, 7, 10, 13, 14, 15, 16, 17, 18]]
[[4,8,7,16,14,71],[0, 1, 2, 3, 4, 7, 9, 10, 12, 13, 15, 16, 17, 18]]
[[4,8,7,16,24,101],[0, 2, 4, 7, 8, 10, 12, 14, 15, 17]]
[[4,8,7,16,24,47],[0, 3, 4, 5, 6, 7, 10, 12, 15, 18]]
[[4,8,7,16,24,47],[0, 1, 4, 5, 6, 7, 8, 10, 11, 12, 15, 18]]
[[4,8,7,16,34,89],[0, 4, 9, 10, 13, 14, 15, 16]]
[[4,8,7,16,34,89],[0, 1, 3, 4, 5, 6, 9, 11, 13, 14, 15, 16]]
[[4,8,7,16,14,77],[0, 4, 5, 7, 9, 12, 13, 14, 15, 18]]
[[4,8,7,16,14,77],[0, 4, 7, 8, 9, 10, 12, 14, 15, 18]]
[[4,8,7,16,64,77],[0, 4, 5, 7, 9, 11, 13, 14, 15, 17]]
[[4,8,7,16,34,77],[0, 4, 7, 8, 9, 10, 11, 14, 15, 17]]
[[4,8,7,16,64,77],[0, 1, 3, 4, 9, 10, 11, 12, 13, 14, 15, 17]]
[[4,8,7,16,34,77],[0, 1, 3, 4, 5, 8, 9, 11, 12, 14, 15, 17]]
[[4,8,7,16,34,77],[4, 5, 10, 11, 12, 13, 15, 18]]
[[4,8,7,16,39,89],[1, 2, 4, 9, 11, 12, 13, 14, 15, 18]]
[[4,8,7,16,64,77],[4, 5, 9, 10, 11, 14, 15, 16, 17, 18]]
[[4,8,7,16,69,65],[0, 1, 2, 4, 6, 7, 8, 9, 14, 16]]
[[4,8,7,16,69,65],[0, 1, 3, 4, 7, 8, 9, 11, 14, 16]]
[[4,8,7,16,74,59],[0, 1, 3, 4, 6, 8, 9, 12, 14, 16]]
[[4,8,7,16,19,65],[0, 2, 3, 4, 5, 6, 8, 9, 10, 12, 14, 16]]
[[4,8,7,16,74,59],[0, 1, 2, 4, 8, 9, 11, 12, 14, 16]]
[[4,8,7,16,19,65],[0, 4, 5, 8, 9, 10, 11, 12, 14, 16]]
[[4,8,7,16,69,65],[0, 1, 3, 4, 5, 6, 7, 10, 13, 18]]
[[4,8,7,16,69,65],[0, 2, 3, 4, 5, 6, 7, 8, 10, 18]]
[[4,8,7,16,74,59],[0, 2, 3, 4, 5, 6, 10, 12, 13, 18]]
[[4,8,7,16,74,59],[0, 1, 3, 4, 5, 6, 8, 10, 12, 18]]
[[4,8,7,16,19,65],[0, 4, 5, 6, 9, 10, 12, 13, 14, 18]]
[[4,8,7,16,19,65],[0, 1, 2, 4, 5, 6, 8, 9, 10, 12, 14, 18]]
[[4,8,7,16,34,53],[0, 4, 9, 13, 14, 16, 17, 18]]
[[4,8,7,16,34,53],[0, 4, 5, 10, 11, 16, 17, 18]]
[[4,8,7,16,34,53],[0, 2, 3, 4, 5, 6, 7, 8, 10, 12, 13, 16, 17, 18]]
[[4,8,7,16,34,53],[0, 1, 2, 4, 6, 7, 8, 9, 11, 12, 14, 16, 17, 18]]
[[4,8,7,16,54,77],[0, 2, 3, 4, 5, 9, 10, 13, 14, 17]]
[[4,8,7,16,54,77],[0, 1, 2, 4, 5, 9, 10, 11, 14, 17]]
[[4,8,7,16,54,77],[0, 4, 5, 7, 9, 10, 12, 13, 14, 17]]
[[4,8,7,16,54,77],[0, 4, 5, 7, 9, 10, 11, 12, 14, 17]]
[[4,8,7,36,14,59],[0, 1, 4, 5, 6, 8, 9, 10, 12, 14, 16, 18]]
[[4,8,7,36,14,59],[0, 3, 4, 5, 6, 8, 9, 10, 12, 14, 16, 18]]
[[4,8,7,36,24,89],[0, 1, 4, 6, 7, 9, 11, 12, 13, 14, 15, 16]]
[[4,8,7,36,24,89],[0, 3, 4, 7, 9, 11, 12, 14, 15, 16]]
[[4,8,7,36,29,77],[0, 1, 4, 6, 11, 12, 15, 18]]
[[4,8,7,36,29,77],[0, 3, 4, 5, 9, 10, 12, 14, 15, 16, 17, 18]]
[[4,8,7,12,39,53],[0, 1, 2, 3, 4, 5, 6, 9, 10, 14, 17, 18]]
[[4,8,7,12,39,53],[0, 1, 2, 3, 4, 5, 8, 9, 10, 14, 16, 17]]
[[4,8,7,12,44,77],[0, 2, 4, 5, 6, 12, 13, 14, 15, 16]]
[[4,8,7,12,44,41],[0, 1, 4, 6, 9, 10, 15, 18]]
[[4,8,7,12,44,77],[0, 2, 4, 6, 7, 9, 10, 13, 15, 18]]
[[4,8,7,12,44,77],[0, 2, 4, 6, 8, 9, 10, 13, 15, 18]]
[[4,8,7,12,44,41],[0, 1, 2, 3, 4, 6, 7, 8, 10, 14, 15, 18]]
[[4,8,7,12,44,41],[0, 1, 4, 5, 11, 14, 15, 18]]
[[4,8,7,12,44,41],[0, 1, 2, 3, 4, 5, 9, 11, 12, 13, 15, 18]]
[[4,8,7,12,44,77],[0, 2, 4, 5, 6, 7, 8, 12, 13, 14, 15, 16, 17, 18]]
[[4,8,7,12,44,71],[0, 1, 4, 9, 13, 14, 15, 16]]
[[4,8,7,12,44,71],[0, 3, 4, 8, 9, 11, 13, 14, 15, 16]]
[[4,8,7,12,39,65],[0, 1, 4, 9, 12, 14, 15, 16]]
[[4,8,7,12,39,65],[0, 3, 4, 8, 9, 12, 13, 14, 15, 17]]
[[4,8,7,12,54,53],[0, 1, 3, 4, 5, 7, 9, 12, 13, 14, 15, 16]]
[[4,8,7,12,54,53],[0, 4, 6, 7, 9, 10, 11, 12, 13, 14, 15, 16]]
[[4,8,7,12,59,53],[0, 1, 3, 4, 5, 6, 7, 12, 15, 18]]
[[4,8,7,12,59,53],[0, 4, 6, 7, 8, 10, 12, 13, 15, 18]]
[[4,8,7,12,9,65],[1, 2, 4, 5, 7, 9, 10, 14, 15, 16]]
[[4,8,7,12,49,65],[4, 5, 6, 7, 9, 10, 11, 14, 15, 16]]
[[4,8,7,12,14,83],[1, 3, 4, 6, 7, 8, 11, 12, 15, 18]]
[[4,8,7,12,49,59],[0, 1, 3, 4, 6, 16, 17, 18]]
[[4,8,7,12,49,59],[0, 1, 3, 4, 8, 16, 17, 18]]
[[4,8,7,12,49,59],[0, 2, 3, 4, 6, 7, 11, 12, 13, 16, 17, 18]]
[[4,8,7,12,49,59],[0, 1, 2, 4, 7, 8, 11, 12, 13, 16, 17, 18]]
[[4,8,7,12,59,65],[0, 4, 5, 6, 9, 10, 11, 13, 14, 17]]
[[4,8,7,12,59,65],[0, 4, 5, 8, 9, 10, 11, 13, 14, 17]]
[[4,8,7,12,59,65],[0, 2, 3, 4, 5, 6, 7, 9, 10, 11, 12, 13, 14, 17]]
[[4,8,7,12,59,65],[0, 1, 2, 4, 5, 7, 8, 9, 10, 11, 12, 13, 14, 17]]
[[4,8,7,40,24,71],[0, 3, 4, 8, 9, 12, 13, 14, 16, 18]]
[[4,8,7,40,24,71],[0, 1, 4, 5, 6, 10, 11, 12, 16, 18]]
[[4,8,7,40,24,83],[0, 3, 4, 5, 7, 8, 10, 11, 12, 13, 17, 18]]
[[4,8,7,40,24,83],[0, 1, 4, 6, 7, 9, 11, 12, 13, 14, 16, 17]]
[[4,8,7,40,29,77],[0, 3, 4, 5, 7, 9, 10, 14, 15, 16]]
[[4,8,7,40,29,77],[0, 1, 4, 6, 7, 11, 15, 16, 17, 18]]
[[4,8,7,8,44,53],[0, 5, 6, 9, 15, 18]]
[[4,8,7,8,44,53],[0, 1, 2, 6, 7, 9, 10, 13, 15, 18]]
[[4,8,7,8,39,53],[0, 1, 2, 5, 7, 9, 11, 13, 15, 18]]
[[4,8,7,8,34,53],[0, 1, 2, 7, 8, 9, 10, 11, 15, 18]]
[[4,8,7,8,34,53],[0, 5, 7, 9, 11, 12, 15, 18]]
[[4,8,7,8,39,53],[0, 7, 8, 9, 10, 11, 12, 13, 15, 18]]
[[4,8,7,44,24,71],[0, 1, 4, 5, 7, 9, 10, 11, 12, 14, 15, 16]]
[[4,8,7,44,24,71],[0, 3, 4, 7, 8, 12, 15, 18]]
[[4,8,4,16,24,68],[0, 2, 4, 5, 7, 8, 10, 12, 17, 18]]
[[4,8,4,16,24,68],[0, 2, 4, 6, 7, 9, 12, 14, 16, 17]]
[[4,8,4,16,34,80],[0, 2, 4, 5, 8, 9, 10, 14, 15, 16]]
[[4,8,4,16,29,62],[0, 1, 4, 5, 8, 9, 10, 11, 13, 14, 15, 16]]
[[4,8,4,16,44,74],[0, 1, 2, 3, 4, 5, 6, 9, 10, 12, 13, 14, 15, 16]]
[[4,8,4,16,39,68],[0, 3, 4, 9, 11, 12, 13, 14, 15, 16]]
[[4,8,4,16,44,74],[0, 1, 2, 3, 4, 6, 7, 13, 15, 18]]
[[4,8,4,16,39,44],[0, 3, 4, 5, 6, 8, 10, 13, 15, 18]]
[[4,8,4,16,39,44],[0, 1, 4, 5, 8, 10, 15, 18]]
[[4,8,4,16,19,68],[0, 1, 4, 6, 7, 8, 15, 18]]
[[4,8,4,16,29,62],[0, 3, 4, 6, 8, 11, 15, 18]]
[[4,8,4,16,44,80],[0, 1, 2, 3, 4, 7, 11, 12, 15, 18]]
[[4,8,4,16,34,80],[0, 2, 4, 6, 7, 12, 15, 16, 17, 18]]
[[4,8,4,16,19,68],[0, 3, 4, 5, 6, 7, 9, 10, 13, 14, 15, 17]]
[[4,8,4,16,44,80],[0, 1, 2, 3, 4, 5, 6, 8, 9, 10, 11, 14, 15, 17]]
[[4,8,4,16,39,68],[0, 1, 4, 6, 9, 12, 13, 14, 15, 17]]
[[4,8,4,16,14,56],[4, 5, 6, 9, 10, 14, 15, 16]]
[[4,8,4,28,29,62],[0, 1, 2, 3, 4, 5, 6, 7, 8, 9, 10, 12, 13, 14, 17, 18]]
[[4,8,4,28,29,62],[0, 1, 2, 3, 4, 5, 6, 7, 8, 9, 10, 11, 12, 14, 16, 17]]
[[4,8,4,28,54,92],[0, 3, 4, 6, 7, 9, 13, 14, 15, 16]]
[[4,8,4,28,24,56],[0, 1, 2, 3, 4, 5, 6, 7, 9, 10, 13, 14, 15, 16]]
[[4,8,4,28,24,56],[0, 1, 2, 3, 4, 6, 12, 13, 15, 18]]
[[4,8,4,28,39,68],[0, 1, 4, 8, 12, 13, 15, 18]]
[[4,8,4,28,44,80],[0, 3, 4, 5, 6, 9, 10, 12, 13, 14, 15, 18]]
[[4,8,4,28,44,80],[0, 1, 4, 6, 8, 12, 15, 16, 17, 18]]
[[4,8,4,28,39,68],[0, 3, 4, 5, 6, 8, 9, 10, 11, 12, 13, 14, 15, 16, 17, 18]]
[[4,8,4,28,54,92],[0, 1, 4, 6, 7, 8, 9, 14, 15, 17]]
[[4,8,4,24,29,104],[0, 2, 4, 5, 6, 8, 10, 11, 17, 18]]
[[4,8,4,24,29,104],[0, 2, 4, 6, 8, 9, 13, 14, 16, 17]]
[[4,8,4,24,74,80],[0, 1, 2, 3, 4, 8, 11, 13, 15, 18]]
[[4,8,4,24,74,80],[0, 1, 2, 3, 4, 5, 7, 8, 9, 10, 12, 14, 15, 17]]
[[4,8,4,20,54,86],[0, 3, 4, 5, 10, 11, 12, 13, 17, 18]]
[[4,8,4,20,54,86],[0, 1, 4, 9, 11, 12, 13, 14, 16, 17]]
[[4,8,4,20,14,50],[0, 1, 2, 3, 4, 9, 11, 14, 15, 16]]
[[4,8,4,20,69,74],[0, 3, 4, 7, 8, 9, 11, 14, 15, 16]]
[[4,8,4,20,29,68],[0, 1, 2, 3, 4, 7, 8, 9, 12, 14, 15, 16]]
[[4,8,4,20,9,62],[0, 3, 4, 7, 11, 13, 15, 18]]
[[4,8,4,20,9,62],[0, 1, 4, 5, 6, 7, 9, 10, 13, 14, 15, 16, 17, 18]]
[[4,8,4,20,14,50],[0, 1, 2, 3, 4, 6, 7, 8, 9, 11, 12, 14, 15, 16, 17, 18]]
[[4,8,4,20,69,74],[0, 1, 4, 7, 9, 11, 13, 14, 15, 17]]
[[4,8,4,20,29,68],[0, 1, 2, 3, 4, 8, 9, 11, 13, 14, 15, 17]]
[[4,8,4,8,34,44],[0, 2, 4, 5, 6, 8, 10, 13, 15, 18]]
[[4,8,4,8,34,44],[0, 2, 4, 5, 6, 7, 8, 10, 11, 12, 15, 16, 17, 18]]
[[4,8,25,16,24,101],[0, 2, 4, 9, 10, 13, 15, 18]]
[[4,8,25,16,24,101],[0, 2, 4, 5, 7, 12, 13, 14, 15, 17]]
[[4,8,25,16,29,71],[0, 1, 3, 5, 6, 7, 8, 11, 13, 14, 15, 16]]
[[4,8,25,16,29,83],[0, 2, 3, 5, 6, 8, 9, 13, 15, 18]]
[[4,8,25,16,29,83],[0, 1, 3, 6, 7, 8, 10, 14, 15, 18]]
[[4,8,25,16,24,89],[0, 1, 3, 5, 6, 12, 13, 14, 15, 18]]
[[4,8,25,16,24,89],[0, 2, 3, 6, 7, 10, 12, 14, 15, 18]]
[[4,8,25,16,29,71],[0, 2, 3, 7, 8, 10, 13, 14, 15, 16, 17, 18]]
[[4,8,25,16,24,83],[0, 1, 2, 4, 5, 6, 9, 14, 15, 18]]
[[4,8,25,16,24,83],[0, 2, 3, 4, 6, 8, 9, 10, 13, 14, 15, 18]]
[[4,8,25,16,34,83],[0, 1, 2, 4, 8, 10, 11, 13, 15, 16, 17, 18]]
[[4,8,25,16,34,83],[0, 1, 3, 4, 5, 6, 7, 12, 15, 16, 17, 18]]
[[4,8,25,16,34,77],[0, 1, 2, 4, 9, 10, 11, 14, 15, 17]]
[[4,8,25,16,34,77],[0, 4, 5, 7, 9, 11, 12, 14, 15, 17]]
[[4,8,25,20,29,65],[0, 1, 2, 4, 5, 7, 9, 14, 15, 16]]
[[4,8,25,20,29,65],[0, 4, 6, 7, 9, 10, 11, 14, 15, 16]]
[[4,8,25,20,29,65],[0, 2, 3, 4, 5, 6, 7, 11, 15, 18]]
[[4,8,25,20,29,65],[0, 4, 6, 7, 8, 10, 11, 13, 15, 18]]
[[4,8,25,12,24,89],[0, 2, 3, 4, 6, 8, 9, 10, 11, 14, 15, 16, 17, 18]]
[[4,8,25,12,24,89],[0, 1, 3, 4, 5, 7, 9, 12, 13, 14, 15, 16, 17, 18]]
[[4,12,10,32,34,84],[0, 3, 4, 8, 9, 14, 15, 16]]
[[4,12,10,32,19,84],[0, 2, 4, 5, 6, 7, 9, 10, 11, 14, 15, 16]]
[[4,12,10,32,24,54],[0, 1, 2, 3, 4, 5, 7, 9, 10, 11, 13, 14, 15, 16]]
[[4,12,10,32,34,84],[0, 1, 4, 9, 11, 14, 15, 18]]
[[4,12,10,32,39,72],[0, 1, 2, 3, 4, 5, 6, 7, 9, 10, 11, 14, 15, 18]]
[[4,12,10,32,24,54],[0, 1, 2, 3, 4, 6, 8, 12, 15, 18]]
[[4,12,10,32,19,84],[0, 2, 4, 8, 12, 13, 15, 18]]
[[4,12,10,32,39,72],[0, 1, 2, 3, 4, 6, 11, 12, 15, 18]]
[[4,12,10,32,24,72],[0, 1, 3, 4, 9, 10, 11, 14, 15, 18]]
[[4,12,10,32,24,72],[0, 4, 5, 8, 9, 11, 13, 14, 15, 18]]
[[4,12,10,32,24,72],[0, 1, 3, 4, 6, 7, 9, 10, 11, 14, 15, 17]]
[[4,12,10,32,24,72],[0, 1, 3, 4, 5, 6, 9, 11, 12, 14, 15, 17]]
[[4,12,10,32,19,66],[2, 3, 4, 5, 6, 7, 8, 10, 15, 16, 17, 18]]
[[4,12,10,32,34,72],[1, 2, 4, 5, 7, 8, 9, 10, 11, 14, 15, 17]]
[[4,12,10,32,24,84],[2, 3, 4, 5, 9, 10, 12, 14, 15, 17]]
[[4,12,10,28,19,90],[0, 1, 4, 5, 6, 7, 9, 10, 13, 14, 16, 18]]
[[4,12,10,28,19,90],[0, 3, 4, 5, 7, 8, 9, 10, 11, 14, 16, 18]]
[[4,12,10,28,29,72],[0, 1, 4, 5, 6, 7, 8, 9, 10, 14, 17, 18]]
[[4,12,10,28,29,72],[0, 3, 4, 5, 6, 7, 8, 9, 10, 14, 16, 17]]
[[4,12,10,28,44,66],[0, 3, 4, 6, 7, 8, 9, 11, 12, 14, 15, 16]]
[[4,12,10,28,34,66],[0, 1, 4, 7, 8, 12, 15, 18]]
[[4,12,10,28,34,66],[0, 3, 4, 5, 6, 7, 8, 9, 10, 12, 13, 14, 15, 18]]
[[4,12,10,28,44,66],[0, 1, 4, 7, 8, 9, 11, 12, 13, 14, 15, 18]]
[[4,12,10,28,29,72],[0, 1, 3, 4, 5, 6, 7, 8, 9, 14, 15, 16, 17, 18]]
[[4,12,10,28,24,72],[0, 1, 3, 4, 6, 8, 9, 10, 11, 14, 15, 16, 17, 18]]
[[4,12,10,28,24,72],[0, 2, 3, 4, 5, 7, 9, 12, 13, 14, 15, 16, 17, 18]]
[[4,12,10,28,29,72],[0, 1, 3, 4, 9, 10, 11, 12, 13, 14, 15, 16, 17, 18]]
[[4,12,10,28,34,84],[2, 3, 4, 5, 8, 9, 10, 11, 13, 14, 15, 16]]
[[4,12,10,28,24,90],[2, 3, 4, 5, 6, 8, 9, 10, 13, 14, 15, 18]]
[[4,12,10,28,29,78],[2, 3, 4, 5, 6, 8, 9, 10, 11, 14, 15, 18]]
[[4,12,10,28,14,90],[1, 2, 4, 5, 10, 12, 15, 18]]
[[4,12,10,28,34,90],[2, 3, 4, 5, 6, 7, 8, 10, 12, 13, 15, 18]]
[[4,12,10,28,19,84],[1, 3, 4, 5, 7, 9, 10, 11, 12, 14, 15, 18]]
[[4,12,10,40,24,48],[0, 1, 2, 4, 5, 6, 9, 11, 12, 14, 15, 18]]
[[4,12,10,40,24,48],[0, 1, 3, 4, 6, 8, 9, 10, 11, 12, 13, 14, 15, 18]]
[[4,12,10,24,39,84],[0, 2, 4, 6, 7, 9, 11, 14, 15, 16]]
[[4,12,10,24,34,96],[0, 3, 4, 6, 7, 9, 11, 12, 13, 14, 15, 16]]
[[4,12,10,24,24,84],[0, 1, 2, 3, 4, 7, 8, 9, 13, 14, 15, 18]]
[[4,12,10,24,24,84],[0, 1, 2, 3, 4, 8, 9, 12, 13, 14, 15, 18]]
[[4,12,10,24,39,84],[0, 2, 4, 8, 9, 12, 13, 14, 15, 18]]
[[4,12,10,24,34,96],[0, 1, 4, 6, 7, 8, 9, 12, 13, 14, 15, 18]]
[[4,12,10,24,29,66],[0, 1, 3, 4, 6, 7, 9, 10, 13, 14, 15, 16, 17, 18]]
[[4,12,10,24,29,66],[0, 1, 3, 4, 5, 8, 9, 11, 12, 14, 15, 16, 17, 18]]
[[4,12,10,24,54,66],[1, 2, 4, 7, 8, 9, 11, 14, 15, 16]]
[[4,12,10,24,34,78],[1, 3, 4, 5, 6, 7, 8, 9, 10, 12, 13, 14, 15, 16]]
[[4,12,10,24,34,78],[1, 3, 4, 9, 13, 14, 15, 18]]
[[4,12,10,24,34,72],[4, 5, 7, 9, 10, 14, 15, 18]]
[[4,12,10,24,39,78],[2, 3, 4, 5, 8, 9, 10, 11, 13, 14, 15, 18]]
[[4,12,10,24,44,60],[4, 5, 9, 10, 12, 14, 15, 18]]
[[4,12,10,20,54,72],[0, 1, 2, 3, 4, 6, 7, 11, 15, 18]]
[[4,12,10,20,19,108],[0, 2, 4, 8, 11, 13, 15, 18]]
[[4,12,10,20,54,72],[0, 1, 2, 3, 4, 5, 6, 9, 10, 11, 12, 14, 15, 18]]
[[4,12,10,20,19,108],[0, 2, 4, 5, 6, 7, 9, 10, 11, 12, 13, 14, 15, 16, 17, 18]]
[[4,12,10,20,39,60],[0, 1, 3, 4, 5, 6, 9, 14, 15, 18]]
[[4,12,10,20,39,60],[0, 4, 6, 8, 9, 10, 13, 14, 15, 18]]
[[4,12,10,20,14,108],[0, 1, 3, 4, 5, 6, 9, 11, 13, 14, 15, 18]]
[[4,12,10,20,14,108],[0, 1, 3, 4, 6, 8, 9, 10, 11, 14, 15, 18]]
[[4,12,10,20,34,60],[0, 4, 6, 7, 9, 10, 11, 12, 13, 14, 15, 18]]
[[4,12,10,20,34,60],[0, 4, 5, 6, 7, 8, 9, 11, 12, 14, 15, 18]]
[[4,12,10,20,29,72],[4, 5, 7, 8, 9, 10, 11, 14, 15, 16]]
[[4,12,10,20,34,90],[1, 3, 4, 5, 8, 9, 10, 11, 12, 14, 15, 16]]
[[4,12,10,20,34,84],[4, 5, 7, 10, 11, 13, 15, 18]]
[[4,12,10,20,24,90],[2, 3, 4, 5, 7, 8, 10, 11, 15, 18]]
[[4,12,10,20,29,72],[2, 3, 4, 5, 7, 8, 10, 12, 15, 18]]
[[4,12,10,20,39,84],[1, 3, 4, 5, 10, 11, 12, 13, 15, 18]]
[[4,12,10,20,24,96],[1, 2, 4, 5, 6, 8, 10, 11, 12, 13, 15, 18]]
[[4,12,10,20,54,60],[0, 2, 3, 4, 5, 7, 8, 9, 10, 13, 14, 16]]
[[4,12,10,20,54,60],[0, 1, 3, 4, 5, 6, 7, 8, 9, 10, 11, 13, 14, 16]]
[[4,12,10,20,54,60],[0, 1, 2, 4, 5, 6, 7, 9, 10, 11, 14, 18]]
[[4,12,10,20,54,60],[0, 1, 3, 4, 5, 6, 7, 8, 9, 10, 11, 13, 14, 18]]
[[4,12,10,20,19,96],[0, 4, 5, 6, 9, 10, 11, 13, 14, 16, 17, 18]]
[[4,12,10,20,19,96],[0, 4, 5, 8, 9, 10, 11, 13, 14, 16, 17, 18]]
[[4,12,10,20,19,96],[0, 2, 3, 4, 5, 6, 7, 9, 10, 12, 14, 16, 17, 18]]
[[4,12,10,20,19,96],[0, 1, 2, 4, 5, 7, 8, 9, 10, 12, 14, 16, 17, 18]]
[[4,12,10,16,44,72],[0, 2, 4, 5, 6, 7, 9, 10, 13, 14, 15, 18]]
[[4,12,10,16,44,72],[0, 2, 4, 8, 11, 12, 15, 18]]
[[4,12,10,16,39,72],[2, 3, 4, 5, 7, 9, 10, 14, 15, 18]]
[[4,12,10,16,24,102],[1, 2, 4, 5, 6, 7, 9, 10, 13, 14, 15, 16, 17, 18]]
[[4,12,10,16,29,90],[0, 2, 3, 4, 5, 6, 7, 8, 9, 10, 11, 13, 14, 16, 17, 18]]
[[4,12,10,16,29,90],[0, 1, 2, 4, 5, 6, 7, 8, 9, 10, 11, 13, 14, 16, 17, 18]]
[[4,12,10,16,29,90],[0, 2, 3, 4, 5, 9, 10, 12, 14, 16, 17, 18]]
[[4,12,10,16,29,90],[0, 1, 2, 4, 5, 9, 10, 12, 14, 16, 17, 18]]
[[4,12,10,36,34,66],[0, 3, 4, 5, 6, 7, 10, 13, 17, 18]]
[[4,12,10,36,24,54],[0, 1, 4, 5, 8, 9, 10, 12, 13, 14, 17, 18]]
[[4,12,10,36,34,66],[0, 1, 4, 7, 8, 9, 11, 14, 16, 17]]
[[4,12,10,36,24,54],[0, 3, 4, 5, 6, 9, 10, 11, 12, 14, 16, 17]]
[[4,12,10,36,19,60],[0, 1, 4, 6, 9, 11, 13, 14, 15, 18]]
[[4,12,10,36,19,60],[0, 3, 4, 9, 11, 14, 15, 18]]
[[4,12,10,36,34,54],[0, 1, 4, 7, 9, 12, 13, 14, 15, 18]]
[[4,12,10,36,19,66],[0, 3, 4, 7, 11, 12, 15, 18]]
[[4,12,10,36,19,66],[0, 1, 4, 5, 6, 7, 9, 10, 11, 12, 13, 14, 15, 18]]
[[4,12,10,36,34,54],[0, 3, 4, 7, 8, 9, 11, 12, 13, 14, 15, 18]]
