[[0, 8], [2, 4], [3, 5], [6, 7]]
[[3,9,6,25,53,90],[34, 35, 40, 16, 37, 17, 38, 18, 44]]
[[3,5,12,25,38,44],[34, 35, 40, 16, 37, 17, 38, 18, 51]]
[[1,5,10,29,51,80],[34, 35, 40, 16, 37, 17, 38, 18, 54]]
[[4,4,13,28,29,73],[34, 35, 16, 37, 42, 17, 38, 18, 44]]
[[2,2,20,18,37,86],[34, 35, 16, 37, 42, 17, 38, 18, 51]]
[[2,6,11,34,32,75],[34, 35, 16, 37, 42, 17, 38, 18, 54]]
[[4,8,13,28,29,83],[34, 35, 16, 37, 17, 38, 43, 18, 44]]
[[2,10,17,26,22,73],[34, 35, 16, 37, 17, 38, 43, 18, 54]]
[[4,12,13,32,14,75],[34, 35, 16, 37, 17, 38, 50, 18, 44]]
[[3,5,9,29,18,59],[34, 35, 16, 37, 49, 17, 38, 18, 54]]
[[4,8,10,32,29,50],[34, 35, 16, 37, 17, 38, 50, 18, 51]]
[[4,14,13,34,19,35],[34, 35, 16, 37, 17, 38, 50, 18, 54]]
[[3,5,6,17,63,62],[34, 35, 16, 37, 17, 38, 52, 18, 54]]
[[5,7,11,19,50,61],[34, 35, 40, 16, 37, 17, 18, 39, 51]]
[[3,5,9,17,23,65],[34, 35, 40, 16, 37, 17, 18, 39, 54]]
[[4,8,13,28,34,35],[34, 35, 16, 37, 17, 43, 18, 39, 44]]
[[4,8,13,32,24,83],[34, 35, 16, 37, 17, 43, 18, 39, 51]]
[[2,8,14,16,27,56],[34, 35, 16, 37, 17, 43, 18, 39, 54]]
[[3,7,15,19,38,97],[34, 35, 16, 37, 17, 52, 18, 39, 44]]
[[5,9,5,33,45,75],[34, 35, 16, 37, 49, 17, 18, 39, 51]]
[[5,9,5,33,40,87],[34, 35, 16, 37, 49, 17, 18, 39, 54]]
[[4,6,13,34,29,75],[34, 35, 16, 37, 17, 50, 18, 39, 51]]
[[5,9,20,25,20,72],[34, 35, 16, 37, 17, 52, 18, 39, 51]]
[[4,6,13,34,39,51],[34, 35, 16, 37, 17, 18, 39, 51, 54]]
[[3,5,18,13,28,56],[34, 35, 16, 37, 17, 52, 18, 39, 54]]
[[2,2,5,22,42,53],[34, 35, 16, 37, 17, 18, 39, 53, 54]]
[[5,9,14,21,55,66],[34, 35, 40, 16, 37, 42, 17, 18, 54]]
[[3,5,18,29,43,80],[34, 35, 40, 16, 37, 17, 43, 18, 44]]
[[5,11,5,19,40,83],[34, 35, 40, 16, 37, 17, 43, 18, 51]]
[[3,5,12,33,33,56],[34, 35, 40, 16, 37, 17, 43, 18, 54]]
[[7,9,16,13,32,78],[34, 35, 40, 16, 37, 17, 18, 44, 51]]
[[5,9,8,21,45,78],[34, 35, 40, 16, 37, 17, 18, 44, 53]]
[[4,6,7,26,49,75],[34, 35, 40, 16, 37, 49, 17, 18, 51]]
[[3,7,9,43,28,73],[34, 35, 40, 16, 37, 17, 50, 18, 51]]
[[3,9,15,29,38,57],[34, 35, 40, 16, 37, 17, 50, 18, 54]]
[[4,6,13,34,29,69],[34, 35, 40, 16, 37, 17, 52, 18, 51]]
[[5,7,17,39,20,55],[34, 35, 40, 16, 37, 17, 18, 51, 54]]
[[3,7,9,27,28,85],[34, 35, 40, 16, 37, 17, 18, 53, 54]]
[[4,12,7,40,29,51],[34, 35, 16, 37, 42, 17, 50, 18, 44]]
[[4,8,13,36,24,77],[34, 35, 16, 37, 42, 17, 50, 18, 51]]
[[3,5,9,25,43,101],[34, 35, 16, 37, 42, 17, 52, 18, 54]]
[[3,9,9,49,33,45],[34, 35, 16, 37, 49, 17, 43, 18, 51]]
[[3,9,18,9,18,66],[34, 35, 16, 37, 49, 17, 43, 18, 54]]
[[4,6,4,18,49,48],[34, 35, 16, 37, 17, 43, 50, 18, 54]]
[[5,5,8,33,50,98],[34, 35, 16, 37, 17, 43, 52, 18, 51]]
[[6,10,12,26,26,58],[34, 35, 16, 37, 17, 43, 18, 51, 53]]
[[4,10,7,26,19,73],[34, 35, 16, 37, 17, 43, 18, 51, 54]]
[[3,9,15,37,28,69],[34, 35, 16, 37, 17, 43, 52, 18, 54]]
[[3,7,9,31,23,43],[34, 35, 16, 37, 49, 17, 50, 18, 44]]
[[5,9,5,37,30,81],[34, 35, 16, 37, 49, 17, 18, 44, 51]]
[[5,11,11,27,35,65],[34, 35, 16, 37, 49, 17, 18, 44, 53]]
[[4,10,7,30,34,91],[34, 35, 16, 37, 17, 50, 18, 44, 51]]
[[6,8,15,24,31,71],[34, 35, 16, 37, 17, 50, 18, 44, 53]]
[[5,7,14,27,35,82],[34, 35, 16, 37, 17, 52, 18, 44, 51]]
[[4,6,7,26,24,63],[34, 35, 16, 37, 17, 18, 44, 51, 53]]
[[4,4,16,12,49,112],[34, 35, 16, 37, 17, 18, 44, 51, 54]]
[[2,6,5,38,37,63],[34, 35, 16, 37, 17, 18, 44, 53, 54]]
[[3,5,9,21,23,119],[34, 35, 16, 37, 49, 17, 50, 18, 54]]
[[4,8,4,24,39,74],[34, 35, 16, 37, 49, 17, 52, 18, 51]]
[[5,11,11,27,35,65],[34, 35, 16, 37, 49, 17, 18, 51, 53]]
[[5,11,11,19,45,59],[34, 35, 16, 37, 49, 17, 18, 53, 54]]
[[5,9,5,25,40,81],[34, 35, 16, 37, 17, 50, 52, 18, 51]]
[[5,13,8,25,35,76],[34, 35, 16, 37, 17, 50, 52, 18, 54]]
[[5,9,17,25,30,75],[34, 35, 16, 37, 17, 52, 18, 51, 54]]
[[5,7,14,31,15,76],[34, 35, 16, 37, 17, 52, 18, 53, 54]]
[[5,7,11,19,60,73],[34, 35, 40, 16, 17, 38, 18, 39, 44]]
[[3,5,21,21,43,77],[34, 35, 40, 16, 17, 38, 18, 39, 51]]
[[2,4,17,20,32,97],[34, 35, 16, 42, 17, 38, 18, 39, 54]]
[[4,8,10,36,24,56],[34, 35, 16, 17, 38, 43, 18, 39, 54]]
[[3,5,21,17,28,113],[34, 35, 16, 49, 17, 38, 18, 39, 44]]
[[4,10,16,22,29,88],[34, 35, 16, 17, 38, 50, 18, 39, 44]]
[[2,8,11,20,52,71],[34, 35, 16, 17, 38, 18, 39, 44, 51]]
[[4,10,10,22,34,58],[34, 35, 16, 17, 38, 18, 39, 44, 53]]
[[2,4,11,32,47,85],[34, 35, 16, 17, 38, 18, 39, 44, 54]]
[[5,7,14,23,35,70],[34, 35, 16, 49, 17, 38, 18, 39, 51]]
[[4,8,13,32,34,101],[34, 35, 16, 17, 38, 50, 18, 39, 54]]
[[5,7,11,27,50,85],[34, 35, 16, 17, 38, 52, 18, 39, 51]]
[[4,10,7,26,39,61],[34, 35, 16, 17, 38, 18, 39, 51, 53]]
[[2,8,11,36,57,53],[34, 35, 16, 17, 38, 18, 39, 51, 54]]
[[4,10,10,38,19,58],[34, 35, 16, 17, 38, 18, 39, 53, 54]]
[[3,7,12,15,28,46],[34, 35, 40, 16, 42, 17, 38, 18, 44]]
[[5,5,11,25,55,77],[34, 35, 40, 16, 17, 38, 43, 18, 51]]
[[5,7,8,19,25,46],[34, 35, 40, 16, 17, 38, 18, 44, 51]]
[[4,6,10,26,34,48],[34, 35, 40, 16, 49, 17, 38, 18, 51]]
[[4,6,10,26,24,48],[34, 35, 40, 16, 17, 38, 52, 18, 51]]
[[5,7,23,23,35,49],[34, 35, 40, 16, 17, 38, 18, 51, 53]]
[[4,8,13,28,29,65],[34, 35, 16, 42, 17, 38, 43, 18, 44]]
[[5,7,11,39,15,79],[34, 35, 16, 42, 17, 38, 52, 18, 44]]
[[6,8,12,28,26,86],[34, 35, 16, 42, 17, 38, 18, 44, 53]]
[[4,6,16,22,39,102],[34, 35, 16, 42, 17, 38, 18, 44, 54]]
[[3,9,6,25,33,78],[34, 35, 16, 42, 17, 38, 52, 18, 54]]
[[5,13,8,21,30,94],[34, 35, 16, 17, 38, 43, 52, 18, 44]]
[[5,11,8,35,35,68],[34, 35, 16, 49, 17, 38, 43, 18, 51]]
[[3,7,9,23,33,79],[34, 35, 16, 49, 17, 38, 43, 18, 54]]
[[2,4,14,32,47,88],[34, 35, 16, 17, 38, 43, 50, 18, 54]]
[[3,7,9,47,38,55],[34, 35, 16, 17, 38, 43, 52, 18, 51]]
[[4,8,19,24,24,83],[34, 35, 16, 17, 38, 43, 18, 51, 54]]
[[3,7,15,27,33,121],[34, 35, 16, 17, 38, 50, 52, 18, 44]]
[[4,8,10,16,59,80],[34, 35, 16, 17, 38, 50, 18, 44, 53]]
[[5,9,8,29,25,78],[34, 35, 16, 17, 38, 52, 18, 44, 51]]
[[2,6,11,18,37,45],[34, 35, 16, 17, 38, 18, 44, 51, 54]]
[[5,5,11,33,30,83],[34, 35, 16, 49, 17, 38, 50, 18, 51]]
[[6,8,6,32,41,74],[34, 35, 16, 49, 17, 38, 52, 18, 51]]
[[5,9,17,29,20,63],[34, 35, 16, 17, 38, 50, 52, 18, 51]]
[[6,10,15,26,11,79],[34, 35, 16, 17, 38, 50, 18, 51, 54]]
[[4,6,13,30,19,69],[34, 35, 16, 17, 38, 50, 18, 53, 54]]
[[5,7,17,27,35,85],[34, 35, 40, 16, 42, 17, 18, 39, 44]]
[[5,11,11,27,35,65],[34, 35, 40, 16, 17, 43, 18, 39, 44]]
[[5,11,11,27,35,65],[34, 35, 40, 16, 17, 43, 18, 39, 51]]
[[5,11,11,19,45,59],[34, 35, 40, 16, 17, 43, 18, 39, 54]]
[[5,5,20,29,35,56],[34, 35, 40, 16, 17, 18, 39, 44, 51]]
[[6,10,12,26,26,58],[34, 35, 40, 16, 49, 17, 18, 39, 51]]
[[3,7,9,43,33,37],[34, 35, 40, 16, 17, 50, 18, 39, 54]]
[[4,6,19,22,44,81],[34, 35, 40, 16, 17, 52, 18, 39, 51]]
[[3,9,9,49,33,45],[34, 35, 40, 16, 17, 18, 39, 51, 53]]
[[3,3,6,27,18,60],[34, 35, 40, 16, 17, 18, 39, 51, 54]]
[[3,9,18,9,18,66],[34, 35, 40, 16, 17, 18, 39, 53, 54]]
[[4,8,7,28,14,53],[34, 35, 16, 42, 17, 43, 18, 39, 54]]
[[5,7,17,23,35,67],[34, 35, 16, 42, 17, 52, 18, 39, 44]]
[[4,10,13,26,24,91],[34, 35, 16, 42, 17, 18, 39, 44, 53]]
[[4,8,13,28,34,113],[34, 35, 16, 42, 17, 50, 18, 39, 51]]
[[4,8,4,16,44,56],[34, 35, 16, 42, 17, 50, 18, 39, 54]]
[[2,10,11,22,47,67],[34, 35, 16, 42, 17, 18, 39, 53, 54]]
[[5,9,8,21,45,78],[34, 35, 16, 49, 17, 43, 18, 39, 44]]
[[4,8,13,32,24,77],[34, 35, 16, 17, 43, 18, 39, 44, 54]]
[[3,7,9,27,28,85],[34, 35, 16, 49, 17, 43, 18, 39, 54]]
[[5,9,14,29,35,78],[34, 35, 16, 17, 43, 52, 18, 39, 51]]
[[4,6,7,26,49,75],[34, 35, 16, 17, 43, 18, 39, 51, 53]]
[[2,10,8,18,37,70],[34, 35, 16, 17, 43, 18, 39, 51, 54]]
[[5,7,14,23,40,82],[34, 35, 16, 17, 43, 52, 18, 39, 54]]
[[5,5,17,37,25,65],[34, 35, 16, 49, 17, 18, 39, 44, 51]]
[[3,5,18,29,43,80],[34, 35, 16, 49, 17, 18, 39, 44, 53]]
[[4,6,16,30,29,72],[34, 35, 16, 17, 50, 18, 39, 44, 53]]
[[2,8,11,20,42,65],[34, 35, 16, 17, 50, 18, 39, 44, 54]]
[[3,11,9,35,38,65],[34, 35, 16, 17, 52, 18, 39, 44, 51]]
[[4,10,13,22,44,55],[34, 35, 16, 17, 18, 39, 44, 51, 53]]
[[4,8,4,20,44,80],[34, 35, 16, 17, 18, 39, 44, 51, 54]]
[[4,8,22,16,24,104],[34, 35, 16, 17, 18, 39, 44, 53, 54]]
[[5,11,11,19,40,59],[34, 35, 16, 49, 17, 50, 18, 39, 54]]
[[5,11,5,19,40,83],[34, 35, 16, 49, 17, 18, 39, 51, 53]]
[[3,5,12,33,33,56],[34, 35, 16, 49, 17, 18, 39, 53, 54]]
[[4,10,13,26,29,115],[34, 35, 16, 17, 50, 18, 39, 51, 54]]
[[5,7,14,31,20,52],[34, 35, 16, 17, 50, 52, 18, 39, 54]]
[[5,7,8,19,60,64],[34, 35, 16, 17, 52, 18, 39, 51, 53]]
[[4,8,10,36,29,80],[34, 35, 16, 17, 18, 39, 51, 53, 54]]
[[5,9,11,21,55,51],[34, 35, 16, 17, 52, 18, 39, 53, 54]]
[[3,5,18,21,48,92],[34, 35, 40, 16, 42, 17, 43, 18, 44]]
[[3,9,15,21,33,69],[34, 35, 40, 16, 42, 17, 43, 18, 51]]
[[1,3,7,15,36,69],[34, 35, 40, 16, 42, 17, 43, 18, 54]]
[[4,6,10,26,34,48],[34, 35, 40, 16, 42, 49, 17, 18, 44]]
[[3,7,12,23,38,70],[34, 35, 40, 16, 42, 17, 50, 18, 44]]
[[5,9,11,25,60,69],[34, 35, 40, 16, 42, 17, 18, 44, 51]]
[[2,4,8,40,57,70],[34, 35, 40, 16, 42, 17, 52, 18, 44]]
[[3,5,12,17,38,68],[34, 35, 40, 16, 42, 17, 18, 44, 53]]
[[3,7,12,39,33,76],[34, 35, 40, 16, 42, 17, 50, 18, 51]]
[[3,9,15,21,33,69],[34, 35, 40, 16, 42, 17, 50, 18, 54]]
[[2,4,11,12,32,73],[34, 35, 40, 16, 42, 17, 52, 18, 54]]
[[3,7,12,15,48,76],[34, 35, 40, 16, 17, 43, 18, 44, 51]]
[[2,2,5,22,42,53],[34, 35, 40, 16, 49, 17, 43, 18, 54]]
[[3,7,12,19,48,40],[34, 35, 40, 16, 17, 43, 50, 18, 54]]
[[5,9,5,33,45,75],[34, 35, 40, 16, 17, 43, 18, 51, 53]]
[[5,9,5,33,40,87],[34, 35, 40, 16, 17, 43, 18, 53, 54]]
[[4,6,7,26,49,75],[34, 35, 40, 16, 49, 17, 50, 18, 44]]
[[3,3,6,11,38,90],[34, 35, 40, 16, 49, 17, 52, 18, 44]]
[[4,8,13,28,34,35],[34, 35, 40, 16, 49, 17, 18, 44, 53]]
[[4,12,10,32,24,72],[34, 35, 40, 16, 17, 50, 52, 18, 44]]
[[3,7,12,23,13,100],[34, 35, 40, 16, 17, 18, 44, 51, 53]]
[[6,10,18,18,21,76],[34, 35, 40, 16, 17, 52, 18, 44, 53]]
[[4,6,16,26,29,66],[34, 35, 40, 16, 17, 52, 18, 44, 54]]
[[4,8,13,32,24,83],[34, 35, 40, 16, 49, 17, 18, 51, 53]]
[[1,7,7,23,16,85],[34, 35, 40, 16, 49, 17, 52, 18, 54]]
[[2,8,14,16,27,56],[34, 35, 40, 16, 49, 17, 18, 53, 54]]
[[4,8,7,20,49,77],[34, 35, 40, 16, 17, 50, 52, 18, 51]]
[[3,5,12,33,38,44],[34, 35, 40, 16, 17, 50, 18, 51, 54]]
[[2,8,11,12,42,65],[34, 35, 40, 16, 17, 50, 52, 18, 54]]
[[3,5,6,29,23,98],[34, 35, 40, 16, 17, 50, 18, 53, 54]]
[[4,8,19,16,34,77],[34, 35, 40, 16, 17, 52, 18, 51, 53]]
[[2,4,17,16,22,97],[34, 35, 40, 16, 17, 52, 18, 51, 54]]
[[1,1,4,21,41,70],[34, 35, 40, 16, 17, 18, 51, 53, 54]]
[[3,11,12,31,28,62],[34, 35, 16, 42, 49, 17, 43, 18, 44]]
[[3,5,6,41,28,56],[34, 35, 16, 42, 17, 43, 52, 18, 44]]
[[2,4,14,20,52,70],[34, 35, 16, 42, 17, 43, 18, 44, 54]]
[[3,7,12,35,43,76],[34, 35, 16, 42, 49, 17, 43, 18, 51]]
[[5,11,8,35,30,62],[34, 35, 16, 42, 17, 43, 52, 18, 51]]
[[4,6,13,26,44,93],[34, 35, 16, 42, 17, 43, 18, 51, 54]]
[[3,9,12,21,48,96],[34, 35, 16, 42, 49, 17, 50, 18, 44]]
[[5,9,11,29,20,63],[34, 35, 16, 42, 49, 17, 18, 44, 51]]
[[4,6,10,26,24,48],[34, 35, 16, 42, 49, 17, 52, 18, 44]]
[[6,8,9,24,41,65],[34, 35, 16, 42, 17, 50, 18, 44, 53]]
[[4,6,13,18,34,93],[34, 35, 16, 42, 17, 50, 18, 44, 54]]
[[5,7,8,23,30,82],[34, 35, 16, 42, 17, 52, 18, 44, 51]]
[[4,10,10,22,44,52],[34, 35, 16, 42, 17, 18, 44, 51, 54]]
[[3,5,18,17,33,50],[34, 35, 16, 42, 49, 17, 18, 51, 53]]
[[3,9,18,25,38,84],[34, 35, 16, 42, 17, 50, 52, 18, 51]]
[[2,4,5,24,32,73],[34, 35, 16, 42, 17, 50, 18, 51, 54]]
[[3,5,12,41,33,74],[34, 35, 16, 42, 17, 50, 52, 18, 54]]
[[5,7,11,39,15,85],[34, 35, 16, 49, 17, 43, 18, 44, 51]]
[[4,8,7,20,49,77],[34, 35, 16, 49, 17, 43, 52, 18, 44]]
[[3,5,12,17,38,116],[34, 35, 16, 49, 17, 43, 18, 44, 54]]
[[3,5,12,17,33,62],[34, 35, 16, 17, 43, 50, 52, 18, 44]]
[[4,8,22,12,29,86],[34, 35, 16, 17, 43, 50, 18, 44, 53]]
[[5,9,11,33,30,87],[34, 35, 16, 17, 43, 52, 18, 44, 51]]
[[2,6,11,18,47,27],[34, 35, 16, 17, 43, 18, 44, 51, 54]]
[[3,5,6,13,33,68],[34, 35, 16, 49, 17, 43, 50, 18, 51]]
[[3,3,6,11,33,66],[34, 35, 16, 49, 17, 43, 50, 18, 54]]
[[4,8,13,40,29,59],[34, 35, 16, 49, 17, 43, 52, 18, 51]]
[[5,7,11,19,50,61],[34, 35, 16, 49, 17, 43, 18, 51, 53]]
[[3,5,9,29,33,71],[34, 35, 16, 49, 17, 43, 18, 51, 54]]
[[2,10,8,14,27,76],[34, 35, 16, 49, 17, 43, 52, 18, 54]]
[[3,5,9,17,23,65],[34, 35, 16, 49, 17, 43, 18, 53, 54]]
[[3,5,15,17,38,119],[34, 35, 16, 17, 43, 50, 52, 18, 51]]
[[4,8,22,20,29,86],[34, 35, 16, 17, 43, 50, 18, 51, 53]]
[[1,7,19,23,51,61],[34, 35, 16, 17, 43, 50, 52, 18, 54]]
[[3,7,12,11,48,70],[34, 35, 16, 17, 43, 52, 18, 51, 53]]
[[3,9,12,29,33,90],[34, 35, 16, 17, 43, 52, 18, 51, 54]]
[[2,4,14,20,37,70],[34, 35, 16, 17, 43, 18, 51, 53, 54]]
[[3,5,12,37,43,50],[34, 35, 16, 17, 43, 52, 18, 53, 54]]
[[4,6,13,34,29,69],[34, 35, 16, 49, 17, 50, 52, 18, 44]]
[[3,7,15,11,18,61],[34, 35, 16, 49, 17, 50, 18, 44, 54]]
[[4,6,13,34,44,63],[34, 35, 16, 49, 17, 52, 18, 44, 51]]
[[3,7,9,15,38,43],[34, 35, 16, 49, 17, 18, 44, 51, 53]]
[[4,8,16,20,34,50],[34, 35, 16, 49, 17, 52, 18, 44, 53]]
[[2,4,8,20,27,82],[34, 35, 16, 49, 17, 52, 18, 44, 54]]
[[1,5,10,25,31,92],[34, 35, 16, 49, 17, 18, 44, 53, 54]]
[[3,9,15,29,43,63],[34, 35, 16, 17, 50, 52, 18, 44, 54]]
[[3,9,6,17,28,78],[34, 35, 16, 17, 52, 18, 44, 51, 53]]
[[1,5,13,33,21,89],[34, 35, 16, 17, 52, 18, 44, 51, 54]]
[[2,6,5,26,32,105],[34, 35, 16, 17, 18, 44, 51, 53, 54]]
[[3,11,6,35,23,56],[34, 35, 16, 17, 52, 18, 44, 53, 54]]
[[5,9,14,37,20,72],[34, 35, 16, 49, 17, 50, 18, 53, 54]]
[[3,7,18,19,28,106],[34, 35, 16, 49, 17, 18, 51, 53, 54]]
[[3,5,15,33,38,95],[34, 35, 16, 17, 50, 52, 18, 53, 54]]
[[3,5,15,21,43,77],[34, 40, 16, 37, 17, 38, 18, 39, 44]]
[[3,5,15,9,18,65],[34, 40, 16, 37, 17, 38, 18, 39, 54]]
[[4,8,16,16,39,92],[34, 16, 37, 42, 17, 38, 18, 39, 44]]
[[4,8,13,20,59,77],[34, 16, 37, 42, 17, 38, 18, 39, 51]]
[[4,10,16,30,24,100],[34, 16, 37, 17, 38, 43, 18, 39, 44]]
[[6,12,9,24,36,63],[34, 16, 37, 17, 38, 43, 18, 39, 51]]
[[4,8,13,24,19,101],[34, 16, 37, 17, 38, 43, 18, 39, 54]]
[[5,7,17,35,30,61],[34, 16, 37, 49, 17, 38, 18, 39, 44]]
[[4,10,19,22,24,91],[34, 16, 37, 17, 38, 18, 39, 44, 51]]
[[5,9,14,29,15,78],[34, 16, 37, 17, 38, 52, 18, 39, 44]]
[[2,2,14,6,22,92],[34, 16, 37, 17, 38, 18, 39, 44, 54]]
[[3,5,18,37,53,62],[34, 16, 37, 49, 17, 38, 18, 39, 51]]
[[4,8,13,24,34,35],[34, 16, 37, 17, 38, 50, 18, 39, 54]]
[[2,2,8,26,37,62],[34, 16, 37, 17, 38, 18, 39, 51, 54]]
[[2,10,11,30,37,67],[34, 16, 37, 17, 38, 18, 39, 53, 54]]
[[3,9,12,33,38,90],[34, 40, 16, 37, 42, 17, 38, 18, 54]]
[[5,7,8,27,35,76],[34, 40, 16, 37, 17, 38, 43, 18, 44]]
[[5,7,14,31,25,88],[34, 40, 16, 37, 17, 38, 18, 44, 53]]
[[4,10,10,26,34,70],[34, 40, 16, 37, 49, 17, 38, 18, 51]]
[[6,6,9,30,36,81],[34, 40, 16, 37, 17, 38, 52, 18, 51]]
[[5,7,8,31,45,70],[34, 40, 16, 37, 17, 38, 18, 51, 54]]
[[4,4,13,36,19,61],[34, 16, 37, 42, 17, 38, 43, 18, 51]]
[[4,6,7,18,59,63],[34, 16, 37, 42, 17, 38, 43, 18, 54]]
[[3,5,6,21,33,128],[34, 16, 37, 42, 49, 17, 38, 18, 44]]
[[3,5,9,37,38,77],[34, 16, 37, 42, 49, 17, 38, 18, 54]]
[[6,6,9,34,46,75],[34, 16, 37, 42, 17, 38, 50, 18, 51]]
[[4,4,13,28,29,49],[34, 16, 37, 42, 17, 38, 50, 18, 54]]
[[6,10,12,18,41,82],[34, 16, 37, 42, 17, 38, 18, 51, 53]]
[[5,9,8,13,35,60],[34, 16, 37, 49, 17, 38, 43, 18, 44]]
[[4,8,10,12,39,92],[34, 16, 37, 17, 38, 43, 50, 18, 44]]
[[6,8,12,20,31,92],[34, 16, 37, 17, 38, 43, 18, 44, 51]]
[[3,11,15,27,28,83],[34, 16, 37, 17, 38, 43, 52, 18, 44]]
[[4,8,4,32,29,74],[34, 16, 37, 17, 38, 43, 18, 44, 54]]
[[4,8,16,20,44,98],[34, 16, 37, 17, 38, 43, 50, 18, 54]]
[[3,5,15,41,38,89],[34, 16, 37, 17, 38, 43, 52, 18, 54]]
[[5,11,8,35,20,80],[34, 16, 37, 49, 17, 38, 50, 18, 44]]
[[6,8,9,40,36,71],[34, 16, 37, 17, 38, 18, 44, 51, 53]]
[[5,11,8,23,40,86],[34, 16, 37, 17, 38, 52, 18, 44, 53]]
[[4,4,16,36,39,40],[34, 16, 37, 17, 38, 18, 44, 53, 54]]
[[4,4,13,32,34,61],[34, 16, 37, 49, 17, 38, 52, 18, 51]]
[[3,5,3,33,23,83],[34, 16, 37, 49, 17, 38, 18, 51, 54]]
[[3,11,9,35,18,65],[34, 16, 37, 17, 38, 50, 52, 18, 51]]
[[3,7,12,15,43,64],[34, 16, 37, 17, 38, 50, 52, 18, 54]]
[[4,6,13,34,29,93],[34, 16, 37, 17, 38, 50, 18, 53, 54]]
[[5,11,8,31,45,68],[34, 16, 37, 17, 38, 52, 18, 51, 53]]
[[5,9,8,33,15,78],[34, 16, 37, 17, 38, 52, 18, 51, 54]]
[[3,11,6,31,23,56],[34, 16, 37, 17, 38, 52, 18, 53, 54]]
[[5,9,23,13,30,87],[34, 40, 16, 37, 42, 17, 18, 39, 54]]
[[3,7,12,39,43,58],[34, 40, 16, 37, 17, 43, 18, 39, 54]]
[[5,11,8,31,20,74],[34, 40, 16, 37, 17, 50, 18, 39, 44]]
[[5,7,17,19,30,73],[34, 40, 16, 37, 17, 18, 39, 44, 51]]
[[3,7,12,39,43,58],[34, 40, 16, 37, 17, 18, 39, 44, 53]]
[[6,8,12,16,51,68],[34, 40, 16, 37, 49, 17, 18, 39, 51]]
[[5,11,8,31,20,74],[34, 40, 16, 37, 17, 50, 18, 39, 51]]
[[5,11,5,27,30,77],[34, 40, 16, 37, 17, 50, 18, 39, 54]]
[[6,8,12,24,36,56],[34, 40, 16, 37, 17, 52, 18, 39, 51]]
[[5,9,20,21,35,78],[34, 40, 16, 37, 17, 18, 39, 51, 53]]
[[5,5,11,25,40,77],[34, 40, 16, 37, 17, 18, 39, 51, 54]]
[[3,9,15,25,38,81],[34, 40, 16, 37, 17, 18, 39, 53, 54]]
[[6,10,6,34,41,52],[34, 16, 37, 42, 17, 43, 18, 39, 44]]
[[4,8,13,20,19,77],[34, 16, 37, 42, 17, 43, 18, 39, 51]]
[[5,7,14,27,25,40],[34, 16, 37, 42, 49, 17, 18, 39, 44]]
[[5,9,20,25,25,48],[34, 16, 37, 42, 17, 52, 18, 39, 44]]
[[4,8,16,20,44,86],[34, 16, 37, 42, 17, 18, 39, 44, 54]]
[[5,9,11,29,35,63],[34, 16, 37, 42, 49, 17, 18, 39, 54]]
[[5,9,17,25,20,87],[34, 16, 37, 42, 17, 52, 18, 39, 54]]
[[4,6,7,34,29,93],[34, 16, 37, 42, 17, 18, 39, 53, 54]]
[[6,8,12,24,36,56],[34, 16, 37, 17, 43, 50, 18, 39, 44]]
[[4,6,13,22,14,69],[34, 16, 37, 17, 43, 18, 39, 44, 51]]
[[2,8,17,36,27,83],[34, 16, 37, 17, 43, 18, 39, 44, 54]]
[[5,9,14,17,35,60],[34, 16, 37, 49, 17, 18, 39, 44, 53]]
[[4,6,13,38,24,81],[34, 16, 37, 17, 50, 18, 39, 44, 51]]
[[5,9,14,21,35,84],[34, 16, 37, 17, 52, 18, 39, 44, 51]]
[[5,9,17,33,20,51],[34, 16, 37, 49, 17, 50, 18, 39, 51]]
[[4,6,16,34,34,48],[34, 16, 37, 49, 17, 52, 18, 39, 51]]
[[3,7,12,31,48,52],[34, 16, 37, 49, 17, 18, 39, 51, 53]]
[[3,7,6,19,28,70],[34, 16, 37, 49, 17, 18, 39, 51, 54]]
[[3,5,15,21,38,71],[34, 16, 37, 49, 17, 18, 39, 53, 54]]
[[2,10,17,38,27,73],[34, 16, 37, 17, 50, 18, 39, 51, 54]]
[[4,8,10,32,34,50],[34, 16, 37, 17, 50, 18, 39, 53, 54]]
[[3,3,12,35,43,60],[34, 16, 37, 17, 52, 18, 39, 51, 54]]
[[3,11,12,27,18,104],[34, 40, 16, 37, 42, 17, 43, 18, 44]]
[[3,11,9,19,38,83],[34, 40, 16, 37, 42, 17, 43, 18, 51]]
[[3,9,6,29,38,84],[34, 40, 16, 37, 42, 17, 43, 18, 54]]
[[4,8,16,20,29,104],[34, 40, 16, 37, 42, 17, 52, 18, 44]]
[[5,7,20,15,45,88],[34, 40, 16, 37, 42, 17, 18, 44, 53]]
[[4,10,10,34,24,46],[34, 40, 16, 37, 42, 49, 17, 18, 51]]
[[2,8,8,16,22,56],[34, 40, 16, 37, 42, 49, 17, 18, 54]]
[[1,3,13,15,21,75],[34, 40, 16, 37, 42, 17, 50, 18, 54]]
[[2,2,14,22,42,98],[34, 40, 16, 37, 42, 17, 52, 18, 51]]
[[3,5,18,17,23,98],[34, 40, 16, 37, 42, 17, 18, 51, 53]]
[[3,5,12,21,38,32],[34, 40, 16, 37, 42, 17, 18, 51, 54]]
[[4,8,16,40,24,56],[34, 40, 16, 37, 17, 43, 52, 18, 44]]
[[3,5,9,9,43,65],[34, 40, 16, 37, 17, 43, 18, 44, 54]]
[[2,4,23,20,27,85],[34, 40, 16, 37, 49, 17, 43, 18, 54]]
[[4,12,10,28,19,96],[34, 40, 16, 37, 17, 43, 52, 18, 51]]
[[3,5,21,13,28,95],[34, 40, 16, 37, 17, 43, 18, 51, 54]]
[[4,8,7,20,44,77],[34, 40, 16, 37, 49, 17, 18, 44, 51]]
[[3,7,12,31,48,52],[34, 40, 16, 37, 49, 17, 52, 18, 44]]
[[4,6,19,22,44,81],[34, 40, 16, 37, 49, 17, 18, 44, 53]]
[[3,7,15,19,38,85],[34, 40, 16, 37, 17, 50, 18, 44, 51]]
[[4,6,13,30,39,51],[34, 40, 16, 37, 17, 50, 52, 18, 44]]
[[5,9,11,33,10,75],[34, 40, 16, 37, 17, 50, 18, 44, 53]]
[[3,7,9,43,28,61],[34, 40, 16, 37, 17, 50, 18, 44, 54]]
[[4,6,10,14,29,48],[34, 40, 16, 37, 17, 52, 18, 44, 51]]
[[3,7,12,27,48,58],[34, 40, 16, 37, 17, 18, 44, 51, 54]]
[[4,8,10,36,29,74],[34, 40, 16, 37, 17, 52, 18, 44, 53]]
[[1,1,22,25,31,76],[34, 40, 16, 37, 17, 18, 44, 53, 54]]
[[4,6,16,30,29,72],[34, 40, 16, 37, 49, 17, 50, 18, 51]]
[[3,7,9,31,23,43],[34, 40, 16, 37, 49, 17, 52, 18, 51]]
[[3,11,15,27,28,71],[34, 40, 16, 37, 49, 17, 52, 18, 54]]
[[4,6,7,26,29,99],[34, 40, 16, 37, 17, 50, 52, 18, 51]]
[[3,7,12,35,43,70],[34, 40, 16, 37, 17, 50, 18, 51, 54]]
[[4,6,10,18,39,84],[34, 16, 37, 42, 17, 43, 18, 44, 51]]
[[3,5,18,17,43,104],[34, 16, 37, 42, 49, 17, 43, 18, 51]]
[[1,5,16,37,21,104],[34, 16, 37, 42, 49, 17, 43, 18, 54]]
[[4,8,10,28,39,104],[34, 16, 37, 42, 17, 43, 50, 18, 51]]
[[2,8,8,28,32,50],[34, 16, 37, 42, 17, 43, 50, 18, 54]]
[[3,5,9,33,38,59],[34, 16, 37, 42, 17, 43, 52, 18, 51]]
[[4,6,7,18,44,81],[34, 16, 37, 42, 17, 43, 18, 51, 53]]
[[2,4,14,16,22,94],[34, 16, 37, 42, 17, 43, 18, 51, 54]]
[[3,5,12,25,28,80],[34, 16, 37, 42, 17, 43, 52, 18, 54]]
[[4,6,10,26,39,102],[34, 16, 37, 42, 17, 43, 18, 53, 54]]
[[3,7,9,19,53,37],[34, 16, 37, 42, 49, 17, 50, 18, 44]]
[[2,6,14,30,22,90],[34, 16, 37, 42, 49, 17, 52, 18, 44]]
[[3,5,21,21,43,77],[34, 16, 37, 42, 49, 17, 18, 44, 53]]
[[3,9,9,33,33,45],[34, 16, 37, 42, 17, 50, 52, 18, 44]]
[[2,4,17,28,27,115],[34, 16, 37, 42, 17, 50, 18, 44, 54]]
[[3,7,12,31,38,58],[34, 16, 37, 42, 17, 52, 18, 44, 51]]
[[2,2,14,14,32,80],[34, 16, 37, 42, 17, 18, 44, 51, 53]]
[[5,11,11,35,20,59],[34, 16, 37, 42, 17, 52, 18, 44, 53]]
[[3,7,12,23,23,52],[34, 16, 37, 42, 17, 52, 18, 44, 54]]
[[2,6,11,22,17,57],[34, 16, 37, 42, 17, 18, 44, 53, 54]]
[[3,11,6,35,33,56],[34, 16, 37, 42, 49, 17, 50, 18, 51]]
[[3,7,9,47,33,55],[34, 16, 37, 42, 49, 17, 50, 18, 54]]
[[4,4,10,28,34,106],[34, 16, 37, 42, 49, 17, 52, 18, 51]]
[[5,7,11,15,45,91],[34, 16, 37, 42, 49, 17, 18, 51, 54]]
[[3,7,9,31,33,121],[34, 16, 37, 42, 49, 17, 18, 53, 54]]
[[3,7,9,23,53,79],[34, 16, 37, 42, 17, 50, 52, 18, 54]]
[[4,6,7,18,39,69],[34, 16, 37, 42, 17, 50, 18, 53, 54]]
[[5,11,8,27,50,62],[34, 16, 37, 42, 17, 52, 18, 51, 53]]
[[3,7,15,19,38,67],[34, 16, 37, 42, 17, 52, 18, 51, 54]]
[[2,6,11,30,67,39],[34, 16, 37, 42, 17, 18, 51, 53, 54]]
[[5,11,11,35,15,59],[34, 16, 37, 42, 17, 52, 18, 53, 54]]
[[3,7,18,23,33,106],[34, 16, 37, 49, 17, 43, 50, 18, 44]]
[[4,8,10,20,29,122],[34, 16, 37, 17, 43, 50, 18, 44, 51]]
[[3,5,9,45,33,71],[34, 16, 37, 17, 43, 50, 52, 18, 44]]
[[4,6,16,22,34,84],[34, 16, 37, 17, 43, 50, 18, 44, 54]]
[[3,9,3,25,33,93],[34, 16, 37, 17, 43, 52, 18, 44, 54]]
[[2,6,5,18,22,105],[34, 16, 37, 17, 43, 18, 44, 53, 54]]
[[4,6,10,38,29,66],[34, 16, 37, 49, 17, 43, 52, 18, 51]]
[[3,7,12,31,28,106],[34, 16, 37, 49, 17, 43, 18, 51, 54]]
[[3,9,9,41,33,75],[34, 16, 37, 17, 43, 50, 52, 18, 51]]
[[3,11,12,23,58,74],[34, 16, 37, 17, 43, 50, 52, 18, 54]]
[[4,8,13,16,44,59],[34, 16, 37, 17, 43, 50, 18, 53, 54]]
[[5,7,20,23,45,64],[34, 16, 37, 49, 17, 50, 18, 44, 51]]
[[4,12,10,28,19,96],[34, 16, 37, 49, 17, 50, 52, 18, 44]]
[[5,7,11,19,50,61],[34, 16, 37, 49, 17, 50, 18, 44, 53]]
[[3,5,21,21,38,83],[34, 16, 37, 49, 17, 50, 18, 44, 54]]
[[4,6,16,18,49,78],[34, 16, 37, 49, 17, 52, 18, 44, 51]]
[[3,5,18,17,33,116],[34, 16, 37, 49, 17, 18, 44, 51, 53]]
[[3,3,6,23,43,36],[34, 16, 37, 49, 17, 18, 44, 51, 54]]
[[6,10,12,26,26,58],[34, 16, 37, 49, 17, 52, 18, 44, 53]]
[[3,7,9,31,28,79],[34, 16, 37, 49, 17, 18, 44, 53, 54]]
[[5,9,5,33,60,57],[34, 16, 37, 17, 50, 52, 18, 44, 51]]
[[2,6,20,26,32,96],[34, 16, 37, 17, 50, 18, 44, 51, 54]]
[[5,9,14,25,35,72],[34, 16, 37, 17, 50, 52, 18, 44, 53]]
[[4,10,10,26,29,64],[34, 16, 37, 17, 50, 18, 44, 53, 54]]
[[5,11,5,23,45,65],[34, 16, 37, 17, 52, 18, 44, 51, 53]]
[[3,9,18,25,28,90],[34, 16, 37, 17, 52, 18, 44, 51, 54]]
[[3,5,9,9,43,101],[34, 16, 37, 17, 52, 18, 44, 53, 54]]
[[4,12,7,36,39,63],[34, 16, 37, 49, 17, 50, 52, 18, 51]]
[[3,5,15,29,33,95],[34, 16, 37, 49, 17, 50, 18, 51, 54]]
[[4,8,13,28,34,35],[34, 16, 37, 49, 17, 52, 18, 51, 53]]
[[3,7,15,19,38,97],[34, 16, 37, 17, 50, 52, 18, 51, 53]]
[[3,9,6,21,43,102],[34, 16, 37, 17, 50, 52, 18, 51, 54]]
[[3,5,24,25,38,92],[34, 16, 37, 17, 50, 52, 18, 53, 54]]
[[3,9,12,37,33,60],[34, 16, 37, 17, 52, 18, 51, 53, 54]]
[[5,7,14,23,35,88],[34, 40, 16, 17, 38, 50, 18, 39, 44]]
[[3,3,18,15,33,60],[34, 40, 16, 17, 38, 18, 39, 44, 51]]
[[5,9,8,13,35,60],[34, 40, 16, 17, 38, 18, 39, 44, 53]]
[[6,10,6,34,41,52],[34, 40, 16, 17, 38, 52, 18, 39, 51]]
[[3,7,6,23,28,94],[34, 40, 16, 17, 38, 18, 39, 51, 54]]
[[6,8,15,24,26,83],[34, 16, 42, 17, 38, 43, 18, 39, 51]]
[[2,4,11,24,42,73],[34, 16, 42, 17, 38, 18, 39, 44, 54]]
[[6,10,12,26,31,64],[34, 16, 42, 17, 38, 50, 18, 39, 51]]
[[6,10,12,26,21,76],[34, 16, 42, 17, 38, 50, 18, 39, 54]]
[[4,6,16,18,44,66],[34, 16, 42, 17, 38, 18, 39, 53, 54]]
[[5,7,14,31,25,88],[34, 16, 49, 17, 38, 43, 18, 39, 44]]
[[4,8,7,16,29,59],[34, 16, 17, 38, 43, 18, 39, 44, 51]]
[[4,6,10,42,19,72],[34, 16, 17, 38, 43, 50, 18, 39, 54]]
[[5,9,14,33,30,72],[34, 16, 17, 38, 43, 52, 18, 39, 51]]
[[4,10,10,26,34,70],[34, 16, 17, 38, 43, 18, 39, 51, 53]]
[[7,9,13,25,32,57],[34, 16, 49, 17, 38, 50, 18, 39, 44]]
[[5,7,8,27,35,76],[34, 16, 49, 17, 38, 18, 39, 44, 53]]
[[6,10,12,22,36,76],[34, 16, 17, 38, 50, 18, 39, 44, 51]]
[[5,11,14,19,30,98],[34, 16, 17, 38, 50, 52, 18, 39, 44]]
[[4,6,10,26,44,48],[34, 16, 17, 38, 50, 18, 39, 44, 53]]
[[4,8,10,24,24,68],[34, 16, 17, 38, 50, 18, 39, 44, 54]]
[[6,8,18,20,41,68],[34, 16, 17, 38, 18, 39, 44, 51, 53]]
[[4,6,7,30,29,63],[34, 16, 17, 38, 18, 39, 44, 51, 54]]
[[5,9,5,29,65,51],[34, 16, 17, 38, 52, 18, 39, 44, 53]]
[[6,10,15,26,26,55],[34, 16, 17, 38, 18, 39, 44, 53, 54]]
[[5,11,14,15,20,122],[34, 16, 17, 38, 50, 52, 18, 39, 51]]
[[2,8,5,20,32,71],[34, 16, 17, 38, 50, 18, 39, 53, 54]]
[[3,7,9,19,53,37],[34, 16, 17, 38, 52, 18, 39, 51, 53]]
[[3,5,12,37,38,62],[34, 16, 17, 38, 52, 18, 39, 51, 54]]
[[2,6,17,14,17,57],[34, 40, 16, 42, 49, 17, 38, 18, 51]]
[[2,4,8,28,42,52],[34, 40, 16, 42, 49, 17, 38, 18, 54]]
[[3,9,12,25,43,78],[34, 40, 16, 42, 17, 38, 50, 18, 51]]
[[3,7,15,31,33,91],[34, 40, 16, 42, 17, 38, 50, 18, 54]]
[[4,6,7,18,59,57],[34, 40, 16, 42, 17, 38, 52, 18, 51]]
[[3,9,12,13,43,78],[34, 40, 16, 42, 17, 38, 18, 51, 54]]
[[3,5,9,25,38,29],[34, 40, 16, 17, 38, 43, 50, 18, 44]]
[[5,7,17,35,30,61],[34, 40, 16, 17, 38, 43, 18, 44, 53]]
[[2,10,11,30,37,67],[34, 40, 16, 49, 17, 38, 43, 18, 54]]
[[3,9,12,33,28,84],[34, 40, 16, 17, 38, 43, 50, 18, 51]]
[[1,5,10,25,56,68],[34, 40, 16, 17, 38, 43, 50, 18, 54]]
[[2,6,14,30,22,90],[34, 40, 16, 17, 38, 43, 52, 18, 51]]
[[3,5,18,37,53,62],[34, 40, 16, 17, 38, 43, 18, 51, 53]]
[[3,7,12,19,48,106],[34, 40, 16, 17, 38, 43, 18, 51, 54]]
[[2,6,17,22,17,63],[34, 40, 16, 17, 38, 43, 52, 18, 54]]
[[4,6,13,30,44,45],[34, 40, 16, 49, 17, 38, 18, 44, 51]]
[[3,9,15,21,33,69],[34, 40, 16, 49, 17, 38, 52, 18, 44]]
[[4,10,16,30,24,100],[34, 40, 16, 49, 17, 38, 18, 44, 53]]
[[2,6,8,22,32,102],[34, 40, 16, 49, 17, 38, 18, 44, 54]]
[[3,5,15,21,48,83],[34, 40, 16, 17, 38, 50, 18, 44, 53]]
[[4,8,10,12,24,80],[34, 40, 16, 17, 38, 52, 18, 44, 51]]
[[3,5,9,29,33,65],[34, 40, 16, 17, 38, 18, 44, 51, 53]]
[[1,5,13,21,21,59],[34, 40, 16, 17, 38, 18, 44, 51, 54]]
[[4,8,13,36,24,71],[34, 40, 16, 17, 38, 52, 18, 44, 53]]
[[3,9,9,37,38,75],[34, 40, 16, 17, 38, 18, 44, 53, 54]]
[[4,10,13,26,24,91],[34, 40, 16, 49, 17, 38, 50, 18, 51]]
[[4,14,10,18,29,92],[34, 40, 16, 49, 17, 38, 50, 18, 54]]
[[6,12,9,24,36,63],[34, 40, 16, 49, 17, 38, 18, 51, 53]]
[[4,8,13,24,19,101],[34, 40, 16, 49, 17, 38, 18, 53, 54]]
[[4,6,16,34,39,42],[34, 40, 16, 17, 38, 50, 52, 18, 51]]
[[2,2,14,10,27,104],[34, 40, 16, 17, 38, 50, 52, 18, 54]]
[[4,8,16,28,29,62],[34, 40, 16, 17, 38, 52, 18, 51, 53]]
[[3,5,6,17,43,116],[34, 40, 16, 17, 38, 18, 51, 53, 54]]
[[4,8,13,44,24,53],[34, 40, 16, 17, 38, 52, 18, 53, 54]]
[[5,9,11,25,40,57],[34, 16, 42, 49, 17, 38, 43, 18, 44]]
[[6,10,9,18,46,61],[34, 16, 42, 17, 38, 43, 18, 44, 51]]
[[3,7,15,19,28,85],[34, 16, 42, 17, 38, 43, 52, 18, 44]]
[[4,6,19,14,29,81],[34, 16, 42, 17, 38, 43, 18, 44, 53]]
[[3,7,15,27,23,103],[34, 16, 42, 49, 17, 38, 43, 18, 51]]
[[2,6,8,30,22,96],[34, 16, 42, 17, 38, 43, 50, 18, 51]]
[[2,6,11,30,32,111],[34, 16, 42, 17, 38, 43, 50, 18, 54]]
[[3,7,12,23,28,106],[34, 16, 42, 17, 38, 43, 52, 18, 51]]
[[3,5,12,25,23,74],[34, 16, 42, 49, 17, 38, 50, 18, 44]]
[[3,7,12,31,48,46],[34, 16, 42, 49, 17, 38, 18, 44, 54]]
[[4,10,7,26,54,97],[34, 16, 42, 17, 38, 50, 18, 44, 51]]
[[4,8,13,28,39,41],[34, 16, 42, 17, 38, 50, 18, 44, 53]]
[[4,6,16,50,24,54],[34, 16, 42, 17, 38, 18, 44, 51, 53]]
[[4,12,16,16,19,96],[34, 16, 42, 49, 17, 38, 52, 18, 51]]
[[3,7,12,27,48,76],[34, 16, 42, 49, 17, 38, 18, 51, 54]]
[[4,8,13,20,34,101],[34, 16, 42, 49, 17, 38, 52, 18, 54]]
[[3,3,18,31,58,60],[34, 16, 42, 17, 38, 50, 52, 18, 51]]
[[4,8,16,20,39,86],[34, 16, 42, 17, 38, 50, 18, 51, 53]]
[[4,8,19,24,34,107],[34, 16, 42, 17, 38, 50, 18, 53, 54]]
[[5,7,14,39,25,76],[34, 16, 42, 17, 38, 52, 18, 51, 54]]
[[3,5,9,13,28,101],[34, 16, 42, 17, 38, 52, 18, 53, 54]]
[[3,7,18,31,33,88],[34, 16, 49, 17, 38, 43, 50, 18, 44]]
[[5,9,14,21,35,72],[34, 16, 49, 17, 38, 43, 18, 44, 51]]
[[2,2,11,18,42,53],[34, 16, 49, 17, 38, 43, 52, 18, 44]]
[[3,5,15,21,43,77],[34, 16, 49, 17, 38, 43, 18, 44, 53]]
[[3,7,12,23,53,28],[34, 16, 17, 38, 43, 52, 18, 44, 51]]
[[2,10,11,14,52,103],[34, 16, 17, 38, 43, 18, 44, 51, 53]]
[[2,8,11,24,32,89],[34, 16, 17, 38, 43, 18, 44, 51, 54]]
[[5,7,14,27,35,46],[34, 16, 17, 38, 43, 52, 18, 44, 53]]
[[3,5,15,25,38,101],[34, 16, 17, 38, 43, 52, 18, 44, 54]]
[[2,8,11,12,42,83],[34, 16, 17, 38, 43, 18, 44, 53, 54]]
[[3,3,6,31,33,90],[34, 16, 49, 17, 38, 43, 50, 18, 51]]
[[3,5,15,9,18,65],[34, 16, 49, 17, 38, 43, 18, 53, 54]]
[[4,8,7,16,74,59],[34, 16, 17, 38, 43, 50, 18, 51, 54]]
[[4,8,10,24,54,74],[34, 16, 17, 38, 43, 50, 18, 53, 54]]
[[3,5,18,17,28,104],[34, 16, 17, 38, 43, 52, 18, 51, 54]]
[[6,8,12,36,31,68],[34, 16, 49, 17, 38, 52, 18, 44, 51]]
[[3,9,9,21,38,93],[34, 16, 49, 17, 38, 18, 44, 51, 54]]
[[4,6,7,18,44,81],[34, 16, 49, 17, 38, 52, 18, 44, 53]]
[[4,6,16,14,39,114],[34, 16, 49, 17, 38, 52, 18, 44, 54]]
[[5,9,14,21,55,72],[34, 16, 17, 38, 50, 52, 18, 44, 53]]
[[2,2,14,18,27,104],[34, 16, 17, 38, 50, 18, 44, 53, 54]]
[[3,3,9,27,48,33],[34, 16, 17, 38, 52, 18, 44, 51, 54]]
[[3,5,12,21,38,116],[34, 16, 17, 38, 52, 18, 44, 53, 54]]
[[2,4,11,20,17,103],[34, 16, 49, 17, 38, 50, 52, 18, 51]]
[[3,5,24,21,43,92],[34, 16, 49, 17, 38, 50, 18, 51, 53]]
[[2,6,11,34,57,69],[34, 16, 49, 17, 38, 50, 52, 18, 54]]
[[4,6,10,26,34,96],[34, 16, 49, 17, 38, 52, 18, 51, 53]]
[[3,7,9,31,38,49],[34, 16, 49, 17, 38, 18, 51, 53, 54]]
[[2,4,8,16,22,64],[34, 16, 49, 17, 38, 52, 18, 53, 54]]
[[2,6,8,22,17,78],[34, 16, 17, 38, 50, 18, 51, 53, 54]]
[[1,7,10,23,11,76],[34, 16, 17, 38, 52, 18, 51, 53, 54]]
[[3,5,21,21,43,77],[34, 40, 16, 42, 17, 43, 18, 39, 44]]
[[3,7,9,31,33,121],[34, 40, 16, 42, 17, 43, 18, 39, 54]]
[[5,7,11,15,50,73],[34, 40, 16, 42, 17, 50, 18, 39, 44]]
[[4,10,13,26,39,97],[34, 40, 16, 42, 17, 52, 18, 39, 44]]
[[4,6,7,18,44,81],[34, 40, 16, 42, 49, 17, 18, 39, 51]]
[[4,6,10,26,39,102],[34, 40, 16, 42, 49, 17, 18, 39, 54]]
[[3,5,15,21,43,77],[34, 40, 16, 42, 17, 50, 18, 39, 51]]
[[4,10,16,30,24,100],[34, 40, 16, 42, 17, 52, 18, 39, 51]]
[[3,5,18,17,43,104],[34, 40, 16, 42, 17, 18, 39, 51, 53]]
[[3,9,9,25,58,75],[34, 40, 16, 42, 17, 18, 39, 51, 54]]
[[2,6,8,42,42,84],[34, 40, 16, 42, 17, 52, 18, 39, 54]]
[[1,5,16,37,21,104],[34, 40, 16, 42, 17, 18, 39, 53, 54]]
[[4,8,13,16,44,71],[34, 40, 16, 49, 17, 43, 18, 39, 44]]
[[5,7,11,19,50,61],[34, 40, 16, 17, 43, 50, 18, 39, 44]]
[[3,5,18,17,33,116],[34, 40, 16, 17, 43, 18, 39, 44, 51]]
[[6,10,12,26,26,58],[34, 40, 16, 17, 43, 52, 18, 39, 44]]
[[3,7,9,31,28,79],[34, 40, 16, 17, 43, 18, 39, 44, 54]]
[[4,8,16,20,34,50],[34, 40, 16, 49, 17, 43, 18, 39, 51]]
[[4,8,13,28,34,35],[34, 40, 16, 17, 43, 52, 18, 39, 51]]
[[2,4,14,16,32,76],[34, 40, 16, 49, 17, 18, 39, 44, 53]]
[[2,6,5,18,22,105],[34, 40, 16, 49, 17, 18, 39, 44, 54]]
[[3,7,21,31,28,103],[34, 40, 16, 17, 50, 18, 39, 44, 51]]
[[4,8,22,20,29,86],[34, 40, 16, 17, 50, 52, 18, 39, 44]]
[[3,7,18,23,33,106],[34, 40, 16, 17, 50, 18, 39, 44, 53]]
[[1,1,10,13,16,76],[34, 40, 16, 17, 50, 18, 39, 44, 54]]
[[2,2,26,18,37,80],[34, 40, 16, 17, 52, 18, 39, 44, 51]]
[[2,4,17,16,12,91],[34, 40, 16, 17, 52, 18, 39, 44, 54]]
[[4,8,13,16,44,59],[34, 40, 16, 49, 17, 50, 18, 39, 54]]
[[4,8,19,20,34,95],[34, 40, 16, 17, 50, 52, 18, 39, 54]]
[[4,6,10,38,29,66],[34, 40, 16, 17, 52, 18, 39, 51, 53]]
[[2,4,8,12,37,46],[34, 40, 16, 17, 52, 18, 39, 51, 54]]
[[3,7,12,31,28,106],[34, 40, 16, 17, 18, 39, 51, 53, 54]]
[[5,7,20,15,45,88],[34, 16, 42, 49, 17, 43, 18, 39, 44]]
[[5,9,8,25,25,72],[34, 16, 42, 17, 43, 52, 18, 39, 44]]
[[2,4,11,28,52,43],[34, 16, 42, 17, 43, 18, 39, 44, 54]]
[[3,5,18,17,23,98],[34, 16, 42, 49, 17, 43, 18, 39, 51]]
[[4,10,10,34,24,46],[34, 16, 42, 17, 43, 18, 39, 51, 53]]
[[3,7,15,19,18,103],[34, 16, 42, 17, 43, 52, 18, 39, 54]]
[[2,8,8,16,22,56],[34, 16, 42, 17, 43, 18, 39, 53, 54]]
[[3,5,24,13,23,92],[34, 16, 42, 49, 17, 50, 18, 39, 44]]
[[3,11,12,27,18,104],[34, 16, 42, 49, 17, 18, 39, 44, 53]]
[[2,4,17,20,22,85],[34, 16, 42, 17, 50, 18, 39, 44, 51]]
[[5,11,14,23,30,98],[34, 16, 42, 17, 50, 52, 18, 39, 44]]
[[2,2,14,22,37,98],[34, 16, 42, 17, 50, 18, 39, 44, 54]]
[[3,3,15,35,48,63],[34, 16, 42, 17, 52, 18, 39, 44, 51]]
[[3,9,12,33,28,84],[34, 16, 42, 17, 52, 18, 39, 44, 53]]
[[1,5,10,21,66,74],[34, 16, 42, 17, 52, 18, 39, 44, 54]]
[[5,7,17,19,45,91],[34, 16, 42, 49, 17, 50, 18, 39, 51]]
[[3,11,9,19,38,83],[34, 16, 42, 49, 17, 18, 39, 51, 53]]
[[4,6,10,30,39,84],[34, 16, 42, 49, 17, 52, 18, 39, 54]]
[[3,9,6,29,38,84],[34, 16, 42, 49, 17, 18, 39, 53, 54]]
[[5,11,20,27,10,56],[34, 16, 42, 17, 50, 52, 18, 39, 51]]
[[4,6,10,26,44,48],[34, 16, 42, 17, 50, 18, 39, 51, 53]]
[[2,6,20,18,32,66],[34, 16, 42, 17, 50, 18, 39, 51, 54]]
[[5,11,8,35,20,80],[34, 16, 42, 17, 52, 18, 39, 51, 53]]
[[4,6,16,18,34,90],[34, 16, 42, 17, 18, 39, 51, 53, 54]]
[[3,5,6,9,43,92],[34, 16, 42, 17, 52, 18, 39, 53, 54]]
[[5,9,11,33,10,75],[34, 16, 49, 17, 43, 50, 18, 39, 44]]
[[4,8,10,36,29,74],[34, 16, 49, 17, 43, 52, 18, 39, 44]]
[[3,5,9,25,33,53],[34, 16, 49, 17, 43, 18, 39, 44, 53]]
[[1,1,22,25,31,76],[34, 16, 49, 17, 43, 18, 39, 44, 54]]
[[4,8,4,12,74,50],[34, 16, 17, 43, 50, 18, 39, 44, 51]]
[[3,7,12,11,48,70],[34, 16, 17, 43, 50, 52, 18, 39, 44]]
[[2,8,17,28,27,83],[34, 16, 17, 43, 50, 18, 39, 44, 54]]
[[3,11,12,39,28,50],[34, 16, 17, 43, 52, 18, 39, 44, 51]]
[[4,8,7,20,44,77],[34, 16, 17, 43, 18, 39, 44, 51, 53]]
[[3,7,12,31,48,52],[34, 16, 17, 43, 52, 18, 39, 44, 53]]
[[3,11,12,23,33,74],[34, 16, 17, 43, 52, 18, 39, 44, 54]]
[[4,6,16,30,29,72],[34, 16, 17, 43, 50, 18, 39, 51, 53]]
[[3,5,12,45,43,68],[34, 16, 17, 43, 50, 52, 18, 39, 54]]
[[3,7,9,31,23,43],[34, 16, 17, 43, 52, 18, 39, 51, 53]]
[[3,11,15,27,28,71],[34, 16, 17, 43, 52, 18, 39, 53, 54]]
[[3,7,12,19,28,52],[34, 16, 49, 17, 50, 18, 39, 44, 51]]
[[4,8,16,40,24,56],[34, 16, 49, 17, 52, 18, 39, 44, 53]]
[[2,6,8,10,52,66],[34, 16, 49, 17, 52, 18, 39, 44, 54]]
[[3,5,9,9,43,65],[34, 16, 49, 17, 18, 39, 44, 53, 54]]
[[5,9,8,37,35,90],[34, 16, 17, 50, 52, 18, 39, 44, 51]]
[[4,10,10,26,54,70],[34, 16, 17, 50, 18, 39, 44, 51, 54]]
[[3,9,15,17,53,69],[34, 16, 17, 50, 52, 18, 39, 44, 54]]
[[2,4,14,24,32,112],[34, 16, 17, 18, 39, 44, 51, 53, 54]]
[[4,8,16,24,34,92],[34, 16, 49, 17, 50, 52, 18, 39, 51]]
[[1,5,13,25,31,65],[34, 16, 49, 17, 50, 18, 39, 51, 54]]
[[4,8,13,20,19,107],[34, 16, 49, 17, 50, 52, 18, 39, 54]]
[[4,12,10,28,19,96],[34, 16, 49, 17, 52, 18, 39, 51, 53]]
[[2,6,17,18,32,63],[34, 16, 49, 17, 52, 18, 39, 51, 54]]
[[3,5,21,13,28,95],[34, 16, 49, 17, 18, 39, 51, 53, 54]]
[[3,7,18,23,33,106],[34, 16, 17, 50, 52, 18, 39, 51, 53]]
[[3,9,9,33,33,81],[34, 16, 17, 50, 52, 18, 39, 51, 54]]
[[1,3,16,19,26,78],[34, 16, 17, 50, 52, 18, 39, 53, 54]]
[[5,11,11,31,30,83],[34, 40, 16, 42, 17, 43, 18, 44, 51]]
[[5,7,14,27,25,40],[34, 40, 16, 42, 17, 43, 18, 44, 53]]
[[3,7,12,31,43,64],[34, 40, 16, 42, 17, 43, 18, 44, 54]]
[[4,6,7,34,29,93],[34, 40, 16, 42, 49, 17, 43, 18, 54]]
[[5,9,5,29,65,51],[34, 40, 16, 42, 17, 43, 50, 18, 51]]
[[4,6,13,42,24,51],[34, 40, 16, 42, 17, 43, 52, 18, 54]]
[[5,9,11,29,35,63],[34, 40, 16, 42, 17, 43, 18, 53, 54]]
[[4,10,7,26,39,61],[34, 40, 16, 42, 49, 17, 50, 18, 44]]
[[5,5,11,25,55,77],[34, 40, 16, 42, 49, 17, 52, 18, 44]]
[[6,10,6,34,41,52],[34, 40, 16, 42, 49, 17, 18, 44, 53]]
[[6,8,12,24,41,62],[34, 40, 16, 42, 49, 17, 18, 44, 54]]
[[5,11,11,31,25,83],[34, 40, 16, 42, 17, 50, 18, 44, 51]]
[[5,11,8,11,35,92],[34, 40, 16, 42, 17, 18, 44, 51, 53]]
[[4,10,7,34,14,61],[34, 40, 16, 42, 17, 52, 18, 44, 54]]
[[3,11,12,35,23,68],[34, 40, 16, 42, 17, 18, 44, 53, 54]]
[[4,10,10,22,34,58],[34, 40, 16, 42, 49, 17, 50, 18, 51]]
[[2,6,8,34,42,72],[34, 40, 16, 42, 49, 17, 50, 18, 54]]
[[4,8,13,20,19,77],[34, 40, 16, 42, 49, 17, 18, 51, 53]]
[[3,7,18,27,38,88],[34, 40, 16, 42, 49, 17, 52, 18, 54]]
[[4,6,10,30,14,66],[34, 40, 16, 42, 17, 50, 52, 18, 51]]
[[5,7,17,31,35,67],[34, 40, 16, 42, 17, 50, 18, 51, 53]]
[[6,12,9,32,31,51],[34, 40, 16, 42, 17, 52, 18, 51, 53]]
[[3,7,18,23,28,106],[34, 40, 16, 42, 17, 18, 51, 53, 54]]
[[4,8,7,20,24,65],[34, 40, 16, 42, 17, 52, 18, 53, 54]]
[[4,10,13,22,49,73],[34, 40, 16, 17, 43, 50, 52, 18, 44]]
[[5,7,14,35,25,70],[34, 40, 16, 17, 43, 50, 18, 44, 54]]
[[4,8,10,32,34,50],[34, 40, 16, 49, 17, 43, 50, 18, 54]]
[[6,10,18,18,31,64],[34, 40, 16, 49, 17, 43, 18, 51, 53]]
[[5,9,17,33,20,51],[34, 40, 16, 17, 43, 50, 18, 51, 53]]
[[2,4,14,20,42,82],[34, 40, 16, 17, 43, 50, 52, 18, 54]]
[[4,6,16,34,34,48],[34, 40, 16, 17, 43, 52, 18, 51, 53]]
[[3,7,6,19,28,70],[34, 40, 16, 17, 43, 18, 51, 53, 54]]
[[4,10,16,22,24,76],[34, 40, 16, 49, 17, 50, 18, 44, 51]]
[[5,11,5,19,40,83],[34, 40, 16, 49, 17, 50, 52, 18, 44]]
[[6,8,12,24,36,56],[34, 40, 16, 49, 17, 50, 18, 44, 53]]
[[4,8,22,16,29,92],[34, 40, 16, 49, 17, 50, 18, 44, 54]]
[[4,6,13,22,14,69],[34, 40, 16, 49, 17, 18, 44, 51, 53]]
[[4,6,13,18,34,57],[34, 40, 16, 49, 17, 18, 44, 51, 54]]
[[2,8,17,36,27,83],[34, 40, 16, 49, 17, 18, 44, 53, 54]]
[[6,8,9,32,51,59],[34, 40, 16, 17, 50, 52, 18, 44, 51]]
[[3,9,12,33,43,60],[34, 40, 16, 17, 50, 18, 44, 51, 54]]
[[4,6,13,18,39,57],[34, 40, 16, 17, 50, 52, 18, 44, 53]]
[[4,6,10,18,39,54],[34, 40, 16, 17, 50, 52, 18, 44, 54]]
[[3,3,9,39,33,63],[34, 40, 16, 17, 50, 18, 44, 53, 54]]
[[4,6,13,18,44,75],[34, 40, 16, 17, 52, 18, 44, 53, 54]]
[[5,11,11,23,25,89],[34, 16, 42, 49, 17, 43, 18, 44, 51]]
[[4,12,13,24,29,75],[34, 16, 42, 17, 43, 18, 44, 51, 54]]
[[5,11,11,19,45,65],[34, 16, 42, 49, 17, 43, 50, 18, 51]]
[[4,8,13,28,39,89],[34, 16, 42, 49, 17, 43, 52, 18, 51]]
[[3,7,21,23,28,109],[34, 16, 42, 49, 17, 43, 18, 51, 54]]
[[4,10,7,22,39,91],[34, 16, 42, 49, 17, 43, 52, 18, 54]]
[[5,9,23,13,30,87],[34, 16, 42, 49, 17, 43, 18, 53, 54]]
[[3,3,12,35,48,42],[34, 16, 42, 17, 43, 50, 52, 18, 51]]
[[4,6,10,18,14,72],[34, 16, 42, 17, 43, 50, 18, 51, 54]]
[[4,8,7,16,24,95],[34, 16, 42, 17, 43, 50, 18, 53, 54]]
[[5,7,14,15,45,70],[34, 16, 42, 17, 43, 52, 18, 51, 54]]
[[3,5,9,33,33,107],[34, 16, 42, 17, 43, 52, 18, 53, 54]]
[[5,11,11,23,50,59],[34, 16, 42, 49, 17, 50, 18, 44, 51]]
[[3,7,6,19,18,64],[34, 16, 42, 49, 17, 18, 44, 51, 53]]
[[4,8,19,24,29,101],[34, 16, 42, 49, 17, 52, 18, 44, 54]]
[[4,6,10,34,9,60],[34, 16, 42, 17, 50, 18, 44, 51, 53]]
[[2,4,11,20,42,61],[34, 16, 42, 17, 50, 18, 44, 51, 54]]
[[4,8,16,40,24,62],[34, 16, 42, 17, 18, 44, 51, 53, 54]]
[[4,6,10,26,24,48],[34, 16, 42, 49, 17, 50, 52, 18, 54]]
[[6,10,15,18,36,85],[34, 16, 42, 49, 17, 52, 18, 51, 53]]
[[3,9,9,29,28,105],[34, 16, 42, 49, 17, 18, 51, 53, 54]]
[[5,9,14,13,30,78],[34, 16, 42, 17, 50, 52, 18, 51, 53]]
[[4,4,10,32,29,76],[34, 16, 42, 17, 50, 18, 51, 53, 54]]
[[5,9,17,17,35,87],[34, 16, 42, 17, 52, 18, 51, 53, 54]]
[[5,11,8,31,20,74],[34, 16, 49, 17, 43, 50, 18, 44, 53]]
[[5,7,17,19,30,73],[34, 16, 49, 17, 43, 18, 44, 51, 53]]
[[5,9,17,21,40,63],[34, 16, 17, 43, 50, 52, 18, 44, 53]]
[[3,7,9,31,33,61],[34, 16, 17, 43, 50, 52, 18, 44, 54]]
[[2,6,14,22,57,66],[34, 16, 17, 43, 50, 18, 44, 53, 54]]
[[5,11,8,31,20,74],[34, 16, 49, 17, 43, 50, 18, 51, 53]]
[[4,4,10,20,29,82],[34, 16, 49, 17, 43, 50, 52, 18, 54]]
[[5,11,5,27,30,77],[34, 16, 49, 17, 43, 50, 18, 53, 54]]
[[6,8,12,24,36,56],[34, 16, 49, 17, 43, 52, 18, 51, 53]]
[[5,5,11,25,40,77],[34, 16, 49, 17, 43, 18, 51, 53, 54]]
[[4,12,13,24,39,81],[34, 16, 17, 43, 50, 18, 51, 53, 54]]
[[3,9,9,17,33,75],[34, 16, 17, 43, 52, 18, 51, 53, 54]]
[[6,8,12,16,51,68],[34, 16, 49, 17, 50, 52, 18, 44, 53]]
[[6,8,15,20,41,77],[34, 16, 49, 17, 50, 52, 18, 44, 54]]
[[5,9,11,33,35,63],[34, 16, 49, 17, 50, 18, 44, 53, 54]]
[[4,8,16,16,34,74],[34, 16, 49, 17, 52, 18, 44, 51, 54]]
[[5,9,5,21,50,57],[34, 16, 49, 17, 18, 44, 51, 53, 54]]
[[3,7,9,47,38,61],[34, 16, 17, 50, 52, 18, 44, 53, 54]]
[[5,7,17,27,30,37],[34, 16, 17, 52, 18, 44, 51, 53, 54]]
[[5,7,17,27,30,67],[35, 16, 37, 42, 17, 38, 18, 39, 44]]
[[3,5,12,25,43,50],[35, 16, 37, 42, 17, 38, 18, 39, 51]]
[[5,9,17,17,40,75],[35, 16, 37, 17, 38, 43, 18, 39, 51]]
[[3,3,6,23,43,54],[35, 16, 37, 17, 38, 18, 39, 44, 51]]
[[1,5,16,33,11,86],[35, 16, 37, 17, 38, 18, 39, 44, 54]]
[[4,8,13,32,29,101],[35, 16, 37, 49, 17, 38, 18, 39, 54]]
[[5,7,11,39,20,85],[35, 16, 37, 17, 38, 18, 39, 51, 53]]
[[4,8,10,24,64,56],[35, 16, 37, 17, 38, 52, 18, 39, 54]]
[[4,10,10,26,34,70],[35, 40, 16, 37, 42, 17, 38, 18, 44]]
[[4,10,13,30,29,91],[35, 40, 16, 37, 42, 17, 38, 18, 51]]
[[4,8,16,28,29,86],[35, 40, 16, 37, 42, 17, 38, 18, 54]]
[[6,6,15,30,21,81],[35, 40, 16, 37, 17, 38, 50, 18, 44]]
[[4,8,16,24,34,104],[35, 40, 16, 37, 17, 38, 18, 44, 54]]
[[3,7,12,23,38,70],[35, 40, 16, 37, 49, 17, 38, 18, 51]]
[[3,7,6,23,48,82],[35, 40, 16, 37, 49, 17, 38, 18, 54]]
[[4,8,10,32,34,98],[35, 40, 16, 37, 17, 38, 50, 18, 54]]
[[4,8,7,32,44,95],[35, 40, 16, 37, 17, 38, 18, 51, 54]]
[[3,7,15,27,28,73],[35, 40, 16, 37, 17, 38, 52, 18, 54]]
[[5,9,8,25,65,48],[35, 16, 37, 42, 17, 38, 43, 18, 44]]
[[4,12,16,16,19,96],[35, 16, 37, 42, 49, 17, 38, 18, 44]]
[[6,10,12,30,26,70],[35, 16, 37, 42, 17, 38, 52, 18, 44]]
[[5,9,8,29,35,84],[35, 16, 37, 42, 17, 38, 18, 44, 54]]
[[4,12,10,28,19,78],[35, 16, 37, 42, 49, 17, 38, 18, 51]]
[[2,4,11,28,67,43],[35, 16, 37, 42, 49, 17, 38, 18, 54]]
[[5,9,14,37,25,66],[35, 16, 37, 42, 17, 38, 50, 18, 51]]
[[3,7,6,35,18,46],[35, 16, 37, 42, 17, 38, 18, 51, 54]]
[[5,7,11,31,45,79],[35, 16, 37, 42, 17, 38, 18, 53, 54]]
[[5,9,11,25,45,87],[35, 16, 37, 17, 38, 43, 50, 18, 44]]
[[5,11,17,23,20,65],[35, 16, 37, 17, 38, 43, 18, 44, 53]]
[[4,6,16,34,39,60],[35, 16, 37, 49, 17, 38, 43, 18, 51]]
[[5,11,11,35,20,59],[35, 16, 37, 17, 38, 43, 18, 51, 53]]
[[4,4,10,28,34,106],[35, 16, 37, 49, 17, 38, 50, 18, 44]]
[[4,10,13,34,19,73],[35, 16, 37, 17, 38, 50, 52, 18, 44]]
[[5,7,23,11,45,79],[35, 16, 37, 17, 38, 50, 18, 44, 54]]
[[3,7,9,15,38,97],[35, 16, 37, 17, 38, 18, 44, 51, 54]]
[[4,4,7,24,34,55],[35, 16, 37, 49, 17, 38, 50, 18, 54]]
[[5,7,14,27,40,58],[35, 16, 37, 49, 17, 38, 52, 18, 54]]
[[5,9,11,21,30,69],[35, 16, 37, 17, 38, 50, 18, 51, 53]]
[[4,8,22,20,29,74],[35, 16, 37, 17, 38, 50, 52, 18, 54]]
[[5,9,11,37,30,81],[35, 16, 37, 17, 38, 18, 51, 53, 54]]
[[6,8,15,24,31,71],[35, 40, 16, 37, 17, 43, 18, 39, 51]]
[[5,9,14,25,35,72],[35, 40, 16, 37, 49, 17, 18, 39, 51]]
[[5,7,17,27,25,61],[35, 40, 16, 37, 49, 17, 18, 39, 54]]
[[5,9,11,33,10,75],[35, 40, 16, 37, 17, 52, 18, 39, 51]]
[[4,10,19,22,39,61],[35, 40, 16, 37, 17, 18, 39, 51, 53]]
[[4,10,10,30,29,58],[35, 40, 16, 37, 17, 18, 39, 51, 54]]
[[3,7,12,47,38,52],[35, 40, 16, 37, 17, 52, 18, 39, 54]]
[[5,9,14,33,30,72],[35, 16, 37, 42, 17, 43, 18, 39, 44]]
[[5,9,11,29,40,81],[35, 16, 37, 42, 17, 18, 39, 44, 51]]
[[5,5,11,33,30,83],[35, 16, 37, 42, 17, 18, 39, 44, 53]]
[[5,7,17,39,15,55],[35, 16, 37, 42, 17, 50, 18, 39, 51]]
[[5,7,14,23,50,58],[35, 16, 37, 17, 43, 18, 39, 44, 51]]
[[4,6,22,26,44,60],[35, 16, 37, 49, 17, 43, 18, 39, 51]]
[[5,7,17,23,40,79],[35, 16, 37, 17, 43, 50, 18, 39, 54]]
[[6,10,18,18,36,46],[35, 16, 37, 17, 43, 52, 18, 39, 51]]
[[3,7,12,19,33,76],[35, 16, 37, 17, 43, 18, 39, 51, 54]]
[[3,5,15,25,23,83],[35, 16, 37, 17, 43, 18, 39, 53, 54]]
[[4,6,13,30,34,93],[35, 16, 37, 49, 17, 50, 18, 39, 44]]
[[5,11,14,23,30,86],[35, 16, 37, 49, 17, 52, 18, 39, 44]]
[[5,7,14,35,15,82],[35, 16, 37, 17, 18, 39, 44, 51, 53]]
[[2,10,5,30,27,55],[35, 16, 37, 17, 52, 18, 39, 44, 54]]
[[5,11,11,19,45,77],[35, 16, 37, 49, 17, 52, 18, 39, 51]]
[[4,8,19,24,34,65],[35, 16, 37, 49, 17, 18, 39, 51, 54]]
[[5,11,14,31,15,62],[35, 16, 37, 49, 17, 52, 18, 39, 54]]
[[5,9,14,17,35,60],[35, 16, 37, 17, 50, 18, 39, 51, 53]]
[[5,13,8,33,20,70],[35, 16, 37, 17, 50, 18, 39, 53, 54]]
[[4,8,10,28,44,80],[35, 16, 37, 17, 52, 18, 39, 51, 54]]
[[2,8,11,24,42,77],[35, 40, 16, 37, 42, 17, 43, 18, 54]]
[[3,5,6,25,38,116],[35, 40, 16, 37, 42, 49, 17, 18, 44]]
[[2,2,8,26,37,68],[35, 40, 16, 37, 42, 17, 50, 18, 44]]
[[3,7,9,19,33,49],[35, 40, 16, 37, 42, 49, 17, 18, 54]]
[[4,8,7,16,19,83],[35, 40, 16, 37, 42, 17, 50, 18, 51]]
[[3,7,15,27,33,121],[35, 40, 16, 37, 42, 17, 52, 18, 51]]
[[4,10,13,26,44,79],[35, 40, 16, 37, 42, 17, 18, 51, 54]]
[[3,7,12,27,48,58],[35, 40, 16, 37, 42, 17, 52, 18, 54]]
[[3,9,9,33,28,45],[35, 40, 16, 37, 49, 17, 43, 18, 44]]
[[4,8,19,36,29,53],[35, 40, 16, 37, 17, 43, 18, 44, 53]]
[[2,4,5,24,47,61],[35, 40, 16, 37, 17, 43, 18, 44, 54]]
[[3,5,18,17,33,62],[35, 40, 16, 37, 49, 17, 43, 18, 51]]
[[3,11,18,27,8,92],[35, 40, 16, 37, 49, 17, 43, 18, 54]]
[[4,10,13,22,49,73],[35, 40, 16, 37, 17, 43, 50, 18, 51]]
[[5,9,5,33,20,81],[35, 40, 16, 37, 17, 43, 52, 18, 51]]
[[4,6,22,14,39,84],[35, 40, 16, 37, 17, 43, 18, 51, 54]]
[[3,7,9,47,33,61],[35, 40, 16, 37, 17, 43, 52, 18, 54]]
[[4,8,10,20,39,62],[35, 40, 16, 37, 17, 43, 18, 53, 54]]
[[5,9,8,21,55,72],[35, 40, 16, 37, 49, 17, 18, 44, 51]]
[[4,10,16,26,24,94],[35, 40, 16, 37, 49, 17, 52, 18, 44]]
[[5,9,14,29,35,78],[35, 40, 16, 37, 49, 17, 18, 44, 53]]
[[5,11,11,23,35,89],[35, 40, 16, 37, 49, 17, 18, 44, 54]]
[[6,10,18,18,36,46],[35, 40, 16, 37, 17, 50, 18, 44, 53]]
[[5,7,17,27,25,79],[35, 40, 16, 37, 17, 52, 18, 44, 51]]
[[4,12,13,24,19,87],[35, 40, 16, 37, 17, 18, 44, 51, 54]]
[[3,5,15,21,38,83],[35, 40, 16, 37, 17, 52, 18, 44, 54]]
[[2,8,11,32,42,53],[35, 40, 16, 37, 17, 18, 44, 53, 54]]
[[1,7,22,39,26,64],[35, 40, 16, 37, 49, 17, 50, 18, 54]]
[[2,8,14,16,52,62],[35, 40, 16, 37, 49, 17, 52, 18, 51]]
[[3,7,15,27,53,37],[35, 40, 16, 37, 49, 17, 18, 51, 53]]
[[3,9,15,33,23,111],[35, 40, 16, 37, 49, 17, 18, 51, 54]]
[[3,5,12,25,28,44],[35, 40, 16, 37, 49, 17, 18, 53, 54]]
[[3,5,12,17,33,62],[35, 40, 16, 37, 17, 50, 52, 18, 51]]
[[4,8,19,20,29,77],[35, 40, 16, 37, 17, 50, 18, 51, 53]]
[[3,3,15,27,43,81],[35, 40, 16, 37, 17, 50, 52, 18, 54]]
[[3,5,9,41,33,41],[35, 40, 16, 37, 17, 52, 18, 51, 54]]
[[3,5,9,29,43,53],[35, 40, 16, 37, 17, 52, 18, 53, 54]]
[[2,4,11,20,17,103],[35, 16, 37, 42, 49, 17, 43, 18, 44]]
[[3,9,9,33,28,69],[35, 16, 37, 42, 17, 43, 50, 18, 44]]
[[3,7,12,35,33,70],[35, 16, 37, 42, 17, 43, 18, 44, 51]]
[[5,11,14,23,30,56],[35, 16, 37, 42, 17, 43, 18, 44, 53]]
[[5,11,11,27,20,77],[35, 16, 37, 42, 17, 43, 50, 18, 51]]
[[3,9,12,37,43,54],[35, 16, 37, 42, 17, 43, 50, 18, 54]]
[[5,11,8,23,40,86],[35, 16, 37, 42, 17, 43, 18, 51, 53]]
[[4,4,13,32,34,61],[35, 16, 37, 42, 49, 17, 50, 18, 44]]
[[5,7,17,35,20,61],[35, 16, 37, 42, 17, 50, 18, 44, 51]]
[[4,10,19,30,19,67],[35, 16, 37, 42, 17, 50, 52, 18, 44]]
[[5,9,17,17,40,75],[35, 16, 37, 42, 17, 50, 18, 44, 53]]
[[3,5,15,13,48,113],[35, 16, 37, 42, 17, 50, 18, 44, 54]]
[[3,3,15,31,43,57],[35, 16, 37, 42, 17, 18, 44, 51, 53]]
[[3,7,12,15,53,76],[35, 16, 37, 42, 17, 18, 44, 51, 54]]
[[3,5,15,21,38,65],[35, 16, 37, 42, 17, 18, 44, 53, 54]]
[[2,6,14,26,22,108],[35, 16, 37, 42, 49, 17, 50, 18, 51]]
[[1,3,10,23,26,96],[35, 16, 37, 42, 49, 17, 52, 18, 54]]
[[2,6,14,26,22,72],[35, 16, 37, 42, 49, 17, 18, 53, 54]]
[[3,5,18,13,28,98],[35, 16, 37, 42, 17, 50, 18, 51, 54]]
[[3,7,21,15,23,79],[35, 16, 37, 42, 17, 50, 18, 53, 54]]
[[2,4,11,24,32,85],[35, 16, 37, 42, 17, 52, 18, 51, 54]]
[[4,12,7,36,39,63],[35, 16, 37, 49, 17, 43, 50, 18, 44]]
[[4,6,7,22,34,111],[35, 16, 37, 49, 17, 43, 18, 44, 51]]
[[5,13,8,33,20,64],[35, 16, 37, 17, 43, 18, 44, 51, 53]]
[[4,8,19,20,29,77],[35, 16, 37, 17, 43, 52, 18, 44, 53]]
[[3,9,12,17,38,48],[35, 16, 37, 17, 43, 18, 44, 53, 54]]
[[4,8,10,24,49,110],[35, 16, 37, 49, 17, 43, 50, 18, 51]]
[[3,7,21,19,23,79],[35, 16, 37, 49, 17, 43, 52, 18, 51]]
[[4,8,13,16,44,71],[35, 16, 37, 49, 17, 43, 18, 51, 53]]
[[2,4,5,40,42,67],[35, 16, 37, 49, 17, 43, 18, 51, 54]]
[[3,3,9,15,38,75],[35, 16, 37, 49, 17, 43, 52, 18, 54]]
[[4,8,10,24,39,98],[35, 16, 37, 49, 17, 43, 18, 53, 54]]
[[2,8,11,32,52,59],[35, 16, 37, 17, 43, 50, 52, 18, 51]]
[[3,9,9,25,18,99],[35, 16, 37, 17, 43, 50, 18, 51, 54]]
[[3,5,9,33,28,83],[35, 16, 37, 17, 43, 50, 18, 53, 54]]
[[4,8,10,36,29,74],[35, 16, 37, 17, 43, 52, 18, 51, 53]]
[[4,8,16,12,14,110],[35, 16, 37, 17, 43, 52, 18, 51, 54]]
[[3,9,18,21,38,72],[35, 16, 37, 17, 43, 18, 51, 53, 54]]
[[2,8,11,28,27,83],[35, 16, 37, 17, 43, 52, 18, 53, 54]]
[[4,6,7,22,44,75],[35, 16, 37, 49, 17, 50, 18, 44, 51]]
[[4,8,13,32,24,83],[35, 16, 37, 49, 17, 50, 18, 44, 53]]
[[3,7,18,27,28,76],[35, 16, 37, 49, 17, 52, 18, 44, 51]]
[[2,6,11,18,32,63],[35, 16, 37, 49, 17, 18, 44, 51, 53]]
[[2,8,8,36,52,56],[35, 16, 37, 49, 17, 18, 44, 51, 54]]
[[3,7,6,35,28,52],[35, 16, 37, 49, 17, 52, 18, 44, 54]]
[[2,6,11,22,37,63],[35, 16, 37, 49, 17, 18, 44, 53, 54]]
[[3,11,9,31,23,59],[35, 16, 37, 17, 50, 18, 44, 51, 53]]
[[1,9,7,21,21,57],[35, 16, 37, 17, 50, 18, 44, 51, 54]]
[[4,6,22,26,44,60],[35, 16, 37, 17, 50, 52, 18, 44, 53]]
[[3,7,12,15,23,40],[35, 16, 37, 17, 50, 18, 44, 53, 54]]
[[2,2,8,34,42,92],[35, 16, 37, 17, 52, 18, 44, 51, 54]]
[[3,5,9,33,33,89],[35, 16, 37, 17, 18, 44, 51, 53, 54]]
[[3,7,9,11,58,79],[35, 16, 37, 49, 17, 50, 52, 18, 54]]
[[5,9,8,21,45,78],[35, 16, 37, 49, 17, 52, 18, 51, 53]]
[[3,7,9,23,23,55],[35, 16, 37, 49, 17, 52, 18, 51, 54]]
[[2,2,26,18,37,86],[35, 16, 37, 49, 17, 18, 51, 53, 54]]
[[5,9,11,37,20,75],[35, 16, 37, 49, 17, 52, 18, 53, 54]]
[[4,8,19,20,39,89],[35, 40, 16, 42, 17, 38, 18, 39, 44]]
[[4,10,19,26,19,85],[35, 40, 16, 42, 17, 38, 18, 39, 54]]
[[5,11,17,23,20,65],[35, 40, 16, 49, 17, 38, 18, 39, 44]]
[[4,8,16,24,24,98],[35, 40, 16, 17, 38, 18, 39, 44, 51]]
[[4,10,10,42,14,52],[35, 40, 16, 17, 38, 18, 39, 44, 54]]
[[5,11,11,35,20,59],[35, 40, 16, 49, 17, 38, 18, 39, 51]]
[[4,6,7,34,39,93],[35, 40, 16, 17, 38, 50, 18, 39, 54]]
[[5,7,20,15,45,88],[35, 40, 16, 17, 38, 52, 18, 39, 51]]
[[4,6,16,34,39,60],[35, 40, 16, 17, 38, 18, 39, 51, 53]]
[[2,4,8,44,57,76],[35, 40, 16, 17, 38, 18, 39, 51, 54]]
[[5,7,11,35,20,73],[35, 16, 42, 17, 38, 43, 18, 39, 44]]
[[4,8,13,36,24,65],[35, 16, 42, 49, 17, 38, 18, 39, 51]]
[[4,10,10,34,24,64],[35, 16, 42, 49, 17, 38, 18, 39, 54]]
[[3,5,12,21,53,74],[35, 16, 42, 17, 38, 18, 39, 53, 54]]
[[5,11,11,19,25,101],[35, 16, 17, 38, 43, 50, 18, 39, 44]]
[[5,5,5,21,30,65],[35, 16, 17, 38, 43, 18, 39, 44, 51]]
[[5,11,14,23,30,56],[35, 16, 17, 38, 43, 50, 18, 39, 51]]
[[3,7,12,23,38,70],[35, 16, 17, 38, 43, 18, 39, 51, 53]]
[[3,7,12,31,23,64],[35, 16, 17, 38, 43, 18, 39, 51, 54]]
[[3,7,6,23,48,82],[35, 16, 17, 38, 43, 18, 39, 53, 54]]
[[6,10,12,26,26,76],[35, 16, 49, 17, 38, 50, 18, 39, 44]]
[[4,8,10,28,44,110],[35, 16, 49, 17, 38, 18, 39, 44, 51]]
[[2,4,5,44,42,73],[35, 16, 49, 17, 38, 18, 39, 44, 54]]
[[4,8,13,28,44,89],[35, 16, 17, 38, 50, 52, 18, 39, 44]]
[[3,11,6,35,33,56],[35, 16, 17, 38, 50, 18, 39, 44, 53]]
[[3,5,15,29,38,77],[35, 16, 17, 38, 50, 18, 39, 44, 54]]
[[5,9,11,37,10,69],[35, 16, 17, 38, 18, 39, 44, 51, 53]]
[[6,10,12,26,41,64],[35, 16, 49, 17, 38, 50, 18, 39, 54]]
[[7,9,19,13,37,51],[35, 16, 49, 17, 38, 52, 18, 39, 51]]
[[4,10,4,22,39,64],[35, 16, 49, 17, 38, 18, 39, 51, 54]]
[[4,6,19,18,29,69],[35, 16, 17, 38, 50, 52, 18, 39, 54]]
[[4,8,16,24,19,80],[35, 16, 17, 38, 52, 18, 39, 51, 53]]
[[4,6,7,30,14,51],[35, 16, 17, 38, 52, 18, 39, 51, 54]]
[[4,12,10,28,19,78],[35, 40, 16, 42, 17, 38, 50, 18, 44]]
[[4,8,13,36,24,77],[35, 40, 16, 42, 17, 38, 18, 44, 51]]
[[3,9,9,29,33,93],[35, 40, 16, 42, 17, 38, 52, 18, 44]]
[[4,6,19,18,34,93],[35, 40, 16, 42, 17, 38, 18, 44, 53]]
[[2,4,11,24,27,97],[35, 40, 16, 42, 17, 38, 18, 44, 54]]
[[3,7,12,15,28,46],[35, 40, 16, 42, 49, 17, 38, 18, 51]]
[[5,7,11,39,15,79],[35, 40, 16, 42, 17, 38, 52, 18, 51]]
[[4,6,16,14,44,114],[35, 40, 16, 42, 17, 38, 18, 51, 54]]
[[2,6,14,26,22,108],[35, 40, 16, 17, 38, 43, 50, 18, 44]]
[[3,3,12,43,43,72],[35, 40, 16, 17, 38, 43, 52, 18, 44]]
[[5,7,11,39,20,85],[35, 40, 16, 49, 17, 38, 43, 18, 51]]
[[2,2,14,26,47,92],[35, 40, 16, 17, 38, 43, 50, 18, 54]]
[[3,7,18,27,33,82],[35, 40, 16, 17, 38, 43, 52, 18, 51]]
[[4,8,16,24,44,62],[35, 40, 16, 17, 38, 43, 18, 51, 54]]
[[4,8,13,32,29,101],[35, 40, 16, 17, 38, 43, 18, 53, 54]]
[[3,5,18,33,43,86],[35, 40, 16, 17, 38, 50, 52, 18, 44]]
[[4,6,16,22,49,78],[35, 40, 16, 17, 38, 50, 18, 44, 53]]
[[5,9,14,21,40,90],[35, 40, 16, 17, 38, 52, 18, 44, 51]]
[[2,6,11,26,22,111],[35, 40, 16, 17, 38, 18, 44, 51, 54]]
[[3,5,18,21,48,92],[35, 40, 16, 49, 17, 38, 50, 18, 51]]
[[3,3,12,19,43,48],[35, 40, 16, 49, 17, 38, 50, 18, 54]]
[[4,8,10,32,39,74],[35, 40, 16, 49, 17, 38, 52, 18, 51]]
[[5,9,17,17,40,75],[35, 40, 16, 49, 17, 38, 18, 51, 53]]
[[2,10,5,42,47,49],[35, 40, 16, 49, 17, 38, 52, 18, 54]]
[[3,5,6,41,28,56],[35, 40, 16, 17, 38, 50, 52, 18, 51]]
[[4,6,19,30,39,81],[35, 40, 16, 17, 38, 50, 18, 51, 53]]
[[4,6,22,18,34,66],[35, 40, 16, 17, 38, 50, 18, 51, 54]]
[[2,4,8,28,22,94],[35, 40, 16, 17, 38, 50, 18, 53, 54]]
[[3,5,15,29,38,59],[35, 40, 16, 17, 38, 52, 18, 51, 53]]
[[2,6,11,30,42,63],[35, 40, 16, 17, 38, 18, 51, 53, 54]]
[[5,7,8,23,40,70],[35, 16, 42, 17, 38, 43, 18, 44, 51]]
[[2,2,11,30,52,71],[35, 16, 42, 17, 38, 43, 52, 18, 44]]
[[3,5,9,17,48,35],[35, 16, 42, 17, 38, 43, 18, 44, 53]]
[[3,5,12,41,38,68],[35, 16, 42, 17, 38, 43, 18, 44, 54]]
[[3,5,6,45,28,62],[35, 16, 42, 17, 38, 43, 50, 18, 51]]
[[2,2,14,10,32,80],[35, 16, 42, 17, 38, 43, 52, 18, 54]]
[[3,5,9,29,23,53],[35, 16, 42, 17, 38, 43, 18, 53, 54]]
[[4,8,16,28,29,98],[35, 16, 42, 49, 17, 38, 18, 44, 51]]
[[6,8,15,24,26,83],[35, 16, 42, 49, 17, 38, 18, 44, 53]]
[[6,10,15,26,26,55],[35, 16, 42, 17, 38, 52, 18, 44, 51]]
[[3,5,18,17,38,74],[35, 16, 42, 17, 38, 18, 44, 51, 54]]
[[4,6,13,30,34,93],[35, 16, 42, 17, 38, 52, 18, 44, 53]]
[[4,8,10,28,24,80],[35, 16, 42, 17, 38, 52, 18, 44, 54]]
[[3,9,15,25,28,111],[35, 16, 42, 17, 38, 18, 44, 53, 54]]
[[3,5,12,21,43,80],[35, 16, 42, 49, 17, 38, 52, 18, 51]]
[[2,4,14,28,37,88],[35, 16, 42, 49, 17, 38, 18, 51, 54]]
[[3,7,24,19,18,94],[35, 16, 42, 49, 17, 38, 52, 18, 54]]
[[2,2,11,30,52,71],[35, 16, 42, 17, 38, 50, 52, 18, 51]]
[[3,5,15,25,23,89],[35, 16, 42, 17, 38, 50, 18, 53, 54]]
[[4,6,13,30,29,75],[35, 16, 42, 17, 38, 52, 18, 51, 53]]
[[4,8,19,24,34,101],[35, 16, 42, 17, 38, 52, 18, 51, 54]]
[[2,4,14,20,47,46],[35, 16, 42, 17, 38, 52, 18, 53, 54]]
[[3,9,18,25,38,84],[35, 16, 49, 17, 38, 43, 52, 18, 44]]
[[4,8,16,28,34,56],[35, 16, 17, 38, 43, 52, 18, 44, 54]]
[[3,7,12,23,48,76],[35, 16, 17, 38, 43, 18, 44, 53, 54]]
[[2,2,11,26,47,65],[35, 16, 49, 17, 38, 43, 50, 18, 51]]
[[2,6,11,26,37,81],[35, 16, 49, 17, 38, 43, 50, 18, 54]]
[[3,5,15,25,23,71],[35, 16, 49, 17, 38, 43, 52, 18, 51]]
[[4,6,16,26,44,72],[35, 16, 49, 17, 38, 43, 18, 51, 54]]
[[1,5,13,21,11,53],[35, 16, 49, 17, 38, 43, 52, 18, 54]]
[[5,9,23,13,30,75],[35, 16, 17, 38, 43, 50, 18, 51, 53]]
[[2,10,8,26,37,100],[35, 16, 17, 38, 43, 50, 52, 18, 54]]
[[2,6,11,26,17,87],[35, 16, 17, 38, 43, 52, 18, 51, 54]]
[[4,8,13,36,34,53],[35, 16, 17, 38, 43, 52, 18, 53, 54]]
[[4,8,13,20,19,77],[35, 16, 49, 17, 38, 50, 18, 44, 53]]
[[3,5,18,17,23,98],[35, 16, 49, 17, 38, 52, 18, 44, 53]]
[[4,6,13,22,34,39],[35, 16, 17, 38, 50, 52, 18, 44, 51]]
[[4,10,16,26,29,94],[35, 16, 17, 38, 50, 52, 18, 44, 53]]
[[2,6,5,34,22,63],[35, 16, 17, 38, 50, 52, 18, 44, 54]]
[[1,7,10,23,41,58],[35, 16, 17, 38, 50, 18, 44, 53, 54]]
[[2,8,11,24,47,65],[35, 16, 17, 38, 52, 18, 44, 51, 53]]
[[2,12,14,32,27,78],[35, 16, 17, 38, 52, 18, 44, 51, 54]]
[[4,8,22,12,29,86],[35, 16, 49, 17, 38, 50, 18, 51, 53]]
[[4,8,4,24,34,74],[35, 16, 49, 17, 38, 50, 18, 51, 54]]
[[4,8,13,28,24,59],[35, 16, 49, 17, 38, 50, 18, 53, 54]]
[[6,12,6,36,36,42],[35, 16, 17, 38, 50, 52, 18, 51, 53]]
[[4,8,16,28,29,56],[35, 16, 17, 38, 50, 52, 18, 51, 54]]
[[3,5,15,17,43,113],[35, 16, 17, 38, 50, 18, 51, 53, 54]]
[[4,8,10,24,59,98],[35, 16, 17, 38, 50, 52, 18, 53, 54]]
[[2,6,14,26,22,72],[35, 40, 16, 42, 17, 43, 18, 39, 54]]
[[5,11,14,23,30,56],[35, 40, 16, 42, 49, 17, 18, 39, 44]]
[[3,5,18,17,38,98],[35, 40, 16, 42, 17, 52, 18, 39, 44]]
[[2,4,11,20,17,103],[35, 40, 16, 42, 17, 18, 39, 44, 53]]
[[5,11,8,23,40,86],[35, 40, 16, 42, 49, 17, 18, 39, 51]]
[[4,6,16,22,34,102],[35, 40, 16, 42, 17, 50, 18, 39, 54]]
[[5,7,14,31,25,88],[35, 40, 16, 42, 17, 52, 18, 39, 51]]
[[4,10,13,22,54,79],[35, 40, 16, 42, 17, 18, 39, 51, 54]]
[[3,7,15,27,53,37],[35, 40, 16, 49, 17, 43, 18, 39, 44]]
[[4,8,13,32,24,83],[35, 40, 16, 17, 43, 50, 18, 39, 44]]
[[2,6,11,18,32,63],[35, 40, 16, 17, 43, 18, 39, 44, 51]]
[[4,6,19,18,39,111],[35, 40, 16, 17, 43, 18, 39, 44, 53]]
[[2,6,11,22,37,63],[35, 40, 16, 17, 43, 18, 39, 44, 54]]
[[3,5,18,25,33,86],[35, 40, 16, 49, 17, 43, 18, 39, 54]]
[[5,9,8,21,45,78],[35, 40, 16, 17, 43, 52, 18, 39, 51]]
[[4,6,13,34,24,63],[35, 40, 16, 17, 43, 18, 39, 51, 53]]
[[2,2,26,18,37,86],[35, 40, 16, 17, 43, 18, 39, 51, 54]]
[[5,9,11,37,20,75],[35, 40, 16, 17, 43, 52, 18, 39, 54]]
[[5,13,8,33,20,64],[35, 40, 16, 49, 17, 18, 39, 44, 51]]
[[4,8,19,20,29,77],[35, 40, 16, 49, 17, 52, 18, 39, 44]]
[[3,9,12,17,38,48],[35, 40, 16, 49, 17, 18, 39, 44, 54]]
[[4,12,7,36,39,63],[35, 40, 16, 17, 50, 18, 39, 44, 53]]
[[2,6,8,18,32,96],[35, 40, 16, 17, 50, 18, 39, 44, 54]]
[[3,3,12,23,48,54],[35, 40, 16, 17, 52, 18, 39, 44, 51]]
[[4,6,7,22,34,111],[35, 40, 16, 17, 18, 39, 44, 51, 53]]
[[4,8,13,20,39,65],[35, 40, 16, 17, 18, 39, 44, 51, 54]]
[[3,5,9,33,28,83],[35, 40, 16, 49, 17, 50, 18, 39, 54]]
[[4,8,10,36,29,74],[35, 40, 16, 49, 17, 52, 18, 39, 51]]
[[3,3,18,27,53,60],[35, 40, 16, 49, 17, 18, 39, 51, 53]]
[[3,9,18,21,38,72],[35, 40, 16, 49, 17, 18, 39, 51, 54]]
[[2,8,11,28,27,83],[35, 40, 16, 49, 17, 52, 18, 39, 54]]
[[1,3,10,27,11,102],[35, 40, 16, 49, 17, 18, 39, 53, 54]]
[[4,8,10,24,49,110],[35, 40, 16, 17, 50, 18, 39, 51, 53]]
[[3,5,12,37,43,74],[35, 40, 16, 17, 50, 52, 18, 39, 54]]
[[3,7,21,19,23,79],[35, 40, 16, 17, 52, 18, 39, 51, 53]]
[[1,5,7,21,16,77],[35, 40, 16, 17, 52, 18, 39, 51, 54]]
[[2,4,5,40,42,67],[35, 40, 16, 17, 18, 39, 51, 53, 54]]
[[3,3,9,15,38,75],[35, 40, 16, 17, 52, 18, 39, 53, 54]]
[[5,11,11,27,35,59],[35, 16, 42, 17, 43, 50, 18, 39, 44]]
[[3,7,9,11,43,49],[35, 16, 42, 17, 43, 18, 39, 44, 51]]
[[3,5,6,25,38,116],[35, 16, 42, 17, 43, 18, 39, 44, 53]]
[[1,3,4,23,61,60],[35, 16, 42, 17, 43, 18, 39, 44, 54]]
[[5,11,17,23,20,65],[35, 16, 42, 17, 43, 50, 18, 39, 51]]
[[5,11,11,35,20,65],[35, 16, 42, 17, 43, 50, 18, 39, 54]]
[[3,7,9,19,33,49],[35, 16, 42, 17, 43, 18, 39, 53, 54]]
[[4,10,13,38,24,73],[35, 16, 42, 49, 17, 50, 18, 39, 44]]
[[5,7,14,27,20,58],[35, 16, 42, 49, 17, 52, 18, 39, 44]]
[[4,10,7,26,44,79],[35, 16, 42, 49, 17, 18, 39, 44, 54]]
[[3,7,21,31,48,49],[35, 16, 42, 17, 50, 18, 39, 44, 51]]
[[5,7,14,39,10,76],[35, 16, 42, 17, 18, 39, 44, 51, 53]]
[[4,8,10,20,29,74],[35, 16, 42, 17, 52, 18, 39, 44, 53]]
[[2,4,14,24,57,46],[35, 16, 42, 17, 52, 18, 39, 44, 54]]
[[4,10,10,38,29,70],[35, 16, 42, 49, 17, 50, 18, 39, 51]]
[[3,5,15,25,43,47],[35, 16, 42, 49, 17, 52, 18, 39, 51]]
[[2,4,5,24,32,49],[35, 16, 42, 49, 17, 18, 39, 51, 54]]
[[2,8,11,24,42,77],[35, 16, 42, 49, 17, 18, 39, 53, 54]]
[[3,5,9,25,38,29],[35, 16, 42, 17, 50, 18, 39, 51, 53]]
[[1,5,10,13,41,56],[35, 16, 42, 17, 50, 18, 39, 51, 54]]
[[3,9,18,17,13,90],[35, 16, 42, 17, 50, 18, 39, 53, 54]]
[[2,8,11,32,27,113],[35, 16, 42, 17, 52, 18, 39, 51, 54]]
[[6,10,18,18,36,46],[35, 16, 49, 17, 43, 50, 18, 39, 44]]
[[4,12,7,28,29,93],[35, 16, 49, 17, 43, 18, 39, 44, 53]]
[[2,8,11,32,42,53],[35, 16, 49, 17, 43, 18, 39, 44, 54]]
[[5,11,8,27,45,56],[35, 16, 17, 43, 50, 18, 39, 44, 51]]
[[4,8,19,16,34,77],[35, 16, 17, 43, 50, 52, 18, 39, 44]]
[[3,9,12,17,43,54],[35, 16, 17, 43, 50, 18, 39, 44, 54]]
[[5,9,8,21,55,72],[35, 16, 17, 43, 18, 39, 44, 51, 53]]
[[4,10,16,26,24,94],[35, 16, 17, 43, 52, 18, 39, 44, 53]]
[[5,11,11,23,35,89],[35, 16, 17, 43, 18, 39, 44, 53, 54]]
[[4,8,19,20,29,77],[35, 16, 49, 17, 43, 50, 18, 39, 51]]
[[4,12,10,32,24,72],[35, 16, 49, 17, 43, 18, 39, 51, 53]]
[[3,5,9,29,43,53],[35, 16, 49, 17, 43, 52, 18, 39, 54]]
[[2,6,8,34,47,84],[35, 16, 49, 17, 43, 18, 39, 53, 54]]
[[4,8,19,36,29,53],[35, 16, 17, 43, 50, 52, 18, 39, 51]]
[[3,5,6,25,28,56],[35, 16, 17, 43, 50, 18, 39, 51, 54]]
[[1,7,22,39,26,64],[35, 16, 17, 43, 50, 18, 39, 53, 54]]
[[2,8,14,16,52,62],[35, 16, 17, 43, 52, 18, 39, 51, 53]]
[[2,8,8,28,37,74],[35, 16, 17, 43, 52, 18, 39, 51, 54]]
[[3,9,15,33,23,111],[35, 16, 17, 43, 18, 39, 51, 53, 54]]
[[2,6,14,14,22,54],[35, 16, 49, 17, 50, 18, 39, 44, 51]]
[[3,3,15,31,43,75],[35, 16, 49, 17, 52, 18, 39, 44, 51]]
[[4,8,16,16,34,80],[35, 16, 49, 17, 18, 39, 44, 51, 54]]
[[1,1,10,25,36,100],[35, 16, 49, 17, 52, 18, 39, 44, 54]]
[[2,4,5,24,47,61],[35, 16, 49, 17, 18, 39, 44, 53, 54]]
[[2,8,20,32,12,86],[35, 16, 17, 50, 52, 18, 39, 44, 53]]
[[3,9,18,21,18,96],[35, 16, 17, 50, 18, 39, 44, 53, 54]]
[[2,6,5,18,37,69],[35, 16, 17, 52, 18, 39, 44, 51, 54]]
[[1,9,13,33,41,87],[35, 16, 17, 18, 39, 44, 51, 53, 54]]
[[4,10,13,22,49,73],[35, 16, 49, 17, 50, 18, 39, 51, 53]]
[[2,4,11,32,67,61],[35, 16, 49, 17, 50, 18, 39, 51, 54]]
[[5,9,8,29,20,84],[35, 16, 49, 17, 50, 52, 18, 39, 54]]
[[5,9,5,33,20,81],[35, 16, 49, 17, 52, 18, 39, 51, 53]]
[[4,6,22,14,39,84],[35, 16, 49, 17, 18, 39, 51, 53, 54]]
[[3,7,9,47,33,61],[35, 16, 49, 17, 52, 18, 39, 53, 54]]
[[4,6,10,30,39,72],[35, 16, 17, 50, 52, 18, 39, 51, 53]]
[[4,8,16,24,24,86],[35, 16, 17, 50, 52, 18, 39, 51, 54]]
[[5,11,11,35,15,65],[35, 16, 17, 50, 18, 39, 51, 53, 54]]
[[4,6,13,34,34,39],[35, 16, 17, 52, 18, 39, 51, 53, 54]]
[[5,5,11,33,30,83],[35, 40, 16, 42, 49, 17, 43, 18, 44]]
[[5,11,5,31,35,77],[35, 40, 16, 42, 17, 43, 52, 18, 44]]
