[[0, 8], [2, 4], [3, 5], [6, 7]]
[[0,4,9,32,30,97],[10, 16, 50, 53, 54]]
[[1,3,10,27,46,90],[10, 16, 52, 51, 53]]
[[1,1,13,17,21,85],[10, 16, 52, 51, 54]]
[[2,4,5,36,37,55],[10, 16, 51, 53, 54]]
[[2,2,5,26,42,53],[10, 34, 17, 18, 54]]
[[3,3,12,15,43,114],[10, 37, 17, 18, 51]]
[[3,9,15,21,38,93],[10, 17, 38, 18, 51]]
[[5,11,11,31,25,77],[10, 17, 18, 39, 51]]
[[2,4,23,24,27,85],[10, 40, 17, 18, 54]]
[[3,7,12,15,33,76],[10, 42, 17, 18, 44]]
[[1,5,10,17,66,56],[10, 17, 43, 18, 44]]
[[1,7,1,31,36,43],[10, 17, 43, 18, 54]]
[[3,7,6,19,43,82],[10, 17, 50, 18, 44]]
[[2,8,8,28,37,74],[10, 17, 52, 18, 44]]
[[3,9,6,37,38,72],[10, 17, 18, 44, 53]]
[[2,8,11,32,42,53],[10, 49, 17, 18, 51]]
[[2,8,11,16,42,77],[10, 49, 17, 18, 54]]
[[1,1,10,25,36,100],[10, 17, 50, 18, 51]]
[[3,9,15,29,43,63],[10, 17, 18, 51, 53]]
[[5,11,5,19,60,53],[10, 34, 35, 17, 51]]
[[5,11,11,23,25,107],[10, 34, 37, 17, 44]]
[[1,7,19,43,16,85],[10, 34, 17, 38, 54]]
[[4,6,16,14,44,114],[10, 34, 40, 17, 44]]
[[3,5,12,45,38,62],[10, 34, 17, 43, 54]]
[[4,10,7,10,54,49],[10, 34, 17, 52, 44]]
[[3,7,6,11,63,70],[10, 34, 17, 44, 53]]
[[3,3,12,31,53,36],[10, 34, 17, 44, 54]]
[[4,6,7,22,39,51],[10, 34, 49, 17, 54]]
[[3,7,9,35,23,61],[10, 34, 17, 51, 53]]
[[2,10,14,14,62,94],[10, 34, 17, 52, 54]]
[[1,7,13,27,31,73],[10, 34, 17, 53, 54]]
[[4,8,13,28,24,77],[10, 35, 37, 17, 54]]
[[2,6,11,26,17,87],[10, 35, 17, 38, 44]]
[[2,4,14,24,47,76],[10, 35, 17, 38, 54]]
[[2,6,17,38,37,99],[10, 35, 17, 39, 44]]
[[4,8,13,24,49,65],[10, 35, 17, 39, 51]]
[[5,7,14,35,20,82],[10, 35, 40, 17, 51]]
[[2,8,11,28,47,77],[10, 35, 17, 44, 53]]
[[5,9,8,29,35,84],[10, 35, 49, 17, 51]]
[[4,8,7,28,44,101],[10, 35, 17, 50, 51]]
[[5,9,14,25,30,78],[10, 35, 17, 52, 51]]
[[4,6,13,38,39,63],[10, 35, 17, 51, 54]]
[[2,8,5,32,47,71],[10, 35, 17, 53, 54]]
[[2,6,5,34,22,63],[10, 37, 17, 38, 51]]
[[4,10,13,22,24,73],[10, 37, 17, 39, 44]]
[[5,9,17,21,30,57],[10, 40, 37, 17, 44]]
[[4,8,7,20,29,47],[10, 37, 17, 43, 44]]
[[5,7,14,39,25,76],[10, 37, 49, 17, 44]]
[[5,9,11,33,25,63],[10, 37, 17, 52, 44]]
[[4,6,13,38,39,63],[10, 37, 17, 44, 54]]
[[3,7,12,27,28,82],[10, 37, 17, 52, 51]]
[[3,5,9,25,33,77],[10, 37, 17, 52, 54]]
[[2,8,14,32,22,80],[10, 37, 17, 53, 54]]
[[2,6,14,26,32,72],[10, 17, 38, 39, 44]]
[[2,2,8,34,47,68],[10, 17, 38, 39, 51]]
[[0,4,12,28,15,52],[10, 17, 38, 39, 54]]
[[3,5,15,25,38,53],[10, 40, 17, 38, 54]]
[[4,8,19,24,34,89],[10, 42, 17, 38, 44]]
[[4,8,16,20,39,86],[10, 42, 17, 38, 51]]
[[4,8,10,28,49,68],[10, 42, 17, 38, 54]]
[[4,8,16,28,29,56],[10, 17, 38, 43, 44]]
[[4,10,16,30,24,82],[10, 17, 38, 44, 51]]
[[2,4,8,16,37,82],[10, 17, 38, 44, 54]]
[[4,8,16,28,34,56],[10, 17, 38, 50, 51]]
[[2,6,14,34,47,90],[10, 17, 38, 53, 54]]
[[4,8,10,20,34,98],[10, 42, 17, 39, 51]]
[[2,6,11,22,32,51],[10, 17, 43, 39, 44]]
[[2,8,8,44,42,68],[10, 17, 50, 39, 51]]
[[1,3,4,23,31,84],[10, 17, 52, 39, 54]]
[[2,10,11,26,22,79],[10, 17, 39, 53, 54]]
[[1,3,7,27,46,93],[10, 40, 17, 43, 54]]
[[3,7,6,35,18,46],[10, 40, 17, 50, 44]]
[[3,3,9,27,43,57],[10, 40, 17, 44, 51]]
[[2,4,14,28,37,88],[10, 40, 17, 52, 44]]
[[1,5,10,25,31,86],[10, 40, 17, 44, 53]]
[[1,5,10,21,26,86],[10, 40, 17, 44, 54]]
[[4,6,16,22,39,102],[10, 40, 49, 17, 51]]
[[4,6,19,34,39,45],[10, 40, 17, 52, 51]]
[[3,7,12,19,38,94],[10, 40, 17, 51, 53]]
[[3,3,12,31,53,36],[10, 40, 17, 51, 54]]
[[1,1,13,17,21,85],[10, 40, 17, 53, 54]]
[[4,6,10,38,34,78],[10, 42, 17, 43, 44]]
[[2,4,8,32,47,76],[10, 42, 17, 43, 51]]
[[2,4,11,24,32,85],[10, 42, 17, 50, 44]]
[[2,2,8,34,37,86],[10, 42, 17, 44, 51]]
[[3,7,15,15,43,103],[10, 42, 49, 17, 54]]
[[4,6,10,22,44,48],[10, 42, 17, 50, 51]]
[[2,4,8,16,37,82],[10, 42, 17, 51, 54]]
[[3,7,12,23,23,112],[10, 42, 17, 52, 54]]
[[2,4,5,36,32,61],[10, 42, 17, 53, 54]]
[[3,7,9,35,43,79],[10, 49, 17, 43, 44]]
[[2,6,5,38,37,75],[10, 17, 43, 44, 51]]
[[2,8,20,32,27,86],[10, 17, 43, 44, 53]]
[[3,7,6,27,18,94],[10, 49, 17, 43, 51]]
[[3,7,18,31,43,64],[10, 49, 17, 43, 54]]
[[2,2,8,38,62,74],[10, 17, 43, 53, 54]]
[[3,7,12,15,33,100],[10, 49, 17, 44, 51]]
[[3,3,9,19,33,93],[10, 49, 17, 44, 53]]
[[2,4,11,28,47,73],[10, 17, 50, 44, 51]]
[[3,9,6,29,18,66],[10, 17, 52, 44, 51]]
[[4,10,13,30,19,79],[10, 17, 44, 51, 54]]
[[3,5,18,13,28,56],[10, 17, 52, 44, 53]]
[[1,1,13,13,16,79],[10, 17, 52, 44, 54]]
[[2,6,8,30,17,60],[10, 17, 44, 53, 54]]
[[3,5,12,41,38,68],[10, 49, 17, 50, 51]]
[[2,4,11,24,27,97],[10, 49, 17, 52, 51]]
[[1,1,10,21,21,94],[10, 49, 17, 51, 53]]
[[1,1,13,13,16,79],[10, 49, 17, 51, 54]]
[[2,4,5,32,52,61],[10, 49, 17, 52, 54]]
[[1,1,4,21,51,70],[10, 49, 17, 53, 54]]
[[2,6,20,26,37,66],[10, 17, 50, 51, 53]]
[[2,2,5,42,42,83],[10, 17, 50, 53, 54]]
[[1,5,10,21,26,86],[10, 17, 52, 51, 54]]
[[2,6,11,30,57,51],[10, 17, 51, 53, 54]]
[[2,8,11,28,27,83],[10, 34, 35, 18, 44]]
[[2,6,5,26,32,63],[10, 34, 38, 18, 54]]
[[2,8,11,12,42,65],[10, 34, 18, 39, 44]]
[[3,5,18,25,33,86],[10, 34, 40, 18, 44]]
[[5,7,14,23,40,82],[10, 34, 40, 18, 51]]
[[4,6,19,18,34,63],[10, 34, 42, 18, 54]]
[[4,6,13,14,24,99],[10, 34, 43, 18, 54]]
[[5,7,14,31,15,76],[10, 34, 49, 18, 44]]
[[5,9,11,37,20,75],[10, 34, 52, 18, 44]]
[[2,4,23,24,27,85],[10, 34, 18, 44, 54]]
[[3,5,12,25,28,44],[10, 34, 49, 18, 51]]
[[4,8,13,16,59,71],[10, 34, 50, 18, 51]]
[[5,9,11,37,20,75],[10, 34, 52, 18, 51]]
[[2,8,11,16,42,77],[10, 34, 18, 51, 54]]
[[3,7,12,31,28,70],[10, 35, 37, 18, 44]]
[[3,7,6,35,23,46],[10, 35, 37, 18, 51]]
[[3,9,15,25,43,63],[10, 35, 37, 18, 54]]
[[1,7,19,23,51,61],[10, 35, 18, 39, 44]]
[[1,5,13,25,21,59],[10, 35, 18, 39, 54]]
[[4,8,10,20,39,62],[10, 35, 40, 18, 44]]
[[5,9,8,29,20,84],[10, 35, 43, 18, 44]]
[[3,9,15,25,43,63],[10, 35, 43, 18, 54]]
[[5,11,14,31,15,62],[10, 35, 50, 18, 44]]
[[4,8,13,16,59,71],[10, 35, 52, 18, 44]]
[[3,11,15,27,38,65],[10, 35, 18, 44, 53]]
[[1,7,1,31,36,43],[10, 35, 18, 44, 54]]
[[4,6,13,14,24,99],[10, 35, 49, 18, 54]]
[[5,11,14,31,15,62],[10, 35, 50, 18, 51]]
[[5,13,8,25,35,76],[10, 35, 18, 51, 53]]
[[5,9,20,17,40,72],[10, 37, 38, 18, 44]]
[[3,7,12,27,48,58],[10, 37, 38, 18, 51]]
[[1,7,10,27,41,64],[10, 37, 18, 39, 51]]
[[1,3,7,31,51,99],[10, 37, 18, 39, 54]]
[[5,7,17,23,25,79],[10, 37, 42, 18, 51]]
[[5,11,11,19,55,59],[10, 37, 43, 18, 44]]
[[5,11,11,19,55,59],[10, 37, 43, 18, 51]]
[[5,9,8,29,20,84],[10, 37, 50, 18, 51]]
[[3,9,15,25,43,63],[10, 37, 50, 18, 54]]
[[3,7,15,23,43,91],[10, 37, 18, 51, 53]]
[[4,6,13,14,24,99],[10, 37, 52, 18, 54]]
[[3,7,21,19,23,79],[10, 37, 18, 53, 54]]
[[3,5,12,41,33,74],[10, 38, 18, 39, 44]]
[[3,9,15,21,58,51],[10, 38, 18, 39, 51]]
[[1,9,16,33,21,78],[10, 38, 18, 39, 54]]
[[4,6,19,18,34,63],[10, 40, 38, 18, 54]]
[[3,7,12,27,48,58],[10, 38, 43, 18, 44]]
[[5,9,20,17,40,72],[10, 38, 43, 18, 51]]
[[3,9,15,21,58,51],[10, 38, 18, 44, 53]]
[[4,6,19,18,34,63],[10, 49, 38, 18, 54]]
[[3,5,12,41,33,74],[10, 38, 18, 51, 53]]
[[2,6,5,26,32,63],[10, 38, 52, 18, 54]]
[[1,9,16,33,21,78],[10, 38, 18, 53, 54]]
[[2,4,8,20,42,28],[10, 40, 18, 39, 44]]
[[2,2,11,22,32,83],[10, 40, 18, 39, 54]]
[[3,9,12,37,38,54],[10, 42, 18, 39, 51]]
[[3,7,15,23,43,91],[10, 43, 18, 39, 44]]
[[3,7,21,19,23,79],[10, 43, 18, 39, 54]]
[[4,6,4,18,54,48],[10, 49, 18, 39, 44]]
[[5,13,8,25,35,76],[10, 50, 18, 39, 44]]
[[3,11,15,27,38,65],[10, 50, 18, 39, 51]]
[[2,4,11,24,32,61],[10, 40, 42, 18, 51]]
[[2,6,5,26,32,63],[10, 40, 42, 18, 54]]
[[3,7,9,27,28,85],[10, 40, 49, 18, 44]]
[[3,5,12,25,28,44],[10, 40, 52, 18, 44]]
[[3,7,9,27,28,85],[10, 40, 49, 18, 51]]
[[4,6,13,14,24,99],[10, 40, 50, 18, 54]]
[[5,7,14,31,15,76],[10, 40, 52, 18, 51]]
[[4,6,4,18,54,48],[10, 40, 18, 51, 53]]
[[2,2,5,26,42,53],[10, 40, 18, 51, 54]]
[[5,7,17,23,25,79],[10, 42, 43, 18, 44]]
[[2,4,11,24,32,61],[10, 42, 49, 18, 44]]
[[1,7,1,43,61,61],[10, 42, 18, 44, 51]]
[[3,9,12,37,38,54],[10, 42, 18, 44, 53]]
[[2,6,5,26,32,63],[10, 42, 49, 18, 54]]
[[4,6,19,18,34,63],[10, 42, 52, 18, 54]]
[[3,7,6,35,23,46],[10, 43, 50, 18, 44]]
[[1,7,10,27,41,64],[10, 43, 18, 44, 53]]
[[3,7,12,31,28,70],[10, 43, 50, 18, 51]]
[[3,9,15,25,43,63],[10, 43, 50, 18, 54]]
[[1,3,7,31,51,99],[10, 43, 18, 53, 54]]
[[5,7,14,23,40,82],[10, 49, 52, 18, 44]]
[[2,2,5,26,42,53],[10, 49, 18, 44, 54]]
[[2,8,11,16,42,77],[10, 52, 18, 44, 54]]
[[4,8,10,20,39,62],[10, 49, 50, 18, 51]]
[[3,5,18,25,33,86],[10, 49, 52, 18, 51]]
[[2,4,8,20,42,28],[10, 49, 18, 51, 53]]
[[2,2,11,22,32,83],[10, 49, 18, 53, 54]]
[[2,8,11,28,27,83],[10, 50, 52, 18, 51]]
[[1,7,19,23,51,61],[10, 50, 18, 51, 53]]
[[1,7,1,31,36,43],[10, 50, 18, 51, 54]]
[[1,5,13,25,21,59],[10, 50, 18, 53, 54]]
[[2,8,11,12,42,65],[10, 52, 18, 51, 53]]
[[2,4,23,24,27,85],[10, 52, 18, 51, 54]]
[[5,7,14,27,40,58],[10, 34, 35, 38, 51]]
[[5,7,14,27,25,70],[10, 34, 35, 39, 51]]
[[0,0,0,16,50,84],[10, 34, 35, 40, 54]]
[[1,3,10,23,26,96],[10, 34, 35, 42, 51]]
[[3,11,15,15,48,59],[10, 34, 35, 43, 51]]
[[1,3,13,15,31,51],[10, 34, 35, 43, 54]]
[[2,8,8,36,42,56],[10, 34, 35, 49, 44]]
[[3,7,6,35,18,46],[10, 34, 35, 44, 51]]
[[2,2,11,26,47,65],[10, 34, 35, 52, 44]]
[[1,3,7,27,46,93],[10, 34, 35, 44, 54]]
[[2,4,11,28,67,43],[10, 34, 35, 49, 51]]
[[2,8,14,32,62,56],[10, 34, 35, 49, 54]]
[[3,9,12,25,33,66],[10, 34, 35, 50, 51]]
[[2,8,14,32,52,68],[10, 34, 35, 52, 54]]
[[3,7,9,15,43,67],[10, 34, 35, 53, 54]]
[[3,5,21,21,33,101],[10, 34, 37, 39, 51]]
[[2,6,14,26,42,84],[10, 34, 40, 37, 44]]
[[2,8,14,24,32,92],[10, 34, 40, 37, 54]]
[[1,5,4,25,31,62],[10, 34, 37, 42, 54]]
[[3,7,18,27,23,106],[10, 34, 37, 50, 44]]
[[4,6,10,26,34,84],[10, 34, 37, 52, 44]]
[[5,7,11,31,45,79],[10, 34, 37, 44, 53]]
[[0,0,0,16,50,84],[10, 34, 37, 49, 54]]
[[2,8,20,24,22,68],[10, 34, 37, 52, 54]]
[[2,2,8,38,62,74],[10, 34, 40, 38, 44]]
[[2,2,17,10,22,71],[10, 34, 40, 38, 54]]
[[3,5,12,21,38,74],[10, 34, 42, 38, 44]]
[[3,9,18,29,23,108],[10, 34, 42, 38, 51]]
[[3,7,21,19,23,79],[10, 34, 42, 38, 54]]
[[1,9,10,17,31,66],[10, 34, 38, 43, 54]]
[[3,7,15,27,28,73],[10, 34, 38, 50, 44]]
[[5,7,14,27,40,64],[10, 34, 38, 44, 51]]
[[2,10,5,42,47,49],[10, 34, 38, 52, 44]]
[[2,6,17,26,57,57],[10, 34, 49, 38, 51]]
[[2,2,11,34,42,119],[10, 34, 49, 38, 54]]
[[1,5,13,21,11,53],[10, 34, 38, 50, 51]]
[[1,9,16,33,21,78],[10, 34, 38, 50, 54]]
[[2,10,5,42,47,49],[10, 34, 38, 52, 51]]
[[3,7,15,15,43,103],[10, 34, 38, 51, 54]]
[[0,6,9,26,50,87],[10, 34, 38, 52, 54]]
[[1,5,10,25,21,74],[10, 34, 38, 53, 54]]
[[2,4,14,16,42,64],[10, 34, 40, 39, 54]]
[[3,5,6,29,28,44],[10, 34, 42, 39, 51]]
[[3,5,18,33,43,86],[10, 34, 43, 39, 44]]
[[3,7,15,31,33,91],[10, 34, 39, 44, 53]]
[[2,4,14,16,32,100],[10, 34, 49, 39, 54]]
[[1,7,4,23,41,52],[10, 34, 39, 51, 54]]
[[2,4,14,24,42,88],[10, 34, 52, 39, 54]]
[[2,2,11,34,42,119],[10, 34, 40, 42, 54]]
[[4,8,13,20,34,101],[10, 34, 40, 43, 51]]
[[2,8,14,32,62,56],[10, 34, 40, 43, 54]]
[[4,8,16,28,29,86],[10, 34, 40, 50, 44]]
[[4,12,7,20,54,81],[10, 34, 40, 50, 51]]
[[4,8,10,40,24,68],[10, 34, 40, 50, 54]]
[[4,6,7,22,39,51],[10, 34, 40, 51, 54]]
[[4,8,16,24,44,56],[10, 34, 40, 53, 54]]
[[3,5,15,25,38,71],[10, 34, 42, 43, 51]]
[[3,5,6,33,33,62],[10, 34, 42, 43, 54]]
[[2,4,11,12,32,73],[10, 34, 42, 49, 44]]
[[3,7,12,27,48,58],[10, 34, 42, 50, 44]]
[[5,9,20,13,35,96],[10, 34, 42, 44, 53]]
[[3,5,15,25,38,53],[10, 34, 42, 44, 54]]
[[2,2,17,10,22,71],[10, 34, 42, 49, 54]]
[[5,9,14,29,25,72],[10, 34, 42, 50, 51]]
[[4,10,7,50,24,55],[10, 34, 42, 52, 54]]
[[4,10,7,26,39,97],[10, 34, 49, 43, 44]]
[[4,8,10,40,24,68],[10, 34, 49, 43, 54]]
[[4,6,10,26,34,84],[10, 34, 43, 52, 51]]
[[2,8,20,24,22,68],[10, 34, 43, 52, 54]]
[[5,11,8,27,30,74],[10, 34, 50, 44, 51]]
[[5,7,17,31,40,55],[10, 34, 50, 44, 53]]
[[3,7,12,27,38,46],[10, 34, 44, 51, 54]]
[[3,11,9,27,28,101],[10, 34, 44, 53, 54]]
[[2,8,14,24,32,92],[10, 34, 49, 50, 54]]
[[2,4,5,32,52,61],[10, 34, 49, 51, 54]]
[[4,8,10,40,14,56],[10, 34, 49, 53, 54]]
[[2,2,11,26,47,65],[10, 34, 50, 52, 51]]
[[3,7,18,31,43,64],[10, 34, 50, 51, 54]]
[[2,8,14,32,52,68],[10, 34, 50, 52, 54]]
[[2,4,14,24,42,88],[10, 34, 52, 53, 54]]
[[4,8,22,20,29,74],[10, 35, 37, 38, 51]]
[[4,10,10,34,29,76],[10, 35, 37, 39, 44]]
[[4,10,16,18,49,64],[10, 35, 37, 39, 51]]
[[4,8,13,24,24,77],[10, 35, 37, 39, 54]]
[[1,3,10,27,46,90],[10, 35, 40, 37, 51]]
[[2,4,17,24,27,79],[10, 35, 37, 42, 44]]
[[0,4,9,32,20,85],[10, 35, 37, 42, 54]]
[[4,8,22,16,19,104],[10, 35, 37, 43, 44]]
[[2,8,17,24,52,53],[10, 35, 37, 43, 54]]
[[2,4,14,16,22,106],[10, 35, 37, 50, 44]]
[[2,8,8,24,47,92],[10, 35, 37, 44, 51]]
[[4,10,10,34,24,64],[10, 35, 37, 44, 53]]
[[1,3,13,15,31,51],[10, 35, 37, 49, 54]]
[[2,8,17,24,52,53],[10, 35, 37, 50, 54]]
[[4,10,13,26,24,91],[10, 35, 37, 51, 53]]
[[4,8,16,24,44,56],[10, 35, 37, 53, 54]]
[[4,8,10,32,39,92],[10, 35, 38, 39, 44]]
[[3,5,6,17,63,62],[10, 35, 40, 38, 51]]
[[1,5,4,25,31,62],[10, 35, 40, 38, 54]]
[[2,10,8,26,37,100],[10, 35, 38, 43, 44]]
[[0,4,9,32,20,85],[10, 35, 38, 43, 54]]
[[1,5,13,21,11,53],[10, 35, 38, 52, 44]]
[[2,4,8,24,42,52],[10, 35, 38, 44, 53]]
[[3,7,9,31,18,85],[10, 35, 49, 38, 51]]
[[3,5,6,33,33,62],[10, 35, 49, 38, 54]]
[[2,2,11,22,32,107],[10, 35, 38, 50, 54]]
[[3,7,15,27,28,73],[10, 35, 38, 52, 51]]
[[4,6,7,18,54,51],[10, 35, 38, 51, 53]]
[[1,9,16,33,21,78],[10, 35, 38, 52, 54]]
[[3,9,12,41,38,48],[10, 35, 40, 39, 44]]
[[1,7,13,23,31,67],[10, 35, 40, 39, 54]]
[[2,6,8,18,32,36],[10, 35, 42, 39, 51]]
[[2,4,14,16,32,100],[10, 35, 43, 39, 54]]
[[2,10,5,18,12,67],[10, 35, 39, 44, 51]]
[[2,6,11,30,32,111],[10, 35, 39, 44, 53]]
[[5,7,17,31,40,55],[10, 35, 52, 39, 51]]
[[4,4,13,28,29,49],[10, 35, 39, 51, 53]]
[[2,4,11,24,42,61],[10, 35, 39, 53, 54]]
[[3,5,9,13,38,35],[10, 35, 40, 42, 44]]
[[3,5,9,25,43,101],[10, 35, 40, 42, 51]]
[[2,6,11,34,32,75],[10, 35, 40, 49, 51]]
[[2,8,20,24,22,68],[10, 35, 40, 49, 54]]
[[5,9,11,29,35,81],[10, 35, 40, 51, 53]]
[[2,8,14,24,32,92],[10, 35, 40, 52, 54]]
[[4,6,4,14,44,30],[10, 35, 42, 43, 44]]
[[4,6,16,14,29,84],[10, 35, 42, 44, 51]]
[[5,9,14,29,25,72],[10, 35, 42, 52, 44]]
[[6,8,12,16,31,74],[10, 35, 42, 44, 53]]
[[1,9,10,17,31,66],[10, 35, 42, 49, 54]]
[[3,7,12,27,48,58],[10, 35, 42, 52, 51]]
[[4,8,19,20,39,65],[10, 35, 43, 44, 53]]
[[3,3,15,35,48,57],[10, 35, 49, 43, 51]]
[[2,4,14,16,22,106],[10, 35, 43, 50, 51]]
[[2,8,17,24,52,53],[10, 35, 43, 50, 54]]
[[3,7,18,27,23,106],[10, 35, 43, 52, 51]]
[[4,8,10,40,29,68],[10, 35, 43, 51, 53]]
[[4,8,13,28,24,77],[10, 35, 43, 51, 54]]
[[2,4,5,24,42,37],[10, 35, 43, 53, 54]]
[[3,5,12,21,43,86],[10, 35, 49, 44, 51]]
[[4,12,7,20,54,81],[10, 35, 49, 52, 44]]
[[3,5,12,45,38,62],[10, 35, 49, 44, 54]]
[[3,9,12,25,33,66],[10, 35, 50, 52, 44]]
[[5,11,8,27,30,74],[10, 35, 52, 44, 51]]
[[2,4,8,36,57,58],[10, 35, 44, 51, 54]]
[[3,7,18,31,43,64],[10, 35, 52, 44, 54]]
[[4,8,16,28,29,86],[10, 35, 49, 52, 51]]
[[3,5,9,25,33,77],[10, 35, 49, 51, 54]]
[[4,8,10,40,24,68],[10, 35, 49, 52, 54]]
[[6,10,12,26,31,76],[10, 37, 38, 39, 44]]
[[4,8,22,16,19,104],[10, 37, 38, 39, 51]]
[[3,9,12,37,38,54],[10, 40, 37, 38, 44]]
[[4,6,4,18,54,48],[10, 37, 42, 38, 51]]
[[2,8,5,32,32,53],[10, 37, 38, 43, 44]]
[[2,8,5,32,32,53],[10, 37, 38, 43, 51]]
[[4,8,7,16,24,89],[10, 37, 38, 44, 51]]
[[2,10,8,26,37,100],[10, 37, 38, 50, 51]]
[[0,4,9,32,20,85],[10, 37, 38, 50, 54]]
[[2,4,11,24,32,61],[10, 37, 38, 51, 53]]
[[1,9,10,17,31,66],[10, 37, 38, 52, 54]]
[[2,6,5,26,32,63],[10, 37, 38, 53, 54]]
[[2,6,17,26,17,105],[10, 37, 42, 39, 44]]
[[4,8,16,28,34,80],[10, 37, 42, 39, 51]]
[[4,8,10,32,24,92],[10, 37, 43, 39, 54]]
[[3,9,15,21,33,57],[10, 37, 49, 39, 44]]
[[4,8,10,40,29,68],[10, 37, 50, 39, 44]]
[[3,9,15,21,33,57],[10, 37, 49, 39, 51]]
[[4,8,19,20,39,65],[10, 37, 50, 39, 51]]
[[2,4,5,24,42,37],[10, 37, 50, 39, 54]]
[[2,4,17,20,32,73],[10, 37, 39, 51, 53]]
[[0,2,6,14,30,62],[10, 37, 39, 51, 54]]
[[2,8,14,32,52,68],[10, 37, 39, 53, 54]]
[[3,9,15,21,58,51],[10, 40, 37, 42, 44]]
[[3,5,12,41,33,74],[10, 40, 37, 42, 51]]
[[1,9,16,33,21,78],[10, 40, 37, 42, 54]]
[[2,4,17,20,32,73],[10, 40, 37, 49, 44]]
[[3,3,15,35,48,57],[10, 40, 37, 50, 44]]
[[3,5,12,33,33,74],[10, 40, 37, 44, 51]]
[[2,8,14,32,52,68],[10, 40, 37, 49, 54]]
[[4,10,7,26,39,97],[10, 40, 37, 52, 51]]
[[4,8,10,40,24,68],[10, 40, 37, 52, 54]]
[[2,2,11,22,32,107],[10, 37, 42, 43, 54]]
[[3,7,6,11,43,76],[10, 37, 42, 49, 44]]
[[4,6,13,26,39,75],[10, 37, 42, 44, 51]]
[[3,5,15,25,38,71],[10, 37, 42, 52, 44]]
[[2,4,14,24,47,76],[10, 37, 42, 44, 54]]
[[4,6,4,14,44,30],[10, 37, 42, 50, 51]]
[[3,5,6,33,33,62],[10, 37, 42, 52, 54]]
[[4,6,19,18,34,63],[10, 37, 42, 53, 54]]
[[4,8,22,16,19,104],[10, 37, 43, 50, 51]]
[[2,8,17,24,52,53],[10, 37, 43, 50, 54]]
[[4,8,10,32,24,92],[10, 37, 43, 53, 54]]
[[4,8,13,20,34,101],[10, 37, 49, 52, 44]]
[[3,11,15,15,48,59],[10, 37, 50, 52, 44]]
[[4,8,13,28,24,77],[10, 37, 50, 44, 54]]
[[4,8,4,32,34,80],[10, 37, 44, 51, 53]]
[[2,8,14,32,62,56],[10, 37, 49, 52, 54]]
[[1,3,13,15,31,51],[10, 37, 50, 52, 54]]
[[2,4,14,16,32,100],[10, 37, 50, 53, 54]]
[[3,5,18,33,43,86],[10, 37, 52, 51, 53]]
[[3,5,18,29,48,74],[10, 40, 38, 39, 44]]
[[2,4,11,24,32,61],[10, 38, 43, 39, 44]]
[[2,6,5,26,32,63],[10, 38, 43, 39, 54]]
[[5,7,17,23,25,79],[10, 49, 38, 39, 44]]
[[4,6,7,18,54,51],[10, 38, 50, 39, 44]]
[[2,6,5,42,37,57],[10, 38, 39, 44, 53]]
[[2,10,8,34,27,64],[10, 38, 39, 44, 54]]
[[2,4,8,24,42,52],[10, 38, 50, 39, 51]]
[[2,6,5,42,37,57],[10, 38, 39, 51, 53]]
[[1,5,10,25,21,74],[10, 38, 52, 39, 54]]
[[0,2,3,22,70,107],[10, 38, 39, 53, 54]]
[[3,7,15,23,43,91],[10, 40, 42, 38, 51]]
[[3,7,21,19,23,79],[10, 40, 42, 38, 54]]
[[3,7,9,31,18,85],[10, 40, 38, 50, 44]]
[[5,9,17,13,30,81],[10, 40, 38, 44, 51]]
[[2,6,17,26,57,57],[10, 40, 38, 52, 44]]
[[3,7,12,23,23,112],[10, 40, 38, 44, 54]]
[[4,10,7,50,24,55],[10, 40, 49, 38, 54]]
[[3,5,6,33,33,62],[10, 40, 38, 50, 54]]
[[5,7,17,23,25,79],[10, 40, 38, 51, 53]]
[[2,2,11,34,42,119],[10, 40, 38, 52, 54]]
[[4,6,4,18,54,48],[10, 42, 38, 43, 44]]
[[3,7,15,23,43,91],[10, 42, 49, 38, 44]]
[[3,9,18,29,23,108],[10, 42, 38, 52, 44]]
[[4,8,10,28,49,68],[10, 42, 38, 44, 54]]
[[3,7,21,19,23,79],[10, 42, 49, 38, 54]]
[[3,5,12,21,38,74],[10, 42, 38, 52, 51]]
[[4,8,10,28,49,68],[10, 42, 38, 51, 54]]
[[3,7,21,19,23,79],[10, 42, 38, 52, 54]]
[[4,8,22,20,29,74],[10, 38, 43, 50, 44]]
[[4,8,7,16,24,89],[10, 38, 43, 44, 51]]
[[4,8,22,16,19,104],[10, 38, 43, 44, 53]]
[[3,9,12,37,38,54],[10, 49, 38, 43, 51]]
[[6,10,12,26,31,76],[10, 38, 43, 51, 53]]
[[3,5,6,17,63,62],[10, 49, 38, 50, 44]]
[[5,9,17,13,30,81],[10, 49, 38, 44, 51]]
[[5,7,14,27,40,58],[10, 38, 50, 52, 44]]
[[5,7,14,27,40,64],[10, 38, 52, 44, 51]]
[[4,8,13,52,14,47],[10, 38, 44, 51, 54]]
[[3,7,15,15,43,103],[10, 38, 52, 44, 54]]
[[1,5,4,25,31,62],[10, 49, 38, 50, 54]]
[[2,2,8,38,62,74],[10, 49, 38, 52, 51]]
[[3,5,18,29,48,74],[10, 49, 38, 51, 53]]
[[3,7,12,23,23,112],[10, 49, 38, 51, 54]]
[[2,2,17,10,22,71],[10, 49, 38, 52, 54]]
[[4,8,10,32,39,92],[10, 38, 50, 51, 53]]
[[2,10,8,34,27,64],[10, 38, 51, 53, 54]]
[[3,5,18,17,43,110],[10, 40, 42, 39, 54]]
[[4,8,10,32,24,92],[10, 40, 49, 39, 54]]
[[3,5,9,17,38,89],[10, 40, 39, 51, 54]]
[[4,8,10,40,14,56],[10, 40, 52, 39, 54]]
[[4,6,19,18,34,63],[10, 42, 43, 39, 54]]
[[3,7,12,27,48,58],[10, 42, 49, 39, 44]]
[[2,4,11,36,42,103],[10, 42, 39, 44, 51]]
[[5,9,20,17,40,72],[10, 42, 49, 39, 51]]
[[6,8,12,16,31,74],[10, 42, 50, 39, 51]]
[[5,9,20,13,35,96],[10, 42, 52, 39, 51]]
[[2,4,5,40,37,73],[10, 42, 39, 51, 54]]
[[4,6,13,46,24,51],[10, 42, 39, 53, 54]]
[[4,10,13,26,24,91],[10, 43, 50, 39, 44]]
[[4,8,4,32,34,80],[10, 43, 39, 44, 51]]
[[2,4,17,20,32,73],[10, 43, 39, 44, 53]]
[[4,10,10,34,24,64],[10, 43, 50, 39, 51]]
[[4,8,16,24,44,56],[10, 43, 50, 39, 54]]
[[5,7,11,31,45,79],[10, 43, 52, 39, 51]]
[[2,8,14,32,52,68],[10, 43, 39, 53, 54]]
[[5,9,11,29,35,81],[10, 49, 50, 39, 44]]
[[3,7,15,31,33,91],[10, 49, 39, 44, 51]]
[[4,4,13,28,29,49],[10, 50, 39, 44, 53]]
[[4,8,16,24,44,56],[10, 49, 52, 39, 54]]
[[2,6,11,30,32,111],[10, 50, 39, 51, 53]]
[[3,7,9,15,43,67],[10, 50, 52, 39, 54]]
[[2,4,11,24,42,61],[10, 50, 39, 53, 54]]
[[3,7,15,31,33,91],[10, 52, 39, 51, 53]]
[[3,11,9,27,28,101],[10, 52, 39, 51, 54]]
[[3,7,6,11,43,76],[10, 40, 42, 43, 51]]
[[5,9,20,17,40,72],[10, 40, 42, 44, 53]]
[[0,6,9,26,50,87],[10, 40, 42, 49, 54]]
[[1,9,10,17,31,66],[10, 40, 42, 50, 54]]
[[2,4,11,12,32,73],[10, 40, 42, 52, 51]]
[[3,7,12,27,48,58],[10, 40, 42, 51, 53]]
[[1,7,19,43,16,85],[10, 40, 42, 51, 54]]
[[2,2,17,10,22,71],[10, 40, 42, 52, 54]]
[[3,9,15,21,33,57],[10, 40, 43, 44, 53]]
[[2,4,17,20,32,73],[10, 40, 49, 43, 51]]
[[2,8,14,32,52,68],[10, 40, 49, 43, 54]]
[[1,3,13,15,31,51],[10, 40, 43, 50, 54]]
[[3,9,15,21,33,57],[10, 40, 43, 51, 53]]
[[0,0,0,16,50,84],[10, 40, 43, 52, 54]]
[[2,6,11,34,32,75],[10, 40, 49, 50, 44]]
[[2,10,14,14,62,94],[10, 40, 49, 44, 54]]
[[3,5,12,21,43,86],[10, 40, 50, 44, 51]]
[[2,4,11,28,67,43],[10, 40, 50, 52, 44]]
[[3,5,9,25,33,77],[10, 40, 50, 44, 54]]
[[3,7,15,31,33,91],[10, 40, 44, 51, 53]]
[[1,5,16,17,31,50],[10, 40, 44, 51, 54]]
[[2,4,5,32,52,61],[10, 40, 52, 44, 54]]
[[2,8,20,24,22,68],[10, 40, 49, 50, 54]]
[[2,10,14,14,62,94],[10, 40, 49, 51, 54]]
[[4,8,10,32,24,92],[10, 40, 49, 53, 54]]
[[2,8,8,36,42,56],[10, 40, 50, 52, 51]]
[[3,5,12,45,38,62],[10, 40, 50, 51, 54]]
[[2,8,14,32,62,56],[10, 40, 50, 52, 54]]
[[2,4,14,16,32,100],[10, 40, 52, 53, 54]]
[[3,5,12,41,33,74],[10, 42, 49, 43, 44]]
[[4,6,13,26,39,75],[10, 42, 43, 44, 51]]
[[4,8,16,28,34,80],[10, 42, 43, 44, 53]]
[[3,9,15,21,58,51],[10, 42, 49, 43, 51]]
[[1,9,16,33,21,78],[10, 42, 49, 43, 54]]
[[2,4,17,24,27,79],[10, 42, 43, 50, 51]]
[[0,4,9,32,20,85],[10, 42, 43, 50, 54]]
[[2,6,17,26,17,105],[10, 42, 43, 51, 53]]
[[2,4,14,24,47,76],[10, 42, 43, 51, 54]]
[[1,5,4,25,31,62],[10, 42, 43, 52, 54]]
[[3,5,9,25,43,101],[10, 42, 49, 50, 44]]
[[1,7,19,43,16,85],[10, 42, 49, 44, 54]]
[[4,6,16,14,29,84],[10, 42, 50, 44, 51]]
[[1,3,10,23,26,96],[10, 42, 50, 52, 44]]
[[2,6,8,18,32,36],[10, 42, 50, 44, 53]]
[[2,4,11,36,42,103],[10, 42, 44, 51, 53]]
[[3,5,6,29,28,44],[10, 42, 52, 44, 53]]
[[2,4,5,40,37,73],[10, 42, 44, 53, 54]]
[[3,5,9,13,38,35],[10, 42, 49, 50, 51]]
[[2,2,11,34,42,119],[10, 42, 49, 52, 54]]
[[3,5,18,17,43,110],[10, 42, 49, 53, 54]]
[[3,5,15,25,38,53],[10, 42, 52, 51, 54]]
[[1,3,10,27,46,90],[10, 49, 43, 50, 44]]
[[3,5,12,33,33,74],[10, 49, 43, 44, 51]]
[[2,8,8,24,47,92],[10, 43, 50, 44, 51]]
[[4,10,16,18,49,64],[10, 43, 50, 44, 53]]
[[3,5,21,21,33,101],[10, 43, 52, 44, 53]]
[[0,2,6,14,30,62],[10, 43, 44, 53, 54]]
[[2,6,14,26,42,84],[10, 49, 43, 52, 51]]
[[2,8,14,24,32,92],[10, 49, 43, 52, 54]]
[[4,10,10,34,29,76],[10, 43, 50, 51, 53]]
[[4,8,13,24,24,77],[10, 43, 50, 53, 54]]
[[1,5,16,17,31,50],[10, 49, 44, 51, 54]]
[[4,6,7,22,39,51],[10, 49, 52, 44, 54]]
[[3,5,9,17,38,89],[10, 49, 44, 53, 54]]
[[3,7,6,35,18,46],[10, 50, 52, 44, 51]]
[[2,10,5,18,12,67],[10, 50, 44, 51, 53]]
[[2,4,8,36,57,58],[10, 50, 44, 51, 54]]
[[5,7,14,27,25,70],[10, 50, 52, 44, 53]]
[[3,7,12,27,38,46],[10, 52, 44, 51, 54]]
[[1,7,4,23,41,52],[10, 52, 44, 53, 54]]
[[3,9,12,41,38,48],[10, 49, 50, 51, 53]]
[[0,0,0,16,50,84],[10, 49, 50, 52, 54]]
[[1,7,13,23,31,67],[10, 49, 50, 53, 54]]
[[2,4,14,16,42,64],[10, 49, 52, 53, 54]]
[[1,3,7,27,46,93],[10, 50, 52, 51, 54]]
[[5,9,11,33,10,75],[13, 14, 16, 18, 51]]
[[3,3,18,31,58,60],[13, 34, 14, 16, 44]]
[[4,4,10,28,19,70],[13, 14, 35, 16, 44]]
[[2,6,17,22,7,75],[13, 14, 35, 16, 51]]
[[2,4,17,20,32,73],[13, 14, 35, 16, 54]]
[[2,6,8,30,22,96],[13, 14, 16, 37, 44]]
[[2,6,11,30,32,111],[13, 14, 16, 37, 54]]
[[4,8,16,24,19,80],[13, 14, 16, 38, 51]]
[[4,8,16,20,39,86],[13, 14, 16, 39, 44]]
[[4,8,13,28,39,41],[13, 14, 16, 39, 51]]
[[4,8,19,24,34,107],[13, 14, 16, 39, 54]]
[[3,5,12,25,23,74],[13, 14, 40, 16, 51]]
[[4,8,10,20,29,74],[13, 14, 16, 42, 44]]
[[2,6,5,42,37,57],[13, 14, 16, 42, 54]]
[[6,6,9,34,46,75],[13, 14, 16, 43, 44]]
[[4,4,13,28,29,49],[13, 14, 16, 43, 54]]
[[3,9,12,25,43,78],[13, 14, 16, 49, 44]]
[[4,10,7,26,54,97],[13, 14, 16, 44, 51]]
[[5,5,8,29,45,74],[13, 14, 16, 52, 44]]
[[6,10,12,26,31,64],[13, 14, 16, 44, 53]]
[[3,7,15,31,33,91],[13, 14, 16, 49, 54]]
[[6,10,12,26,21,76],[13, 14, 16, 53, 54]]
[[5,7,17,27,25,79],[13, 14, 17, 18, 44]]
[[7,9,13,29,27,51],[13, 14, 17, 18, 51]]
[[5,7,17,23,30,79],[13, 34, 14, 17, 51]]
[[3,7,15,31,33,91],[13, 34, 14, 17, 54]]
[[4,10,10,26,49,76],[13, 14, 35, 17, 44]]
[[4,6,13,34,29,57],[13, 14, 35, 17, 51]]
[[4,8,16,28,34,80],[13, 14, 37, 17, 51]]
[[2,8,11,24,47,65],[13, 14, 17, 38, 44]]
[[2,4,11,36,42,103],[13, 14, 17, 38, 54]]
[[4,8,10,20,49,80],[13, 14, 17, 39, 44]]
[[4,6,10,22,54,90],[13, 14, 17, 39, 54]]
[[4,6,7,26,29,51],[13, 14, 17, 43, 44]]
[[4,6,13,22,44,87],[13, 14, 17, 43, 51]]
[[2,10,5,18,12,67],[13, 14, 17, 43, 54]]
[[4,8,19,28,34,71],[13, 14, 17, 44, 53]]
[[4,8,4,32,34,80],[13, 14, 17, 50, 54]]
[[5,7,11,27,40,61],[13, 14, 17, 52, 51]]
[[6,10,12,26,31,64],[13, 14, 17, 51, 53]]
[[4,10,10,26,29,70],[13, 34, 14, 18, 51]]
[[3,7,21,19,23,79],[13, 14, 35, 18, 51]]
[[1,7,10,27,41,64],[13, 14, 35, 18, 54]]
[[3,11,15,27,38,65],[13, 14, 37, 18, 54]]
[[3,9,12,37,38,54],[13, 14, 38, 18, 54]]
[[3,5,9,29,33,95],[13, 14, 18, 39, 54]]
[[4,12,7,28,29,93],[13, 14, 40, 18, 44]]
[[4,8,13,40,29,59],[13, 14, 40, 18, 51]]
[[3,5,15,25,23,71],[13, 14, 42, 18, 51]]
[[3,9,15,21,58,51],[13, 14, 42, 18, 54]]
[[5,11,14,27,30,74],[13, 14, 50, 18, 44]]
[[4,10,16,26,24,94],[13, 14, 52, 18, 44]]
[[3,9,6,37,38,72],[13, 14, 18, 44, 54]]
[[4,10,19,22,39,61],[13, 14, 49, 18, 51]]
[[5,11,11,31,25,77],[13, 14, 18, 51, 54]]
[[5,13,11,37,10,49],[13, 34, 14, 35, 44]]
[[5,13,8,25,25,94],[13, 34, 14, 35, 51]]
[[3,9,15,21,33,57],[13, 34, 14, 35, 54]]
[[7,9,19,13,37,51],[13, 34, 14, 38, 51]]
[[5,9,20,17,40,72],[13, 34, 14, 38, 54]]
[[3,7,6,19,48,94],[13, 34, 14, 39, 44]]
[[3,7,18,27,23,106],[13, 34, 14, 39, 54]]
[[4,6,19,18,34,93],[13, 34, 14, 40, 44]]
[[5,7,20,23,35,52],[13, 34, 14, 42, 44]]
[[3,5,15,25,43,47],[13, 34, 14, 42, 51]]
[[4,8,28,16,24,68],[13, 34, 14, 49, 44]]
[[3,7,18,15,33,76],[13, 34, 14, 44, 51]]
[[4,8,13,36,24,65],[13, 34, 14, 52, 44]]
[[1,5,10,25,31,86],[13, 34, 14, 44, 54]]
[[4,8,13,36,24,65],[13, 34, 14, 49, 51]]
[[4,8,19,20,39,65],[13, 14, 35, 37, 54]]
[[4,8,16,28,34,80],[13, 14, 35, 38, 54]]
[[4,6,13,30,39,87],[13, 14, 35, 39, 44]]
[[2,6,14,30,52,72],[13, 14, 35, 39, 54]]
[[3,5,9,17,48,35],[13, 14, 35, 40, 44]]
[[3,5,21,21,33,101],[13, 14, 35, 40, 54]]
[[4,8,22,16,19,104],[13, 14, 35, 42, 54]]
[[4,8,16,24,34,80],[13, 14, 35, 43, 44]]
[[6,10,12,30,26,70],[13, 14, 35, 43, 51]]
[[4,10,16,18,49,64],[13, 14, 35, 43, 54]]
[[5,7,11,19,40,109],[13, 14, 35, 49, 44]]
[[6,10,15,22,26,67],[13, 14, 35, 50, 44]]
[[4,8,16,20,24,98],[13, 14, 35, 44, 51]]
[[5,11,11,23,40,71],[13, 14, 35, 52, 44]]
[[2,8,20,32,27,86],[13, 14, 35, 44, 54]]
[[3,5,12,25,43,50],[13, 14, 35, 49, 51]]
[[4,8,16,28,19,86],[13, 14, 35, 50, 51]]
[[2,4,2,40,27,64],[13, 14, 35, 53, 54]]
[[6,8,12,16,31,74],[13, 14, 37, 38, 54]]
[[4,8,19,28,24,83],[13, 14, 37, 39, 54]]
[[2,4,8,24,42,52],[13, 14, 37, 42, 54]]
[[4,8,19,20,34,107],[13, 14, 37, 43, 51]]
[[4,8,13,36,24,65],[13, 14, 37, 50, 44]]
[[2,8,17,20,37,77],[13, 14, 37, 44, 51]]
[[4,10,10,26,34,70],[13, 14, 37, 44, 53]]
[[2,8,11,28,47,77],[13, 14, 37, 44, 54]]
[[4,10,10,34,24,64],[13, 14, 37, 50, 54]]
[[4,14,7,34,24,53],[13, 14, 37, 51, 53]]
[[2,8,8,44,42,68],[13, 14, 37, 51, 54]]
[[4,4,13,44,24,61],[13, 14, 38, 39, 44]]
[[5,7,11,27,50,85],[13, 14, 40, 38, 51]]
[[3,5,6,29,28,44],[13, 14, 40, 38, 54]]
[[4,10,16,26,29,94],[13, 14, 38, 43, 44]]
[[4,10,19,14,34,67],[13, 14, 38, 43, 51]]
[[2,6,8,18,32,36],[13, 14, 38, 43, 54]]
[[3,5,18,17,23,98],[13, 14, 38, 52, 44]]
[[2,6,11,26,37,87],[13, 14, 38, 44, 53]]
[[5,9,20,25,25,54],[13, 14, 49, 38, 51]]
[[5,9,20,13,35,96],[13, 14, 49, 38, 54]]
[[5,7,20,15,45,88],[13, 14, 38, 52, 51]]
[[4,8,10,20,34,98],[13, 14, 38, 51, 54]]
[[2,4,11,16,22,109],[13, 14, 38, 53, 54]]
[[3,7,15,27,23,103],[13, 14, 40, 39, 51]]
[[4,4,10,28,24,70],[13, 14, 42, 39, 44]]
[[2,6,11,26,37,87],[13, 14, 42, 39, 51]]
[[2,6,17,26,32,105],[13, 14, 42, 39, 54]]
[[4,12,7,32,39,75],[13, 14, 43, 39, 44]]
[[2,6,14,26,42,84],[13, 14, 43, 39, 54]]
[[4,10,13,30,29,91],[13, 14, 50, 39, 44]]
[[4,8,19,28,34,71],[13, 14, 39, 44, 51]]
[[4,8,13,28,39,41],[13, 14, 39, 44, 53]]
[[3,3,15,35,48,57],[13, 14, 49, 39, 54]]
[[4,10,10,26,34,70],[13, 14, 50, 39, 51]]
[[4,8,16,28,29,86],[13, 14, 50, 39, 54]]
[[6,10,12,26,31,64],[13, 14, 39, 51, 53]]
[[3,9,12,33,38,90],[13, 14, 52, 39, 54]]
[[5,7,14,27,25,70],[13, 14, 40, 43, 54]]
[[6,8,12,28,26,86],[13, 14, 40, 49, 44]]
[[6,8,15,24,26,83],[13, 14, 40, 52, 44]]
[[3,5,18,13,28,56],[13, 14, 40, 44, 54]]
[[5,7,11,35,20,73],[13, 14, 40, 50, 51]]
[[6,10,15,22,31,73],[13, 14, 42, 43, 44]]
[[4,8,13,28,24,95],[13, 14, 42, 44, 51]]
[[5,9,17,17,30,81],[13, 14, 42, 49, 51]]
[[5,7,14,31,25,88],[13, 14, 42, 52, 51]]
[[2,2,8,34,47,68],[13, 14, 42, 51, 54]]
[[5,7,17,31,40,55],[13, 14, 49, 43, 54]]
[[4,6,19,18,34,93],[13, 14, 43, 50, 51]]
[[4,8,13,24,49,65],[13, 14, 43, 51, 54]]
[[2,4,8,28,32,106],[13, 14, 43, 53, 54]]
[[6,10,12,18,41,82],[13, 14, 49, 52, 44]]
[[3,7,6,11,63,70],[13, 14, 49, 44, 54]]
[[5,11,14,27,25,80],[13, 14, 50, 52, 44]]
[[3,7,15,27,23,103],[13, 14, 52, 44, 53]]
[[3,3,9,19,33,93],[13, 14, 52, 44, 54]]
[[5,7,11,31,45,79],[13, 14, 49, 50, 54]]
[[5,7,14,23,35,88],[13, 14, 49, 51, 53]]
[[5,9,11,25,40,57],[13, 14, 52, 51, 53]]
[[7,9,13,29,27,51],[13, 16, 17, 18, 44]]
[[5,7,17,27,25,79],[13, 16, 17, 18, 51]]
[[5,7,11,27,40,61],[13, 34, 16, 17, 44]]
[[4,8,4,32,34,80],[13, 35, 16, 17, 54]]
[[4,6,13,22,44,87],[13, 16, 37, 17, 44]]
[[4,6,7,26,29,51],[13, 16, 37, 17, 51]]
[[2,10,5,18,12,67],[13, 16, 37, 17, 54]]
[[2,8,11,24,47,65],[13, 16, 17, 38, 51]]
[[2,4,11,36,42,103],[13, 16, 17, 38, 54]]
[[6,10,12,26,31,64],[13, 16, 17, 39, 44]]
[[4,8,19,28,34,71],[13, 16, 17, 39, 51]]
[[4,8,16,28,34,80],[13, 16, 17, 43, 44]]
[[4,6,13,34,29,57],[13, 16, 17, 50, 44]]
[[5,7,17,23,30,79],[13, 16, 17, 52, 44]]
[[4,10,10,26,49,76],[13, 16, 17, 50, 51]]
[[4,8,10,20,49,80],[13, 16, 17, 51, 53]]
[[3,7,15,31,33,91],[13, 16, 17, 52, 54]]
[[4,6,10,22,54,90],[13, 16, 17, 53, 54]]
[[2,8,14,16,52,62],[13, 34, 16, 18, 51]]
[[2,4,8,20,42,28],[13, 34, 16, 18, 54]]
[[3,7,15,23,43,91],[13, 35, 16, 18, 54]]
[[3,5,15,17,38,119],[13, 16, 37, 18, 44]]
[[3,5,12,17,33,62],[13, 16, 37, 18, 51]]
[[1,7,19,23,51,61],[13, 16, 37, 18, 54]]
[[5,9,17,29,20,63],[13, 16, 38, 18, 44]]
[[3,7,15,27,33,121],[13, 16, 38, 18, 51]]
[[3,5,15,33,38,95],[13, 16, 18, 39, 54]]
[[4,6,13,34,29,69],[13, 40, 16, 18, 51]]
[[3,9,18,25,38,84],[13, 16, 42, 18, 44]]
[[3,5,12,41,33,74],[13, 16, 42, 18, 54]]
[[5,9,5,25,40,81],[13, 16, 43, 18, 44]]
[[5,13,8,25,35,76],[13, 16, 43, 18, 54]]
[[4,8,7,20,49,77],[13, 16, 49, 18, 44]]
[[4,12,10,32,24,72],[13, 16, 49, 18, 51]]
[[2,8,11,12,42,65],[13, 16, 49, 18, 54]]
[[5,9,5,33,20,81],[13, 16, 50, 18, 51]]
[[4,6,13,26,34,93],[13, 16, 52, 18, 51]]
[[3,9,15,29,43,63],[13, 16, 18, 51, 54]]
[[4,6,4,18,54,48],[13, 16, 52, 18, 54]]
[[5,7,14,31,20,52],[13, 16, 18, 53, 54]]
[[5,11,14,27,25,80],[13, 34, 35, 16, 44]]
[[3,9,12,41,38,48],[13, 34, 16, 37, 54]]
[[3,7,12,15,28,100],[13, 34, 16, 39, 54]]
[[4,8,19,20,39,89],[13, 34, 40, 16, 44]]
[[4,8,25,16,24,77],[13, 34, 40, 16, 51]]
[[3,5,18,17,38,98],[13, 34, 16, 42, 44]]
[[3,5,18,29,48,74],[13, 34, 16, 42, 54]]
[[5,11,11,23,40,71],[13, 34, 16, 50, 44]]
[[6,10,15,22,26,67],[13, 34, 16, 52, 44]]
[[5,7,14,23,35,88],[13, 34, 16, 44, 53]]
[[4,8,16,28,19,86],[13, 34, 16, 52, 51]]
[[1,1,10,21,21,94],[13, 34, 16, 51, 54]]
[[4,12,7,32,39,75],[13, 35, 16, 39, 51]]
[[5,7,11,35,20,73],[13, 35, 40, 16, 44]]
[[3,5,24,17,28,104],[13, 35, 40, 16, 51]]
[[2,4,11,24,32,61],[13, 35, 16, 42, 54]]
[[6,10,18,18,31,58],[13, 35, 16, 43, 44]]
[[4,8,28,16,24,68],[13, 35, 16, 43, 51]]
[[4,10,13,26,24,91],[13, 35, 16, 43, 54]]
[[3,5,24,17,28,104],[13, 35, 16, 49, 44]]
[[4,8,13,36,24,65],[13, 35, 16, 50, 44]]
[[2,4,8,32,57,46],[13, 35, 16, 44, 51]]
[[4,14,7,34,24,53],[13, 35, 16, 44, 53]]
[[2,6,11,22,32,51],[13, 35, 16, 44, 54]]
[[3,5,18,33,43,86],[13, 35, 16, 49, 54]]
[[4,12,7,20,54,81],[13, 35, 16, 53, 54]]
[[6,12,6,36,36,42],[13, 16, 37, 38, 51]]
[[4,6,13,30,39,87],[13, 16, 37, 39, 51]]
[[4,8,16,36,34,56],[13, 16, 37, 42, 44]]
[[4,8,13,24,29,59],[13, 16, 37, 42, 51]]
[[4,8,10,32,39,92],[13, 16, 37, 42, 54]]
[[4,8,19,24,44,53],[13, 16, 37, 43, 44]]
[[4,8,19,20,24,89],[13, 16, 37, 44, 51]]
[[2,6,17,38,37,99],[13, 16, 37, 44, 54]]
[[4,8,16,20,24,92],[13, 16, 37, 50, 51]]
[[4,10,10,34,29,76],[13, 16, 37, 50, 54]]
[[2,6,20,26,37,66],[13, 16, 37, 51, 54]]
[[4,4,10,28,24,70],[13, 16, 38, 39, 51]]
[[5,9,11,29,20,87],[13, 40, 16, 38, 44]]
[[6,8,9,24,51,53],[13, 16, 42, 38, 51]]
[[4,8,13,28,44,89],[13, 16, 38, 43, 44]]
[[4,8,10,20,74,68],[13, 16, 38, 43, 51]]
[[4,6,7,30,29,99],[13, 16, 38, 44, 51]]
[[2,6,17,26,17,105],[13, 16, 38, 50, 54]]
[[3,5,15,29,38,59],[13, 16, 38, 52, 51]]
[[2,6,17,34,32,99],[13, 16, 38, 51, 53]]
[[3,7,12,27,48,58],[13, 16, 38, 52, 54]]
[[2,8,20,24,42,56],[13, 16, 38, 53, 54]]
[[3,7,9,19,23,121],[13, 40, 16, 39, 54]]
[[2,6,17,34,32,99],[13, 16, 42, 39, 44]]
[[4,4,13,44,24,61],[13, 16, 42, 39, 51]]
[[2,2,23,22,42,101],[13, 16, 42, 39, 54]]
[[4,10,13,30,29,91],[13, 16, 43, 39, 51]]
[[4,10,7,26,39,97],[13, 16, 43, 39, 54]]
[[3,7,15,19,43,73],[13, 16, 49, 39, 44]]
[[4,12,7,24,44,81],[13, 16, 50, 39, 44]]
[[4,8,10,20,49,80],[13, 16, 39, 44, 51]]
[[3,7,6,19,48,94],[13, 16, 49, 39, 51]]
[[1,3,10,27,46,90],[13, 16, 49, 39, 54]]
[[2,8,8,20,32,50],[13, 16, 50, 39, 54]]
[[4,8,16,20,39,86],[13, 16, 39, 51, 53]]
[[5,9,8,37,40,78],[13, 40, 16, 42, 44]]
[[5,7,17,27,30,67],[13, 40, 16, 50, 44]]
[[3,5,9,13,38,71],[13, 40, 16, 44, 51]]
[[6,10,18,18,31,58],[13, 40, 16, 52, 51]]
[[3,7,9,35,23,61],[13, 40, 16, 51, 54]]
[[6,8,6,36,41,62],[13, 16, 42, 43, 51]]
[[4,6,7,18,54,51],[13, 16, 42, 43, 54]]
[[5,7,17,23,35,67],[13, 16, 42, 49, 44]]
[[5,7,14,27,20,58],[13, 16, 42, 52, 44]]
[[2,6,14,26,32,72],[13, 16, 42, 44, 54]]
[[6,10,12,26,31,76],[13, 16, 42, 50, 54]]
[[5,7,17,23,25,79],[13, 16, 42, 52, 54]]
[[4,4,13,40,24,73],[13, 16, 42, 53, 54]]
[[4,10,7,18,19,73],[13, 16, 43, 44, 51]]
[[4,8,10,40,29,68],[13, 16, 43, 50, 54]]
[[4,12,7,24,44,81],[13, 16, 43, 51, 53]]
[[5,9,11,29,35,81],[13, 16, 43, 52, 54]]
[[5,9,11,25,40,57],[13, 16, 49, 44, 53]]
[[6,6,21,18,46,51],[13, 16, 50, 44, 51]]
[[5,13,11,37,10,49],[13, 16, 50, 52, 44]]
[[4,10,13,22,24,73],[13, 16, 50, 44, 54]]
[[6,10,12,26,31,64],[13, 16, 44, 51, 53]]
[[5,13,8,25,25,94],[13, 16, 50, 52, 51]]
[[3,9,15,21,33,57],[13, 16, 50, 52, 54]]
[[2,2,5,38,52,59],[13, 16, 50, 53, 54]]
[[3,7,15,19,43,73],[13, 16, 52, 51, 53]]
[[3,7,12,19,38,94],[13, 16, 52, 51, 54]]
[[3,3,15,31,43,75],[13, 35, 17, 18, 44]]
[[5,9,11,25,15,87],[13, 35, 17, 18, 51]]
[[5,7,11,35,40,79],[13, 37, 17, 18, 44]]
[[3,5,12,9,18,50],[13, 17, 38, 18, 44]]
[[3,5,12,9,18,50],[13, 17, 38, 18, 51]]
[[1,7,1,43,61,61],[13, 17, 38, 18, 54]]
[[3,7,9,39,23,73],[13, 17, 18, 39, 54]]
[[5,7,11,35,40,79],[13, 17, 43, 18, 51]]
[[5,9,11,25,15,87],[13, 17, 50, 18, 44]]
[[3,3,15,31,43,75],[13, 17, 50, 18, 51]]
[[3,7,9,39,23,73],[13, 17, 18, 53, 54]]
[[5,9,14,21,40,90],[13, 34, 17, 38, 44]]
[[4,8,13,36,24,77],[13, 34, 40, 17, 44]]
[[5,11,14,27,35,62],[13, 34, 42, 17, 44]]
[[5,11,14,15,35,74],[13, 34, 42, 17, 51]]
[[5,9,17,13,30,81],[13, 34, 42, 17, 54]]
[[3,5,12,21,43,86],[13, 34, 17, 43, 54]]
[[5,7,8,31,45,70],[13, 34, 17, 50, 44]]
[[4,10,10,18,34,100],[13, 34, 17, 52, 44]]
[[3,3,9,27,43,57],[13, 34, 17, 44, 54]]
[[4,8,16,28,29,98],[13, 34, 49, 17, 51]]
[[3,5,12,21,58,68],[13, 34, 17, 50, 51]]
[[3,5,12,33,33,74],[13, 34, 17, 50, 54]]
[[4,10,10,18,34,100],[13, 34, 17, 52, 51]]
[[3,5,9,13,38,71],[13, 34, 17, 51, 53]]
[[3,7,12,15,33,100],[13, 34, 17, 51, 54]]
[[1,1,10,21,41,94],[13, 34, 17, 53, 54]]
[[6,8,12,28,41,74],[13, 35, 37, 17, 51]]
[[4,6,13,26,39,75],[13, 35, 17, 38, 54]]
[[4,8,19,20,24,89],[13, 35, 17, 39, 44]]
[[4,8,7,12,39,53],[13, 35, 17, 39, 54]]
[[5,7,8,23,40,70],[13, 35, 40, 17, 44]]
[[4,8,7,16,24,89],[13, 35, 42, 17, 54]]
[[4,10,7,18,64,73],[13, 35, 17, 43, 44]]
[[4,10,7,18,44,67],[13, 35, 17, 43, 51]]
[[2,8,8,24,47,92],[13, 35, 17, 43, 54]]
[[5,9,11,13,20,99],[13, 35, 49, 17, 44]]
[[3,5,12,21,58,68],[13, 35, 17, 52, 44]]
[[2,8,17,20,37,77],[13, 35, 17, 44, 53]]
[[2,6,5,38,37,75],[13, 35, 17, 44, 54]]
[[5,7,8,31,45,70],[13, 35, 17, 52, 51]]
[[4,10,7,18,19,73],[13, 35, 17, 51, 53]]
[[3,5,12,33,33,74],[13, 35, 17, 52, 54]]
[[6,8,12,32,26,80],[13, 37, 17, 38, 44]]
[[4,6,13,22,34,39],[13, 37, 17, 38, 51]]
[[4,6,16,14,29,84],[13, 37, 17, 38, 54]]
[[6,6,21,18,46,51],[13, 37, 17, 39, 44]]
[[4,8,16,20,24,98],[13, 37, 17, 39, 51]]
[[5,11,8,27,30,74],[13, 40, 37, 17, 54]]
[[4,6,10,22,34,48],[13, 37, 42, 17, 44]]
[[4,8,10,12,24,80],[13, 37, 17, 43, 44]]
[[4,8,10,12,24,80],[13, 37, 17, 43, 51]]
[[4,10,7,18,44,67],[13, 37, 17, 50, 44]]
[[3,7,6,35,18,46],[13, 37, 49, 17, 54]]
[[4,10,7,18,64,73],[13, 37, 17, 50, 51]]
[[2,8,8,24,47,92],[13, 37, 17, 50, 54]]
[[2,4,8,32,57,46],[13, 37, 17, 51, 53]]
[[2,4,11,28,47,73],[13, 37, 17, 51, 54]]
[[3,5,12,21,43,86],[13, 37, 17, 52, 54]]
[[2,6,11,22,37,99],[13, 37, 17, 53, 54]]
[[4,8,13,28,24,95],[13, 17, 38, 39, 51]]
[[2,6,8,26,47,78],[13, 17, 38, 39, 54]]
[[3,7,12,11,48,70],[13, 40, 17, 38, 44]]
[[5,9,8,29,25,78],[13, 40, 17, 38, 51]]
[[4,10,13,26,24,79],[13, 42, 17, 38, 44]]
[[4,10,13,26,24,79],[13, 42, 17, 38, 51]]
[[4,6,13,22,34,39],[13, 17, 38, 43, 44]]
[[6,8,12,32,26,80],[13, 17, 38, 43, 51]]
[[4,6,16,14,29,84],[13, 17, 38, 43, 54]]
[[5,9,8,29,25,78],[13, 49, 17, 38, 44]]
[[4,8,4,36,24,68],[13, 17, 38, 44, 51]]
[[4,8,13,28,24,95],[13, 17, 38, 44, 53]]
[[2,2,8,34,37,86],[13, 17, 38, 44, 54]]
[[3,7,12,11,48,70],[13, 49, 17, 38, 51]]
[[4,6,13,26,39,75],[13, 17, 38, 50, 54]]
[[5,9,14,21,40,90],[13, 17, 38, 52, 51]]
[[2,2,8,34,37,86],[13, 17, 38, 51, 54]]
[[2,6,8,26,47,78],[13, 17, 38, 53, 54]]
[[3,3,15,11,33,57],[13, 40, 17, 39, 54]]
[[4,6,7,30,29,99],[13, 42, 17, 39, 44]]
[[2,4,8,32,57,46],[13, 17, 43, 39, 44]]
[[2,6,11,22,37,99],[13, 17, 43, 39, 54]]
[[4,10,7,18,19,73],[13, 17, 50, 39, 44]]
[[3,5,9,13,38,71],[13, 17, 52, 39, 44]]
[[4,10,7,26,54,97],[13, 17, 39, 44, 53]]
[[3,7,18,15,33,76],[13, 49, 17, 39, 51]]
[[3,7,15,27,23,85],[13, 49, 17, 39, 54]]
[[2,8,17,20,37,77],[13, 17, 50, 39, 51]]
[[4,10,7,26,54,97],[13, 17, 39, 51, 53]]
[[1,1,10,21,41,94],[13, 17, 52, 39, 54]]
[[7,9,13,21,47,39],[13, 40, 42, 17, 44]]
[[5,7,8,23,30,82],[13, 40, 42, 17, 51]]
[[5,7,14,27,40,64],[13, 40, 42, 17, 54]]
[[3,7,6,35,18,46],[13, 40, 17, 43, 54]]
[[4,8,16,28,29,98],[13, 40, 17, 52, 44]]
[[3,7,18,15,33,76],[13, 40, 17, 44, 53]]
[[3,9,6,29,18,66],[13, 40, 17, 44, 54]]
[[5,9,11,13,20,99],[13, 40, 17, 50, 51]]
[[3,7,15,27,23,85],[13, 40, 17, 53, 54]]
[[4,6,10,22,34,48],[13, 42, 17, 43, 51]]
[[5,7,8,23,30,82],[13, 42, 49, 17, 44]]
[[4,8,4,36,24,68],[13, 42, 17, 44, 51]]
[[5,11,14,15,35,74],[13, 42, 17, 52, 44]]
[[4,10,16,30,24,82],[13, 42, 17, 44, 54]]
[[7,9,13,21,47,39],[13, 42, 49, 17, 51]]
[[5,7,14,27,40,64],[13, 42, 49, 17, 54]]
[[4,8,7,16,24,89],[13, 42, 17, 50, 54]]
[[5,11,14,27,35,62],[13, 42, 17, 52, 51]]
[[4,6,7,30,29,99],[13, 42, 17, 51, 53]]
[[4,10,16,30,24,82],[13, 42, 17, 51, 54]]
[[5,9,17,13,30,81],[13, 42, 17, 52, 54]]
[[6,8,12,28,41,74],[13, 17, 43, 50, 44]]
[[4,8,16,20,24,98],[13, 17, 43, 44, 53]]
[[2,4,11,28,47,73],[13, 17, 43, 44, 54]]
[[5,11,8,27,30,74],[13, 49, 17, 43, 54]]
[[6,6,21,18,46,51],[13, 17, 43, 51, 53]]
[[3,7,12,15,33,100],[13, 17, 52, 44, 54]]
[[5,7,8,23,40,70],[13, 49, 17, 50, 51]]
[[4,8,13,36,24,77],[13, 49, 17, 52, 51]]
[[3,9,6,29,18,66],[13, 49, 17, 51, 54]]
[[3,3,15,11,33,57],[13, 49, 17, 53, 54]]
[[4,8,19,20,24,89],[13, 17, 50, 51, 53]]
[[2,6,5,38,37,75],[13, 17, 50, 51, 54]]
[[4,8,7,12,39,53],[13, 17, 50, 53, 54]]
[[3,3,9,27,43,57],[13, 17, 52, 51, 54]]
[[4,8,19,20,29,77],[13, 34, 35, 18, 44]]
[[6,10,18,18,36,46],[13, 34, 35, 18, 51]]
[[4,8,19,36,29,53],[13, 34, 37, 18, 51]]
[[4,8,10,20,39,62],[13, 34, 37, 18, 54]]
[[4,12,10,32,24,72],[13, 34, 18, 39, 44]]
[[4,12,7,28,29,93],[13, 34, 18, 39, 51]]
[[2,6,8,34,47,84],[13, 34, 18, 39, 54]]
[[3,7,15,27,53,37],[13, 34, 40, 18, 44]]
[[5,9,14,29,35,78],[13, 34, 40, 18, 51]]
[[3,5,12,25,28,44],[13, 34, 40, 18, 54]]
[[4,6,22,26,44,60],[13, 34, 43, 18, 44]]
[[4,10,19,22,39,61],[13, 34, 18, 44, 53]]
[[3,7,15,27,53,37],[13, 34, 49, 18, 51]]
[[3,5,18,25,33,86],[13, 34, 49, 18, 54]]
[[5,9,8,21,45,78],[13, 34, 52, 18, 51]]
[[2,8,11,32,42,53],[13, 34, 18, 51, 54]]
[[3,7,9,27,28,85],[13, 34, 52, 18, 54]]
[[5,9,8,29,20,84],[13, 35, 37, 18, 54]]
[[5,7,14,27,20,58],[13, 35, 38, 18, 44]]
[[5,7,17,23,25,79],[13, 35, 38, 18, 54]]
[[3,5,12,17,33,62],[13, 35, 18, 39, 44]]
[[3,3,15,27,43,81],[13, 35, 18, 39, 54]]
[[4,8,19,36,29,53],[13, 35, 40, 18, 44]]
[[4,8,19,16,34,77],[13, 35, 40, 18, 51]]
[[3,5,15,29,38,59],[13, 35, 42, 18, 51]]
[[3,7,12,27,48,58],[13, 35, 42, 18, 54]]
[[3,7,6,35,23,46],[13, 35, 43, 18, 54]]
[[5,11,14,23,30,86],[13, 35, 50, 18, 44]]
[[1,5,10,17,66,56],[13, 35, 18, 44, 54]]
[[4,6,22,26,44,60],[13, 35, 49, 18, 51]]
[[5,11,11,19,45,77],[13, 35, 50, 18, 51]]
[[5,11,11,19,55,59],[13, 35, 50, 18, 54]]
[[6,8,9,24,51,53],[13, 35, 52, 18, 51]]
[[5,9,5,25,40,81],[13, 35, 18, 51, 53]]
[[3,3,12,15,43,114],[13, 35, 18, 51, 54]]
[[3,9,9,21,28,93],[13, 35, 18, 53, 54]]
[[7,9,19,13,37,51],[13, 37, 38, 18, 44]]
[[5,9,5,33,20,81],[13, 37, 18, 39, 44]]
[[3,7,9,47,33,61],[13, 37, 18, 39, 54]]
[[4,8,13,16,59,71],[13, 40, 37, 18, 54]]
[[3,5,15,25,43,47],[13, 37, 42, 18, 44]]
[[5,7,14,27,20,58],[13, 37, 42, 18, 51]]
[[5,11,11,19,45,77],[13, 37, 43, 18, 44]]
[[5,11,14,23,30,86],[13, 37, 43, 18, 51]]
[[5,11,14,31,15,62],[13, 37, 43, 18, 54]]
[[4,8,10,36,29,74],[13, 37, 49, 18, 44]]
[[3,3,15,31,43,75],[13, 37, 18, 44, 51]]
[[4,8,19,20,29,77],[13, 37, 49, 18, 51]]
[[2,8,11,28,27,83],[13, 37, 49, 18, 54]]
[[3,7,12,31,28,70],[13, 37, 50, 18, 54]]
[[1,1,10,25,36,100],[13, 37, 18, 51, 54]]
[[3,9,18,29,23,108],[13, 37, 18, 53, 54]]
[[3,7,15,27,28,73],[13, 38, 18, 39, 54]]
[[3,5,15,29,38,59],[13, 38, 43, 18, 44]]
[[5,7,20,23,35,52],[13, 38, 50, 18, 44]]
[[3,5,15,25,23,71],[13, 38, 18, 44, 53]]
[[3,7,12,15,33,76],[13, 38, 18, 44, 54]]
[[3,5,15,25,43,47],[13, 38, 50, 18, 51]]
[[3,9,18,25,38,84],[13, 38, 18, 51, 53]]
[[2,4,11,24,32,61],[13, 38, 52, 18, 54]]
[[1,5,13,21,11,53],[13, 38, 18, 53, 54]]
[[2,8,14,16,52,62],[13, 40, 18, 39, 44]]
[[4,10,16,26,24,94],[13, 40, 18, 39, 51]]
[[3,7,15,27,33,121],[13, 42, 18, 39, 44]]
[[3,7,12,27,48,58],[13, 42, 18, 39, 54]]
[[5,11,14,27,30,74],[13, 43, 18, 39, 51]]
[[3,5,12,21,38,74],[13, 43, 18, 39, 54]]
[[4,6,13,26,34,93],[13, 49, 18, 39, 44]]
[[5,7,17,27,25,79],[13, 18, 39, 44, 51]]
[[4,6,13,34,29,69],[13, 52, 18, 39, 44]]
[[5,9,11,33,10,75],[13, 18, 39, 44, 53]]
[[3,5,9,41,33,41],[13, 18, 39, 44, 54]]
[[3,9,12,33,33,60],[13, 50, 18, 39, 54]]
[[3,5,15,21,38,83],[13, 18, 39, 51, 54]]
[[3,7,12,47,38,52],[13, 18, 39, 53, 54]]
[[6,10,18,18,36,46],[13, 40, 43, 18, 44]]
[[5,9,8,21,45,78],[13, 40, 49, 18, 44]]
[[5,9,14,29,35,78],[13, 40, 52, 18, 44]]
[[4,10,10,26,29,70],[13, 40, 18, 44, 53]]
[[2,8,8,28,37,74],[13, 40, 18, 44, 54]]
[[5,9,11,37,20,75],[13, 40, 49, 18, 54]]
[[5,7,14,23,40,82],[13, 40, 52, 18, 54]]
[[5,7,20,23,35,52],[13, 42, 43, 18, 51]]
[[3,5,12,9,18,50],[13, 42, 18, 44, 51]]
[[7,9,19,13,37,51],[13, 42, 50, 18, 51]]
[[5,9,20,17,40,72],[13, 42, 50, 18, 54]]
[[5,9,17,29,20,63],[13, 42, 18, 51, 53]]
[[3,9,15,21,38,93],[13, 42, 18, 51, 54]]
[[5,9,14,29,25,72],[13, 42, 18, 53, 54]]
[[6,8,9,24,51,53],[13, 49, 43, 18, 44]]
[[5,9,11,25,15,87],[13, 43, 18, 44, 51]]
[[4,8,19,16,34,77],[13, 43, 52, 18, 44]]
[[3,7,21,19,23,79],[13, 43, 18, 44, 53]]
[[3,7,6,19,43,82],[13, 43, 18, 44, 54]]
[[6,10,18,18,21,76],[13, 43, 52, 18, 51]]
[[3,3,9,15,38,75],[13, 43, 18, 53, 54]]
[[6,10,18,18,21,76],[13, 49, 50, 18, 44]]
[[5,7,11,35,40,79],[13, 50, 18, 44, 51]]
[[7,9,13,29,27,51],[13, 18, 44, 51, 53]]
[[4,8,13,40,29,59],[13, 52, 18, 44, 53]]
[[5,7,14,35,15,58],[13, 18, 44, 53, 54]]
[[5,7,14,31,15,76],[13, 49, 52, 18, 54]]
[[4,8,10,36,29,74],[13, 50, 52, 18, 51]]
[[3,5,15,17,38,119],[13, 50, 18, 51, 53]]
[[4,8,7,20,49,77],[13, 52, 18, 51, 53]]
[[2,10,8,14,27,76],[13, 52, 18, 53, 54]]
[[3,5,6,45,28,62],[13, 34, 35, 37, 44]]
[[3,3,12,43,43,72],[13, 34, 35, 38, 44]]
[[3,5,15,25,23,89],[13, 34, 35, 39, 54]]
[[5,11,5,31,35,77],[13, 34, 35, 42, 44]]
[[5,9,14,37,25,66],[13, 34, 35, 43, 44]]
[[5,5,8,29,45,74],[13, 34, 35, 50, 44]]
[[4,12,10,28,19,78],[13, 34, 35, 49, 51]]
[[3,5,9,13,38,35],[13, 34, 37, 38, 54]]
[[3,5,9,17,48,35],[13, 34, 37, 39, 51]]
[[3,5,9,29,23,53],[13, 34, 37, 39, 54]]
[[3,9,12,13,33,90],[13, 34, 37, 42, 44]]
[[5,9,8,25,65,48],[13, 34, 37, 43, 51]]
[[5,7,8,23,40,70],[13, 34, 37, 44, 51]]
[[4,8,13,28,29,65],[13, 34, 37, 52, 51]]
[[5,7,11,35,20,73],[13, 34, 37, 51, 53]]
[[3,5,12,41,38,68],[13, 34, 37, 51, 54]]
[[6,8,6,32,41,74],[13, 34, 40, 38, 51]]
[[5,11,14,27,30,74],[13, 34, 42, 38, 44]]
[[3,5,18,33,43,86],[13, 34, 38, 43, 44]]
[[7,9,13,21,47,39],[13, 34, 38, 44, 51]]
[[5,9,17,17,30,81],[13, 34, 38, 44, 53]]
[[4,6,16,26,24,72],[13, 34, 49, 38, 51]]
[[3,5,15,25,23,71],[13, 34, 38, 50, 51]]
[[3,9,15,21,58,51],[13, 34, 38, 50, 54]]
[[4,8,10,32,39,74],[13, 34, 38, 52, 51]]
[[5,9,8,37,40,78],[13, 34, 38, 51, 53]]
[[6,8,15,24,26,83],[13, 34, 40, 39, 51]]
[[5,7,11,31,45,79],[13, 34, 43, 39, 54]]
[[4,6,19,18,34,93],[13, 34, 49, 39, 51]]
[[5,7,17,31,40,55],[13, 34, 50, 39, 54]]
[[6,8,12,28,26,86],[13, 34, 52, 39, 51]]
[[3,9,15,25,28,111],[13, 34, 39, 51, 54]]
[[3,5,12,21,53,74],[13, 34, 39, 53, 54]]
[[4,6,16,26,24,72],[13, 34, 40, 42, 44]]
[[2,6,17,26,57,57],[13, 34, 40, 42, 54]]
[[4,12,10,28,19,78],[13, 34, 40, 43, 44]]
[[4,12,16,16,19,96],[13, 34, 40, 43, 51]]
[[2,4,11,28,67,43],[13, 34, 40, 43, 54]]
[[3,7,12,15,28,46],[13, 34, 40, 49, 44]]
[[4,10,10,26,34,70],[13, 34, 40, 50, 44]]
[[4,8,16,28,29,98],[13, 34, 40, 44, 51]]
[[4,8,13,36,24,65],[13, 34, 40, 44, 53]]
[[2,4,14,28,37,88],[13, 34, 40, 44, 54]]
[[4,14,7,34,24,53],[13, 34, 40, 50, 51]]
[[4,10,10,34,24,64],[13, 34, 40, 53, 54]]
[[3,7,9,31,18,85],[13, 34, 42, 43, 54]]
[[2,4,8,40,57,70],[13, 34, 42, 49, 44]]
[[3,7,12,11,48,70],[13, 34, 42, 44, 51]]
[[4,8,10,40,29,86],[13, 34, 42, 52, 44]]
[[5,9,20,25,25,54],[13, 34, 42, 44, 53]]
[[2,2,8,38,62,74],[13, 34, 42, 49, 54]]
[[3,9,12,37,38,54],[13, 34, 42, 50, 54]]
[[5,9,11,29,20,87],[13, 34, 42, 51, 53]]
[[4,10,13,30,29,91],[13, 34, 49, 43, 44]]
[[2,2,20,18,37,86],[13, 34, 43, 52, 44]]
[[3,5,12,25,43,50],[13, 34, 43, 44, 53]]
[[3,7,6,35,18,46],[13, 34, 43, 44, 54]]
[[4,10,10,26,34,70],[13, 34, 49, 43, 51]]
[[4,8,16,28,29,86],[13, 34, 49, 43, 54]]
[[3,3,15,35,48,57],[13, 34, 43, 50, 54]]
[[4,4,13,28,29,73],[13, 34, 43, 52, 51]]
[[5,7,17,27,30,67],[13, 34, 43, 51, 53]]
[[5,9,8,29,35,84],[13, 34, 43, 51, 54]]
[[2,6,11,34,32,75],[13, 34, 43, 52, 54]]
[[4,12,7,32,39,75],[13, 34, 49, 50, 44]]
[[4,8,13,36,24,77],[13, 34, 49, 44, 51]]
[[4,6,16,14,44,114],[13, 34, 49, 44, 54]]
[[4,4,10,28,19,70],[13, 34, 50, 52, 44]]
[[5,9,17,21,30,57],[13, 34, 50, 44, 54]]
[[3,5,18,17,38,74],[13, 34, 44, 51, 54]]
[[2,6,14,26,42,84],[13, 34, 49, 50, 54]]
[[3,7,12,15,28,46],[13, 34, 49, 52, 51]]
[[4,8,19,20,39,89],[13, 34, 49, 51, 53]]
[[2,4,11,24,27,97],[13, 34, 49, 51, 54]]
[[4,10,19,26,19,85],[13, 34, 49, 53, 54]]
[[2,6,17,22,7,75],[13, 34, 50, 52, 51]]
[[3,7,6,27,18,94],[13, 34, 50, 51, 54]]
[[2,4,17,20,32,73],[13, 34, 50, 52, 54]]
[[4,6,16,22,39,102],[13, 34, 52, 51, 54]]
[[2,4,17,20,32,97],[13, 34, 52, 53, 54]]
[[4,6,4,14,44,30],[13, 35, 37, 38, 54]]
[[4,8,16,20,24,92],[13, 35, 37, 39, 44]]
[[4,8,16,24,34,80],[13, 35, 37, 39, 51]]
[[3,7,15,19,43,73],[13, 35, 40, 37, 51]]
[[2,10,8,26,37,100],[13, 35, 37, 42, 54]]
[[3,7,15,19,28,85],[13, 35, 37, 49, 44]]
[[4,4,13,32,39,73],[13, 35, 37, 50, 44]]
[[4,10,7,18,64,73],[13, 35, 37, 44, 51]]
[[5,9,14,37,25,66],[13, 35, 37, 49, 51]]
[[4,8,22,16,19,104],[13, 35, 37, 50, 54]]
[[6,10,18,18,31,58],[13, 35, 37, 51, 53]]
[[4,8,13,24,29,59],[13, 35, 38, 39, 44]]
[[6,10,15,22,31,73],[13, 35, 38, 39, 51]]
[[4,6,13,26,34,93],[13, 35, 42, 38, 51]]
[[4,6,4,18,54,48],[13, 35, 42, 38, 54]]
[[4,10,19,30,19,67],[13, 35, 38, 43, 51]]
[[5,13,8,21,30,94],[13, 35, 49, 38, 44]]
[[3,9,18,25,38,84],[13, 35, 38, 52, 44]]
[[4,6,10,38,34,78],[13, 35, 38, 44, 54]]
[[3,5,12,41,33,74],[13, 35, 38, 52, 54]]
[[3,9,6,21,33,78],[13, 35, 40, 39, 54]]
[[6,12,6,36,36,42],[13, 35, 42, 39, 44]]
[[4,10,16,26,29,94],[13, 35, 42, 39, 51]]
[[4,8,10,24,59,98],[13, 35, 42, 39, 54]]
[[4,6,7,26,29,51],[13, 35, 39, 44, 51]]
[[2,6,5,42,42,51],[13, 35, 39, 44, 54]]
[[5,9,11,29,35,81],[13, 35, 49, 39, 54]]
[[6,10,21,10,31,67],[13, 35, 50, 39, 54]]
[[6,6,9,34,46,75],[13, 35, 39, 51, 53]]
[[4,8,13,28,29,65],[13, 35, 40, 49, 44]]
[[5,9,8,25,65,48],[13, 35, 40, 50, 44]]
[[2,2,20,18,37,86],[13, 35, 40, 49, 51]]
[[4,10,13,34,19,73],[13, 35, 42, 43, 51]]
[[4,8,22,20,29,74],[13, 35, 42, 43, 54]]
[[3,5,6,41,28,56],[13, 35, 42, 49, 44]]
[[4,6,13,22,34,39],[13, 35, 42, 44, 51]]
[[5,9,17,29,20,63],[13, 35, 42, 52, 44]]
[[4,8,16,28,29,56],[13, 35, 42, 44, 54]]
[[3,5,18,33,43,86],[13, 35, 42, 49, 51]]
[[2,8,5,32,32,53],[13, 35, 42, 50, 54]]
[[3,7,15,27,33,121],[13, 35, 42, 52, 51]]
[[4,8,13,28,44,89],[13, 35, 42, 51, 53]]
[[2,6,5,34,22,63],[13, 35, 42, 51, 54]]
[[4,6,19,18,29,69],[13, 35, 42, 53, 54]]
[[6,8,12,28,41,74],[13, 35, 43, 44, 51]]
[[3,7,15,19,43,73],[13, 35, 43, 52, 44]]
[[2,6,14,30,52,78],[13, 35, 43, 50, 51]]
[[3,7,6,19,48,94],[13, 35, 43, 52, 51]]
[[1,3,10,27,46,90],[13, 35, 43, 52, 54]]
[[3,7,18,19,18,82],[13, 35, 49, 50, 44]]
[[4,8,10,12,24,80],[13, 35, 50, 44, 51]]
[[3,3,18,31,58,60],[13, 35, 50, 52, 44]]
[[4,8,19,20,34,107],[13, 35, 50, 44, 53]]
[[4,8,7,20,29,47],[13, 35, 50, 44, 54]]
[[4,8,16,28,34,80],[13, 35, 44, 51, 53]]
[[2,4,8,20,37,40],[13, 35, 44, 51, 54]]
[[3,7,9,35,43,79],[13, 35, 52, 44, 54]]
[[4,10,13,30,29,91],[13, 35, 49, 52, 51]]
[[3,7,12,27,28,82],[13, 35, 49, 51, 54]]
[[4,10,7,26,39,97],[13, 35, 49, 52, 54]]
[[4,8,19,24,44,53],[13, 35, 50, 51, 53]]
[[4,8,19,20,29,89],[13, 35, 50, 53, 54]]
[[5,9,17,29,20,63],[13, 40, 37, 38, 51]]
[[5,9,14,29,25,72],[13, 40, 37, 38, 54]]
[[4,10,10,26,29,70],[13, 37, 42, 38, 44]]
[[4,6,10,38,19,66],[13, 37, 38, 50, 44]]
[[5,11,8,35,30,62],[13, 37, 38, 52, 44]]
[[5,11,5,31,35,77],[13, 37, 49, 38, 51]]
[[2,4,17,24,27,79],[13, 37, 38, 50, 54]]
[[3,5,6,41,28,56],[13, 37, 38, 52, 51]]
[[4,6,10,22,44,48],[13, 37, 38, 51, 54]]
[[5,11,11,23,40,71],[13, 40, 37, 39, 51]]
[[4,8,13,36,34,53],[13, 37, 42, 39, 54]]
[[6,10,15,22,26,67],[13, 37, 43, 39, 51]]
[[5,13,8,25,25,94],[13, 37, 49, 39, 44]]
[[4,10,10,26,49,76],[13, 37, 39, 44, 51]]
[[5,13,11,37,10,49],[13, 37, 49, 39, 51]]
[[3,9,15,17,33,81],[13, 37, 49, 39, 54]]
[[5,7,11,19,40,109],[13, 37, 52, 39, 51]]
[[4,4,10,28,19,70],[13, 37, 39, 51, 53]]
[[2,8,14,16,62,68],[13, 37, 39, 51, 54]]
[[5,7,5,23,45,55],[13, 37, 52, 39, 54]]
[[3,5,15,25,23,71],[13, 40, 37, 42, 44]]
[[3,9,18,25,38,84],[13, 40, 37, 42, 51]]
[[1,5,13,21,11,53],[13, 40, 37, 42, 54]]
[[3,3,18,31,58,60],[13, 40, 37, 43, 51]]
[[3,9,12,25,33,66],[13, 40, 37, 43, 54]]
[[2,6,17,22,7,75],[13, 40, 37, 49, 44]]
[[3,5,12,21,58,68],[13, 40, 37, 44, 51]]
[[4,14,7,34,24,53],[13, 40, 37, 52, 44]]
[[2,2,11,26,47,65],[13, 40, 37, 49, 54]]
[[4,12,7,20,54,81],[13, 40, 37, 52, 54]]
[[3,7,18,27,33,82],[13, 37, 42, 49, 44]]
[[4,6,13,42,29,69],[13, 37, 42, 50, 44]]
[[3,7,9,47,38,55],[13, 37, 42, 52, 44]]
[[2,6,11,26,17,87],[13, 37, 42, 44, 54]]
[[3,3,12,43,43,72],[13, 37, 42, 49, 51]]
[[5,13,8,21,30,94],[13, 37, 42, 52, 51]]
[[4,8,16,28,34,56],[13, 37, 42, 51, 54]]
[[2,6,14,30,52,78],[13, 37, 43, 50, 44]]
[[4,8,16,28,19,86],[13, 37, 43, 44, 53]]
[[5,5,8,29,45,74],[13, 37, 49, 43, 51]]
[[4,4,13,32,39,73],[13, 37, 43, 50, 51]]
[[2,4,14,16,22,106],[13, 37, 43, 50, 54]]
[[3,7,18,19,18,82],[13, 37, 43, 52, 51]]
[[4,8,13,36,24,65],[13, 37, 43, 51, 53]]
[[4,8,7,28,44,101],[13, 37, 43, 51, 54]]
[[4,8,25,20,29,71],[13, 37, 43, 53, 54]]
[[3,7,12,23,28,106],[13, 37, 50, 52, 44]]
[[4,6,19,18,34,93],[13, 37, 50, 44, 53]]
[[5,9,11,13,20,99],[13, 37, 52, 44, 51]]
[[2,6,14,30,52,72],[13, 37, 44, 51, 54]]
[[5,7,11,35,20,73],[13, 37, 52, 44, 53]]
[[3,5,6,45,28,62],[13, 37, 49, 50, 51]]
[[5,11,14,27,25,80],[13, 37, 49, 51, 53]]
[[2,8,8,36,42,56],[13, 37, 49, 52, 54]]
[[3,7,6,27,18,58],[13, 37, 49, 53, 54]]
[[3,7,15,19,28,85],[13, 37, 50, 52, 51]]
[[3,5,24,17,28,104],[13, 37, 52, 51, 53]]
[[2,2,2,42,37,56],[13, 37, 51, 53, 54]]
[[6,8,9,24,51,53],[13, 42, 38, 39, 44]]
[[6,8,6,36,41,62],[13, 38, 50, 39, 44]]
[[5,7,20,23,35,52],[13, 49, 38, 39, 51]]
[[4,8,10,20,29,74],[13, 38, 39, 51, 53]]
[[3,9,18,29,23,108],[13, 40, 42, 38, 54]]
[[1,3,10,23,26,96],[13, 40, 38, 43, 54]]
[[5,11,14,15,35,74],[13, 40, 38, 44, 51]]
[[3,5,15,25,43,47],[13, 40, 38, 44, 53]]
[[4,8,10,40,29,86],[13, 40, 49, 38, 51]]
[[3,7,9,47,38,55],[13, 40, 38, 50, 51]]
[[3,5,15,25,38,71],[13, 40, 38, 50, 54]]
[[4,6,10,26,24,48],[13, 40, 38, 52, 51]]
[[5,7,14,27,20,58],[13, 40, 38, 51, 53]]
[[4,6,13,26,34,93],[13, 42, 38, 43, 44]]
[[4,10,13,26,24,79],[13, 42, 38, 44, 51]]
[[4,8,19,24,34,89],[13, 42, 38, 44, 54]]
[[5,11,14,27,30,74],[13, 42, 49, 38, 51]]
[[3,5,12,21,38,74],[13, 42, 49, 38, 54]]
[[4,10,10,26,29,70],[13, 42, 38, 50, 51]]
[[4,8,16,20,39,86],[13, 42, 38, 51, 54]]
[[3,7,15,23,43,91],[13, 42, 38, 52, 54]]
[[4,8,13,16,59,71],[13, 42, 38, 53, 54]]
[[3,7,15,27,33,121],[13, 49, 38, 43, 44]]
[[4,10,13,34,19,73],[13, 38, 43, 50, 44]]
[[2,4,11,24,32,85],[13, 38, 43, 44, 54]]
[[3,7,12,27,48,58],[13, 49, 38, 43, 54]]
[[4,6,13,42,29,69],[13, 38, 43, 50, 51]]
[[3,5,9,25,43,101],[13, 38, 43, 52, 54]]
[[5,11,14,27,35,62],[13, 49, 38, 44, 51]]
[[5,7,14,31,25,88],[13, 49, 38, 44, 53]]
[[4,6,10,22,34,48],[13, 38, 50, 44, 51]]
[[5,7,8,23,30,82],[13, 38, 52, 44, 51]]
[[4,8,16,36,29,80],[13, 38, 44, 51, 54]]
[[2,8,11,32,27,113],[13, 38, 44, 53, 54]]
[[3,9,12,13,33,90],[13, 49, 38, 50, 51]]
[[2,4,8,40,57,70],[13, 49, 38, 52, 51]]
[[3,5,18,17,38,98],[13, 49, 38, 51, 53]]
[[2,4,11,12,32,73],[13, 49, 38, 52, 54]]
[[3,7,18,27,33,82],[13, 38, 50, 52, 51]]
[[4,8,16,36,34,56],[13, 38, 50, 51, 53]]
[[2,4,8,32,47,76],[13, 38, 50, 51, 54]]
[[3,7,6,11,43,76],[13, 38, 50, 52, 54]]
[[4,8,10,24,34,56],[13, 38, 50, 53, 54]]
[[5,7,17,23,35,67],[13, 38, 52, 51, 53]]
[[2,4,14,24,57,46],[13, 38, 51, 53, 54]]
[[3,5,18,17,23,98],[13, 40, 42, 39, 51]]
[[5,11,14,27,25,80],[13, 40, 43, 39, 51]]
[[3,7,6,27,18,58],[13, 40, 43, 39, 54]]
[[4,8,16,28,19,86],[13, 40, 49, 39, 44]]
[[4,8,25,16,24,77],[13, 40, 52, 39, 44]]
[[1,5,10,13,31,74],[13, 40, 39, 44, 54]]
[[4,8,13,36,24,65],[13, 40, 49, 39, 51]]
[[4,8,25,20,29,71],[13, 40, 49, 39, 54]]
[[5,7,11,19,30,73],[13, 40, 50, 39, 54]]
[[6,10,12,18,41,82],[13, 40, 52, 39, 51]]
[[5,5,8,29,45,74],[13, 40, 39, 51, 53]]
[[3,7,12,31,38,64],[13, 40, 39, 51, 54]]
[[4,10,10,26,29,46],[13, 40, 52, 39, 54]]
[[3,5,15,29,38,59],[13, 42, 49, 39, 44]]
[[4,8,10,20,74,68],[13, 42, 50, 39, 44]]
[[2,8,11,24,47,65],[13, 42, 39, 44, 51]]
[[4,8,16,24,19,80],[13, 42, 39, 44, 53]]
[[4,8,28,16,24,68],[13, 43, 50, 39, 44]]
[[3,5,24,17,28,104],[13, 43, 52, 39, 44]]
[[2,6,17,22,7,75],[13, 43, 39, 44, 53]]
[[4,8,13,36,24,65],[13, 43, 50, 39, 51]]
[[3,5,18,33,43,86],[13, 43, 52, 39, 54]]
[[2,2,11,26,47,65],[13, 43, 39, 53, 54]]
[[6,10,18,18,31,58],[13, 49, 52, 39, 44]]
[[3,3,24,19,48,78],[13, 49, 39, 44, 54]]
[[3,5,12,25,23,74],[13, 52, 39, 44, 53]]
[[3,7,9,19,33,49],[13, 52, 39, 44, 54]]
[[4,8,28,16,24,68],[13, 49, 52, 39, 51]]
[[3,3,18,31,58,60],[13, 49, 39, 51, 53]]
[[1,1,7,21,51,73],[13, 49, 39, 51, 54]]
[[4,10,13,26,24,91],[13, 49, 52, 39, 54]]
[[3,9,12,25,33,66],[13, 49, 39, 53, 54]]
[[2,6,8,30,22,96],[13, 50, 39, 51, 53]]
[[3,5,9,13,28,101],[13, 50, 52, 39, 54]]
[[2,4,11,16,32,79],[13, 50, 39, 53, 54]]
[[3,9,12,25,43,78],[13, 52, 39, 51, 53]]
[[3,7,9,31,38,55],[13, 52, 39, 51, 54]]
[[4,6,10,34,24,72],[13, 39, 51, 53, 54]]
[[1,7,10,15,36,40],[13, 52, 39, 53, 54]]
[[5,7,14,27,40,58],[13, 40, 42, 43, 54]]
[[4,8,10,32,39,74],[13, 40, 42, 49, 44]]
[[6,8,6,32,41,74],[13, 40, 42, 52, 44]]
[[7,9,19,13,37,51],[13, 40, 42, 44, 53]]
[[2,10,5,42,47,49],[13, 40, 42, 49, 54]]
[[5,11,8,35,30,62],[13, 40, 42, 50, 51]]
[[5,13,8,25,25,94],[13, 40, 43, 44, 53]]
[[4,4,10,28,19,70],[13, 40, 49, 43, 51]]
[[3,7,12,23,28,106],[13, 40, 43, 50, 51]]
[[3,11,15,15,48,59],[13, 40, 43, 50, 54]]
[[4,6,7,18,59,57],[13, 40, 43, 52, 51]]
[[5,13,11,37,10,49],[13, 40, 43, 51, 53]]
[[5,11,5,19,60,53],[13, 40, 43, 51, 54]]
[[3,9,15,17,33,81],[13, 40, 43, 53, 54]]
[[4,4,13,28,29,73],[13, 40, 49, 50, 44]]
[[4,10,10,18,34,100],[13, 40, 49, 44, 51]]
[[4,10,7,10,54,49],[13, 40, 49, 44, 54]]
[[4,12,16,16,19,96],[13, 40, 50, 52, 44]]
[[5,9,11,33,25,63],[13, 40, 50, 44, 54]]
[[5,7,17,23,30,79],[13, 40, 44, 51, 53]]
[[3,7,12,19,53,70],[13, 40, 44, 51, 54]]
[[4,6,10,26,34,84],[13, 40, 49, 50, 54]]
[[6,10,15,22,26,67],[13, 40, 49, 51, 53]]
[[4,8,13,20,34,101],[13, 40, 50, 52, 54]]
[[4,10,19,30,19,67],[13, 42, 43, 50, 44]]
[[3,7,15,27,28,73],[13, 42, 49, 43, 54]]
[[4,6,10,38,19,66],[13, 42, 43, 50, 51]]
[[3,5,6,17,63,62],[13, 42, 43, 52, 54]]
[[4,8,10,24,64,56],[13, 42, 43, 53, 54]]
[[5,9,14,21,40,90],[13, 42, 49, 44, 51]]
[[4,6,10,26,24,48],[13, 42, 49, 52, 44]]
[[5,7,20,15,45,88],[13, 42, 49, 44, 53]]
[[6,8,12,32,26,80],[13, 42, 50, 44, 51]]
[[4,10,19,14,34,67],[13, 42, 50, 44, 53]]
[[5,9,8,29,25,78],[13, 42, 52, 44, 51]]
[[2,12,14,32,27,78],[13, 42, 44, 51, 54]]
[[5,7,11,27,50,85],[13, 42, 52, 44, 53]]
[[4,6,7,30,14,51],[13, 42, 44, 53, 54]]
[[4,8,10,40,24,56],[13, 42, 50, 53, 54]]
[[3,7,6,19,48,94],[13, 49, 43, 50, 44]]
[[5,7,8,31,45,70],[13, 49, 43, 44, 51]]
[[4,10,7,18,44,67],[13, 43, 50, 44, 51]]
[[6,10,12,30,26,70],[13, 43, 50, 44, 53]]
[[4,6,13,34,29,57],[13, 43, 44, 51, 53]]
[[2,4,11,24,52,61],[13, 43, 44, 53, 54]]
[[3,7,18,27,23,106],[13, 49, 43, 50, 54]]
[[4,12,7,32,39,75],[13, 49, 43, 52, 51]]
[[5,11,11,23,40,71],[13, 49, 43, 51, 53]]
[[5,9,14,25,30,78],[13, 49, 43, 51, 54]]
[[5,7,14,35,20,82],[13, 43, 52, 51, 54]]
[[4,10,7,22,49,67],[13, 43, 51, 53, 54]]
[[4,6,7,18,59,57],[13, 49, 50, 52, 44]]
[[5,11,11,23,25,107],[13, 49, 50, 44, 54]]
[[5,7,11,27,40,61],[13, 49, 44, 51, 53]]
[[3,11,9,23,33,71],[13, 49, 44, 51, 54]]
[[4,6,13,22,44,87],[13, 50, 44, 51, 53]]
[[5,7,14,39,25,76],[13, 50, 52, 44, 54]]
[[4,8,10,28,39,80],[13, 50, 44, 53, 54]]
[[6,8,12,28,21,86],[13, 44, 51, 53, 54]]
[[4,6,19,34,39,45],[13, 49, 52, 51, 54]]
[[2,6,11,34,37,69],[13, 50, 51, 53, 54]]
[[5,9,11,33,10,75],[14, 16, 17, 18, 44]]
[[5,5,8,29,45,74],[34, 14, 16, 17, 51]]
[[6,6,9,34,46,75],[14, 16, 37, 17, 51]]
[[4,4,13,28,29,49],[14, 16, 37, 17, 54]]
[[4,8,16,24,19,80],[14, 16, 17, 38, 44]]
[[6,10,12,26,31,64],[14, 16, 17, 39, 51]]
[[6,10,12,26,21,76],[14, 16, 17, 39, 54]]
[[3,9,12,25,43,78],[14, 40, 16, 17, 51]]
[[3,7,15,31,33,91],[14, 40, 16, 17, 54]]
[[4,8,10,20,29,74],[14, 16, 42, 17, 51]]
[[2,6,5,42,37,57],[14, 16, 42, 17, 54]]
[[2,6,8,30,22,96],[14, 16, 17, 43, 51]]
[[2,6,11,30,32,111],[14, 16, 17, 43, 54]]
[[3,5,12,25,23,74],[14, 16, 49, 17, 44]]
[[2,6,17,22,7,75],[14, 16, 17, 50, 44]]
[[4,10,7,26,54,97],[14, 16, 17, 44, 51]]
[[4,8,13,28,39,41],[14, 16, 17, 44, 53]]
[[4,4,10,28,19,70],[14, 16, 17, 50, 51]]
[[2,4,17,20,32,73],[14, 16, 17, 50, 54]]
[[3,3,18,31,58,60],[14, 16, 17, 52, 51]]
[[4,8,16,20,39,86],[14, 16, 17, 51, 53]]
[[4,8,19,24,34,107],[14, 16, 17, 53, 54]]
[[4,6,13,26,34,93],[34, 14, 17, 18, 44]]
[[4,6,4,18,54,48],[34, 14, 17, 18, 54]]
[[5,9,5,33,20,81],[14, 35, 17, 18, 44]]
[[5,9,5,25,40,81],[14, 37, 17, 18, 51]]
[[5,13,8,25,35,76],[14, 37, 17, 18, 54]]
[[3,7,15,27,33,121],[14, 17, 38, 18, 44]]
[[5,9,17,29,20,63],[14, 17, 38, 18, 51]]
[[5,7,14,31,20,52],[14, 17, 18, 39, 54]]
[[4,12,10,32,24,72],[14, 40, 17, 18, 44]]
[[4,8,7,20,49,77],[14, 40, 17, 18, 51]]
[[2,8,11,12,42,65],[14, 40, 17, 18, 54]]
[[3,9,18,25,38,84],[14, 42, 17, 18, 51]]
[[3,5,12,41,33,74],[14, 42, 17, 18, 54]]
[[3,5,12,17,33,62],[14, 17, 43, 18, 44]]
[[3,5,15,17,38,119],[14, 17, 43, 18, 51]]
[[1,7,19,23,51,61],[14, 17, 43, 18, 54]]
[[4,6,13,34,29,69],[14, 49, 17, 18, 44]]
[[2,8,14,16,52,62],[14, 17, 52, 18, 44]]
[[3,9,15,29,43,63],[14, 17, 18, 44, 54]]
[[3,7,15,23,43,91],[14, 17, 50, 18, 54]]
[[2,4,8,20,42,28],[14, 17, 52, 18, 54]]
[[3,5,15,33,38,95],[14, 17, 18, 53, 54]]
[[5,13,8,25,25,94],[34, 14, 35, 17, 44]]
[[5,13,11,37,10,49],[34, 14, 35, 17, 51]]
[[3,9,15,21,33,57],[34, 14, 35, 17, 54]]
[[5,9,11,29,35,81],[34, 14, 37, 17, 54]]
[[3,5,15,29,38,59],[34, 14, 17, 38, 44]]
[[3,7,12,27,48,58],[34, 14, 17, 38, 54]]
[[3,7,15,19,43,73],[34, 14, 17, 39, 44]]
[[5,7,14,27,20,58],[34, 14, 42, 17, 51]]
[[5,7,17,23,25,79],[34, 14, 42, 17, 54]]
[[6,10,18,18,31,58],[34, 14, 49, 17, 44]]
[[4,8,16,28,19,86],[34, 14, 17, 52, 44]]
[[3,7,12,19,38,94],[34, 14, 17, 44, 54]]
[[6,10,15,22,26,67],[34, 14, 17, 52, 51]]
[[4,8,10,40,29,68],[14, 35, 37, 17, 54]]
[[2,6,17,26,17,105],[14, 35, 17, 38, 54]]
[[2,2,5,38,52,59],[14, 35, 17, 39, 54]]
[[6,10,12,26,31,76],[14, 35, 42, 17, 54]]
[[4,8,16,20,24,92],[14, 35, 17, 43, 44]]
[[4,10,10,34,29,76],[14, 35, 17, 43, 54]]
[[6,6,21,18,46,51],[14, 35, 17, 44, 51]]
[[5,7,17,27,30,67],[14, 35, 49, 17, 51]]
[[4,8,13,36,24,65],[14, 35, 17, 50, 51]]
[[5,11,11,23,40,71],[14, 35, 17, 52, 51]]
[[4,12,7,24,44,81],[14, 35, 17, 51, 53]]
[[4,10,13,22,24,73],[14, 35, 17, 51, 54]]
[[2,8,8,20,32,50],[14, 35, 17, 53, 54]]
[[4,8,10,20,74,68],[14, 37, 17, 38, 44]]
[[4,8,13,28,44,89],[14, 37, 17, 38, 51]]
[[4,12,7,24,44,81],[14, 37, 17, 39, 44]]
[[6,8,6,36,41,62],[14, 37, 42, 17, 44]]
[[4,6,7,18,54,51],[14, 37, 42, 17, 54]]
[[4,8,19,24,44,53],[14, 37, 17, 43, 51]]
[[4,8,28,16,24,68],[14, 37, 17, 50, 44]]
[[4,10,7,18,19,73],[14, 37, 17, 44, 51]]
[[4,10,13,30,29,91],[14, 37, 17, 44, 53]]
[[6,10,18,18,31,58],[14, 37, 17, 50, 51]]
[[4,10,13,26,24,91],[14, 37, 17, 50, 54]]
[[4,10,7,26,39,97],[14, 37, 17, 53, 54]]
[[2,6,17,34,32,99],[14, 17, 38, 39, 44]]
[[2,8,20,24,42,56],[14, 17, 38, 39, 54]]
[[6,8,9,24,51,53],[14, 42, 17, 38, 44]]
[[6,12,6,36,36,42],[14, 17, 38, 43, 44]]
[[4,6,7,30,29,99],[14, 17, 38, 44, 51]]
[[4,4,10,28,24,70],[14, 17, 38, 44, 53]]
[[5,9,11,29,20,87],[14, 49, 17, 38, 51]]
[[5,9,11,25,40,57],[14, 40, 17, 39, 51]]
[[4,4,13,40,24,73],[14, 42, 17, 39, 54]]
[[6,10,12,26,31,64],[14, 17, 39, 44, 51]]
[[4,8,16,20,39,86],[14, 17, 39, 44, 53]]
[[4,14,7,34,24,53],[14, 17, 50, 39, 51]]
[[4,12,7,20,54,81],[14, 17, 50, 39, 54]]
[[5,7,14,23,35,88],[14, 17, 52, 39, 51]]
[[5,7,17,23,35,67],[14, 40, 42, 17, 51]]
[[3,7,6,19,48,94],[14, 40, 17, 44, 53]]
[[3,5,24,17,28,104],[14, 40, 17, 50, 51]]
[[3,5,18,33,43,86],[14, 40, 17, 50, 54]]
[[3,7,15,19,43,73],[14, 40, 17, 51, 53]]
[[1,3,10,27,46,90],[14, 40, 17, 53, 54]]
[[4,8,13,24,29,59],[14, 42, 17, 43, 44]]
[[4,8,16,36,34,56],[14, 42, 17, 43, 51]]
[[4,8,10,32,39,92],[14, 42, 17, 43, 54]]
[[4,4,13,44,24,61],[14, 42, 17, 44, 53]]
[[5,9,8,37,40,78],[14, 42, 49, 17, 51]]
[[2,4,11,24,32,61],[14, 42, 17, 50, 54]]
[[3,5,18,17,38,98],[14, 42, 17, 52, 51]]
[[2,6,17,34,32,99],[14, 42, 17, 51, 53]]
[[2,6,14,26,32,72],[14, 42, 17, 51, 54]]
[[3,5,18,29,48,74],[14, 42, 17, 52, 54]]
[[2,2,23,22,42,101],[14, 42, 17, 53, 54]]
[[4,8,19,20,24,89],[14, 17, 43, 44, 51]]
[[4,6,13,30,39,87],[14, 17, 43, 44, 53]]
[[2,6,20,26,37,66],[14, 17, 43, 44, 54]]
[[2,6,17,38,37,99],[14, 17, 43, 51, 54]]
[[3,9,12,41,38,48],[14, 17, 43, 52, 54]]
[[3,5,24,17,28,104],[14, 49, 17, 50, 44]]
[[3,5,9,13,38,71],[14, 49, 17, 44, 51]]
[[4,8,25,16,24,77],[14, 49, 17, 52, 44]]
[[3,7,9,35,23,61],[14, 49, 17, 44, 54]]
[[2,4,8,32,57,46],[14, 17, 50, 44, 51]]
[[4,12,7,32,39,75],[14, 17, 50, 44, 53]]
[[4,8,10,20,49,80],[14, 17, 44, 51, 53]]
[[1,1,10,21,21,94],[14, 17, 52, 44, 54]]
[[5,7,11,35,20,73],[14, 49, 17, 50, 51]]
[[4,8,19,20,39,89],[14, 49, 17, 52, 51]]
[[3,7,9,19,23,121],[14, 49, 17, 53, 54]]
[[5,11,14,27,25,80],[14, 17, 50, 52, 51]]
[[2,6,11,22,32,51],[14, 17, 50, 51, 54]]
[[3,7,12,15,28,100],[14, 17, 52, 53, 54]]
[[4,10,16,26,24,94],[34, 16, 17, 18, 51]]
[[5,11,14,27,30,74],[35, 16, 17, 18, 51]]
[[3,9,12,37,38,54],[16, 17, 38, 18, 54]]
[[4,10,19,22,39,61],[40, 16, 17, 18, 44]]
[[3,5,15,25,23,71],[16, 42, 17, 18, 44]]
[[3,9,15,21,58,51],[16, 42, 17, 18, 54]]
[[3,11,15,27,38,65],[16, 17, 43, 18, 54]]
[[4,8,13,40,29,59],[16, 49, 17, 18, 44]]
[[3,7,21,19,23,79],[16, 17, 50, 18, 44]]
[[4,10,10,26,29,70],[16, 17, 52, 18, 44]]
[[5,11,11,31,25,77],[16, 17, 18, 44, 54]]
[[4,12,7,28,29,93],[16, 49, 17, 18, 51]]
[[1,7,10,27,41,64],[16, 17, 50, 18, 54]]
[[3,9,6,37,38,72],[16, 17, 18, 51, 54]]
[[3,5,9,29,33,95],[16, 17, 18, 53, 54]]
[[5,11,14,27,25,80],[34, 35, 16, 17, 51]]
[[5,7,20,15,45,88],[34, 16, 17, 38, 44]]
[[3,5,18,17,23,98],[34, 16, 17, 38, 51]]
[[5,9,11,25,40,57],[34, 16, 17, 39, 44]]
[[3,7,15,27,23,103],[34, 16, 17, 39, 51]]
[[6,10,12,18,41,82],[34, 40, 16, 17, 51]]
[[5,7,14,31,25,88],[34, 16, 42, 17, 44]]
[[6,8,15,24,26,83],[34, 16, 49, 17, 51]]
[[5,11,11,23,40,71],[34, 16, 17, 50, 51]]
[[4,8,13,36,24,65],[34, 16, 17, 52, 51]]
[[3,3,9,19,33,93],[34, 16, 17, 51, 54]]
[[3,9,12,33,38,90],[34, 16, 17, 53, 54]]
[[4,6,19,18,34,93],[35, 16, 37, 17, 44]]
[[5,7,11,31,45,79],[35, 40, 16, 17, 54]]
[[4,8,13,36,24,65],[35, 16, 17, 43, 51]]
[[4,10,10,34,24,64],[35, 16, 17, 43, 54]]
[[5,7,11,35,20,73],[35, 16, 49, 17, 44]]
[[4,8,16,28,19,86],[35, 16, 17, 50, 44]]
[[4,10,10,26,34,70],[35, 16, 17, 44, 53]]
[[6,10,15,22,26,67],[35, 16, 17, 50, 51]]
[[4,10,13,30,29,91],[35, 16, 17, 51, 53]]
[[4,8,16,28,29,86],[35, 16, 17, 53, 54]]
[[4,10,19,14,34,67],[16, 37, 17, 38, 44]]
[[4,10,16,26,29,94],[16, 37, 17, 38, 51]]
[[2,6,8,18,32,36],[16, 37, 17, 38, 54]]
[[2,4,8,28,32,106],[16, 37, 17, 39, 54]]
[[5,7,17,31,40,55],[40, 16, 37, 17, 54]]
[[6,10,15,22,31,73],[16, 37, 42, 17, 51]]
[[4,8,19,20,34,107],[16, 37, 17, 43, 44]]
[[6,10,12,30,26,70],[16, 37, 17, 50, 44]]
[[4,8,13,24,49,65],[16, 37, 17, 44, 54]]
[[5,7,14,27,25,70],[16, 37, 49, 17, 54]]
[[4,8,16,24,34,80],[16, 37, 17, 50, 51]]
[[4,10,16,18,49,64],[16, 37, 17, 50, 54]]
[[4,12,7,32,39,75],[16, 37, 17, 51, 53]]
[[2,6,14,26,42,84],[16, 37, 17, 53, 54]]
[[2,6,11,26,37,87],[16, 17, 38, 39, 51]]
[[2,4,11,16,22,109],[16, 17, 38, 39, 54]]
[[5,9,20,25,25,54],[40, 16, 17, 38, 44]]
[[5,9,20,13,35,96],[40, 16, 17, 38, 54]]
[[6,8,12,16,31,74],[16, 17, 38, 43, 54]]
[[5,7,11,27,50,85],[16, 49, 17, 38, 44]]
[[7,9,19,13,37,51],[16, 17, 38, 52, 44]]
[[4,8,10,20,34,98],[16, 17, 38, 44, 54]]
[[3,5,6,29,28,44],[16, 49, 17, 38, 54]]
[[4,8,16,28,34,80],[16, 17, 38, 50, 54]]
[[4,4,13,44,24,61],[16, 17, 38, 51, 53]]
[[5,9,20,17,40,72],[16, 17, 38, 52, 54]]
[[5,7,14,23,35,88],[40, 16, 17, 39, 44]]
[[4,14,7,34,24,53],[16, 17, 43, 39, 44]]
[[4,10,10,26,34,70],[16, 17, 43, 39, 51]]
[[6,10,12,26,31,64],[16, 17, 39, 44, 53]]
[[2,4,2,40,27,64],[16, 17, 50, 39, 54]]
[[4,8,13,28,39,41],[16, 17, 39, 51, 53]]
[[5,9,17,17,30,81],[40, 16, 42, 17, 44]]
[[3,5,12,25,43,50],[40, 16, 17, 50, 44]]
[[4,8,13,36,24,65],[40, 16, 17, 52, 44]]
[[6,8,12,28,26,86],[40, 16, 49, 17, 51]]
[[5,7,11,19,40,109],[40, 16, 17, 50, 51]]
[[4,8,28,16,24,68],[40, 16, 17, 52, 51]]
[[3,7,6,11,63,70],[40, 16, 17, 51, 54]]
[[3,3,15,35,48,57],[40, 16, 17, 53, 54]]
[[2,4,8,24,42,52],[16, 42, 17, 43, 54]]
[[4,8,13,28,24,95],[16, 42, 17, 44, 51]]
[[3,5,15,25,43,47],[16, 42, 17, 52, 44]]
[[2,6,11,26,37,87],[16, 42, 17, 44, 53]]
[[2,2,8,34,47,68],[16, 42, 17, 44, 54]]
[[4,8,22,16,19,104],[16, 42, 17, 50, 54]]
[[5,7,20,23,35,52],[16, 42, 17, 52, 51]]
[[4,4,10,28,24,70],[16, 42, 17, 51, 53]]
[[2,6,17,26,32,105],[16, 42, 17, 53, 54]]
[[2,8,17,20,37,77],[16, 17, 43, 44, 51]]
[[2,8,8,44,42,68],[16, 17, 43, 44, 54]]
[[4,8,19,20,39,65],[16, 17, 43, 50, 54]]
[[2,8,11,28,47,77],[16, 17, 43, 51, 54]]
[[4,8,19,28,24,83],[16, 17, 43, 53, 54]]
[[3,7,15,27,23,103],[16, 49, 17, 44, 53]]
[[4,8,16,20,24,98],[16, 17, 50, 44, 51]]
[[5,13,8,25,25,94],[16, 17, 50, 52, 44]]
[[3,7,18,15,33,76],[16, 17, 52, 44, 51]]
[[4,8,19,28,34,71],[16, 17, 44, 51, 53]]
[[3,5,9,17,48,35],[16, 49, 17, 50, 51]]
[[3,5,21,21,33,101],[16, 49, 17, 50, 54]]
[[4,6,19,18,34,93],[16, 49, 17, 52, 51]]
[[3,5,18,13,28,56],[16, 49, 17, 51, 54]]
[[5,13,11,37,10,49],[16, 17, 50, 52, 51]]
[[4,6,13,30,39,87],[16, 17, 50, 51, 53]]
[[2,8,20,32,27,86],[16, 17, 50, 51, 54]]
[[3,9,15,21,33,57],[16, 17, 50, 52, 54]]
[[2,6,14,30,52,72],[16, 17, 50, 53, 54]]
[[3,7,6,19,48,94],[16, 17, 52, 51, 53]]
[[1,5,10,25,31,86],[16, 17, 52, 51, 54]]
[[3,7,18,27,23,106],[16, 17, 52, 53, 54]]
