[ 13, 14, 35, 16, 37, 42, 49, 38, 43, 50, 18, 39, 44, 53, 54 ],1
[ 13, 14, 35, 16, 37, 42, 49, 38, 43, 52, 18, 39, 44, 53, 54 ],1
[ 13, 43, 52, 18, 53, 54 ],1
[ 13, 14, 35, 16, 37, 42, 38, 43, 50, 52, 18, 39, 44, 51, 54 ],1
[ 13, 14, 35, 16, 37, 42, 38, 43, 50, 18, 39, 44, 51, 53, 54 ],1
[ 13, 14, 35, 16, 37, 42, 49, 38, 43, 50, 18, 39, 51, 53, 54 ],1
[ 13, 14, 35, 16, 37, 42, 38, 43, 50, 52, 18, 39, 51, 53, 54 ],1
[ 13, 14, 35, 16, 37, 42, 49, 38, 50, 18, 39, 44, 51, 53, 54 ],1
[ 13, 14, 35, 16, 37, 42, 49, 38, 50, 52, 18, 39, 51, 53, 54 ],1
[ 13, 14, 35, 16, 37, 49, 38, 43, 50, 18, 39, 44, 51, 53, 54 ],1
[ 13, 14, 35, 16, 37, 49, 38, 43, 50, 52, 18, 39, 44, 53, 54 ],1
[ 10, 13, 14, 16, 49, 38, 52, 54 ],1
[ 13, 14, 35, 16, 37, 49, 38, 43, 52, 18, 39, 44, 51, 53, 54 ],1
[ 13, 14, 35, 16, 37, 38, 43, 50, 52, 18, 39, 44, 51, 53, 54 ],1
[ 13, 14, 35, 40, 16, 37, 42, 49, 38, 43, 50, 52, 18, 44, 51 ],1
[ 13, 14, 35, 40, 16, 37, 42, 49, 38, 43, 50, 18, 44, 51, 53 ],1
[ 13, 14, 35, 40, 16, 37, 42, 49, 38, 43, 50, 52, 18, 44, 53 ],1
[ 13, 14, 35, 40, 16, 37, 42, 38, 43, 50, 52, 18, 44, 51, 54 ],1
[ 13, 14, 35, 40, 16, 37, 42, 38, 43, 52, 18, 44, 51, 53, 54 ],1
[ 13, 14, 35, 40, 16, 37, 42, 49, 38, 43, 50, 52, 18, 51, 53 ],1
[ 14, 35, 49, 17, 38, 50, 52, 18, 51, 53 ],1
[ 13, 14, 35, 40, 16, 37, 42, 49, 38, 43, 50, 18, 51, 53, 54 ],1
[ 13, 14, 35, 40, 16, 37, 42, 38, 43, 50, 52, 18, 51, 53, 54 ],1
[ 13, 14, 35, 40, 16, 37, 42, 49, 38, 50, 52, 18, 44, 51, 54 ],1
[ 13, 14, 35, 40, 16, 37, 42, 38, 50, 52, 18, 44, 51, 53, 54 ],1
[ 13, 14, 35, 40, 16, 37, 42, 49, 38, 50, 52, 18, 51, 53, 54 ],1
[ 13, 14, 35, 40, 16, 37, 49, 38, 43, 50, 18, 44, 51, 53, 54 ],1
[ 13, 14, 35, 40, 16, 37, 38, 43, 50, 52, 18, 44, 51, 53, 54 ],1
[ 13, 14, 35, 40, 16, 37, 49, 38, 43, 50, 52, 18, 51, 53, 54 ],1
[ 10, 34, 14, 35, 40, 16, 49, 17, 38, 43, 53, 54 ],1
[ 13, 14, 35, 40, 16, 37, 49, 38, 50, 52, 18, 44, 51, 53, 54 ],1
[ 13, 14, 35, 16, 37, 42, 49, 38, 43, 50, 52, 18, 44, 51, 54 ],1
[ 14, 35, 49, 17, 38, 43, 50, 18, 51, 54 ],1
[ 13, 14, 35, 16, 37, 42, 49, 38, 43, 52, 18, 44, 51, 53, 54 ],1
[ 10, 13, 14, 37, 49, 18, 51, 53 ],1
[ 13, 14, 35, 16, 37, 42, 49, 38, 43, 50, 52, 18, 51, 53, 54 ],1
[ 13, 14, 35, 40, 16, 37, 42, 49, 43, 50, 18, 39, 44, 51, 54 ],1
[ 13, 14, 35, 40, 16, 37, 42, 49, 43, 52, 18, 39, 44, 51, 54 ],1
[ 13, 14, 35, 40, 16, 37, 42, 43, 50, 18, 39, 44, 51, 53, 54 ],1
[ 13, 14, 35, 40, 16, 37, 42, 49, 43, 50, 18, 39, 51, 53, 54 ],1
[ 13, 14, 35, 40, 16, 37, 42, 49, 43, 52, 18, 39, 51, 53, 54 ],1
[ 13, 14, 35, 40, 16, 37, 42, 43, 50, 52, 18, 39, 51, 53, 54 ],1
[ 13, 14, 35, 40, 16, 37, 42, 49, 50, 52, 18, 39, 44, 51, 54 ],1
[ 13, 14, 35, 40, 16, 37, 42, 49, 52, 18, 39, 44, 51, 53, 54 ],1
[ 13, 14, 35, 40, 16, 37, 49, 43, 50, 52, 18, 39, 44, 51, 54 ],1
[ 10, 14, 35, 40, 37, 49, 38, 52, 18, 39, 44, 51, 53 ],1
[ 13, 14, 35, 40, 16, 37, 49, 43, 50, 52, 18, 39, 51, 53, 54 ],1
[ 13, 14, 35, 40, 16, 37, 49, 50, 52, 18, 39, 44, 51, 53, 54 ],1
[ 13, 14, 35, 16, 37, 42, 49, 43, 50, 18, 39, 44, 51, 53, 54 ],1
[ 13, 14, 35, 16, 37, 42, 43, 50, 52, 18, 39, 44, 51, 53, 54 ],1
[ 13, 14, 35, 16, 37, 42, 49, 43, 50, 52, 18, 39, 51, 53, 54 ],1
[ 13, 14, 35, 40, 16, 37, 42, 49, 43, 50, 52, 18, 44, 51, 54 ],1
[ 13, 14, 35, 40, 16, 37, 42, 43, 50, 52, 18, 44, 51, 53, 54 ],1
[ 13, 14, 35, 40, 16, 37, 42, 49, 50, 52, 18, 44, 51, 53, 54 ],1
[ 13, 14, 35, 40, 16, 37, 49, 43, 50, 52, 18, 44, 51, 53, 54 ],1
[ 13, 14, 35, 40, 16, 42, 49, 38, 43, 50, 52, 18, 39, 44, 54 ],1
[ 13, 14, 35, 40, 16, 42, 49, 38, 43, 52, 18, 39, 44, 53, 54 ],1
