[[1,11,10,27,46,74],[0, 1, 4, 5, 8, 14, 15, 17, 19]]
[[1,11,10,27,46,74],[0, 4, 5, 8, 10, 14, 15, 17, 19]]
[[1,11,10,27,46,74],[0, 1, 4, 5, 6, 8, 10, 14, 15, 17, 19]]
[[1,11,10,27,46,74],[0, 4, 5, 6, 8, 14, 15, 17, 19]]
[[1,11,10,27,46,74],[0, 1, 2, 4, 5, 7, 8, 11, 15, 17, 19]]
[[1,11,10,27,46,74],[0, 2, 4, 5, 7, 8, 10, 11, 15, 17, 19]]
[[1,11,10,27,46,74],[0, 1, 2, 3, 4, 5, 7, 8, 10, 11, 15, 17, 19]]
[[1,11,10,27,46,74],[0, 2, 3, 4, 5, 7, 8, 11, 15, 17, 19]]
[[1,11,10,27,46,74],[0, 1, 2, 4, 5, 12, 15, 17, 19]]
[[1,11,10,27,46,74],[0, 2, 4, 5, 10, 12, 15, 17, 19]]
[[1,11,10,27,46,74],[0, 1, 2, 3, 4, 5, 6, 12, 15, 17, 19]]
[[1,11,10,27,46,74],[0, 2, 3, 4, 5, 6, 10, 12, 15, 17, 19]]
[[1,11,10,27,46,74],[0, 1, 5, 11, 12, 14, 15, 17, 19]]
[[1,11,10,27,46,74],[0, 5, 10, 11, 12, 14, 15, 17, 19]]
[[1,11,10,27,46,74],[0, 1, 3, 5, 10, 11, 12, 14, 15, 17, 19]]
[[1,11,10,27,46,74],[0, 3, 5, 11, 12, 14, 15, 17, 19]]
[[1,11,10,27,46,74],[0, 1, 5, 8, 11, 14, 15, 16, 17]]
[[1,11,10,27,46,74],[0, 5, 8, 10, 11, 14, 15, 16, 17]]
[[1,11,10,27,46,74],[0, 1, 3, 5, 6, 8, 11, 14, 15, 16, 17]]
[[1,11,10,27,46,74],[0, 3, 5, 6, 8, 10, 11, 14, 15, 16, 17]]
[[1,11,10,27,46,74],[0, 1, 4, 5, 7, 11, 12, 14, 15, 16, 17]]
[[1,11,10,27,46,74],[0, 4, 5, 7, 10, 11, 12, 14, 15, 16, 17]]
[[1,11,10,27,46,74],[0, 1, 4, 5, 6, 7, 10, 11, 12, 14, 15, 16, 17]]
[[1,11,10,27,46,74],[0, 4, 5, 6, 7, 11, 12, 14, 15, 16, 17]]
[[1,11,7,23,11,35],[0, 2, 4, 5, 8, 10, 15, 17, 19]]
[[1,11,7,23,11,35],[0, 1, 2, 4, 5, 6, 8, 10, 15, 17, 19]]
[[1,11,7,23,11,35],[0, 5, 8, 10, 11, 14, 15, 17, 19]]
[[1,11,7,23,11,35],[0, 3, 5, 6, 8, 10, 11, 14, 15, 17, 19]]
[[1,11,7,23,11,35],[0, 1, 4, 5, 12, 14, 15, 17, 19]]
[[1,11,7,23,11,35],[0, 1, 3, 4, 5, 6, 12, 14, 15, 17, 19]]
[[1,11,7,23,11,35],[0, 1, 2, 4, 5, 7, 11, 12, 15, 17, 19]]
[[1,11,7,23,11,35],[0, 2, 4, 5, 6, 7, 11, 12, 15, 17, 19]]
[[1,11,7,23,11,35],[0, 4, 5, 7, 8, 10, 11, 14, 15, 16, 17]]
[[1,11,7,23,11,35],[0, 3, 4, 5, 7, 8, 11, 14, 15, 16, 17]]
[[1,11,7,23,11,35],[0, 1, 5, 11, 12, 14, 15, 16, 17]]
[[1,11,7,23,11,35],[0, 1, 3, 5, 10, 11, 12, 14, 15, 16, 17]]
[[1,11,7,27,11,47],[0, 2, 5, 8, 10, 11, 15, 17, 19]]
[[1,11,7,27,11,47],[0, 1, 2, 3, 5, 6, 8, 11, 15, 17, 19]]
[[1,11,7,27,11,47],[0, 4, 5, 7, 8, 10, 11, 14, 15, 17, 19]]
[[1,11,7,27,11,47],[0, 1, 3, 4, 5, 7, 8, 10, 11, 14, 15, 17, 19]]
[[1,11,7,27,11,47],[0, 1, 2, 5, 11, 12, 15, 17, 19]]
[[1,11,7,27,11,47],[0, 2, 3, 5, 11, 12, 15, 17, 19]]
[[1,11,7,27,11,47],[0, 1, 4, 5, 7, 11, 12, 14, 15, 17, 19]]
[[1,11,7,27,11,47],[0, 1, 4, 5, 6, 7, 10, 11, 12, 14, 15, 17, 19]]
[[1,11,7,27,11,47],[0, 4, 5, 8, 10, 14, 15, 16, 17]]
[[1,11,7,27,11,47],[0, 4, 5, 6, 8, 14, 15, 16, 17]]
[[1,11,7,27,11,47],[0, 1, 4, 5, 12, 14, 15, 16, 17]]
[[1,11,7,27,11,47],[0, 3, 4, 5, 6, 10, 12, 14, 15, 16, 17]]
[[2,10,8,14,52,94],[0, 1, 4, 5, 14, 15, 16]]
[[2,10,8,14,52,94],[0, 4, 5, 10, 14, 15, 16]]
[[2,10,8,14,52,94],[0, 4, 10, 15, 19]]
[[2,10,8,14,52,94],[0, 1, 2, 4, 14, 15, 19]]
[[2,10,8,30,42,94],[0, 1, 5, 11, 14, 15, 16]]
[[2,10,8,30,42,94],[0, 1, 5, 6, 10, 11, 14, 15, 16]]
[[2,10,8,30,42,94],[0, 4, 5, 7, 10, 11, 14, 15, 16]]
[[2,10,8,30,42,94],[0, 1, 3, 4, 5, 6, 7, 11, 14, 15, 16]]
[[2,10,8,30,42,94],[0, 1, 2, 5, 11, 12, 13, 15, 19]]
[[2,10,8,30,42,94],[0, 1, 2, 3, 4, 5, 6, 8, 11, 12, 13, 15, 19]]
[[2,10,8,30,42,94],[0, 4, 7, 9, 10, 11, 12, 13, 14, 15, 19]]
[[2,10,8,30,42,94],[0, 1, 2, 5, 6, 7, 8, 9, 10, 11, 12, 13, 14, 15, 19]]
[[2,10,8,30,12,70],[0, 4, 5, 8, 10, 11, 14, 15, 17]]
[[2,10,8,30,12,70],[0, 1, 5, 7, 11, 12, 14, 15, 17]]
[[2,10,8,30,42,58],[0, 1, 2, 3, 5, 8, 10, 15, 16, 18, 19]]
[[2,10,8,30,42,70],[0, 4, 6, 8, 13, 15, 16, 18, 19]]
[[2,10,8,30,42,70],[0, 3, 4, 5, 6, 8, 10, 13, 14, 15, 16, 18, 19]]
[[2,10,8,30,42,58],[0, 3, 8, 9, 14, 15, 16, 18, 19]]
[[2,10,8,30,42,70],[0, 3, 6, 7, 10, 12, 13, 15, 16, 18, 19]]
[[2,10,8,30,42,70],[0, 5, 6, 7, 12, 13, 14, 15, 16, 18, 19]]
[[2,10,8,30,42,58],[0, 1, 2, 5, 7, 8, 12, 15, 16, 18, 19]]
[[2,10,8,30,42,58],[0, 2, 5, 7, 8, 9, 10, 12, 14, 15, 16, 18, 19]]
[[2,10,8,30,42,70],[0, 4, 5, 6, 7, 13, 14, 15, 18]]
[[2,10,8,30,42,70],[0, 3, 4, 5, 6, 7, 10, 13, 14, 15, 18]]
[[2,10,8,30,42,58],[0, 3, 5, 8, 14, 15, 18]]
[[2,10,8,30,42,58],[0, 1, 3, 8, 9, 10, 14, 15, 18]]
[[2,10,8,30,42,70],[0, 5, 6, 8, 12, 13, 14, 15, 18]]
[[2,10,8,30,42,70],[0, 3, 5, 6, 8, 10, 12, 13, 14, 15, 18]]
[[2,10,8,30,42,58],[0, 1, 5, 7, 8, 12, 14, 15, 18]]
[[2,10,8,30,42,58],[0, 2, 5, 7, 8, 9, 10, 12, 14, 15, 18]]
[[2,10,8,30,12,70],[0, 1, 2, 5, 7, 9, 11, 13, 14, 15, 16, 17, 18]]
[[2,10,8,30,12,70],[0, 4, 8, 9, 10, 11, 12, 13, 14, 15, 16, 17, 18]]
[[2,10,8,22,12,82],[0, 1, 4, 9, 11, 13, 14, 15, 17]]
[[2,10,8,22,12,82],[0, 1, 2, 5, 8, 9, 11, 13, 14, 15, 17]]
[[2,10,8,22,12,82],[0, 4, 5, 7, 10, 11, 12, 13, 14, 15, 17]]
[[2,10,8,22,12,82],[0, 5, 7, 8, 10, 11, 12, 13, 14, 15, 17]]
[[2,10,8,22,12,82],[0, 5, 7, 8, 10, 11, 14, 15, 16, 17, 18]]
[[2,10,8,22,12,82],[0, 4, 7, 9, 10, 11, 14, 15, 16, 17, 18]]
[[2,10,8,22,12,82],[0, 1, 5, 8, 11, 12, 14, 15, 16, 17, 18]]
[[2,10,8,22,12,82],[0, 1, 2, 4, 5, 9, 11, 12, 14, 15, 16, 17, 18]]
[[2,10,8,18,17,88],[0, 2, 3, 4, 5, 6, 7, 10, 13, 15, 16, 17, 19]]
[[2,10,8,18,17,88],[0, 1, 2, 5, 7, 8, 13, 15, 16, 17, 19]]
[[2,10,8,18,17,88],[0, 2, 5, 7, 9, 10, 12, 13, 14, 15, 16, 17, 19]]
[[2,10,8,18,17,88],[0, 4, 6, 7, 8, 9, 12, 13, 14, 15, 16, 17, 19]]
[[2,10,8,18,17,88],[0, 2, 3, 4, 5, 6, 8, 10, 13, 15, 17, 18, 19]]
[[2,10,8,18,17,88],[0, 1, 5, 7, 8, 13, 14, 15, 17, 18, 19]]
[[2,10,8,18,17,88],[0, 4, 5, 6, 12, 13, 14, 15, 17, 18, 19]]
[[2,10,8,18,17,88],[0, 2, 5, 7, 10, 12, 13, 15, 17, 18, 19]]
[[2,10,8,26,47,88],[0, 1, 3, 5, 10, 13, 14, 15, 16, 18, 19]]
[[2,10,8,26,47,88],[0, 2, 3, 5, 13, 15, 16, 18, 19]]
[[2,10,8,26,37,112],[0, 2, 4, 5, 10, 11, 13, 15, 16, 18, 19]]
[[2,10,8,26,37,112],[0, 1, 5, 7, 11, 13, 14, 15, 16, 18, 19]]
[[2,10,8,26,27,52],[0, 3, 4, 5, 6, 8, 10, 11, 14, 15, 16, 18, 19]]
[[2,10,8,26,27,52],[0, 2, 6, 7, 8, 9, 11, 15, 16, 18, 19]]
[[2,10,8,26,47,88],[0, 1, 4, 5, 7, 8, 12, 13, 14, 15, 16, 18, 19]]
[[2,10,8,26,47,88],[0, 2, 4, 5, 7, 8, 10, 12, 13, 15, 16, 18, 19]]
[[2,10,8,26,37,112],[0, 1, 4, 5, 6, 8, 10, 11, 12, 13, 14, 15, 16, 18, 19]]
[[2,10,8,26,27,52],[0, 1, 4, 5, 7, 8, 11, 12, 14, 15, 16, 18, 19]]
[[2,10,8,26,37,112],[0, 1, 2, 3, 5, 6, 7, 8, 11, 12, 13, 15, 16, 18, 19]]
[[2,10,8,26,27,52],[0, 5, 8, 9, 10, 11, 12, 15, 16, 18, 19]]
[[2,10,8,26,47,88],[0, 1, 2, 3, 10, 13, 14, 15, 18]]
[[2,10,8,26,47,88],[0, 2, 3, 13, 14, 15, 18]]
[[2,10,8,26,37,112],[0, 1, 2, 4, 6, 7, 10, 11, 14, 15, 18]]
[[2,10,8,26,27,52],[0, 5, 8, 10, 11, 13, 14, 15, 18]]
[[2,10,8,26,27,52],[0, 1, 2, 4, 7, 8, 11, 13, 14, 15, 18]]
[[2,10,8,26,37,112],[0, 1, 3, 6, 9, 11, 14, 15, 18]]
[[2,10,8,26,47,88],[0, 1, 2, 4, 7, 8, 12, 13, 14, 15, 18]]
[[2,10,8,26,47,88],[0, 2, 4, 7, 8, 10, 12, 13, 14, 15, 18]]
[[2,10,8,26,37,112],[0, 2, 4, 10, 11, 12, 14, 15, 18]]
[[2,10,8,26,27,52],[0, 2, 6, 11, 12, 13, 14, 15, 18]]
[[2,10,8,26,27,52],[0, 3, 4, 5, 6, 7, 10, 11, 12, 13, 14, 15, 18]]
[[2,10,8,26,37,112],[0, 1, 2, 5, 7, 9, 11, 12, 14, 15, 18]]
[[2,10,8,34,37,76],[0, 1, 2, 3, 4, 5, 6, 7, 11, 15, 16, 18, 19]]
[[2,10,8,34,32,64],[0, 1, 2, 3, 4, 5, 6, 8, 11, 15, 16, 18, 19]]
[[2,10,8,34,37,76],[0, 1, 2, 5, 6, 9, 10, 11, 14, 15, 16, 18, 19]]
[[2,10,8,34,32,64],[0, 1, 6, 7, 8, 9, 10, 11, 14, 15, 16, 18, 19]]
[[2,10,8,34,37,76],[0, 1, 2, 3, 4, 5, 10, 11, 12, 15, 16, 18, 19]]
[[2,10,8,34,32,64],[0, 2, 4, 5, 7, 8, 10, 11, 12, 15, 16, 18, 19]]
[[2,10,8,34,37,76],[0, 3, 7, 9, 11, 12, 14, 15, 16, 18, 19]]
[[2,10,8,34,32,64],[0, 1, 2, 5, 8, 9, 11, 12, 14, 15, 16, 18, 19]]
[[2,10,8,34,37,76],[0, 1, 3, 4, 5, 10, 11, 13, 14, 15, 18]]
[[2,10,8,34,37,76],[0, 3, 5, 7, 11, 13, 14, 15, 18]]
[[2,10,8,34,32,64],[0, 1, 5, 8, 11, 13, 14, 15, 18]]
[[2,10,8,34,32,64],[0, 2, 4, 7, 8, 10, 11, 13, 14, 15, 18]]
[[2,10,8,34,32,64],[0, 1, 2, 6, 10, 11, 12, 13, 14, 15, 18]]
[[2,10,8,34,32,64],[0, 1, 3, 4, 5, 6, 7, 11, 12, 13, 14, 15, 18]]
[[2,10,8,34,37,76],[0, 1, 3, 4, 5, 6, 8, 11, 12, 13, 14, 15, 18]]
[[2,10,8,34,37,76],[0, 1, 5, 6, 7, 8, 10, 11, 12, 13, 14, 15, 18]]
[[2,10,14,30,2,82],[0, 1, 2, 4, 14, 15, 16]]
[[2,10,14,30,2,82],[0, 2, 4, 10, 14, 15, 16]]
[[2,10,14,30,2,82],[0, 1, 4, 5, 14, 15, 19]]
[[2,10,14,30,2,82],[0, 2, 4, 5, 10, 15, 19]]
[[2,10,14,30,52,70],[0, 3, 5, 8, 14, 15, 16, 18, 19]]
[[2,10,14,30,27,82],[0, 1, 4, 5, 7, 8, 14, 15, 16, 18, 19]]
[[2,10,14,30,52,70],[0, 1, 2, 3, 8, 9, 10, 15, 16, 18, 19]]
[[2,10,14,30,27,82],[0, 2, 4, 7, 8, 9, 10, 15, 16, 18, 19]]
[[2,10,14,30,32,70],[0, 5, 10, 11, 14, 15, 16, 18, 19]]
[[2,10,14,30,32,70],[0, 1, 4, 5, 7, 9, 11, 15, 16, 18, 19]]
[[2,10,14,30,27,82],[0, 4, 5, 8, 10, 12, 14, 15, 16, 18, 19]]
[[2,10,14,30,52,70],[0, 5, 7, 8, 10, 12, 14, 15, 16, 18, 19]]
[[2,10,14,30,27,82],[0, 1, 4, 5, 8, 9, 12, 15, 16, 18, 19]]
[[2,10,14,30,52,70],[0, 1, 5, 7, 8, 9, 12, 15, 16, 18, 19]]
[[2,10,14,30,32,70],[0, 1, 3, 5, 6, 7, 11, 12, 14, 15, 16, 18, 19]]
[[2,10,14,30,32,70],[0, 1, 2, 4, 6, 9, 10, 11, 12, 15, 16, 18, 19]]
[[2,10,14,30,52,70],[0, 1, 3, 5, 8, 10, 14, 15, 18]]
[[2,10,14,30,27,82],[0, 1, 2, 4, 7, 8, 14, 15, 18]]
[[2,10,14,30,52,70],[0, 3, 8, 9, 14, 15, 18]]
[[2,10,14,30,27,82],[0, 2, 4, 5, 7, 8, 9, 10, 14, 15, 18]]
[[2,10,14,30,32,70],[0, 1, 2, 3, 6, 8, 11, 13, 14, 15, 18]]
[[2,10,14,30,32,70],[0, 1, 4, 5, 6, 7, 8, 10, 11, 13, 14, 15, 18]]
[[2,10,14,30,27,82],[0, 1, 2, 4, 8, 12, 14, 15, 18]]
[[2,10,14,30,52,70],[0, 5, 7, 8, 10, 12, 14, 15, 18]]
[[2,10,14,30,27,82],[0, 4, 8, 9, 10, 12, 14, 15, 18]]
[[2,10,14,30,52,70],[0, 1, 2, 5, 7, 8, 9, 12, 14, 15, 18]]
[[2,10,14,30,32,70],[0, 5, 10, 11, 12, 13, 14, 15, 18]]
[[2,10,14,30,32,70],[0, 1, 2, 4, 7, 11, 12, 13, 14, 15, 18]]
[[2,10,14,22,47,70],[0, 2, 4, 9, 10, 11, 13, 15, 16, 17, 19]]
[[2,10,14,22,47,70],[0, 1, 5, 8, 9, 11, 13, 15, 16, 17, 19]]
[[2,10,14,22,47,70],[0, 4, 5, 7, 10, 11, 12, 13, 14, 15, 16, 17, 19]]
[[2,10,14,22,47,70],[0, 1, 5, 7, 8, 11, 12, 13, 14, 15, 16, 17, 19]]
[[2,10,14,22,47,70],[0, 1, 2, 5, 7, 8, 11, 15, 17, 18, 19]]
[[2,10,14,22,47,70],[0, 4, 7, 9, 10, 11, 14, 15, 17, 18, 19]]
[[2,10,14,22,47,70],[0, 1, 2, 5, 8, 11, 12, 15, 17, 18, 19]]
[[2,10,14,22,47,70],[0, 2, 4, 5, 9, 10, 11, 12, 14, 15, 17, 18, 19]]
[[2,10,14,26,37,64],[0, 3, 4, 5, 6, 7, 10, 13, 14, 15, 16, 17, 19]]
[[2,10,14,26,37,64],[0, 1, 5, 7, 8, 13, 14, 15, 16, 17, 19]]
[[2,10,14,26,37,64],[0, 5, 7, 9, 10, 12, 13, 15, 16, 17, 19]]
[[2,10,14,26,37,64],[0, 2, 4, 6, 7, 8, 9, 12, 13, 15, 16, 17, 19]]
[[2,10,14,26,47,76],[0, 1, 2, 4, 6, 7, 10, 11, 14, 15, 16, 18, 19]]
[[2,10,14,26,47,76],[0, 1, 2, 3, 6, 9, 11, 15, 16, 18, 19]]
[[2,10,14,26,47,76],[0, 1, 2, 4, 11, 12, 14, 15, 16, 18, 19]]
[[2,10,14,26,47,76],[0, 5, 7, 9, 10, 11, 12, 15, 16, 18, 19]]
[[2,10,14,26,47,76],[0, 1, 4, 5, 11, 13, 14, 15, 18]]
[[2,10,14,26,47,76],[0, 5, 7, 10, 11, 13, 14, 15, 18]]
[[2,10,14,26,47,76],[0, 1, 4, 5, 6, 8, 10, 11, 12, 13, 14, 15, 18]]
[[2,10,14,26,47,76],[0, 1, 3, 5, 6, 7, 8, 11, 12, 13, 14, 15, 18]]
[[2,10,14,26,37,64],[0, 3, 4, 5, 6, 8, 10, 13, 14, 15, 17, 18, 19]]
[[2,10,14,26,37,64],[0, 1, 2, 5, 7, 8, 13, 15, 17, 18, 19]]
[[2,10,14,26,37,64],[0, 2, 4, 5, 6, 12, 13, 15, 17, 18, 19]]
[[2,10,14,26,37,64],[0, 5, 7, 10, 12, 13, 14, 15, 17, 18, 19]]
[[2,10,2,22,12,46],[0, 1, 2, 3, 4, 5, 10, 11, 13, 15, 16, 18, 19]]
[[2,10,2,22,12,46],[0, 3, 5, 7, 11, 13, 14, 15, 16, 18, 19]]
[[2,10,2,22,12,46],[0, 3, 4, 5, 6, 8, 10, 11, 12, 13, 14, 15, 16, 18, 19]]
[[2,10,2,22,12,46],[0, 2, 5, 6, 7, 8, 11, 12, 13, 15, 16, 18, 19]]
[[2,10,2,22,12,46],[0, 3, 4, 5, 6, 7, 10, 11, 14, 15, 18]]
[[2,10,2,22,12,46],[0, 2, 5, 6, 9, 11, 14, 15, 18]]
[[2,10,2,22,12,46],[0, 1, 3, 4, 5, 10, 11, 12, 14, 15, 18]]
[[2,10,2,22,12,46],[0, 3, 7, 9, 11, 12, 14, 15, 18]]
[[2,10,2,26,32,76],[0, 1, 2, 4, 6, 8, 10, 13, 14, 15, 16, 18, 19]]
[[2,10,2,26,32,76],[0, 1, 2, 3, 4, 5, 6, 8, 13, 15, 16, 18, 19]]
[[2,10,2,26,32,76],[0, 1, 2, 3, 6, 7, 12, 13, 14, 15, 16, 18, 19]]
[[2,10,2,26,32,76],[0, 1, 2, 5, 6, 7, 10, 12, 13, 15, 16, 18, 19]]
[[2,10,2,26,32,76],[0, 1, 4, 5, 6, 7, 10, 13, 14, 15, 18]]
[[2,10,2,26,32,76],[0, 1, 3, 4, 5, 6, 7, 13, 14, 15, 18]]
[[2,10,2,26,32,76],[0, 1, 5, 6, 8, 10, 12, 13, 14, 15, 18]]
[[2,10,2,26,32,76],[0, 1, 3, 5, 6, 8, 12, 13, 14, 15, 18]]
[[2,10,11,18,42,79],[0, 1, 2, 5, 8, 15, 16, 17, 19]]
[[2,10,11,18,42,79],[0, 1, 2, 5, 6, 8, 10, 15, 16, 17, 19]]
[[2,10,11,18,42,79],[0, 5, 10, 12, 14, 15, 16, 17, 19]]
[[2,10,11,18,42,79],[0, 1, 3, 5, 6, 12, 14, 15, 16, 17, 19]]
[[2,10,11,18,42,79],[0, 1, 5, 6, 7, 10, 14, 15, 17, 18, 19]]
[[2,10,11,18,42,79],[0, 1, 5, 8, 9, 15, 17, 18, 19]]
[[2,10,11,18,42,79],[0, 5, 10, 12, 14, 15, 17, 18, 19]]
[[2,10,11,18,42,79],[0, 1, 2, 3, 6, 7, 8, 9, 12, 15, 17, 18, 19]]
[[2,10,11,30,37,91],[0, 5, 10, 11, 12, 13, 14, 15, 16]]
[[2,10,11,30,37,91],[0, 1, 3, 4, 5, 6, 8, 11, 12, 13, 14, 15, 16]]
[[2,10,11,30,37,91],[0, 1, 4, 7, 9, 11, 12, 13, 14, 15, 16]]
[[2,10,11,30,37,91],[0, 1, 2, 5, 6, 7, 8, 9, 10, 11, 12, 13, 14, 15, 16]]
[[2,10,11,30,37,91],[0, 5, 10, 11, 14, 15, 19]]
[[2,10,11,30,37,91],[0, 1, 5, 6, 10, 11, 14, 15, 19]]
[[2,10,11,30,37,91],[0, 1, 2, 4, 5, 7, 11, 15, 19]]
[[2,10,11,30,37,91],[0, 1, 2, 3, 4, 5, 6, 7, 11, 15, 19]]
[[2,10,11,30,32,103],[0, 4, 7, 8, 10, 15, 16, 18, 19]]
[[2,10,11,30,32,103],[0, 1, 2, 4, 5, 7, 8, 9, 14, 15, 16, 18, 19]]
[[2,10,11,30,32,103],[0, 1, 4, 8, 12, 15, 16, 18, 19]]
[[2,10,11,30,32,103],[0, 4, 8, 9, 10, 12, 14, 15, 16, 18, 19]]
[[2,10,11,30,32,103],[0, 4, 5, 7, 8, 10, 14, 15, 18]]
[[2,10,11,30,32,103],[0, 1, 4, 7, 8, 9, 14, 15, 18]]
[[2,10,11,30,32,103],[0, 4, 5, 8, 10, 12, 14, 15, 18]]
[[2,10,11,30,32,103],[0, 1, 2, 4, 5, 8, 9, 12, 14, 15, 18]]
[[2,10,11,22,42,67],[0, 1, 2, 3, 4, 5, 6, 7, 13, 15, 16, 17, 19]]
[[2,10,11,22,42,67],[0, 2, 5, 7, 8, 10, 13, 15, 16, 17, 19]]
[[2,10,11,22,42,91],[0, 1, 3, 4, 5, 6, 8, 11, 14, 15, 16, 17, 19]]
[[2,10,11,22,42,91],[0, 3, 4, 5, 6, 8, 10, 11, 14, 15, 16, 17, 19]]
[[2,10,11,22,42,79],[0, 2, 5, 7, 8, 10, 11, 15, 16, 17, 19]]
[[2,10,11,22,42,79],[0, 2, 3, 5, 7, 8, 11, 15, 16, 17, 19]]
[[2,10,11,22,42,67],[0, 1, 2, 5, 7, 9, 12, 13, 14, 15, 16, 17, 19]]
[[2,10,11,22,42,67],[0, 1, 4, 6, 7, 8, 9, 10, 12, 13, 14, 15, 16, 17, 19]]
[[2,10,11,22,42,79],[0, 1, 4, 5, 11, 12, 14, 15, 16, 17, 19]]
[[2,10,11,22,42,79],[0, 1, 3, 4, 5, 10, 11, 12, 14, 15, 16, 17, 19]]
[[2,10,11,22,42,91],[0, 1, 2, 5, 6, 7, 10, 11, 12, 15, 16, 17, 19]]
[[2,10,11,22,42,91],[0, 2, 5, 6, 7, 11, 12, 15, 16, 17, 19]]
[[2,10,11,22,42,67],[0, 1, 3, 4, 5, 6, 8, 13, 14, 15, 17, 18, 19]]
[[2,10,11,22,42,67],[0, 2, 5, 7, 8, 10, 13, 15, 17, 18, 19]]
[[2,10,11,22,42,79],[0, 1, 2, 4, 11, 13, 14, 15, 17, 18, 19]]
[[2,10,11,22,42,79],[0, 1, 2, 3, 4, 5, 10, 11, 13, 15, 17, 18, 19]]
[[2,10,11,22,42,91],[0, 1, 5, 6, 8, 10, 11, 13, 14, 15, 17, 18, 19]]
[[2,10,11,22,42,91],[0, 2, 5, 6, 8, 11, 13, 15, 17, 18, 19]]
[[2,10,11,22,42,67],[0, 1, 2, 4, 5, 6, 10, 12, 13, 15, 17, 18, 19]]
[[2,10,11,22,42,67],[0, 1, 5, 7, 12, 13, 14, 15, 17, 18, 19]]
[[2,10,11,22,42,91],[0, 3, 4, 5, 6, 7, 10, 11, 12, 13, 14, 15, 17, 18, 19]]
[[2,10,11,22,42,91],[0, 1, 2, 3, 4, 5, 6, 7, 11, 12, 13, 15, 17, 18, 19]]
[[2,10,11,22,42,79],[0, 2, 3, 7, 8, 11, 12, 13, 14, 15, 17, 18, 19]]
[[2,10,11,22,42,79],[0, 2, 5, 7, 8, 10, 11, 12, 13, 15, 17, 18, 19]]
[[2,10,11,26,22,67],[0, 2, 5, 8, 10, 15, 16, 17, 19]]
[[2,10,11,26,22,67],[0, 2, 5, 6, 8, 15, 16, 17, 19]]
[[2,10,11,26,22,67],[0, 1, 5, 12, 14, 15, 16, 17, 19]]
[[2,10,11,26,22,67],[0, 3, 5, 6, 10, 12, 14, 15, 16, 17, 19]]
[[2,10,11,26,22,67],[0, 2, 5, 6, 7, 15, 17, 18, 19]]
[[2,10,11,26,22,67],[0, 2, 5, 8, 9, 10, 14, 15, 17, 18, 19]]
[[2,10,11,26,22,67],[0, 1, 2, 5, 12, 15, 17, 18, 19]]
[[2,10,11,26,22,67],[0, 3, 6, 7, 8, 9, 10, 12, 14, 15, 17, 18, 19]]
[[2,10,11,34,27,85],[0, 5, 7, 8, 10, 11, 14, 15, 17]]
[[2,10,11,34,27,85],[0, 1, 3, 5, 7, 8, 10, 11, 14, 15, 17]]
[[2,10,11,34,27,85],[0, 1, 4, 5, 11, 12, 14, 15, 17]]
[[2,10,11,34,27,85],[0, 3, 4, 5, 11, 12, 14, 15, 17]]
[[2,10,11,34,42,61],[0, 2, 4, 5, 7, 8, 10, 15, 16, 18, 19]]
[[2,10,11,34,42,61],[0, 1, 4, 7, 8, 9, 14, 15, 16, 18, 19]]
[[2,10,11,34,42,61],[0, 1, 2, 4, 5, 8, 12, 15, 16, 18, 19]]
[[2,10,11,34,42,61],[0, 2, 4, 5, 8, 9, 10, 12, 14, 15, 16, 18, 19]]
[[2,10,11,34,42,61],[0, 2, 4, 7, 8, 10, 14, 15, 18]]
[[2,10,11,34,42,61],[0, 1, 2, 4, 5, 7, 8, 9, 14, 15, 18]]
[[2,10,11,34,42,61],[0, 2, 4, 8, 10, 12, 14, 15, 18]]
[[2,10,11,34,42,61],[0, 1, 4, 8, 9, 12, 14, 15, 18]]
[[2,10,11,34,27,85],[0, 1, 2, 4, 11, 13, 14, 15, 16, 17, 18]]
[[2,10,11,34,27,85],[0, 3, 4, 5, 11, 13, 14, 15, 16, 17, 18]]
[[2,10,11,34,27,85],[0, 1, 2, 3, 7, 8, 10, 11, 12, 13, 14, 15, 16, 17, 18]]
[[2,10,11,34,27,85],[0, 5, 7, 8, 10, 11, 12, 13, 14, 15, 16, 17, 18]]
[[2,10,17,26,7,73],[0, 5, 10, 13, 14, 15, 16]]
[[2,10,17,26,7,73],[0, 1, 4, 5, 8, 13, 14, 15, 16]]
[[2,10,17,26,7,73],[0, 1, 2, 5, 9, 13, 14, 15, 16]]
[[2,10,17,26,7,73],[0, 4, 8, 9, 10, 13, 14, 15, 16]]
[[2,10,17,26,7,73],[0, 5, 10, 13, 14, 15, 19]]
[[2,10,17,26,7,73],[0, 4, 5, 8, 10, 13, 14, 15, 19]]
[[2,10,17,26,7,73],[0, 1, 5, 9, 13, 15, 19]]
[[2,10,17,26,7,73],[0, 1, 2, 4, 8, 9, 13, 15, 19]]
[[2,10,17,26,32,67],[0, 5, 8, 10, 14, 15, 16, 17, 19]]
[[2,10,17,26,32,67],[0, 5, 6, 8, 14, 15, 16, 17, 19]]
[[2,10,17,26,32,67],[0, 1, 2, 5, 12, 15, 16, 17, 19]]
[[2,10,17,26,32,67],[0, 2, 3, 5, 6, 10, 12, 15, 16, 17, 19]]
[[2,10,17,26,32,67],[0, 5, 6, 7, 14, 15, 17, 18, 19]]
[[2,10,17,26,32,67],[0, 5, 8, 9, 10, 15, 17, 18, 19]]
[[2,10,17,26,32,67],[0, 1, 5, 12, 14, 15, 17, 18, 19]]
[[2,10,17,26,32,67],[0, 2, 3, 6, 7, 8, 9, 10, 12, 15, 17, 18, 19]]
[[2,10,17,30,2,79],[0, 1, 4, 5, 8, 11, 14, 15, 16, 17, 19]]
[[2,10,17,30,2,79],[0, 4, 5, 8, 10, 11, 14, 15, 16, 17, 19]]
[[2,10,17,30,2,79],[0, 1, 2, 5, 7, 11, 12, 15, 16, 17, 19]]
[[2,10,17,30,2,79],[0, 2, 5, 7, 10, 11, 12, 15, 16, 17, 19]]
[[2,10,17,30,2,79],[0, 1, 5, 7, 9, 11, 13, 15, 17, 18, 19]]
[[2,10,17,30,2,79],[0, 2, 5, 7, 9, 10, 11, 13, 14, 15, 17, 18, 19]]
[[2,10,17,30,2,79],[0, 4, 8, 9, 10, 11, 12, 13, 14, 15, 17, 18, 19]]
[[2,10,17,30,2,79],[0, 1, 2, 4, 8, 9, 11, 12, 13, 15, 17, 18, 19]]
[[2,10,17,18,47,85],[0, 1, 2, 4, 5, 8, 11, 15, 16, 17, 19]]
[[2,10,17,18,47,85],[0, 2, 4, 5, 8, 10, 11, 15, 16, 17, 19]]
[[2,10,17,18,47,85],[0, 1, 5, 7, 11, 12, 14, 15, 16, 17, 19]]
[[2,10,17,18,47,85],[0, 5, 7, 10, 11, 12, 14, 15, 16, 17, 19]]
[[2,10,17,18,47,85],[0, 5, 7, 9, 10, 11, 13, 15, 17, 18, 19]]
[[2,10,17,18,47,85],[0, 1, 2, 5, 7, 9, 11, 13, 14, 15, 17, 18, 19]]
[[2,10,17,18,47,85],[0, 1, 4, 8, 9, 11, 12, 13, 14, 15, 17, 18, 19]]
[[2,10,17,18,47,85],[0, 2, 4, 8, 9, 10, 11, 12, 13, 15, 17, 18, 19]]
[[2,10,5,18,27,73],[0, 1, 5, 8, 11, 13, 14, 15, 16, 18, 19]]
[[2,10,5,18,27,73],[0, 4, 7, 8, 10, 11, 13, 15, 16, 18, 19]]
[[2,10,5,18,27,73],[0, 6, 11, 12, 13, 15, 16, 18, 19]]
[[2,10,5,18,27,73],[0, 3, 4, 5, 6, 7, 10, 11, 12, 13, 14, 15, 16, 18, 19]]
[[2,10,5,18,27,73],[0, 3, 4, 5, 6, 8, 10, 11, 14, 15, 18]]
[[2,10,5,18,27,73],[0, 6, 7, 8, 9, 11, 14, 15, 18]]
[[2,10,5,18,27,73],[0, 4, 5, 7, 8, 10, 11, 12, 14, 15, 18]]
[[2,10,5,18,27,73],[0, 1, 2, 5, 8, 9, 11, 12, 14, 15, 18]]
[[2,10,5,26,22,61],[0, 1, 2, 3, 4, 5, 10, 15, 16, 18, 19]]
[[2,10,5,26,22,61],[0, 2, 3, 4, 5, 9, 14, 15, 16, 18, 19]]
[[2,10,5,26,22,61],[0, 1, 2, 4, 5, 7, 12, 15, 16, 18, 19]]
[[2,10,5,26,22,61],[0, 4, 7, 9, 10, 12, 14, 15, 16, 18, 19]]
[[2,10,5,26,22,61],[0, 1, 3, 4, 5, 10, 14, 15, 18]]
[[2,10,5,26,22,61],[0, 2, 3, 4, 5, 9, 14, 15, 18]]
[[2,10,5,26,22,61],[0, 4, 5, 7, 10, 12, 14, 15, 18]]
[[2,10,5,26,22,61],[0, 1, 4, 7, 9, 12, 14, 15, 18]]
[[2,10,5,34,42,49],[0, 3, 4, 5, 11, 13, 14, 15, 16, 18, 19]]
[[2,10,5,34,42,49],[0, 1, 2, 3, 5, 7, 10, 11, 13, 15, 16, 18, 19]]
[[2,10,5,34,37,37],[0, 1, 2, 3, 6, 8, 11, 13, 14, 15, 16, 18, 19]]
[[2,10,5,34,37,37],[0, 1, 2, 4, 5, 6, 7, 8, 10, 11, 13, 15, 16, 18, 19]]
[[2,10,5,34,37,37],[0, 1, 2, 5, 11, 12, 13, 15, 16, 18, 19]]
[[2,10,5,34,37,37],[0, 2, 4, 7, 10, 11, 12, 13, 14, 15, 16, 18, 19]]
[[2,10,5,34,42,49],[0, 1, 2, 3, 4, 5, 6, 8, 11, 12, 13, 15, 16, 18, 19]]
[[2,10,5,34,42,49],[0, 1, 5, 6, 7, 8, 10, 11, 12, 13, 14, 15, 16, 18, 19]]
[[2,10,5,34,37,37],[0, 1, 5, 11, 14, 15, 18]]
[[2,10,5,34,42,49],[0, 1, 3, 4, 5, 6, 7, 11, 14, 15, 18]]
[[2,10,5,34,42,49],[0, 1, 2, 5, 6, 9, 10, 11, 14, 15, 18]]
[[2,10,5,34,37,37],[0, 2, 4, 5, 7, 9, 10, 11, 14, 15, 18]]
[[2,10,5,34,42,49],[0, 3, 4, 5, 11, 12, 14, 15, 18]]
[[2,10,5,34,37,37],[0, 1, 3, 5, 6, 7, 11, 12, 14, 15, 18]]
[[2,10,5,34,37,37],[0, 1, 4, 6, 9, 10, 11, 12, 14, 15, 18]]
[[2,10,5,34,42,49],[0, 1, 3, 7, 9, 10, 11, 12, 14, 15, 18]]
[[2,10,20,34,27,64],[0, 1, 4, 9, 11, 13, 14, 15, 16, 17, 19]]
[[2,10,20,34,27,64],[0, 2, 5, 8, 9, 10, 11, 13, 14, 15, 16, 17, 19]]
[[2,10,20,34,27,64],[0, 1, 2, 4, 5, 7, 11, 12, 13, 15, 16, 17, 19]]
[[2,10,20,34,27,64],[0, 2, 5, 7, 8, 10, 11, 12, 13, 15, 16, 17, 19]]
[[2,10,20,34,27,64],[0, 2, 5, 7, 8, 10, 11, 15, 17, 18, 19]]
[[2,10,20,34,27,64],[0, 1, 4, 7, 9, 11, 14, 15, 17, 18, 19]]
[[2,10,20,34,27,64],[0, 2, 5, 8, 10, 11, 12, 15, 17, 18, 19]]
[[2,10,20,34,27,64],[0, 1, 2, 4, 5, 9, 11, 12, 14, 15, 17, 18, 19]]
[[2,2,8,30,42,86],[0, 1, 2, 4, 6, 10, 14, 15, 16]]
[[2,2,8,30,42,86],[0, 2, 4, 6, 14, 15, 16]]
[[2,2,8,30,42,86],[0, 1, 2, 3, 4, 6, 14, 15, 16]]
[[2,2,8,30,42,86],[0, 2, 3, 4, 6, 10, 14, 15, 16]]
[[2,2,8,30,52,38],[0, 3, 4, 6, 7, 8, 9, 10, 14, 15, 16]]
[[2,2,8,30,52,38],[0, 2, 4, 5, 6, 7, 8, 9, 14, 15, 16]]
[[2,2,8,30,42,62],[0, 3, 9, 11, 14, 15, 16]]
[[2,2,8,30,42,62],[0, 2, 3, 5, 6, 9, 10, 11, 14, 15, 16]]
[[2,2,8,30,42,62],[0, 1, 3, 4, 7, 9, 10, 11, 14, 15, 16]]
[[2,2,8,30,42,62],[0, 2, 4, 5, 6, 7, 9, 11, 14, 15, 16]]
[[2,2,8,30,52,62],[0, 3, 4, 8, 9, 11, 14, 15, 16]]
[[2,2,8,30,52,62],[0, 2, 3, 4, 5, 6, 8, 9, 10, 11, 14, 15, 16]]
[[2,2,8,30,52,62],[0, 1, 2, 3, 5, 7, 8, 9, 10, 11, 14, 15, 16]]
[[2,2,8,30,52,62],[0, 6, 7, 8, 9, 11, 14, 15, 16]]
[[2,2,8,30,32,86],[0, 4, 6, 8, 9, 12, 14, 15, 16]]
[[2,2,8,30,32,86],[0, 3, 4, 6, 8, 9, 10, 12, 14, 15, 16]]
[[2,2,8,30,32,86],[0, 2, 4, 5, 6, 8, 9, 12, 14, 15, 16]]
[[2,2,8,30,32,86],[0, 2, 3, 4, 5, 6, 8, 9, 10, 12, 14, 15, 16]]
[[2,2,8,30,42,50],[0, 1, 3, 7, 8, 9, 10, 12, 14, 15, 16]]
[[2,2,8,30,42,50],[0, 3, 7, 8, 9, 12, 14, 15, 16]]
[[2,2,8,30,42,50],[0, 1, 2, 3, 5, 7, 8, 9, 10, 12, 14, 15, 16]]
[[2,2,8,30,42,50],[0, 2, 3, 5, 7, 8, 9, 12, 14, 15, 16]]
[[2,2,8,30,52,38],[0, 2, 4, 6, 14, 15, 19]]
[[2,2,8,30,52,38],[0, 3, 4, 6, 10, 15, 19]]
[[2,2,8,30,42,86],[0, 1, 3, 4, 6, 7, 8, 9, 14, 15, 19]]
[[2,2,8,30,42,86],[0, 2, 3, 4, 6, 7, 8, 9, 10, 15, 19]]
[[2,2,8,30,42,86],[0, 1, 4, 5, 6, 7, 8, 9, 10, 15, 19]]
[[2,2,8,30,42,86],[0, 2, 4, 5, 6, 7, 8, 9, 14, 15, 19]]
[[2,2,8,30,32,86],[0, 2, 4, 6, 7, 9, 12, 15, 19]]
[[2,2,8,30,32,86],[0, 3, 4, 6, 7, 9, 10, 12, 14, 15, 19]]
[[2,2,8,30,32,86],[0, 4, 5, 6, 7, 9, 12, 15, 19]]
[[2,2,8,30,32,86],[0, 2, 3, 4, 5, 6, 7, 9, 10, 12, 14, 15, 19]]
[[2,2,8,30,42,50],[0, 1, 3, 7, 8, 9, 10, 12, 14, 15, 19]]
[[2,2,8,30,42,50],[0, 2, 3, 7, 8, 9, 12, 15, 19]]
[[2,2,8,30,42,50],[0, 3, 5, 7, 8, 9, 12, 15, 19]]
[[2,2,8,30,42,50],[0, 1, 2, 3, 5, 7, 8, 9, 10, 12, 14, 15, 19]]
[[2,2,8,30,52,62],[0, 6, 11, 12, 13, 15, 19]]
[[2,2,8,30,42,62],[0, 1, 2, 3, 4, 7, 10, 11, 12, 13, 14, 15, 19]]
[[2,2,8,30,52,62],[0, 3, 4, 8, 11, 12, 13, 15, 19]]
[[2,2,8,30,42,62],[0, 2, 3, 6, 7, 8, 10, 11, 12, 13, 14, 15, 19]]
[[2,2,8,30,42,62],[0, 3, 5, 9, 11, 12, 13, 15, 19]]
[[2,2,8,30,52,62],[0, 2, 3, 4, 5, 6, 7, 9, 10, 11, 12, 13, 14, 15, 19]]
[[2,2,8,30,42,62],[0, 2, 4, 6, 8, 9, 11, 12, 13, 15, 19]]
[[2,2,8,30,52,62],[0, 1, 3, 7, 8, 9, 10, 11, 12, 13, 14, 15, 19]]
[[2,2,8,30,52,74],[0, 1, 2, 3, 5, 9, 10, 13, 14, 15, 16, 17, 19]]
[[2,2,8,30,52,74],[0, 1, 3, 4, 6, 8, 9, 13, 14, 15, 16, 17, 19]]
[[2,2,8,30,42,62],[0, 1, 2, 3, 4, 8, 10, 11, 14, 15, 16, 17, 19]]
[[2,2,8,30,42,62],[0, 2, 3, 4, 8, 11, 14, 15, 16, 17, 19]]
[[2,2,8,30,52,74],[0, 1, 4, 6, 10, 12, 13, 15, 16, 17, 19]]
[[2,2,8,30,52,74],[0, 3, 8, 12, 13, 15, 16, 17, 19]]
[[2,2,8,30,42,62],[0, 1, 3, 7, 10, 11, 12, 15, 16, 17, 19]]
[[2,2,8,30,42,62],[0, 3, 7, 11, 12, 15, 16, 17, 19]]
[[2,2,8,30,52,74],[0, 1, 3, 9, 10, 13, 14, 15, 17, 18, 19]]
[[2,2,8,30,52,74],[0, 1, 2, 3, 4, 6, 7, 9, 13, 15, 17, 18, 19]]
[[2,2,8,30,42,62],[0, 3, 5, 7, 9, 11, 13, 15, 17, 18, 19]]
[[2,2,8,30,42,62],[0, 1, 2, 3, 5, 7, 9, 10, 11, 13, 14, 15, 17, 18, 19]]
[[2,2,8,30,52,74],[0, 3, 5, 8, 9, 12, 13, 15, 17, 18, 19]]
[[2,2,8,30,52,74],[0, 1, 2, 4, 5, 6, 7, 8, 9, 10, 12, 13, 14, 15, 17, 18, 19]]
[[2,2,8,30,42,62],[0, 1, 3, 4, 8, 9, 10, 11, 12, 13, 14, 15, 17, 18, 19]]
[[2,2,8,30,42,62],[0, 2, 3, 4, 8, 9, 11, 12, 13, 15, 17, 18, 19]]
[[2,2,8,26,37,92],[0, 1, 2, 3, 6, 13, 14, 15, 16]]
[[2,2,8,26,37,92],[0, 2, 3, 4, 6, 8, 10, 13, 14, 15, 16]]
[[2,2,8,26,37,92],[0, 1, 6, 9, 10, 13, 14, 15, 16]]
[[2,2,8,26,37,92],[0, 2, 4, 5, 6, 8, 9, 13, 14, 15, 16]]
[[2,2,8,26,37,92],[0, 2, 3, 4, 6, 7, 10, 13, 14, 15, 19]]
[[2,2,8,26,37,92],[0, 1, 2, 6, 7, 8, 10, 13, 14, 15, 19]]
[[2,2,8,26,37,92],[0, 2, 4, 6, 7, 9, 13, 15, 19]]
[[2,2,8,26,37,92],[0, 1, 3, 5, 6, 7, 8, 9, 13, 15, 19]]
[[2,2,8,26,57,44],[0, 3, 6, 10, 13, 15, 16, 17, 19]]
[[2,2,8,26,57,44],[0, 3, 4, 8, 13, 15, 16, 17, 19]]
[[2,2,8,26,52,44],[0, 1, 3, 4, 7, 8, 10, 15, 16, 17, 19]]
[[2,2,8,26,52,44],[0, 4, 6, 7, 8, 15, 16, 17, 19]]
[[2,2,8,26,62,44],[0, 1, 3, 5, 6, 9, 13, 15, 16, 17, 19]]
[[2,2,8,26,62,44],[0, 1, 2, 3, 4, 8, 9, 10, 13, 15, 16, 17, 19]]
[[2,2,8,26,62,44],[0, 2, 3, 4, 12, 13, 14, 15, 16, 17, 19]]
[[2,2,8,26,52,44],[0, 2, 3, 4, 7, 12, 14, 15, 16, 17, 19]]
[[2,2,8,26,52,44],[0, 2, 3, 4, 6, 7, 10, 12, 14, 15, 16, 17, 19]]
[[2,2,8,26,62,44],[0, 1, 2, 6, 8, 10, 12, 13, 14, 15, 16, 17, 19]]
[[2,2,8,26,57,44],[0, 1, 3, 4, 9, 10, 12, 13, 14, 15, 16, 17, 19]]
[[2,2,8,26,57,44],[0, 2, 5, 6, 8, 9, 12, 13, 14, 15, 16, 17, 19]]
[[2,2,8,26,37,68],[0, 2, 3, 4, 11, 13, 14, 15, 17]]
[[2,2,8,26,57,44],[0, 2, 6, 7, 11, 13, 14, 15, 17]]
[[2,2,8,26,37,68],[0, 2, 3, 8, 11, 13, 14, 15, 17]]
[[2,2,8,26,57,44],[0, 1, 2, 3, 4, 6, 7, 8, 11, 13, 14, 15, 17]]
[[2,2,8,26,57,44],[0, 1, 6, 9, 10, 11, 12, 13, 14, 15, 17]]
[[2,2,8,26,37,68],[0, 1, 3, 4, 7, 9, 10, 11, 12, 13, 14, 15, 17]]
[[2,2,8,26,57,44],[0, 2, 3, 4, 5, 6, 8, 9, 10, 11, 12, 13, 14, 15, 17]]
[[2,2,8,26,37,68],[0, 1, 2, 3, 5, 7, 8, 9, 10, 11, 12, 13, 14, 15, 17]]
[[2,2,8,26,37,68],[0, 1, 2, 3, 4, 7, 10, 11, 14, 15, 16, 17, 18]]
[[2,2,8,26,57,44],[0, 1, 2, 6, 7, 8, 10, 11, 14, 15, 16, 17, 18]]
[[2,2,8,26,57,44],[0, 2, 3, 4, 5, 6, 7, 9, 10, 11, 14, 15, 16, 17, 18]]
[[2,2,8,26,37,68],[0, 1, 3, 7, 8, 9, 10, 11, 14, 15, 16, 17, 18]]
[[2,2,8,26,37,68],[0, 2, 3, 4, 11, 12, 14, 15, 16, 17, 18]]
[[2,2,8,26,57,44],[0, 2, 6, 8, 11, 12, 14, 15, 16, 17, 18]]
[[2,2,8,26,57,44],[0, 1, 3, 4, 6, 9, 11, 12, 14, 15, 16, 17, 18]]
[[2,2,8,26,37,68],[0, 2, 3, 5, 8, 9, 11, 12, 14, 15, 16, 17, 18]]
[[2,2,8,26,62,44],[0, 1, 3, 4, 8, 10, 13, 15, 17, 18, 19]]
[[2,2,8,26,52,44],[0, 1, 2, 3, 4, 7, 8, 10, 14, 15, 17, 18, 19]]
[[2,2,8,26,62,44],[0, 1, 2, 3, 6, 7, 8, 13, 14, 15, 17, 18, 19]]
[[2,2,8,26,52,44],[0, 4, 5, 6, 9, 15, 17, 18, 19]]
[[2,2,8,26,57,44],[0, 3, 4, 8, 9, 13, 14, 15, 17, 18, 19]]
[[2,2,8,26,57,44],[0, 3, 5, 6, 7, 8, 9, 10, 13, 15, 17, 18, 19]]
[[2,2,8,26,62,44],[0, 2, 3, 4, 12, 13, 14, 15, 17, 18, 19]]
[[2,2,8,26,62,44],[0, 1, 6, 7, 10, 12, 13, 15, 17, 18, 19]]
[[2,2,8,26,52,44],[0, 2, 3, 4, 6, 8, 10, 12, 14, 15, 17, 18, 19]]
[[2,2,8,26,57,44],[0, 1, 2, 3, 4, 9, 10, 12, 13, 15, 17, 18, 19]]
[[2,2,8,26,52,44],[0, 2, 3, 4, 7, 9, 12, 15, 17, 18, 19]]
[[2,2,8,26,57,44],[0, 2, 5, 6, 7, 9, 12, 13, 14, 15, 17, 18, 19]]
[[2,2,8,22,47,50],[0, 1, 2, 3, 4, 6, 11, 13, 14, 15, 16]]
[[2,2,8,22,42,50],[0, 1, 2, 6, 7, 10, 11, 13, 14, 15, 16]]
[[2,2,8,22,47,50],[0, 1, 2, 3, 8, 10, 11, 13, 14, 15, 16]]
[[2,2,8,22,42,50],[0, 2, 3, 4, 7, 8, 11, 13, 14, 15, 16]]
[[2,2,8,22,42,50],[0, 1, 3, 4, 6, 9, 11, 13, 14, 15, 16]]
[[2,2,8,22,47,50],[0, 1, 6, 7, 9, 10, 11, 13, 14, 15, 16]]
[[2,2,8,22,42,50],[0, 1, 2, 3, 5, 8, 9, 10, 11, 13, 14, 15, 16]]
[[2,2,8,22,47,50],[0, 2, 3, 4, 5, 7, 8, 9, 11, 13, 14, 15, 16]]
[[2,2,8,22,42,74],[0, 1, 2, 6, 7, 10, 12, 13, 14, 15, 16]]
[[2,2,8,22,42,74],[0, 2, 4, 6, 7, 8, 12, 13, 14, 15, 16]]
[[2,2,8,22,32,74],[0, 1, 2, 6, 7, 8, 10, 12, 14, 15, 16]]
[[2,2,8,22,32,74],[0, 2, 6, 7, 8, 12, 14, 15, 16]]
[[2,2,8,22,32,74],[0, 1, 2, 3, 6, 7, 8, 12, 14, 15, 16]]
[[2,2,8,22,32,74],[0, 2, 3, 6, 7, 8, 10, 12, 14, 15, 16]]
[[2,2,8,22,42,74],[0, 1, 2, 3, 5, 6, 7, 9, 12, 13, 14, 15, 16]]
[[2,2,8,22,42,74],[0, 3, 4, 6, 7, 8, 9, 10, 12, 13, 14, 15, 16]]
[[2,2,8,22,42,74],[0, 3, 4, 6, 10, 12, 13, 15, 19]]
[[2,2,8,22,42,74],[0, 1, 6, 8, 10, 12, 13, 15, 19]]
[[2,2,8,22,32,74],[0, 1, 6, 9, 10, 12, 14, 15, 19]]
[[2,2,8,22,32,74],[0, 2, 6, 9, 12, 15, 19]]
[[2,2,8,22,42,74],[0, 2, 4, 5, 6, 9, 12, 13, 14, 15, 19]]
[[2,2,8,22,32,74],[0, 1, 3, 5, 6, 9, 12, 15, 19]]
[[2,2,8,22,32,74],[0, 2, 3, 5, 6, 9, 10, 12, 14, 15, 19]]
[[2,2,8,22,42,74],[0, 1, 3, 6, 8, 9, 12, 13, 14, 15, 19]]
[[2,2,8,22,42,50],[0, 1, 3, 8, 10, 11, 12, 15, 19]]
[[2,2,8,22,42,50],[0, 1, 6, 8, 10, 11, 12, 15, 19]]
[[2,2,8,22,42,50],[0, 2, 3, 4, 7, 8, 11, 12, 14, 15, 19]]
[[2,2,8,22,42,50],[0, 1, 2, 3, 4, 6, 7, 8, 11, 12, 14, 15, 19]]
[[2,2,8,22,47,50],[0, 1, 3, 5, 8, 9, 10, 11, 12, 15, 19]]
[[2,2,8,22,47,50],[0, 1, 2, 6, 8, 9, 10, 11, 12, 15, 19]]
[[2,2,8,22,47,50],[0, 2, 3, 4, 5, 7, 8, 9, 11, 12, 14, 15, 19]]
[[2,2,8,22,47,50],[0, 1, 3, 4, 6, 7, 8, 9, 11, 12, 14, 15, 19]]
[[2,2,8,22,47,38],[0, 3, 4, 7, 13, 15, 16, 17, 19]]
[[2,2,8,22,47,38],[0, 1, 6, 7, 8, 10, 13, 15, 16, 17, 19]]
[[2,2,8,22,52,50],[0, 3, 5, 8, 9, 15, 16, 17, 19]]
[[2,2,8,22,32,50],[0, 1, 2, 3, 5, 8, 9, 10, 14, 15, 16, 17, 19]]
[[2,2,8,22,32,50],[0, 1, 3, 6, 8, 9, 14, 15, 16, 17, 19]]
[[2,2,8,22,52,50],[0, 2, 3, 6, 8, 9, 10, 15, 16, 17, 19]]
[[2,2,8,22,32,86],[0, 3, 4, 11, 13, 15, 16, 17, 19]]
[[2,2,8,22,32,86],[0, 1, 3, 8, 10, 11, 13, 15, 16, 17, 19]]
[[2,2,8,22,32,86],[0, 1, 2, 3, 4, 6, 8, 11, 14, 15, 16, 17, 19]]
[[2,2,8,22,32,86],[0, 2, 3, 4, 6, 8, 10, 11, 14, 15, 16, 17, 19]]
[[2,2,8,22,42,26],[0, 1, 6, 7, 8, 10, 11, 15, 16, 17, 19]]
[[2,2,8,22,42,26],[0, 1, 3, 6, 7, 8, 11, 15, 16, 17, 19]]
[[2,2,8,22,57,38],[0, 2, 4, 5, 6, 9, 11, 13, 14, 15, 16, 17, 19]]
[[2,2,8,22,42,38],[0, 1, 5, 6, 7, 9, 10, 11, 13, 15, 16, 17, 19]]
[[2,2,8,22,57,38],[0, 1, 6, 8, 9, 10, 11, 13, 14, 15, 16, 17, 19]]
[[2,2,8,22,42,38],[0, 1, 2, 3, 4, 6, 7, 8, 9, 11, 13, 15, 16, 17, 19]]
[[2,2,8,22,32,50],[0, 3, 5, 9, 12, 15, 16, 17, 19]]
[[2,2,8,22,52,50],[0, 1, 2, 3, 5, 9, 10, 12, 14, 15, 16, 17, 19]]
[[2,2,8,22,52,50],[0, 6, 9, 12, 14, 15, 16, 17, 19]]
[[2,2,8,22,32,50],[0, 1, 2, 6, 9, 10, 12, 15, 16, 17, 19]]
[[2,2,8,22,47,38],[0, 1, 3, 6, 7, 9, 12, 13, 14, 15, 16, 17, 19]]
[[2,2,8,22,47,38],[0, 1, 2, 3, 4, 5, 7, 8, 9, 10, 12, 13, 14, 15, 16, 17, 19]]
[[2,2,8,22,42,26],[0, 1, 2, 4, 6, 10, 11, 12, 14, 15, 16, 17, 19]]
[[2,2,8,22,42,26],[0, 1, 2, 3, 4, 6, 11, 12, 14, 15, 16, 17, 19]]
[[2,2,8,22,42,38],[0, 1, 2, 6, 10, 11, 12, 13, 14, 15, 16, 17, 19]]
[[2,2,8,22,57,38],[0, 1, 3, 4, 6, 7, 11, 12, 13, 15, 16, 17, 19]]
[[2,2,8,22,32,86],[0, 1, 6, 7, 10, 11, 12, 15, 16, 17, 19]]
[[2,2,8,22,32,86],[0, 6, 7, 11, 12, 15, 16, 17, 19]]
[[2,2,8,22,42,38],[0, 1, 2, 3, 4, 6, 8, 11, 12, 13, 14, 15, 16, 17, 19]]
[[2,2,8,22,57,38],[0, 3, 6, 7, 8, 10, 11, 12, 13, 15, 16, 17, 19]]
[[2,2,8,22,32,86],[0, 3, 4, 7, 9, 11, 12, 13, 14, 15, 16, 17, 19]]
[[2,2,8,22,32,86],[0, 1, 2, 3, 5, 7, 8, 9, 10, 11, 12, 13, 14, 15, 16, 17, 19]]
[[2,2,8,22,52,38],[0, 3, 4, 6, 8, 9, 10, 11, 14, 15, 17]]
[[2,2,8,22,52,38],[0, 2, 3, 4, 5, 6, 8, 9, 10, 11, 14, 15, 17]]
[[2,2,8,22,52,38],[0, 6, 7, 9, 11, 12, 14, 15, 17]]
[[2,2,8,22,52,38],[0, 2, 5, 6, 7, 9, 11, 12, 14, 15, 17]]
[[2,2,8,22,52,38],[0, 6, 8, 9, 11, 13, 14, 15, 16, 17, 18]]
[[2,2,8,22,52,38],[0, 2, 5, 6, 8, 9, 11, 13, 14, 15, 16, 17, 18]]
[[2,2,8,22,52,38],[0, 3, 4, 6, 7, 9, 10, 11, 12, 13, 14, 15, 16, 17, 18]]
[[2,2,8,22,52,38],[0, 2, 3, 4, 5, 6, 7, 9, 10, 11, 12, 13, 14, 15, 16, 17, 18]]
[[2,2,8,22,32,50],[0, 1, 3, 8, 10, 15, 17, 18, 19]]
[[2,2,8,22,52,50],[0, 3, 8, 15, 17, 18, 19]]
[[2,2,8,22,47,38],[0, 1, 2, 6, 9, 10, 13, 15, 17, 18, 19]]
[[2,2,8,22,47,38],[0, 3, 4, 7, 9, 13, 14, 15, 17, 18, 19]]
[[2,2,8,22,32,50],[0, 1, 2, 3, 5, 6, 7, 9, 14, 15, 17, 18, 19]]
[[2,2,8,22,52,50],[0, 2, 3, 5, 6, 7, 9, 10, 14, 15, 17, 18, 19]]
[[2,2,8,22,32,86],[0, 3, 4, 7, 11, 15, 17, 18, 19]]
[[2,2,8,22,42,38],[0, 1, 3, 4, 6, 7, 11, 15, 17, 18, 19]]
[[2,2,8,22,57,38],[0, 1, 2, 3, 4, 6, 8, 11, 14, 15, 17, 18, 19]]
[[2,2,8,22,32,86],[0, 6, 8, 11, 13, 15, 17, 18, 19]]
[[2,2,8,22,32,86],[0, 1, 2, 6, 8, 10, 11, 13, 14, 15, 17, 18, 19]]
[[2,2,8,22,57,38],[0, 3, 5, 6, 9, 10, 11, 15, 17, 18, 19]]
[[2,2,8,22,32,86],[0, 1, 3, 7, 8, 9, 10, 11, 14, 15, 17, 18, 19]]
[[2,2,8,22,42,26],[0, 1, 3, 4, 6, 7, 8, 9, 11, 13, 14, 15, 17, 18, 19]]
[[2,2,8,22,42,38],[0, 1, 6, 7, 8, 9, 10, 11, 14, 15, 17, 18, 19]]
[[2,2,8,22,42,26],[0, 1, 4, 5, 6, 7, 8, 9, 10, 11, 13, 15, 17, 18, 19]]
[[2,2,8,22,32,50],[0, 1, 6, 7, 8, 10, 12, 15, 17, 18, 19]]
[[2,2,8,22,52,50],[0, 6, 7, 8, 12, 15, 17, 18, 19]]
[[2,2,8,22,52,50],[0, 1, 3, 9, 10, 12, 14, 15, 17, 18, 19]]
[[2,2,8,22,32,50],[0, 3, 9, 12, 14, 15, 17, 18, 19]]
[[2,2,8,22,47,38],[0, 1, 2, 3, 5, 6, 8, 9, 12, 13, 14, 15, 17, 18, 19]]
[[2,2,8,22,47,38],[0, 1, 3, 4, 5, 7, 8, 9, 10, 12, 13, 15, 17, 18, 19]]
[[2,2,8,22,32,86],[0, 3, 4, 11, 12, 15, 17, 18, 19]]
[[2,2,8,22,42,38],[0, 1, 3, 4, 6, 11, 12, 15, 17, 18, 19]]
[[2,2,8,22,32,86],[0, 1, 3, 4, 6, 7, 11, 12, 13, 15, 17, 18, 19]]
[[2,2,8,22,32,86],[0, 2, 3, 4, 6, 7, 10, 11, 12, 13, 14, 15, 17, 18, 19]]
[[2,2,8,22,57,38],[0, 2, 4, 6, 7, 8, 11, 12, 14, 15, 17, 18, 19]]
[[2,2,8,22,42,26],[0, 1, 2, 6, 9, 10, 11, 12, 13, 15, 17, 18, 19]]
[[2,2,8,22,42,26],[0, 1, 2, 3, 5, 6, 9, 11, 12, 13, 14, 15, 17, 18, 19]]
[[2,2,8,22,57,38],[0, 1, 2, 6, 7, 9, 10, 11, 12, 15, 17, 18, 19]]
[[2,2,8,22,32,86],[0, 1, 2, 3, 5, 8, 9, 10, 11, 12, 14, 15, 17, 18, 19]]
[[2,2,8,22,42,38],[0, 1, 2, 5, 6, 8, 9, 10, 11, 12, 14, 15, 17, 18, 19]]
[[2,2,8,42,57,92],[0, 2, 3, 4, 6, 10, 11, 13, 14, 15, 16]]
[[2,2,8,42,57,92],[0, 2, 3, 8, 11, 13, 14, 15, 16]]
[[2,2,8,42,57,92],[0, 6, 7, 9, 11, 13, 14, 15, 16]]
[[2,2,8,42,57,92],[0, 1, 2, 3, 4, 5, 7, 8, 9, 10, 11, 13, 14, 15, 16]]
[[2,2,8,42,57,92],[0, 2, 3, 5, 8, 9, 11, 12, 14, 15, 19]]
[[2,2,8,42,57,92],[0, 6, 8, 9, 11, 12, 14, 15, 19]]
[[2,2,8,42,57,92],[0, 1, 3, 4, 5, 7, 8, 9, 10, 11, 12, 15, 19]]
[[2,2,8,42,57,92],[0, 2, 3, 4, 6, 7, 8, 9, 10, 11, 12, 15, 19]]
[[2,2,8,18,27,92],[0, 1, 2, 3, 7, 10, 11, 13, 14, 15, 16]]
[[2,2,8,18,27,92],[0, 2, 4, 6, 7, 8, 11, 13, 14, 15, 16]]
[[2,2,8,18,27,92],[0, 3, 4, 9, 11, 13, 14, 15, 16]]
[[2,2,8,18,27,92],[0, 2, 3, 5, 6, 8, 9, 10, 11, 13, 14, 15, 16]]
[[2,2,8,18,42,44],[0, 1, 2, 3, 7, 10, 12, 13, 14, 15, 16]]
[[2,2,8,18,42,44],[0, 2, 3, 4, 7, 8, 12, 13, 14, 15, 16]]
[[2,2,8,18,42,44],[0, 2, 3, 5, 7, 9, 12, 13, 14, 15, 16]]
[[2,2,8,18,42,44],[0, 1, 3, 4, 7, 8, 9, 10, 12, 13, 14, 15, 16]]
[[2,2,8,18,42,44],[0, 1, 3, 4, 9, 10, 11, 12, 14, 15, 16]]
[[2,2,8,18,42,44],[0, 2, 4, 5, 6, 9, 11, 12, 14, 15, 16]]
[[2,2,8,18,42,44],[0, 2, 3, 5, 7, 9, 11, 12, 14, 15, 16]]
[[2,2,8,18,42,44],[0, 3, 6, 7, 9, 10, 11, 12, 14, 15, 16]]
[[2,2,8,18,42,44],[0, 2, 3, 7, 11, 13, 14, 15, 19]]
[[2,2,8,18,42,44],[0, 2, 4, 6, 7, 8, 11, 13, 14, 15, 19]]
[[2,2,8,18,42,44],[0, 1, 2, 3, 4, 9, 10, 11, 13, 15, 19]]
[[2,2,8,18,42,44],[0, 3, 5, 6, 8, 9, 10, 11, 13, 15, 19]]
[[2,2,8,18,42,44],[0, 2, 3, 7, 12, 13, 14, 15, 19]]
[[2,2,8,18,42,44],[0, 2, 3, 4, 7, 8, 12, 13, 14, 15, 19]]
[[2,2,8,18,42,44],[0, 1, 3, 5, 7, 9, 10, 12, 13, 15, 19]]
[[2,2,8,18,42,44],[0, 1, 2, 3, 4, 7, 8, 9, 10, 12, 13, 15, 19]]
[[2,2,8,18,27,92],[0, 3, 4, 9, 11, 12, 14, 15, 19]]
[[2,2,8,18,27,92],[0, 2, 4, 5, 6, 9, 11, 12, 14, 15, 19]]
[[2,2,8,18,27,92],[0, 1, 3, 5, 7, 9, 10, 11, 12, 15, 19]]
[[2,2,8,18,27,92],[0, 2, 3, 6, 7, 9, 10, 11, 12, 15, 19]]
[[2,2,8,18,32,68],[0, 1, 3, 6, 13, 15, 16, 17, 19]]
[[2,2,8,18,32,68],[0, 1, 3, 4, 8, 10, 13, 15, 16, 17, 19]]
[[2,2,8,18,32,56],[0, 1, 3, 4, 5, 9, 10, 15, 16, 17, 19]]
[[2,2,8,18,27,68],[0, 2, 3, 5, 9, 13, 14, 15, 16, 17, 19]]
[[2,2,8,18,32,56],[0, 1, 2, 3, 4, 6, 9, 15, 16, 17, 19]]
[[2,2,8,18,27,68],[0, 3, 4, 6, 8, 9, 10, 13, 14, 15, 16, 17, 19]]
[[2,2,8,18,37,80],[0, 1, 3, 4, 10, 11, 13, 15, 16, 17, 19]]
[[2,2,8,18,37,80],[0, 3, 8, 11, 13, 15, 16, 17, 19]]
[[2,2,8,18,52,44],[0, 1, 3, 4, 6, 8, 11, 15, 16, 17, 19]]
[[2,2,8,18,52,44],[0, 3, 4, 6, 8, 10, 11, 15, 16, 17, 19]]
[[2,2,8,18,37,80],[0, 6, 7, 8, 9, 11, 14, 15, 16, 17, 19]]
[[2,2,8,18,27,68],[0, 1, 2, 6, 7, 8, 9, 10, 11, 15, 16, 17, 19]]
[[2,2,8,18,27,68],[0, 1, 3, 5, 6, 7, 8, 9, 11, 15, 16, 17, 19]]
[[2,2,8,18,37,80],[0, 2, 3, 5, 6, 7, 8, 9, 10, 11, 14, 15, 16, 17, 19]]
[[2,2,8,18,27,68],[0, 4, 6, 12, 13, 15, 16, 17, 19]]
[[2,2,8,18,27,68],[0, 1, 3, 8, 10, 12, 13, 15, 16, 17, 19]]
[[2,2,8,18,32,68],[0, 3, 4, 9, 12, 13, 14, 15, 16, 17, 19]]
[[2,2,8,18,32,56],[0, 3, 4, 8, 9, 12, 14, 15, 16, 17, 19]]
[[2,2,8,18,32,56],[0, 1, 2, 4, 5, 6, 8, 9, 10, 12, 14, 15, 16, 17, 19]]
[[2,2,8,18,32,68],[0, 1, 2, 5, 6, 8, 9, 10, 12, 13, 14, 15, 16, 17, 19]]
[[2,2,8,18,52,44],[0, 1, 2, 6, 7, 10, 11, 12, 14, 15, 16, 17, 19]]
[[2,2,8,18,52,44],[0, 2, 6, 7, 11, 12, 14, 15, 16, 17, 19]]
[[2,2,8,18,27,68],[0, 1, 3, 4, 6, 9, 11, 12, 14, 15, 16, 17, 19]]
[[2,2,8,18,37,80],[0, 2, 3, 4, 6, 9, 10, 11, 12, 15, 16, 17, 19]]
[[2,2,8,18,37,80],[0, 4, 5, 6, 9, 11, 12, 15, 16, 17, 19]]
[[2,2,8,18,27,68],[0, 1, 2, 4, 5, 6, 9, 10, 11, 12, 14, 15, 16, 17, 19]]
[[2,2,8,18,37,80],[0, 1, 3, 4, 7, 9, 10, 11, 12, 13, 14, 15, 16, 17, 19]]
[[2,2,8,18,37,80],[0, 2, 3, 5, 7, 8, 9, 11, 12, 13, 14, 15, 16, 17, 19]]
[[2,2,8,18,32,56],[0, 1, 3, 4, 6, 7, 8, 15, 17, 18, 19]]
[[2,2,8,18,27,68],[0, 2, 3, 9, 13, 15, 17, 18, 19]]
[[2,2,8,18,32,56],[0, 1, 2, 3, 4, 5, 9, 10, 14, 15, 17, 18, 19]]
[[2,2,8,18,27,68],[0, 3, 4, 6, 7, 9, 10, 13, 14, 15, 17, 18, 19]]
[[2,2,8,18,32,68],[0, 1, 2, 3, 4, 8, 9, 10, 13, 15, 17, 18, 19]]
[[2,2,8,18,32,68],[0, 1, 2, 3, 5, 6, 7, 8, 9, 13, 14, 15, 17, 18, 19]]
[[2,2,8,18,37,80],[0, 1, 2, 3, 4, 7, 10, 11, 14, 15, 17, 18, 19]]
[[2,2,8,18,52,44],[0, 1, 6, 8, 10, 11, 13, 15, 17, 18, 19]]
[[2,2,8,18,52,44],[0, 2, 6, 8, 11, 13, 14, 15, 17, 18, 19]]
[[2,2,8,18,27,68],[0, 1, 4, 6, 7, 8, 10, 11, 13, 15, 17, 18, 19]]
[[2,2,8,18,37,80],[0, 4, 6, 7, 8, 11, 13, 15, 17, 18, 19]]
[[2,2,8,18,27,68],[0, 1, 2, 3, 4, 6, 7, 8, 11, 13, 14, 15, 17, 18, 19]]
[[2,2,8,18,37,80],[0, 2, 3, 4, 6, 7, 8, 10, 11, 13, 14, 15, 17, 18, 19]]
[[2,2,8,18,37,80],[0, 2, 3, 7, 8, 9, 11, 15, 17, 18, 19]]
[[2,2,8,18,32,56],[0, 3, 4, 8, 12, 15, 17, 18, 19]]
[[2,2,8,18,32,68],[0, 3, 4, 9, 12, 13, 14, 15, 17, 18, 19]]
[[2,2,8,18,32,56],[0, 1, 4, 6, 7, 9, 10, 12, 14, 15, 17, 18, 19]]
[[2,2,8,18,32,68],[0, 1, 5, 6, 7, 9, 10, 12, 13, 15, 17, 18, 19]]
[[2,2,8,18,27,68],[0, 1, 2, 3, 5, 8, 9, 10, 12, 13, 14, 15, 17, 18, 19]]
[[2,2,8,18,27,68],[0, 4, 5, 6, 7, 8, 9, 12, 13, 15, 17, 18, 19]]
[[2,2,8,18,37,80],[0, 1, 2, 3, 4, 10, 11, 12, 14, 15, 17, 18, 19]]
[[2,2,8,18,27,68],[0, 1, 6, 10, 11, 12, 13, 15, 17, 18, 19]]
[[2,2,8,18,37,80],[0, 6, 11, 12, 13, 15, 17, 18, 19]]
[[2,2,8,18,27,68],[0, 1, 2, 3, 6, 11, 12, 13, 14, 15, 17, 18, 19]]
[[2,2,8,18,37,80],[0, 2, 3, 6, 10, 11, 12, 13, 14, 15, 17, 18, 19]]
[[2,2,8,18,52,44],[0, 3, 4, 6, 7, 10, 11, 12, 13, 15, 17, 18, 19]]
[[2,2,8,18,52,44],[0, 1, 2, 3, 4, 6, 7, 11, 12, 13, 14, 15, 17, 18, 19]]
[[2,2,8,18,37,80],[0, 3, 5, 8, 9, 11, 12, 15, 17, 18, 19]]
[[2,2,8,34,37,104],[0, 1, 2, 3, 4, 7, 10, 11, 12, 13, 14, 15, 16]]
[[2,2,8,34,37,104],[0, 1, 2, 3, 6, 7, 8, 11, 12, 13, 14, 15, 16]]
[[2,2,8,34,37,104],[0, 2, 3, 5, 9, 11, 12, 13, 14, 15, 16]]
[[2,2,8,34,37,104],[0, 1, 4, 6, 8, 9, 10, 11, 12, 13, 14, 15, 16]]
[[2,2,8,34,37,104],[0, 2, 3, 9, 11, 15, 19]]
[[2,2,8,34,37,104],[0, 1, 3, 5, 6, 9, 11, 15, 19]]
[[2,2,8,34,37,104],[0, 1, 3, 4, 7, 9, 10, 11, 14, 15, 19]]
[[2,2,8,34,37,104],[0, 1, 2, 4, 5, 6, 7, 9, 10, 11, 14, 15, 19]]
[[2,2,8,34,37,80],[0, 1, 6, 7, 10, 11, 13, 15, 16, 17, 19]]
[[2,2,8,34,37,80],[0, 1, 3, 4, 6, 7, 8, 11, 13, 15, 16, 17, 19]]
[[2,2,8,34,42,92],[0, 4, 5, 6, 9, 11, 13, 15, 16, 17, 19]]
[[2,2,8,34,42,92],[0, 1, 2, 6, 8, 9, 10, 11, 13, 15, 16, 17, 19]]
[[2,2,8,34,42,92],[0, 1, 2, 3, 4, 6, 7, 11, 12, 13, 14, 15, 16, 17, 19]]
[[2,2,8,34,42,92],[0, 2, 3, 6, 7, 8, 10, 11, 12, 13, 14, 15, 16, 17, 19]]
[[2,2,8,34,37,80],[0, 1, 6, 9, 10, 11, 12, 13, 14, 15, 16, 17, 19]]
[[2,2,8,34,37,80],[0, 1, 2, 3, 4, 5, 6, 8, 9, 11, 12, 13, 14, 15, 16, 17, 19]]
[[2,2,8,34,72,44],[0, 1, 2, 3, 4, 8, 10, 11, 14, 15, 17]]
[[2,2,8,34,57,68],[0, 3, 4, 6, 7, 9, 10, 11, 14, 15, 17]]
[[2,2,8,34,57,68],[0, 1, 2, 4, 5, 6, 7, 9, 10, 11, 14, 15, 17]]
[[2,2,8,34,72,44],[0, 2, 3, 7, 11, 12, 14, 15, 17]]
[[2,2,8,34,57,68],[0, 1, 3, 6, 8, 9, 11, 12, 14, 15, 17]]
[[2,2,8,34,57,68],[0, 2, 5, 6, 8, 9, 11, 12, 14, 15, 17]]
[[2,2,8,34,72,44],[0, 2, 3, 5, 7, 9, 11, 13, 14, 15, 16, 17, 18]]
[[2,2,8,34,57,68],[0, 2, 5, 6, 7, 9, 11, 13, 14, 15, 16, 17, 18]]
[[2,2,8,34,57,68],[0, 1, 2, 3, 5, 6, 7, 9, 11, 13, 14, 15, 16, 17, 18]]
[[2,2,8,34,72,44],[0, 1, 3, 4, 8, 9, 10, 11, 12, 13, 14, 15, 16, 17, 18]]
[[2,2,8,34,57,68],[0, 1, 4, 6, 8, 9, 10, 11, 12, 13, 14, 15, 16, 17, 18]]
[[2,2,8,34,57,68],[0, 3, 4, 6, 8, 9, 10, 11, 12, 13, 14, 15, 16, 17, 18]]
[[2,2,8,34,42,92],[0, 1, 3, 4, 6, 8, 11, 15, 17, 18, 19]]
[[2,2,8,34,37,80],[0, 1, 2, 6, 7, 8, 10, 11, 14, 15, 17, 18, 19]]
[[2,2,8,34,42,92],[0, 2, 3, 5, 6, 9, 10, 11, 14, 15, 17, 18, 19]]
[[2,2,8,34,37,80],[0, 1, 3, 4, 5, 6, 7, 9, 11, 15, 17, 18, 19]]
[[2,2,8,34,37,80],[0, 1, 2, 6, 8, 10, 11, 12, 14, 15, 17, 18, 19]]
[[2,2,8,34,42,92],[0, 4, 6, 7, 8, 11, 12, 15, 17, 18, 19]]
[[2,2,8,34,37,80],[0, 1, 2, 3, 4, 6, 9, 11, 12, 15, 17, 18, 19]]
[[2,2,8,34,42,92],[0, 1, 6, 7, 9, 10, 11, 12, 14, 15, 17, 18, 19]]
[[2,2,8,38,52,86],[0, 1, 2, 3, 4, 7, 8, 9, 10, 15, 16, 17, 19]]
[[2,2,8,38,52,86],[0, 4, 5, 6, 7, 8, 9, 15, 16, 17, 19]]
[[2,2,8,38,52,86],[0, 3, 4, 7, 9, 12, 14, 15, 16, 17, 19]]
[[2,2,8,38,52,86],[0, 2, 3, 4, 5, 6, 7, 9, 10, 12, 14, 15, 16, 17, 19]]
[[2,2,8,38,52,86],[0, 4, 6, 15, 17, 18, 19]]
[[2,2,8,38,52,86],[0, 1, 3, 4, 7, 8, 9, 10, 14, 15, 17, 18, 19]]
[[2,2,8,38,52,86],[0, 3, 4, 7, 12, 15, 17, 18, 19]]
[[2,2,8,38,52,86],[0, 2, 3, 4, 5, 6, 8, 9, 10, 12, 14, 15, 17, 18, 19]]
[[2,2,2,30,42,50],[0, 1, 2, 3, 4, 10, 14, 15, 16]]
[[2,2,2,30,42,50],[0, 2, 3, 4, 14, 15, 16]]
[[2,2,2,30,42,50],[0, 1, 3, 4, 10, 15, 19]]
[[2,2,2,30,42,50],[0, 2, 3, 4, 14, 15, 19]]
[[2,2,2,30,32,50],[0, 2, 3, 5, 6, 9, 10, 13, 14, 15, 17]]
[[2,2,2,30,32,50],[0, 1, 3, 4, 8, 9, 10, 13, 14, 15, 17]]
[[2,2,2,30,32,38],[0, 2, 3, 5, 8, 9, 14, 15, 17]]
[[2,2,2,30,32,38],[0, 1, 3, 6, 8, 9, 14, 15, 17]]
[[2,2,2,30,22,62],[0, 1, 4, 6, 7, 9, 10, 11, 14, 15, 17]]
[[2,2,2,30,22,62],[0, 2, 3, 4, 5, 6, 7, 9, 10, 11, 14, 15, 17]]
[[2,2,2,30,27,74],[0, 2, 5, 6, 7, 9, 11, 13, 14, 15, 17]]
[[2,2,2,30,27,74],[0, 1, 3, 4, 6, 7, 8, 9, 11, 13, 14, 15, 17]]
[[2,2,2,30,32,50],[0, 2, 3, 4, 12, 13, 14, 15, 17]]
[[2,2,2,30,32,50],[0, 2, 6, 8, 12, 13, 14, 15, 17]]
[[2,2,2,30,32,38],[0, 1, 2, 3, 5, 9, 10, 12, 14, 15, 17]]
[[2,2,2,30,32,38],[0, 1, 6, 9, 10, 12, 14, 15, 17]]
[[2,2,2,30,27,74],[0, 1, 2, 6, 10, 11, 12, 13, 14, 15, 17]]
[[2,2,2,30,27,74],[0, 2, 3, 4, 6, 8, 10, 11, 12, 13, 14, 15, 17]]
[[2,2,2,30,22,62],[0, 6, 8, 9, 11, 12, 14, 15, 17]]
[[2,2,2,30,22,62],[0, 1, 2, 3, 5, 6, 8, 9, 11, 12, 14, 15, 17]]
[[2,2,2,30,32,50],[0, 1, 2, 3, 4, 8, 10, 13, 14, 15, 16, 17, 18]]
[[2,2,2,30,32,38],[0, 2, 3, 8, 14, 15, 16, 17, 18]]
[[2,2,2,30,32,50],[0, 2, 3, 6, 7, 8, 10, 13, 14, 15, 16, 17, 18]]
[[2,2,2,30,32,38],[0, 1, 2, 3, 5, 6, 7, 9, 14, 15, 16, 17, 18]]
[[2,2,2,30,27,74],[0, 2, 3, 4, 6, 7, 10, 11, 14, 15, 16, 17, 18]]
[[2,2,2,30,22,62],[0, 6, 7, 9, 11, 13, 14, 15, 16, 17, 18]]
[[2,2,2,30,22,62],[0, 1, 3, 6, 7, 9, 11, 13, 14, 15, 16, 17, 18]]
[[2,2,2,30,27,74],[0, 1, 6, 7, 8, 9, 10, 11, 14, 15, 16, 17, 18]]
[[2,2,2,30,32,50],[0, 2, 3, 4, 12, 13, 14, 15, 16, 17, 18]]
[[2,2,2,30,32,50],[0, 2, 6, 7, 12, 13, 14, 15, 16, 17, 18]]
[[2,2,2,30,32,38],[0, 1, 2, 6, 7, 8, 10, 12, 14, 15, 16, 17, 18]]
[[2,2,2,30,32,38],[0, 1, 3, 9, 10, 12, 14, 15, 16, 17, 18]]
[[2,2,2,30,27,74],[0, 1, 2, 3, 4, 6, 11, 12, 14, 15, 16, 17, 18]]
[[2,2,2,30,22,62],[0, 1, 2, 4, 5, 6, 8, 9, 10, 11, 12, 13, 14, 15, 16, 17, 18]]
[[2,2,2,30,22,62],[0, 2, 3, 4, 5, 6, 8, 9, 10, 11, 12, 13, 14, 15, 16, 17, 18]]
[[2,2,2,30,27,74],[0, 2, 5, 6, 8, 9, 11, 12, 14, 15, 16, 17, 18]]
[[2,2,2,26,37,44],[0, 2, 3, 6, 10, 13, 14, 15, 16]]
[[2,2,2,26,32,32],[0, 1, 2, 3, 4, 6, 7, 13, 14, 15, 16]]
[[2,2,2,26,37,44],[0, 1, 2, 3, 4, 6, 8, 13, 14, 15, 16]]
[[2,2,2,26,32,32],[0, 1, 2, 6, 7, 8, 10, 13, 14, 15, 16]]
[[2,2,2,26,37,44],[0, 6, 9, 13, 14, 15, 16]]
[[2,2,2,26,32,32],[0, 1, 4, 6, 7, 9, 10, 13, 14, 15, 16]]
[[2,2,2,26,37,44],[0, 1, 2, 4, 5, 6, 8, 9, 10, 13, 14, 15, 16]]
[[2,2,2,26,32,32],[0, 1, 2, 3, 5, 6, 7, 8, 9, 13, 14, 15, 16]]
[[2,2,2,26,32,32],[0, 1, 3, 6, 13, 15, 19]]
[[2,2,2,26,37,44],[0, 1, 3, 4, 6, 7, 13, 15, 19]]
[[2,2,2,26,32,32],[0, 1, 3, 4, 6, 8, 13, 15, 19]]
[[2,2,2,26,37,44],[0, 6, 7, 8, 13, 15, 19]]
[[2,2,2,26,32,32],[0, 1, 6, 9, 10, 13, 14, 15, 19]]
[[2,2,2,26,37,44],[0, 1, 4, 6, 7, 9, 10, 13, 14, 15, 19]]
[[2,2,2,26,32,32],[0, 1, 2, 4, 5, 6, 8, 9, 10, 13, 14, 15, 19]]
[[2,2,2,26,37,44],[0, 2, 3, 5, 6, 7, 8, 9, 10, 13, 14, 15, 19]]
[[2,2,2,46,42,74],[0, 1, 3, 4, 6, 7, 8, 9, 14, 15, 16]]
[[2,2,2,46,42,74],[0, 1, 2, 4, 5, 6, 7, 8, 9, 10, 14, 15, 16]]
[[2,2,2,46,42,74],[0, 1, 4, 6, 10, 15, 19]]
[[2,2,2,46,42,74],[0, 1, 2, 3, 4, 6, 14, 15, 19]]
[[2,2,2,22,42,38],[0, 1, 6, 9, 10, 12, 14, 15, 16]]
[[2,2,2,22,42,38],[0, 6, 9, 12, 14, 15, 16]]
[[2,2,2,22,42,38],[0, 1, 2, 3, 5, 6, 9, 12, 14, 15, 16]]
[[2,2,2,22,42,38],[0, 2, 3, 5, 6, 9, 10, 12, 14, 15, 16]]
[[2,2,2,22,42,38],[0, 6, 7, 8, 12, 15, 19]]
[[2,2,2,22,42,38],[0, 1, 2, 6, 7, 8, 10, 12, 14, 15, 19]]
[[2,2,2,22,42,38],[0, 1, 3, 6, 7, 8, 12, 15, 19]]
[[2,2,2,22,42,38],[0, 2, 3, 6, 7, 8, 10, 12, 14, 15, 19]]
[[2,2,2,18,32,44],[0, 1, 2, 3, 5, 8, 9, 10, 11, 12, 14, 15, 16]]
[[2,2,2,18,32,44],[0, 6, 8, 9, 11, 12, 14, 15, 16]]
[[2,2,2,18,32,44],[0, 2, 3, 4, 5, 7, 8, 9, 11, 12, 14, 15, 16]]
[[2,2,2,18,32,44],[0, 3, 4, 6, 7, 8, 9, 10, 11, 12, 14, 15, 16]]
[[2,2,2,18,32,44],[0, 3, 4, 6, 10, 11, 13, 15, 19]]
[[2,2,2,18,32,44],[0, 1, 3, 8, 10, 11, 13, 15, 19]]
[[2,2,2,18,32,44],[0, 6, 7, 9, 11, 13, 14, 15, 19]]
[[2,2,2,18,32,44],[0, 2, 3, 4, 5, 7, 8, 9, 11, 13, 14, 15, 19]]
[[2,2,2,18,37,32],[0, 1, 4, 6, 8, 9, 10, 11, 14, 15, 17]]
[[2,2,2,18,37,32],[0, 1, 2, 4, 5, 6, 8, 9, 10, 11, 14, 15, 17]]
[[2,2,2,18,37,32],[0, 1, 3, 6, 7, 9, 11, 12, 14, 15, 17]]
[[2,2,2,18,37,32],[0, 1, 2, 3, 5, 6, 7, 9, 11, 12, 14, 15, 17]]
[[2,2,2,18,37,32],[0, 1, 3, 6, 8, 9, 11, 13, 14, 15, 16, 17, 18]]
[[2,2,2,18,37,32],[0, 1, 2, 3, 5, 6, 8, 9, 11, 13, 14, 15, 16, 17, 18]]
[[2,2,2,18,37,32],[0, 1, 4, 6, 7, 9, 10, 11, 12, 13, 14, 15, 16, 17, 18]]
[[2,2,2,18,37,32],[0, 1, 2, 4, 5, 6, 7, 9, 10, 11, 12, 13, 14, 15, 16, 17, 18]]
[[2,2,2,38,32,62],[0, 2, 3, 6, 10, 13, 14, 15, 17]]
[[2,2,2,38,32,62],[0, 1, 2, 3, 4, 8, 10, 13, 14, 15, 17]]
[[2,2,2,38,32,62],[0, 3, 4, 9, 12, 13, 14, 15, 17]]
[[2,2,2,38,32,62],[0, 2, 5, 6, 8, 9, 12, 13, 14, 15, 17]]
[[2,2,2,38,32,62],[0, 1, 3, 4, 8, 9, 10, 13, 14, 15, 16, 17, 18]]
[[2,2,2,38,32,62],[0, 2, 3, 5, 6, 7, 8, 9, 10, 13, 14, 15, 16, 17, 18]]
[[2,2,2,38,32,62],[0, 3, 4, 9, 12, 13, 14, 15, 16, 17, 18]]
[[2,2,2,38,32,62],[0, 2, 5, 6, 7, 9, 12, 13, 14, 15, 16, 17, 18]]
[[2,2,2,34,32,44],[0, 2, 3, 4, 6, 8, 10, 11, 14, 15, 17]]
[[2,2,2,34,27,56],[0, 1, 3, 9, 10, 11, 14, 15, 17]]
[[2,2,2,34,27,56],[0, 1, 2, 3, 5, 9, 10, 11, 14, 15, 17]]
[[2,2,2,34,32,44],[0, 2, 6, 7, 11, 12, 14, 15, 17]]
[[2,2,2,34,27,56],[0, 3, 4, 7, 8, 9, 11, 12, 14, 15, 17]]
[[2,2,2,34,27,56],[0, 2, 3, 4, 5, 7, 8, 9, 11, 12, 14, 15, 17]]
[[2,2,2,34,32,44],[0, 2, 6, 8, 11, 13, 14, 15, 16, 17, 18]]
[[2,2,2,34,27,56],[0, 3, 4, 7, 8, 9, 11, 13, 14, 15, 16, 17, 18]]
[[2,2,2,34,27,56],[0, 2, 3, 4, 5, 7, 8, 9, 11, 13, 14, 15, 16, 17, 18]]
[[2,2,2,34,32,44],[0, 2, 3, 4, 6, 7, 10, 11, 12, 13, 14, 15, 16, 17, 18]]
[[2,2,2,34,27,56],[0, 1, 3, 9, 10, 11, 12, 13, 14, 15, 16, 17, 18]]
[[2,2,2,34,27,56],[0, 1, 2, 3, 5, 9, 10, 11, 12, 13, 14, 15, 16, 17, 18]]
[[2,2,5,10,27,65],[0, 6, 7, 11, 13, 15, 16, 17, 19]]
[[2,2,5,10,27,65],[0, 3, 4, 6, 7, 8, 10, 11, 13, 15, 16, 17, 19]]
[[2,2,5,10,27,65],[0, 6, 9, 11, 12, 13, 14, 15, 16, 17, 19]]
[[2,2,5,10,27,65],[0, 2, 3, 4, 5, 6, 8, 9, 10, 11, 12, 13, 14, 15, 16, 17, 19]]
[[2,2,5,10,27,65],[0, 6, 7, 8, 11, 15, 17, 18, 19]]
[[2,2,5,10,27,65],[0, 2, 3, 4, 5, 6, 7, 9, 10, 11, 14, 15, 17, 18, 19]]
[[2,2,5,10,27,65],[0, 6, 8, 11, 12, 15, 17, 18, 19]]
[[2,2,5,10,27,65],[0, 3, 4, 6, 9, 10, 11, 12, 14, 15, 17, 18, 19]]
[[2,2,5,26,32,83],[0, 1, 6, 7, 9, 10, 14, 15, 16]]
[[2,2,5,26,32,83],[0, 1, 3, 6, 7, 9, 14, 15, 16]]
[[2,2,5,26,32,83],[0, 1, 2, 5, 6, 7, 9, 10, 14, 15, 16]]
[[2,2,5,26,32,83],[0, 1, 2, 3, 5, 6, 7, 9, 14, 15, 16]]
[[2,2,5,26,37,41],[0, 4, 6, 7, 9, 12, 14, 15, 16]]
[[2,2,5,26,37,41],[0, 1, 3, 4, 6, 7, 9, 12, 14, 15, 16]]
[[2,2,5,26,37,41],[0, 1, 2, 4, 5, 6, 7, 9, 10, 12, 14, 15, 16]]
[[2,2,5,26,37,41],[0, 2, 3, 4, 5, 6, 7, 9, 10, 12, 14, 15, 16]]
[[2,2,5,26,32,83],[0, 1, 2, 6, 8, 9, 10, 15, 19]]
[[2,2,5,26,32,83],[0, 1, 3, 6, 8, 9, 14, 15, 19]]
[[2,2,5,26,32,83],[0, 1, 5, 6, 8, 9, 10, 15, 19]]
[[2,2,5,26,32,83],[0, 1, 2, 3, 5, 6, 8, 9, 14, 15, 19]]
[[2,2,5,26,37,41],[0, 1, 4, 6, 8, 9, 10, 12, 14, 15, 19]]
[[2,2,5,26,37,41],[0, 1, 2, 3, 4, 6, 8, 9, 12, 15, 19]]
[[2,2,5,26,37,41],[0, 4, 5, 6, 8, 9, 12, 15, 19]]
[[2,2,5,26,37,41],[0, 2, 3, 4, 5, 6, 8, 9, 10, 12, 14, 15, 19]]
[[2,2,5,26,37,53],[0, 3, 4, 7, 8, 9, 14, 15, 17]]
[[2,2,5,26,37,53],[0, 2, 4, 5, 6, 7, 8, 9, 14, 15, 17]]
[[2,2,5,26,37,53],[0, 1, 3, 4, 7, 9, 10, 12, 14, 15, 17]]
[[2,2,5,26,37,53],[0, 2, 3, 4, 5, 6, 7, 9, 10, 12, 14, 15, 17]]
[[2,2,5,26,37,53],[0, 2, 4, 6, 14, 15, 16, 17, 18]]
[[2,2,5,26,37,53],[0, 3, 4, 7, 8, 9, 14, 15, 16, 17, 18]]
[[2,2,5,26,37,53],[0, 1, 2, 3, 4, 7, 10, 12, 14, 15, 16, 17, 18]]
[[2,2,5,26,37,53],[0, 2, 3, 4, 5, 6, 8, 9, 10, 12, 14, 15, 16, 17, 18]]
[[2,2,5,18,52,23],[0, 6, 7, 9, 14, 15, 16]]
[[2,2,5,18,52,23],[0, 3, 6, 7, 9, 10, 14, 15, 16]]
[[2,2,5,18,52,23],[0, 2, 5, 6, 7, 9, 14, 15, 16]]
[[2,2,5,18,52,23],[0, 2, 3, 5, 6, 7, 9, 10, 14, 15, 16]]
[[2,2,5,18,22,83],[0, 1, 6, 8, 9, 10, 14, 15, 16]]
[[2,2,5,18,22,83],[0, 3, 6, 8, 9, 10, 14, 15, 16]]
[[2,2,5,18,22,83],[0, 2, 5, 6, 8, 9, 14, 15, 16]]
[[2,2,5,18,22,83],[0, 1, 2, 3, 5, 6, 8, 9, 14, 15, 16]]
[[2,2,5,18,47,29],[0, 2, 3, 7, 12, 13, 14, 15, 16]]
[[2,2,5,18,47,29],[0, 1, 2, 3, 4, 7, 8, 10, 12, 13, 14, 15, 16]]
[[2,2,5,18,47,29],[0, 1, 2, 3, 5, 7, 9, 10, 12, 13, 14, 15, 16]]
[[2,2,5,18,47,29],[0, 1, 4, 6, 7, 9, 10, 12, 14, 15, 16]]
[[2,2,5,18,47,29],[0, 3, 4, 6, 7, 9, 10, 12, 14, 15, 16]]
[[2,2,5,18,47,29],[0, 2, 4, 5, 6, 7, 9, 12, 14, 15, 16]]
[[2,2,5,18,47,29],[0, 1, 2, 3, 4, 5, 6, 7, 9, 12, 14, 15, 16]]
[[2,2,5,18,47,29],[0, 3, 4, 7, 8, 9, 12, 13, 14, 15, 16]]
[[2,2,5,18,22,83],[0, 1, 2, 6, 7, 9, 10, 15, 19]]
[[2,2,5,18,22,83],[0, 1, 3, 6, 7, 9, 14, 15, 19]]
[[2,2,5,18,22,83],[0, 2, 5, 6, 7, 9, 14, 15, 19]]
[[2,2,5,18,22,83],[0, 3, 5, 6, 7, 9, 10, 15, 19]]
[[2,2,5,18,52,23],[0, 6, 8, 9, 14, 15, 19]]
[[2,2,5,18,52,23],[0, 2, 3, 6, 8, 9, 10, 15, 19]]
[[2,2,5,18,52,23],[0, 2, 5, 6, 8, 9, 14, 15, 19]]
[[2,2,5,18,52,23],[0, 3, 5, 6, 8, 9, 10, 15, 19]]
[[2,2,5,18,47,29],[0, 1, 3, 7, 10, 12, 13, 15, 19]]
[[2,2,5,18,47,29],[0, 1, 3, 4, 7, 8, 10, 12, 13, 15, 19]]
[[2,2,5,18,47,29],[0, 2, 3, 5, 7, 9, 12, 13, 14, 15, 19]]
[[2,2,5,18,47,29],[0, 2, 4, 6, 8, 9, 12, 15, 19]]
[[2,2,5,18,47,29],[0, 3, 4, 6, 8, 9, 10, 12, 14, 15, 19]]
[[2,2,5,18,47,29],[0, 1, 2, 4, 5, 6, 8, 9, 10, 12, 14, 15, 19]]
[[2,2,5,18,47,29],[0, 1, 3, 4, 5, 6, 8, 9, 12, 15, 19]]
[[2,2,5,18,47,29],[0, 3, 4, 7, 8, 9, 12, 13, 14, 15, 19]]
