[[5,5,8,9,15,38],[0, 1, 4, 7, 8, 10, 11, 14, 16, 17]]
[[5,5,8,9,15,38],[0, 1, 10, 11, 12, 14, 16, 17]]
[[5,5,8,9,15,38],[0, 1, 10, 11, 13, 14, 18, 19]]
[[5,5,8,9,15,38],[0, 1, 2, 4, 7, 10, 11, 13, 18, 19]]
[[5,5,8,9,15,38],[0, 1, 2, 10, 11, 12, 18, 19]]
[[5,5,8,9,15,38],[0, 1, 4, 5, 7, 9, 10, 11, 12, 14, 18, 19]]
[[5,5,8,9,15,38],[0, 1, 2, 10, 11, 13, 16, 17, 18, 19]]
[[5,5,8,9,15,38],[0, 1, 2, 4, 5, 7, 8, 10, 11, 12, 13, 14, 16, 17, 18, 19]]
[[5,5,14,21,35,68],[0, 6, 7, 10, 13, 14, 16, 17]]
[[5,5,14,21,35,68],[0, 1, 3, 5, 6, 7, 8, 9, 10, 12, 13, 14, 16, 17]]
[[5,5,14,21,35,68],[0, 2, 6, 7, 10, 13, 18, 19]]
[[5,5,14,21,35,68],[0, 1, 3, 6, 7, 10, 13, 14, 18, 19]]
[[5,5,14,21,35,68],[0, 2, 6, 8, 10, 13, 18, 19]]
[[5,5,14,21,35,68],[0, 1, 2, 3, 5, 6, 8, 10, 13, 14, 18, 19]]
[[5,5,14,21,35,68],[0, 6, 8, 10, 13, 14, 16, 17, 18, 19]]
[[5,5,14,21,35,68],[0, 1, 2, 3, 6, 10, 12, 13, 16, 17, 18, 19]]
[[5,5,14,13,30,74],[0, 1, 3, 4, 5, 6, 9, 10, 13, 14, 17, 19]]
[[5,5,14,13,25,68],[0, 1, 2, 3, 4, 5, 6, 8, 9, 10, 11, 13, 17, 19]]
[[5,5,14,13,30,74],[0, 2, 4, 6, 8, 10, 12, 13, 17, 19]]
[[5,5,14,13,25,68],[0, 2, 5, 6, 7, 10, 11, 12, 13, 14, 17, 19]]
[[5,5,14,13,25,68],[0, 1, 2, 3, 4, 5, 6, 8, 10, 11, 13, 14, 16, 17]]
[[5,5,14,13,25,68],[0, 5, 6, 7, 9, 10, 11, 12, 13, 14, 16, 17]]
[[5,5,14,13,20,62],[0, 2, 6, 8, 10, 11, 18, 19]]
[[5,5,14,13,20,62],[0, 1, 3, 4, 5, 6, 7, 8, 9, 10, 11, 14, 18, 19]]
[[5,5,14,13,20,62],[0, 1, 2, 3, 4, 5, 6, 10, 11, 12, 13, 14, 18, 19]]
[[5,5,14,13,20,62],[0, 2, 6, 7, 10, 11, 12, 13, 18, 19]]
[[5,5,14,13,20,62],[0, 6, 8, 10, 11, 14, 16, 18]]
[[5,5,14,13,20,62],[0, 1, 3, 4, 5, 6, 7, 8, 9, 10, 11, 14, 16, 18]]
[[5,5,14,13,30,74],[0, 4, 6, 10, 12, 14, 16, 18]]
[[5,5,14,13,30,74],[0, 1, 2, 3, 4, 5, 6, 7, 8, 10, 12, 14, 16, 18]]
[[5,5,14,13,30,74],[0, 1, 3, 4, 5, 6, 9, 10, 12, 14, 16, 18]]
[[5,5,14,13,30,74],[0, 4, 5, 6, 7, 8, 9, 10, 12, 14, 16, 18]]
[[5,5,14,13,20,62],[0, 1, 2, 3, 4, 5, 6, 10, 11, 12, 13, 14, 16, 18]]
[[5,5,14,13,20,62],[0, 6, 7, 10, 11, 12, 13, 14, 16, 18]]
[[5,5,14,13,30,74],[0, 1, 2, 3, 4, 5, 6, 7, 8, 10, 13, 14, 17, 18]]
[[5,5,14,13,25,68],[0, 2, 5, 6, 8, 10, 11, 14, 17, 18]]
[[5,5,14,13,30,74],[0, 2, 4, 5, 6, 7, 10, 12, 13, 14, 17, 18]]
[[5,5,14,13,25,68],[0, 1, 3, 4, 5, 6, 7, 9, 10, 11, 12, 14, 17, 18]]
[[5,5,14,13,25,68],[0, 5, 6, 8, 9, 10, 11, 14, 16, 17, 18, 19]]
[[5,5,14,13,25,68],[0, 1, 3, 4, 5, 6, 7, 10, 11, 12, 16, 17, 18, 19]]
[[5,5,14,29,10,74],[0, 1, 2, 5, 8, 10, 13, 14, 17, 19]]
[[5,5,14,29,10,74],[0, 1, 2, 5, 9, 10, 12, 13, 17, 19]]
[[5,5,14,29,10,74],[0, 1, 5, 8, 9, 10, 13, 14, 16, 17]]
[[5,5,14,29,10,74],[0, 1, 2, 5, 10, 12, 13, 14, 16, 17]]
[[5,5,14,29,10,74],[0, 1, 5, 8, 9, 10, 13, 14, 17, 18]]
[[5,5,14,29,10,74],[0, 1, 5, 9, 10, 12, 13, 14, 17, 18]]
[[5,5,14,29,10,74],[0, 1, 2, 5, 8, 10, 13, 14, 16, 17, 18, 19]]
[[5,5,14,29,10,74],[0, 1, 5, 10, 12, 13, 16, 17, 18, 19]]
[[5,5,14,9,25,62],[0, 1, 5, 7, 8, 10, 17, 19]]
[[5,5,14,9,40,68],[0, 1, 2, 3, 6, 10, 11, 13, 17, 19]]
[[5,5,14,9,25,62],[0, 1, 2, 5, 7, 10, 12, 14, 17, 19]]
[[5,5,14,9,40,68],[0, 4, 5, 6, 7, 8, 9, 10, 11, 12, 13, 14, 17, 19]]
[[5,5,14,9,25,62],[0, 2, 5, 7, 8, 14, 16, 17]]
[[5,5,14,9,25,62],[0, 5, 7, 8, 9, 14, 16, 17]]
[[5,5,14,9,25,62],[0, 1, 5, 7, 8, 9, 10, 14, 16, 17]]
[[5,5,14,9,40,68],[0, 1, 2, 3, 5, 6, 8, 10, 11, 14, 16, 17]]
[[5,5,14,9,20,68],[0, 5, 7, 8, 9, 11, 13, 14, 16, 17]]
[[5,5,14,9,25,62],[0, 2, 5, 7, 12, 14, 16, 17]]
[[5,5,14,9,25,62],[0, 5, 7, 9, 12, 14, 16, 17]]
[[5,5,14,9,25,62],[0, 1, 5, 7, 9, 10, 12, 14, 16, 17]]
[[5,5,14,9,20,68],[0, 2, 4, 5, 11, 12, 13, 14, 16, 17]]
[[5,5,14,9,40,68],[0, 2, 4, 5, 6, 7, 10, 11, 12, 14, 16, 17]]
[[5,5,14,9,20,68],[0, 4, 8, 11, 13, 14, 16, 18]]
[[5,5,14,9,20,68],[0, 2, 5, 7, 8, 11, 13, 14, 16, 18]]
[[5,5,14,9,20,68],[0, 2, 5, 7, 8, 11, 12, 14, 16, 18]]
[[5,5,14,9,20,68],[0, 4, 5, 8, 9, 11, 12, 14, 16, 18]]
[[5,5,14,9,25,62],[0, 1, 2, 5, 7, 8, 10, 14, 17, 18]]
[[5,5,14,9,40,68],[0, 4, 6, 10, 11, 14, 17, 18]]
[[5,5,14,9,25,62],[0, 1, 5, 7, 9, 10, 12, 14, 17, 18]]
[[5,5,14,9,40,68],[0, 1, 3, 5, 6, 7, 8, 9, 10, 11, 12, 14, 17, 18]]
[[5,5,14,9,25,62],[0, 2, 5, 7, 8, 14, 16, 17, 18, 19]]
[[5,5,14,9,25,62],[0, 1, 2, 5, 7, 8, 9, 10, 16, 17, 18, 19]]
[[5,5,14,9,25,62],[0, 5, 7, 8, 9, 14, 16, 17, 18, 19]]
[[5,5,14,9,20,68],[0, 2, 4, 11, 16, 17, 18, 19]]
[[5,5,14,9,40,68],[0, 2, 4, 6, 8, 10, 11, 13, 16, 17, 18, 19]]
[[5,5,14,9,25,62],[0, 1, 2, 5, 7, 10, 12, 14, 16, 17, 18, 19]]
[[5,5,14,9,25,62],[0, 5, 7, 12, 16, 17, 18, 19]]
[[5,5,14,9,25,62],[0, 2, 5, 7, 9, 12, 16, 17, 18, 19]]
[[5,5,14,9,40,68],[0, 1, 3, 6, 7, 10, 11, 12, 13, 14, 16, 17, 18, 19]]
[[5,5,14,9,20,68],[0, 5, 7, 8, 9, 11, 12, 14, 16, 17, 18, 19]]
[[5,5,14,17,40,68],[0, 1, 5, 7, 9, 10, 13, 14, 17, 19]]
[[5,5,14,17,40,68],[0, 1, 2, 7, 8, 10, 12, 13, 17, 19]]
[[5,5,14,17,25,62],[0, 2, 5, 6, 7, 8, 10, 14, 16, 17]]
[[5,5,14,17,40,68],[0, 1, 5, 7, 9, 10, 13, 14, 16, 17]]
[[5,5,14,17,20,44],[0, 3, 6, 11, 13, 14, 16, 17]]
[[5,5,14,17,20,44],[0, 2, 3, 5, 6, 8, 11, 14, 16, 17]]
[[5,5,14,17,25,62],[0, 1, 2, 3, 5, 6, 7, 10, 12, 14, 16, 17]]
[[5,5,14,17,40,68],[0, 1, 7, 8, 10, 12, 13, 14, 16, 17]]
[[5,5,14,17,20,44],[0, 1, 2, 4, 5, 6, 7, 11, 12, 14, 16, 17]]
[[5,5,14,17,20,44],[0, 1, 4, 5, 6, 7, 8, 9, 11, 12, 13, 14, 16, 17]]
[[5,5,14,17,25,62],[0, 5, 6, 10, 18, 19]]
[[5,5,14,17,25,62],[0, 1, 2, 3, 6, 7, 8, 10, 18, 19]]
[[5,5,14,17,25,62],[0, 1, 3, 5, 6, 9, 10, 14, 18, 19]]
[[5,5,14,17,25,62],[0, 5, 6, 7, 8, 9, 10, 14, 18, 19]]
[[5,5,14,17,40,68],[0, 1, 2, 5, 7, 10, 13, 14, 17, 18]]
[[5,5,14,17,40,68],[0, 1, 7, 8, 10, 12, 13, 14, 17, 18]]
[[5,5,14,17,40,68],[0, 1, 2, 5, 7, 10, 13, 14, 16, 17, 18, 19]]
[[5,5,14,17,25,62],[0, 2, 5, 6, 9, 10, 16, 17, 18, 19]]
[[5,5,14,17,20,44],[0, 1, 2, 4, 6, 11, 16, 17, 18, 19]]
[[5,5,14,17,20,44],[0, 1, 4, 6, 8, 11, 13, 14, 16, 17, 18, 19]]
[[5,5,14,17,25,62],[0, 1, 3, 6, 8, 10, 12, 14, 16, 17, 18, 19]]
[[5,5,14,17,40,68],[0, 1, 2, 7, 8, 10, 12, 13, 16, 17, 18, 19]]
[[5,5,14,17,20,44],[0, 2, 3, 6, 7, 11, 12, 13, 16, 17, 18, 19]]
[[5,5,14,17,20,44],[0, 3, 5, 6, 7, 8, 9, 11, 12, 14, 16, 17, 18, 19]]
[[5,5,14,25,25,74],[0, 1, 2, 3, 4, 6, 7, 10, 11, 13, 17, 19]]
[[5,5,14,25,25,74],[0, 5, 6, 8, 9, 10, 11, 12, 13, 14, 17, 19]]
[[5,5,14,25,30,56],[0, 1, 3, 4, 6, 8, 10, 14, 16, 17]]
[[5,5,14,25,15,62],[0, 1, 4, 7, 10, 11, 13, 14, 16, 17]]
[[5,5,14,25,25,74],[0, 2, 5, 6, 7, 10, 11, 14, 16, 17]]
[[5,5,14,25,30,56],[0, 4, 6, 10, 12, 14, 16, 17]]
[[5,5,14,25,25,74],[0, 1, 3, 4, 6, 8, 10, 11, 12, 14, 16, 17]]
[[5,5,14,25,15,62],[0, 1, 5, 8, 9, 10, 11, 12, 13, 14, 16, 17]]
[[5,5,14,25,15,62],[0, 1, 2, 4, 7, 8, 10, 11, 18, 19]]
[[5,5,14,25,15,62],[0, 1, 5, 8, 9, 10, 11, 14, 18, 19]]
[[5,5,14,25,30,56],[0, 1, 2, 3, 4, 6, 7, 10, 12, 13, 18, 19]]
[[5,5,14,25,30,56],[0, 2, 4, 5, 6, 7, 10, 12, 13, 14, 18, 19]]
[[5,5,14,25,30,56],[0, 2, 4, 6, 8, 10, 12, 13, 18, 19]]
[[5,5,14,25,30,56],[0, 1, 3, 4, 6, 8, 10, 12, 13, 14, 18, 19]]
[[5,5,14,25,15,62],[0, 1, 2, 5, 8, 10, 11, 12, 13, 14, 18, 19]]
[[5,5,14,25,15,62],[0, 1, 4, 5, 7, 8, 10, 11, 12, 13, 18, 19]]
[[5,5,14,25,25,74],[0, 5, 6, 7, 9, 10, 11, 14, 17, 18]]
[[5,5,14,25,25,74],[0, 1, 3, 4, 6, 8, 10, 11, 12, 14, 17, 18]]
[[5,5,14,25,30,56],[0, 1, 2, 3, 4, 6, 7, 10, 16, 17, 18, 19]]
[[5,5,14,25,25,74],[0, 1, 2, 3, 4, 6, 7, 10, 11, 13, 16, 17, 18, 19]]
[[5,5,14,25,15,62],[0, 1, 2, 5, 8, 10, 11, 14, 16, 17, 18, 19]]
[[5,5,14,25,30,56],[0, 4, 5, 6, 7, 8, 9, 10, 12, 14, 16, 17, 18, 19]]
[[5,5,14,25,25,74],[0, 2, 5, 6, 8, 10, 11, 12, 13, 14, 16, 17, 18, 19]]
[[5,5,14,25,15,62],[0, 1, 2, 4, 5, 7, 9, 10, 11, 12, 16, 17, 18, 19]]
[[5,5,14,33,30,92],[0, 1, 3, 4, 5, 6, 9, 10, 13, 14, 16, 17]]
[[5,5,14,33,25,62],[0, 1, 2, 5, 7, 10, 11, 14, 16, 17]]
[[5,5,14,33,30,92],[0, 4, 6, 8, 10, 12, 13, 14, 16, 17]]
[[5,5,14,33,25,62],[0, 1, 4, 8, 10, 11, 12, 14, 16, 17]]
[[5,5,14,33,25,62],[0, 1, 4, 5, 10, 11, 18, 19]]
[[5,5,14,33,25,62],[0, 1, 5, 7, 9, 10, 11, 14, 18, 19]]
[[5,5,14,33,30,92],[0, 2, 4, 6, 10, 12, 18, 19]]
[[5,5,14,33,30,92],[0, 1, 2, 3, 4, 5, 6, 7, 8, 10, 12, 14, 18, 19]]
[[5,5,14,33,30,92],[0, 1, 3, 4, 5, 6, 9, 10, 12, 14, 18, 19]]
[[5,5,14,33,30,92],[0, 2, 4, 5, 6, 7, 8, 9, 10, 12, 18, 19]]
[[5,5,14,33,25,62],[0, 1, 2, 4, 10, 11, 12, 13, 18, 19]]
[[5,5,14,33,25,62],[0, 1, 2, 5, 7, 10, 11, 12, 13, 14, 18, 19]]
[[5,5,14,33,30,92],[0, 1, 2, 3, 4, 5, 6, 7, 8, 10, 13, 14, 16, 17, 18, 19]]
[[5,5,14,33,25,62],[0, 1, 2, 4, 5, 8, 9, 10, 11, 13, 16, 17, 18, 19]]
[[5,5,14,33,30,92],[0, 4, 5, 6, 7, 10, 12, 13, 16, 17, 18, 19]]
[[5,5,14,33,25,62],[0, 1, 5, 7, 9, 10, 11, 12, 13, 14, 16, 17, 18, 19]]
[[5,5,23,29,35,41],[0, 2, 4, 6, 7, 10, 17, 19]]
[[5,5,23,29,35,41],[0, 1, 2, 3, 4, 5, 6, 7, 8, 10, 12, 14, 17, 19]]
[[5,5,23,29,35,41],[0, 2, 3, 4, 5, 6, 8, 11, 13, 14, 16, 17]]
[[5,5,23,29,35,41],[0, 3, 4, 5, 6, 8, 9, 11, 13, 14, 16, 17]]
[[5,5,23,29,35,41],[0, 1, 2, 5, 6, 7, 11, 12, 13, 14, 16, 17]]
[[5,5,23,29,35,41],[0, 1, 5, 6, 7, 9, 11, 12, 13, 14, 16, 17]]
[[5,5,23,29,35,41],[0, 4, 6, 7, 8, 10, 13, 14, 16, 18]]
[[5,5,23,29,35,41],[0, 1, 2, 3, 4, 5, 6, 7, 8, 10, 13, 14, 16, 18]]
[[5,5,23,29,35,41],[0, 4, 5, 6, 9, 10, 13, 14, 16, 18]]
[[5,5,23,29,35,41],[0, 1, 3, 4, 5, 6, 9, 10, 13, 14, 16, 18]]
[[5,5,23,29,35,41],[0, 2, 4, 5, 6, 8, 10, 14, 17, 18]]
[[5,5,23,29,35,41],[0, 1, 3, 4, 5, 6, 9, 10, 12, 14, 17, 18]]
[[5,5,23,29,35,41],[0, 1, 5, 6, 8, 11, 16, 17, 18, 19]]
[[5,5,23,29,35,41],[0, 1, 2, 5, 6, 8, 9, 11, 16, 17, 18, 19]]
[[5,5,23,29,35,41],[0, 2, 3, 4, 5, 6, 7, 11, 12, 14, 16, 17, 18, 19]]
[[5,5,23,29,35,41],[0, 3, 4, 5, 6, 7, 9, 11, 12, 14, 16, 17, 18, 19]]
[[5,5,23,9,65,71],[0, 3, 4, 5, 6, 8, 9, 14, 16, 17]]
[[5,5,23,9,65,71],[0, 1, 4, 5, 6, 9, 12, 14, 16, 17]]
[[5,5,23,9,65,71],[0, 1, 4, 6, 7, 12, 13, 14, 16, 18]]
[[5,5,23,9,65,71],[0, 2, 3, 4, 5, 6, 7, 12, 13, 14, 16, 18]]
[[5,5,23,9,65,71],[0, 1, 2, 4, 5, 6, 8, 12, 13, 14, 16, 18]]
[[5,5,23,9,65,71],[0, 2, 3, 4, 5, 6, 8, 12, 13, 14, 16, 18]]
[[5,5,23,9,65,71],[0, 3, 4, 5, 6, 7, 9, 14, 16, 17, 18, 19]]
[[5,5,23,9,65,71],[0, 1, 2, 4, 6, 7, 8, 12, 16, 17, 18, 19]]
[[5,5,23,17,45,47],[0, 1, 2, 5, 6, 11, 13, 14, 16, 18]]
[[5,5,23,17,45,47],[0, 2, 3, 4, 5, 6, 7, 11, 13, 14, 16, 18]]
[[5,5,23,17,45,47],[0, 1, 5, 6, 9, 11, 13, 14, 16, 18]]
[[5,5,23,17,45,47],[0, 3, 4, 5, 6, 7, 9, 11, 13, 14, 16, 18]]
[[5,5,23,17,45,47],[0, 2, 3, 4, 5, 6, 8, 11, 12, 14, 16, 18]]
[[5,5,23,17,45,47],[0, 1, 2, 5, 6, 7, 8, 11, 12, 14, 16, 18]]
[[5,5,23,17,45,47],[0, 3, 4, 5, 6, 8, 9, 11, 12, 14, 16, 18]]
[[5,5,23,17,45,47],[0, 1, 5, 6, 7, 8, 9, 11, 12, 14, 16, 18]]
[[5,5,20,17,35,50],[0, 1, 2, 4, 8, 10, 17, 19]]
[[5,5,20,17,50,68],[0, 5, 6, 8, 9, 10, 11, 14, 17, 19]]
[[5,5,20,17,35,50],[0, 1, 4, 10, 12, 14, 17, 19]]
[[5,5,20,17,50,68],[0, 1, 2, 3, 4, 5, 6, 7, 9, 10, 11, 12, 17, 19]]
[[5,5,20,17,35,50],[0, 1, 4, 10, 13, 14, 16, 17]]
[[5,5,20,17,35,62],[0, 2, 3, 5, 6, 7, 11, 14, 16, 17]]
[[5,5,20,17,50,68],[0, 2, 5, 6, 8, 10, 11, 14, 16, 17]]
[[5,5,20,17,35,62],[0, 1, 4, 5, 6, 7, 8, 9, 11, 14, 16, 17]]
[[5,5,20,17,35,50],[0, 1, 4, 5, 8, 9, 10, 12, 13, 14, 16, 17]]
[[5,5,20,17,50,68],[0, 1, 2, 3, 4, 5, 6, 7, 10, 11, 12, 14, 16, 17]]
[[5,5,20,17,35,62],[0, 1, 4, 6, 8, 11, 12, 14, 16, 17]]
[[5,5,20,17,35,62],[0, 3, 5, 6, 9, 11, 12, 14, 16, 17]]
[[5,5,20,17,35,50],[0, 1, 4, 5, 8, 9, 10, 14, 17, 18]]
[[5,5,20,17,50,68],[0, 1, 3, 4, 5, 6, 8, 9, 10, 11, 13, 14, 17, 18]]
[[5,5,20,17,35,50],[0, 1, 2, 4, 5, 10, 12, 14, 17, 18]]
[[5,5,20,17,50,68],[0, 5, 6, 7, 9, 10, 11, 12, 13, 14, 17, 18]]
[[5,5,20,17,35,50],[0, 1, 2, 4, 5, 10, 13, 14, 16, 17, 18, 19]]
[[5,5,20,17,35,62],[0, 1, 2, 4, 5, 6, 7, 11, 13, 14, 16, 17, 18, 19]]
[[5,5,20,17,50,68],[0, 1, 3, 4, 5, 6, 8, 10, 11, 13, 16, 17, 18, 19]]
[[5,5,20,17,35,62],[0, 3, 6, 7, 8, 11, 13, 14, 16, 17, 18, 19]]
[[5,5,20,17,35,50],[0, 1, 2, 4, 8, 10, 12, 13, 16, 17, 18, 19]]
[[5,5,20,17,35,62],[0, 1, 2, 4, 6, 11, 12, 13, 16, 17, 18, 19]]
[[5,5,20,17,50,68],[0, 2, 5, 6, 7, 10, 11, 12, 13, 14, 16, 17, 18, 19]]
[[5,5,20,17,35,62],[0, 2, 3, 6, 8, 11, 12, 13, 16, 17, 18, 19]]
[[5,5,20,13,50,74],[0, 1, 5, 8, 9, 10, 13, 14, 17, 19]]
[[5,5,20,13,50,74],[0, 1, 5, 10, 12, 13, 17, 19]]
[[5,5,20,13,50,74],[0, 1, 2, 5, 8, 10, 13, 14, 16, 17]]
[[5,5,20,13,50,74],[0, 1, 5, 9, 10, 12, 13, 14, 16, 17]]
[[5,5,20,13,50,74],[0, 1, 2, 5, 8, 10, 13, 14, 17, 18]]
[[5,5,20,13,50,74],[0, 1, 2, 5, 10, 12, 13, 14, 17, 18]]
[[5,5,20,13,50,74],[0, 1, 5, 8, 9, 10, 13, 14, 16, 17, 18, 19]]
[[5,5,20,13,50,74],[0, 1, 2, 5, 9, 10, 12, 13, 16, 17, 18, 19]]
[[5,5,20,25,45,62],[0, 1, 2, 5, 7, 8, 9, 10, 17, 19]]
[[5,5,20,25,45,62],[0, 1, 5, 7, 9, 10, 12, 14, 17, 19]]
[[5,5,20,25,45,62],[0, 1, 2, 5, 7, 8, 10, 14, 16, 17]]
[[5,5,20,25,30,44],[0, 1, 2, 5, 6, 8, 11, 14, 16, 17]]
[[5,5,20,25,30,44],[0, 1, 5, 6, 8, 9, 11, 14, 16, 17]]
[[5,5,20,25,45,62],[0, 1, 2, 5, 7, 10, 12, 14, 16, 17]]
[[5,5,20,25,30,44],[0, 2, 3, 4, 5, 6, 7, 11, 12, 14, 16, 17]]
[[5,5,20,25,30,44],[0, 3, 4, 5, 6, 7, 9, 11, 12, 14, 16, 17]]
[[5,5,20,25,45,62],[0, 1, 5, 7, 8, 9, 10, 14, 17, 18]]
[[5,5,20,25,45,62],[0, 1, 2, 5, 7, 10, 12, 14, 17, 18]]
[[5,5,20,25,45,62],[0, 1, 5, 7, 8, 10, 16, 17, 18, 19]]
[[5,5,20,25,30,44],[0, 2, 3, 4, 5, 6, 8, 11, 13, 14, 16, 17, 18, 19]]
[[5,5,20,25,30,44],[0, 3, 4, 5, 6, 8, 9, 11, 13, 14, 16, 17, 18, 19]]
[[5,5,20,25,45,62],[0, 1, 5, 7, 9, 10, 12, 14, 16, 17, 18, 19]]
[[5,5,20,25,30,44],[0, 1, 5, 6, 7, 11, 12, 13, 16, 17, 18, 19]]
[[5,5,20,25,30,44],[0, 1, 2, 5, 6, 7, 9, 11, 12, 13, 16, 17, 18, 19]]
[[5,5,20,41,20,56],[0, 1, 2, 3, 5, 6, 8, 10, 13, 14, 16, 17]]
[[5,5,20,41,20,56],[0, 5, 6, 9, 10, 12, 13, 14, 16, 17]]
[[5,5,20,41,20,56],[0, 1, 2, 3, 6, 10, 12, 13, 18, 19]]
[[5,5,20,41,20,56],[0, 2, 5, 6, 10, 12, 13, 14, 18, 19]]
[[5,5,20,41,20,56],[0, 2, 5, 6, 7, 8, 9, 10, 12, 13, 18, 19]]
[[5,5,20,41,20,56],[0, 1, 3, 5, 6, 7, 8, 9, 10, 12, 13, 14, 18, 19]]
[[5,5,20,41,20,56],[0, 1, 3, 6, 7, 10, 13, 14, 16, 17, 18, 19]]
[[5,5,20,41,20,56],[0, 5, 6, 7, 8, 10, 12, 13, 16, 17, 18, 19]]
[[5,5,20,33,25,38],[0, 1, 2, 5, 6, 7, 8, 14, 16, 17]]
[[5,5,20,33,25,38],[0, 2, 3, 5, 6, 7, 12, 14, 16, 17]]
[[5,5,20,33,25,38],[0, 1, 2, 5, 6, 14, 16, 18]]
[[5,5,20,33,25,38],[0, 3, 6, 7, 8, 14, 16, 18]]
[[5,5,20,33,25,38],[0, 3, 5, 6, 9, 14, 16, 18]]
[[5,5,20,33,25,38],[0, 1, 5, 6, 7, 8, 9, 14, 16, 18]]
[[5,5,20,33,25,38],[0, 1, 5, 6, 9, 14, 16, 17, 18, 19]]
[[5,5,20,33,25,38],[0, 2, 3, 6, 8, 12, 16, 17, 18, 19]]
[[5,5,20,5,45,68],[0, 1, 5, 6, 7, 8, 9, 11, 13, 14, 16, 17]]
[[5,5,20,5,45,68],[0, 3, 4, 5, 6, 7, 8, 9, 11, 14, 16, 17]]
[[5,5,20,5,45,68],[0, 2, 3, 4, 5, 6, 11, 12, 13, 14, 16, 17]]
[[5,5,20,5,45,68],[0, 1, 5, 6, 9, 11, 12, 14, 16, 17]]
[[5,5,20,5,45,68],[0, 1, 2, 5, 6, 7, 8, 11, 13, 14, 16, 17, 18, 19]]
[[5,5,20,5,45,68],[0, 2, 3, 4, 5, 6, 7, 8, 9, 11, 16, 17, 18, 19]]
[[5,5,20,5,45,68],[0, 1, 2, 5, 6, 11, 12, 14, 16, 17, 18, 19]]
[[5,5,20,5,45,68],[0, 3, 4, 5, 6, 11, 12, 13, 16, 17, 18, 19]]
[[6,12,12,28,21,60],[0, 4, 5, 7, 10, 13, 16, 19]]
[[6,12,12,28,21,60],[0, 4, 7, 9, 10, 13, 16, 19]]
[[6,12,12,28,21,60],[0, 2, 4, 6, 11, 13, 16, 19]]
[[6,12,12,28,21,60],[0, 3, 4, 8, 11, 14, 16, 19]]
[[6,12,12,28,21,60],[0, 4, 6, 8, 11, 14, 16, 19]]
[[6,12,12,28,21,60],[0, 1, 4, 9, 11, 13, 16, 19]]
[[6,12,12,28,21,60],[0, 1, 2, 3, 4, 6, 12, 13, 16, 19]]
[[6,12,12,28,21,60],[0, 1, 3, 4, 6, 7, 8, 9, 12, 13, 16, 19]]
[[6,12,12,28,21,60],[0, 4, 5, 6, 7, 11, 12, 13, 16, 19]]
[[6,12,12,28,21,60],[0, 1, 2, 4, 5, 9, 11, 12, 16, 19]]
[[6,12,12,28,21,60],[0, 3, 4, 8, 9, 11, 12, 13, 16, 19]]
[[6,12,12,28,21,60],[0, 2, 4, 5, 6, 7, 8, 9, 11, 12, 16, 19]]
[[6,12,12,28,21,60],[0, 1, 4, 6, 7, 8, 10, 14, 16, 17]]
[[6,12,12,28,21,60],[0, 1, 3, 4, 6, 7, 8, 14, 16, 17]]
[[6,12,12,28,21,60],[0, 2, 3, 4, 7, 9, 11, 14, 16, 17]]
[[6,12,12,28,21,60],[0, 1, 2, 4, 8, 9, 11, 14, 16, 17]]
[[6,12,12,28,21,60],[0, 1, 2, 4, 6, 7, 10, 13, 18, 19]]
[[6,12,12,28,21,60],[0, 1, 4, 5, 6, 8, 10, 13, 18, 19]]
[[6,12,12,28,21,60],[0, 2, 4, 7, 8, 9, 10, 14, 18, 19]]
[[6,12,12,28,21,60],[0, 2, 4, 5, 7, 8, 9, 10, 18, 19]]
[[6,12,12,28,21,60],[0, 1, 2, 3, 4, 6, 9, 14, 16, 17, 18, 19]]
[[6,12,12,28,21,60],[0, 1, 2, 4, 5, 6, 9, 10, 16, 17, 18, 19]]
[[6,12,12,28,21,60],[0, 2, 3, 4, 7, 11, 12, 13, 16, 17, 18, 19]]
[[6,12,12,28,21,60],[0, 1, 4, 5, 8, 11, 12, 13, 16, 17, 18, 19]]
[[6,12,12,20,16,108],[0, 1, 2, 4, 16, 19]]
[[6,12,12,20,16,108],[0, 2, 3, 4, 16, 19]]
[[6,12,12,20,16,108],[0, 1, 4, 5, 16, 19]]
[[6,12,12,20,36,60],[0, 1, 2, 4, 6, 10, 16, 19]]
[[6,12,12,20,36,60],[0, 2, 3, 4, 6, 10, 16, 19]]
[[6,12,12,20,46,36],[0, 1, 2, 4, 5, 6, 10, 14, 16, 19]]
[[6,12,12,20,46,36],[0, 2, 4, 5, 6, 14, 16, 19]]
[[6,12,12,20,16,108],[0, 1, 4, 8, 13, 14, 16, 19]]
[[6,12,12,20,36,60],[0, 1, 2, 4, 5, 8, 13, 14, 16, 19]]
[[6,12,12,20,36,60],[0, 1, 2, 4, 9, 14, 16, 19]]
[[6,12,12,20,46,36],[0, 1, 2, 3, 4, 9, 10, 14, 16, 19]]
[[6,12,12,20,46,36],[0, 1, 3, 4, 9, 10, 16, 19]]
[[6,12,12,20,36,60],[0, 1, 4, 5, 9, 14, 16, 19]]
[[6,12,12,20,36,60],[0, 1, 4, 5, 6, 7, 9, 10, 13, 14, 16, 19]]
[[6,12,12,20,36,60],[0, 1, 4, 8, 9, 13, 16, 19]]
[[6,12,12,20,16,108],[0, 1, 2, 4, 5, 8, 9, 13, 16, 19]]
[[6,12,12,20,36,60],[0, 1, 2, 4, 6, 8, 9, 10, 13, 14, 16, 19]]
[[6,12,12,20,46,36],[0, 2, 4, 6, 7, 8, 9, 14, 16, 19]]
[[6,12,12,20,46,36],[0, 1, 4, 6, 7, 8, 9, 10, 16, 19]]
[[6,12,12,20,36,60],[0, 2, 3, 4, 6, 7, 8, 9, 10, 14, 16, 19]]
[[6,12,12,20,36,60],[0, 1, 4, 5, 6, 7, 8, 9, 10, 14, 16, 19]]
[[6,12,12,20,16,108],[0, 2, 4, 7, 10, 11, 16, 19]]
[[6,12,12,20,36,60],[0, 1, 2, 3, 4, 7, 10, 11, 16, 19]]
[[6,12,12,20,36,60],[0, 2, 4, 6, 7, 11, 16, 19]]
[[6,12,12,20,16,108],[0, 1, 2, 3, 4, 6, 7, 11, 16, 19]]
[[6,12,12,20,36,60],[0, 1, 2, 4, 6, 7, 9, 10, 11, 14, 16, 19]]
[[6,12,12,20,36,60],[0, 2, 3, 4, 6, 8, 9, 10, 11, 14, 16, 19]]
[[6,12,12,20,16,108],[0, 1, 3, 4, 6, 8, 11, 12, 13, 14, 16, 19]]
[[6,12,12,20,36,60],[0, 2, 4, 5, 6, 8, 11, 12, 13, 14, 16, 19]]
[[6,12,12,20,36,60],[0, 1, 3, 4, 7, 9, 10, 11, 12, 13, 16, 19]]
[[6,12,12,20,16,108],[0, 2, 4, 5, 7, 9, 10, 11, 12, 13, 16, 19]]
[[6,12,12,20,36,60],[0, 2, 3, 4, 6, 7, 9, 10, 11, 12, 13, 14, 16, 19]]
[[6,12,12,20,36,60],[0, 1, 4, 5, 6, 8, 9, 10, 11, 12, 13, 14, 16, 19]]
[[6,12,12,20,36,60],[0, 1, 4, 6, 8, 10, 13, 14, 17, 19]]
[[6,12,12,20,36,60],[0, 1, 4, 6, 9, 10, 17, 19]]
[[6,12,12,20,46,36],[0, 1, 4, 5, 6, 8, 9, 10, 13, 14, 17, 19]]
[[6,12,12,20,36,60],[0, 1, 3, 4, 7, 8, 9, 10, 17, 19]]
[[6,12,12,20,36,60],[0, 4, 7, 8, 9, 10, 11, 13, 17, 19]]
[[6,12,12,20,36,60],[0, 3, 4, 6, 9, 10, 12, 13, 17, 19]]
[[6,12,12,20,36,60],[0, 1, 3, 4, 8, 10, 11, 12, 13, 14, 17, 19]]
[[6,12,12,20,16,108],[0, 4, 5, 7, 8, 10, 11, 12, 17, 19]]
[[6,12,12,20,46,36],[0, 1, 4, 5, 6, 7, 9, 10, 11, 12, 13, 14, 17, 19]]
[[6,12,12,20,36,60],[0, 4, 5, 6, 7, 9, 13, 14, 16, 17]]
[[6,12,12,20,46,36],[0, 4, 5, 6, 8, 9, 13, 14, 16, 17]]
[[6,12,12,20,36,60],[0, 2, 4, 6, 7, 8, 9, 11, 13, 14, 16, 17]]
[[6,12,12,20,36,60],[0, 1, 2, 3, 4, 9, 10, 12, 13, 14, 16, 17]]
[[6,12,12,20,46,36],[0, 1, 2, 4, 5, 6, 7, 8, 10, 11, 12, 14, 16, 17]]
[[6,12,12,20,46,36],[0, 2, 4, 5, 6, 7, 8, 11, 12, 14, 16, 17]]
[[6,12,12,20,46,36],[0, 4, 5, 6, 7, 9, 11, 12, 13, 14, 16, 17]]
[[6,12,12,20,36,60],[0, 4, 5, 6, 8, 9, 11, 12, 13, 14, 16, 17]]
[[6,12,12,20,46,36],[0, 3, 4, 6, 7, 9, 10, 11, 18, 19]]
[[6,12,12,20,36,60],[0, 3, 4, 6, 8, 9, 10, 11, 18, 19]]
[[6,12,12,20,36,60],[0, 1, 4, 6, 7, 8, 9, 10, 11, 13, 18, 19]]
[[6,12,12,20,46,36],[0, 1, 2, 3, 4, 7, 8, 9, 10, 12, 13, 14, 18, 19]]
[[6,12,12,20,46,36],[0, 1, 3, 4, 7, 8, 9, 10, 12, 13, 18, 19]]
[[6,12,12,20,36,60],[0, 1, 2, 4, 5, 6, 10, 11, 12, 14, 18, 19]]
[[6,12,12,20,36,60],[0, 3, 4, 6, 7, 9, 10, 11, 12, 13, 18, 19]]
[[6,12,12,20,46,36],[0, 3, 4, 6, 8, 9, 10, 11, 12, 13, 18, 19]]
[[6,12,12,20,36,60],[0, 2, 4, 5, 6, 7, 8, 14, 16, 18]]
[[6,12,12,20,36,60],[0, 2, 4, 6, 9, 14, 16, 18]]
[[6,12,12,20,36,60],[0, 4, 6, 7, 8, 11, 13, 14, 16, 18]]
[[6,12,12,20,36,60],[0, 2, 4, 7, 9, 10, 11, 14, 16, 18]]
[[6,12,12,20,46,36],[0, 2, 3, 4, 6, 7, 9, 10, 11, 14, 16, 18]]
[[6,12,12,20,16,108],[0, 3, 4, 7, 8, 12, 13, 14, 16, 18]]
[[6,12,12,20,36,60],[0, 2, 4, 5, 7, 10, 11, 12, 13, 14, 16, 18]]
[[6,12,12,20,36,60],[0, 4, 5, 6, 9, 11, 12, 14, 16, 18]]
[[6,12,12,20,46,36],[0, 2, 3, 4, 6, 8, 9, 10, 11, 12, 13, 14, 16, 18]]
[[6,12,12,20,36,60],[0, 1, 2, 4, 5, 6, 7, 10, 13, 14, 17, 18]]
[[6,12,12,20,36,60],[0, 1, 2, 4, 5, 6, 7, 8, 10, 14, 17, 18]]
[[6,12,12,20,46,36],[0, 1, 2, 4, 6, 7, 9, 10, 13, 14, 17, 18]]
[[6,12,12,20,36,60],[0, 1, 2, 3, 4, 7, 8, 9, 10, 14, 17, 18]]
[[6,12,12,20,16,108],[0, 4, 7, 8, 10, 11, 13, 14, 17, 18]]
[[6,12,12,20,36,60],[0, 1, 2, 3, 4, 8, 9, 10, 11, 14, 17, 18]]
[[6,12,12,20,46,36],[0, 1, 2, 4, 6, 8, 9, 10, 11, 14, 17, 18]]
[[6,12,12,20,36,60],[0, 3, 4, 6, 7, 8, 10, 12, 13, 14, 17, 18]]
[[6,12,12,20,36,60],[0, 4, 5, 7, 8, 9, 10, 11, 12, 14, 17, 18]]
[[6,12,12,20,46,36],[0, 4, 6, 7, 9, 13, 16, 17, 18, 19]]
[[6,12,12,20,36,60],[0, 4, 6, 8, 9, 13, 16, 17, 18, 19]]
[[6,12,12,20,46,36],[0, 2, 4, 6, 9, 11, 13, 14, 16, 17, 18, 19]]
[[6,12,12,20,46,36],[0, 1, 4, 6, 9, 10, 11, 13, 16, 17, 18, 19]]
[[6,12,12,20,36,60],[0, 4, 6, 7, 9, 11, 16, 17, 18, 19]]
[[6,12,12,20,46,36],[0, 4, 6, 8, 9, 11, 16, 17, 18, 19]]
[[6,12,12,20,36,60],[0, 1, 3, 4, 9, 10, 12, 13, 16, 17, 18, 19]]
[[6,12,12,20,36,60],[0, 2, 4, 5, 6, 11, 12, 14, 16, 17, 18, 19]]
[[6,12,12,24,26,60],[0, 1, 2, 7, 16, 19]]
[[6,12,12,24,26,60],[0, 2, 7, 10, 16, 19]]
[[6,12,12,24,26,60],[0, 1, 2, 6, 7, 10, 16, 19]]
[[6,12,12,24,26,60],[0, 2, 6, 7, 16, 19]]
[[6,12,12,24,26,60],[0, 1, 2, 8, 16, 19]]
[[6,12,12,24,26,60],[0, 1, 8, 14, 16, 19]]
[[6,12,12,24,26,60],[0, 2, 6, 8, 16, 19]]
[[6,12,12,24,26,60],[0, 1, 6, 8, 10, 14, 16, 19]]
[[6,12,12,24,26,60],[0, 2, 7, 9, 10, 14, 16, 19]]
[[6,12,12,24,26,60],[0, 1, 7, 9, 16, 19]]
[[6,12,12,24,26,60],[0, 1, 2, 8, 9, 14, 16, 19]]
[[6,12,12,24,26,60],[0, 1, 8, 9, 16, 19]]
[[6,12,12,24,31,60],[0, 1, 2, 4, 5, 6, 7, 8, 10, 11, 13, 14, 16, 19]]
[[6,12,12,24,31,60],[0, 1, 2, 3, 4, 7, 8, 9, 10, 11, 13, 14, 16, 19]]
[[6,12,12,24,31,60],[0, 2, 4, 5, 6, 7, 8, 12, 13, 14, 16, 19]]
[[6,12,12,24,31,60],[0, 2, 4, 6, 9, 12, 13, 14, 16, 19]]
[[6,12,12,24,31,48],[0, 4, 6, 7, 9, 12, 16, 19]]
[[6,12,12,24,31,48],[0, 3, 4, 6, 7, 9, 10, 12, 16, 19]]
[[6,12,12,24,31,48],[0, 4, 5, 6, 7, 9, 12, 14, 16, 19]]
[[6,12,12,24,31,48],[0, 4, 6, 8, 9, 12, 16, 19]]
[[6,12,12,24,31,48],[0, 3, 4, 6, 8, 9, 10, 12, 16, 19]]
[[6,12,12,24,31,48],[0, 4, 5, 6, 8, 9, 12, 14, 16, 19]]
[[6,12,12,24,31,60],[0, 1, 4, 6, 9, 10, 11, 12, 16, 19]]
[[6,12,12,24,31,60],[0, 1, 3, 4, 7, 8, 9, 10, 11, 12, 16, 19]]
[[6,12,12,24,26,60],[0, 2, 8, 10, 17, 19]]
[[6,12,12,24,26,60],[0, 1, 2, 6, 8, 10, 17, 19]]
[[6,12,12,24,31,48],[0, 2, 3, 4, 6, 7, 9, 10, 13, 14, 17, 19]]
[[6,12,12,24,31,60],[0, 1, 3, 4, 9, 10, 11, 12, 17, 19]]
[[6,12,12,24,31,48],[0, 1, 2, 4, 6, 8, 9, 10, 11, 12, 13, 14, 17, 19]]
[[6,12,12,24,31,60],[0, 1, 4, 6, 7, 8, 9, 10, 11, 12, 17, 19]]
[[6,12,12,24,26,60],[0, 8, 10, 14, 16, 17]]
[[6,12,12,24,26,60],[0, 6, 8, 14, 16, 17]]
[[6,12,12,24,31,60],[0, 2, 3, 4, 6, 8, 9, 10, 13, 14, 16, 17]]
[[6,12,12,24,31,48],[0, 1, 2, 4, 5, 6, 7, 8, 10, 11, 13, 14, 16, 17]]
[[6,12,12,24,31,48],[0, 1, 2, 3, 4, 9, 10, 11, 13, 14, 16, 17]]
[[6,12,12,24,31,48],[0, 2, 4, 5, 6, 7, 8, 12, 13, 14, 16, 17]]
[[6,12,12,24,31,60],[0, 4, 5, 6, 7, 9, 12, 14, 16, 17]]
[[6,12,12,24,31,60],[0, 4, 5, 6, 8, 9, 12, 14, 16, 17]]
[[6,12,12,24,31,48],[0, 2, 4, 6, 7, 8, 9, 12, 13, 14, 16, 17]]
[[6,12,12,24,31,60],[0, 1, 2, 4, 6, 7, 9, 10, 11, 12, 13, 14, 16, 17]]
[[6,12,12,24,26,60],[0, 7, 10, 14, 18, 19]]
[[6,12,12,24,26,60],[0, 7, 9, 10, 18, 19]]
[[6,12,12,24,31,48],[0, 1, 2, 4, 5, 6, 10, 11, 13, 14, 18, 19]]
[[6,12,12,24,31,60],[0, 1, 4, 5, 6, 7, 9, 10, 11, 14, 18, 19]]
[[6,12,12,24,31,48],[0, 1, 2, 3, 4, 7, 8, 9, 10, 11, 13, 14, 18, 19]]
[[6,12,12,24,31,60],[0, 3, 4, 6, 7, 9, 10, 12, 18, 19]]
[[6,12,12,24,31,60],[0, 3, 4, 6, 8, 9, 10, 12, 18, 19]]
[[6,12,12,24,31,60],[0, 1, 2, 4, 6, 8, 9, 10, 11, 12, 13, 14, 18, 19]]
[[6,12,12,24,31,48],[0, 1, 3, 4, 7, 8, 9, 10, 11, 12, 18, 19]]
[[6,12,12,24,31,48],[0, 1, 4, 6, 7, 8, 9, 10, 11, 12, 18, 19]]
[[6,12,12,24,26,60],[0, 1, 7, 14, 16, 18]]
[[6,12,12,24,26,60],[0, 1, 2, 7, 9, 14, 16, 18]]
[[6,12,12,24,31,48],[0, 1, 4, 5, 6, 8, 9, 10, 11, 14, 16, 18]]
[[6,12,12,24,31,60],[0, 2, 4, 5, 6, 12, 13, 14, 16, 18]]
[[6,12,12,24,31,60],[0, 2, 4, 6, 7, 8, 9, 12, 13, 14, 16, 18]]
[[6,12,12,24,31,48],[0, 1, 2, 4, 6, 7, 9, 10, 11, 12, 13, 14, 16, 18]]
[[6,12,12,24,26,60],[0, 1, 6, 7, 10, 14, 17, 18]]
[[6,12,12,24,26,60],[0, 2, 8, 9, 10, 14, 17, 18]]
[[6,12,12,24,31,48],[0, 2, 3, 4, 6, 8, 9, 10, 13, 14, 17, 18]]
[[6,12,12,24,31,60],[0, 1, 2, 4, 5, 6, 10, 11, 13, 14, 17, 18]]
[[6,12,12,24,31,60],[0, 1, 2, 3, 4, 9, 10, 11, 13, 14, 17, 18]]
[[6,12,12,24,31,48],[0, 1, 4, 5, 6, 7, 9, 10, 11, 14, 17, 18]]
[[6,12,12,24,26,60],[0, 6, 7, 14, 16, 17, 18, 19]]
[[6,12,12,24,31,60],[0, 2, 3, 4, 6, 7, 9, 10, 13, 14, 16, 17, 18, 19]]
[[6,12,12,24,26,60],[0, 8, 9, 10, 16, 17, 18, 19]]
[[6,12,12,24,31,60],[0, 1, 4, 5, 6, 8, 9, 10, 11, 14, 16, 17, 18, 19]]
[[6,12,12,24,31,48],[0, 2, 4, 5, 6, 12, 13, 14, 16, 17, 18, 19]]
[[6,12,12,24,31,48],[0, 2, 4, 6, 9, 12, 13, 14, 16, 17, 18, 19]]
[[6,12,12,24,31,60],[0, 4, 6, 7, 9, 12, 16, 17, 18, 19]]
[[6,12,12,24,31,60],[0, 4, 6, 8, 9, 12, 16, 17, 18, 19]]
[[6,12,12,24,31,48],[0, 1, 3, 4, 9, 10, 11, 12, 16, 17, 18, 19]]
[[6,12,12,24,31,48],[0, 1, 4, 6, 9, 10, 11, 12, 16, 17, 18, 19]]
[[6,12,12,16,26,108],[0, 2, 3, 5, 7, 14, 16, 19]]
[[6,12,12,16,26,108],[0, 1, 2, 5, 6, 7, 10, 14, 16, 19]]
[[6,12,12,16,26,108],[0, 1, 3, 5, 8, 10, 16, 19]]
[[6,12,12,16,26,108],[0, 1, 5, 6, 8, 10, 16, 19]]
[[6,12,12,16,26,108],[0, 2, 3, 7, 9, 14, 16, 19]]
[[6,12,12,16,26,108],[0, 1, 2, 3, 8, 9, 10, 14, 16, 19]]
[[6,12,12,16,26,108],[0, 5, 6, 12, 16, 19]]
[[6,12,12,16,26,108],[0, 3, 5, 6, 10, 12, 16, 19]]
[[6,12,12,16,26,108],[0, 3, 9, 12, 16, 19]]
[[6,12,12,16,26,108],[0, 3, 5, 9, 12, 14, 16, 19]]
[[6,12,12,16,26,108],[0, 3, 6, 7, 8, 9, 10, 12, 16, 19]]
[[6,12,12,16,26,108],[0, 5, 6, 7, 8, 9, 12, 14, 16, 19]]
[[6,12,12,16,26,108],[0, 2, 3, 5, 6, 7, 9, 10, 17, 19]]
[[6,12,12,16,26,108],[0, 1, 2, 5, 6, 8, 9, 10, 17, 19]]
[[6,12,12,16,26,108],[0, 2, 5, 6, 7, 8, 12, 14, 16, 17]]
[[6,12,12,16,26,108],[0, 1, 2, 3, 5, 6, 7, 8, 12, 14, 16, 17]]
[[6,12,12,16,26,108],[0, 1, 3, 7, 8, 9, 10, 12, 18, 19]]
[[6,12,12,16,26,108],[0, 1, 2, 3, 5, 7, 8, 9, 10, 12, 18, 19]]
[[6,12,12,16,26,108],[0, 1, 2, 3, 6, 7, 9, 14, 16, 18]]
[[6,12,12,16,26,108],[0, 1, 3, 5, 6, 8, 9, 14, 16, 18]]
[[6,12,12,16,26,108],[0, 1, 5, 6, 7, 9, 10, 14, 17, 18]]
[[6,12,12,16,26,108],[0, 2, 3, 6, 8, 9, 10, 14, 17, 18]]
[[6,12,12,16,26,108],[0, 1, 3, 6, 9, 12, 16, 17, 18, 19]]
[[6,12,12,16,26,108],[0, 2, 5, 6, 9, 12, 16, 17, 18, 19]]
[[6,12,15,24,16,45],[0, 1, 2, 3, 5, 6, 7, 8, 13, 14, 16, 19]]
[[6,12,15,24,16,45],[0, 3, 9, 13, 16, 19]]
[[6,12,15,24,16,45],[0, 3, 5, 9, 13, 14, 16, 19]]
[[6,12,15,24,16,45],[0, 1, 3, 6, 9, 13, 16, 19]]
[[6,12,15,24,16,45],[0, 5, 6, 11, 16, 19]]
[[6,12,15,24,16,45],[0, 3, 5, 6, 10, 11, 16, 19]]
[[6,12,15,24,16,45],[0, 2, 5, 6, 9, 11, 16, 19]]
[[6,12,15,24,16,45],[0, 1, 2, 3, 5, 7, 8, 9, 10, 11, 16, 19]]
[[6,12,15,24,16,45],[0, 2, 5, 6, 7, 8, 11, 12, 13, 14, 16, 19]]
[[6,12,15,24,16,45],[0, 1, 3, 7, 8, 9, 10, 11, 12, 13, 16, 19]]
[[6,12,15,24,16,45],[0, 3, 6, 7, 8, 9, 10, 11, 12, 13, 16, 19]]
[[6,12,15,24,16,45],[0, 5, 6, 7, 8, 9, 11, 12, 13, 14, 16, 19]]
[[6,12,15,24,16,45],[0, 1, 3, 5, 8, 10, 11, 12, 17, 19]]
[[6,12,15,24,16,45],[0, 1, 5, 6, 8, 10, 11, 12, 17, 19]]
[[6,12,15,24,16,45],[0, 1, 5, 6, 7, 9, 10, 11, 13, 14, 16, 17]]
[[6,12,15,24,16,45],[0, 1, 3, 5, 6, 8, 9, 12, 13, 14, 16, 17]]
[[6,12,15,24,16,45],[0, 2, 3, 6, 8, 9, 10, 11, 13, 14, 18, 19]]
[[6,12,15,24,16,45],[0, 2, 3, 5, 6, 7, 9, 10, 11, 12, 18, 19]]
[[6,12,15,24,16,45],[0, 2, 3, 5, 7, 12, 13, 14, 16, 18]]
[[6,12,15,24,16,45],[0, 2, 3, 7, 9, 12, 13, 14, 16, 18]]
[[6,12,15,24,16,45],[0, 1, 2, 5, 6, 7, 10, 11, 13, 14, 17, 18]]
[[6,12,15,24,16,45],[0, 1, 2, 3, 8, 9, 10, 11, 13, 14, 17, 18]]
[[6,12,15,24,16,45],[0, 1, 2, 3, 6, 7, 9, 12, 13, 14, 16, 17, 18, 19]]
[[6,12,15,24,16,45],[0, 1, 2, 5, 6, 8, 9, 10, 11, 12, 16, 17, 18, 19]]
[[6,12,6,20,46,72],[0, 2, 4, 6, 16, 19]]
[[6,12,6,20,46,72],[0, 1, 2, 3, 4, 6, 16, 19]]
[[6,12,6,20,46,72],[0, 1, 4, 5, 8, 13, 16, 19]]
[[6,12,6,20,46,72],[0, 1, 4, 9, 16, 19]]
[[6,12,6,20,46,72],[0, 1, 2, 4, 5, 9, 16, 19]]
[[6,12,6,20,46,72],[0, 1, 2, 4, 8, 9, 13, 14, 16, 19]]
[[6,12,6,20,26,120],[0, 2, 5, 7, 8, 9, 10, 13, 16, 19]]
[[6,12,6,20,46,72],[0, 1, 3, 4, 6, 7, 8, 9, 16, 19]]
[[6,12,6,20,46,72],[0, 2, 4, 5, 6, 7, 8, 9, 16, 19]]
[[6,12,6,20,46,72],[0, 2, 3, 4, 7, 11, 16, 19]]
[[6,12,6,20,46,72],[0, 1, 2, 4, 6, 7, 10, 11, 16, 19]]
[[6,12,6,20,36,96],[0, 2, 6, 7, 11, 13, 16, 19]]
[[6,12,6,20,36,96],[0, 1, 6, 7, 10, 11, 13, 14, 16, 19]]
[[6,12,6,20,26,120],[0, 1, 3, 5, 6, 7, 11, 13, 16, 19]]
[[6,12,6,20,26,120],[0, 1, 3, 6, 7, 8, 11, 14, 16, 19]]
[[6,12,6,20,36,96],[0, 2, 8, 9, 10, 11, 13, 14, 16, 19]]
[[6,12,6,20,36,96],[0, 1, 8, 9, 11, 13, 16, 19]]
[[6,12,6,20,26,120],[0, 2, 3, 5, 8, 9, 11, 13, 16, 19]]
[[6,12,6,20,36,96],[0, 1, 2, 7, 12, 13, 16, 19]]
[[6,12,6,20,36,96],[0, 1, 7, 12, 13, 14, 16, 19]]
[[6,12,6,20,26,120],[0, 1, 5, 7, 12, 13, 16, 19]]
[[6,12,6,20,36,96],[0, 1, 2, 7, 9, 12, 13, 14, 16, 19]]
[[6,12,6,20,36,96],[0, 1, 7, 9, 12, 13, 16, 19]]
[[6,12,6,20,26,120],[0, 1, 2, 5, 7, 9, 12, 13, 16, 19]]
[[6,12,6,20,36,96],[0, 1, 2, 8, 11, 12, 16, 19]]
[[6,12,6,20,36,96],[0, 2, 8, 10, 11, 12, 16, 19]]
[[6,12,6,20,26,120],[0, 2, 3, 8, 11, 12, 16, 19]]
[[6,12,6,20,36,96],[0, 1, 2, 6, 8, 10, 11, 12, 16, 19]]
[[6,12,6,20,36,96],[0, 2, 6, 8, 11, 12, 16, 19]]
[[6,12,6,20,26,120],[0, 1, 2, 3, 6, 8, 11, 12, 16, 19]]
[[6,12,6,20,46,72],[0, 1, 4, 5, 6, 8, 10, 11, 12, 13, 16, 19]]
[[6,12,6,20,26,120],[0, 1, 2, 3, 5, 6, 9, 11, 12, 13, 16, 19]]
[[6,12,6,20,46,72],[0, 2, 3, 4, 7, 9, 11, 12, 13, 14, 16, 19]]
[[6,12,6,20,36,96],[0, 8, 9, 10, 11, 13, 17, 19]]
[[6,12,6,20,36,96],[0, 7, 9, 10, 12, 13, 17, 19]]
[[6,12,6,20,46,72],[0, 4, 6, 8, 13, 14, 16, 17]]
[[6,12,6,20,26,120],[0, 3, 7, 8, 11, 14, 16, 17]]
[[6,12,6,20,36,96],[0, 1, 2, 8, 9, 11, 13, 14, 16, 17]]
[[6,12,6,20,46,72],[0, 2, 4, 7, 8, 9, 10, 11, 13, 14, 16, 17]]
[[6,12,6,20,46,72],[0, 1, 2, 3, 4, 6, 9, 12, 13, 14, 16, 17]]
[[6,12,6,20,36,96],[0, 2, 7, 9, 10, 12, 13, 14, 16, 17]]
[[6,12,6,20,46,72],[0, 3, 4, 8, 11, 12, 13, 14, 16, 17]]
[[6,12,6,20,26,120],[0, 5, 7, 8, 10, 13, 18, 19]]
[[6,12,6,20,36,96],[0, 1, 2, 6, 7, 10, 11, 13, 18, 19]]
[[6,12,6,20,46,72],[0, 1, 4, 6, 7, 8, 10, 11, 13, 14, 18, 19]]
[[6,12,6,20,46,72],[0, 4, 7, 9, 10, 11, 18, 19]]
[[6,12,6,20,46,72],[0, 4, 5, 7, 10, 11, 12, 13, 18, 19]]
[[6,12,6,20,36,96],[0, 1, 6, 8, 10, 11, 12, 14, 18, 19]]
[[6,12,6,20,46,72],[0, 1, 2, 4, 5, 6, 9, 10, 11, 12, 18, 19]]
[[6,12,6,20,36,96],[0, 6, 7, 11, 13, 14, 16, 18]]
[[6,12,6,20,36,96],[0, 6, 8, 11, 12, 14, 16, 18]]
[[6,12,6,20,36,96],[0, 7, 10, 12, 13, 14, 17, 18]]
[[6,12,6,20,36,96],[0, 8, 10, 11, 12, 14, 17, 18]]
[[6,12,6,20,46,72],[0, 4, 5, 6, 7, 13, 16, 17, 18, 19]]
[[6,12,6,20,46,72],[0, 3, 4, 8, 9, 11, 16, 17, 18, 19]]
[[6,12,6,20,36,96],[0, 2, 7, 10, 12, 13, 16, 17, 18, 19]]
[[6,12,6,20,46,72],[0, 1, 3, 4, 6, 7, 8, 12, 13, 14, 16, 17, 18, 19]]
[[6,12,6,20,36,96],[0, 1, 8, 11, 12, 14, 16, 17, 18, 19]]
[[6,12,6,20,26,120],[0, 3, 5, 7, 8, 11, 12, 13, 16, 17, 18, 19]]
[[6,12,6,20,46,72],[0, 2, 4, 5, 7, 8, 9, 10, 11, 12, 16, 17, 18, 19]]
[[6,12,6,24,26,96],[0, 2, 3, 7, 16, 19]]
[[6,12,6,24,26,96],[0, 1, 2, 3, 6, 7, 16, 19]]
[[6,12,6,24,26,96],[0, 1, 5, 8, 16, 19]]
[[6,12,6,24,26,96],[0, 1, 3, 5, 6, 8, 16, 19]]
[[6,12,6,24,26,96],[0, 2, 3, 5, 7, 9, 16, 19]]
[[6,12,6,24,26,96],[0, 1, 2, 5, 8, 9, 16, 19]]
[[6,12,6,24,26,96],[0, 3, 12, 14, 16, 19]]
[[6,12,6,24,26,96],[0, 5, 10, 12, 16, 19]]
[[6,12,6,24,26,96],[0, 3, 5, 12, 16, 19]]
[[6,12,6,24,26,96],[0, 6, 12, 14, 16, 19]]
[[6,12,6,24,26,96],[0, 9, 10, 12, 16, 19]]
[[6,12,6,24,26,96],[0, 6, 7, 8, 9, 12, 16, 19]]
[[6,12,6,24,26,96],[0, 1, 6, 10, 12, 14, 16, 17]]
[[6,12,6,24,26,96],[0, 1, 3, 6, 12, 14, 16, 17]]
[[6,12,6,24,26,96],[0, 1, 2, 9, 12, 14, 16, 17]]
[[6,12,6,24,26,96],[0, 2, 6, 7, 8, 9, 12, 14, 16, 17]]
[[6,12,6,24,26,96],[0, 1, 2, 6, 10, 12, 18, 19]]
[[6,12,6,24,26,96],[0, 2, 9, 10, 12, 14, 18, 19]]
[[6,12,6,24,26,96],[0, 2, 5, 9, 10, 12, 18, 19]]
[[6,12,6,24,26,96],[0, 1, 6, 7, 8, 9, 10, 12, 18, 19]]
[[6,12,6,24,26,96],[0, 2, 6, 12, 16, 17, 18, 19]]
[[6,12,6,24,26,96],[0, 1, 9, 12, 16, 17, 18, 19]]
[[6,12,6,24,26,96],[0, 1, 2, 6, 7, 8, 9, 10, 12, 14, 16, 17, 18, 19]]
[[6,12,6,24,26,96],[0, 1, 2, 3, 5, 6, 7, 8, 9, 12, 16, 17, 18, 19]]
[[6,12,6,28,16,96],[0, 2, 7, 8, 9, 10, 13, 14, 16, 19]]
[[6,12,6,28,21,96],[0, 1, 2, 3, 4, 6, 7, 8, 11, 13, 16, 19]]
[[6,12,6,28,16,96],[0, 1, 6, 7, 8, 10, 11, 14, 16, 19]]
[[6,12,6,28,21,96],[0, 1, 2, 4, 5, 7, 8, 9, 11, 13, 16, 19]]
[[6,12,6,28,21,96],[0, 1, 2, 3, 4, 6, 7, 8, 9, 11, 13, 14, 16, 19]]
[[6,12,6,28,21,96],[0, 1, 2, 4, 5, 6, 7, 8, 9, 10, 11, 13, 16, 19]]
[[6,12,6,28,21,96],[0, 2, 4, 6, 7, 8, 12, 13, 16, 19]]
[[6,12,6,28,21,96],[0, 2, 4, 9, 10, 12, 13, 14, 16, 19]]
[[6,12,6,28,21,96],[0, 2, 4, 5, 9, 10, 12, 13, 16, 19]]
[[6,12,6,28,21,96],[0, 2, 4, 5, 6, 9, 12, 13, 16, 19]]
[[6,12,6,28,21,96],[0, 1, 4, 6, 10, 11, 12, 14, 16, 19]]
[[6,12,6,28,21,96],[0, 1, 3, 4, 6, 11, 12, 14, 16, 19]]
[[6,12,6,28,21,96],[0, 1, 3, 4, 6, 9, 11, 12, 16, 19]]
[[6,12,6,28,16,96],[0, 1, 2, 6, 9, 10, 11, 12, 13, 14, 16, 19]]
[[6,12,6,28,21,96],[0, 1, 4, 7, 8, 9, 11, 12, 16, 19]]
[[6,12,6,28,21,96],[0, 2, 3, 4, 8, 9, 13, 14, 16, 17]]
[[6,12,6,28,16,96],[0, 1, 2, 7, 8, 9, 13, 14, 16, 17]]
[[6,12,6,28,16,96],[0, 6, 7, 8, 11, 14, 16, 17]]
[[6,12,6,28,21,96],[0, 3, 4, 7, 12, 14, 16, 17]]
[[6,12,6,28,21,96],[0, 4, 6, 7, 12, 14, 16, 17]]
[[6,12,6,28,16,96],[0, 2, 6, 9, 11, 12, 13, 14, 16, 17]]
[[6,12,6,28,21,96],[0, 1, 2, 4, 7, 9, 11, 12, 13, 14, 16, 17]]
[[6,12,6,28,16,96],[0, 7, 8, 9, 10, 13, 18, 19]]
[[6,12,6,28,21,96],[0, 1, 4, 5, 6, 7, 10, 11, 18, 19]]
[[6,12,6,28,16,96],[0, 1, 2, 6, 7, 8, 10, 11, 18, 19]]
[[6,12,6,28,21,96],[0, 4, 5, 8, 10, 12, 18, 19]]
[[6,12,6,28,21,96],[0, 4, 8, 9, 10, 12, 18, 19]]
[[6,12,6,28,21,96],[0, 1, 2, 4, 6, 8, 10, 11, 12, 13, 18, 19]]
[[6,12,6,28,16,96],[0, 1, 6, 9, 10, 11, 12, 13, 18, 19]]
[[6,12,6,28,21,96],[0, 2, 3, 4, 8, 13, 16, 17, 18, 19]]
[[6,12,6,28,16,96],[0, 1, 7, 8, 9, 13, 16, 17, 18, 19]]
[[6,12,6,28,21,96],[0, 1, 4, 5, 7, 11, 16, 17, 18, 19]]
[[6,12,6,28,16,96],[0, 2, 6, 7, 8, 11, 16, 17, 18, 19]]
[[6,12,6,28,21,96],[0, 4, 5, 6, 8, 12, 16, 17, 18, 19]]
[[6,12,6,28,21,96],[0, 3, 4, 7, 9, 12, 16, 17, 18, 19]]
[[6,12,6,28,16,96],[0, 6, 9, 11, 12, 13, 16, 17, 18, 19]]
[[6,12,9,20,31,93],[0, 2, 5, 6, 13, 14, 16, 19]]
[[6,12,9,20,31,93],[0, 2, 5, 6, 7, 8, 9, 13, 16, 19]]
[[6,12,9,20,31,93],[0, 1, 3, 9, 10, 11, 16, 19]]
[[6,12,9,20,31,93],[0, 1, 3, 5, 6, 7, 9, 11, 13, 14, 16, 19]]
[[6,12,9,20,31,93],[0, 2, 3, 5, 6, 8, 9, 10, 11, 13, 16, 19]]
[[6,12,9,20,31,93],[0, 1, 3, 6, 7, 8, 9, 11, 16, 19]]
[[6,12,9,20,31,93],[0, 1, 2, 5, 6, 7, 9, 10, 12, 13, 16, 19]]
[[6,12,9,20,31,93],[0, 1, 5, 6, 8, 9, 10, 12, 13, 14, 16, 19]]
[[6,12,9,20,31,93],[0, 1, 2, 3, 5, 6, 11, 12, 13, 14, 16, 19]]
[[6,12,9,20,31,93],[0, 1, 2, 3, 5, 9, 10, 11, 12, 13, 16, 19]]
[[6,12,9,20,31,93],[0, 2, 3, 6, 7, 9, 10, 11, 12, 14, 16, 19]]
[[6,12,9,20,31,93],[0, 1, 2, 3, 6, 8, 9, 11, 12, 14, 16, 19]]
[[6,12,9,20,31,93],[0, 1, 3, 5, 7, 10, 11, 13, 17, 19]]
[[6,12,9,20,31,93],[0, 1, 5, 6, 7, 10, 12, 13, 17, 19]]
[[6,12,9,20,31,93],[0, 5, 6, 9, 13, 14, 16, 17]]
[[6,12,9,20,31,93],[0, 3, 5, 7, 8, 9, 11, 12, 13, 14, 16, 17]]
[[6,12,9,20,31,93],[0, 3, 6, 9, 10, 11, 18, 19]]
[[6,12,9,20,31,93],[0, 3, 5, 6, 7, 8, 10, 11, 12, 13, 18, 19]]
[[6,12,9,20,31,93],[0, 2, 3, 5, 8, 11, 13, 14, 16, 18]]
[[6,12,9,20,31,93],[0, 2, 3, 8, 9, 11, 12, 14, 16, 18]]
[[6,12,9,20,31,93],[0, 1, 2, 5, 6, 8, 10, 12, 13, 14, 17, 18]]
[[6,12,9,20,31,93],[0, 1, 2, 3, 7, 9, 10, 11, 12, 14, 17, 18]]
[[6,12,9,20,31,93],[0, 5, 6, 7, 8, 13, 16, 17, 18, 19]]
[[6,12,9,20,31,93],[0, 3, 7, 8, 9, 11, 16, 17, 18, 19]]
[[6,12,9,32,21,69],[0, 2, 6, 13, 16, 19]]
[[6,12,9,32,21,69],[0, 2, 6, 7, 8, 9, 13, 14, 16, 19]]
[[6,12,9,32,26,57],[0, 2, 6, 8, 11, 13, 16, 19]]
[[6,12,9,32,26,57],[0, 6, 8, 11, 13, 14, 16, 19]]
[[6,12,9,32,21,69],[0, 1, 9, 11, 16, 19]]
[[6,12,9,32,26,57],[0, 1, 7, 9, 11, 13, 16, 19]]
[[6,12,9,32,26,57],[0, 7, 9, 10, 11, 13, 16, 19]]
[[6,12,9,32,21,69],[0, 1, 6, 7, 8, 9, 10, 11, 16, 19]]
[[6,12,9,32,26,57],[0, 1, 2, 8, 12, 13, 16, 19]]
[[6,12,9,32,26,57],[0, 8, 10, 12, 13, 14, 16, 19]]
[[6,12,9,32,26,57],[0, 1, 8, 9, 12, 13, 16, 19]]
[[6,12,9,32,26,57],[0, 8, 9, 10, 12, 13, 16, 19]]
[[6,12,9,32,21,69],[0, 1, 2, 6, 10, 11, 12, 13, 16, 19]]
[[6,12,9,32,26,57],[0, 1, 2, 7, 11, 12, 16, 19]]
[[6,12,9,32,26,57],[0, 7, 10, 11, 12, 14, 16, 19]]
[[6,12,9,32,26,57],[0, 2, 6, 7, 11, 12, 16, 19]]
[[6,12,9,32,26,57],[0, 6, 7, 11, 12, 14, 16, 19]]
[[6,12,9,32,21,69],[0, 1, 2, 9, 11, 12, 13, 14, 16, 19]]
[[6,12,9,32,26,57],[0, 2, 7, 10, 11, 12, 17, 19]]
[[6,12,9,32,26,57],[0, 1, 2, 6, 7, 10, 11, 12, 17, 19]]
[[6,12,9,32,21,69],[0, 6, 13, 14, 16, 17]]
[[6,12,9,32,21,69],[0, 1, 2, 6, 7, 8, 9, 10, 13, 14, 16, 17]]
[[6,12,9,32,21,69],[0, 1, 2, 9, 11, 14, 16, 17]]
[[6,12,9,32,21,69],[0, 2, 6, 7, 8, 9, 11, 14, 16, 17]]
[[6,12,9,32,21,69],[0, 6, 11, 12, 13, 14, 16, 17]]
[[6,12,9,32,26,57],[0, 1, 7, 11, 12, 14, 16, 17]]
[[6,12,9,32,26,57],[0, 1, 6, 7, 10, 11, 12, 14, 16, 17]]
[[6,12,9,32,21,69],[0, 2, 9, 10, 11, 12, 13, 14, 16, 17]]
[[6,12,9,32,21,69],[0, 1, 2, 6, 10, 13, 18, 19]]
[[6,12,9,32,21,69],[0, 1, 6, 7, 8, 9, 10, 13, 18, 19]]
[[6,12,9,32,21,69],[0, 9, 10, 11, 18, 19]]
[[6,12,9,32,21,69],[0, 1, 2, 6, 7, 8, 9, 10, 11, 14, 18, 19]]
[[6,12,9,32,26,57],[0, 2, 8, 10, 12, 13, 18, 19]]
[[6,12,9,32,26,57],[0, 2, 8, 9, 10, 12, 13, 14, 18, 19]]
[[6,12,9,32,21,69],[0, 1, 6, 10, 11, 12, 13, 14, 18, 19]]
[[6,12,9,32,21,69],[0, 9, 10, 11, 12, 13, 18, 19]]
[[6,12,9,32,26,57],[0, 1, 8, 12, 13, 14, 16, 18]]
[[6,12,9,32,26,57],[0, 1, 2, 8, 9, 12, 13, 14, 16, 18]]
[[6,12,9,32,26,57],[0, 1, 6, 8, 10, 11, 13, 14, 17, 18]]
[[6,12,9,32,26,57],[0, 2, 7, 9, 10, 11, 13, 14, 17, 18]]
[[6,12,9,32,21,69],[0, 1, 6, 10, 13, 14, 16, 17, 18, 19]]
[[6,12,9,32,21,69],[0, 6, 7, 8, 9, 13, 16, 17, 18, 19]]
[[6,12,9,32,26,57],[0, 1, 2, 6, 8, 10, 11, 13, 16, 17, 18, 19]]
[[6,12,9,32,21,69],[0, 2, 9, 10, 11, 14, 16, 17, 18, 19]]
[[6,12,9,32,26,57],[0, 1, 2, 7, 9, 11, 13, 14, 16, 17, 18, 19]]
[[6,12,9,32,21,69],[0, 6, 7, 8, 9, 11, 16, 17, 18, 19]]
[[6,12,9,32,21,69],[0, 2, 6, 11, 12, 13, 16, 17, 18, 19]]
[[6,12,9,32,21,69],[0, 1, 9, 11, 12, 13, 16, 17, 18, 19]]
[[6,12,9,24,36,57],[0, 1, 2, 4, 5, 7, 13, 14, 16, 19]]
[[6,12,9,24,36,57],[0, 1, 4, 7, 9, 13, 16, 19]]
[[6,12,9,24,41,57],[0, 4, 5, 6, 7, 9, 13, 14, 16, 19]]
[[6,12,9,24,41,57],[0, 4, 6, 8, 9, 13, 16, 19]]
[[6,12,9,24,36,57],[0, 4, 6, 11, 13, 14, 16, 19]]
[[6,12,9,24,36,57],[0, 1, 2, 3, 4, 8, 10, 11, 16, 19]]
[[6,12,9,24,36,57],[0, 2, 4, 6, 8, 11, 16, 19]]
[[6,12,9,24,36,57],[0, 4, 9, 10, 11, 13, 16, 19]]
[[6,12,9,24,41,57],[0, 4, 6, 7, 9, 11, 16, 19]]
[[6,12,9,24,41,57],[0, 3, 4, 6, 8, 9, 10, 11, 16, 19]]
[[6,12,9,24,36,57],[0, 3, 4, 6, 10, 12, 13, 14, 16, 19]]
[[6,12,9,24,36,57],[0, 3, 4, 6, 7, 8, 9, 10, 12, 13, 16, 19]]
[[6,12,9,24,36,57],[0, 2, 4, 5, 6, 7, 11, 12, 13, 14, 16, 19]]
[[6,12,9,24,36,57],[0, 4, 5, 9, 10, 11, 12, 14, 16, 19]]
[[6,12,9,24,41,57],[0, 3, 4, 6, 7, 9, 10, 11, 12, 13, 16, 19]]
[[6,12,9,24,36,57],[0, 1, 3, 4, 8, 9, 10, 11, 12, 13, 16, 19]]
[[6,12,9,24,41,57],[0, 4, 5, 6, 8, 9, 11, 12, 13, 14, 16, 19]]
[[6,12,9,24,36,57],[0, 4, 5, 6, 7, 8, 9, 11, 12, 14, 16, 19]]
[[6,12,9,24,36,57],[0, 1, 2, 4, 6, 7, 8, 10, 17, 19]]
[[6,12,9,24,36,57],[0, 2, 3, 4, 6, 7, 8, 10, 17, 19]]
[[6,12,9,24,36,57],[0, 1, 2, 3, 4, 7, 9, 10, 11, 14, 17, 19]]
[[6,12,9,24,36,57],[0, 2, 4, 8, 9, 10, 11, 14, 17, 19]]
[[6,12,9,24,41,57],[0, 1, 4, 6, 7, 8, 9, 10, 11, 13, 17, 19]]
[[6,12,9,24,41,57],[0, 1, 3, 4, 9, 10, 12, 13, 17, 19]]
[[6,12,9,24,41,57],[0, 2, 4, 6, 9, 14, 16, 17]]
[[6,12,9,24,41,57],[0, 1, 4, 5, 6, 7, 9, 10, 13, 14, 16, 17]]
[[6,12,9,24,41,57],[0, 1, 2, 3, 4, 7, 8, 9, 10, 14, 16, 17]]
[[6,12,9,24,41,57],[0, 1, 4, 5, 6, 8, 9, 10, 11, 12, 13, 14, 16, 17]]
[[6,12,9,24,41,57],[0, 1, 2, 4, 5, 6, 7, 8, 10, 14, 18, 19]]
[[6,12,9,24,41,57],[0, 1, 4, 6, 9, 10, 18, 19]]
[[6,12,9,24,41,57],[0, 2, 3, 4, 6, 8, 9, 10, 11, 14, 18, 19]]
[[6,12,9,24,41,57],[0, 2, 3, 4, 6, 7, 9, 10, 11, 12, 13, 14, 18, 19]]
[[6,12,9,24,36,57],[0, 1, 4, 6, 7, 10, 13, 14, 16, 18]]
[[6,12,9,24,36,57],[0, 1, 2, 4, 5, 6, 8, 10, 13, 14, 16, 18]]
[[6,12,9,24,36,57],[0, 1, 2, 4, 7, 8, 9, 14, 16, 18]]
[[6,12,9,24,36,57],[0, 1, 4, 5, 7, 8, 9, 14, 16, 18]]
[[6,12,9,24,41,57],[0, 2, 4, 6, 7, 8, 9, 11, 13, 14, 16, 18]]
[[6,12,9,24,41,57],[0, 2, 4, 5, 6, 11, 12, 14, 16, 18]]
[[6,12,9,24,36,57],[0, 2, 3, 4, 6, 9, 10, 14, 17, 18]]
[[6,12,9,24,36,57],[0, 1, 4, 5, 6, 9, 10, 14, 17, 18]]
[[6,12,9,24,41,57],[0, 1, 2, 3, 4, 9, 10, 12, 13, 14, 17, 18]]
[[6,12,9,24,41,57],[0, 1, 2, 4, 5, 6, 10, 11, 12, 14, 17, 18]]
[[6,12,9,24,36,57],[0, 1, 3, 4, 7, 10, 11, 12, 13, 14, 17, 18]]
[[6,12,9,24,36,57],[0, 2, 4, 5, 8, 10, 11, 12, 13, 14, 17, 18]]
[[6,12,9,24,41,57],[0, 2, 4, 5, 6, 7, 8, 14, 16, 17, 18, 19]]
[[6,12,9,24,41,57],[0, 1, 2, 4, 6, 8, 9, 10, 13, 14, 16, 17, 18, 19]]
[[6,12,9,24,41,57],[0, 1, 3, 4, 7, 8, 9, 10, 16, 17, 18, 19]]
[[6,12,9,24,41,57],[0, 1, 2, 4, 6, 7, 9, 10, 11, 14, 16, 17, 18, 19]]
[[6,12,9,28,31,57],[0, 3, 5, 6, 7, 8, 10, 13, 16, 19]]
[[6,12,9,28,31,57],[0, 1, 3, 9, 10, 13, 16, 19]]
[[6,12,9,28,31,57],[0, 1, 2, 3, 5, 9, 10, 13, 16, 19]]
[[6,12,9,28,31,57],[0, 3, 6, 9, 10, 13, 16, 19]]
[[6,12,9,28,31,57],[0, 2, 5, 6, 11, 14, 16, 19]]
[[6,12,9,28,31,57],[0, 1, 2, 3, 5, 6, 11, 14, 16, 19]]
[[6,12,9,28,31,57],[0, 5, 6, 9, 11, 14, 16, 19]]
[[6,12,9,28,31,57],[0, 3, 5, 7, 8, 9, 11, 14, 16, 19]]
[[6,12,9,28,31,57],[0, 5, 6, 7, 8, 11, 12, 13, 16, 19]]
[[6,12,9,28,31,57],[0, 3, 7, 8, 9, 11, 12, 13, 16, 19]]
[[6,12,9,28,31,57],[0, 1, 3, 6, 7, 8, 9, 11, 12, 13, 16, 19]]
[[6,12,9,28,31,57],[0, 2, 5, 6, 7, 8, 9, 11, 12, 13, 16, 19]]
[[6,12,9,28,31,57],[0, 1, 2, 5, 6, 7, 9, 10, 11, 13, 17, 19]]
[[6,12,9,28,31,57],[0, 2, 3, 5, 6, 8, 9, 10, 12, 13, 17, 19]]
[[6,12,9,28,31,57],[0, 2, 3, 5, 8, 11, 12, 14, 16, 17]]
[[6,12,9,28,31,57],[0, 1, 2, 5, 6, 8, 10, 11, 12, 14, 16, 17]]
[[6,12,9,28,31,57],[0, 1, 3, 5, 7, 10, 12, 13, 18, 19]]
[[6,12,9,28,31,57],[0, 1, 2, 3, 7, 9, 10, 12, 13, 14, 18, 19]]
[[6,12,9,28,31,57],[0, 1, 2, 3, 6, 8, 9, 11, 13, 14, 16, 18]]
[[6,12,9,28,31,57],[0, 1, 3, 5, 6, 7, 9, 11, 12, 14, 16, 18]]
[[6,12,9,28,31,57],[0, 2, 3, 6, 7, 9, 10, 12, 13, 14, 17, 18]]
[[6,12,9,28,31,57],[0, 1, 5, 6, 8, 9, 10, 11, 12, 14, 17, 18]]
[[6,12,9,28,31,57],[0, 1, 5, 6, 7, 10, 11, 13, 16, 17, 18, 19]]
[[6,12,9,28,31,57],[0, 2, 3, 8, 9, 11, 13, 14, 16, 17, 18, 19]]
[[6,10,12,30,26,70],[0, 1, 2, 5, 13, 14, 16, 19]]
[[6,10,12,30,26,70],[0, 1, 5, 13, 16, 19]]
[[6,10,12,30,26,70],[0, 1, 2, 5, 9, 13, 16, 19]]
[[6,10,12,30,26,70],[0, 1, 5, 9, 13, 14, 16, 19]]
[[6,10,12,30,26,70],[0, 1, 2, 3, 10, 11, 16, 19]]
[[6,10,12,30,26,70],[0, 2, 3, 11, 16, 19]]
[[6,10,12,30,26,70],[0, 1, 2, 3, 6, 11, 16, 19]]
[[6,10,12,30,26,70],[0, 2, 3, 6, 10, 11, 16, 19]]
[[6,10,12,30,16,70],[0, 1, 2, 3, 4, 5, 6, 7, 8, 11, 13, 14, 16, 19]]
[[6,10,12,30,16,70],[0, 1, 2, 3, 4, 5, 7, 8, 9, 10, 11, 13, 16, 19]]
[[6,10,12,30,16,70],[0, 2, 3, 4, 5, 6, 7, 8, 10, 12, 13, 14, 16, 19]]
[[6,10,12,30,16,70],[0, 2, 3, 4, 5, 6, 9, 10, 12, 13, 16, 19]]
[[6,10,12,30,26,70],[0, 2, 3, 5, 11, 12, 13, 14, 16, 19]]
[[6,10,12,30,26,70],[0, 1, 3, 5, 10, 11, 12, 13, 16, 19]]
[[6,10,12,30,16,70],[0, 1, 3, 4, 5, 6, 9, 11, 12, 14, 16, 19]]
[[6,10,12,30,16,70],[0, 1, 3, 4, 5, 7, 8, 9, 10, 11, 12, 14, 16, 19]]
[[6,10,12,30,26,70],[0, 2, 3, 5, 6, 7, 8, 9, 10, 11, 12, 13, 16, 19]]
[[6,10,12,30,26,70],[0, 1, 3, 5, 6, 7, 8, 9, 11, 12, 13, 14, 16, 19]]
[[6,10,12,30,16,70],[0, 3, 4, 5, 6, 7, 8, 10, 17, 19]]
[[6,10,12,30,26,70],[0, 1, 2, 3, 5, 7, 9, 10, 11, 13, 17, 19]]
[[6,10,12,30,26,70],[0, 2, 5, 8, 9, 10, 12, 13, 17, 19]]
[[6,10,12,30,16,70],[0, 1, 3, 4, 5, 10, 11, 12, 17, 19]]
[[6,10,12,30,26,70],[0, 3, 5, 7, 9, 11, 13, 14, 16, 17]]
[[6,10,12,30,26,70],[0, 5, 8, 9, 10, 12, 13, 14, 16, 17]]
[[6,10,12,30,26,70],[0, 3, 5, 6, 8, 10, 11, 13, 18, 19]]
[[6,10,12,30,26,70],[0, 3, 6, 7, 10, 11, 12, 14, 18, 19]]
[[6,10,12,30,16,70],[0, 3, 4, 5, 7, 8, 9, 14, 16, 18]]
[[6,10,12,30,26,70],[0, 1, 2, 3, 5, 6, 8, 11, 13, 14, 16, 18]]
[[6,10,12,30,16,70],[0, 2, 3, 4, 5, 12, 13, 14, 16, 18]]
[[6,10,12,30,26,70],[0, 1, 3, 6, 7, 11, 12, 14, 16, 18]]
[[6,10,12,30,16,70],[0, 3, 4, 5, 6, 9, 10, 14, 17, 18]]
[[6,10,12,30,16,70],[0, 1, 2, 3, 4, 5, 10, 11, 13, 14, 17, 18]]
[[6,10,12,30,26,70],[0, 2, 5, 8, 10, 12, 13, 14, 17, 18]]
[[6,10,12,30,26,70],[0, 1, 3, 7, 10, 11, 12, 14, 17, 18]]
[[6,10,12,30,26,70],[0, 5, 8, 10, 12, 13, 16, 17, 18, 19]]
[[6,10,12,30,26,70],[0, 3, 7, 11, 12, 14, 16, 17, 18, 19]]
[[6,10,12,34,26,52],[0, 4, 6, 7, 8, 14, 16, 19]]
[[6,10,12,34,26,52],[0, 3, 4, 6, 7, 8, 10, 14, 16, 19]]
[[6,10,12,34,26,52],[0, 3, 4, 6, 9, 10, 16, 19]]
[[6,10,12,34,26,52],[0, 4, 5, 6, 9, 14, 16, 19]]
[[6,10,12,34,26,52],[0, 4, 7, 8, 9, 10, 16, 19]]
[[6,10,12,34,26,52],[0, 4, 5, 7, 8, 9, 10, 14, 16, 19]]
[[6,10,12,34,26,52],[0, 1, 2, 4, 6, 10, 11, 13, 17, 19]]
[[6,10,12,34,26,52],[0, 2, 3, 4, 6, 10, 12, 13, 17, 19]]
[[6,10,12,34,26,52],[0, 2, 4, 5, 6, 8, 13, 14, 16, 17]]
[[6,10,12,34,26,52],[0, 1, 3, 4, 8, 10, 11, 14, 16, 17]]
[[6,10,12,34,26,52],[0, 1, 4, 6, 8, 10, 11, 14, 16, 17]]
[[6,10,12,34,26,52],[0, 1, 2, 4, 5, 8, 11, 12, 13, 14, 16, 17]]
[[6,10,12,34,26,52],[0, 2, 4, 5, 7, 10, 13, 14, 18, 19]]
[[6,10,12,34,26,52],[0, 2, 4, 7, 9, 10, 13, 14, 18, 19]]
[[6,10,12,34,26,52],[0, 1, 3, 4, 7, 9, 10, 11, 18, 19]]
[[6,10,12,34,26,52],[0, 1, 2, 3, 4, 7, 10, 11, 12, 13, 18, 19]]
[[6,10,12,34,26,52],[0, 1, 2, 4, 9, 11, 13, 14, 16, 18]]
[[6,10,12,34,26,52],[0, 1, 4, 5, 9, 11, 12, 14, 16, 18]]
[[6,10,12,34,26,52],[0, 2, 3, 4, 6, 7, 8, 9, 10, 12, 13, 14, 17, 18]]
[[6,10,12,34,26,52],[0, 1, 4, 5, 6, 7, 8, 9, 10, 11, 12, 14, 17, 18]]
[[6,10,12,34,26,52],[0, 2, 4, 6, 7, 13, 16, 17, 18, 19]]
[[6,10,12,34,26,52],[0, 1, 4, 8, 9, 11, 16, 17, 18, 19]]
[[6,10,12,34,26,52],[0, 1, 2, 4, 5, 6, 7, 10, 11, 12, 13, 14, 16, 17, 18, 19]]
[[6,10,12,34,26,52],[0, 1, 2, 3, 4, 8, 9, 10, 11, 12, 13, 14, 16, 17, 18, 19]]
[[6,10,12,18,31,100],[0, 5, 6, 7, 8, 13, 16, 19]]
[[6,10,12,18,31,100],[0, 5, 6, 9, 13, 14, 16, 19]]
[[6,10,12,18,36,64],[0, 1, 2, 4, 6, 7, 8, 10, 11, 13, 16, 19]]
[[6,10,12,18,31,100],[0, 3, 6, 9, 10, 11, 16, 19]]
[[6,10,12,18,36,64],[0, 1, 2, 4, 7, 8, 9, 11, 13, 14, 16, 19]]
[[6,10,12,18,31,100],[0, 3, 7, 8, 9, 11, 16, 19]]
[[6,10,12,18,36,64],[0, 2, 3, 4, 6, 7, 8, 10, 12, 13, 16, 19]]
[[6,10,12,18,36,64],[0, 2, 3, 4, 6, 9, 10, 12, 13, 14, 16, 19]]
[[6,10,12,18,31,100],[0, 3, 5, 6, 7, 8, 10, 11, 12, 13, 16, 19]]
[[6,10,12,18,36,64],[0, 1, 4, 5, 6, 9, 10, 11, 12, 14, 16, 19]]
[[6,10,12,18,36,64],[0, 1, 4, 5, 7, 8, 9, 11, 12, 14, 16, 19]]
[[6,10,12,18,31,100],[0, 3, 5, 7, 8, 9, 11, 12, 13, 14, 16, 19]]
[[6,10,12,18,36,64],[0, 4, 9, 10, 17, 19]]
[[6,10,12,18,36,64],[0, 3, 4, 6, 7, 8, 9, 10, 17, 19]]
[[6,10,12,18,31,100],[0, 2, 5, 6, 13, 14, 16, 17]]
[[6,10,12,18,36,64],[0, 2, 4, 5, 6, 7, 13, 14, 16, 17]]
[[6,10,12,18,36,64],[0, 2, 4, 8, 9, 10, 13, 14, 16, 17]]
[[6,10,12,18,31,100],[0, 1, 3, 5, 6, 7, 9, 11, 13, 14, 16, 17]]
[[6,10,12,18,31,100],[0, 1, 5, 6, 8, 9, 10, 12, 13, 14, 16, 17]]
[[6,10,12,18,31,100],[0, 1, 2, 3, 5, 6, 11, 12, 13, 14, 16, 17]]
[[6,10,12,18,36,64],[0, 1, 2, 4, 5, 7, 11, 12, 13, 14, 16, 17]]
[[6,10,12,18,36,64],[0, 1, 2, 3, 4, 7, 9, 10, 11, 12, 13, 14, 16, 17]]
[[6,10,12,18,31,100],[0, 1, 2, 3, 7, 9, 10, 11, 12, 14, 16, 17]]
[[6,10,12,18,31,100],[0, 2, 3, 8, 9, 11, 12, 14, 16, 17]]
[[6,10,12,18,36,64],[0, 1, 4, 6, 7, 10, 11, 14, 18, 19]]
[[6,10,12,18,31,100],[0, 1, 3, 9, 10, 11, 18, 19]]
[[6,10,12,18,36,64],[0, 1, 3, 4, 8, 9, 10, 11, 18, 19]]
[[6,10,12,18,31,100],[0, 2, 3, 5, 6, 8, 9, 10, 11, 13, 18, 19]]
[[6,10,12,18,31,100],[0, 1, 5, 6, 7, 10, 12, 13, 18, 19]]
[[6,10,12,18,31,100],[0, 1, 2, 5, 6, 8, 10, 12, 13, 14, 18, 19]]
[[6,10,12,18,36,64],[0, 1, 2, 3, 4, 8, 10, 11, 12, 13, 18, 19]]
[[6,10,12,18,36,64],[0, 1, 2, 4, 5, 6, 8, 10, 11, 12, 13, 14, 18, 19]]
[[6,10,12,18,31,100],[0, 1, 2, 3, 5, 9, 10, 11, 12, 13, 18, 19]]
[[6,10,12,18,31,100],[0, 2, 3, 6, 7, 9, 10, 11, 12, 14, 18, 19]]
[[6,10,12,18,36,64],[0, 4, 6, 14, 16, 18]]
[[6,10,12,18,36,64],[0, 4, 5, 6, 7, 8, 9, 14, 16, 18]]
[[6,10,12,18,36,64],[0, 3, 4, 6, 10, 14, 17, 18]]
[[6,10,12,18,36,64],[0, 4, 5, 9, 10, 14, 17, 18]]
[[6,10,12,18,36,64],[0, 2, 4, 5, 8, 10, 13, 14, 16, 17, 18, 19]]
[[6,10,12,18,36,64],[0, 2, 4, 6, 8, 13, 16, 17, 18, 19]]
[[6,10,12,18,31,100],[0, 2, 5, 6, 7, 8, 9, 13, 16, 17, 18, 19]]
[[6,10,12,18,36,64],[0, 1, 3, 4, 7, 10, 11, 14, 16, 17, 18, 19]]
[[6,10,12,18,31,100],[0, 1, 3, 5, 7, 10, 11, 13, 16, 17, 18, 19]]
[[6,10,12,18,31,100],[0, 2, 3, 5, 8, 11, 13, 14, 16, 17, 18, 19]]
[[6,10,12,18,36,64],[0, 1, 4, 7, 9, 11, 16, 17, 18, 19]]
[[6,10,12,18,31,100],[0, 1, 3, 6, 7, 8, 9, 11, 16, 17, 18, 19]]
[[6,10,12,18,31,100],[0, 1, 2, 5, 6, 7, 9, 10, 12, 13, 16, 17, 18, 19]]
[[6,10,12,18,31,100],[0, 1, 2, 3, 6, 8, 9, 11, 12, 14, 16, 17, 18, 19]]
[[6,10,12,22,36,58],[0, 2, 3, 4, 6, 10, 11, 13, 16, 19]]
[[6,10,12,22,36,58],[0, 1, 5, 6, 7, 10, 11, 13, 16, 19]]
[[6,10,12,22,36,58],[0, 1, 4, 5, 9, 11, 13, 14, 16, 19]]
[[6,10,12,22,36,58],[0, 2, 3, 8, 9, 11, 13, 14, 16, 19]]
[[6,10,12,22,36,58],[0, 1, 2, 4, 6, 10, 12, 13, 16, 19]]
[[6,10,12,22,36,58],[0, 1, 3, 5, 7, 10, 12, 13, 16, 19]]
[[6,10,12,22,36,58],[0, 1, 2, 3, 7, 8, 10, 12, 16, 19]]
[[6,10,12,22,36,58],[0, 2, 3, 7, 8, 12, 16, 19]]
[[6,10,12,22,36,58],[0, 1, 2, 5, 7, 8, 12, 14, 16, 19]]
[[6,10,12,22,36,58],[0, 1, 5, 7, 8, 12, 16, 19]]
[[6,10,12,22,36,58],[0, 2, 3, 5, 7, 8, 12, 14, 16, 19]]
[[6,10,12,22,36,58],[0, 1, 3, 5, 7, 8, 10, 12, 16, 19]]
[[6,10,12,22,36,58],[0, 1, 2, 3, 6, 7, 8, 12, 16, 19]]
[[6,10,12,22,36,58],[0, 2, 3, 6, 7, 8, 10, 12, 16, 19]]
[[6,10,12,22,36,58],[0, 2, 5, 6, 7, 8, 12, 14, 16, 19]]
[[6,10,12,22,36,58],[0, 1, 2, 3, 5, 6, 7, 8, 12, 14, 16, 19]]
[[6,10,12,22,36,58],[0, 1, 3, 6, 9, 12, 16, 19]]
[[6,10,12,22,36,58],[0, 2, 5, 6, 9, 12, 16, 19]]
[[6,10,12,22,36,58],[0, 2, 3, 5, 6, 9, 10, 12, 16, 19]]
[[6,10,12,22,36,58],[0, 1, 3, 5, 6, 9, 12, 14, 16, 19]]
[[6,10,12,22,36,58],[0, 1, 2, 3, 7, 9, 10, 12, 13, 14, 16, 19]]
[[6,10,12,22,36,58],[0, 1, 3, 7, 8, 9, 10, 12, 16, 19]]
[[6,10,12,22,36,58],[0, 1, 2, 5, 7, 8, 9, 12, 16, 19]]
[[6,10,12,22,36,58],[0, 1, 5, 7, 8, 9, 12, 14, 16, 19]]
[[6,10,12,22,36,58],[0, 1, 2, 3, 5, 7, 8, 9, 10, 12, 16, 19]]
[[6,10,12,22,36,58],[0, 1, 4, 5, 6, 7, 8, 9, 10, 12, 13, 14, 16, 19]]
[[6,10,12,22,36,58],[0, 2, 3, 5, 8, 11, 12, 14, 16, 19]]
[[6,10,12,22,36,58],[0, 1, 2, 5, 6, 8, 10, 11, 12, 14, 16, 19]]
[[6,10,12,22,36,58],[0, 1, 2, 4, 9, 11, 12, 14, 16, 19]]
[[6,10,12,22,36,58],[0, 2, 3, 4, 6, 7, 8, 9, 10, 11, 12, 14, 16, 19]]
[[6,10,12,22,36,58],[0, 5, 7, 10, 17, 19]]
[[6,10,12,22,36,58],[0, 3, 5, 6, 7, 10, 17, 19]]
[[6,10,12,22,36,58],[0, 2, 4, 5, 7, 10, 12, 14, 17, 19]]
[[6,10,12,22,36,58],[0, 1, 2, 4, 5, 6, 7, 10, 12, 14, 17, 19]]
[[6,10,12,22,36,58],[0, 2, 5, 7, 10, 14, 16, 17]]
[[6,10,12,22,36,58],[0, 2, 3, 5, 7, 14, 16, 17]]
[[6,10,12,22,36,58],[0, 1, 2, 5, 6, 7, 10, 14, 16, 17]]
[[6,10,12,22,36,58],[0, 1, 2, 3, 5, 6, 7, 14, 16, 17]]
[[6,10,12,22,36,58],[0, 1, 2, 3, 6, 7, 9, 14, 16, 17]]
[[6,10,12,22,36,58],[0, 2, 3, 6, 8, 9, 10, 14, 16, 17]]
[[6,10,12,22,31,70],[0, 2, 4, 5, 6, 11, 13, 14, 16, 17]]
[[6,10,12,22,36,58],[0, 2, 5, 6, 11, 14, 16, 17]]
[[6,10,12,22,36,58],[0, 1, 2, 3, 5, 6, 11, 14, 16, 17]]
[[6,10,12,22,36,58],[0, 1, 2, 4, 5, 8, 11, 14, 16, 17]]
[[6,10,12,22,36,58],[0, 2, 4, 5, 6, 8, 11, 14, 16, 17]]
[[6,10,12,22,36,58],[0, 4, 5, 6, 9, 11, 13, 14, 16, 17]]
[[6,10,12,22,36,58],[0, 5, 6, 9, 11, 14, 16, 17]]
[[6,10,12,22,31,70],[0, 4, 5, 6, 7, 9, 11, 14, 16, 17]]
[[6,10,12,22,36,58],[0, 1, 2, 3, 6, 8, 9, 11, 13, 14, 16, 17]]
[[6,10,12,22,31,70],[0, 4, 5, 6, 8, 9, 11, 14, 16, 17]]
[[6,10,12,22,36,58],[0, 3, 5, 7, 8, 9, 11, 14, 16, 17]]
[[6,10,12,22,31,70],[0, 1, 2, 4, 5, 6, 10, 12, 13, 14, 16, 17]]
[[6,10,12,22,36,58],[0, 3, 5, 9, 12, 14, 16, 17]]
[[6,10,12,22,31,70],[0, 2, 3, 4, 6, 7, 9, 10, 12, 14, 16, 17]]
[[6,10,12,22,36,58],[0, 2, 3, 6, 7, 9, 10, 12, 13, 14, 16, 17]]
[[6,10,12,22,31,70],[0, 1, 2, 4, 6, 8, 9, 10, 12, 14, 16, 17]]
[[6,10,12,22,36,58],[0, 4, 5, 7, 8, 9, 10, 12, 13, 14, 16, 17]]
[[6,10,12,22,36,58],[0, 5, 6, 7, 8, 9, 12, 14, 16, 17]]
[[6,10,12,22,31,70],[0, 2, 4, 6, 9, 11, 12, 14, 16, 17]]
[[6,10,12,22,31,70],[0, 1, 2, 3, 4, 7, 8, 9, 10, 11, 12, 14, 16, 17]]
[[6,10,12,22,36,58],[0, 1, 2, 3, 4, 7, 10, 13, 18, 19]]
[[6,10,12,22,36,58],[0, 1, 3, 8, 10, 14, 18, 19]]
[[6,10,12,22,36,58],[0, 1, 3, 5, 8, 10, 18, 19]]
[[6,10,12,22,36,58],[0, 3, 5, 6, 7, 8, 10, 13, 18, 19]]
[[6,10,12,22,36,58],[0, 1, 3, 9, 10, 13, 18, 19]]
[[6,10,12,22,36,58],[0, 1, 2, 3, 5, 9, 10, 13, 18, 19]]
[[6,10,12,22,36,58],[0, 3, 6, 9, 10, 13, 18, 19]]
[[6,10,12,22,36,58],[0, 1, 3, 4, 7, 9, 10, 13, 18, 19]]
[[6,10,12,22,31,70],[0, 3, 4, 6, 7, 9, 10, 13, 18, 19]]
[[6,10,12,22,36,58],[0, 1, 5, 6, 7, 9, 10, 14, 18, 19]]
[[6,10,12,22,36,58],[0, 1, 2, 3, 8, 9, 10, 14, 18, 19]]
[[6,10,12,22,36,58],[0, 1, 2, 3, 5, 8, 9, 10, 18, 19]]
[[6,10,12,22,31,70],[0, 3, 4, 6, 8, 9, 10, 13, 18, 19]]
[[6,10,12,22,36,58],[0, 1, 2, 5, 6, 8, 9, 10, 18, 19]]
[[6,10,12,22,31,70],[0, 1, 3, 4, 9, 10, 11, 13, 18, 19]]
[[6,10,12,22,36,58],[0, 3, 4, 6, 9, 10, 11, 13, 18, 19]]
[[6,10,12,22,36,58],[0, 1, 2, 5, 6, 7, 9, 10, 11, 13, 18, 19]]
[[6,10,12,22,36,58],[0, 3, 5, 6, 10, 12, 18, 19]]
[[6,10,12,22,31,70],[0, 1, 2, 4, 5, 6, 7, 8, 10, 12, 13, 14, 18, 19]]
[[6,10,12,22,31,70],[0, 1, 4, 6, 9, 10, 12, 13, 18, 19]]
[[6,10,12,22,31,70],[0, 1, 2, 4, 6, 7, 9, 10, 12, 14, 18, 19]]
[[6,10,12,22,31,70],[0, 1, 4, 5, 6, 8, 9, 10, 12, 14, 18, 19]]
[[6,10,12,22,36,58],[0, 3, 6, 7, 8, 9, 10, 12, 18, 19]]
[[6,10,12,22,36,58],[0, 3, 4, 6, 7, 8, 10, 11, 12, 14, 18, 19]]
[[6,10,12,22,31,70],[0, 1, 2, 3, 4, 9, 10, 11, 12, 14, 18, 19]]
[[6,10,12,22,36,58],[0, 1, 5, 6, 8, 9, 10, 11, 12, 14, 18, 19]]
[[6,10,12,22,36,58],[0, 3, 8, 14, 16, 18]]
[[6,10,12,22,36,58],[0, 3, 5, 8, 9, 14, 16, 18]]
[[6,10,12,22,36,58],[0, 1, 3, 4, 8, 10, 12, 14, 16, 18]]
[[6,10,12,22,36,58],[0, 1, 2, 3, 4, 8, 9, 10, 12, 14, 16, 18]]
[[6,10,12,22,36,58],[0, 3, 6, 8, 10, 14, 17, 18]]
[[6,10,12,22,36,58],[0, 5, 7, 9, 10, 14, 17, 18]]
[[6,10,12,22,36,58],[0, 1, 4, 6, 8, 10, 12, 14, 17, 18]]
[[6,10,12,22,36,58],[0, 2, 4, 7, 9, 10, 12, 14, 17, 18]]
[[6,10,12,22,36,58],[0, 1, 3, 6, 8, 14, 16, 17, 18, 19]]
[[6,10,12,22,36,58],[0, 1, 5, 6, 8, 10, 16, 17, 18, 19]]
[[6,10,12,22,36,58],[0, 2, 3, 7, 9, 14, 16, 17, 18, 19]]
[[6,10,12,22,36,58],[0, 2, 5, 7, 9, 10, 16, 17, 18, 19]]
[[6,10,12,22,36,58],[0, 2, 3, 5, 6, 7, 9, 10, 16, 17, 18, 19]]
[[6,10,12,22,36,58],[0, 1, 3, 5, 6, 8, 9, 14, 16, 17, 18, 19]]
[[6,10,12,22,31,70],[0, 2, 4, 5, 6, 7, 8, 11, 13, 14, 16, 17, 18, 19]]
[[6,10,12,22,31,70],[0, 1, 3, 4, 7, 8, 9, 10, 11, 13, 16, 17, 18, 19]]
[[6,10,12,22,36,58],[0, 5, 6, 12, 16, 17, 18, 19]]
[[6,10,12,22,36,58],[0, 3, 9, 12, 16, 17, 18, 19]]
[[6,10,12,22,31,70],[0, 1, 4, 5, 6, 7, 9, 10, 12, 14, 16, 17, 18, 19]]
[[6,10,12,22,31,70],[0, 2, 3, 4, 6, 8, 9, 10, 12, 14, 16, 17, 18, 19]]
[[6,10,12,22,36,58],[0, 2, 3, 5, 6, 8, 9, 10, 12, 13, 16, 17, 18, 19]]
[[6,10,12,22,36,58],[0, 4, 7, 8, 9, 10, 12, 13, 16, 17, 18, 19]]
[[6,10,12,22,31,70],[0, 1, 4, 6, 7, 8, 9, 10, 12, 13, 16, 17, 18, 19]]
[[6,10,12,22,36,58],[0, 2, 4, 6, 7, 11, 12, 13, 16, 17, 18, 19]]
[[6,10,12,22,36,58],[0, 4, 6, 7, 8, 11, 12, 14, 16, 17, 18, 19]]
[[6,10,12,22,36,58],[0, 5, 6, 7, 8, 11, 12, 13, 16, 17, 18, 19]]
[[6,10,12,22,31,70],[0, 4, 6, 7, 9, 11, 12, 13, 16, 17, 18, 19]]
[[6,10,12,22,36,58],[0, 1, 3, 5, 6, 7, 9, 11, 12, 14, 16, 17, 18, 19]]
[[6,10,12,22,36,58],[0, 1, 4, 8, 9, 11, 12, 13, 16, 17, 18, 19]]
[[6,10,12,22,31,70],[0, 4, 6, 8, 9, 11, 12, 13, 16, 17, 18, 19]]
[[6,10,12,22,36,58],[0, 3, 7, 8, 9, 11, 12, 13, 16, 17, 18, 19]]
[[6,10,12,22,31,70],[0, 2, 4, 6, 7, 8, 9, 11, 12, 14, 16, 17, 18, 19]]
[[6,10,12,22,36,58],[0, 1, 3, 6, 7, 8, 9, 11, 12, 13, 16, 17, 18, 19]]
[[6,10,12,22,36,58],[0, 2, 5, 6, 7, 8, 9, 11, 12, 13, 16, 17, 18, 19]]
[[6,10,12,10,36,124],[0, 3, 4, 5, 6, 7, 8, 10, 16, 19]]
[[6,10,12,10,36,124],[0, 3, 4, 5, 6, 9, 10, 14, 16, 19]]
[[6,10,12,10,36,124],[0, 3, 4, 5, 7, 8, 9, 14, 16, 19]]
[[6,10,12,10,36,124],[0, 1, 2, 3, 4, 5, 10, 11, 13, 14, 16, 19]]
[[6,10,12,10,36,124],[0, 2, 3, 4, 5, 12, 13, 14, 16, 19]]
[[6,10,12,10,36,124],[0, 1, 3, 4, 5, 10, 11, 12, 16, 19]]
[[6,10,12,10,36,124],[0, 1, 2, 3, 4, 5, 7, 8, 9, 10, 11, 13, 17, 19]]
[[6,10,12,10,36,124],[0, 2, 3, 4, 5, 6, 9, 10, 12, 13, 17, 19]]
[[6,10,12,10,36,124],[0, 1, 2, 3, 4, 5, 6, 7, 8, 11, 13, 14, 16, 18]]
[[6,10,12,10,36,124],[0, 1, 3, 4, 5, 6, 9, 11, 12, 14, 16, 18]]
[[6,10,12,10,36,124],[0, 2, 3, 4, 5, 6, 7, 8, 10, 12, 13, 14, 17, 18]]
[[6,10,12,10,36,124],[0, 1, 3, 4, 5, 7, 8, 9, 10, 11, 12, 14, 17, 18]]
[[6,10,12,26,41,52],[0, 1, 2, 5, 6, 7, 8, 10, 13, 14, 16, 19]]
[[6,10,12,26,41,52],[0, 1, 5, 6, 9, 10, 13, 14, 16, 19]]
[[6,10,12,26,41,52],[0, 2, 3, 6, 9, 10, 11, 14, 16, 19]]
[[6,10,12,26,41,52],[0, 1, 2, 3, 7, 8, 9, 10, 11, 14, 16, 19]]
[[6,10,12,26,41,52],[0, 2, 3, 5, 6, 7, 8, 10, 11, 12, 13, 14, 16, 19]]
[[6,10,12,26,41,52],[0, 1, 3, 5, 7, 8, 9, 10, 11, 12, 13, 14, 16, 19]]
[[6,10,12,26,41,52],[0, 1, 2, 5, 6, 10, 13, 14, 17, 19]]
[[6,10,12,26,41,52],[0, 2, 3, 5, 6, 10, 11, 12, 13, 14, 17, 19]]
[[6,10,12,26,41,52],[0, 1, 3, 7, 9, 10, 11, 12, 17, 19]]
[[6,10,12,26,41,52],[0, 1, 3, 8, 9, 10, 11, 12, 17, 19]]
[[6,10,12,26,41,52],[0, 3, 5, 6, 7, 9, 10, 11, 13, 14, 16, 17]]
[[6,10,12,26,41,52],[0, 5, 6, 8, 9, 12, 13, 14, 16, 17]]
[[6,10,12,26,41,52],[0, 3, 5, 6, 8, 9, 10, 11, 13, 14, 18, 19]]
[[6,10,12,26,41,52],[0, 3, 6, 7, 9, 10, 11, 12, 18, 19]]
[[6,10,12,26,41,52],[0, 1, 2, 3, 9, 10, 11, 14, 16, 18]]
[[6,10,12,26,41,52],[0, 2, 5, 6, 7, 12, 13, 14, 16, 18]]
[[6,10,12,26,41,52],[0, 2, 5, 6, 8, 12, 13, 14, 16, 18]]
[[6,10,12,26,41,52],[0, 1, 3, 5, 9, 10, 11, 12, 13, 14, 16, 18]]
[[6,10,12,26,41,52],[0, 1, 5, 6, 7, 8, 9, 10, 13, 14, 17, 18]]
[[6,10,12,26,41,52],[0, 1, 2, 3, 5, 7, 10, 11, 13, 14, 17, 18]]
[[6,10,12,26,41,52],[0, 1, 2, 3, 5, 8, 10, 11, 13, 14, 17, 18]]
[[6,10,12,26,41,52],[0, 2, 3, 6, 7, 8, 9, 10, 11, 14, 17, 18]]
[[6,10,12,26,41,52],[0, 5, 6, 7, 9, 12, 13, 14, 16, 17, 18, 19]]
[[6,10,12,26,41,52],[0, 3, 6, 8, 9, 10, 11, 12, 16, 17, 18, 19]]
[[6,10,12,14,46,70],[0, 2, 5, 6, 7, 11, 13, 14, 16, 19]]
[[6,10,12,14,46,70],[0, 1, 3, 8, 9, 10, 11, 13, 16, 19]]
[[6,10,12,14,46,70],[0, 1, 2, 3, 5, 7, 10, 12, 13, 14, 16, 19]]
[[6,10,12,14,46,70],[0, 1, 3, 7, 9, 10, 12, 13, 16, 19]]
[[6,10,12,14,46,70],[0, 1, 2, 3, 5, 8, 10, 11, 12, 14, 16, 19]]
[[6,10,12,14,46,70],[0, 2, 5, 6, 8, 11, 12, 14, 16, 19]]
[[6,10,12,14,46,70],[0, 1, 5, 6, 9, 10, 11, 14, 17, 19]]
[[6,10,12,14,46,70],[0, 3, 6, 8, 9, 10, 11, 13, 17, 19]]
[[6,10,12,14,46,70],[0, 1, 3, 5, 7, 8, 9, 10, 11, 14, 17, 19]]
[[6,10,12,14,46,70],[0, 3, 6, 7, 9, 10, 12, 13, 17, 19]]
[[6,10,12,14,46,70],[0, 1, 2, 5, 6, 10, 11, 14, 16, 17]]
[[6,10,12,14,46,70],[0, 2, 3, 5, 6, 10, 11, 14, 16, 17]]
[[6,10,12,14,46,70],[0, 1, 2, 3, 9, 10, 13, 14, 18, 19]]
[[6,10,12,14,46,70],[0, 1, 3, 5, 9, 10, 13, 14, 18, 19]]
[[6,10,12,14,46,70],[0, 2, 3, 5, 6, 7, 8, 10, 13, 14, 16, 18]]
[[6,10,12,14,46,70],[0, 2, 3, 6, 9, 10, 13, 14, 16, 18]]
[[6,10,12,14,46,70],[0, 5, 6, 7, 9, 11, 13, 14, 16, 18]]
[[6,10,12,14,46,70],[0, 5, 6, 8, 9, 11, 12, 14, 16, 18]]
[[6,10,12,14,46,70],[0, 3, 5, 6, 8, 9, 10, 12, 13, 14, 17, 18]]
[[6,10,12,14,46,70],[0, 1, 2, 5, 6, 7, 8, 10, 11, 12, 13, 14, 17, 18]]
[[6,10,12,14,46,70],[0, 3, 5, 6, 7, 9, 10, 11, 12, 14, 17, 18]]
[[6,10,12,14,46,70],[0, 1, 2, 3, 7, 8, 9, 10, 11, 12, 13, 14, 17, 18]]
[[6,10,12,14,46,70],[0, 2, 3, 6, 7, 8, 9, 10, 11, 12, 13, 14, 16, 17, 18, 19]]
[[6,10,12,14,46,70],[0, 1, 5, 6, 7, 8, 9, 10, 11, 12, 13, 14, 16, 17, 18, 19]]
[[6,10,18,22,16,70],[0, 2, 3, 6, 10, 13, 16, 19]]
[[6,10,18,22,16,70],[0, 2, 3, 5, 6, 7, 8, 9, 10, 13, 16, 19]]
[[6,10,18,22,16,70],[0, 1, 3, 6, 7, 11, 13, 14, 16, 19]]
[[6,10,18,22,16,70],[0, 1, 5, 9, 11, 14, 16, 19]]
[[6,10,18,22,16,70],[0, 2, 5, 8, 9, 10, 11, 13, 16, 19]]
[[6,10,18,22,16,70],[0, 1, 3, 5, 6, 7, 8, 9, 11, 14, 16, 19]]
[[6,10,18,22,16,70],[0, 1, 3, 7, 10, 12, 13, 14, 16, 19]]
[[6,10,18,22,26,46],[0, 1, 2, 5, 6, 7, 8, 10, 12, 14, 16, 19]]
[[6,10,18,22,26,46],[0, 2, 3, 5, 6, 7, 8, 10, 12, 14, 16, 19]]
[[6,10,18,22,26,46],[0, 2, 3, 6, 9, 10, 12, 14, 16, 19]]
[[6,10,18,22,26,46],[0, 1, 5, 6, 9, 10, 12, 14, 16, 19]]
[[6,10,18,22,16,70],[0, 1, 2, 3, 5, 7, 9, 10, 12, 13, 16, 19]]
[[6,10,18,22,26,46],[0, 1, 2, 3, 7, 8, 9, 10, 12, 14, 16, 19]]
[[6,10,18,22,26,46],[0, 1, 3, 5, 7, 8, 9, 10, 12, 14, 16, 19]]
[[6,10,18,22,16,70],[0, 1, 2, 3, 6, 11, 12, 13, 16, 19]]
[[6,10,18,22,16,70],[0, 2, 5, 8, 10, 11, 12, 14, 16, 19]]
[[6,10,18,22,16,70],[0, 1, 2, 3, 5, 6, 8, 11, 12, 14, 16, 19]]
[[6,10,18,22,16,70],[0, 1, 2, 5, 9, 11, 12, 13, 16, 19]]
[[6,10,18,22,26,46],[0, 3, 6, 7, 9, 10, 17, 19]]
[[6,10,18,22,26,46],[0, 3, 6, 8, 9, 10, 17, 19]]
[[6,10,18,22,16,70],[0, 5, 8, 10, 11, 13, 17, 19]]
[[6,10,18,22,16,70],[0, 3, 5, 6, 8, 10, 12, 13, 17, 19]]
[[6,10,18,22,26,46],[0, 1, 3, 5, 9, 10, 12, 14, 17, 19]]
[[6,10,18,22,26,46],[0, 1, 5, 6, 7, 8, 9, 10, 12, 14, 17, 19]]
[[6,10,18,22,26,46],[0, 1, 2, 3, 5, 7, 10, 14, 16, 17]]
[[6,10,18,22,26,46],[0, 2, 5, 6, 7, 14, 16, 17]]
[[6,10,18,22,16,70],[0, 1, 2, 5, 11, 14, 16, 17]]
[[6,10,18,22,16,70],[0, 2, 3, 5, 11, 14, 16, 17]]
[[6,10,18,22,16,70],[0, 1, 2, 3, 10, 13, 18, 19]]
[[6,10,18,22,16,70],[0, 1, 3, 5, 10, 13, 18, 19]]
[[6,10,18,22,26,46],[0, 1, 2, 3, 5, 8, 10, 14, 18, 19]]
[[6,10,18,22,26,46],[0, 1, 3, 8, 9, 10, 18, 19]]
[[6,10,18,22,26,46],[0, 5, 6, 7, 9, 14, 16, 18]]
[[6,10,18,22,26,46],[0, 5, 6, 8, 9, 14, 16, 18]]
[[6,10,18,22,16,70],[0, 3, 7, 11, 13, 14, 16, 18]]
[[6,10,18,22,26,46],[0, 2, 3, 5, 6, 10, 12, 14, 16, 18]]
[[6,10,18,22,26,46],[0, 2, 3, 6, 7, 8, 9, 10, 12, 14, 16, 18]]
[[6,10,18,22,16,70],[0, 3, 5, 7, 9, 11, 12, 14, 16, 18]]
[[6,10,18,22,26,46],[0, 3, 5, 6, 7, 9, 10, 14, 17, 18]]
[[6,10,18,22,26,46],[0, 3, 5, 6, 8, 9, 10, 14, 17, 18]]
[[6,10,18,22,26,46],[0, 1, 2, 5, 6, 10, 12, 14, 17, 18]]
[[6,10,18,22,16,70],[0, 3, 6, 7, 10, 12, 13, 14, 17, 18]]
[[6,10,18,22,26,46],[0, 1, 2, 3, 9, 10, 12, 14, 17, 18]]
[[6,10,18,22,16,70],[0, 5, 8, 9, 10, 11, 12, 14, 17, 18]]
[[6,10,18,22,26,46],[0, 2, 5, 6, 8, 14, 16, 17, 18, 19]]
[[6,10,18,22,26,46],[0, 1, 3, 7, 9, 10, 16, 17, 18, 19]]
[[6,10,18,22,16,70],[0, 2, 3, 11, 12, 13, 16, 17, 18, 19]]
[[6,10,18,22,16,70],[0, 1, 5, 11, 12, 13, 16, 17, 18, 19]]
[[6,10,18,18,26,64],[0, 2, 3, 5, 6, 10, 13, 14, 16, 19]]
[[6,10,18,18,26,64],[0, 2, 3, 6, 7, 8, 9, 10, 13, 14, 16, 19]]
[[6,10,18,18,26,64],[0, 1, 3, 5, 9, 10, 11, 14, 16, 19]]
[[6,10,18,18,26,64],[0, 1, 5, 6, 7, 8, 9, 10, 11, 14, 16, 19]]
[[6,10,18,18,26,64],[0, 1, 2, 5, 6, 10, 11, 12, 13, 14, 16, 19]]
[[6,10,18,18,26,64],[0, 1, 2, 3, 9, 10, 11, 12, 13, 14, 16, 19]]
[[6,10,18,18,26,64],[0, 1, 3, 7, 9, 10, 11, 13, 17, 19]]
[[6,10,18,18,26,64],[0, 3, 6, 7, 9, 10, 11, 13, 17, 19]]
[[6,10,18,18,26,64],[0, 1, 3, 8, 9, 10, 12, 13, 17, 19]]
[[6,10,18,18,26,64],[0, 3, 6, 8, 9, 10, 12, 13, 17, 19]]
[[6,10,18,18,26,64],[0, 1, 2, 3, 7, 8, 9, 10, 13, 14, 16, 17]]
[[6,10,18,18,26,64],[0, 2, 3, 6, 9, 10, 11, 12, 13, 14, 16, 17]]
[[6,10,18,18,26,64],[0, 1, 2, 5, 6, 7, 8, 10, 11, 14, 18, 19]]
[[6,10,18,18,26,64],[0, 1, 5, 6, 9, 10, 11, 12, 13, 14, 18, 19]]
[[6,10,18,18,26,64],[0, 2, 5, 6, 8, 11, 13, 14, 16, 18]]
[[6,10,18,18,26,64],[0, 5, 6, 8, 9, 11, 13, 14, 16, 18]]
[[6,10,18,18,26,64],[0, 2, 5, 6, 7, 11, 12, 14, 16, 18]]
[[6,10,18,18,26,64],[0, 5, 6, 7, 9, 11, 12, 14, 16, 18]]
[[6,10,18,18,26,64],[0, 1, 2, 3, 5, 8, 10, 12, 13, 14, 17, 18]]
[[6,10,18,18,26,64],[0, 3, 5, 6, 7, 9, 10, 12, 13, 14, 17, 18]]
[[6,10,18,18,26,64],[0, 1, 2, 3, 5, 7, 10, 11, 12, 14, 17, 18]]
[[6,10,18,18,26,64],[0, 3, 5, 6, 8, 9, 10, 11, 12, 14, 17, 18]]
[[6,10,18,18,26,64],[0, 1, 3, 5, 7, 8, 9, 10, 13, 14, 16, 17, 18, 19]]
[[6,10,18,18,26,64],[0, 2, 3, 5, 6, 7, 8, 10, 11, 14, 16, 17, 18, 19]]
[[6,10,15,14,36,79],[0, 1, 3, 4, 5, 8, 10, 13, 16, 19]]
[[6,10,15,14,36,79],[0, 1, 3, 4, 5, 6, 7, 9, 13, 14, 16, 19]]
[[6,10,15,14,36,79],[0, 1, 2, 3, 4, 5, 8, 9, 10, 13, 16, 19]]
[[6,10,15,14,36,79],[0, 1, 2, 3, 4, 5, 6, 8, 9, 13, 16, 19]]
[[6,10,15,14,36,79],[0, 2, 3, 4, 5, 7, 11, 14, 16, 19]]
[[6,10,15,14,36,79],[0, 1, 2, 3, 4, 5, 6, 7, 11, 14, 16, 19]]
[[6,10,15,14,46,67],[0, 2, 3, 4, 7, 8, 11, 13, 16, 19]]
[[6,10,15,14,46,67],[0, 1, 4, 5, 7, 8, 11, 13, 16, 19]]
[[6,10,15,14,36,79],[0, 1, 2, 3, 4, 5, 6, 7, 9, 11, 16, 19]]
[[6,10,15,14,36,79],[0, 2, 3, 4, 5, 6, 8, 9, 10, 11, 16, 19]]
[[6,10,15,14,46,67],[0, 1, 4, 7, 12, 14, 16, 19]]
[[6,10,15,14,36,79],[0, 1, 2, 3, 4, 7, 10, 12, 16, 19]]
[[6,10,15,14,36,79],[0, 2, 4, 6, 7, 12, 16, 19]]
[[6,10,15,14,46,67],[0, 1, 3, 4, 6, 7, 12, 14, 16, 19]]
[[6,10,15,14,46,67],[0, 2, 4, 8, 10, 12, 16, 19]]
[[6,10,15,14,36,79],[0, 1, 2, 4, 5, 8, 12, 14, 16, 19]]
[[6,10,15,14,46,67],[0, 1, 2, 3, 4, 6, 8, 12, 16, 19]]
[[6,10,15,14,36,79],[0, 2, 4, 5, 6, 8, 12, 14, 16, 19]]
[[6,10,15,14,46,67],[0, 1, 2, 4, 7, 8, 12, 13, 16, 19]]
[[6,10,15,14,46,67],[0, 1, 4, 5, 7, 8, 12, 13, 16, 19]]
[[6,10,15,14,36,79],[0, 1, 3, 4, 7, 9, 10, 12, 16, 19]]
[[6,10,15,14,46,67],[0, 1, 2, 4, 5, 7, 9, 12, 16, 19]]
[[6,10,15,14,36,79],[0, 1, 4, 8, 9, 12, 16, 19]]
[[6,10,15,14,46,67],[0, 2, 4, 5, 8, 9, 10, 12, 16, 19]]
[[6,10,15,14,36,79],[0, 1, 3, 4, 5, 6, 8, 11, 12, 13, 16, 19]]
[[6,10,15,14,46,67],[0, 1, 2, 4, 7, 8, 11, 12, 16, 19]]
[[6,10,15,14,46,67],[0, 2, 3, 4, 7, 8, 11, 12, 16, 19]]
[[6,10,15,14,36,79],[0, 2, 3, 4, 5, 7, 9, 11, 12, 13, 16, 19]]
[[6,10,15,14,36,79],[0, 2, 3, 4, 5, 6, 7, 9, 10, 11, 12, 13, 16, 19]]
[[6,10,15,14,36,79],[0, 1, 3, 4, 5, 6, 8, 9, 11, 12, 13, 14, 16, 19]]
[[6,10,15,14,36,79],[0, 1, 2, 4, 6, 10, 11, 12, 17, 19]]
[[6,10,15,14,36,79],[0, 2, 3, 4, 6, 10, 11, 12, 17, 19]]
[[6,10,15,14,46,67],[0, 1, 3, 4, 6, 7, 13, 14, 16, 17]]
[[6,10,15,14,36,79],[0, 3, 4, 5, 7, 9, 13, 14, 16, 17]]
[[6,10,15,14,36,79],[0, 2, 4, 5, 7, 10, 11, 14, 16, 17]]
[[6,10,15,14,36,79],[0, 1, 2, 4, 5, 6, 7, 10, 11, 14, 16, 17]]
[[6,10,15,14,36,79],[0, 3, 4, 6, 7, 8, 10, 11, 13, 14, 16, 17]]
[[6,10,15,14,36,79],[0, 2, 3, 4, 5, 8, 12, 14, 16, 17]]
[[6,10,15,14,36,79],[0, 1, 2, 3, 4, 5, 6, 8, 12, 14, 16, 17]]
[[6,10,15,14,36,79],[0, 4, 6, 7, 8, 12, 13, 14, 16, 17]]
[[6,10,15,14,46,67],[0, 4, 10, 11, 12, 14, 16, 17]]
[[6,10,15,14,46,67],[0, 3, 4, 11, 12, 14, 16, 17]]
[[6,10,15,14,46,67],[0, 1, 4, 7, 11, 12, 13, 14, 16, 17]]
[[6,10,15,14,36,79],[0, 3, 4, 5, 8, 9, 11, 12, 13, 14, 16, 17]]
[[6,10,15,14,36,79],[0, 1, 3, 4, 8, 10, 13, 14, 18, 19]]
[[6,10,15,14,36,79],[0, 1, 2, 3, 4, 8, 9, 10, 13, 14, 18, 19]]
[[6,10,15,14,36,79],[0, 3, 4, 5, 6, 8, 10, 11, 18, 19]]
[[6,10,15,14,46,67],[0, 2, 4, 5, 8, 9, 10, 11, 18, 19]]
[[6,10,15,14,36,79],[0, 4, 5, 7, 8, 9, 10, 11, 13, 14, 18, 19]]
[[6,10,15,14,46,67],[0, 4, 10, 12, 13, 14, 18, 19]]
[[6,10,15,14,46,67],[0, 4, 5, 10, 12, 13, 18, 19]]
[[6,10,15,14,36,79],[0, 1, 3, 4, 5, 7, 10, 12, 18, 19]]
[[6,10,15,14,36,79],[0, 1, 2, 3, 4, 5, 7, 9, 10, 12, 18, 19]]
[[6,10,15,14,36,79],[0, 3, 4, 5, 6, 7, 10, 11, 12, 13, 18, 19]]
[[6,10,15,14,46,67],[0, 2, 4, 8, 10, 11, 12, 13, 18, 19]]
[[6,10,15,14,36,79],[0, 4, 7, 8, 9, 10, 11, 12, 18, 19]]
[[6,10,15,14,36,79],[0, 1, 2, 4, 9, 12, 13, 14, 16, 18]]
[[6,10,15,14,36,79],[0, 1, 4, 5, 9, 12, 13, 14, 16, 18]]
[[6,10,15,14,36,79],[0, 2, 3, 4, 6, 7, 8, 9, 10, 11, 13, 14, 17, 18]]
[[6,10,15,14,36,79],[0, 1, 4, 5, 6, 7, 8, 9, 10, 11, 13, 14, 17, 18]]
[[6,10,15,14,36,79],[0, 3, 4, 5, 7, 13, 16, 17, 18, 19]]
[[6,10,15,14,46,67],[0, 1, 2, 3, 4, 6, 8, 13, 16, 17, 18, 19]]
[[6,10,15,14,46,67],[0, 3, 4, 11, 13, 14, 16, 17, 18, 19]]
[[6,10,15,14,46,67],[0, 4, 5, 10, 11, 13, 16, 17, 18, 19]]
[[6,10,15,14,36,79],[0, 3, 4, 5, 8, 11, 16, 17, 18, 19]]
[[6,10,15,14,46,67],[0, 1, 2, 4, 5, 7, 9, 11, 16, 17, 18, 19]]
[[6,10,15,14,36,79],[0, 1, 3, 4, 5, 6, 7, 12, 16, 17, 18, 19]]
[[6,10,15,14,36,79],[0, 4, 5, 6, 9, 12, 13, 14, 16, 17, 18, 19]]
[[6,10,15,14,36,79],[0, 2, 3, 4, 5, 8, 9, 12, 16, 17, 18, 19]]
[[6,10,15,14,36,79],[0, 1, 4, 6, 8, 10, 11, 12, 13, 14, 16, 17, 18, 19]]
[[6,10,15,14,36,79],[0, 3, 4, 6, 9, 10, 11, 12, 16, 17, 18, 19]]
[[6,10,15,14,36,79],[0, 2, 4, 7, 9, 10, 11, 12, 13, 14, 16, 17, 18, 19]]
[[6,10,15,10,36,97],[0, 2, 4, 6, 7, 13, 16, 19]]
[[6,10,15,10,36,97],[0, 2, 4, 5, 6, 8, 13, 14, 16, 19]]
[[6,10,15,10,36,97],[0, 1, 3, 4, 7, 9, 10, 11, 16, 19]]
[[6,10,15,10,36,97],[0, 1, 4, 8, 9, 11, 16, 19]]
[[6,10,15,10,36,97],[0, 1, 2, 3, 4, 7, 10, 11, 12, 13, 16, 19]]
[[6,10,15,10,36,97],[0, 1, 2, 4, 5, 8, 11, 12, 13, 14, 16, 19]]
[[6,10,15,10,36,97],[0, 2, 4, 7, 9, 10, 13, 14, 17, 19]]
[[6,10,15,10,36,97],[0, 1, 2, 3, 4, 8, 9, 10, 11, 12, 13, 14, 17, 19]]
[[6,10,15,10,36,97],[0, 4, 5, 6, 9, 14, 16, 17]]
[[6,10,15,10,36,97],[0, 4, 5, 7, 8, 9, 10, 14, 16, 17]]
[[6,10,15,10,36,97],[0, 1, 2, 4, 9, 11, 13, 14, 16, 17]]
[[6,10,15,10,36,97],[0, 2, 3, 4, 6, 7, 8, 9, 10, 12, 13, 14, 16, 17]]
[[6,10,15,10,36,97],[0, 3, 4, 6, 7, 8, 10, 14, 18, 19]]
[[6,10,15,10,36,97],[0, 3, 4, 6, 9, 10, 18, 19]]
[[6,10,15,10,36,97],[0, 1, 2, 4, 6, 10, 11, 13, 18, 19]]
[[6,10,15,10,36,97],[0, 1, 4, 5, 6, 7, 8, 9, 10, 11, 12, 14, 18, 19]]
[[6,10,15,10,36,97],[0, 1, 4, 6, 8, 10, 11, 14, 16, 18]]
[[6,10,15,10,36,97],[0, 1, 2, 4, 5, 6, 7, 10, 11, 12, 13, 14, 16, 18]]
[[6,10,15,10,36,97],[0, 2, 4, 5, 7, 10, 13, 14, 17, 18]]
[[6,10,15,10,36,97],[0, 1, 3, 4, 8, 10, 11, 14, 17, 18]]
[[6,10,15,10,36,97],[0, 4, 6, 7, 8, 14, 16, 17, 18, 19]]
[[6,10,15,10,36,97],[0, 4, 7, 8, 9, 10, 16, 17, 18, 19]]
[[6,10,15,10,36,97],[0, 2, 3, 4, 6, 10, 12, 13, 16, 17, 18, 19]]
[[6,10,15,10,36,97],[0, 1, 4, 5, 9, 11, 12, 14, 16, 17, 18, 19]]
[[6,10,15,22,26,67],[0, 1, 2, 3, 4, 8, 10, 13, 16, 19]]
[[6,10,15,22,26,67],[0, 1, 3, 4, 8, 9, 10, 13, 16, 19]]
[[6,10,15,22,26,55],[0, 3, 4, 6, 10, 11, 13, 14, 16, 19]]
[[6,10,15,22,26,67],[0, 1, 2, 4, 5, 7, 11, 14, 16, 19]]
[[6,10,15,22,26,67],[0, 1, 2, 3, 5, 7, 10, 11, 13, 14, 16, 19]]
[[6,10,15,22,26,67],[0, 2, 4, 5, 6, 7, 11, 14, 16, 19]]
[[6,10,15,22,26,67],[0, 1, 2, 3, 5, 8, 10, 11, 13, 14, 16, 19]]
[[6,10,15,22,26,55],[0, 4, 5, 9, 10, 11, 13, 14, 16, 19]]
[[6,10,15,22,31,79],[0, 1, 5, 6, 7, 9, 10, 11, 13, 14, 16, 19]]
[[6,10,15,22,31,79],[0, 2, 3, 6, 8, 9, 10, 11, 13, 14, 16, 19]]
[[6,10,15,22,26,55],[0, 4, 6, 12, 13, 14, 16, 19]]
[[6,10,15,22,26,67],[0, 2, 5, 6, 7, 12, 13, 14, 16, 19]]
[[6,10,15,22,26,67],[0, 2, 5, 6, 8, 12, 13, 14, 16, 19]]
[[6,10,15,22,31,79],[0, 1, 2, 3, 6, 7, 9, 12, 13, 14, 16, 19]]
[[6,10,15,22,31,79],[0, 1, 3, 5, 6, 8, 9, 12, 13, 14, 16, 19]]
[[6,10,15,22,26,55],[0, 4, 5, 6, 7, 8, 9, 12, 13, 14, 16, 19]]
[[6,10,15,22,26,67],[0, 2, 4, 6, 8, 11, 12, 13, 16, 19]]
[[6,10,15,22,26,55],[0, 4, 9, 10, 11, 12, 16, 19]]
[[6,10,15,22,26,67],[0, 1, 4, 7, 9, 11, 12, 13, 16, 19]]
[[6,10,15,22,26,67],[0, 1, 3, 7, 9, 10, 11, 12, 16, 19]]
[[6,10,15,22,31,79],[0, 2, 3, 5, 6, 7, 9, 10, 11, 12, 16, 19]]
[[6,10,15,22,26,67],[0, 1, 3, 8, 9, 10, 11, 12, 16, 19]]
[[6,10,15,22,31,79],[0, 1, 2, 5, 6, 8, 9, 10, 11, 12, 16, 19]]
[[6,10,15,22,26,55],[0, 3, 4, 6, 7, 8, 9, 10, 11, 12, 16, 19]]
[[6,10,15,22,26,67],[0, 1, 5, 6, 7, 8, 9, 10, 13, 14, 17, 19]]
[[6,10,15,22,26,55],[0, 2, 4, 5, 8, 10, 11, 14, 17, 19]]
[[6,10,15,22,26,55],[0, 1, 2, 4, 5, 6, 8, 10, 11, 14, 17, 19]]
[[6,10,15,22,26,67],[0, 2, 3, 6, 9, 10, 11, 14, 17, 19]]
[[6,10,15,22,26,67],[0, 1, 2, 3, 7, 8, 9, 10, 11, 14, 17, 19]]
[[6,10,15,22,26,67],[0, 3, 4, 6, 7, 8, 9, 10, 11, 13, 17, 19]]
[[6,10,15,22,26,67],[0, 4, 9, 10, 12, 13, 17, 19]]
[[6,10,15,22,26,67],[0, 1, 3, 5, 9, 10, 11, 12, 13, 14, 17, 19]]
[[6,10,15,22,31,79],[0, 1, 2, 3, 5, 6, 7, 8, 13, 14, 16, 17]]
[[6,10,15,22,31,79],[0, 3, 5, 9, 13, 14, 16, 17]]
[[6,10,15,22,26,55],[0, 1, 4, 5, 6, 9, 10, 11, 13, 14, 16, 17]]
[[6,10,15,22,31,79],[0, 1, 2, 3, 8, 9, 10, 11, 13, 14, 16, 17]]
[[6,10,15,22,26,67],[0, 3, 5, 6, 8, 9, 10, 11, 13, 14, 16, 17]]
[[6,10,15,22,26,55],[0, 1, 2, 4, 5, 7, 12, 14, 16, 17]]
[[6,10,15,22,26,55],[0, 2, 4, 5, 6, 7, 12, 14, 16, 17]]
[[6,10,15,22,26,67],[0, 2, 4, 5, 8, 10, 12, 14, 16, 17]]
[[6,10,15,22,26,67],[0, 1, 2, 4, 5, 6, 8, 10, 12, 14, 16, 17]]
[[6,10,15,22,31,79],[0, 2, 3, 7, 9, 12, 13, 14, 16, 17]]
[[6,10,15,22,26,67],[0, 5, 6, 7, 9, 12, 13, 14, 16, 17]]
[[6,10,15,22,26,55],[0, 1, 4, 5, 7, 8, 9, 12, 13, 14, 16, 17]]
[[6,10,15,22,31,79],[0, 2, 5, 6, 7, 8, 11, 12, 13, 14, 16, 17]]
[[6,10,15,22,26,67],[0, 2, 3, 4, 6, 9, 10, 11, 12, 14, 16, 17]]
[[6,10,15,22,26,67],[0, 1, 2, 4, 7, 8, 9, 11, 12, 14, 16, 17]]
[[6,10,15,22,31,79],[0, 5, 6, 7, 8, 9, 11, 12, 13, 14, 16, 17]]
[[6,10,15,22,31,79],[0, 3, 5, 6, 10, 11, 18, 19]]
[[6,10,15,22,31,79],[0, 1, 2, 5, 6, 7, 10, 11, 13, 14, 18, 19]]
[[6,10,15,22,26,55],[0, 2, 3, 4, 6, 9, 10, 11, 13, 14, 18, 19]]
[[6,10,15,22,26,67],[0, 3, 5, 6, 7, 9, 10, 11, 13, 14, 18, 19]]
[[6,10,15,22,31,79],[0, 1, 2, 3, 5, 7, 8, 9, 10, 11, 18, 19]]
[[6,10,15,22,26,67],[0, 1, 3, 4, 7, 10, 12, 14, 18, 19]]
[[6,10,15,22,26,55],[0, 1, 2, 3, 4, 8, 10, 12, 18, 19]]
[[6,10,15,22,26,67],[0, 1, 2, 4, 6, 7, 8, 10, 12, 13, 18, 19]]
[[6,10,15,22,26,67],[0, 1, 4, 5, 6, 9, 10, 12, 13, 14, 18, 19]]
[[6,10,15,22,26,67],[0, 1, 2, 3, 4, 7, 9, 10, 12, 14, 18, 19]]
[[6,10,15,22,26,55],[0, 1, 3, 4, 8, 9, 10, 12, 18, 19]]
[[6,10,15,22,31,79],[0, 1, 5, 6, 8, 10, 11, 12, 18, 19]]
[[6,10,15,22,26,55],[0, 2, 3, 4, 6, 7, 8, 10, 11, 12, 18, 19]]
[[6,10,15,22,26,67],[0, 3, 6, 8, 9, 10, 11, 12, 18, 19]]
[[6,10,15,22,31,79],[0, 1, 3, 7, 8, 9, 10, 11, 12, 13, 18, 19]]
[[6,10,15,22,31,79],[0, 3, 6, 7, 8, 9, 10, 11, 12, 13, 18, 19]]
[[6,10,15,22,26,55],[0, 1, 3, 4, 7, 10, 13, 14, 16, 18]]
[[6,10,15,22,26,67],[0, 1, 2, 5, 6, 7, 8, 10, 13, 14, 16, 18]]
[[6,10,15,22,26,67],[0, 1, 5, 6, 9, 10, 13, 14, 16, 18]]
[[6,10,15,22,26,55],[0, 1, 2, 3, 4, 7, 9, 10, 13, 14, 16, 18]]
[[6,10,15,22,26,67],[0, 2, 3, 6, 7, 8, 9, 10, 11, 14, 16, 18]]
[[6,10,15,22,26,67],[0, 4, 5, 6, 7, 8, 9, 11, 13, 14, 16, 18]]
[[6,10,15,22,26,67],[0, 4, 6, 11, 12, 14, 16, 18]]
[[6,10,15,22,26,67],[0, 2, 3, 5, 6, 10, 11, 12, 13, 14, 16, 18]]
[[6,10,15,22,26,67],[0, 1, 2, 5, 6, 10, 13, 14, 17, 18]]
[[6,10,15,22,26,67],[0, 1, 2, 3, 9, 10, 11, 14, 17, 18]]
[[6,10,15,22,26,67],[0, 4, 5, 9, 10, 12, 13, 14, 17, 18]]
[[6,10,15,22,26,67],[0, 3, 4, 6, 10, 11, 12, 14, 17, 18]]
[[6,10,15,22,26,55],[0, 1, 4, 6, 7, 10, 11, 12, 13, 14, 17, 18]]
[[6,10,15,22,26,67],[0, 2, 3, 5, 6, 7, 8, 10, 11, 12, 13, 14, 17, 18]]
[[6,10,15,22,26,55],[0, 2, 4, 8, 9, 10, 11, 12, 13, 14, 17, 18]]
[[6,10,15,22,26,67],[0, 1, 3, 5, 7, 8, 9, 10, 11, 12, 13, 14, 17, 18]]
[[6,10,15,22,31,79],[0, 3, 9, 13, 16, 17, 18, 19]]
[[6,10,15,22,31,79],[0, 1, 3, 6, 9, 13, 16, 17, 18, 19]]
[[6,10,15,22,31,79],[0, 5, 6, 11, 16, 17, 18, 19]]
[[6,10,15,22,26,67],[0, 2, 3, 4, 6, 7, 8, 10, 11, 13, 16, 17, 18, 19]]
[[6,10,15,22,31,79],[0, 2, 5, 6, 9, 11, 16, 17, 18, 19]]
[[6,10,15,22,26,67],[0, 1, 4, 5, 7, 8, 9, 11, 13, 14, 16, 17, 18, 19]]
[[6,10,15,22,31,79],[0, 2, 3, 5, 7, 12, 13, 14, 16, 17, 18, 19]]
[[6,10,15,22,26,67],[0, 1, 4, 6, 7, 10, 12, 14, 16, 17, 18, 19]]
[[6,10,15,22,26,55],[0, 2, 4, 6, 8, 12, 16, 17, 18, 19]]
[[6,10,15,22,26,55],[0, 1, 4, 7, 9, 12, 16, 17, 18, 19]]
[[6,10,15,22,26,67],[0, 2, 4, 8, 9, 10, 12, 14, 16, 17, 18, 19]]
[[6,10,15,22,26,67],[0, 5, 6, 8, 9, 12, 13, 14, 16, 17, 18, 19]]
[[6,10,15,22,26,55],[0, 1, 2, 4, 7, 8, 9, 12, 13, 14, 16, 17, 18, 19]]
[[6,10,15,22,31,79],[0, 1, 3, 5, 8, 10, 11, 12, 16, 17, 18, 19]]
[[6,10,15,22,26,55],[0, 1, 2, 4, 6, 7, 8, 10, 11, 12, 16, 17, 18, 19]]
[[6,10,15,22,26,67],[0, 3, 6, 7, 9, 10, 11, 12, 16, 17, 18, 19]]
